CUSTOMER_ID,DUE_DATE_KEY,ORDER_DATE_KEY,ORDER_NUMBER,Sum of PRICE,PRODUCT_KEY,Sum of QUANTITY,Sum of SALES,SHIP_DATE_KEY
11000,73b2264d673ee7b5b2e7e165020516ac,4ceff7612cfa4420892fe23b23ca9265,SO57418,2384,BK-T79U-46,1,2384,8d71482745a6a1be4fbbc5562ade4657
11000,73b2264d673ee7b5b2e7e165020516ac,4ceff7612cfa4420892fe23b23ca9265,SO57418,105,HL-U509-R,3,105,8d71482745a6a1be4fbbc5562ade4657
11000,73b2264d673ee7b5b2e7e165020516ac,4ceff7612cfa4420892fe23b23ca9265,SO57418,54,SJ-0194-S,1,54,8d71482745a6a1be4fbbc5562ade4657
11000,73b2264d673ee7b5b2e7e165020516ac,4ceff7612cfa4420892fe23b23ca9265,SO57418,29,TI-T723,1,29,8d71482745a6a1be4fbbc5562ade4657
11000,73b2264d673ee7b5b2e7e165020516ac,4ceff7612cfa4420892fe23b23ca9265,SO57418,5,TT-T092,1,5,8d71482745a6a1be4fbbc5562ade4657
11000,74f564dd4fda69d37ab2cd85932679fc,8f50e1ce468e1998aca6615f10c9f044,SO43793,3400,BK-M82S-38,1,3400,9effb9136439084df69d3197f50eb040
11000,7af7abc5e37d5fa2e2334b4fec2584e2,5b07cd2a9dfb9437a07ea3012d6efbb7,SO51522,4640,BK-M68S-38,2,4640,5dddb266d8c26eece51489fe90c9f47d
11000,7af7abc5e37d5fa2e2334b4fec2584e2,5b07cd2a9dfb9437a07ea3012d6efbb7,SO51522,22,FE-6654,1,22,5dddb266d8c26eece51489fe90c9f47d
11001,20b5e9ce0f87defd975a322149ec8cc6,9bbc713be22755b8ea8e3b596e06edd2,SO51493,10,BC-M005,1,10,679eed5d77e30211eb990c0c13145df3
11001,20b5e9ce0f87defd975a322149ec8cc6,9bbc713be22755b8ea8e3b596e06edd2,SO51493,4640,BK-M68S-38,2,4640,679eed5d77e30211eb990c0c13145df3
11001,20b5e9ce0f87defd975a322149ec8cc6,9bbc713be22755b8ea8e3b596e06edd2,SO51493,27,CA-1098,3,27,679eed5d77e30211eb990c0c13145df3
11001,20b5e9ce0f87defd975a322149ec8cc6,9bbc713be22755b8ea8e3b596e06edd2,SO51493,22,FE-6654,1,22,679eed5d77e30211eb990c0c13145df3
11001,20b5e9ce0f87defd975a322149ec8cc6,9bbc713be22755b8ea8e3b596e06edd2,SO51493,54,SJ-0194-X,1,54,679eed5d77e30211eb990c0c13145df3
11001,20b5e9ce0f87defd975a322149ec8cc6,9bbc713be22755b8ea8e3b596e06edd2,SO51493,5,WB-H098,1,5,679eed5d77e30211eb990c0c13145df3
11001,9592b44e2c3f304a9875f45537bec6eb,a9cd7a99d71cca9cb644010050374ade,SO72773,9,BC-R205,1,9,b2ce0ef2540789e8a6976165b6c917d8
11001,9592b44e2c3f304a9875f45537bec6eb,a9cd7a99d71cca9cb644010050374ade,SO72773,540,BK-R19B-44,1,540,b2ce0ef2540789e8a6976165b6c917d8
11001,9592b44e2c3f304a9875f45537bec6eb,a9cd7a99d71cca9cb644010050374ade,SO72773,105,HL-U509,3,105,b2ce0ef2540789e8a6976165b6c917d8
11001,9592b44e2c3f304a9875f45537bec6eb,a9cd7a99d71cca9cb644010050374ade,SO72773,5,WB-H098,1,5,b2ce0ef2540789e8a6976165b6c917d8
11001,c9c758d55bdf03ac0820bdda8c88e7f9,14353ec5f8684711ecb09fb3893b126c,SO43767,3375,BK-M82B-44,1,3375,8a35f63c875d260642a69f75d4eee5b8
11002,070e7bb8852d69e16952038e5532904f,2b53375239b19c31e4947cc1033443c0,SO51238,4590,BK-M68B-38,2,4590,e5cdc2e9be5ecca55f34ea2ebabb8670
11002,714597fe9448176d17876617114a65bc,d6ec5bff1a0809822c740ce35792fa7a,SO53237,2384,BK-T79Y-46,1,2384,3143ce3c6436ed5bd25398756b7b661d
11002,714597fe9448176d17876617114a65bc,d6ec5bff1a0809822c740ce35792fa7a,SO53237,105,HL-U509-B,3,105,3143ce3c6436ed5bd25398756b7b661d
11002,8f50e1ce468e1998aca6615f10c9f044,9f3fe36539fdc61fea0c91c4694fd369,SO43736,3400,BK-M82S-44,1,3400,4f0012e973c89ab113494955e064e478
11003,02ad1a5ca18e58629b8c1d6a6401d071,8d71482745a6a1be4fbbc5562ade4657,SO57783,2384,BK-T79Y-60,1,2384,a976f17830aceaaa93d5daef0bc209a3
11003,02ad1a5ca18e58629b8c1d6a6401d071,8d71482745a6a1be4fbbc5562ade4657,SO57783,2,PK-7098,1,2,a976f17830aceaaa93d5daef0bc209a3
11003,02ad1a5ca18e58629b8c1d6a6401d071,8d71482745a6a1be4fbbc5562ade4657,SO57783,29,TI-T723,1,29,a976f17830aceaaa93d5daef0bc209a3
11003,02ad1a5ca18e58629b8c1d6a6401d071,8d71482745a6a1be4fbbc5562ade4657,SO57783,5,TT-T092,1,5,a976f17830aceaaa93d5daef0bc209a3
11003,3500da16b6d3d0da611bc08c2b1e1c05,5f827524a01a15af1043fdb581ce224b,SO51315,10,BC-M005,1,10,070e7bb8852d69e16952038e5532904f
11003,3500da16b6d3d0da611bc08c2b1e1c05,5f827524a01a15af1043fdb581ce224b,SO51315,4590,BK-M68B-42,2,4590,070e7bb8852d69e16952038e5532904f
11003,3500da16b6d3d0da611bc08c2b1e1c05,5f827524a01a15af1043fdb581ce224b,SO51315,27,CA-1098,3,27,070e7bb8852d69e16952038e5532904f
11003,3500da16b6d3d0da611bc08c2b1e1c05,5f827524a01a15af1043fdb581ce224b,SO51315,5,WB-H098,1,5,070e7bb8852d69e16952038e5532904f
11003,7de904cde4fa8a64f25573759fca404f,68f72058f9defc103693c22af71e0035,SO43701,3400,BK-M82S-44,1,3400,17044eafedd2e32a8a67b6b194bb83d3
11004,70ad7386c1fe794c57fa3908ff22435d,bc58efba5e800fb688b34bfde89c24bf,SO51595,4640,BK-M68S-42,2,4640,b2e85aa5f9c095607e638c7e6e2c694b
11004,70ad7386c1fe794c57fa3908ff22435d,bc58efba5e800fb688b34bfde89c24bf,SO51595,22,FE-6654,1,22,b2e85aa5f9c095607e638c7e6e2c694b
11004,70ad7386c1fe794c57fa3908ff22435d,bc58efba5e800fb688b34bfde89c24bf,SO51595,105,HL-U509-R,3,105,b2e85aa5f9c095607e638c7e6e2c694b
11004,87553261d36dba5a0bbb0f1d4027c7b7,c694f825bbbc9515aa53a3169d7ebce9,SO43810,3400,BK-M82S-42,1,3400,e1177aa92fd6f143803910e5ee60d40a
11004,ab4946738415af86b5e3cee69b13301f,ed268f8f3837888893f896b7240f1254,SO57293,2384,BK-T79Y-50,1,2384,fde67888c64f701b59876ec559099b3e
11004,ab4946738415af86b5e3cee69b13301f,ed268f8f3837888893f896b7240f1254,SO57293,105,HL-U509,3,105,fde67888c64f701b59876ec559099b3e
11005,1d0cd3f4d344a14526f6b36b1240748e,d52ca0bab7dda5183154411910401691,SO43704,3375,BK-M82B-48,1,3375,20c1dd9f3b9a28a0588112859bcaf3dd
11005,375bde15092f45652b6398c1dff650d0,830e779850b1d58733a7ad711bf6b83f,SO57361,2384,BK-T79Y-50,1,2384,a8ef76a01442567fb64eb6f4408a9835
11005,eedd9be5500334505ed9d4aef801ac3d,679eed5d77e30211eb990c0c13145df3,SO51612,4640,BK-M68S-42,2,4640,7af7abc5e37d5fa2e2334b4fec2584e2
11005,eedd9be5500334505ed9d4aef801ac3d,679eed5d77e30211eb990c0c13145df3,SO51612,2,PK-7098,1,2,7af7abc5e37d5fa2e2334b4fec2584e2
11005,eedd9be5500334505ed9d4aef801ac3d,679eed5d77e30211eb990c0c13145df3,SO51612,35,TI-M823,1,35,7af7abc5e37d5fa2e2334b4fec2584e2
11005,eedd9be5500334505ed9d4aef801ac3d,679eed5d77e30211eb990c0c13145df3,SO51612,5,TT-M928,1,5,7af7abc5e37d5fa2e2334b4fec2584e2
11006,acc20902004de8acdd3eee04bfe5f91a,048405fe051586c63978bfe6b3a8b733,SO51198,10,BC-M005,1,10,5f827524a01a15af1043fdb581ce224b
11006,acc20902004de8acdd3eee04bfe5f91a,048405fe051586c63978bfe6b3a8b733,SO51198,4640,BK-M68S-46,2,4640,5f827524a01a15af1043fdb581ce224b
11006,acc20902004de8acdd3eee04bfe5f91a,048405fe051586c63978bfe6b3a8b733,SO51198,5,WB-H098,1,5,5f827524a01a15af1043fdb581ce224b
11006,b0b2c17e5682f78d8fc262463fd0a4f3,375bde15092f45652b6398c1dff650d0,SO58007,2384,BK-T79Y-50,1,2384,5e1b952a22eccca86f7f056a9efb42a4
11006,cd9e79fd7a43f48acc7de09fefb697d8,f5a02f7bc48083e48175f972314af8be,SO43819,3400,BK-M82S-44,1,3400,74f564dd4fda69d37ab2cd85932679fc
11007,1f50dad3f1493a5cf408c4eb3987479e,226d694fb4b7f71d62444f9528be8704,SO54705,2384,BK-T79Y-60,1,2384,9c56075241a26f6fa77eb86b15411c6e
11007,1f50dad3f1493a5cf408c4eb3987479e,226d694fb4b7f71d62444f9528be8704,SO54705,105,HL-U509-R,3,105,9c56075241a26f6fa77eb86b15411c6e
11007,5fe5d9c2e4271c97cde82ca667158d56,5d86cf50673484650827265c9f4ddfb2,SO43743,3400,BK-M82S-48,1,3400,8b2e1fff3ce3e2505a49fe7473894072
11007,e2f7ff887646789ea003d03bc2025325,0990769bd233255d308a2f2137e95214,SO51581,4590,BK-M68B-42,2,4590,20b5e9ce0f87defd975a322149ec8cc6
11007,e2f7ff887646789ea003d03bc2025325,0990769bd233255d308a2f2137e95214,SO51581,22,FE-6654,1,22,20b5e9ce0f87defd975a322149ec8cc6
11007,e2f7ff887646789ea003d03bc2025325,0990769bd233255d308a2f2137e95214,SO51581,105,HL-U509-B,3,105,20b5e9ce0f87defd975a322149ec8cc6
11007,e2f7ff887646789ea003d03bc2025325,0990769bd233255d308a2f2137e95214,SO51581,35,TI-M823,1,35,20b5e9ce0f87defd975a322149ec8cc6
11007,e2f7ff887646789ea003d03bc2025325,0990769bd233255d308a2f2137e95214,SO51581,5,TT-M928,1,5,20b5e9ce0f87defd975a322149ec8cc6
11008,0215d13a3368541a5d2965db89d41de3,fdf68f0ae4edf12f9c0572d684f6fb6b,SO43826,3375,BK-M82B-38,1,3375,b47e9c83e7be8d53bdb2baa76353f95d
11008,07713adfd12a8cd9d376671631f3bc02,93963041729da5d8213c536f91ed9402,SO51282,10,BC-M005,1,10,acc20902004de8acdd3eee04bfe5f91a
11008,07713adfd12a8cd9d376671631f3bc02,93963041729da5d8213c536f91ed9402,SO51282,4590,BK-M68B-42,2,4590,acc20902004de8acdd3eee04bfe5f91a
11008,07713adfd12a8cd9d376671631f3bc02,93963041729da5d8213c536f91ed9402,SO51282,2,PK-7098,1,2,acc20902004de8acdd3eee04bfe5f91a
11008,07713adfd12a8cd9d376671631f3bc02,93963041729da5d8213c536f91ed9402,SO51282,5,WB-H098,1,5,acc20902004de8acdd3eee04bfe5f91a
11008,9444f850ff0c10a862b4a6a9c4ab0a74,3143ce3c6436ed5bd25398756b7b661d,SO53765,2384,BK-T79Y-46,1,2384,76e3c19dbb0dadc4c6dc771d856e4676
11008,9444f850ff0c10a862b4a6a9c4ab0a74,3143ce3c6436ed5bd25398756b7b661d,SO53765,105,HL-U509-R,3,105,76e3c19dbb0dadc4c6dc771d856e4676
11009,052bef40cf5de65502f816e08746e64c,c9c758d55bdf03ac0820bdda8c88e7f9,SO43837,3375,BK-M82B-44,1,3375,63deedb09952ba4161e5d9ab30ea4d41
11009,20b851db79828c985958154243411278,96a3262695f10a59b726f3dfd4782c4d,SO51562,4590,BK-M68B-38,2,4590,a7cb0a760406e2013c8442a429fed0ae
11009,20b851db79828c985958154243411278,96a3262695f10a59b726f3dfd4782c4d,SO51562,2,PK-7098,1,2,a7cb0a760406e2013c8442a429fed0ae
11009,5e1b952a22eccca86f7f056a9efb42a4,a8ef76a01442567fb64eb6f4408a9835,SO57736,2384,BK-T79U-54,1,2384,40883861f6e25a2e09e848a7891f4f38
11009,5e1b952a22eccca86f7f056a9efb42a4,a8ef76a01442567fb64eb6f4408a9835,SO57736,105,HL-U509,3,105,40883861f6e25a2e09e848a7891f4f38
11010,679eed5d77e30211eb990c0c13145df3,78cee6501c10922e466c02f814c8627b,SO51421,4590,BK-M68B-42,2,4590,5b07cd2a9dfb9437a07ea3012d6efbb7
11010,6eaadc1181f307997dc853d9ed40db36,0814775cfc25da756a9b4197347ab771,SO58533,2384,BK-T79U-54,1,2384,4dbf892d41ae205f6e36838031cff786
11010,6eaadc1181f307997dc853d9ed40db36,0814775cfc25da756a9b4197347ab771,SO58533,27,CA-1098,3,27,4dbf892d41ae205f6e36838031cff786
11010,9effb9136439084df69d3197f50eb040,4f0012e973c89ab113494955e064e478,SO43765,3400,BK-M82S-44,1,3400,5fe5d9c2e4271c97cde82ca667158d56
11011,1d0cd3f4d344a14526f6b36b1240748e,d52ca0bab7dda5183154411910401691,SO43705,3400,BK-M82S-38,1,3400,20c1dd9f3b9a28a0588112859bcaf3dd
11011,1f50dad3f1493a5cf408c4eb3987479e,226d694fb4b7f71d62444f9528be8704,SO54706,2384,BK-T79U-50,1,2384,9c56075241a26f6fa77eb86b15411c6e
11011,1f50dad3f1493a5cf408c4eb3987479e,226d694fb4b7f71d62444f9528be8704,SO54706,54,SJ-0194-M,1,54,9c56075241a26f6fa77eb86b15411c6e
11011,bee2b842cd357511cf4c8e509f5af192,5dddb266d8c26eece51489fe90c9f47d,SO51650,4590,BK-M68B-42,2,4590,20b851db79828c985958154243411278
11012,0c8ff735cb2b05718573c08173335fd4,1685ca8ff12ea83725a1c35e1d89c5cd,SO54508,105,HL-U509,3,105,b8d9d66529b0a1e91f6137abcdd065dd
11012,0c8ff735cb2b05718573c08173335fd4,1685ca8ff12ea83725a1c35e1d89c5cd,SO54508,35,TI-M823,1,35,b8d9d66529b0a1e91f6137abcdd065dd
11012,0c8ff735cb2b05718573c08173335fd4,1685ca8ff12ea83725a1c35e1d89c5cd,SO54508,5,TT-M928,1,5,b8d9d66529b0a1e91f6137abcdd065dd
11012,c135545cc3f3a739132ffdbc8096f3d4,36ab6f1df21f3c9a169c8942e981959a,SO68413,2,PK-7098,1,2,511572e8a25e86c2f48ae9e6d73a1e6a
11012,c135545cc3f3a739132ffdbc8096f3d4,36ab6f1df21f3c9a169c8942e981959a,SO68413,4,TT-R982,1,4,511572e8a25e86c2f48ae9e6d73a1e6a
11013,838eec1f117f2cab9e9c306f7efbff28,13b7c2277967bc61802018c764b5b2a0,SO74908,105,HL-U509-B,3,105,9a027fc72b503940a96d5137762a263e
11013,838eec1f117f2cab9e9c306f7efbff28,13b7c2277967bc61802018c764b5b2a0,SO74908,35,TI-M823,1,35,9a027fc72b503940a96d5137762a263e
11013,838eec1f117f2cab9e9c306f7efbff28,13b7c2277967bc61802018c764b5b2a0,SO74908,5,TT-M928,1,5,9a027fc72b503940a96d5137762a263e
11013,a2c49941411089cb2a9cbf78cb803c26,73a69a5c77a7d23172e54d7ce07a638e,SO56137,105,HL-U509,3,105,39fe373cdcb4534addde73890415b660
11013,a2c49941411089cb2a9cbf78cb803c26,73a69a5c77a7d23172e54d7ce07a638e,SO56137,4,TT-R982,1,4,39fe373cdcb4534addde73890415b660
11014,0e23f371129aecc6b2033620b226f8d7,fda052162862bb845297063fd71a580c,SO57222,48,GL-H102-M,2,48,40ff348468b73116a7077c246985e0bf
11014,0e23f371129aecc6b2033620b226f8d7,fda052162862bb845297063fd71a580c,SO57222,105,HL-U509,3,105,40ff348468b73116a7077c246985e0bf
11014,0e23f371129aecc6b2033620b226f8d7,fda052162862bb845297063fd71a580c,SO57222,35,TI-M823,1,35,40ff348468b73116a7077c246985e0bf
11014,0e23f371129aecc6b2033620b226f8d7,fda052162862bb845297063fd71a580c,SO57222,5,TT-M928,1,5,40ff348468b73116a7077c246985e0bf
11014,fef3080ec197edd1a04bb18afd31d16d,b8d9d66529b0a1e91f6137abcdd065dd,SO54898,105,HL-U509,3,105,4310d0d92131e34ff2716d85e1953174
11014,fef3080ec197edd1a04bb18afd31d16d,b8d9d66529b0a1e91f6137abcdd065dd,SO54898,4,TT-R982,1,4,4310d0d92131e34ff2716d85e1953174
11015,7af7abc5e37d5fa2e2334b4fec2584e2,5b07cd2a9dfb9437a07ea3012d6efbb7,SO51520,4640,BK-M68S-38,2,4640,5dddb266d8c26eece51489fe90c9f47d
11015,7af7abc5e37d5fa2e2334b4fec2584e2,5b07cd2a9dfb9437a07ea3012d6efbb7,SO51520,22,FE-6654,1,22,5dddb266d8c26eece51489fe90c9f47d
11015,7af7abc5e37d5fa2e2334b4fec2584e2,5b07cd2a9dfb9437a07ea3012d6efbb7,SO51520,159,ST-1401,1,159,5dddb266d8c26eece51489fe90c9f47d
11016,0dc34ca2aaa8612cde077f1880b78b25,361e2c62255e0c1887ac2139911ca300,SO52512,4590,BK-M68B-46,2,4590,7f026edc73bd4602381834e9b850d6c2
11016,0dc34ca2aaa8612cde077f1880b78b25,361e2c62255e0c1887ac2139911ca300,SO52512,2,PK-7098,1,2,7f026edc73bd4602381834e9b850d6c2
11016,0dc34ca2aaa8612cde077f1880b78b25,361e2c62255e0c1887ac2139911ca300,SO52512,35,TI-M823,1,35,7f026edc73bd4602381834e9b850d6c2
11017,4ef92eb2724526d42848579d94bf7748,6ccfb4540d439b07eef79e9ec663aeee,SO51256,4590,BK-M68B-46,2,4590,4c198b2e79c53a9853bfbc76e8e8ae1e
11017,4ef92eb2724526d42848579d94bf7748,6ccfb4540d439b07eef79e9ec663aeee,SO51256,22,FE-6654,1,22,4c198b2e79c53a9853bfbc76e8e8ae1e
11017,f5a02f7bc48083e48175f972314af8be,54867044168b33be2be2e9550aae73b6,SO43757,3375,BK-M82B-44,1,3375,8f50e1ce468e1998aca6615f10c9f044
11017,fe1fd19c021e78ec395980c2e347865e,16e364d19895243407b256ec272d5394,SO68396,742,BK-T18Y-50,1,742,63efdd3324df66c9965bd622cdebe06a
11018,07b38747fb1cdad01d7ff97006ca5ccb,512b6608a6cfdf1555c0fafeb6022830,SO43778,3400,BK-M82S-42,1,3400,f5a02f7bc48083e48175f972314af8be
11018,20b5e9ce0f87defd975a322149ec8cc6,9bbc713be22755b8ea8e3b596e06edd2,SO51492,4640,BK-M68S-38,2,4640,679eed5d77e30211eb990c0c13145df3
11018,20b5e9ce0f87defd975a322149ec8cc6,9bbc713be22755b8ea8e3b596e06edd2,SO51492,22,FE-6654,1,22,679eed5d77e30211eb990c0c13145df3
11018,3fe686907939d07097f6c87f08025422,8eb7a1b0dba9fdd5f4248b9cb6b9119b,SO69087,9,BC-R205,1,9,e5114f65ece65e14e7b721dab1e674e0
11018,3fe686907939d07097f6c87f08025422,8eb7a1b0dba9fdd5f4248b9cb6b9119b,SO69087,742,BK-T18Y-50,1,742,e5114f65ece65e14e7b721dab1e674e0
11018,3fe686907939d07097f6c87f08025422,8eb7a1b0dba9fdd5f4248b9cb6b9119b,SO69087,105,HL-U509-B,3,105,e5114f65ece65e14e7b721dab1e674e0
11018,3fe686907939d07097f6c87f08025422,8eb7a1b0dba9fdd5f4248b9cb6b9119b,SO69087,5,WB-H098,1,5,e5114f65ece65e14e7b721dab1e674e0
11019,072bf847aeeee970f66483e596496cd9,cfceb7490eff6e660974507be7c579c6,SO52626,9,SO-R809-L,1,9,dca79d69a6b38e95c4b03bfab997796c
11019,072bf847aeeee970f66483e596496cd9,cfceb7490eff6e660974507be7c579c6,SO52626,25,TI-R628,1,25,dca79d69a6b38e95c4b03bfab997796c
11019,072bf847aeeee970f66483e596496cd9,cfceb7490eff6e660974507be7c579c6,SO52626,4,TT-R982,1,4,dca79d69a6b38e95c4b03bfab997796c
11019,0d3057f268050d468f468434f8ec809a,fd5ba6fdeb81e07b2caf0b103489bd8d,SO71963,48,GL-H102-S,2,48,921bc92a493b53f98f24e6a8a12801be
11019,0d3057f268050d468f468434f8ec809a,fd5ba6fdeb81e07b2caf0b103489bd8d,SO71963,150,LJ-0192-S,3,150,921bc92a493b53f98f24e6a8a12801be
11019,1685ca8ff12ea83725a1c35e1d89c5cd,15699e35c72c4036c71409f3f3d69528,SO53834,54,SJ-0194-X,1,54,6d44506d59926d8d13d35f75d97f2a64
11019,290499d9b8e65db426ba9b842714eb6d,606ed413481267c98754e3351f662859,SO62659,2,PK-7098,1,2,d1024973c3d10f08cb9fa1736e6ed8b7
11019,290499d9b8e65db426ba9b842714eb6d,606ed413481267c98754e3351f662859,SO62659,35,TI-M823,1,35,d1024973c3d10f08cb9fa1736e6ed8b7
11019,2fb09097185e604aaadbfde958fd6262,a1e59736d286765313b8212467dc64b2,SO74593,48,GL-H102-L,2,48,88d8e3ff674b1514a19b24621707f0d9
11019,2fb09097185e604aaadbfde958fd6262,a1e59736d286765313b8212467dc64b2,SO74593,105,HL-U509-B,3,105,88d8e3ff674b1514a19b24621707f0d9
11019,2fb09097185e604aaadbfde958fd6262,a1e59736d286765313b8212467dc64b2,SO74593,5,TT-T092,1,5,88d8e3ff674b1514a19b24621707f0d9
11019,478ecc8cdaa127c33884d9f6c72c2cd5,3fbd0407b55d3a3da21388a2ddbf881c,SO58600,120,RA-H123,1,120,174acf6ca4e9804d47a59a499422e621
11019,478ecc8cdaa127c33884d9f6c72c2cd5,3fbd0407b55d3a3da21388a2ddbf881c,SO58600,25,TI-R628,1,25,174acf6ca4e9804d47a59a499422e621
11019,478ecc8cdaa127c33884d9f6c72c2cd5,3fbd0407b55d3a3da21388a2ddbf881c,SO58600,4,TT-R982,1,4,174acf6ca4e9804d47a59a499422e621
11019,54d3ba66c5e71d3112695b882ca2030e,e4b40b4ba619c72ec5a69caad258d393,SO74561,120,RA-H123,1,120,40eee601514259a9632d510ca71226cc
11019,5abaefcc8525a8f4cfd95cba9e926532,fde67888c64f701b59876ec559099b3e,SO57639,2,PK-7098,1,2,73b2264d673ee7b5b2e7e165020516ac
11019,5abaefcc8525a8f4cfd95cba9e926532,fde67888c64f701b59876ec559099b3e,SO57639,5,TT-T092,1,5,73b2264d673ee7b5b2e7e165020516ac
11019,66e56e10b0f528b66a45e307ecdf4774,691ad1b0dca3643b923973defd014d47,SO68563,2,PK-7098,1,2,8eb7a1b0dba9fdd5f4248b9cb6b9119b
11019,66e56e10b0f528b66a45e307ecdf4774,691ad1b0dca3643b923973defd014d47,SO68563,30,TI-M602,1,30,8eb7a1b0dba9fdd5f4248b9cb6b9119b
11019,66e56e10b0f528b66a45e307ecdf4774,691ad1b0dca3643b923973defd014d47,SO68563,5,TT-M928,1,5,8eb7a1b0dba9fdd5f4248b9cb6b9119b
11019,6ef7b4bb93d4e54234cf965ed2334682,ccf89c691dabb1412404274596922d90,SO65967,25,TI-M267,1,25,93ddc10d6cf61153011df052aa76671f
11019,7299e51cfc0d5174743a6701a8a96488,56d78836c9cf0de136c4d2d37aba2280,SO64737,2,PK-7098,1,2,58f0b42da53adeeccbfa693883fea672
11019,83d1ed00595e79ee5ea3797e97970fe8,fe1fd19c021e78ec395980c2e347865e,SO69177,105,HL-U509-R,3,105,705fa39ab40831529471c768490339ab
11019,8d71482745a6a1be4fbbc5562ade4657,089c2a426c196c5ca5facb20896c90bb,SO56910,9,BC-R205,1,9,d9f7611cf8d29b48a1d3d8fddb8c5b2e
11019,9592b44e2c3f304a9875f45537bec6eb,a9cd7a99d71cca9cb644010050374ade,SO72747,70,SH-W890-M,1,70,b2ce0ef2540789e8a6976165b6c917d8
11019,9592b44e2c3f304a9875f45537bec6eb,a9cd7a99d71cca9cb644010050374ade,SO72747,54,SJ-0194-X,1,54,b2ce0ef2540789e8a6976165b6c917d8
11019,cd15e5f80ff20dd345bfaa51400dd0d6,3a2f313512bb520c43971e54ba834dec,SO66658,2,PK-7098,1,2,4efe8b2ca156042f8a3d8dd6aba54520
11019,cd15e5f80ff20dd345bfaa51400dd0d6,3a2f313512bb520c43971e54ba834dec,SO66658,21,TI-R092,1,21,4efe8b2ca156042f8a3d8dd6aba54520
11019,d3c54b4368c62c2ff11535bf2b677170,41464bd548f06ca845208f69df30ac82,SO54332,105,HL-U509-B,3,105,da9c4ba6c9a1ae8725389bfd38b5763a
11019,d3c54b4368c62c2ff11535bf2b677170,41464bd548f06ca845208f69df30ac82,SO54332,9,SO-R809-L,1,9,da9c4ba6c9a1ae8725389bfd38b5763a
11019,d3c54b4368c62c2ff11535bf2b677170,41464bd548f06ca845208f69df30ac82,SO54332,4,TT-R982,1,4,da9c4ba6c9a1ae8725389bfd38b5763a
11019,dcf73f840a50da0145f24e8e0169dc4b,2797a91b25bc2aa85124c99bc574dc83,SO72015,29,TI-T723,1,29,d5985f40495ba672dff8a99620b879c8
11019,dcf73f840a50da0145f24e8e0169dc4b,2797a91b25bc2aa85124c99bc574dc83,SO72015,5,TT-T092,1,5,d5985f40495ba672dff8a99620b879c8
11020,acc20902004de8acdd3eee04bfe5f91a,048405fe051586c63978bfe6b3a8b733,SO51193,4590,BK-M68B-46,2,4590,5f827524a01a15af1043fdb581ce224b
11020,acc20902004de8acdd3eee04bfe5f91a,048405fe051586c63978bfe6b3a8b733,SO51193,22,FE-6654,1,22,5f827524a01a15af1043fdb581ce224b
11021,eedd9be5500334505ed9d4aef801ac3d,679eed5d77e30211eb990c0c13145df3,SO51610,4590,BK-M68B-46,2,4590,7af7abc5e37d5fa2e2334b4fec2584e2
11021,eedd9be5500334505ed9d4aef801ac3d,679eed5d77e30211eb990c0c13145df3,SO51610,22,FE-6654,1,22,7af7abc5e37d5fa2e2334b4fec2584e2
11021,eedd9be5500334505ed9d4aef801ac3d,679eed5d77e30211eb990c0c13145df3,SO51610,55,HY-1023-70,1,55,7af7abc5e37d5fa2e2334b4fec2584e2
11022,20b851db79828c985958154243411278,96a3262695f10a59b726f3dfd4782c4d,SO51556,4640,BK-M68S-38,2,4640,a7cb0a760406e2013c8442a429fed0ae
11022,20b851db79828c985958154243411278,96a3262695f10a59b726f3dfd4782c4d,SO51556,2,PK-7098,1,2,a7cb0a760406e2013c8442a429fed0ae
11023,15aceb75d86814cb479f1b1a9487c3d4,f799d104dd23bb828dcdaaefc4d25b61,SO52912,22,FE-6654,1,22,072bf847aeeee970f66483e596496cd9
11023,15aceb75d86814cb479f1b1a9487c3d4,f799d104dd23bb828dcdaaefc4d25b61,SO52912,54,SJ-0194-L,1,54,072bf847aeeee970f66483e596496cd9
11023,15aceb75d86814cb479f1b1a9487c3d4,f799d104dd23bb828dcdaaefc4d25b61,SO52912,35,TI-M823,1,35,072bf847aeeee970f66483e596496cd9
11023,15aceb75d86814cb479f1b1a9487c3d4,f799d104dd23bb828dcdaaefc4d25b61,SO52912,5,TT-M928,1,5,072bf847aeeee970f66483e596496cd9
11023,56e52500a7f5ab963646137a401683cd,df09a3a727ac0f29208c5ef3bf7625e6,SO74658,2,PK-7098,1,2,13b7c2277967bc61802018c764b5b2a0
11023,56e52500a7f5ab963646137a401683cd,df09a3a727ac0f29208c5ef3bf7625e6,SO74658,4,TT-R982,1,4,13b7c2277967bc61802018c764b5b2a0
11024,0383d48e76cd8a3dfb9e2a890f2cac18,d6fb379288416774d139632beb88e26b,SO60998,2,PK-7098,1,2,883b9b4170853b321c03290f64ba199f
11024,0383d48e76cd8a3dfb9e2a890f2cac18,d6fb379288416774d139632beb88e26b,SO60998,35,TI-M823,1,35,883b9b4170853b321c03290f64ba199f
11024,0383d48e76cd8a3dfb9e2a890f2cac18,d6fb379288416774d139632beb88e26b,SO60998,5,TT-M928,1,5,883b9b4170853b321c03290f64ba199f
11024,b210069485754303767745919c328b97,305c66634c155cab2b5cc3ce00351eb1,SO62830,8,CL-9009,1,8,5efefff01843f5aa3f7d8a4d44b4bf2e
11024,b210069485754303767745919c328b97,305c66634c155cab2b5cc3ce00351eb1,SO62830,2,PK-7098,1,2,5efefff01843f5aa3f7d8a4d44b4bf2e
11024,b210069485754303767745919c328b97,305c66634c155cab2b5cc3ce00351eb1,SO62830,4,TT-R982,1,4,5efefff01843f5aa3f7d8a4d44b4bf2e
11025,20b851db79828c985958154243411278,96a3262695f10a59b726f3dfd4782c4d,SO51561,4640,BK-M68S-46,2,4640,a7cb0a760406e2013c8442a429fed0ae
11025,20b851db79828c985958154243411278,96a3262695f10a59b726f3dfd4782c4d,SO51561,22,FE-6654,1,22,a7cb0a760406e2013c8442a429fed0ae
11025,20b851db79828c985958154243411278,96a3262695f10a59b726f3dfd4782c4d,SO51561,64,VE-C304-M,1,64,a7cb0a760406e2013c8442a429fed0ae
11025,688f3e8d70a208f2fa540fbe4a53979e,20c1dd9f3b9a28a0588112859bcaf3dd,SO43732,3375,BK-M82B-44,1,3375,bd0ae680b4a62b8b5bdab83f032b2284
11025,962bae2fb03296a3b9cacabfa929322c,0da2bc000f1fe4ea8746f9aea0bb5879,SO69157,742,BK-T18U-54,1,742,c4369eefdf9bb8a3f9115e96b40aaf17
11025,962bae2fb03296a3b9cacabfa929322c,0da2bc000f1fe4ea8746f9aea0bb5879,SO69157,54,SJ-0194-S,1,54,c4369eefdf9bb8a3f9115e96b40aaf17
11026,41fc4cb27e0ee552c4c9247e1a476cc5,6d338b8c41c717c4336ad0084a80dca4,SO55132,4640,BK-M68S-38,2,4640,6e5c4b769f8f70f9fd01b24ba5be9695
11026,41fc4cb27e0ee552c4c9247e1a476cc5,6d338b8c41c717c4336ad0084a80dca4,SO55132,48,GL-H102-L,2,48,6e5c4b769f8f70f9fd01b24ba5be9695
11026,41fc4cb27e0ee552c4c9247e1a476cc5,6d338b8c41c717c4336ad0084a80dca4,SO55132,55,HY-1023-70,1,55,6e5c4b769f8f70f9fd01b24ba5be9695
11026,87553261d36dba5a0bbb0f1d4027c7b7,c694f825bbbc9515aa53a3169d7ebce9,SO43811,3400,BK-M82S-44,1,3400,e1177aa92fd6f143803910e5ee60d40a
11026,c135545cc3f3a739132ffdbc8096f3d4,36ab6f1df21f3c9a169c8942e981959a,SO68468,742,BK-T18U-62,1,742,511572e8a25e86c2f48ae9e6d73a1e6a
11026,c135545cc3f3a739132ffdbc8096f3d4,36ab6f1df21f3c9a169c8942e981959a,SO68468,29,TI-T723,1,29,511572e8a25e86c2f48ae9e6d73a1e6a
11026,c135545cc3f3a739132ffdbc8096f3d4,36ab6f1df21f3c9a169c8942e981959a,SO68468,5,TT-T092,1,5,511572e8a25e86c2f48ae9e6d73a1e6a
11027,3fe686907939d07097f6c87f08025422,8eb7a1b0dba9fdd5f4248b9cb6b9119b,SO69088,742,BK-T18Y-58,1,742,e5114f65ece65e14e7b721dab1e674e0
11027,3fe686907939d07097f6c87f08025422,8eb7a1b0dba9fdd5f4248b9cb6b9119b,SO69088,2,PK-7098,1,2,e5114f65ece65e14e7b721dab1e674e0
11027,3fe686907939d07097f6c87f08025422,8eb7a1b0dba9fdd5f4248b9cb6b9119b,SO69088,29,TI-T723,1,29,e5114f65ece65e14e7b721dab1e674e0
11027,3fe686907939d07097f6c87f08025422,8eb7a1b0dba9fdd5f4248b9cb6b9119b,SO69088,5,TT-T092,1,5,e5114f65ece65e14e7b721dab1e674e0
11027,6eaadc1181f307997dc853d9ed40db36,0814775cfc25da756a9b4197347ab771,SO58536,4590,BK-M68B-46,2,4590,4dbf892d41ae205f6e36838031cff786
11027,6eaadc1181f307997dc853d9ed40db36,0814775cfc25da756a9b4197347ab771,SO58536,27,CA-1098,3,27,4dbf892d41ae205f6e36838031cff786
11027,6eaadc1181f307997dc853d9ed40db36,0814775cfc25da756a9b4197347ab771,SO58536,55,HY-1023-70,1,55,4dbf892d41ae205f6e36838031cff786
11027,6eaadc1181f307997dc853d9ed40db36,0814775cfc25da756a9b4197347ab771,SO58536,54,SJ-0194-L,1,54,4dbf892d41ae205f6e36838031cff786
11027,d8b441941a26e6828acf8cdaf0d6084e,8b2e1fff3ce3e2505a49fe7473894072,SO43775,3400,BK-M82S-48,1,3400,c694f825bbbc9515aa53a3169d7ebce9
11028,3fbd0407b55d3a3da21388a2ddbf881c,ab4946738415af86b5e3cee69b13301f,SO57943,4640,BK-M68S-38,2,4640,5abaefcc8525a8f4cfd95cba9e926532
11028,3fbd0407b55d3a3da21388a2ddbf881c,ab4946738415af86b5e3cee69b13301f,SO57943,2,PK-7098,1,2,5abaefcc8525a8f4cfd95cba9e926532
11028,3fbd0407b55d3a3da21388a2ddbf881c,ab4946738415af86b5e3cee69b13301f,SO57943,35,TI-M823,1,35,5abaefcc8525a8f4cfd95cba9e926532
11028,86088cdbc16fb0d5afd262a9b229fed2,9effb9136439084df69d3197f50eb040,SO43831,3375,BK-M82B-42,1,3375,b6bbe024fcbfd670a10e8dec3cd187f9
11028,c7390752782466cfc9a3ed7d3a79e046,0001ffe4d82d0d8f9fec5ab0b4faa2db,SO67961,742,BK-T18Y-50,1,742,16e364d19895243407b256ec272d5394
11029,74f564dd4fda69d37ab2cd85932679fc,8f50e1ce468e1998aca6615f10c9f044,SO43794,3400,BK-M82S-48,1,3400,9effb9136439084df69d3197f50eb040
11029,ab4946738415af86b5e3cee69b13301f,ed268f8f3837888893f896b7240f1254,SO57294,4640,BK-M68S-38,2,4640,fde67888c64f701b59876ec559099b3e
11029,ab4946738415af86b5e3cee69b13301f,ed268f8f3837888893f896b7240f1254,SO57294,105,HL-U509-B,3,105,fde67888c64f701b59876ec559099b3e
11029,ab4946738415af86b5e3cee69b13301f,ed268f8f3837888893f896b7240f1254,SO57294,54,SJ-0194-M,1,54,fde67888c64f701b59876ec559099b3e
11029,fee8e08233f3f00450bce31967abb0f1,331afa0aff1b1cfbf3d24944ab38c9d2,SO70593,9,BC-R205,1,9,86bfb8ffc7a79e52d833cedce4d275bf
11029,fee8e08233f3f00450bce31967abb0f1,331afa0aff1b1cfbf3d24944ab38c9d2,SO70593,742,BK-T18Y-50,1,742,86bfb8ffc7a79e52d833cedce4d275bf
11029,fee8e08233f3f00450bce31967abb0f1,331afa0aff1b1cfbf3d24944ab38c9d2,SO70593,5,WB-H098,1,5,86bfb8ffc7a79e52d833cedce4d275bf
11030,16918840d98f27ce45948fe73dd5592f,04dbdf67bb8714ba18c9c36d50d1f5dc,SO62739,4640,BK-M68S-42,2,4640,95103530881768b5cfc7e33970db9cd7
11030,bc711710f4e4dd1cfeafbccb182790a0,cd9e79fd7a43f48acc7de09fefb697d8,SO43956,3400,BK-M82S-38,1,3400,c5b6ac945db87cf50d20426452434c3a
11030,e84848120190a8d0e696fbeb15647a74,fff3c307c93eda1eb91d53ca588846fe,SO70449,742,BK-T18U-58,1,742,f544b472453b297a8b55709fbfd3746d
11030,e84848120190a8d0e696fbeb15647a74,fff3c307c93eda1eb91d53ca588846fe,SO70449,27,CA-1098,3,27,f544b472453b297a8b55709fbfd3746d
11031,07d38a7203ab5925667e754d788a14f6,b47e9c83e7be8d53bdb2baa76353f95d,SO43933,3400,BK-M82S-48,1,3400,052bef40cf5de65502f816e08746e64c
11031,94c60e0b5e2b0f78b919a5d4c67d70a2,0d15ba5aa4c9ad0377b26e0cf7a86280,SO62222,4640,BK-M68S-46,2,4640,9913e55755fcc4267a06c1e6adbbc7fb
11031,94c60e0b5e2b0f78b919a5d4c67d70a2,0d15ba5aa4c9ad0377b26e0cf7a86280,SO62222,2,PK-7098,1,2,9913e55755fcc4267a06c1e6adbbc7fb
11031,a9adf65abbb865184bf924d14a93d0c4,ec24e4cf9fcc90f3bbe81b2fb3735c21,SO70748,9,BC-R205,1,9,e0cd1349b4c6e1b5f14ed427e358c2d0
11031,a9adf65abbb865184bf924d14a93d0c4,ec24e4cf9fcc90f3bbe81b2fb3735c21,SO70748,742,BK-T18Y-44,1,742,e0cd1349b4c6e1b5f14ed427e358c2d0
11031,a9adf65abbb865184bf924d14a93d0c4,ec24e4cf9fcc90f3bbe81b2fb3735c21,SO70748,5,WB-H098,1,5,e0cd1349b4c6e1b5f14ed427e358c2d0
11032,13c2439a16b8e0eab906d0cd09c97dbc,595e2f03af2122e9bce5fe0fff67d39e,SO44021,3375,BK-M82B-38,1,3375,431cc1626e28e1bbd4e7b7eb7efcecec
11032,61e00b038efd34bdf9c747596273cbcf,7130adfd843cdcb6d0bcd9d13792693a,SO64042,10,BC-M005,1,10,4b5c3229e0725ef8d303f494db9faec8
11032,61e00b038efd34bdf9c747596273cbcf,7130adfd843cdcb6d0bcd9d13792693a,SO64042,4640,BK-M68S-42,2,4640,4b5c3229e0725ef8d303f494db9faec8
11032,61e00b038efd34bdf9c747596273cbcf,7130adfd843cdcb6d0bcd9d13792693a,SO64042,22,FE-6654,1,22,4b5c3229e0725ef8d303f494db9faec8
11032,61e00b038efd34bdf9c747596273cbcf,7130adfd843cdcb6d0bcd9d13792693a,SO64042,2,PK-7098,1,2,4b5c3229e0725ef8d303f494db9faec8
11032,61e00b038efd34bdf9c747596273cbcf,7130adfd843cdcb6d0bcd9d13792693a,SO64042,35,TI-M823,1,35,4b5c3229e0725ef8d303f494db9faec8
11032,61e00b038efd34bdf9c747596273cbcf,7130adfd843cdcb6d0bcd9d13792693a,SO64042,5,TT-M928,1,5,4b5c3229e0725ef8d303f494db9faec8
11032,61e00b038efd34bdf9c747596273cbcf,7130adfd843cdcb6d0bcd9d13792693a,SO64042,5,WB-H098,1,5,4b5c3229e0725ef8d303f494db9faec8
11032,e0cd1349b4c6e1b5f14ed427e358c2d0,f06fd077b6afc2d69af6e1e548da266d,SO70373,742,BK-T18Y-54,1,742,b95a9f47dd73bb9b799a31ae04ee7da1
11032,e0cd1349b4c6e1b5f14ed427e358c2d0,f06fd077b6afc2d69af6e1e548da266d,SO70373,27,CA-1098,3,27,b95a9f47dd73bb9b799a31ae04ee7da1
11033,0149f124a48640c62d90840ac5760331,4555f65c4664801d78b9f5477f89d8fd,SO63409,4640,BK-M68S-46,2,4640,870bd4f3713260418e4f342f31dc7e33
11033,0149f124a48640c62d90840ac5760331,4555f65c4664801d78b9f5477f89d8fd,SO63409,105,HL-U509-B,3,105,870bd4f3713260418e4f342f31dc7e33
11033,e871b36e68b0b3d0af9c742d81fef27a,3fe686907939d07097f6c87f08025422,SO70163,9,BC-R205,1,9,1faee5670542865e021595151379fe5c
11033,e871b36e68b0b3d0af9c742d81fef27a,3fe686907939d07097f6c87f08025422,SO70163,742,BK-T18U-44,1,742,1faee5670542865e021595151379fe5c
11033,e871b36e68b0b3d0af9c742d81fef27a,3fe686907939d07097f6c87f08025422,SO70163,27,CA-1098,3,27,1faee5670542865e021595151379fe5c
11033,e871b36e68b0b3d0af9c742d81fef27a,3fe686907939d07097f6c87f08025422,SO70163,5,WB-H098,1,5,1faee5670542865e021595151379fe5c
11033,e904395773482ff67e248aa38929654a,d7c0b05cc309d4516231ccf0d3417744,SO43998,3375,BK-M82B-38,1,3375,855bbdd661d21a89b7ae61eaea270f2c
11034,07d38a7203ab5925667e754d788a14f6,b47e9c83e7be8d53bdb2baa76353f95d,SO43934,3400,BK-M82S-44,1,3400,052bef40cf5de65502f816e08746e64c
11034,1556bafff387fc8f2f6fef64c1daa6bc,8728a5e296f39e49d2fa74c31820e99f,SO70521,742,BK-T18U-62,1,742,e871b36e68b0b3d0af9c742d81fef27a
11034,1556bafff387fc8f2f6fef64c1daa6bc,8728a5e296f39e49d2fa74c31820e99f,SO70521,54,SJ-0194-M,1,54,e871b36e68b0b3d0af9c742d81fef27a
11034,4b5c3229e0725ef8d303f494db9faec8,f46ace11e93788e473124f7be16a19d5,SO63737,4590,BK-M68B-42,2,4590,0149f124a48640c62d90840ac5760331
11035,07b7d2aed13a63a16377587dcc0abbe8,02b96ab6e0935145589be4e1408a1675,SO66140,4640,BK-M68S-38,2,4640,6866da5d40f1aad2d82129d5ffa25bda
11035,595e2f03af2122e9bce5fe0fff67d39e,0215d13a3368541a5d2965db89d41de3,SO43959,3375,BK-M82B-38,1,3375,07d38a7203ab5925667e754d788a14f6
11035,8fa3bab223bec6501ad71f96bb1067b6,b95a9f47dd73bb9b799a31ae04ee7da1,SO70870,9,BC-R205,1,9,1556bafff387fc8f2f6fef64c1daa6bc
11035,8fa3bab223bec6501ad71f96bb1067b6,b95a9f47dd73bb9b799a31ae04ee7da1,SO70870,742,BK-T18U-44,1,742,1556bafff387fc8f2f6fef64c1daa6bc
11035,8fa3bab223bec6501ad71f96bb1067b6,b95a9f47dd73bb9b799a31ae04ee7da1,SO70870,5,WB-H098,1,5,1556bafff387fc8f2f6fef64c1daa6bc
11036,70ad7386c1fe794c57fa3908ff22435d,bc58efba5e800fb688b34bfde89c24bf,SO51593,4640,BK-M68S-46,2,4640,b2e85aa5f9c095607e638c7e6e2c694b
11036,70ad7386c1fe794c57fa3908ff22435d,bc58efba5e800fb688b34bfde89c24bf,SO51593,105,HL-U509,3,105,b2e85aa5f9c095607e638c7e6e2c694b
11037,20b851db79828c985958154243411278,96a3262695f10a59b726f3dfd4782c4d,SO51555,10,BC-M005,1,10,a7cb0a760406e2013c8442a429fed0ae
11037,20b851db79828c985958154243411278,96a3262695f10a59b726f3dfd4782c4d,SO51555,4590,BK-M68B-42,2,4590,a7cb0a760406e2013c8442a429fed0ae
11037,20b851db79828c985958154243411278,96a3262695f10a59b726f3dfd4782c4d,SO51555,22,FE-6654,1,22,a7cb0a760406e2013c8442a429fed0ae
11037,20b851db79828c985958154243411278,96a3262695f10a59b726f3dfd4782c4d,SO51555,2,PK-7098,1,2,a7cb0a760406e2013c8442a429fed0ae
11037,20b851db79828c985958154243411278,96a3262695f10a59b726f3dfd4782c4d,SO51555,35,TI-M823,1,35,a7cb0a760406e2013c8442a429fed0ae
11037,20b851db79828c985958154243411278,96a3262695f10a59b726f3dfd4782c4d,SO51555,5,TT-M928,1,5,a7cb0a760406e2013c8442a429fed0ae
11037,20b851db79828c985958154243411278,96a3262695f10a59b726f3dfd4782c4d,SO51555,5,WB-H098,1,5,a7cb0a760406e2013c8442a429fed0ae
11038,17520f5649fab40fb66771362888cb90,1faee5670542865e021595151379fe5c,SO70671,742,BK-T18U-58,1,742,3f72b837978dcd042b73e7270f11a4ca
11038,8d1d4829b2e801ba4e41ba48f5a549d4,a6d37e298c3042e300813f55a17e0875,SO65549,4640,BK-M68S-42,2,4640,ccf89c691dabb1412404274596922d90
11038,ed14ee5e1bd1ca02f415796fc3f09c6a,86088cdbc16fb0d5afd262a9b229fed2,SO43965,3375,BK-M82B-48,1,3375,c0ac3608147bb8f049e395b41577e2e4
11039,4004a117f65dfd3221a9cce8fce5a45f,6ef7b4bb93d4e54234cf965ed2334682,SO66747,4640,BK-M68S-42,2,4640,0120f4004ede1143c3be6caa4227affe
11039,4004a117f65dfd3221a9cce8fce5a45f,6ef7b4bb93d4e54234cf965ed2334682,SO66747,27,CA-1098,3,27,0120f4004ede1143c3be6caa4227affe
11039,4004a117f65dfd3221a9cce8fce5a45f,6ef7b4bb93d4e54234cf965ed2334682,SO66747,2,PK-7098,1,2,0120f4004ede1143c3be6caa4227affe
11039,4004a117f65dfd3221a9cce8fce5a45f,6ef7b4bb93d4e54234cf965ed2334682,SO66747,120,RA-H123,1,120,0120f4004ede1143c3be6caa4227affe
11039,ed14ee5e1bd1ca02f415796fc3f09c6a,86088cdbc16fb0d5afd262a9b229fed2,SO43966,3400,BK-M82S-48,1,3400,c0ac3608147bb8f049e395b41577e2e4
11039,fee8e08233f3f00450bce31967abb0f1,331afa0aff1b1cfbf3d24944ab38c9d2,SO70594,742,BK-T18Y-62,1,742,86bfb8ffc7a79e52d833cedce4d275bf
11039,fee8e08233f3f00450bce31967abb0f1,331afa0aff1b1cfbf3d24944ab38c9d2,SO70594,27,CA-1098,3,27,86bfb8ffc7a79e52d833cedce4d275bf
11039,fee8e08233f3f00450bce31967abb0f1,331afa0aff1b1cfbf3d24944ab38c9d2,SO70594,29,TI-T723,1,29,86bfb8ffc7a79e52d833cedce4d275bf
11039,fee8e08233f3f00450bce31967abb0f1,331afa0aff1b1cfbf3d24944ab38c9d2,SO70594,5,TT-T092,1,5,86bfb8ffc7a79e52d833cedce4d275bf
11040,3519c8eb4095dbc69d80eb61856d3435,6e5c4b769f8f70f9fd01b24ba5be9695,SO55599,4640,BK-M68S-38,2,4640,d6ab5a0eee939524352092b964d92b84
11040,3519c8eb4095dbc69d80eb61856d3435,6e5c4b769f8f70f9fd01b24ba5be9695,SO55599,22,FE-6654,1,22,d6ab5a0eee939524352092b964d92b84
11040,3519c8eb4095dbc69d80eb61856d3435,6e5c4b769f8f70f9fd01b24ba5be9695,SO55599,9,SO-R809-M,1,9,d6ab5a0eee939524352092b964d92b84
11041,0a6c721efa4fbe33f8e9e76a63f5b591,01070cf843f2ca45e3d4ec7c02c52551,SO51460,4590,BK-M68B-38,2,4590,0990769bd233255d308a2f2137e95214
11041,0a6c721efa4fbe33f8e9e76a63f5b591,01070cf843f2ca45e3d4ec7c02c52551,SO51460,22,FE-6654,1,22,0990769bd233255d308a2f2137e95214
11041,0a6c721efa4fbe33f8e9e76a63f5b591,01070cf843f2ca45e3d4ec7c02c52551,SO51460,64,VE-C304-S,1,64,0990769bd233255d308a2f2137e95214
11042,66e56e10b0f528b66a45e307ecdf4774,691ad1b0dca3643b923973defd014d47,SO68609,742,BK-T18Y-44,1,742,8eb7a1b0dba9fdd5f4248b9cb6b9119b
11042,66e56e10b0f528b66a45e307ecdf4774,691ad1b0dca3643b923973defd014d47,SO68609,150,LJ-0192-L,3,150,8eb7a1b0dba9fdd5f4248b9cb6b9119b
11042,e2f7ff887646789ea003d03bc2025325,0990769bd233255d308a2f2137e95214,SO51577,4640,BK-M68S-42,2,4640,20b5e9ce0f87defd975a322149ec8cc6
11043,232e830f1ac667c081eaaca23cdf9b5f,4b5c3229e0725ef8d303f494db9faec8,SO64496,35,TI-M823,1,35,abe94c2111c58e9c9672602d41bce66e
11043,5abaefcc8525a8f4cfd95cba9e926532,fde67888c64f701b59876ec559099b3e,SO57638,27,CA-1098,3,27,73b2264d673ee7b5b2e7e165020516ac
11043,5abaefcc8525a8f4cfd95cba9e926532,fde67888c64f701b59876ec559099b3e,SO57638,4,TT-R982,1,4,73b2264d673ee7b5b2e7e165020516ac
11044,5b2e258a90271b858fa32867ebccdae6,85e7a76ab1d6d23e87ea418480d5ffe2,SO44073,3375,BK-M82B-48,1,3375,07074f83c23833dcaa105e1acf3c3b98
11044,e0cd1349b4c6e1b5f14ed427e358c2d0,f06fd077b6afc2d69af6e1e548da266d,SO70374,9,BC-R205,1,9,b95a9f47dd73bb9b799a31ae04ee7da1
11044,e0cd1349b4c6e1b5f14ed427e358c2d0,f06fd077b6afc2d69af6e1e548da266d,SO70374,742,BK-T18Y-62,1,742,b95a9f47dd73bb9b799a31ae04ee7da1
11044,e0cd1349b4c6e1b5f14ed427e358c2d0,f06fd077b6afc2d69af6e1e548da266d,SO70374,54,SJ-0194-L,1,54,b95a9f47dd73bb9b799a31ae04ee7da1
11044,e0cd1349b4c6e1b5f14ed427e358c2d0,f06fd077b6afc2d69af6e1e548da266d,SO70374,5,WB-H098,1,5,b95a9f47dd73bb9b799a31ae04ee7da1
11044,f544b472453b297a8b55709fbfd3746d,70951886788165a5e2439adfce4d0cce,SO70074,4590,BK-M68B-46,2,4590,331afa0aff1b1cfbf3d24944ab38c9d2
11044,f544b472453b297a8b55709fbfd3746d,70951886788165a5e2439adfce4d0cce,SO70074,35,TI-M823,1,35,331afa0aff1b1cfbf3d24944ab38c9d2
11045,629ffff971d10f275a79a70fae527fbc,d6ab5a0eee939524352092b964d92b84,SO55973,105,HL-U509-B,3,105,3c1811b546060d91957cc446aabc4a3c
11045,629ffff971d10f275a79a70fae527fbc,d6ab5a0eee939524352092b964d92b84,SO55973,25,TI-M267,1,25,3c1811b546060d91957cc446aabc4a3c
11045,629ffff971d10f275a79a70fae527fbc,d6ab5a0eee939524352092b964d92b84,SO55973,5,TT-M928,1,5,3c1811b546060d91957cc446aabc4a3c
11045,8728a5e296f39e49d2fa74c31820e99f,66e56e10b0f528b66a45e307ecdf4774,SO69572,150,LJ-0192-S,3,150,3fe686907939d07097f6c87f08025422
11046,17520f5649fab40fb66771362888cb90,1faee5670542865e021595151379fe5c,SO70651,4640,BK-M68S-38,2,4640,3f72b837978dcd042b73e7270f11a4ca
11046,17520f5649fab40fb66771362888cb90,1faee5670542865e021595151379fe5c,SO70651,120,RA-H123,1,120,3f72b837978dcd042b73e7270f11a4ca
11046,595e2f03af2122e9bce5fe0fff67d39e,0215d13a3368541a5d2965db89d41de3,SO43960,3375,BK-M82B-42,1,3375,07d38a7203ab5925667e754d788a14f6
11046,8728a5e296f39e49d2fa74c31820e99f,66e56e10b0f528b66a45e307ecdf4774,SO69653,742,BK-T18Y-58,1,742,3fe686907939d07097f6c87f08025422
11046,8728a5e296f39e49d2fa74c31820e99f,66e56e10b0f528b66a45e307ecdf4774,SO69653,48,GL-H102-M,2,48,3fe686907939d07097f6c87f08025422
11046,8728a5e296f39e49d2fa74c31820e99f,66e56e10b0f528b66a45e307ecdf4774,SO69653,105,HL-U509-R,3,105,3fe686907939d07097f6c87f08025422
11047,6a8d7e42bb852c45fbf8610361d391a0,3f72b837978dcd042b73e7270f11a4ca,SO71132,4640,BK-M68S-46,2,4640,49fce086a31f1cfcf16b54e462f7cbc0
11047,6a8d7e42bb852c45fbf8610361d391a0,3f72b837978dcd042b73e7270f11a4ca,SO71132,120,RA-H123,1,120,49fce086a31f1cfcf16b54e462f7cbc0
11047,d7c0b05cc309d4516231ccf0d3417744,63deedb09952ba4161e5d9ab30ea4d41,SO43948,3400,BK-M82S-42,1,3400,0605970f0e23f47a1e2af81a5f9bc913
11047,f544b472453b297a8b55709fbfd3746d,70951886788165a5e2439adfce4d0cce,SO70087,742,BK-T18U-62,1,742,331afa0aff1b1cfbf3d24944ab38c9d2
11048,49fce086a31f1cfcf16b54e462f7cbc0,99c8f306659fd98cbb9d7f03ec0c2a7a,SO70820,742,BK-T18U-44,1,742,e84848120190a8d0e696fbeb15647a74
11048,49fce086a31f1cfcf16b54e462f7cbc0,99c8f306659fd98cbb9d7f03ec0c2a7a,SO70820,8,CL-9009,1,8,e84848120190a8d0e696fbeb15647a74
11048,855bbdd661d21a89b7ae61eaea270f2c,0605970f0e23f47a1e2af81a5f9bc913,SO43980,3375,BK-M82B-48,1,3375,bc711710f4e4dd1cfeafbccb182790a0
11048,8babade0595c11e14dd89058a850f2cd,a048b8d5f3f9178f163e2be055f0138b,SO73924,10,BC-M005,1,10,501407dcfde5b685045ca3072168d5bb
11048,8babade0595c11e14dd89058a850f2cd,a048b8d5f3f9178f163e2be055f0138b,SO73924,4590,BK-M68B-42,2,4590,501407dcfde5b685045ca3072168d5bb
11048,8babade0595c11e14dd89058a850f2cd,a048b8d5f3f9178f163e2be055f0138b,SO73924,27,CA-1098,3,27,501407dcfde5b685045ca3072168d5bb
11048,8babade0595c11e14dd89058a850f2cd,a048b8d5f3f9178f163e2be055f0138b,SO73924,54,SJ-0194-M,1,54,501407dcfde5b685045ca3072168d5bb
11048,8babade0595c11e14dd89058a850f2cd,a048b8d5f3f9178f163e2be055f0138b,SO73924,5,WB-H098,1,5,501407dcfde5b685045ca3072168d5bb
11049,8728a5e296f39e49d2fa74c31820e99f,66e56e10b0f528b66a45e307ecdf4774,SO69583,2,PK-7098,1,2,3fe686907939d07097f6c87f08025422
11049,8728a5e296f39e49d2fa74c31820e99f,66e56e10b0f528b66a45e307ecdf4774,SO69583,4,TT-R982,1,4,3fe686907939d07097f6c87f08025422
11049,ab2e81a99745ffff6c06e2be93290d1b,76e3c19dbb0dadc4c6dc771d856e4676,SO54129,105,HL-U509-R,3,105,1685ca8ff12ea83725a1c35e1d89c5cd
11049,ab2e81a99745ffff6c06e2be93290d1b,76e3c19dbb0dadc4c6dc771d856e4676,SO54129,35,TI-M823,1,35,1685ca8ff12ea83725a1c35e1d89c5cd
11049,ab2e81a99745ffff6c06e2be93290d1b,76e3c19dbb0dadc4c6dc771d856e4676,SO54129,5,TT-M928,1,5,1685ca8ff12ea83725a1c35e1d89c5cd
11050,0c8ff735cb2b05718573c08173335fd4,1685ca8ff12ea83725a1c35e1d89c5cd,SO54526,769,BK-M38S-38,1,769,b8d9d66529b0a1e91f6137abcdd065dd
11050,0c8ff735cb2b05718573c08173335fd4,1685ca8ff12ea83725a1c35e1d89c5cd,SO54526,22,FE-6654,1,22,b8d9d66529b0a1e91f6137abcdd065dd
11050,0c8ff735cb2b05718573c08173335fd4,1685ca8ff12ea83725a1c35e1d89c5cd,SO54526,64,VE-C304-L,1,64,b8d9d66529b0a1e91f6137abcdd065dd
11050,6a8d7e42bb852c45fbf8610361d391a0,3f72b837978dcd042b73e7270f11a4ca,SO71147,742,BK-T18U-58,1,742,49fce086a31f1cfcf16b54e462f7cbc0
11050,6a8d7e42bb852c45fbf8610361d391a0,3f72b837978dcd042b73e7270f11a4ca,SO71147,105,HL-U509-B,3,105,49fce086a31f1cfcf16b54e462f7cbc0
11050,98c729ba235458f3bd79313db6be8db6,7b6f06e56a619445069388ba47da6fd8,SO44029,3375,BK-M82B-44,1,3375,e904395773482ff67e248aa38929654a
11051,982b3b4109cce5d4e5bf1fcbe0ae259b,501407dcfde5b685045ca3072168d5bb,SO74253,105,HL-U509-B,3,105,d7f57f35d2bad1349ca24a67a2635eea
11051,982b3b4109cce5d4e5bf1fcbe0ae259b,501407dcfde5b685045ca3072168d5bb,SO74253,25,TI-M267,1,25,d7f57f35d2bad1349ca24a67a2635eea
11051,982b3b4109cce5d4e5bf1fcbe0ae259b,501407dcfde5b685045ca3072168d5bb,SO74253,5,TT-M928,1,5,d7f57f35d2bad1349ca24a67a2635eea
11051,d27974ca95fd620ac92cf95bf8c1d1f2,4c6ed4daa82e7326b84c24f4c2ae7064,SO74155,27,CA-1098,3,27,3e107cd1554225ea3056ed5010adce90
11051,d27974ca95fd620ac92cf95bf8c1d1f2,4c6ed4daa82e7326b84c24f4c2ae7064,SO74155,150,LJ-0192-S,3,150,3e107cd1554225ea3056ed5010adce90
11052,640540d73b85c3ecd2e3bf5541686e87,eba6cab7267f82e3b2a063d5ea445bb9,SO58766,2384,BK-T79U-54,1,2384,d630b2db6e8046e30b4728ca862ba4e1
11052,640540d73b85c3ecd2e3bf5541686e87,eba6cab7267f82e3b2a063d5ea445bb9,SO58766,105,HL-U509-B,3,105,d630b2db6e8046e30b4728ca862ba4e1
11052,ba5216f340c430ae833596806650eed2,bc711710f4e4dd1cfeafbccb182790a0,SO44012,3375,BK-M82B-42,1,3375,22db51e448053c41a0b54d56c61806bc
11052,e2f7ff887646789ea003d03bc2025325,0990769bd233255d308a2f2137e95214,SO51582,4590,BK-M68B-46,2,4590,20b5e9ce0f87defd975a322149ec8cc6
11052,e2f7ff887646789ea003d03bc2025325,0990769bd233255d308a2f2137e95214,SO51582,2,PK-7098,1,2,20b5e9ce0f87defd975a322149ec8cc6
11052,e2f7ff887646789ea003d03bc2025325,0990769bd233255d308a2f2137e95214,SO51582,35,TI-M823,1,35,20b5e9ce0f87defd975a322149ec8cc6
11052,e2f7ff887646789ea003d03bc2025325,0990769bd233255d308a2f2137e95214,SO51582,5,TT-M928,1,5,20b5e9ce0f87defd975a322149ec8cc6
11053,b2e85aa5f9c095607e638c7e6e2c694b,3500da16b6d3d0da611bc08c2b1e1c05,SO51505,4590,BK-M68B-46,2,4590,88f50aa0771fa4f938f7b54792e066c8
11053,b2e85aa5f9c095607e638c7e6e2c694b,3500da16b6d3d0da611bc08c2b1e1c05,SO51505,105,HL-U509,3,105,88f50aa0771fa4f938f7b54792e066c8
11054,d7c0b05cc309d4516231ccf0d3417744,63deedb09952ba4161e5d9ab30ea4d41,SO43944,3400,BK-M82S-38,1,3400,0605970f0e23f47a1e2af81a5f9bc913
11054,e7df1b3ee078bdcfc260a877f321287d,4dbf892d41ae205f6e36838031cff786,SO59127,2384,BK-T79Y-60,1,2384,478ecc8cdaa127c33884d9f6c72c2cd5
11054,e7df1b3ee078bdcfc260a877f321287d,4dbf892d41ae205f6e36838031cff786,SO59127,105,HL-U509-R,3,105,478ecc8cdaa127c33884d9f6c72c2cd5
11054,e8c0bfc4371d81db0dacde1b8fa393ca,e5cdc2e9be5ecca55f34ea2ebabb8670,SO51350,4590,BK-M68B-38,2,4590,01070cf843f2ca45e3d4ec7c02c52551
11054,e8c0bfc4371d81db0dacde1b8fa393ca,e5cdc2e9be5ecca55f34ea2ebabb8670,SO51350,55,HY-1023-70,1,55,01070cf843f2ca45e3d4ec7c02c52551
11054,e8c0bfc4371d81db0dacde1b8fa393ca,e5cdc2e9be5ecca55f34ea2ebabb8670,SO51350,54,SJ-0194-S,1,54,01070cf843f2ca45e3d4ec7c02c52551
11055,5072507e949a2c25948a591c4da194e1,a189cc17a15cdb4e39e80dfcd8374c76,SO59695,9,BC-R205,1,9,ad0b7f5ad35732646f1e5f67418d5995
11055,5072507e949a2c25948a591c4da194e1,a189cc17a15cdb4e39e80dfcd8374c76,SO59695,2384,BK-T79Y-50,1,2384,ad0b7f5ad35732646f1e5f67418d5995
11055,5072507e949a2c25948a591c4da194e1,a189cc17a15cdb4e39e80dfcd8374c76,SO59695,5,WB-H098,1,5,ad0b7f5ad35732646f1e5f67418d5995
11055,7f026edc73bd4602381834e9b850d6c2,eedd9be5500334505ed9d4aef801ac3d,SO52271,4640,BK-M68S-38,2,4640,db2b287636ac5ebda430de4f3f643b24
11055,7f026edc73bd4602381834e9b850d6c2,eedd9be5500334505ed9d4aef801ac3d,SO52271,105,HL-U509,3,105,db2b287636ac5ebda430de4f3f643b24
11055,7f026edc73bd4602381834e9b850d6c2,eedd9be5500334505ed9d4aef801ac3d,SO52271,35,TI-M823,1,35,db2b287636ac5ebda430de4f3f643b24
11055,7f026edc73bd4602381834e9b850d6c2,eedd9be5500334505ed9d4aef801ac3d,SO52271,5,TT-M928,1,5,db2b287636ac5ebda430de4f3f643b24
11055,c5b6ac945db87cf50d20426452434c3a,74f564dd4fda69d37ab2cd85932679fc,SO43926,3375,BK-M82B-48,1,3375,86088cdbc16fb0d5afd262a9b229fed2
11056,4a800301260b2639fa1ec3efafb5f86c,23f22724b430320654759f8512440ebc,SO59194,2384,BK-T79Y-50,1,2384,a189cc17a15cdb4e39e80dfcd8374c76
11056,4a800301260b2639fa1ec3efafb5f86c,23f22724b430320654759f8512440ebc,SO59194,105,HL-U509-B,3,105,a189cc17a15cdb4e39e80dfcd8374c76
11056,6d4278f55ab037dfce90690af7b0158a,72571bd90824be952816cc46cf59d536,SO44058,3375,BK-M82B-44,1,3375,f96fbbcf63b1b65747983976e60d5967
11056,b8cc77f0099ae7d3a20b9f0b74d70b12,70ad7386c1fe794c57fa3908ff22435d,SO52207,10,BC-M005,1,10,5e9b4970006d8f02ba0bc1763fa8b9a6
11056,b8cc77f0099ae7d3a20b9f0b74d70b12,70ad7386c1fe794c57fa3908ff22435d,SO52207,4640,BK-M68S-38,2,4640,5e9b4970006d8f02ba0bc1763fa8b9a6
11056,b8cc77f0099ae7d3a20b9f0b74d70b12,70ad7386c1fe794c57fa3908ff22435d,SO52207,48,GL-H102-S,2,48,5e9b4970006d8f02ba0bc1763fa8b9a6
11056,b8cc77f0099ae7d3a20b9f0b74d70b12,70ad7386c1fe794c57fa3908ff22435d,SO52207,54,SJ-0194-M,1,54,5e9b4970006d8f02ba0bc1763fa8b9a6
11056,b8cc77f0099ae7d3a20b9f0b74d70b12,70ad7386c1fe794c57fa3908ff22435d,SO52207,5,WB-H098,1,5,5e9b4970006d8f02ba0bc1763fa8b9a6
11057,0b80ce5eab877cae9997209e0bee6e60,a7cb0a760406e2013c8442a429fed0ae,SO51682,4640,BK-M68S-46,2,4640,70ad7386c1fe794c57fa3908ff22435d
11057,244cede513841376c37dc856f2f5e7b9,5e1b952a22eccca86f7f056a9efb42a4,SO58402,2384,BK-T79Y-50,1,2384,debbb2493c6588799fc787e1854bcda5
11057,244cede513841376c37dc856f2f5e7b9,5e1b952a22eccca86f7f056a9efb42a4,SO58402,9,SO-R809-L,1,9,debbb2493c6588799fc787e1854bcda5
11057,9fa48dc8d46636bab53020640f0d42b9,855bbdd661d21a89b7ae61eaea270f2c,SO44040,3375,BK-M82B-48,1,3375,ba5216f340c430ae833596806650eed2
11058,0a6897e1c1e03291162006eaf64d9e6d,aa23a148fd157c87970b5fa9079424f9,SO44180,3400,BK-M82S-48,1,3400,0f3e3e16d175d3da9e3d2ab5f42e2a8d
11058,7254e54716fe52361e62aa16ea2e0797,6eaadc1181f307997dc853d9ed40db36,SO59464,2384,BK-T79U-46,1,2384,e7df1b3ee078bdcfc260a877f321287d
11058,7254e54716fe52361e62aa16ea2e0797,6eaadc1181f307997dc853d9ed40db36,SO59464,105,HL-U509,3,105,e7df1b3ee078bdcfc260a877f321287d
11058,7254e54716fe52361e62aa16ea2e0797,6eaadc1181f307997dc853d9ed40db36,SO59464,54,SJ-0194-S,1,54,e7df1b3ee078bdcfc260a877f321287d
11058,9bbc713be22755b8ea8e3b596e06edd2,9f14679403a464909296961b7547fa87,SO51292,4640,BK-M68S-42,2,4640,78cee6501c10922e466c02f814c8627b
11058,9bbc713be22755b8ea8e3b596e06edd2,9f14679403a464909296961b7547fa87,SO51292,55,HY-1023-70,1,55,78cee6501c10922e466c02f814c8627b
11059,0c8ff735cb2b05718573c08173335fd4,1685ca8ff12ea83725a1c35e1d89c5cd,SO54480,25,TI-M267,1,25,b8d9d66529b0a1e91f6137abcdd065dd
11059,3143ce3c6436ed5bd25398756b7b661d,6be9692276a308e4b872323af1ad8fe2,SO52933,9,BC-R205,1,9,ad4fbe0c82c7e5968d4cf22c2ad19e28
11059,3143ce3c6436ed5bd25398756b7b661d,6be9692276a308e4b872323af1ad8fe2,SO52933,27,CA-1098,3,27,ad4fbe0c82c7e5968d4cf22c2ad19e28
11059,3143ce3c6436ed5bd25398756b7b661d,6be9692276a308e4b872323af1ad8fe2,SO52933,54,SJ-0194-M,1,54,ad4fbe0c82c7e5968d4cf22c2ad19e28
11059,3143ce3c6436ed5bd25398756b7b661d,6be9692276a308e4b872323af1ad8fe2,SO52933,5,WB-H098,1,5,ad4fbe0c82c7e5968d4cf22c2ad19e28
11059,b8d9d66529b0a1e91f6137abcdd065dd,6d44506d59926d8d13d35f75d97f2a64,SO54200,10,BC-M005,1,10,90c6314650a0d54fdcabe5cd5406f9af
11059,b8d9d66529b0a1e91f6137abcdd065dd,6d44506d59926d8d13d35f75d97f2a64,SO54200,5,WB-H098,1,5,90c6314650a0d54fdcabe5cd5406f9af
11060,0cb388227f4fdb8ab3e94e6477d98f5a,4918909674a26c217d8cc4a92860400c,SO44220,3400,BK-M82S-42,1,3400,531a5e6e1b551dc67663de449307272a
11060,6477c205c5117a9448ba863e111acf32,c926349b55a58d87d7d5008c349fd1e9,SO60884,9,BC-R205,1,9,013f173c58073e845f675d26fdde1918
11060,6477c205c5117a9448ba863e111acf32,c926349b55a58d87d7d5008c349fd1e9,SO60884,2384,BK-T79U-54,1,2384,013f173c58073e845f675d26fdde1918
11060,6477c205c5117a9448ba863e111acf32,c926349b55a58d87d7d5008c349fd1e9,SO60884,105,HL-U509-R,3,105,013f173c58073e845f675d26fdde1918
11060,6477c205c5117a9448ba863e111acf32,c926349b55a58d87d7d5008c349fd1e9,SO60884,5,WB-H098,1,5,013f173c58073e845f675d26fdde1918
11060,9bbc713be22755b8ea8e3b596e06edd2,9f14679403a464909296961b7547fa87,SO51293,4640,BK-M68S-38,2,4640,78cee6501c10922e466c02f814c8627b
11061,070e7bb8852d69e16952038e5532904f,2b53375239b19c31e4947cc1033443c0,SO51237,10,BC-M005,1,10,e5cdc2e9be5ecca55f34ea2ebabb8670
11061,070e7bb8852d69e16952038e5532904f,2b53375239b19c31e4947cc1033443c0,SO51237,4640,BK-M68S-46,2,4640,e5cdc2e9be5ecca55f34ea2ebabb8670
11061,070e7bb8852d69e16952038e5532904f,2b53375239b19c31e4947cc1033443c0,SO51237,105,HL-U509-R,3,105,e5cdc2e9be5ecca55f34ea2ebabb8670
11061,070e7bb8852d69e16952038e5532904f,2b53375239b19c31e4947cc1033443c0,SO51237,5,WB-H098,1,5,e5cdc2e9be5ecca55f34ea2ebabb8670
11061,2f49cf3cf9904a79c666862bd2c9e3a1,9c09e1a3bb33cc56909b944a08096b34,SO44190,3375,BK-M82B-38,1,3375,8dc021e7735ab95ead2c0c92072863b0
11061,f108e0cd2f96a0c22086f9d45ee08f19,ad0b7f5ad35732646f1e5f67418d5995,SO60168,2384,BK-T79Y-60,1,2384,7983129d9883ebc3b9dce3311996b001
11062,e8c0bfc4371d81db0dacde1b8fa393ca,e5cdc2e9be5ecca55f34ea2ebabb8670,SO51347,4590,BK-M68B-42,2,4590,01070cf843f2ca45e3d4ec7c02c52551
11062,e8c0bfc4371d81db0dacde1b8fa393ca,e5cdc2e9be5ecca55f34ea2ebabb8670,SO51347,22,FE-6654,1,22,01070cf843f2ca45e3d4ec7c02c52551
11062,e8c0bfc4371d81db0dacde1b8fa393ca,e5cdc2e9be5ecca55f34ea2ebabb8670,SO51347,105,HL-U509-B,3,105,01070cf843f2ca45e3d4ec7c02c52551
11063,88f50aa0771fa4f938f7b54792e066c8,070e7bb8852d69e16952038e5532904f,SO51431,10,BC-M005,1,10,e8c0bfc4371d81db0dacde1b8fa393ca
11063,88f50aa0771fa4f938f7b54792e066c8,070e7bb8852d69e16952038e5532904f,SO51431,4590,BK-M68B-46,2,4590,e8c0bfc4371d81db0dacde1b8fa393ca
11063,88f50aa0771fa4f938f7b54792e066c8,070e7bb8852d69e16952038e5532904f,SO51431,27,CA-1098,3,27,e8c0bfc4371d81db0dacde1b8fa393ca
11063,88f50aa0771fa4f938f7b54792e066c8,070e7bb8852d69e16952038e5532904f,SO51431,54,SJ-0194-L,1,54,e8c0bfc4371d81db0dacde1b8fa393ca
11063,88f50aa0771fa4f938f7b54792e066c8,070e7bb8852d69e16952038e5532904f,SO51431,5,WB-H098,1,5,e8c0bfc4371d81db0dacde1b8fa393ca
11064,bee2b842cd357511cf4c8e509f5af192,5dddb266d8c26eece51489fe90c9f47d,SO51646,10,BC-M005,1,10,20b851db79828c985958154243411278
11064,bee2b842cd357511cf4c8e509f5af192,5dddb266d8c26eece51489fe90c9f47d,SO51646,4590,BK-M68B-38,2,4590,20b851db79828c985958154243411278
11065,722dc621a1a56555843f574144bfcdf0,d27974ca95fd620ac92cf95bf8c1d1f2,SO74538,2,PK-7098,1,2,d612b5fb3f6011688fb0c9927693365a
11065,722dc621a1a56555843f574144bfcdf0,d27974ca95fd620ac92cf95bf8c1d1f2,SO74538,4,TT-R982,1,4,d612b5fb3f6011688fb0c9927693365a
11065,f04e53711455521533f4c5ed7dcaa287,5e9b4970006d8f02ba0bc1763fa8b9a6,SO52558,2,PK-7098,1,2,f799d104dd23bb828dcdaaefc4d25b61
11065,f04e53711455521533f4c5ed7dcaa287,5e9b4970006d8f02ba0bc1763fa8b9a6,SO52558,159,ST-1401,1,159,f799d104dd23bb828dcdaaefc4d25b61
11065,f04e53711455521533f4c5ed7dcaa287,5e9b4970006d8f02ba0bc1763fa8b9a6,SO52558,35,TI-M823,1,35,f799d104dd23bb828dcdaaefc4d25b61
11066,4a800301260b2639fa1ec3efafb5f86c,23f22724b430320654759f8512440ebc,SO59178,2,PK-7098,1,2,a189cc17a15cdb4e39e80dfcd8374c76
11066,4a800301260b2639fa1ec3efafb5f86c,23f22724b430320654759f8512440ebc,SO59178,35,TI-M823,1,35,a189cc17a15cdb4e39e80dfcd8374c76
11066,4a800301260b2639fa1ec3efafb5f86c,23f22724b430320654759f8512440ebc,SO59178,5,TT-M928,1,5,a189cc17a15cdb4e39e80dfcd8374c76
11066,cd15e5f80ff20dd345bfaa51400dd0d6,3a2f313512bb520c43971e54ba834dec,SO66656,105,HL-U509-B,3,105,4efe8b2ca156042f8a3d8dd6aba54520
11066,cd15e5f80ff20dd345bfaa51400dd0d6,3a2f313512bb520c43971e54ba834dec,SO66656,4,TT-R982,1,4,4efe8b2ca156042f8a3d8dd6aba54520
11067,232e830f1ac667c081eaaca23cdf9b5f,4b5c3229e0725ef8d303f494db9faec8,SO64472,2,PK-7098,1,2,abe94c2111c58e9c9672602d41bce66e
11067,232e830f1ac667c081eaaca23cdf9b5f,4b5c3229e0725ef8d303f494db9faec8,SO64472,4,TT-R982,1,4,abe94c2111c58e9c9672602d41bce66e
11067,2fb09097185e604aaadbfde958fd6262,a1e59736d286765313b8212467dc64b2,SO74615,48,GL-H102-S,2,48,88d8e3ff674b1514a19b24621707f0d9
11067,2fb09097185e604aaadbfde958fd6262,a1e59736d286765313b8212467dc64b2,SO74615,105,HL-U509-B,3,105,88d8e3ff674b1514a19b24621707f0d9
11067,2fb09097185e604aaadbfde958fd6262,a1e59736d286765313b8212467dc64b2,SO74615,35,TI-M823,1,35,88d8e3ff674b1514a19b24621707f0d9
11067,2fb09097185e604aaadbfde958fd6262,a1e59736d286765313b8212467dc64b2,SO74615,5,TT-M928,1,5,88d8e3ff674b1514a19b24621707f0d9
11068,0e23f371129aecc6b2033620b226f8d7,fda052162862bb845297063fd71a580c,SO57197,9,BC-R205,1,9,40ff348468b73116a7077c246985e0bf
11068,0e23f371129aecc6b2033620b226f8d7,fda052162862bb845297063fd71a580c,SO57197,48,GL-H102-L,2,48,40ff348468b73116a7077c246985e0bf
11068,0e23f371129aecc6b2033620b226f8d7,fda052162862bb845297063fd71a580c,SO57197,5,WB-H098,1,5,40ff348468b73116a7077c246985e0bf
11068,4555f65c4664801d78b9f5477f89d8fd,7ee641303ef8d8b10d0ed00a060c73cc,SO62476,10,BC-M005,1,10,94c60e0b5e2b0f78b919a5d4c67d70a2
11068,4555f65c4664801d78b9f5477f89d8fd,7ee641303ef8d8b10d0ed00a060c73cc,SO62476,5,WB-H098,1,5,94c60e0b5e2b0f78b919a5d4c67d70a2
11068,b34050290c25b0f7b52a2b8f767df87d,caa707f97407c07371136aaf471a91d4,SO67965,8,CL-9009,1,8,36ab6f1df21f3c9a169c8942e981959a
11068,b34050290c25b0f7b52a2b8f767df87d,caa707f97407c07371136aaf471a91d4,SO67965,22,FE-6654,1,22,36ab6f1df21f3c9a169c8942e981959a
11068,b34050290c25b0f7b52a2b8f767df87d,caa707f97407c07371136aaf471a91d4,SO67965,25,TI-M267,1,25,36ab6f1df21f3c9a169c8942e981959a
11068,b34050290c25b0f7b52a2b8f767df87d,caa707f97407c07371136aaf471a91d4,SO67965,5,TT-M928,1,5,36ab6f1df21f3c9a169c8942e981959a
11069,0b2687a4d54329af7fc2df3d9ee1a02b,89426de0285546a41a891a5ec5aae6ae,SO44416,3400,BK-M82S-42,1,3400,b17aa434fc2718b9cd1a0d02141e0641
11069,7254e54716fe52361e62aa16ea2e0797,6eaadc1181f307997dc853d9ed40db36,SO59465,2384,BK-T79Y-46,1,2384,e7df1b3ee078bdcfc260a877f321287d
11069,e5bf4a4a03e320ed76cf2ca68fa5b4c0,0a6c721efa4fbe33f8e9e76a63f5b591,SO51667,4640,BK-M68S-46,2,4640,e2f7ff887646789ea003d03bc2025325
11070,0990769bd233255d308a2f2137e95214,4b74d4eac4c3a33d22d34af93569c011,SO51385,4590,BK-M68B-42,2,4590,9bbc713be22755b8ea8e3b596e06edd2
11070,0990769bd233255d308a2f2137e95214,4b74d4eac4c3a33d22d34af93569c011,SO51385,8,CL-9009,1,8,9bbc713be22755b8ea8e3b596e06edd2
11070,0990769bd233255d308a2f2137e95214,4b74d4eac4c3a33d22d34af93569c011,SO51385,2,PK-7098,1,2,9bbc713be22755b8ea8e3b596e06edd2
11070,0990769bd233255d308a2f2137e95214,4b74d4eac4c3a33d22d34af93569c011,SO51385,35,TI-M823,1,35,9bbc713be22755b8ea8e3b596e06edd2
11070,0990769bd233255d308a2f2137e95214,4b74d4eac4c3a33d22d34af93569c011,SO51385,5,TT-M928,1,5,9bbc713be22755b8ea8e3b596e06edd2
11070,835541a7e1c5fe9f0e2f6dd4fa1b8864,113b93979b7148e51e98bd22c3ff290e,SO44467,3400,BK-M82S-44,1,3400,26614863fc843ef78880895407be81a2
11070,eef21e68ecca703bb338920b950f203c,f108e0cd2f96a0c22086f9d45ee08f19,SO60939,2384,BK-T79Y-50,1,2384,b21e833d3ead6056f1265f13fe1ff015
11070,eef21e68ecca703bb338920b950f203c,f108e0cd2f96a0c22086f9d45ee08f19,SO60939,2,PK-7098,1,2,b21e833d3ead6056f1265f13fe1ff015
11070,eef21e68ecca703bb338920b950f203c,f108e0cd2f96a0c22086f9d45ee08f19,SO60939,29,TI-T723,1,29,b21e833d3ead6056f1265f13fe1ff015
11070,eef21e68ecca703bb338920b950f203c,f108e0cd2f96a0c22086f9d45ee08f19,SO60939,5,TT-T092,1,5,b21e833d3ead6056f1265f13fe1ff015
11071,41464bd548f06ca845208f69df30ac82,15aceb75d86814cb479f1b1a9487c3d4,SO53667,2,PK-7098,1,2,3e48b2167bd86ef570e46d0b286c4f74
11071,41464bd548f06ca845208f69df30ac82,15aceb75d86814cb479f1b1a9487c3d4,SO53667,25,TI-M267,1,25,3e48b2167bd86ef570e46d0b286c4f74
11071,4310d0d92131e34ff2716d85e1953174,90c6314650a0d54fdcabe5cd5406f9af,SO54593,10,BC-M005,1,10,d3c54b4368c62c2ff11535bf2b677170
11071,4310d0d92131e34ff2716d85e1953174,90c6314650a0d54fdcabe5cd5406f9af,SO54593,5,WB-H098,1,5,d3c54b4368c62c2ff11535bf2b677170
11071,c83e871e48c2716e0f28e60d166a5c98,6a8d7e42bb852c45fbf8610361d391a0,SO72067,9,BC-R205,1,9,c4c454d69a39e60a6f5cf2f97148adad
11071,c83e871e48c2716e0f28e60d166a5c98,6a8d7e42bb852c45fbf8610361d391a0,SO72067,54,SJ-0194-S,1,54,c4c454d69a39e60a6f5cf2f97148adad
11071,c83e871e48c2716e0f28e60d166a5c98,6a8d7e42bb852c45fbf8610361d391a0,SO72067,5,WB-H098,1,5,c4c454d69a39e60a6f5cf2f97148adad
11072,0990769bd233255d308a2f2137e95214,4b74d4eac4c3a33d22d34af93569c011,SO51386,4640,BK-M68S-42,2,4640,9bbc713be22755b8ea8e3b596e06edd2
11072,0990769bd233255d308a2f2137e95214,4b74d4eac4c3a33d22d34af93569c011,SO51386,22,FE-6654,1,22,9bbc713be22755b8ea8e3b596e06edd2
11072,0990769bd233255d308a2f2137e95214,4b74d4eac4c3a33d22d34af93569c011,SO51386,54,SJ-0194-L,1,54,9bbc713be22755b8ea8e3b596e06edd2
11072,55348beba23f6cbf7d48ebb920ebb559,0cb388227f4fdb8ab3e94e6477d98f5a,SO44323,3400,BK-M82S-38,1,3400,556c3334adfb28b12965c8974489bdcd
11072,d6fb379288416774d139632beb88e26b,3ebfce6ccd7540a632ae7e6ad8100c29,SO60240,9,BC-R205,1,9,412998e77ee121227580e3d363f75fa2
11072,d6fb379288416774d139632beb88e26b,3ebfce6ccd7540a632ae7e6ad8100c29,SO60240,2384,BK-T79Y-46,1,2384,412998e77ee121227580e3d363f75fa2
11072,d6fb379288416774d139632beb88e26b,3ebfce6ccd7540a632ae7e6ad8100c29,SO60240,5,WB-H098,1,5,412998e77ee121227580e3d363f75fa2
11073,412998e77ee121227580e3d363f75fa2,df595e3c678d4fae23ce174fe747165e,SO59841,105,HL-U509-B,3,105,254d832c83ccdb2c33eab65a4fd196ff
11073,412998e77ee121227580e3d363f75fa2,df595e3c678d4fae23ce174fe747165e,SO59841,25,TI-M267,1,25,254d832c83ccdb2c33eab65a4fd196ff
11073,412998e77ee121227580e3d363f75fa2,df595e3c678d4fae23ce174fe747165e,SO59841,5,TT-M928,1,5,254d832c83ccdb2c33eab65a4fd196ff
11073,4eec6eda382b9c44e240ad4b4b5e9cc0,f75e5f8c15ca91ec5c869dc3881f574f,SO64686,9,BC-R205,1,9,94b225b5b1f09ecd5e8ecdfb681ff04c
11073,4eec6eda382b9c44e240ad4b4b5e9cc0,f75e5f8c15ca91ec5c869dc3881f574f,SO64686,27,CA-1098,3,27,94b225b5b1f09ecd5e8ecdfb681ff04c
11073,4eec6eda382b9c44e240ad4b4b5e9cc0,f75e5f8c15ca91ec5c869dc3881f574f,SO64686,5,WB-H098,1,5,94b225b5b1f09ecd5e8ecdfb681ff04c
11073,fef3080ec197edd1a04bb18afd31d16d,b8d9d66529b0a1e91f6137abcdd065dd,SO54892,10,BC-M005,1,10,4310d0d92131e34ff2716d85e1953174
11073,fef3080ec197edd1a04bb18afd31d16d,b8d9d66529b0a1e91f6137abcdd065dd,SO54892,105,HL-U509,3,105,4310d0d92131e34ff2716d85e1953174
11073,fef3080ec197edd1a04bb18afd31d16d,b8d9d66529b0a1e91f6137abcdd065dd,SO54892,54,SJ-0194-L,1,54,4310d0d92131e34ff2716d85e1953174
11073,fef3080ec197edd1a04bb18afd31d16d,b8d9d66529b0a1e91f6137abcdd065dd,SO54892,5,WB-H098,1,5,4310d0d92131e34ff2716d85e1953174
11074,640540d73b85c3ecd2e3bf5541686e87,eba6cab7267f82e3b2a063d5ea445bb9,SO58717,9,BC-R205,1,9,d630b2db6e8046e30b4728ca862ba4e1
11074,de22d232bbe84481579f6252f1e7091d,cae5717327bee7d74e261c550aa5081f,SO57536,8,CL-9009,1,8,ab4946738415af86b5e3cee69b13301f
11074,de22d232bbe84481579f6252f1e7091d,cae5717327bee7d74e261c550aa5081f,SO57536,2,PK-7098,1,2,ab4946738415af86b5e3cee69b13301f
11074,de22d232bbe84481579f6252f1e7091d,cae5717327bee7d74e261c550aa5081f,SO57536,25,TI-M267,1,25,ab4946738415af86b5e3cee69b13301f
11074,fef3080ec197edd1a04bb18afd31d16d,b8d9d66529b0a1e91f6137abcdd065dd,SO54893,10,BC-M005,1,10,4310d0d92131e34ff2716d85e1953174
11074,fef3080ec197edd1a04bb18afd31d16d,b8d9d66529b0a1e91f6137abcdd065dd,SO54893,105,HL-U509-B,3,105,4310d0d92131e34ff2716d85e1953174
11074,fef3080ec197edd1a04bb18afd31d16d,b8d9d66529b0a1e91f6137abcdd065dd,SO54893,5,WB-H098,1,5,4310d0d92131e34ff2716d85e1953174
11075,20b5e9ce0f87defd975a322149ec8cc6,9bbc713be22755b8ea8e3b596e06edd2,SO51491,4590,BK-M68B-46,2,4590,679eed5d77e30211eb990c0c13145df3
11075,2d6e054ac82934d489c58cc8399a1628,ce08c22f7777768ce4197eab9727516c,SO60835,9,BC-R205,1,9,348f48807f500aeac729fb17d9bc97f1
11075,2d6e054ac82934d489c58cc8399a1628,ce08c22f7777768ce4197eab9727516c,SO60835,2384,BK-T79U-50,1,2384,348f48807f500aeac729fb17d9bc97f1
11075,2d6e054ac82934d489c58cc8399a1628,ce08c22f7777768ce4197eab9727516c,SO60835,5,WB-H098,1,5,348f48807f500aeac729fb17d9bc97f1
11075,835541a7e1c5fe9f0e2f6dd4fa1b8864,113b93979b7148e51e98bd22c3ff290e,SO44468,3375,BK-M82B-48,1,3375,26614863fc843ef78880895407be81a2
11076,070e7bb8852d69e16952038e5532904f,2b53375239b19c31e4947cc1033443c0,SO51239,4640,BK-M68S-38,2,4640,e5cdc2e9be5ecca55f34ea2ebabb8670
11076,070e7bb8852d69e16952038e5532904f,2b53375239b19c31e4947cc1033443c0,SO51239,55,HY-1023-70,1,55,e5cdc2e9be5ecca55f34ea2ebabb8670
11076,b21e833d3ead6056f1265f13fe1ff015,7983129d9883ebc3b9dce3311996b001,SO60628,2384,BK-T79U-50,1,2384,4804ee33768b143d9706052696f7dfbd
11076,f3743b367906f6735a01aa72d2cf8a5e,8bf3f2187c9d8d382ac1537b53267abc,SO44437,3400,BK-M82S-38,1,3400,113b93979b7148e51e98bd22c3ff290e
11077,447938c634f27c1dc1ecfaab9a779b5b,c886ecef680be79a8fb0e1da7d50af4b,SO44407,3375,BK-M82B-48,1,3375,21a8a8728571572bbc42a5a3bdaf9f1c
11077,bee2b842cd357511cf4c8e509f5af192,5dddb266d8c26eece51489fe90c9f47d,SO51651,4640,BK-M68S-46,2,4640,20b851db79828c985958154243411278
11077,bee2b842cd357511cf4c8e509f5af192,5dddb266d8c26eece51489fe90c9f47d,SO51651,55,HY-1023-70,1,55,20b851db79828c985958154243411278
11077,ce08c22f7777768ce4197eab9727516c,4a800301260b2639fa1ec3efafb5f86c,SO60042,2384,BK-T79U-60,1,2384,5072507e949a2c25948a591c4da194e1
11077,ce08c22f7777768ce4197eab9727516c,4a800301260b2639fa1ec3efafb5f86c,SO60042,105,HL-U509-R,3,105,5072507e949a2c25948a591c4da194e1
11078,0d15ba5aa4c9ad0377b26e0cf7a86280,b21e833d3ead6056f1265f13fe1ff015,SO61443,54,SJ-0194-L,1,54,4a70a3ec50fd16032883bf6fc79c55dd
11078,0da2bc000f1fe4ea8746f9aea0bb5879,702a02712215141594ddf8e52b0a651c,SO68285,105,HL-U509,3,105,b34050290c25b0f7b52a2b8f767df87d
11078,0da2bc000f1fe4ea8746f9aea0bb5879,702a02712215141594ddf8e52b0a651c,SO68288,21,TI-R092,1,21,b34050290c25b0f7b52a2b8f767df87d
11078,0da2bc000f1fe4ea8746f9aea0bb5879,702a02712215141594ddf8e52b0a651c,SO68288,4,TT-R982,1,4,b34050290c25b0f7b52a2b8f767df87d
11078,226d694fb4b7f71d62444f9528be8704,714597fe9448176d17876617114a65bc,SO53993,8,CL-9009,1,8,9444f850ff0c10a862b4a6a9c4ab0a74
11078,226d694fb4b7f71d62444f9528be8704,714597fe9448176d17876617114a65bc,SO53993,4,TT-R982,1,4,9444f850ff0c10a862b4a6a9c4ab0a74
11078,36ab6f1df21f3c9a169c8942e981959a,058af5b2a408d57b708367e5bf4e9d9c,SO67668,70,SH-W890-S,1,70,8e8847c1bdf012037ee13bb62da8a5c1
11078,6eaadc1181f307997dc853d9ed40db36,0814775cfc25da756a9b4197347ab771,SO58490,150,LJ-0192-M,3,150,4dbf892d41ae205f6e36838031cff786
11078,6eaadc1181f307997dc853d9ed40db36,0814775cfc25da756a9b4197347ab771,SO58490,25,TI-R628,1,25,4dbf892d41ae205f6e36838031cff786
11078,8babade0595c11e14dd89058a850f2cd,a048b8d5f3f9178f163e2be055f0138b,SO73869,9,BC-R205,1,9,501407dcfde5b685045ca3072168d5bb
11078,8babade0595c11e14dd89058a850f2cd,a048b8d5f3f9178f163e2be055f0138b,SO73869,5,WB-H098,1,5,501407dcfde5b685045ca3072168d5bb
11078,95103530881768b5cfc7e33970db9cd7,2ed3972e38245b633ec6b146c2970148,SO62413,2,PK-7098,1,2,305c66634c155cab2b5cc3ce00351eb1
11078,95103530881768b5cfc7e33970db9cd7,2ed3972e38245b633ec6b146c2970148,SO62413,5,TT-T092,1,5,305c66634c155cab2b5cc3ce00351eb1
11078,ab4946738415af86b5e3cee69b13301f,ed268f8f3837888893f896b7240f1254,SO57281,35,TI-M823,1,35,fde67888c64f701b59876ec559099b3e
11078,b0b2c17e5682f78d8fc262463fd0a4f3,375bde15092f45652b6398c1dff650d0,SO57969,150,LJ-0192-M,3,150,5e1b952a22eccca86f7f056a9efb42a4
11078,b0b2c17e5682f78d8fc262463fd0a4f3,375bde15092f45652b6398c1dff650d0,SO57969,9,SO-R809-M,1,9,5e1b952a22eccca86f7f056a9efb42a4
11078,b8d9d66529b0a1e91f6137abcdd065dd,6d44506d59926d8d13d35f75d97f2a64,SO54214,22,FE-6654,1,22,90c6314650a0d54fdcabe5cd5406f9af
11078,b8d9d66529b0a1e91f6137abcdd065dd,6d44506d59926d8d13d35f75d97f2a64,SO54214,30,TI-M602,1,30,90c6314650a0d54fdcabe5cd5406f9af
11078,b8d9d66529b0a1e91f6137abcdd065dd,6d44506d59926d8d13d35f75d97f2a64,SO54214,5,TT-M928,1,5,90c6314650a0d54fdcabe5cd5406f9af
11078,d4ae40bdb21d7c1f4fee96082340d3a2,9a027fc72b503940a96d5137762a263e,SO75084,120,RA-H123,1,120,08ff55594d8ca57b756a1953f77ebc89
11078,d630b2db6e8046e30b4728ca862ba4e1,02ad1a5ca18e58629b8c1d6a6401d071,SO58429,25,TI-M267,1,25,07b31bae17c7890b17d79a654aa230cf
11078,d630b2db6e8046e30b4728ca862ba4e1,02ad1a5ca18e58629b8c1d6a6401d071,SO58429,5,TT-M928,1,5,07b31bae17c7890b17d79a654aa230cf
11078,db2f6a564b6f5f41253c68874b50962b,76918877cf6ce7011018cd9708723392,SO62245,2,PK-7098,1,2,606ed413481267c98754e3351f662859
11078,db2f6a564b6f5f41253c68874b50962b,76918877cf6ce7011018cd9708723392,SO62245,159,ST-1401,1,159,606ed413481267c98754e3351f662859
11078,dba3e44e23a1d2c2f299811e94db7fce,51c449e55b4a63a16fb45beb689150d5,SO54268,25,TI-R628,1,25,226d694fb4b7f71d62444f9528be8704
11078,deff8ad81a213d1110c1f409a7f40fcd,b8cc77f0099ae7d3a20b9f0b74d70b12,SO52789,48,GL-H102-L,2,48,f04e53711455521533f4c5ed7dcaa287
11078,deff8ad81a213d1110c1f409a7f40fcd,b8cc77f0099ae7d3a20b9f0b74d70b12,SO52789,105,HL-U509-R,3,105,f04e53711455521533f4c5ed7dcaa287
11078,deff8ad81a213d1110c1f409a7f40fcd,b8cc77f0099ae7d3a20b9f0b74d70b12,SO52789,5,TT-T092,1,5,f04e53711455521533f4c5ed7dcaa287
11078,ed268f8f3837888893f896b7240f1254,a9cefc49af6424b430612adfc69876ee,SO56449,105,HL-U509,3,105,6353a8421ee460b64f2c988cc72a8391
11078,ed268f8f3837888893f896b7240f1254,a9cefc49af6424b430612adfc69876ee,SO56449,29,TI-T723,1,29,6353a8421ee460b64f2c988cc72a8391
11078,ed268f8f3837888893f896b7240f1254,a9cefc49af6424b430612adfc69876ee,SO56449,5,TT-T092,1,5,6353a8421ee460b64f2c988cc72a8391
11079,6d338b8c41c717c4336ad0084a80dca4,9223b53f03a405f817e91392f0294f6a,SO54436,10,BC-M005,1,10,40e7dd73b09eac540e790daf6fac41af
11079,982b3b4109cce5d4e5bf1fcbe0ae259b,501407dcfde5b685045ca3072168d5bb,SO74254,25,TI-M267,1,25,d7f57f35d2bad1349ca24a67a2635eea
11079,eea5b3bd1bd5d5c62a1d22f78d3ba263,c87874400b9f907bdf9ea37d75a4b341,SO65460,9,BC-R205,1,9,a1fedb8f5f2e08543339a5f167bee6b7
11079,eea5b3bd1bd5d5c62a1d22f78d3ba263,c87874400b9f907bdf9ea37d75a4b341,SO65460,27,CA-1098,3,27,a1fedb8f5f2e08543339a5f167bee6b7
11079,eea5b3bd1bd5d5c62a1d22f78d3ba263,c87874400b9f907bdf9ea37d75a4b341,SO65460,5,WB-H098,1,5,a1fedb8f5f2e08543339a5f167bee6b7
11080,21a8a8728571572bbc42a5a3bdaf9f1c,91b7ffe240ad23db6408cd1d19015686,SO44379,3375,BK-M82B-48,1,3375,89426de0285546a41a891a5ec5aae6ae
11080,5dddb266d8c26eece51489fe90c9f47d,4ef92eb2724526d42848579d94bf7748,SO51448,4640,BK-M68S-46,2,4640,96a3262695f10a59b726f3dfd4782c4d
11080,5dddb266d8c26eece51489fe90c9f47d,4ef92eb2724526d42848579d94bf7748,SO51448,35,TI-M823,1,35,96a3262695f10a59b726f3dfd4782c4d
11080,5dddb266d8c26eece51489fe90c9f47d,4ef92eb2724526d42848579d94bf7748,SO51448,5,TT-M928,1,5,96a3262695f10a59b726f3dfd4782c4d
11080,e0bcd0ff3072dfe15609d6be1529b0b8,c660dc308b247ce08aeecd155306bae0,SO60764,2384,BK-T79Y-50,1,2384,39ff8ac1e8a44088f96e17b846ec8baf
11080,e0bcd0ff3072dfe15609d6be1529b0b8,c660dc308b247ce08aeecd155306bae0,SO60764,105,HL-U509-B,3,105,39ff8ac1e8a44088f96e17b846ec8baf
11080,e0bcd0ff3072dfe15609d6be1529b0b8,c660dc308b247ce08aeecd155306bae0,SO60764,150,LJ-0192-M,3,150,39ff8ac1e8a44088f96e17b846ec8baf
11081,072bf847aeeee970f66483e596496cd9,cfceb7490eff6e660974507be7c579c6,SO52649,2,PK-7098,1,2,dca79d69a6b38e95c4b03bfab997796c
11081,072bf847aeeee970f66483e596496cd9,cfceb7490eff6e660974507be7c579c6,SO52649,35,TI-M823,1,35,dca79d69a6b38e95c4b03bfab997796c
11081,a2c49941411089cb2a9cbf78cb803c26,73a69a5c77a7d23172e54d7ce07a638e,SO56136,27,CA-1098,3,27,39fe373cdcb4534addde73890415b660
11081,a2c49941411089cb2a9cbf78cb803c26,73a69a5c77a7d23172e54d7ce07a638e,SO56136,54,SJ-0194-S,1,54,39fe373cdcb4534addde73890415b660
11081,a2c49941411089cb2a9cbf78cb803c26,73a69a5c77a7d23172e54d7ce07a638e,SO56136,4,TT-R982,1,4,39fe373cdcb4534addde73890415b660
11082,70ad7386c1fe794c57fa3908ff22435d,bc58efba5e800fb688b34bfde89c24bf,SO51592,4590,BK-M68B-38,2,4590,b2e85aa5f9c095607e638c7e6e2c694b
11082,70ad7386c1fe794c57fa3908ff22435d,bc58efba5e800fb688b34bfde89c24bf,SO51592,35,TI-M823,1,35,b2e85aa5f9c095607e638c7e6e2c694b
11082,86bfb8ffc7a79e52d833cedce4d275bf,962bae2fb03296a3b9cacabfa929322c,SO70231,9,BC-R205,1,9,ec24e4cf9fcc90f3bbe81b2fb3735c21
11082,86bfb8ffc7a79e52d833cedce4d275bf,962bae2fb03296a3b9cacabfa929322c,SO70231,742,BK-T18U-62,1,742,ec24e4cf9fcc90f3bbe81b2fb3735c21
11082,86bfb8ffc7a79e52d833cedce4d275bf,962bae2fb03296a3b9cacabfa929322c,SO70231,48,GL-H102-M,2,48,ec24e4cf9fcc90f3bbe81b2fb3735c21
11082,86bfb8ffc7a79e52d833cedce4d275bf,962bae2fb03296a3b9cacabfa929322c,SO70231,5,WB-H098,1,5,ec24e4cf9fcc90f3bbe81b2fb3735c21
11083,5b07cd2a9dfb9437a07ea3012d6efbb7,109423a52128e234487abcd717f01458,SO51325,4640,BK-M68S-38,2,4640,4ef92eb2724526d42848579d94bf7748
11083,5b07cd2a9dfb9437a07ea3012d6efbb7,109423a52128e234487abcd717f01458,SO51325,105,HL-U509,3,105,4ef92eb2724526d42848579d94bf7748
11083,5b07cd2a9dfb9437a07ea3012d6efbb7,109423a52128e234487abcd717f01458,SO51325,35,TI-M823,1,35,4ef92eb2724526d42848579d94bf7748
11083,5b07cd2a9dfb9437a07ea3012d6efbb7,109423a52128e234487abcd717f01458,SO51325,5,TT-M928,1,5,4ef92eb2724526d42848579d94bf7748
11083,e0cd1349b4c6e1b5f14ed427e358c2d0,f06fd077b6afc2d69af6e1e548da266d,SO70362,742,BK-T18Y-62,1,742,b95a9f47dd73bb9b799a31ae04ee7da1
11084,31c99d724c1f182c60edb82eb4740277,e84848120190a8d0e696fbeb15647a74,SO71270,9,BC-R205,1,9,3db19f5f710f10e90ecc7154c649d60a
11084,31c99d724c1f182c60edb82eb4740277,e84848120190a8d0e696fbeb15647a74,SO71270,742,BK-T18Y-54,1,742,3db19f5f710f10e90ecc7154c649d60a
11084,31c99d724c1f182c60edb82eb4740277,e84848120190a8d0e696fbeb15647a74,SO71270,5,WB-H098,1,5,3db19f5f710f10e90ecc7154c649d60a
11084,9bbc713be22755b8ea8e3b596e06edd2,9f14679403a464909296961b7547fa87,SO51289,4640,BK-M68S-46,2,4640,78cee6501c10922e466c02f814c8627b
11084,9bbc713be22755b8ea8e3b596e06edd2,9f14679403a464909296961b7547fa87,SO51289,2,PK-7098,1,2,78cee6501c10922e466c02f814c8627b
11085,db10519e66d9a7b809b91935ad1a696d,d7f57f35d2bad1349ca24a67a2635eea,SO74479,150,LJ-0192-S,3,150,6583882ca853d66524856501b27519f5
11085,db10519e66d9a7b809b91935ad1a696d,d7f57f35d2bad1349ca24a67a2635eea,SO74479,4,TT-R982,1,4,6583882ca853d66524856501b27519f5
11085,e366e24b8ad0b1107528f2f58cd15a81,921bc92a493b53f98f24e6a8a12801be,SO72476,105,HL-U509,3,105,c83e871e48c2716e0f28e60d166a5c98
11085,e366e24b8ad0b1107528f2f58cd15a81,921bc92a493b53f98f24e6a8a12801be,SO72476,35,TI-M823,1,35,c83e871e48c2716e0f28e60d166a5c98
11085,e366e24b8ad0b1107528f2f58cd15a81,921bc92a493b53f98f24e6a8a12801be,SO72476,5,TT-M928,1,5,c83e871e48c2716e0f28e60d166a5c98
11086,2becb9647677a1a316b388bbad689580,013f173c58073e845f675d26fdde1918,SO61384,150,LJ-0192-L,3,150,0383d48e76cd8a3dfb9e2a890f2cac18
11086,2becb9647677a1a316b388bbad689580,013f173c58073e845f675d26fdde1918,SO61384,4,TT-R982,1,4,0383d48e76cd8a3dfb9e2a890f2cac18
11086,5cbbe853aa1a5a1370f9a614904c4b15,86e0fc464cbb08ae74bd039224afec9a,SO73610,48,GL-H102-S,2,48,47a161474962a6dcc03cfa64127a641f
11086,5cbbe853aa1a5a1370f9a614904c4b15,86e0fc464cbb08ae74bd039224afec9a,SO73610,105,HL-U509-B,3,105,47a161474962a6dcc03cfa64127a641f
11086,5cbbe853aa1a5a1370f9a614904c4b15,86e0fc464cbb08ae74bd039224afec9a,SO73610,35,TI-M823,1,35,47a161474962a6dcc03cfa64127a641f
11086,5cbbe853aa1a5a1370f9a614904c4b15,86e0fc464cbb08ae74bd039224afec9a,SO73610,5,TT-M928,1,5,47a161474962a6dcc03cfa64127a641f
11087,76e3c19dbb0dadc4c6dc771d856e4676,ad4fbe0c82c7e5968d4cf22c2ad19e28,SO53299,159,ST-1401,1,159,15699e35c72c4036c71409f3f3d69528
11087,76e3c19dbb0dadc4c6dc771d856e4676,ad4fbe0c82c7e5968d4cf22c2ad19e28,SO53299,4,TT-R982,1,4,15699e35c72c4036c71409f3f3d69528
11087,f75e5f8c15ca91ec5c869dc3881f574f,3a23b248b732af434a45fce0302aa11f,SO63918,2,PK-7098,1,2,03bf7d2a8718ee9aca4bd2f37e962fc4
11087,f75e5f8c15ca91ec5c869dc3881f574f,3a23b248b732af434a45fce0302aa11f,SO63918,35,TI-M823,1,35,03bf7d2a8718ee9aca4bd2f37e962fc4
11088,17520f5649fab40fb66771362888cb90,1faee5670542865e021595151379fe5c,SO70654,9,BC-R205,1,9,3f72b837978dcd042b73e7270f11a4ca
11088,17520f5649fab40fb66771362888cb90,1faee5670542865e021595151379fe5c,SO70654,742,BK-T18Y-50,1,742,3f72b837978dcd042b73e7270f11a4ca
11088,17520f5649fab40fb66771362888cb90,1faee5670542865e021595151379fe5c,SO70654,54,SJ-0194-X,1,54,3f72b837978dcd042b73e7270f11a4ca
11088,17520f5649fab40fb66771362888cb90,1faee5670542865e021595151379fe5c,SO70654,5,WB-H098,1,5,3f72b837978dcd042b73e7270f11a4ca
11088,5dddb266d8c26eece51489fe90c9f47d,4ef92eb2724526d42848579d94bf7748,SO51445,4640,BK-M68S-46,2,4640,96a3262695f10a59b726f3dfd4782c4d
11088,5dddb266d8c26eece51489fe90c9f47d,4ef92eb2724526d42848579d94bf7748,SO51445,22,FE-6654,1,22,96a3262695f10a59b726f3dfd4782c4d
11088,5dddb266d8c26eece51489fe90c9f47d,4ef92eb2724526d42848579d94bf7748,SO51445,48,GL-H102-S,2,48,96a3262695f10a59b726f3dfd4782c4d
11089,2797a91b25bc2aa85124c99bc574dc83,86bfb8ffc7a79e52d833cedce4d275bf,SO71077,742,BK-T18Y-62,1,742,a9adf65abbb865184bf924d14a93d0c4
11089,2797a91b25bc2aa85124c99bc574dc83,86bfb8ffc7a79e52d833cedce4d275bf,SO71077,105,HL-U509-B,3,105,a9adf65abbb865184bf924d14a93d0c4
11089,2797a91b25bc2aa85124c99bc574dc83,86bfb8ffc7a79e52d833cedce4d275bf,SO71077,150,LJ-0192-S,3,150,a9adf65abbb865184bf924d14a93d0c4
11089,2797a91b25bc2aa85124c99bc574dc83,86bfb8ffc7a79e52d833cedce4d275bf,SO71077,9,SO-R809-L,1,9,a9adf65abbb865184bf924d14a93d0c4
11089,acc20902004de8acdd3eee04bfe5f91a,048405fe051586c63978bfe6b3a8b733,SO51194,4590,BK-M68B-46,2,4590,5f827524a01a15af1043fdb581ce224b
11089,acc20902004de8acdd3eee04bfe5f91a,048405fe051586c63978bfe6b3a8b733,SO51194,22,FE-6654,1,22,5f827524a01a15af1043fdb581ce224b
11089,acc20902004de8acdd3eee04bfe5f91a,048405fe051586c63978bfe6b3a8b733,SO51194,105,HL-U509,3,105,5f827524a01a15af1043fdb581ce224b
11090,0b80ce5eab877cae9997209e0bee6e60,a7cb0a760406e2013c8442a429fed0ae,SO51679,4590,BK-M68B-42,2,4590,70ad7386c1fe794c57fa3908ff22435d
11090,0b80ce5eab877cae9997209e0bee6e60,a7cb0a760406e2013c8442a429fed0ae,SO51679,48,GL-H102-S,2,48,70ad7386c1fe794c57fa3908ff22435d
11090,0b80ce5eab877cae9997209e0bee6e60,a7cb0a760406e2013c8442a429fed0ae,SO51679,55,HY-1023-70,1,55,70ad7386c1fe794c57fa3908ff22435d
11090,31c99d724c1f182c60edb82eb4740277,e84848120190a8d0e696fbeb15647a74,SO71269,742,BK-T18Y-50,1,742,3db19f5f710f10e90ecc7154c649d60a
11090,31c99d724c1f182c60edb82eb4740277,e84848120190a8d0e696fbeb15647a74,SO71269,27,CA-1098,3,27,3db19f5f710f10e90ecc7154c649d60a
11090,aaa07e52f0e1bae006632f510c91ec56,e89a01c7beb66fd77ea090731710a12e,SO45389,3578,BK-R93R-62,1,3578,fa2c117fbfa874ac1c732417d5be02d3
11091,013f173c58073e845f675d26fdde1918,ccb91034934bb047c5f6a32eb289b95b,SO60531,2,PK-7098,1,2,d6fb379288416774d139632beb88e26b
11091,232e830f1ac667c081eaaca23cdf9b5f,4b5c3229e0725ef8d303f494db9faec8,SO64475,2,PK-7098,1,2,abe94c2111c58e9c9672602d41bce66e
11091,232e830f1ac667c081eaaca23cdf9b5f,4b5c3229e0725ef8d303f494db9faec8,SO64475,25,TI-R628,1,25,abe94c2111c58e9c9672602d41bce66e
11091,232e830f1ac667c081eaaca23cdf9b5f,4b5c3229e0725ef8d303f494db9faec8,SO64475,4,TT-R982,1,4,abe94c2111c58e9c9672602d41bce66e
11091,254d832c83ccdb2c33eab65a4fd196ff,75fe8d7dec9d2a51be64595ab37dc674,SO59522,70,SH-W890-S,1,70,4a800301260b2639fa1ec3efafb5f86c
11091,2fe1a028f9398deb2efcd536c8246fae,9913e55755fcc4267a06c1e6adbbc7fb,SO62597,27,CA-1098,3,27,8dd08d219271ec96c543f486de430703
11091,2fe1a028f9398deb2efcd536c8246fae,9913e55755fcc4267a06c1e6adbbc7fb,SO62597,54,SJ-0194-S,1,54,8dd08d219271ec96c543f486de430703
11091,2fe1a028f9398deb2efcd536c8246fae,9913e55755fcc4267a06c1e6adbbc7fb,SO62597,33,TI-R982,1,33,8dd08d219271ec96c543f486de430703
11091,2fe1a028f9398deb2efcd536c8246fae,9913e55755fcc4267a06c1e6adbbc7fb,SO62597,4,TT-R982,1,4,8dd08d219271ec96c543f486de430703
11091,3519c8eb4095dbc69d80eb61856d3435,6e5c4b769f8f70f9fd01b24ba5be9695,SO55572,2,PK-7098,1,2,d6ab5a0eee939524352092b964d92b84
11091,3519c8eb4095dbc69d80eb61856d3435,6e5c4b769f8f70f9fd01b24ba5be9695,SO55572,33,TI-R982,1,33,d6ab5a0eee939524352092b964d92b84
11091,3519c8eb4095dbc69d80eb61856d3435,6e5c4b769f8f70f9fd01b24ba5be9695,SO55572,4,TT-R982,1,4,d6ab5a0eee939524352092b964d92b84
11091,3f72b837978dcd042b73e7270f11a4ca,83d1ed00595e79ee5ea3797e97970fe8,SO70264,2,PK-7098,1,2,99c8f306659fd98cbb9d7f03ec0c2a7a
11091,3f72b837978dcd042b73e7270f11a4ca,83d1ed00595e79ee5ea3797e97970fe8,SO70264,33,TI-R982,1,33,99c8f306659fd98cbb9d7f03ec0c2a7a
11091,43e2cc7ff261723f93f64f3f7e9faa8d,a6f2945baeceeef4c8d541a22f6e99e9,SO73431,2,PK-7098,1,2,88077cf01a3e17831c2d0bcca5897c5b
11091,43e2cc7ff261723f93f64f3f7e9faa8d,a6f2945baeceeef4c8d541a22f6e99e9,SO73431,5,TT-T092,1,5,88077cf01a3e17831c2d0bcca5897c5b
11091,47a161474962a6dcc03cfa64127a641f,8920fd63645007b243abb750709b1172,SO73198,2,PK-7098,1,2,c5ed53572c667b119dde2fc0f54de602
11091,47a161474962a6dcc03cfa64127a641f,8920fd63645007b243abb750709b1172,SO73198,25,TI-M267,1,25,c5ed53572c667b119dde2fc0f54de602
11091,5cbbe853aa1a5a1370f9a614904c4b15,86e0fc464cbb08ae74bd039224afec9a,SO73594,2,PK-7098,1,2,47a161474962a6dcc03cfa64127a641f
11091,5cbbe853aa1a5a1370f9a614904c4b15,86e0fc464cbb08ae74bd039224afec9a,SO73594,25,TI-M267,1,25,47a161474962a6dcc03cfa64127a641f
11091,5e9b4970006d8f02ba0bc1763fa8b9a6,b2e85aa5f9c095607e638c7e6e2c694b,SO51925,9,BC-R205,1,9,ca510b577b53d588f80b4fc76030ea52
11091,5e9b4970006d8f02ba0bc1763fa8b9a6,b2e85aa5f9c095607e638c7e6e2c694b,SO51925,5,WB-H098,1,5,ca510b577b53d588f80b4fc76030ea52
11091,6e5c4b769f8f70f9fd01b24ba5be9695,40e7dd73b09eac540e790daf6fac41af,SO54831,48,GL-H102-M,2,48,106dfbaf552c07a1b08d065f2c343982
11091,6e5c4b769f8f70f9fd01b24ba5be9695,40e7dd73b09eac540e790daf6fac41af,SO54831,150,LJ-0192-M,3,150,106dfbaf552c07a1b08d065f2c343982
11091,7254e54716fe52361e62aa16ea2e0797,6eaadc1181f307997dc853d9ed40db36,SO59427,2,PK-7098,1,2,e7df1b3ee078bdcfc260a877f321287d
11091,7254e54716fe52361e62aa16ea2e0797,6eaadc1181f307997dc853d9ed40db36,SO59427,25,TI-M267,1,25,e7df1b3ee078bdcfc260a877f321287d
11091,7254e54716fe52361e62aa16ea2e0797,6eaadc1181f307997dc853d9ed40db36,SO59427,5,TT-M928,1,5,e7df1b3ee078bdcfc260a877f321287d
11091,7a8e187aeb003f6e34c02a4d5b9b153e,2fe1a028f9398deb2efcd536c8246fae,SO63516,105,HL-U509,3,105,ba19c22033aaecc6c5dad47f63e5858c
11091,7a8e187aeb003f6e34c02a4d5b9b153e,2fe1a028f9398deb2efcd536c8246fae,SO63516,150,LJ-0192-S,3,150,ba19c22033aaecc6c5dad47f63e5858c
11091,7a8e187aeb003f6e34c02a4d5b9b153e,2fe1a028f9398deb2efcd536c8246fae,SO63516,25,TI-M267,1,25,ba19c22033aaecc6c5dad47f63e5858c
11091,7a8e187aeb003f6e34c02a4d5b9b153e,2fe1a028f9398deb2efcd536c8246fae,SO63516,5,TT-M928,1,5,ba19c22033aaecc6c5dad47f63e5858c
11091,86bfb8ffc7a79e52d833cedce4d275bf,962bae2fb03296a3b9cacabfa929322c,SO70203,35,TI-M823,1,35,ec24e4cf9fcc90f3bbe81b2fb3735c21
11091,8c9ec1be720ee75d56d0c250d10610fa,16918840d98f27ce45948fe73dd5592f,SO63636,21,TI-R092,1,21,81a5d08c6beaeec9e42baae5d63dd780
11091,8c9ec1be720ee75d56d0c250d10610fa,16918840d98f27ce45948fe73dd5592f,SO63636,4,TT-R982,1,4,81a5d08c6beaeec9e42baae5d63dd780
11091,9c56075241a26f6fa77eb86b15411c6e,9444f850ff0c10a862b4a6a9c4ab0a74,SO54391,8,CL-9009,1,8,ab2e81a99745ffff6c06e2be93290d1b
11091,9c56075241a26f6fa77eb86b15411c6e,9444f850ff0c10a862b4a6a9c4ab0a74,SO54391,5,TT-T092,1,5,ab2e81a99745ffff6c06e2be93290d1b
11091,a976f17830aceaaa93d5daef0bc209a3,d9f7611cf8d29b48a1d3d8fddb8c5b2e,SO57494,2,PK-7098,1,2,0e23f371129aecc6b2033620b226f8d7
11091,a976f17830aceaaa93d5daef0bc209a3,d9f7611cf8d29b48a1d3d8fddb8c5b2e,SO57494,4,TT-R982,1,4,0e23f371129aecc6b2033620b226f8d7
11091,ab2e81a99745ffff6c06e2be93290d1b,76e3c19dbb0dadc4c6dc771d856e4676,SO54113,48,GL-H102-S,2,48,1685ca8ff12ea83725a1c35e1d89c5cd
11091,ab2e81a99745ffff6c06e2be93290d1b,76e3c19dbb0dadc4c6dc771d856e4676,SO54113,29,TI-T723,1,29,1685ca8ff12ea83725a1c35e1d89c5cd
11091,ab2e81a99745ffff6c06e2be93290d1b,76e3c19dbb0dadc4c6dc771d856e4676,SO54113,5,TT-T092,1,5,1685ca8ff12ea83725a1c35e1d89c5cd
11091,bc761b2b7297029a695fbd6dd0470724,fef3080ec197edd1a04bb18afd31d16d,SO55626,2,PK-7098,1,2,9b6872ca1d80024637e967d1066bba0a
11091,bc761b2b7297029a695fbd6dd0470724,fef3080ec197edd1a04bb18afd31d16d,SO55626,21,TI-R092,1,21,9b6872ca1d80024637e967d1066bba0a
11091,bc761b2b7297029a695fbd6dd0470724,fef3080ec197edd1a04bb18afd31d16d,SO55626,4,TT-R982,1,4,9b6872ca1d80024637e967d1066bba0a
11091,ca38f30e56a72f4d0c8d2264322c5862,de5009f9bf3e9725d2381f4a5e913111,SO68151,48,GL-H102-L,2,48,7e15f50bd26e439e6a22f5205a8064db
11091,ca38f30e56a72f4d0c8d2264322c5862,de5009f9bf3e9725d2381f4a5e913111,SO68151,120,RA-H123,1,120,7e15f50bd26e439e6a22f5205a8064db
11091,d612b5fb3f6011688fb0c9927693365a,3e107cd1554225ea3056ed5010adce90,SO74373,105,HL-U509-R,3,105,a1e59736d286765313b8212467dc64b2
11091,d945ec2aae74dbfb829453026b91c235,348f48807f500aeac729fb17d9bc97f1,SO61333,30,TI-M602,1,30,eef21e68ecca703bb338920b950f203c
11091,d945ec2aae74dbfb829453026b91c235,348f48807f500aeac729fb17d9bc97f1,SO61333,5,TT-M928,1,5,eef21e68ecca703bb338920b950f203c
11091,db10519e66d9a7b809b91935ad1a696d,d7f57f35d2bad1349ca24a67a2635eea,SO74480,25,TI-R628,1,25,6583882ca853d66524856501b27519f5
11091,db10519e66d9a7b809b91935ad1a696d,d7f57f35d2bad1349ca24a67a2635eea,SO74480,4,TT-R982,1,4,6583882ca853d66524856501b27519f5
11091,dfcee565bb2da80a7b76451a5cd314a1,6582aa26281b9a92ad60e6a03e274c00,SO66157,105,HL-U509-R,3,105,64cadfde6f66bc25043d0d69f5ae5471
11091,ed268f8f3837888893f896b7240f1254,a9cefc49af6424b430612adfc69876ee,SO56448,105,HL-U509,3,105,6353a8421ee460b64f2c988cc72a8391
11091,ed268f8f3837888893f896b7240f1254,a9cefc49af6424b430612adfc69876ee,SO56448,5,TT-T092,1,5,6353a8421ee460b64f2c988cc72a8391
11091,f5933feadc49c253e4f0e77b236946e9,0b80ce5eab877cae9997209e0bee6e60,SO52420,54,SJ-0194-S,1,54,b8cc77f0099ae7d3a20b9f0b74d70b12
11091,fde67888c64f701b59876ec559099b3e,6353a8421ee460b64f2c988cc72a8391,SO56816,5,WB-H098,1,5,4ceff7612cfa4420892fe23b23ca9265
11091,fff3c307c93eda1eb91d53ca588846fe,4584ca349e0920f4436a3c2f36158b85,SO69332,105,HL-U509-R,3,105,70951886788165a5e2439adfce4d0cce
11091,fff3c307c93eda1eb91d53ca588846fe,4584ca349e0920f4436a3c2f36158b85,SO69332,33,TI-R982,1,33,70951886788165a5e2439adfce4d0cce
11091,fff3c307c93eda1eb91d53ca588846fe,4584ca349e0920f4436a3c2f36158b85,SO69332,4,TT-R982,1,4,70951886788165a5e2439adfce4d0cce
11092,88f50aa0771fa4f938f7b54792e066c8,070e7bb8852d69e16952038e5532904f,SO51432,4640,BK-M68S-38,2,4640,e8c0bfc4371d81db0dacde1b8fa393ca
11092,88f50aa0771fa4f938f7b54792e066c8,070e7bb8852d69e16952038e5532904f,SO51432,22,FE-6654,1,22,e8c0bfc4371d81db0dacde1b8fa393ca
11092,b21e833d3ead6056f1265f13fe1ff015,7983129d9883ebc3b9dce3311996b001,SO60629,9,BC-R205,1,9,4804ee33768b143d9706052696f7dfbd
11092,b21e833d3ead6056f1265f13fe1ff015,7983129d9883ebc3b9dce3311996b001,SO60629,2384,BK-T79U-46,1,2384,4804ee33768b143d9706052696f7dfbd
11092,b9178f906541b173529de99dd13c0e85,6f876727a6ca9c8f7a1e0ab845d1df49,SO44364,3375,BK-M82B-38,1,3375,c886ecef680be79a8fb0e1da7d50af4b
11093,c3aa0c1c9cde5a60eae660ee09a2892b,556c3334adfb28b12965c8974489bdcd,SO44355,3400,BK-M82S-48,1,3400,b63003b792fb0099f3c299464a2cb4bd
11093,ccb91034934bb047c5f6a32eb289b95b,640540d73b85c3ecd2e3bf5541686e87,SO59760,2384,BK-T79Y-50,1,2384,3ebfce6ccd7540a632ae7e6ad8100c29
11093,ccb91034934bb047c5f6a32eb289b95b,640540d73b85c3ecd2e3bf5541686e87,SO59760,105,HL-U509-R,3,105,3ebfce6ccd7540a632ae7e6ad8100c29
11093,e8c0bfc4371d81db0dacde1b8fa393ca,e5cdc2e9be5ecca55f34ea2ebabb8670,SO51352,4590,BK-M68B-46,2,4590,01070cf843f2ca45e3d4ec7c02c52551
11093,e8c0bfc4371d81db0dacde1b8fa393ca,e5cdc2e9be5ecca55f34ea2ebabb8670,SO51352,22,FE-6654,1,22,01070cf843f2ca45e3d4ec7c02c52551
11093,e8c0bfc4371d81db0dacde1b8fa393ca,e5cdc2e9be5ecca55f34ea2ebabb8670,SO51352,105,HL-U509-B,3,105,01070cf843f2ca45e3d4ec7c02c52551
11093,e8c0bfc4371d81db0dacde1b8fa393ca,e5cdc2e9be5ecca55f34ea2ebabb8670,SO51352,9,SO-R809-M,1,9,01070cf843f2ca45e3d4ec7c02c52551
11094,4eec6eda382b9c44e240ad4b4b5e9cc0,f75e5f8c15ca91ec5c869dc3881f574f,SO64684,8,CL-9009,1,8,94b225b5b1f09ecd5e8ecdfb681ff04c
11094,4eec6eda382b9c44e240ad4b4b5e9cc0,f75e5f8c15ca91ec5c869dc3881f574f,SO64684,120,RA-H123,1,120,94b225b5b1f09ecd5e8ecdfb681ff04c
11094,54d3ba66c5e71d3112695b882ca2030e,e4b40b4ba619c72ec5a69caad258d393,SO74557,10,BC-M005,1,10,40eee601514259a9632d510ca71226cc
11094,54d3ba66c5e71d3112695b882ca2030e,e4b40b4ba619c72ec5a69caad258d393,SO74557,27,CA-1098,3,27,40eee601514259a9632d510ca71226cc
11094,54d3ba66c5e71d3112695b882ca2030e,e4b40b4ba619c72ec5a69caad258d393,SO74557,54,SJ-0194-X,1,54,40eee601514259a9632d510ca71226cc
11094,54d3ba66c5e71d3112695b882ca2030e,e4b40b4ba619c72ec5a69caad258d393,SO74557,5,WB-H098,1,5,40eee601514259a9632d510ca71226cc
11094,a9cefc49af6424b430612adfc69876ee,d34ba8f5d7fd7d5959a34c283fbec422,SO55816,25,TI-M267,1,25,59c3d64cb01cd5ad7fd25246d81a55ff
11094,a9cefc49af6424b430612adfc69876ee,d34ba8f5d7fd7d5959a34c283fbec422,SO55816,5,TT-M928,1,5,59c3d64cb01cd5ad7fd25246d81a55ff
11095,0b80ce5eab877cae9997209e0bee6e60,a7cb0a760406e2013c8442a429fed0ae,SO51683,10,BC-M005,1,10,70ad7386c1fe794c57fa3908ff22435d
11095,0b80ce5eab877cae9997209e0bee6e60,a7cb0a760406e2013c8442a429fed0ae,SO51683,4590,BK-M68B-38,2,4590,70ad7386c1fe794c57fa3908ff22435d
11095,0b80ce5eab877cae9997209e0bee6e60,a7cb0a760406e2013c8442a429fed0ae,SO51683,54,SJ-0194-M,1,54,70ad7386c1fe794c57fa3908ff22435d
11095,0b80ce5eab877cae9997209e0bee6e60,a7cb0a760406e2013c8442a429fed0ae,SO51683,5,WB-H098,1,5,70ad7386c1fe794c57fa3908ff22435d
11095,6477c205c5117a9448ba863e111acf32,c926349b55a58d87d7d5008c349fd1e9,SO60885,2384,BK-T79U-46,1,2384,013f173c58073e845f675d26fdde1918
11095,6477c205c5117a9448ba863e111acf32,c926349b55a58d87d7d5008c349fd1e9,SO60885,105,HL-U509,3,105,013f173c58073e845f675d26fdde1918
11095,8f2099f692279474c5211078c1fbcbe0,3e7e739b92f7b3f5bba0229477027dc2,SO44325,3375,BK-M82B-48,1,3375,6f876727a6ca9c8f7a1e0ab845d1df49
11096,7130adfd843cdcb6d0bcd9d13792693a,d1024973c3d10f08cb9fa1736e6ed8b7,SO63115,2384,BK-T79Y-60,1,2384,f46ace11e93788e473124f7be16a19d5
11096,7130adfd843cdcb6d0bcd9d13792693a,d1024973c3d10f08cb9fa1736e6ed8b7,SO63115,27,CA-1098,3,27,f46ace11e93788e473124f7be16a19d5
11096,dead1d7c916f42221e22a897aa6fc980,9f8987003453fd37ae135a87e6b756b8,SO44387,3375,BK-M82B-48,1,3375,9d0c5a1a95274b55fd3f6fd19fd273ae
11096,f476906875bc5d9abe836b4ea1f485c1,f04e53711455521533f4c5ed7dcaa287,SO53176,4590,BK-M68B-42,2,4590,15aceb75d86814cb479f1b1a9487c3d4
11097,0c8ff735cb2b05718573c08173335fd4,1685ca8ff12ea83725a1c35e1d89c5cd,SO54519,10,BC-M005,1,10,b8d9d66529b0a1e91f6137abcdd065dd
11097,0c8ff735cb2b05718573c08173335fd4,1685ca8ff12ea83725a1c35e1d89c5cd,SO54519,4590,BK-M68B-42,2,4590,b8d9d66529b0a1e91f6137abcdd065dd
11097,16918840d98f27ce45948fe73dd5592f,04dbdf67bb8714ba18c9c36d50d1f5dc,SO62750,2384,BK-T79Y-50,1,2384,95103530881768b5cfc7e33970db9cd7
11097,16918840d98f27ce45948fe73dd5592f,04dbdf67bb8714ba18c9c36d50d1f5dc,SO62750,105,HL-U509-R,3,105,95103530881768b5cfc7e33970db9cd7
11097,1ec57de0d40386e4f2460c44e1041294,e43c329598651187dc896f473b960062,SO44337,3375,BK-M82B-48,1,3375,9f8987003453fd37ae135a87e6b756b8
11098,4584ca349e0920f4436a3c2f36158b85,6e32728b966bb91cefefa1316da21ca8,SO68475,5,WB-H098,1,5,ca38f30e56a72f4d0c8d2264322c5862
11098,d6ec5bff1a0809822c740ce35792fa7a,db2b287636ac5ebda430de4f3f643b24,SO52579,25,TI-M267,1,25,6be9692276a308e4b872323af1ad8fe2
11098,d6ec5bff1a0809822c740ce35792fa7a,db2b287636ac5ebda430de4f3f643b24,SO52579,5,TT-M928,1,5,6be9692276a308e4b872323af1ad8fe2
11098,f75e5f8c15ca91ec5c869dc3881f574f,3a23b248b732af434a45fce0302aa11f,SO63890,54,SJ-0194-X,1,54,03bf7d2a8718ee9aca4bd2f37e962fc4
11099,90c6314650a0d54fdcabe5cd5406f9af,f476906875bc5d9abe836b4ea1f485c1,SO53971,10,BC-M005,1,10,41464bd548f06ca845208f69df30ac82
11099,90c6314650a0d54fdcabe5cd5406f9af,f476906875bc5d9abe836b4ea1f485c1,SO53971,4590,BK-M68B-42,2,4590,41464bd548f06ca845208f69df30ac82
11099,90c6314650a0d54fdcabe5cd5406f9af,f476906875bc5d9abe836b4ea1f485c1,SO53971,54,SJ-0194-L,1,54,41464bd548f06ca845208f69df30ac82
11099,90c6314650a0d54fdcabe5cd5406f9af,f476906875bc5d9abe836b4ea1f485c1,SO53971,5,WB-H098,1,5,41464bd548f06ca845208f69df30ac82
11099,c3aa0c1c9cde5a60eae660ee09a2892b,556c3334adfb28b12965c8974489bdcd,SO44356,3400,BK-M82S-42,1,3400,b63003b792fb0099f3c299464a2cb4bd
11099,d945ec2aae74dbfb829453026b91c235,348f48807f500aeac729fb17d9bc97f1,SO61367,9,BC-R205,1,9,eef21e68ecca703bb338920b950f203c
11099,d945ec2aae74dbfb829453026b91c235,348f48807f500aeac729fb17d9bc97f1,SO61367,2384,BK-T79U-54,1,2384,eef21e68ecca703bb338920b950f203c
11099,d945ec2aae74dbfb829453026b91c235,348f48807f500aeac729fb17d9bc97f1,SO61367,54,SJ-0194-M,1,54,eef21e68ecca703bb338920b950f203c
11099,d945ec2aae74dbfb829453026b91c235,348f48807f500aeac729fb17d9bc97f1,SO61367,5,WB-H098,1,5,eef21e68ecca703bb338920b950f203c
11100,113b93979b7148e51e98bd22c3ff290e,1ec57de0d40386e4f2460c44e1041294,SO44412,3375,BK-M82B-42,1,3375,dead1d7c916f42221e22a897aa6fc980
11100,23bd9a9b90557e9da7babfb8e3d2df22,b210069485754303767745919c328b97,SO63819,9,BC-R205,1,9,a946e75bc65318721cd1e01162d392dd
11100,23bd9a9b90557e9da7babfb8e3d2df22,b210069485754303767745919c328b97,SO63819,2384,BK-T79Y-54,1,2384,a946e75bc65318721cd1e01162d392dd
11100,23bd9a9b90557e9da7babfb8e3d2df22,b210069485754303767745919c328b97,SO63819,5,WB-H098,1,5,a946e75bc65318721cd1e01162d392dd
11100,fef3080ec197edd1a04bb18afd31d16d,b8d9d66529b0a1e91f6137abcdd065dd,SO54928,4640,BK-M68S-42,2,4640,4310d0d92131e34ff2716d85e1953174
11100,fef3080ec197edd1a04bb18afd31d16d,b8d9d66529b0a1e91f6137abcdd065dd,SO54928,48,GL-H102-M,2,48,4310d0d92131e34ff2716d85e1953174
11100,fef3080ec197edd1a04bb18afd31d16d,b8d9d66529b0a1e91f6137abcdd065dd,SO54928,55,HY-1023-70,1,55,4310d0d92131e34ff2716d85e1953174
11101,4ddc8821c34bceaf3dba4a18741acca3,af1457846a79173ef71dd9d5dd69805a,SO61165,9,BC-R205,1,9,2d6e054ac82934d489c58cc8399a1628
11101,4ddc8821c34bceaf3dba4a18741acca3,af1457846a79173ef71dd9d5dd69805a,SO61165,2384,BK-T79Y-60,1,2384,2d6e054ac82934d489c58cc8399a1628
11101,4ddc8821c34bceaf3dba4a18741acca3,af1457846a79173ef71dd9d5dd69805a,SO61165,48,GL-H102-S,2,48,2d6e054ac82934d489c58cc8399a1628
11101,4ddc8821c34bceaf3dba4a18741acca3,af1457846a79173ef71dd9d5dd69805a,SO61165,5,WB-H098,1,5,2d6e054ac82934d489c58cc8399a1628
11101,928ba50351efae8cbed881787bcb4783,0b2687a4d54329af7fc2df3d9ee1a02b,SO44475,3400,BK-M82S-42,1,3400,3a863c1566a0017156508557cf038c56
11101,e5bf4a4a03e320ed76cf2ca68fa5b4c0,0a6c721efa4fbe33f8e9e76a63f5b591,SO51668,4640,BK-M68S-38,2,4640,e2f7ff887646789ea003d03bc2025325
11101,e5bf4a4a03e320ed76cf2ca68fa5b4c0,0a6c721efa4fbe33f8e9e76a63f5b591,SO51668,120,RA-H123,1,120,e2f7ff887646789ea003d03bc2025325
11102,36ab6f1df21f3c9a169c8942e981959a,058af5b2a408d57b708367e5bf4e9d9c,SO67645,25,TI-M267,1,25,8e8847c1bdf012037ee13bb62da8a5c1
11102,86e0fc464cbb08ae74bd039224afec9a,38c9e5d1e366b4c5c36aae682bc960c4,SO72645,10,BC-M005,1,10,8920fd63645007b243abb750709b1172
11102,86e0fc464cbb08ae74bd039224afec9a,38c9e5d1e366b4c5c36aae682bc960c4,SO72645,55,HY-1023-70,1,55,8920fd63645007b243abb750709b1172
11102,86e0fc464cbb08ae74bd039224afec9a,38c9e5d1e366b4c5c36aae682bc960c4,SO72645,5,WB-H098,1,5,8920fd63645007b243abb750709b1172
11102,db2f6a564b6f5f41253c68874b50962b,76918877cf6ce7011018cd9708723392,SO62239,8,CL-9009,1,8,606ed413481267c98754e3351f662859
11103,0990769bd233255d308a2f2137e95214,4b74d4eac4c3a33d22d34af93569c011,SO51384,10,BC-M005,1,10,9bbc713be22755b8ea8e3b596e06edd2
11103,0990769bd233255d308a2f2137e95214,4b74d4eac4c3a33d22d34af93569c011,SO51384,4590,BK-M68B-38,2,4590,9bbc713be22755b8ea8e3b596e06edd2
11103,0990769bd233255d308a2f2137e95214,4b74d4eac4c3a33d22d34af93569c011,SO51384,48,GL-H102-M,2,48,9bbc713be22755b8ea8e3b596e06edd2
11103,0990769bd233255d308a2f2137e95214,4b74d4eac4c3a33d22d34af93569c011,SO51384,54,SJ-0194-X,1,54,9bbc713be22755b8ea8e3b596e06edd2
11103,0990769bd233255d308a2f2137e95214,4b74d4eac4c3a33d22d34af93569c011,SO51384,5,WB-H098,1,5,9bbc713be22755b8ea8e3b596e06edd2
11103,447938c634f27c1dc1ecfaab9a779b5b,c886ecef680be79a8fb0e1da7d50af4b,SO44408,3375,BK-M82B-48,1,3375,21a8a8728571572bbc42a5a3bdaf9f1c
11103,9a95fdf4e925d9cbd65f87b5aa4ac212,478ecc8cdaa127c33884d9f6c72c2cd5,SO59636,2384,BK-T79Y-50,1,2384,9e8cbc3edbb5efb3f48d6afb260e4725
11103,9a95fdf4e925d9cbd65f87b5aa4ac212,478ecc8cdaa127c33884d9f6c72c2cd5,SO59636,105,HL-U509-R,3,105,9e8cbc3edbb5efb3f48d6afb260e4725
11104,70ad7386c1fe794c57fa3908ff22435d,bc58efba5e800fb688b34bfde89c24bf,SO51594,4590,BK-M68B-38,2,4590,b2e85aa5f9c095607e638c7e6e2c694b
11104,70ad7386c1fe794c57fa3908ff22435d,bc58efba5e800fb688b34bfde89c24bf,SO51594,35,TI-M823,1,35,b2e85aa5f9c095607e638c7e6e2c694b
11104,70ad7386c1fe794c57fa3908ff22435d,bc58efba5e800fb688b34bfde89c24bf,SO51594,5,TT-M928,1,5,b2e85aa5f9c095607e638c7e6e2c694b
11104,91709e289a4895815eb969d94809b8ea,8c92537f80bd1503ecbc8b76072cc053,SO44589,3400,BK-M82S-44,1,3400,928ba50351efae8cbed881787bcb4783
11104,d6fb379288416774d139632beb88e26b,3ebfce6ccd7540a632ae7e6ad8100c29,SO60241,2384,BK-T79U-50,1,2384,412998e77ee121227580e3d363f75fa2
11104,d6fb379288416774d139632beb88e26b,3ebfce6ccd7540a632ae7e6ad8100c29,SO60241,54,SJ-0194-S,1,54,412998e77ee121227580e3d363f75fa2
11105,070e7bb8852d69e16952038e5532904f,2b53375239b19c31e4947cc1033443c0,SO51235,4590,BK-M68B-42,2,4590,e5cdc2e9be5ecca55f34ea2ebabb8670
11105,254d832c83ccdb2c33eab65a4fd196ff,75fe8d7dec9d2a51be64595ab37dc674,SO59561,9,BC-R205,1,9,4a800301260b2639fa1ec3efafb5f86c
11105,254d832c83ccdb2c33eab65a4fd196ff,75fe8d7dec9d2a51be64595ab37dc674,SO59561,2384,BK-T79Y-60,1,2384,4a800301260b2639fa1ec3efafb5f86c
11105,254d832c83ccdb2c33eab65a4fd196ff,75fe8d7dec9d2a51be64595ab37dc674,SO59561,8,CL-9009,1,8,4a800301260b2639fa1ec3efafb5f86c
11105,48f5533605f0d856d47eababe46f9790,23a5b49ccc2da58997efec267bd20005,SO44655,3400,BK-M82S-44,1,3400,734960ba36ece342ee3cecd575c43e70
11106,070e7bb8852d69e16952038e5532904f,2b53375239b19c31e4947cc1033443c0,SO51236,4590,BK-M68B-38,2,4590,e5cdc2e9be5ecca55f34ea2ebabb8670
11106,af72a655addfd9c5fe31f98036f50911,53618552e03277ca126adf3489447f11,SO44679,3400,BK-M82S-44,1,3400,8c4ac29dd41a3906a2513ceafeeb285c
11106,d6fb379288416774d139632beb88e26b,3ebfce6ccd7540a632ae7e6ad8100c29,SO60242,2384,BK-T79Y-46,1,2384,412998e77ee121227580e3d363f75fa2
11107,5dddb266d8c26eece51489fe90c9f47d,4ef92eb2724526d42848579d94bf7748,SO51447,4640,BK-M68S-38,2,4640,96a3262695f10a59b726f3dfd4782c4d
11107,5dddb266d8c26eece51489fe90c9f47d,4ef92eb2724526d42848579d94bf7748,SO51447,22,FE-6654,1,22,96a3262695f10a59b726f3dfd4782c4d
11107,5dddb266d8c26eece51489fe90c9f47d,4ef92eb2724526d42848579d94bf7748,SO51447,105,HL-U509,3,105,96a3262695f10a59b726f3dfd4782c4d
11107,9013568230949755036a389cb908cfb4,c7a16e3564a93e8393da22246748d231,SO44574,3375,BK-M82B-42,1,3375,d6b9b03542074ed6fb3d7591d5f55f01
11107,b21e833d3ead6056f1265f13fe1ff015,7983129d9883ebc3b9dce3311996b001,SO60612,2384,BK-T79U-46,1,2384,4804ee33768b143d9706052696f7dfbd
11107,b21e833d3ead6056f1265f13fe1ff015,7983129d9883ebc3b9dce3311996b001,SO60612,105,HL-U509-B,3,105,4804ee33768b143d9706052696f7dfbd
11108,37d432af4c14cecfa24199777e440c0a,f3743b367906f6735a01aa72d2cf8a5e,SO44581,3375,BK-M82B-38,1,3375,835541a7e1c5fe9f0e2f6dd4fa1b8864
11108,78cee6501c10922e466c02f814c8627b,892aa61c5dad53571248cc492fa50176,SO51215,4590,BK-M68B-42,2,4590,109423a52128e234487abcd717f01458
11108,78cee6501c10922e466c02f814c8627b,892aa61c5dad53571248cc492fa50176,SO51215,35,TI-M823,1,35,109423a52128e234487abcd717f01458
11108,e0bcd0ff3072dfe15609d6be1529b0b8,c660dc308b247ce08aeecd155306bae0,SO60747,2384,BK-T79Y-46,1,2384,39ff8ac1e8a44088f96e17b846ec8baf
11108,e0bcd0ff3072dfe15609d6be1529b0b8,c660dc308b247ce08aeecd155306bae0,SO60747,105,HL-U509-B,3,105,39ff8ac1e8a44088f96e17b846ec8baf
11109,050bcbb7849a1aed0fb1af1cdb635b4a,835541a7e1c5fe9f0e2f6dd4fa1b8864,SO44627,3375,BK-M82B-42,1,3375,0e5d0e3f7f9f1ae575ea209e1c544a79
11109,2d6e054ac82934d489c58cc8399a1628,ce08c22f7777768ce4197eab9727516c,SO60818,2384,BK-T79Y-46,1,2384,348f48807f500aeac729fb17d9bc97f1
11109,2d6e054ac82934d489c58cc8399a1628,ce08c22f7777768ce4197eab9727516c,SO60818,27,CA-1098,3,27,348f48807f500aeac729fb17d9bc97f1
11109,679eed5d77e30211eb990c0c13145df3,78cee6501c10922e466c02f814c8627b,SO51420,4590,BK-M68B-46,2,4590,5b07cd2a9dfb9437a07ea3012d6efbb7
11109,679eed5d77e30211eb990c0c13145df3,78cee6501c10922e466c02f814c8627b,SO51420,22,FE-6654,1,22,5b07cd2a9dfb9437a07ea3012d6efbb7
11109,679eed5d77e30211eb990c0c13145df3,78cee6501c10922e466c02f814c8627b,SO51420,120,RA-H123,1,120,5b07cd2a9dfb9437a07ea3012d6efbb7
11109,679eed5d77e30211eb990c0c13145df3,78cee6501c10922e466c02f814c8627b,SO51420,35,TI-M823,1,35,5b07cd2a9dfb9437a07ea3012d6efbb7
11109,679eed5d77e30211eb990c0c13145df3,78cee6501c10922e466c02f814c8627b,SO51420,5,TT-M928,1,5,5b07cd2a9dfb9437a07ea3012d6efbb7
11110,9013568230949755036a389cb908cfb4,c7a16e3564a93e8393da22246748d231,SO44575,3400,BK-M82S-38,1,3400,d6b9b03542074ed6fb3d7591d5f55f01
11110,a6d37e298c3042e300813f55a17e0875,99b7e934795a93975a5e0c0b9b57d9ba,SO64674,9,BC-R205,1,9,b0241b451647f25db5f52074445d820c
11110,a6d37e298c3042e300813f55a17e0875,99b7e934795a93975a5e0c0b9b57d9ba,SO64674,2384,BK-T79Y-50,1,2384,b0241b451647f25db5f52074445d820c
11110,a6d37e298c3042e300813f55a17e0875,99b7e934795a93975a5e0c0b9b57d9ba,SO64674,5,WB-H098,1,5,b0241b451647f25db5f52074445d820c
11110,d3c54b4368c62c2ff11535bf2b677170,41464bd548f06ca845208f69df30ac82,SO54367,4590,BK-M68B-42,2,4590,da9c4ba6c9a1ae8725389bfd38b5763a
11111,7299e51cfc0d5174743a6701a8a96488,56d78836c9cf0de136c4d2d37aba2280,SO64789,2384,BK-T79U-60,1,2384,58f0b42da53adeeccbfa693883fea672
11111,7299e51cfc0d5174743a6701a8a96488,56d78836c9cf0de136c4d2d37aba2280,SO64789,29,TI-T723,1,29,58f0b42da53adeeccbfa693883fea672
11111,7299e51cfc0d5174743a6701a8a96488,56d78836c9cf0de136c4d2d37aba2280,SO64789,5,TT-T092,1,5,58f0b42da53adeeccbfa693883fea672
11111,dba3e44e23a1d2c2f299811e94db7fce,51c449e55b4a63a16fb45beb689150d5,SO54307,10,BC-M005,1,10,226d694fb4b7f71d62444f9528be8704
11111,dba3e44e23a1d2c2f299811e94db7fce,51c449e55b4a63a16fb45beb689150d5,SO54307,4590,BK-M68B-46,2,4590,226d694fb4b7f71d62444f9528be8704
11111,dba3e44e23a1d2c2f299811e94db7fce,51c449e55b4a63a16fb45beb689150d5,SO54307,27,CA-1098,3,27,226d694fb4b7f71d62444f9528be8704
11111,dba3e44e23a1d2c2f299811e94db7fce,51c449e55b4a63a16fb45beb689150d5,SO54307,5,WB-H098,1,5,226d694fb4b7f71d62444f9528be8704
11111,f9906ac7d7d1241ad5c23eb95cf9c6e4,13cf8e3f6f70d6ec53d1bddcf2753024,SO44690,3400,BK-M82S-38,1,3400,478ee1bb67e4aeb3e6f63583f7896093
11112,05e9b1aef79ffc1802e11be68f5d1062,8c4ac29dd41a3906a2513ceafeeb285c,SO44712,3375,BK-M82B-38,1,3375,f9906ac7d7d1241ad5c23eb95cf9c6e4
11112,a9cefc49af6424b430612adfc69876ee,d34ba8f5d7fd7d5959a34c283fbec422,SO55860,4640,BK-M68S-42,2,4640,59c3d64cb01cd5ad7fd25246d81a55ff
11112,a9cefc49af6424b430612adfc69876ee,d34ba8f5d7fd7d5959a34c283fbec422,SO55860,22,FE-6654,1,22,59c3d64cb01cd5ad7fd25246d81a55ff
11112,a9cefc49af6424b430612adfc69876ee,d34ba8f5d7fd7d5959a34c283fbec422,SO55860,159,ST-1401,1,159,59c3d64cb01cd5ad7fd25246d81a55ff
11112,e2f0a420a4c1a9e8e292761f835e0489,4eec6eda382b9c44e240ad4b4b5e9cc0,SO65625,2384,BK-T79Y-46,1,2384,9d934f91c460e9947414d00048f2fa36
11112,e2f0a420a4c1a9e8e292761f835e0489,4eec6eda382b9c44e240ad4b4b5e9cc0,SO65625,105,HL-U509-R,3,105,9d934f91c460e9947414d00048f2fa36
11113,0dc34ca2aaa8612cde077f1880b78b25,361e2c62255e0c1887ac2139911ca300,SO52474,22,FE-6654,1,22,7f026edc73bd4602381834e9b850d6c2
11113,0dc34ca2aaa8612cde077f1880b78b25,361e2c62255e0c1887ac2139911ca300,SO52474,25,TI-M267,1,25,7f026edc73bd4602381834e9b850d6c2
11113,0dc34ca2aaa8612cde077f1880b78b25,361e2c62255e0c1887ac2139911ca300,SO52474,5,TT-M928,1,5,7f026edc73bd4602381834e9b850d6c2
11113,4ceff7612cfa4420892fe23b23ca9265,5691ac18f59a9af20f9d8703772afbba,SO56547,8,CL-9009,1,8,089c2a426c196c5ca5facb20896c90bb
11113,72e75576254db1afef14ecdc050391c2,20b851db79828c985958154243411278,SO52072,10,BC-M005,1,10,0b80ce5eab877cae9997209e0bee6e60
11113,72e75576254db1afef14ecdc050391c2,20b851db79828c985958154243411278,SO52072,105,HL-U509,3,105,0b80ce5eab877cae9997209e0bee6e60
11113,72e75576254db1afef14ecdc050391c2,20b851db79828c985958154243411278,SO52072,5,WB-H098,1,5,0b80ce5eab877cae9997209e0bee6e60
11114,16918840d98f27ce45948fe73dd5592f,04dbdf67bb8714ba18c9c36d50d1f5dc,SO62700,10,BC-M005,1,10,95103530881768b5cfc7e33970db9cd7
11114,16918840d98f27ce45948fe73dd5592f,04dbdf67bb8714ba18c9c36d50d1f5dc,SO62700,105,HL-U509-R,3,105,95103530881768b5cfc7e33970db9cd7
11114,16918840d98f27ce45948fe73dd5592f,04dbdf67bb8714ba18c9c36d50d1f5dc,SO62700,5,WB-H098,1,5,95103530881768b5cfc7e33970db9cd7
11114,4310d0d92131e34ff2716d85e1953174,90c6314650a0d54fdcabe5cd5406f9af,SO54594,8,CL-9009,1,8,d3c54b4368c62c2ff11535bf2b677170
11114,ca5b8307fa5f2189fb98330a9d65927c,88077cf01a3e17831c2d0bcca5897c5b,SO73942,105,HL-U509-R,3,105,5cbbe853aa1a5a1370f9a614904c4b15
11114,ca5b8307fa5f2189fb98330a9d65927c,88077cf01a3e17831c2d0bcca5897c5b,SO73942,25,TI-M267,1,25,5cbbe853aa1a5a1370f9a614904c4b15
11114,ca5b8307fa5f2189fb98330a9d65927c,88077cf01a3e17831c2d0bcca5897c5b,SO73942,5,TT-M928,1,5,5cbbe853aa1a5a1370f9a614904c4b15
11115,1ba7e8cdf85da6cf5e11554703236b52,9592b44e2c3f304a9875f45537bec6eb,SO73651,8,CL-9009,1,8,4c6ed4daa82e7326b84c24f4c2ae7064
11115,df09a3a727ac0f29208c5ef3bf7625e6,5cbbe853aa1a5a1370f9a614904c4b15,SO74279,10,BC-M005,1,10,9c55d6518880c1abf100a24da2546368
11115,df09a3a727ac0f29208c5ef3bf7625e6,5cbbe853aa1a5a1370f9a614904c4b15,SO74279,64,VE-C304-L,1,64,9c55d6518880c1abf100a24da2546368
11115,df09a3a727ac0f29208c5ef3bf7625e6,5cbbe853aa1a5a1370f9a614904c4b15,SO74279,5,WB-H098,1,5,9c55d6518880c1abf100a24da2546368
11115,f04e53711455521533f4c5ed7dcaa287,5e9b4970006d8f02ba0bc1763fa8b9a6,SO52526,2,PK-7098,1,2,f799d104dd23bb828dcdaaefc4d25b61
11115,f04e53711455521533f4c5ed7dcaa287,5e9b4970006d8f02ba0bc1763fa8b9a6,SO52526,25,TI-M267,1,25,f799d104dd23bb828dcdaaefc4d25b61
11116,04dbdf67bb8714ba18c9c36d50d1f5dc,4cc27df81afd686c0420394e090460cb,SO61977,10,BC-M005,1,10,2ed3972e38245b633ec6b146c2970148
11116,04dbdf67bb8714ba18c9c36d50d1f5dc,4cc27df81afd686c0420394e090460cb,SO61977,105,HL-U509-R,3,105,2ed3972e38245b633ec6b146c2970148
11116,04dbdf67bb8714ba18c9c36d50d1f5dc,4cc27df81afd686c0420394e090460cb,SO61977,64,VE-C304-L,1,64,2ed3972e38245b633ec6b146c2970148
11116,04dbdf67bb8714ba18c9c36d50d1f5dc,4cc27df81afd686c0420394e090460cb,SO61977,5,WB-H098,1,5,2ed3972e38245b633ec6b146c2970148
11116,4584ca349e0920f4436a3c2f36158b85,6e32728b966bb91cefefa1316da21ca8,SO68478,8,CL-9009,1,8,ca38f30e56a72f4d0c8d2264322c5862
11116,6d338b8c41c717c4336ad0084a80dca4,9223b53f03a405f817e91392f0294f6a,SO54433,2,PK-7098,1,2,40e7dd73b09eac540e790daf6fac41af
11116,6d338b8c41c717c4336ad0084a80dca4,9223b53f03a405f817e91392f0294f6a,SO54433,25,TI-M267,1,25,40e7dd73b09eac540e790daf6fac41af
11117,53618552e03277ca126adf3489447f11,3a863c1566a0017156508557cf038c56,SO44601,3400,BK-M82S-42,1,3400,9013568230949755036a389cb908cfb4
11117,6477c205c5117a9448ba863e111acf32,c926349b55a58d87d7d5008c349fd1e9,SO60886,2384,BK-T79Y-50,1,2384,013f173c58073e845f675d26fdde1918
11117,6477c205c5117a9448ba863e111acf32,c926349b55a58d87d7d5008c349fd1e9,SO60886,105,HL-U509,3,105,013f173c58073e845f675d26fdde1918
11117,78cee6501c10922e466c02f814c8627b,892aa61c5dad53571248cc492fa50176,SO51216,10,BC-M005,1,10,109423a52128e234487abcd717f01458
11117,78cee6501c10922e466c02f814c8627b,892aa61c5dad53571248cc492fa50176,SO51216,4640,BK-M68S-42,2,4640,109423a52128e234487abcd717f01458
11117,78cee6501c10922e466c02f814c8627b,892aa61c5dad53571248cc492fa50176,SO51216,27,CA-1098,3,27,109423a52128e234487abcd717f01458
11117,78cee6501c10922e466c02f814c8627b,892aa61c5dad53571248cc492fa50176,SO51216,22,FE-6654,1,22,109423a52128e234487abcd717f01458
11117,78cee6501c10922e466c02f814c8627b,892aa61c5dad53571248cc492fa50176,SO51216,5,WB-H098,1,5,109423a52128e234487abcd717f01458
11118,1556bafff387fc8f2f6fef64c1daa6bc,8728a5e296f39e49d2fa74c31820e99f,SO70457,8,CL-9009,1,8,e871b36e68b0b3d0af9c742d81fef27a
11118,1556bafff387fc8f2f6fef64c1daa6bc,8728a5e296f39e49d2fa74c31820e99f,SO70457,25,TI-M267,1,25,e871b36e68b0b3d0af9c742d81fef27a
11118,1556bafff387fc8f2f6fef64c1daa6bc,8728a5e296f39e49d2fa74c31820e99f,SO70457,5,TT-M928,1,5,e871b36e68b0b3d0af9c742d81fef27a
11118,4c9ae581a14adbccc0bcd009c17b6cbe,56e52500a7f5ab963646137a401683cd,SO75034,8,CL-9009,1,8,838eec1f117f2cab9e9c306f7efbff28
11118,9913e55755fcc4267a06c1e6adbbc7fb,4a70a3ec50fd16032883bf6fc79c55dd,SO61856,10,BC-M005,1,10,d53f9d33cac0a297449a74a10d031570
11118,9913e55755fcc4267a06c1e6adbbc7fb,4a70a3ec50fd16032883bf6fc79c55dd,SO61856,8,CL-9009,1,8,d53f9d33cac0a297449a74a10d031570
11118,9913e55755fcc4267a06c1e6adbbc7fb,4a70a3ec50fd16032883bf6fc79c55dd,SO61856,55,HY-1023-70,1,55,d53f9d33cac0a297449a74a10d031570
11118,9913e55755fcc4267a06c1e6adbbc7fb,4a70a3ec50fd16032883bf6fc79c55dd,SO61856,5,WB-H098,1,5,d53f9d33cac0a297449a74a10d031570
11119,128ee9ff420de424a605a0ee4a6f7916,fee8e08233f3f00450bce31967abb0f1,SO71358,150,LJ-0192-M,3,150,2797a91b25bc2aa85124c99bc574dc83
11119,b8cc77f0099ae7d3a20b9f0b74d70b12,70ad7386c1fe794c57fa3908ff22435d,SO52164,8,CL-9009,1,8,5e9b4970006d8f02ba0bc1763fa8b9a6
11119,b8cc77f0099ae7d3a20b9f0b74d70b12,70ad7386c1fe794c57fa3908ff22435d,SO52164,2,PK-7098,1,2,5e9b4970006d8f02ba0bc1763fa8b9a6
11119,b8cc77f0099ae7d3a20b9f0b74d70b12,70ad7386c1fe794c57fa3908ff22435d,SO52164,25,TI-M267,1,25,5e9b4970006d8f02ba0bc1763fa8b9a6
11120,48f5533605f0d856d47eababe46f9790,23a5b49ccc2da58997efec267bd20005,SO44657,3375,BK-M82B-44,1,3375,734960ba36ece342ee3cecd575c43e70
11120,a8ef76a01442567fb64eb6f4408a9835,427ed6396fba4ed8ead9ec3229517d2b,SO56903,4590,BK-M68B-42,2,4590,eba5233d2dd8ea5031e646882335ece0
11120,a8ef76a01442567fb64eb6f4408a9835,427ed6396fba4ed8ead9ec3229517d2b,SO56903,48,GL-H102-M,2,48,eba5233d2dd8ea5031e646882335ece0
11120,a8ef76a01442567fb64eb6f4408a9835,427ed6396fba4ed8ead9ec3229517d2b,SO56903,105,HL-U509-B,3,105,eba5233d2dd8ea5031e646882335ece0
11120,a8ef76a01442567fb64eb6f4408a9835,427ed6396fba4ed8ead9ec3229517d2b,SO56903,35,TI-M823,1,35,eba5233d2dd8ea5031e646882335ece0
11120,a8ef76a01442567fb64eb6f4408a9835,427ed6396fba4ed8ead9ec3229517d2b,SO56903,5,TT-M928,1,5,eba5233d2dd8ea5031e646882335ece0
11120,cd15e5f80ff20dd345bfaa51400dd0d6,3a2f313512bb520c43971e54ba834dec,SO66697,2384,BK-T79Y-50,1,2384,4efe8b2ca156042f8a3d8dd6aba54520
11120,cd15e5f80ff20dd345bfaa51400dd0d6,3a2f313512bb520c43971e54ba834dec,SO66697,55,HY-1023-70,1,55,4efe8b2ca156042f8a3d8dd6aba54520
11120,cd15e5f80ff20dd345bfaa51400dd0d6,3a2f313512bb520c43971e54ba834dec,SO66697,29,TI-T723,1,29,4efe8b2ca156042f8a3d8dd6aba54520
11120,cd15e5f80ff20dd345bfaa51400dd0d6,3a2f313512bb520c43971e54ba834dec,SO66697,5,TT-T092,1,5,4efe8b2ca156042f8a3d8dd6aba54520
11121,2d6e054ac82934d489c58cc8399a1628,ce08c22f7777768ce4197eab9727516c,SO60772,8,CL-9009,1,8,348f48807f500aeac729fb17d9bc97f1
11121,ccf89c691dabb1412404274596922d90,b0241b451647f25db5f52074445d820c,SO65022,8,CL-9009,1,8,7299e51cfc0d5174743a6701a8a96488
11121,ccf89c691dabb1412404274596922d90,b0241b451647f25db5f52074445d820c,SO65022,2,PK-7098,1,2,7299e51cfc0d5174743a6701a8a96488
11121,ccf89c691dabb1412404274596922d90,b0241b451647f25db5f52074445d820c,SO65022,25,TI-M267,1,25,7299e51cfc0d5174743a6701a8a96488
11121,f544b472453b297a8b55709fbfd3746d,70951886788165a5e2439adfce4d0cce,SO70025,10,BC-M005,1,10,331afa0aff1b1cfbf3d24944ab38c9d2
11121,f544b472453b297a8b55709fbfd3746d,70951886788165a5e2439adfce4d0cce,SO70025,5,WB-H098,1,5,331afa0aff1b1cfbf3d24944ab38c9d2
11122,2becb9647677a1a316b388bbad689580,013f173c58073e845f675d26fdde1918,SO61373,10,BC-M005,1,10,0383d48e76cd8a3dfb9e2a890f2cac18
11122,7299e51cfc0d5174743a6701a8a96488,56d78836c9cf0de136c4d2d37aba2280,SO64738,25,TI-M267,1,25,58f0b42da53adeeccbfa693883fea672
11122,9b98d27287b27eeee9ebc06e1d5a9a8d,0dc34ca2aaa8612cde077f1880b78b25,SO53080,8,CL-9009,1,8,18bea060239713ee5f865109f63f3a8a
11123,77a2a0387f57f7477e6ad3b5f0bb3093,6cf9e035d2f1d8ffe1b9f2f96a9e7a3a,SO75001,10,BC-M005,1,10,5728955fc583cbfd901d0ba25cb20f92
11123,77a2a0387f57f7477e6ad3b5f0bb3093,6cf9e035d2f1d8ffe1b9f2f96a9e7a3a,SO75001,105,HL-U509,3,105,5728955fc583cbfd901d0ba25cb20f92
11123,77a2a0387f57f7477e6ad3b5f0bb3093,6cf9e035d2f1d8ffe1b9f2f96a9e7a3a,SO75001,54,SJ-0194-X,1,54,5728955fc583cbfd901d0ba25cb20f92
11123,77a2a0387f57f7477e6ad3b5f0bb3093,6cf9e035d2f1d8ffe1b9f2f96a9e7a3a,SO75001,5,WB-H098,1,5,5728955fc583cbfd901d0ba25cb20f92
11123,b988e88fd94a3b47434beeb650cff880,3c1811b546060d91957cc446aabc4a3c,SO56345,8,CL-9009,1,8,18025e6a8791d350428f65c0783ebd99
11123,b988e88fd94a3b47434beeb650cff880,3c1811b546060d91957cc446aabc4a3c,SO56345,25,TI-M267,1,25,18025e6a8791d350428f65c0783ebd99
11123,b988e88fd94a3b47434beeb650cff880,3c1811b546060d91957cc446aabc4a3c,SO56345,5,TT-M928,1,5,18025e6a8791d350428f65c0783ebd99
11123,c135545cc3f3a739132ffdbc8096f3d4,36ab6f1df21f3c9a169c8942e981959a,SO68404,8,CL-9009,1,8,511572e8a25e86c2f48ae9e6d73a1e6a
11124,0e5d0e3f7f9f1ae575ea209e1c544a79,26614863fc843ef78880895407be81a2,SO44595,3400,BK-M82S-42,1,3400,5fab5dd7b511bbf33964ef9e6f1b70dc
11124,39ff8ac1e8a44088f96e17b846ec8baf,9a95fdf4e925d9cbd65f87b5aa4ac212,SO60434,2384,BK-T79Y-54,1,2384,c926349b55a58d87d7d5008c349fd1e9
11124,39ff8ac1e8a44088f96e17b846ec8baf,9a95fdf4e925d9cbd65f87b5aa4ac212,SO60434,105,HL-U509,3,105,c926349b55a58d87d7d5008c349fd1e9
11124,bee2b842cd357511cf4c8e509f5af192,5dddb266d8c26eece51489fe90c9f47d,SO51649,10,BC-M005,1,10,20b851db79828c985958154243411278
11124,bee2b842cd357511cf4c8e509f5af192,5dddb266d8c26eece51489fe90c9f47d,SO51649,4590,BK-M68B-38,2,4590,20b851db79828c985958154243411278
11124,bee2b842cd357511cf4c8e509f5af192,5dddb266d8c26eece51489fe90c9f47d,SO51649,5,WB-H098,1,5,20b851db79828c985958154243411278
11125,0d15ba5aa4c9ad0377b26e0cf7a86280,b21e833d3ead6056f1265f13fe1ff015,SO61444,2,PK-7098,1,2,4a70a3ec50fd16032883bf6fc79c55dd
11125,0d15ba5aa4c9ad0377b26e0cf7a86280,b21e833d3ead6056f1265f13fe1ff015,SO61444,25,TI-M267,1,25,4a70a3ec50fd16032883bf6fc79c55dd
11125,0d15ba5aa4c9ad0377b26e0cf7a86280,b21e833d3ead6056f1265f13fe1ff015,SO61444,5,TT-M928,1,5,4a70a3ec50fd16032883bf6fc79c55dd
11125,90c6314650a0d54fdcabe5cd5406f9af,f476906875bc5d9abe836b4ea1f485c1,SO53927,10,BC-M005,1,10,41464bd548f06ca845208f69df30ac82
11125,90c6314650a0d54fdcabe5cd5406f9af,f476906875bc5d9abe836b4ea1f485c1,SO53927,48,GL-H102-S,2,48,41464bd548f06ca845208f69df30ac82
11125,90c6314650a0d54fdcabe5cd5406f9af,f476906875bc5d9abe836b4ea1f485c1,SO53927,5,WB-H098,1,5,41464bd548f06ca845208f69df30ac82
11125,cfceb7490eff6e660974507be7c579c6,01eb8a9956865747637639482336f5f8,SO52030,8,CL-9009,1,8,e5bf4a4a03e320ed76cf2ca68fa5b4c0
11126,b95a9f47dd73bb9b799a31ae04ee7da1,175a5d217fad85df9f6639d7ced1e5d9,SO70014,742,BK-T18U-54,1,742,8728a5e296f39e49d2fa74c31820e99f
11126,b95a9f47dd73bb9b799a31ae04ee7da1,175a5d217fad85df9f6639d7ced1e5d9,SO70014,2,PK-7098,1,2,8728a5e296f39e49d2fa74c31820e99f
11126,b95a9f47dd73bb9b799a31ae04ee7da1,175a5d217fad85df9f6639d7ced1e5d9,SO70014,29,TI-T723,1,29,8728a5e296f39e49d2fa74c31820e99f
11126,b95a9f47dd73bb9b799a31ae04ee7da1,175a5d217fad85df9f6639d7ced1e5d9,SO70014,5,TT-T092,1,5,8728a5e296f39e49d2fa74c31820e99f
11126,d9f7611cf8d29b48a1d3d8fddb8c5b2e,55f9f4cb5784581a517e59904e0d5e2f,SO56683,769,BK-M38S-46,1,769,fda052162862bb845297063fd71a580c
11126,d9f7611cf8d29b48a1d3d8fddb8c5b2e,55f9f4cb5784581a517e59904e0d5e2f,SO56683,22,FE-6654,1,22,fda052162862bb845297063fd71a580c
11126,d9f7611cf8d29b48a1d3d8fddb8c5b2e,55f9f4cb5784581a517e59904e0d5e2f,SO56683,2,PK-7098,1,2,fda052162862bb845297063fd71a580c
11126,e94c59408a716e0880e846ed2af22ab6,1196d321a78d3dac9aa831bdf2b781e9,SO44728,3400,BK-M82S-38,1,3400,57353bedf8dc1d6ee91df0141dd8e8a4
11127,629ffff971d10f275a79a70fae527fbc,d6ab5a0eee939524352092b964d92b84,SO55981,4,TT-R982,1,4,3c1811b546060d91957cc446aabc4a3c
11127,702a02712215141594ddf8e52b0a651c,cd15e5f80ff20dd345bfaa51400dd0d6,SO67537,35,TI-M823,1,35,caa707f97407c07371136aaf471a91d4
11127,702a02712215141594ddf8e52b0a651c,cd15e5f80ff20dd345bfaa51400dd0d6,SO67537,5,TT-M928,1,5,caa707f97407c07371136aaf471a91d4
11128,348f48807f500aeac729fb17d9bc97f1,5072507e949a2c25948a591c4da194e1,SO60469,150,LJ-0192-S,3,150,f108e0cd2f96a0c22086f9d45ee08f19
11128,348f48807f500aeac729fb17d9bc97f1,5072507e949a2c25948a591c4da194e1,SO60469,4,TT-R982,1,4,f108e0cd2f96a0c22086f9d45ee08f19
11128,d4746e41b619da57ee9f1a2e2cc254e8,81a5d08c6beaeec9e42baae5d63dd780,SO64097,10,BC-M005,1,10,23bd9a9b90557e9da7babfb8e3d2df22
11128,d4746e41b619da57ee9f1a2e2cc254e8,81a5d08c6beaeec9e42baae5d63dd780,SO64097,105,HL-U509-B,3,105,23bd9a9b90557e9da7babfb8e3d2df22
11128,d4746e41b619da57ee9f1a2e2cc254e8,81a5d08c6beaeec9e42baae5d63dd780,SO64097,35,TI-M823,1,35,23bd9a9b90557e9da7babfb8e3d2df22
11128,d4746e41b619da57ee9f1a2e2cc254e8,81a5d08c6beaeec9e42baae5d63dd780,SO64097,5,TT-M928,1,5,23bd9a9b90557e9da7babfb8e3d2df22
11128,d4746e41b619da57ee9f1a2e2cc254e8,81a5d08c6beaeec9e42baae5d63dd780,SO64097,5,WB-H098,1,5,23bd9a9b90557e9da7babfb8e3d2df22
11129,0990769bd233255d308a2f2137e95214,4b74d4eac4c3a33d22d34af93569c011,SO51381,4590,BK-M68B-46,2,4590,9bbc713be22755b8ea8e3b596e06edd2
11129,42abc105a78a8da94e36739d809b5613,d1a0ae4091e3b6f5d980e57269582a68,SO45382,3578,BK-R93R-52,1,3578,e2bf301e1756834cb191a4103f0de32a
11130,86e0fc464cbb08ae74bd039224afec9a,38c9e5d1e366b4c5c36aae682bc960c4,SO72683,2,PK-7098,1,2,8920fd63645007b243abb750709b1172
11130,86e0fc464cbb08ae74bd039224afec9a,38c9e5d1e366b4c5c36aae682bc960c4,SO72683,35,TI-M823,1,35,8920fd63645007b243abb750709b1172
11131,08ff55594d8ca57b756a1953f77ebc89,54d3ba66c5e71d3112695b882ca2030e,SO74941,150,LJ-0192-M,3,150,12092303778fcfa88ed7d284b74c6a6a
11131,1ba7e8cdf85da6cf5e11554703236b52,9592b44e2c3f304a9875f45537bec6eb,SO73665,5,TT-T092,1,5,4c6ed4daa82e7326b84c24f4c2ae7064
11131,921bc92a493b53f98f24e6a8a12801be,17520f5649fab40fb66771362888cb90,SO71456,22,FE-6654,1,22,6a8d7e42bb852c45fbf8610361d391a0
11131,921bc92a493b53f98f24e6a8a12801be,17520f5649fab40fb66771362888cb90,SO71456,35,TI-M823,1,35,6a8d7e42bb852c45fbf8610361d391a0
11131,b2ce0ef2540789e8a6976165b6c917d8,128ee9ff420de424a605a0ee4a6f7916,SO72371,25,TI-M267,1,25,dcf73f840a50da0145f24e8e0169dc4b
11131,b2ce0ef2540789e8a6976165b6c917d8,128ee9ff420de424a605a0ee4a6f7916,SO72371,5,TT-M928,1,5,dcf73f840a50da0145f24e8e0169dc4b
11131,c885741a5e3e55c84950327011b70289,7e15f50bd26e439e6a22f5205a8064db,SO68646,10,BC-M005,1,10,0da2bc000f1fe4ea8746f9aea0bb5879
11131,c885741a5e3e55c84950327011b70289,7e15f50bd26e439e6a22f5205a8064db,SO68646,27,CA-1098,3,27,0da2bc000f1fe4ea8746f9aea0bb5879
11131,c885741a5e3e55c84950327011b70289,7e15f50bd26e439e6a22f5205a8064db,SO68646,5,WB-H098,1,5,0da2bc000f1fe4ea8746f9aea0bb5879
11132,5691ac18f59a9af20f9d8703772afbba,d8a4ea0dc4237ee8690ee37b3902fd0e,SO55957,10,BC-M005,1,10,bc761b2b7297029a695fbd6dd0470724
11132,5691ac18f59a9af20f9d8703772afbba,d8a4ea0dc4237ee8690ee37b3902fd0e,SO55957,4590,BK-M68B-42,2,4590,bc761b2b7297029a695fbd6dd0470724
11132,5691ac18f59a9af20f9d8703772afbba,d8a4ea0dc4237ee8690ee37b3902fd0e,SO55957,22,FE-6654,1,22,bc761b2b7297029a695fbd6dd0470724
11132,5691ac18f59a9af20f9d8703772afbba,d8a4ea0dc4237ee8690ee37b3902fd0e,SO55957,35,TI-M823,1,35,bc761b2b7297029a695fbd6dd0470724
11132,5691ac18f59a9af20f9d8703772afbba,d8a4ea0dc4237ee8690ee37b3902fd0e,SO55957,5,TT-M928,1,5,bc761b2b7297029a695fbd6dd0470724
11132,5691ac18f59a9af20f9d8703772afbba,d8a4ea0dc4237ee8690ee37b3902fd0e,SO55957,5,WB-H098,1,5,bc761b2b7297029a695fbd6dd0470724
11133,e4b40b4ba619c72ec5a69caad258d393,b0950d12c62d3aeda81b2e8d06f2aef4,SO74212,10,BC-M005,1,10,8babade0595c11e14dd89058a850f2cd
11133,e4b40b4ba619c72ec5a69caad258d393,b0950d12c62d3aeda81b2e8d06f2aef4,SO74212,22,FE-6654,1,22,8babade0595c11e14dd89058a850f2cd
11133,e4b40b4ba619c72ec5a69caad258d393,b0950d12c62d3aeda81b2e8d06f2aef4,SO74212,35,TI-M823,1,35,8babade0595c11e14dd89058a850f2cd
11133,e4b40b4ba619c72ec5a69caad258d393,b0950d12c62d3aeda81b2e8d06f2aef4,SO74212,5,WB-H098,1,5,8babade0595c11e14dd89058a850f2cd
11134,37d432af4c14cecfa24199777e440c0a,f3743b367906f6735a01aa72d2cf8a5e,SO44582,3400,BK-M82S-44,1,3400,835541a7e1c5fe9f0e2f6dd4fa1b8864
11134,b95a9f47dd73bb9b799a31ae04ee7da1,175a5d217fad85df9f6639d7ced1e5d9,SO70015,742,BK-T18Y-54,1,742,8728a5e296f39e49d2fa74c31820e99f
11134,e0bcd0ff3072dfe15609d6be1529b0b8,c660dc308b247ce08aeecd155306bae0,SO60741,769,BK-M38S-42,1,769,39ff8ac1e8a44088f96e17b846ec8baf
11135,fda052162862bb845297063fd71a580c,1678083e7ff90bd404baad3f60bffa37,SO56423,10,BC-M005,1,10,a2c49941411089cb2a9cbf78cb803c26
11135,fda052162862bb845297063fd71a580c,1678083e7ff90bd404baad3f60bffa37,SO56423,4640,BK-M68S-42,2,4640,a2c49941411089cb2a9cbf78cb803c26
11135,fda052162862bb845297063fd71a580c,1678083e7ff90bd404baad3f60bffa37,SO56423,5,WB-H098,1,5,a2c49941411089cb2a9cbf78cb803c26
11136,07713adfd12a8cd9d376671631f3bc02,93963041729da5d8213c536f91ed9402,SO51276,4590,BK-M68B-38,2,4590,acc20902004de8acdd3eee04bfe5f91a
11136,07713adfd12a8cd9d376671631f3bc02,93963041729da5d8213c536f91ed9402,SO51276,22,FE-6654,1,22,acc20902004de8acdd3eee04bfe5f91a
11136,07713adfd12a8cd9d376671631f3bc02,93963041729da5d8213c536f91ed9402,SO51276,64,VE-C304-M,1,64,acc20902004de8acdd3eee04bfe5f91a
11137,5728955fc583cbfd901d0ba25cb20f92,db10519e66d9a7b809b91935ad1a696d,SO74843,2,PK-7098,1,2,01e8942a5792053a553c4612bd6c06a6
11137,5728955fc583cbfd901d0ba25cb20f92,db10519e66d9a7b809b91935ad1a696d,SO74843,4,TT-R982,1,4,01e8942a5792053a553c4612bd6c06a6
11137,81a5d08c6beaeec9e42baae5d63dd780,95103530881768b5cfc7e33970db9cd7,SO63329,2,PK-7098,1,2,b210069485754303767745919c328b97
11137,81a5d08c6beaeec9e42baae5d63dd780,95103530881768b5cfc7e33970db9cd7,SO63329,159,ST-1401,1,159,b210069485754303767745919c328b97
11137,81a5d08c6beaeec9e42baae5d63dd780,95103530881768b5cfc7e33970db9cd7,SO63329,35,TI-M823,1,35,b210069485754303767745919c328b97
11138,a1e59736d286765313b8212467dc64b2,43e2cc7ff261723f93f64f3f7e9faa8d,SO74246,35,TI-M823,1,35,ca5b8307fa5f2189fb98330a9d65927c
11138,a1e59736d286765313b8212467dc64b2,43e2cc7ff261723f93f64f3f7e9faa8d,SO74246,5,TT-M928,1,5,ca5b8307fa5f2189fb98330a9d65927c
11138,cd15e5f80ff20dd345bfaa51400dd0d6,3a2f313512bb520c43971e54ba834dec,SO66642,105,HL-U509-B,3,105,4efe8b2ca156042f8a3d8dd6aba54520
11138,cd15e5f80ff20dd345bfaa51400dd0d6,3a2f313512bb520c43971e54ba834dec,SO66642,4,TT-R982,1,4,4efe8b2ca156042f8a3d8dd6aba54520
11139,4efe8b2ca156042f8a3d8dd6aba54520,e2f0a420a4c1a9e8e292761f835e0489,SO66325,27,CA-1098,3,27,e82ca4c6beebe812f10fa1041b97a160
11139,4efe8b2ca156042f8a3d8dd6aba54520,e2f0a420a4c1a9e8e292761f835e0489,SO66325,150,LJ-0192-M,3,150,e82ca4c6beebe812f10fa1041b97a160
11139,66e56e10b0f528b66a45e307ecdf4774,691ad1b0dca3643b923973defd014d47,SO68541,25,TI-M267,1,25,8eb7a1b0dba9fdd5f4248b9cb6b9119b
11140,1f50dad3f1493a5cf408c4eb3987479e,226d694fb4b7f71d62444f9528be8704,SO54694,35,TI-M823,1,35,9c56075241a26f6fa77eb86b15411c6e
11140,1f50dad3f1493a5cf408c4eb3987479e,226d694fb4b7f71d62444f9528be8704,SO54694,5,TT-M928,1,5,9c56075241a26f6fa77eb86b15411c6e
11141,8e8847c1bdf012037ee13bb62da8a5c1,c507827aa5f4f6bbedf64058461c621b,SO67234,105,HL-U509-R,3,105,6dd75c28a9a8a39e02bc0a175f82a9f3
11141,8e8847c1bdf012037ee13bb62da8a5c1,c507827aa5f4f6bbedf64058461c621b,SO67234,35,TI-M823,1,35,6dd75c28a9a8a39e02bc0a175f82a9f3
11141,8e8847c1bdf012037ee13bb62da8a5c1,c507827aa5f4f6bbedf64058461c621b,SO67234,5,TT-M928,1,5,6dd75c28a9a8a39e02bc0a175f82a9f3
11141,debbb2493c6588799fc787e1854bcda5,40883861f6e25a2e09e848a7891f4f38,SO58082,105,HL-U509-B,3,105,0814775cfc25da756a9b4197347ab771
11141,debbb2493c6588799fc787e1854bcda5,40883861f6e25a2e09e848a7891f4f38,SO58082,4,TT-R982,1,4,0814775cfc25da756a9b4197347ab771
11142,058af5b2a408d57b708367e5bf4e9d9c,e82ca4c6beebe812f10fa1041b97a160,SO66784,150,LJ-0192-L,3,150,c507827aa5f4f6bbedf64058461c621b
11142,4004a117f65dfd3221a9cce8fce5a45f,6ef7b4bb93d4e54234cf965ed2334682,SO66713,48,GL-H102-S,2,48,0120f4004ede1143c3be6caa4227affe
11142,4004a117f65dfd3221a9cce8fce5a45f,6ef7b4bb93d4e54234cf965ed2334682,SO66713,5,TT-T092,1,5,0120f4004ede1143c3be6caa4227affe
11142,41464bd548f06ca845208f69df30ac82,15aceb75d86814cb479f1b1a9487c3d4,SO53684,105,HL-U509-R,3,105,3e48b2167bd86ef570e46d0b286c4f74
11142,41464bd548f06ca845208f69df30ac82,15aceb75d86814cb479f1b1a9487c3d4,SO53684,30,TI-M602,1,30,3e48b2167bd86ef570e46d0b286c4f74
11142,41464bd548f06ca845208f69df30ac82,15aceb75d86814cb479f1b1a9487c3d4,SO53684,5,TT-M928,1,5,3e48b2167bd86ef570e46d0b286c4f74
11142,47a161474962a6dcc03cfa64127a641f,8920fd63645007b243abb750709b1172,SO73185,120,RA-H123,1,120,c5ed53572c667b119dde2fc0f54de602
11142,5c741aa8e0753be65314a304e7b39c14,d945ec2aae74dbfb829453026b91c235,SO62036,105,HL-U509-B,3,105,7ee641303ef8d8b10d0ed00a060c73cc
11142,5c741aa8e0753be65314a304e7b39c14,d945ec2aae74dbfb829453026b91c235,SO62036,25,TI-R628,1,25,7ee641303ef8d8b10d0ed00a060c73cc
11142,5c741aa8e0753be65314a304e7b39c14,d945ec2aae74dbfb829453026b91c235,SO62036,4,TT-R982,1,4,7ee641303ef8d8b10d0ed00a060c73cc
11142,63efdd3324df66c9965bd622cdebe06a,7acd252f45ad6fe668386456a673d543,SO68039,105,HL-U509-B,3,105,6e32728b966bb91cefefa1316da21ca8
11142,63efdd3324df66c9965bd622cdebe06a,7acd252f45ad6fe668386456a673d543,SO68039,25,TI-M267,1,25,6e32728b966bb91cefefa1316da21ca8
11142,63efdd3324df66c9965bd622cdebe06a,7acd252f45ad6fe668386456a673d543,SO68039,5,TT-M928,1,5,6e32728b966bb91cefefa1316da21ca8
11142,6cf9e035d2f1d8ffe1b9f2f96a9e7a3a,982b3b4109cce5d4e5bf1fcbe0ae259b,SO74625,105,HL-U509,3,105,db10519e66d9a7b809b91935ad1a696d
11142,6cf9e035d2f1d8ffe1b9f2f96a9e7a3a,982b3b4109cce5d4e5bf1fcbe0ae259b,SO74625,4,TT-R982,1,4,db10519e66d9a7b809b91935ad1a696d
11142,830e779850b1d58733a7ad711bf6b83f,39fe373cdcb4534addde73890415b660,SO56488,48,GL-H102-M,2,48,427ed6396fba4ed8ead9ec3229517d2b
11142,830e779850b1d58733a7ad711bf6b83f,39fe373cdcb4534addde73890415b660,SO56488,105,HL-U509,3,105,427ed6396fba4ed8ead9ec3229517d2b
11142,8920fd63645007b243abb750709b1172,58c4ce5b9433e7b6d41793d5a76d5590,SO72296,48,GL-H102-S,2,48,0d3057f268050d468f468434f8ec809a
11142,8920fd63645007b243abb750709b1172,58c4ce5b9433e7b6d41793d5a76d5590,SO72296,70,SH-W890-M,1,70,0d3057f268050d468f468434f8ec809a
11142,982b3b4109cce5d4e5bf1fcbe0ae259b,501407dcfde5b685045ca3072168d5bb,SO74272,105,HL-U509-R,3,105,d7f57f35d2bad1349ca24a67a2635eea
11142,982b3b4109cce5d4e5bf1fcbe0ae259b,501407dcfde5b685045ca3072168d5bb,SO74272,35,TI-M823,1,35,d7f57f35d2bad1349ca24a67a2635eea
11142,982b3b4109cce5d4e5bf1fcbe0ae259b,501407dcfde5b685045ca3072168d5bb,SO74272,5,TT-M928,1,5,d7f57f35d2bad1349ca24a67a2635eea
11142,a048b8d5f3f9178f163e2be055f0138b,c83e871e48c2716e0f28e60d166a5c98,SO72976,2,PK-7098,1,2,41ef6b06b63ba4f6a5234245a439b157
11142,a048b8d5f3f9178f163e2be055f0138b,c83e871e48c2716e0f28e60d166a5c98,SO72976,25,TI-R628,1,25,41ef6b06b63ba4f6a5234245a439b157
11142,a048b8d5f3f9178f163e2be055f0138b,c83e871e48c2716e0f28e60d166a5c98,SO72976,4,TT-R982,1,4,41ef6b06b63ba4f6a5234245a439b157
11142,ad4fbe0c82c7e5968d4cf22c2ad19e28,72e75576254db1afef14ecdc050391c2,SO52682,2,PK-7098,1,2,f5933feadc49c253e4f0e77b236946e9
11142,c5ed53572c667b119dde2fc0f54de602,0d3057f268050d468f468434f8ec809a,SO72801,21,TI-R092,1,21,e366e24b8ad0b1107528f2f58cd15a81
11142,c5ed53572c667b119dde2fc0f54de602,0d3057f268050d468f468434f8ec809a,SO72801,4,TT-R982,1,4,e366e24b8ad0b1107528f2f58cd15a81
11142,c5ed53572c667b119dde2fc0f54de602,0d3057f268050d468f468434f8ec809a,SO72801,64,VE-C304-M,1,64,e366e24b8ad0b1107528f2f58cd15a81
11142,db2f6a564b6f5f41253c68874b50962b,76918877cf6ce7011018cd9708723392,SO62247,105,HL-U509-R,3,105,606ed413481267c98754e3351f662859
11142,db2f6a564b6f5f41253c68874b50962b,76918877cf6ce7011018cd9708723392,SO62247,5,TT-T092,1,5,606ed413481267c98754e3351f662859
11142,e0bcd0ff3072dfe15609d6be1529b0b8,c660dc308b247ce08aeecd155306bae0,SO60699,9,BC-R205,1,9,39ff8ac1e8a44088f96e17b846ec8baf
11142,e0bcd0ff3072dfe15609d6be1529b0b8,c660dc308b247ce08aeecd155306bae0,SO60699,55,HY-1023-70,1,55,39ff8ac1e8a44088f96e17b846ec8baf
11142,e0bcd0ff3072dfe15609d6be1529b0b8,c660dc308b247ce08aeecd155306bae0,SO60699,5,WB-H098,1,5,39ff8ac1e8a44088f96e17b846ec8baf
11142,eba5233d2dd8ea5031e646882335ece0,629ffff971d10f275a79a70fae527fbc,SO56610,29,TI-T723,1,29,b988e88fd94a3b47434beeb650cff880
11142,f75e5f8c15ca91ec5c869dc3881f574f,3a23b248b732af434a45fce0302aa11f,SO63894,54,SJ-0194-L,1,54,03bf7d2a8718ee9aca4bd2f37e962fc4
11143,43e2cc7ff261723f93f64f3f7e9faa8d,a6f2945baeceeef4c8d541a22f6e99e9,SO73429,2,PK-7098,1,2,88077cf01a3e17831c2d0bcca5897c5b
11143,43e2cc7ff261723f93f64f3f7e9faa8d,a6f2945baeceeef4c8d541a22f6e99e9,SO73429,4,TT-R982,1,4,88077cf01a3e17831c2d0bcca5897c5b
11143,d6fb379288416774d139632beb88e26b,3ebfce6ccd7540a632ae7e6ad8100c29,SO60226,2,PK-7098,1,2,412998e77ee121227580e3d363f75fa2
11143,d6fb379288416774d139632beb88e26b,3ebfce6ccd7540a632ae7e6ad8100c29,SO60226,35,TI-M823,1,35,412998e77ee121227580e3d363f75fa2
11143,d6fb379288416774d139632beb88e26b,3ebfce6ccd7540a632ae7e6ad8100c29,SO60226,5,TT-M928,1,5,412998e77ee121227580e3d363f75fa2
11144,bee2b842cd357511cf4c8e509f5af192,5dddb266d8c26eece51489fe90c9f47d,SO51647,4590,BK-M68B-46,2,4590,20b851db79828c985958154243411278
11144,bee2b842cd357511cf4c8e509f5af192,5dddb266d8c26eece51489fe90c9f47d,SO51647,55,HY-1023-70,1,55,20b851db79828c985958154243411278
11144,bee2b842cd357511cf4c8e509f5af192,5dddb266d8c26eece51489fe90c9f47d,SO51647,150,LJ-0192-X,3,150,20b851db79828c985958154243411278
11145,bee2b842cd357511cf4c8e509f5af192,5dddb266d8c26eece51489fe90c9f47d,SO51648,10,BC-M005,1,10,20b851db79828c985958154243411278
11145,bee2b842cd357511cf4c8e509f5af192,5dddb266d8c26eece51489fe90c9f47d,SO51648,4590,BK-M68B-46,2,4590,20b851db79828c985958154243411278
11145,bee2b842cd357511cf4c8e509f5af192,5dddb266d8c26eece51489fe90c9f47d,SO51648,5,WB-H098,1,5,20b851db79828c985958154243411278
11146,0120f4004ede1143c3be6caa4227affe,93ddc10d6cf61153011df052aa76671f,SO66376,5,TT-M928,1,5,07b7d2aed13a63a16377587dcc0abbe8
11146,99b7e934795a93975a5e0c0b9b57d9ba,870bd4f3713260418e4f342f31dc7e33,SO63829,54,SJ-0194-M,1,54,7a8e187aeb003f6e34c02a4d5b9b153e
11146,f799d104dd23bb828dcdaaefc4d25b61,ca510b577b53d588f80b4fc76030ea52,SO52286,10,BC-M005,1,10,cfceb7490eff6e660974507be7c579c6
11146,f799d104dd23bb828dcdaaefc4d25b61,ca510b577b53d588f80b4fc76030ea52,SO52286,27,CA-1098,3,27,cfceb7490eff6e660974507be7c579c6
11146,f799d104dd23bb828dcdaaefc4d25b61,ca510b577b53d588f80b4fc76030ea52,SO52286,25,TI-M267,1,25,cfceb7490eff6e660974507be7c579c6
11146,f799d104dd23bb828dcdaaefc4d25b61,ca510b577b53d588f80b4fc76030ea52,SO52286,5,TT-M928,1,5,cfceb7490eff6e660974507be7c579c6
11146,f799d104dd23bb828dcdaaefc4d25b61,ca510b577b53d588f80b4fc76030ea52,SO52286,5,WB-H098,1,5,cfceb7490eff6e660974507be7c579c6
11147,4584ca349e0920f4436a3c2f36158b85,6e32728b966bb91cefefa1316da21ca8,SO68538,2384,BK-T79Y-46,1,2384,ca38f30e56a72f4d0c8d2264322c5862
11147,4584ca349e0920f4436a3c2f36158b85,6e32728b966bb91cefefa1316da21ca8,SO68538,48,GL-H102-M,2,48,ca38f30e56a72f4d0c8d2264322c5862
11147,4584ca349e0920f4436a3c2f36158b85,6e32728b966bb91cefefa1316da21ca8,SO68538,105,HL-U509,3,105,ca38f30e56a72f4d0c8d2264322c5862
11147,8c4ac29dd41a3906a2513ceafeeb285c,9013568230949755036a389cb908cfb4,SO44650,3375,BK-M82B-48,1,3375,13cf8e3f6f70d6ec53d1bddcf2753024
11147,d76e0ba1fa041675ae9af958c5b41ae4,b988e88fd94a3b47434beeb650cff880,SO57004,4640,BK-M68S-42,2,4640,cae5717327bee7d74e261c550aa5081f
11147,d76e0ba1fa041675ae9af958c5b41ae4,b988e88fd94a3b47434beeb650cff880,SO57004,22,FE-6654,1,22,cae5717327bee7d74e261c550aa5081f
11147,d76e0ba1fa041675ae9af958c5b41ae4,b988e88fd94a3b47434beeb650cff880,SO57004,105,HL-U509-R,3,105,cae5717327bee7d74e261c550aa5081f
11148,226d694fb4b7f71d62444f9528be8704,714597fe9448176d17876617114a65bc,SO53989,54,SJ-0194-M,1,54,9444f850ff0c10a862b4a6a9c4ab0a74
11148,3f72b837978dcd042b73e7270f11a4ca,83d1ed00595e79ee5ea3797e97970fe8,SO70251,2,PK-7098,1,2,99c8f306659fd98cbb9d7f03ec0c2a7a
11148,3f72b837978dcd042b73e7270f11a4ca,83d1ed00595e79ee5ea3797e97970fe8,SO70251,25,TI-M267,1,25,99c8f306659fd98cbb9d7f03ec0c2a7a
11148,3f72b837978dcd042b73e7270f11a4ca,83d1ed00595e79ee5ea3797e97970fe8,SO70251,5,TT-M928,1,5,99c8f306659fd98cbb9d7f03ec0c2a7a
11148,545a3d56d20b22e09aa85bfa5ed8738d,31c99d724c1f182c60edb82eb4740277,SO72191,105,HL-U509-R,3,105,a9cd7a99d71cca9cb644010050374ade
11148,545a3d56d20b22e09aa85bfa5ed8738d,31c99d724c1f182c60edb82eb4740277,SO72191,5,TT-M928,1,5,a9cd7a99d71cca9cb644010050374ade
11149,0d3057f268050d468f468434f8ec809a,fd5ba6fdeb81e07b2caf0b103489bd8d,SO71957,27,CA-1098,3,27,921bc92a493b53f98f24e6a8a12801be
11149,7254e54716fe52361e62aa16ea2e0797,6eaadc1181f307997dc853d9ed40db36,SO59414,2,PK-7098,1,2,e7df1b3ee078bdcfc260a877f321287d
11149,7254e54716fe52361e62aa16ea2e0797,6eaadc1181f307997dc853d9ed40db36,SO59414,5,TT-M928,1,5,e7df1b3ee078bdcfc260a877f321287d
11149,83d1ed00595e79ee5ea3797e97970fe8,fe1fd19c021e78ec395980c2e347865e,SO69162,25,TI-M267,1,25,705fa39ab40831529471c768490339ab
11150,41fc4cb27e0ee552c4c9247e1a476cc5,6d338b8c41c717c4336ad0084a80dca4,SO55095,48,GL-H102-L,2,48,6e5c4b769f8f70f9fd01b24ba5be9695
11150,41fc4cb27e0ee552c4c9247e1a476cc5,6d338b8c41c717c4336ad0084a80dca4,SO55095,105,HL-U509-R,3,105,6e5c4b769f8f70f9fd01b24ba5be9695
11150,41fc4cb27e0ee552c4c9247e1a476cc5,6d338b8c41c717c4336ad0084a80dca4,SO55095,54,SJ-0194-M,1,54,6e5c4b769f8f70f9fd01b24ba5be9695
11150,41fc4cb27e0ee552c4c9247e1a476cc5,6d338b8c41c717c4336ad0084a80dca4,SO55095,25,TI-M267,1,25,6e5c4b769f8f70f9fd01b24ba5be9695
11150,41fc4cb27e0ee552c4c9247e1a476cc5,6d338b8c41c717c4336ad0084a80dca4,SO55095,5,TT-M928,1,5,6e5c4b769f8f70f9fd01b24ba5be9695
11150,7983129d9883ebc3b9dce3311996b001,0df76889b3e31ccfd17b50cc73baef03,SO59763,105,HL-U509,3,105,7254e54716fe52361e62aa16ea2e0797
11150,7983129d9883ebc3b9dce3311996b001,0df76889b3e31ccfd17b50cc73baef03,SO59763,5,TT-M928,1,5,7254e54716fe52361e62aa16ea2e0797
11150,94c60e0b5e2b0f78b919a5d4c67d70a2,0d15ba5aa4c9ad0377b26e0cf7a86280,SO62170,27,CA-1098,3,27,9913e55755fcc4267a06c1e6adbbc7fb
11151,427ed6396fba4ed8ead9ec3229517d2b,3519c8eb4095dbc69d80eb61856d3435,SO56269,4590,BK-M68B-46,2,4590,629ffff971d10f275a79a70fae527fbc
11151,427ed6396fba4ed8ead9ec3229517d2b,3519c8eb4095dbc69d80eb61856d3435,SO56269,22,FE-6654,1,22,629ffff971d10f275a79a70fae527fbc
11151,427ed6396fba4ed8ead9ec3229517d2b,3519c8eb4095dbc69d80eb61856d3435,SO56269,2,PK-7098,1,2,629ffff971d10f275a79a70fae527fbc
11151,478ee1bb67e4aeb3e6f63583f7896093,37d432af4c14cecfa24199777e440c0a,SO44662,3375,BK-M82B-42,1,3375,050bcbb7849a1aed0fb1af1cdb635b4a
11151,c4369eefdf9bb8a3f9115e96b40aaf17,b34050290c25b0f7b52a2b8f767df87d,SO68811,2384,BK-T79Y-46,1,2384,c135545cc3f3a739132ffdbc8096f3d4
11151,c4369eefdf9bb8a3f9115e96b40aaf17,b34050290c25b0f7b52a2b8f767df87d,SO68811,27,CA-1098,3,27,c135545cc3f3a739132ffdbc8096f3d4
11152,0990769bd233255d308a2f2137e95214,4b74d4eac4c3a33d22d34af93569c011,SO51382,4590,BK-M68B-42,2,4590,9bbc713be22755b8ea8e3b596e06edd2
11153,d6ab5a0eee939524352092b964d92b84,106dfbaf552c07a1b08d065f2c343982,SO55189,4,TT-R982,1,4,3c4bf68562424c26986beae6ce13704a
11153,d6ab5a0eee939524352092b964d92b84,106dfbaf552c07a1b08d065f2c343982,SO55189,64,VE-C304-S,1,64,3c4bf68562424c26986beae6ce13704a
11153,d6ab5a0eee939524352092b964d92b84,106dfbaf552c07a1b08d065f2c343982,SO55215,2,PK-7098,1,2,3c4bf68562424c26986beae6ce13704a
11153,d6ab5a0eee939524352092b964d92b84,106dfbaf552c07a1b08d065f2c343982,SO55215,35,TI-M823,1,35,3c4bf68562424c26986beae6ce13704a
11153,d6ab5a0eee939524352092b964d92b84,106dfbaf552c07a1b08d065f2c343982,SO55215,5,TT-M928,1,5,3c4bf68562424c26986beae6ce13704a
11154,bc58efba5e800fb688b34bfde89c24bf,acc20902004de8acdd3eee04bfe5f91a,SO51398,4640,BK-M68S-42,2,4640,3500da16b6d3d0da611bc08c2b1e1c05
11155,5b07cd2a9dfb9437a07ea3012d6efbb7,109423a52128e234487abcd717f01458,SO51324,4640,BK-M68S-38,2,4640,4ef92eb2724526d42848579d94bf7748
11156,96a3262695f10a59b726f3dfd4782c4d,4c198b2e79c53a9853bfbc76e8e8ae1e,SO51365,4590,BK-M68B-38,2,4590,07713adfd12a8cd9d376671631f3bc02
11156,96a3262695f10a59b726f3dfd4782c4d,4c198b2e79c53a9853bfbc76e8e8ae1e,SO51365,55,HY-1023-70,1,55,07713adfd12a8cd9d376671631f3bc02
11156,96a3262695f10a59b726f3dfd4782c4d,4c198b2e79c53a9853bfbc76e8e8ae1e,SO51365,35,TI-M823,1,35,07713adfd12a8cd9d376671631f3bc02
11156,96a3262695f10a59b726f3dfd4782c4d,4c198b2e79c53a9853bfbc76e8e8ae1e,SO51365,5,TT-M928,1,5,07713adfd12a8cd9d376671631f3bc02
11157,16918840d98f27ce45948fe73dd5592f,04dbdf67bb8714ba18c9c36d50d1f5dc,SO62705,2,PK-7098,1,2,95103530881768b5cfc7e33970db9cd7
11157,16918840d98f27ce45948fe73dd5592f,04dbdf67bb8714ba18c9c36d50d1f5dc,SO62705,4,TT-R982,1,4,95103530881768b5cfc7e33970db9cd7
11157,dfcee565bb2da80a7b76451a5cd314a1,6582aa26281b9a92ad60e6a03e274c00,SO66182,35,TI-M823,1,35,64cadfde6f66bc25043d0d69f5ae5471
11158,01eb8a9956865747637639482336f5f8,e8c0bfc4371d81db0dacde1b8fa393ca,SO51534,4640,BK-M68S-38,2,4640,0a6c721efa4fbe33f8e9e76a63f5b591
11158,01eb8a9956865747637639482336f5f8,e8c0bfc4371d81db0dacde1b8fa393ca,SO51534,22,FE-6654,1,22,0a6c721efa4fbe33f8e9e76a63f5b591
11158,01eb8a9956865747637639482336f5f8,e8c0bfc4371d81db0dacde1b8fa393ca,SO51534,54,SJ-0194-M,1,54,0a6c721efa4fbe33f8e9e76a63f5b591
11159,3f72b837978dcd042b73e7270f11a4ca,83d1ed00595e79ee5ea3797e97970fe8,SO70285,2,PK-7098,1,2,99c8f306659fd98cbb9d7f03ec0c2a7a
11159,3f72b837978dcd042b73e7270f11a4ca,83d1ed00595e79ee5ea3797e97970fe8,SO70285,35,TI-M823,1,35,99c8f306659fd98cbb9d7f03ec0c2a7a
11159,3f72b837978dcd042b73e7270f11a4ca,83d1ed00595e79ee5ea3797e97970fe8,SO70285,5,TT-M928,1,5,99c8f306659fd98cbb9d7f03ec0c2a7a
11159,6ef7b4bb93d4e54234cf965ed2334682,ccf89c691dabb1412404274596922d90,SO65963,2,PK-7098,1,2,93ddc10d6cf61153011df052aa76671f
11159,6ef7b4bb93d4e54234cf965ed2334682,ccf89c691dabb1412404274596922d90,SO65963,4,TT-R982,1,4,93ddc10d6cf61153011df052aa76671f
11160,9b98d27287b27eeee9ebc06e1d5a9a8d,0dc34ca2aaa8612cde077f1880b78b25,SO53121,4640,BK-M68S-38,2,4640,18bea060239713ee5f865109f63f3a8a
11160,9b98d27287b27eeee9ebc06e1d5a9a8d,0dc34ca2aaa8612cde077f1880b78b25,SO53121,2,PK-7098,1,2,18bea060239713ee5f865109f63f3a8a
11161,9e8cbc3edbb5efb3f48d6afb260e4725,174acf6ca4e9804d47a59a499422e621,SO59239,10,BC-M005,1,10,640540d73b85c3ecd2e3bf5541686e87
11161,9e8cbc3edbb5efb3f48d6afb260e4725,174acf6ca4e9804d47a59a499422e621,SO59239,35,TI-M823,1,35,640540d73b85c3ecd2e3bf5541686e87
11161,9e8cbc3edbb5efb3f48d6afb260e4725,174acf6ca4e9804d47a59a499422e621,SO59239,5,TT-M928,1,5,640540d73b85c3ecd2e3bf5541686e87
11161,9e8cbc3edbb5efb3f48d6afb260e4725,174acf6ca4e9804d47a59a499422e621,SO59239,5,WB-H098,1,5,640540d73b85c3ecd2e3bf5541686e87
11161,fee8e08233f3f00450bce31967abb0f1,331afa0aff1b1cfbf3d24944ab38c9d2,SO70532,105,HL-U509-B,3,105,86bfb8ffc7a79e52d833cedce4d275bf
11161,fee8e08233f3f00450bce31967abb0f1,331afa0aff1b1cfbf3d24944ab38c9d2,SO70532,4,TT-R982,1,4,86bfb8ffc7a79e52d833cedce4d275bf
11162,3143ce3c6436ed5bd25398756b7b661d,6be9692276a308e4b872323af1ad8fe2,SO52957,4590,BK-M68B-38,2,4590,ad4fbe0c82c7e5968d4cf22c2ad19e28
11162,3143ce3c6436ed5bd25398756b7b661d,6be9692276a308e4b872323af1ad8fe2,SO52957,105,HL-U509-B,3,105,ad4fbe0c82c7e5968d4cf22c2ad19e28
11163,8c9ec1be720ee75d56d0c250d10610fa,16918840d98f27ce45948fe73dd5592f,SO63663,2,PK-7098,1,2,81a5d08c6beaeec9e42baae5d63dd780
11163,8c9ec1be720ee75d56d0c250d10610fa,16918840d98f27ce45948fe73dd5592f,SO63663,35,TI-M823,1,35,81a5d08c6beaeec9e42baae5d63dd780
11163,8c9ec1be720ee75d56d0c250d10610fa,16918840d98f27ce45948fe73dd5592f,SO63663,5,TT-M928,1,5,81a5d08c6beaeec9e42baae5d63dd780
11163,ab4946738415af86b5e3cee69b13301f,ed268f8f3837888893f896b7240f1254,SO57255,4,TT-R982,1,4,fde67888c64f701b59876ec559099b3e
11164,8c9ec1be720ee75d56d0c250d10610fa,16918840d98f27ce45948fe73dd5592f,SO63662,105,HL-U509-R,3,105,81a5d08c6beaeec9e42baae5d63dd780
11164,8c9ec1be720ee75d56d0c250d10610fa,16918840d98f27ce45948fe73dd5592f,SO63662,35,TI-M823,1,35,81a5d08c6beaeec9e42baae5d63dd780
11164,8c9ec1be720ee75d56d0c250d10610fa,16918840d98f27ce45948fe73dd5592f,SO63662,5,TT-M928,1,5,81a5d08c6beaeec9e42baae5d63dd780
11164,8c9ec1be720ee75d56d0c250d10610fa,16918840d98f27ce45948fe73dd5592f,SO63662,64,VE-C304-M,1,64,81a5d08c6beaeec9e42baae5d63dd780
11164,a8ef76a01442567fb64eb6f4408a9835,427ed6396fba4ed8ead9ec3229517d2b,SO56861,2,PK-7098,1,2,eba5233d2dd8ea5031e646882335ece0
11164,a8ef76a01442567fb64eb6f4408a9835,427ed6396fba4ed8ead9ec3229517d2b,SO56861,4,TT-R982,1,4,eba5233d2dd8ea5031e646882335ece0
11165,254d832c83ccdb2c33eab65a4fd196ff,75fe8d7dec9d2a51be64595ab37dc674,SO59536,35,TI-M823,1,35,4a800301260b2639fa1ec3efafb5f86c
11165,478ecc8cdaa127c33884d9f6c72c2cd5,3fbd0407b55d3a3da21388a2ddbf881c,SO58598,4,TT-R982,1,4,174acf6ca4e9804d47a59a499422e621
11165,478ecc8cdaa127c33884d9f6c72c2cd5,3fbd0407b55d3a3da21388a2ddbf881c,SO58598,64,VE-C304-L,1,64,174acf6ca4e9804d47a59a499422e621
11166,e366e24b8ad0b1107528f2f58cd15a81,921bc92a493b53f98f24e6a8a12801be,SO72475,35,TI-M823,1,35,c83e871e48c2716e0f28e60d166a5c98
11166,e366e24b8ad0b1107528f2f58cd15a81,921bc92a493b53f98f24e6a8a12801be,SO72475,5,TT-M928,1,5,c83e871e48c2716e0f28e60d166a5c98
11166,fe1fd19c021e78ec395980c2e347865e,16e364d19895243407b256ec272d5394,SO68351,105,HL-U509,3,105,63efdd3324df66c9965bd622cdebe06a
11166,fe1fd19c021e78ec395980c2e347865e,16e364d19895243407b256ec272d5394,SO68351,9,SO-R809-L,1,9,63efdd3324df66c9965bd622cdebe06a
11166,fe1fd19c021e78ec395980c2e347865e,16e364d19895243407b256ec272d5394,SO68351,4,TT-R982,1,4,63efdd3324df66c9965bd622cdebe06a
11167,a9cd7a99d71cca9cb644010050374ade,3db19f5f710f10e90ecc7154c649d60a,SO71758,742,BK-T18Y-58,1,742,128ee9ff420de424a605a0ee4a6f7916
11167,a9cd7a99d71cca9cb644010050374ade,3db19f5f710f10e90ecc7154c649d60a,SO71758,54,SJ-0194-X,1,54,128ee9ff420de424a605a0ee4a6f7916
11167,e8c0bfc4371d81db0dacde1b8fa393ca,e5cdc2e9be5ecca55f34ea2ebabb8670,SO51348,4590,BK-M68B-42,2,4590,01070cf843f2ca45e3d4ec7c02c52551
11167,e8c0bfc4371d81db0dacde1b8fa393ca,e5cdc2e9be5ecca55f34ea2ebabb8670,SO51348,35,TI-M823,1,35,01070cf843f2ca45e3d4ec7c02c52551
11168,3db19f5f710f10e90ecc7154c649d60a,f544b472453b297a8b55709fbfd3746d,SO70924,742,BK-T18Y-50,1,742,fee8e08233f3f00450bce31967abb0f1
11168,3db19f5f710f10e90ecc7154c649d60a,f544b472453b297a8b55709fbfd3746d,SO70924,105,HL-U509,3,105,fee8e08233f3f00450bce31967abb0f1
11168,a7cb0a760406e2013c8442a429fed0ae,07713adfd12a8cd9d376671631f3bc02,SO51469,4590,BK-M68B-46,2,4590,bc58efba5e800fb688b34bfde89c24bf
11168,a7cb0a760406e2013c8442a429fed0ae,07713adfd12a8cd9d376671631f3bc02,SO51469,22,FE-6654,1,22,bc58efba5e800fb688b34bfde89c24bf
11168,a7cb0a760406e2013c8442a429fed0ae,07713adfd12a8cd9d376671631f3bc02,SO51469,2,PK-7098,1,2,bc58efba5e800fb688b34bfde89c24bf
11168,a7cb0a760406e2013c8442a429fed0ae,07713adfd12a8cd9d376671631f3bc02,SO51469,35,TI-M823,1,35,bc58efba5e800fb688b34bfde89c24bf
11168,a7cb0a760406e2013c8442a429fed0ae,07713adfd12a8cd9d376671631f3bc02,SO51469,5,TT-M928,1,5,bc58efba5e800fb688b34bfde89c24bf
11169,a189cc17a15cdb4e39e80dfcd8374c76,b0b2c17e5682f78d8fc262463fd0a4f3,SO58649,105,HL-U509,3,105,244cede513841376c37dc856f2f5e7b9
11169,a189cc17a15cdb4e39e80dfcd8374c76,b0b2c17e5682f78d8fc262463fd0a4f3,SO58649,4,TT-R982,1,4,244cede513841376c37dc856f2f5e7b9
11169,a1d0c0a14c6c8f8a8ef8220209c23a64,05e7920e8caf0303dc01b77666952b75,SO66984,2,PK-7098,1,2,cd15e5f80ff20dd345bfaa51400dd0d6
11169,a1d0c0a14c6c8f8a8ef8220209c23a64,05e7920e8caf0303dc01b77666952b75,SO66984,35,TI-M823,1,35,cd15e5f80ff20dd345bfaa51400dd0d6
11169,a1d0c0a14c6c8f8a8ef8220209c23a64,05e7920e8caf0303dc01b77666952b75,SO66984,5,TT-M928,1,5,cd15e5f80ff20dd345bfaa51400dd0d6
11170,a1fedb8f5f2e08543339a5f167bee6b7,8b9fe4b34e3c54f08bfcac3d9691e260,SO64994,22,FE-6654,1,22,4eec6eda382b9c44e240ad4b4b5e9cc0
11170,a1fedb8f5f2e08543339a5f167bee6b7,8b9fe4b34e3c54f08bfcac3d9691e260,SO64994,2,PK-7098,1,2,4eec6eda382b9c44e240ad4b4b5e9cc0
11170,a1fedb8f5f2e08543339a5f167bee6b7,8b9fe4b34e3c54f08bfcac3d9691e260,SO64994,35,TI-M823,1,35,4eec6eda382b9c44e240ad4b4b5e9cc0
11170,d27974ca95fd620ac92cf95bf8c1d1f2,4c6ed4daa82e7326b84c24f4c2ae7064,SO74158,27,CA-1098,3,27,3e107cd1554225ea3056ed5010adce90
11170,d27974ca95fd620ac92cf95bf8c1d1f2,4c6ed4daa82e7326b84c24f4c2ae7064,SO74158,105,HL-U509-R,3,105,3e107cd1554225ea3056ed5010adce90
11170,d27974ca95fd620ac92cf95bf8c1d1f2,4c6ed4daa82e7326b84c24f4c2ae7064,SO74158,150,LJ-0192-S,3,150,3e107cd1554225ea3056ed5010adce90
11170,d27974ca95fd620ac92cf95bf8c1d1f2,4c6ed4daa82e7326b84c24f4c2ae7064,SO74158,4,TT-R982,1,4,3e107cd1554225ea3056ed5010adce90
11171,20b5e9ce0f87defd975a322149ec8cc6,9bbc713be22755b8ea8e3b596e06edd2,SO51490,10,BC-M005,1,10,679eed5d77e30211eb990c0c13145df3
11171,20b5e9ce0f87defd975a322149ec8cc6,9bbc713be22755b8ea8e3b596e06edd2,SO51490,4590,BK-M68B-38,2,4590,679eed5d77e30211eb990c0c13145df3
11171,20b5e9ce0f87defd975a322149ec8cc6,9bbc713be22755b8ea8e3b596e06edd2,SO51490,22,FE-6654,1,22,679eed5d77e30211eb990c0c13145df3
11171,20b5e9ce0f87defd975a322149ec8cc6,9bbc713be22755b8ea8e3b596e06edd2,SO51490,55,HY-1023-70,1,55,679eed5d77e30211eb990c0c13145df3
11171,2e2f00bd76bf684c963392e80aa33f5c,cd59b1822cd84a7b984662e762bba828,SO45463,3578,BK-R93R-48,1,3578,2a4234d94b0d548e524e2871335265f0
11171,3f72b837978dcd042b73e7270f11a4ca,83d1ed00595e79ee5ea3797e97970fe8,SO70299,9,BC-R205,1,9,99c8f306659fd98cbb9d7f03ec0c2a7a
11171,3f72b837978dcd042b73e7270f11a4ca,83d1ed00595e79ee5ea3797e97970fe8,SO70299,742,BK-T18Y-54,1,742,99c8f306659fd98cbb9d7f03ec0c2a7a
11171,3f72b837978dcd042b73e7270f11a4ca,83d1ed00595e79ee5ea3797e97970fe8,SO70299,5,WB-H098,1,5,99c8f306659fd98cbb9d7f03ec0c2a7a
11172,54d3ba66c5e71d3112695b882ca2030e,e4b40b4ba619c72ec5a69caad258d393,SO74581,10,BC-M005,1,10,40eee601514259a9632d510ca71226cc
11172,54d3ba66c5e71d3112695b882ca2030e,e4b40b4ba619c72ec5a69caad258d393,SO74581,105,HL-U509,3,105,40eee601514259a9632d510ca71226cc
11172,54d3ba66c5e71d3112695b882ca2030e,e4b40b4ba619c72ec5a69caad258d393,SO74581,35,TI-M823,1,35,40eee601514259a9632d510ca71226cc
11172,54d3ba66c5e71d3112695b882ca2030e,e4b40b4ba619c72ec5a69caad258d393,SO74581,5,TT-M928,1,5,40eee601514259a9632d510ca71226cc
11172,54d3ba66c5e71d3112695b882ca2030e,e4b40b4ba619c72ec5a69caad258d393,SO74581,5,WB-H098,1,5,40eee601514259a9632d510ca71226cc
11172,73b2264d673ee7b5b2e7e165020516ac,4ceff7612cfa4420892fe23b23ca9265,SO57383,105,HL-U509,3,105,8d71482745a6a1be4fbbc5562ade4657
11172,73b2264d673ee7b5b2e7e165020516ac,4ceff7612cfa4420892fe23b23ca9265,SO57383,4,TT-R982,1,4,8d71482745a6a1be4fbbc5562ade4657
11173,3e107cd1554225ea3056ed5010adce90,aa14ddbc43aa2d3be1e6ac019bb7b5bc,SO73809,4,TT-R982,1,4,43e2cc7ff261723f93f64f3f7e9faa8d
11173,3e107cd1554225ea3056ed5010adce90,aa14ddbc43aa2d3be1e6ac019bb7b5bc,SO73809,64,VE-C304-M,1,64,43e2cc7ff261723f93f64f3f7e9faa8d
11173,9444f850ff0c10a862b4a6a9c4ab0a74,3143ce3c6436ed5bd25398756b7b661d,SO53753,35,TI-M823,1,35,76e3c19dbb0dadc4c6dc771d856e4676
11174,5c741aa8e0753be65314a304e7b39c14,d945ec2aae74dbfb829453026b91c235,SO62062,2,PK-7098,1,2,7ee641303ef8d8b10d0ed00a060c73cc
11174,5c741aa8e0753be65314a304e7b39c14,d945ec2aae74dbfb829453026b91c235,SO62062,35,TI-M823,1,35,7ee641303ef8d8b10d0ed00a060c73cc
11174,5c741aa8e0753be65314a304e7b39c14,d945ec2aae74dbfb829453026b91c235,SO62062,5,TT-M928,1,5,7ee641303ef8d8b10d0ed00a060c73cc
11174,f46ace11e93788e473124f7be16a19d5,5c741aa8e0753be65314a304e7b39c14,SO62770,2,PK-7098,1,2,4555f65c4664801d78b9f5477f89d8fd
11174,f46ace11e93788e473124f7be16a19d5,5c741aa8e0753be65314a304e7b39c14,SO62770,4,TT-R982,1,4,4555f65c4664801d78b9f5477f89d8fd
11175,18f7c9bb65478213b7dcd26262dde1a0,235096cd6d16ea6b32ab3dfe3cd7fc1d,SO45512,3578,BK-R93R-48,1,3578,bf88ef1a27a7c08ac5123685d7229944
11175,70ad7386c1fe794c57fa3908ff22435d,bc58efba5e800fb688b34bfde89c24bf,SO51591,4640,BK-M68S-38,2,4640,b2e85aa5f9c095607e638c7e6e2c694b
11175,70ad7386c1fe794c57fa3908ff22435d,bc58efba5e800fb688b34bfde89c24bf,SO51591,22,FE-6654,1,22,b2e85aa5f9c095607e638c7e6e2c694b
11175,b95a9f47dd73bb9b799a31ae04ee7da1,175a5d217fad85df9f6639d7ced1e5d9,SO69993,9,BC-R205,1,9,8728a5e296f39e49d2fa74c31820e99f
11175,b95a9f47dd73bb9b799a31ae04ee7da1,175a5d217fad85df9f6639d7ced1e5d9,SO69993,742,BK-T18U-44,1,742,8728a5e296f39e49d2fa74c31820e99f
11175,b95a9f47dd73bb9b799a31ae04ee7da1,175a5d217fad85df9f6639d7ced1e5d9,SO69993,29,TI-T723,1,29,8728a5e296f39e49d2fa74c31820e99f
11175,b95a9f47dd73bb9b799a31ae04ee7da1,175a5d217fad85df9f6639d7ced1e5d9,SO69993,5,TT-T092,1,5,8728a5e296f39e49d2fa74c31820e99f
11175,b95a9f47dd73bb9b799a31ae04ee7da1,175a5d217fad85df9f6639d7ced1e5d9,SO69993,5,WB-H098,1,5,8728a5e296f39e49d2fa74c31820e99f
11176,01e8942a5792053a553c4612bd6c06a6,6583882ca853d66524856501b27519f5,SO74699,2,PK-7098,1,2,722dc621a1a56555843f574144bfcdf0
11176,01e8942a5792053a553c4612bd6c06a6,6583882ca853d66524856501b27519f5,SO74699,33,TI-R982,1,33,722dc621a1a56555843f574144bfcdf0
11176,01e8942a5792053a553c4612bd6c06a6,6583882ca853d66524856501b27519f5,SO74699,4,TT-R982,1,4,722dc621a1a56555843f574144bfcdf0
11176,03bf7d2a8718ee9aca4bd2f37e962fc4,290499d9b8e65db426ba9b842714eb6d,SO63551,48,GL-H102-L,2,48,7130adfd843cdcb6d0bcd9d13792693a
11176,03bf7d2a8718ee9aca4bd2f37e962fc4,290499d9b8e65db426ba9b842714eb6d,SO63551,4,TT-R982,1,4,7130adfd843cdcb6d0bcd9d13792693a
11176,0dc34ca2aaa8612cde077f1880b78b25,361e2c62255e0c1887ac2139911ca300,SO52472,48,GL-H102-S,2,48,7f026edc73bd4602381834e9b850d6c2
11176,0dc34ca2aaa8612cde077f1880b78b25,361e2c62255e0c1887ac2139911ca300,SO52472,105,HL-U509-B,3,105,7f026edc73bd4602381834e9b850d6c2
11176,15699e35c72c4036c71409f3f3d69528,f5933feadc49c253e4f0e77b236946e9,SO53026,25,TI-M267,1,25,deff8ad81a213d1110c1f409a7f40fcd
11176,17520f5649fab40fb66771362888cb90,1faee5670542865e021595151379fe5c,SO70606,27,CA-1098,3,27,3f72b837978dcd042b73e7270f11a4ca
11176,17520f5649fab40fb66771362888cb90,1faee5670542865e021595151379fe5c,SO70606,54,SJ-0194-L,1,54,3f72b837978dcd042b73e7270f11a4ca
11176,1f50dad3f1493a5cf408c4eb3987479e,226d694fb4b7f71d62444f9528be8704,SO54661,9,BC-R205,1,9,9c56075241a26f6fa77eb86b15411c6e
11176,1f50dad3f1493a5cf408c4eb3987479e,226d694fb4b7f71d62444f9528be8704,SO54661,5,WB-H098,1,5,9c56075241a26f6fa77eb86b15411c6e
11176,2fb09097185e604aaadbfde958fd6262,a1e59736d286765313b8212467dc64b2,SO74596,5,TT-T092,1,5,88d8e3ff674b1514a19b24621707f0d9
11176,31c99d724c1f182c60edb82eb4740277,e84848120190a8d0e696fbeb15647a74,SO71234,21,TI-R092,1,21,3db19f5f710f10e90ecc7154c649d60a
11176,3a23b248b732af434a45fce0302aa11f,db2f6a564b6f5f41253c68874b50962b,SO62958,2,PK-7098,1,2,290499d9b8e65db426ba9b842714eb6d
11176,3a23b248b732af434a45fce0302aa11f,db2f6a564b6f5f41253c68874b50962b,SO62958,4,TT-R982,1,4,290499d9b8e65db426ba9b842714eb6d
11176,3c1811b546060d91957cc446aabc4a3c,3c4bf68562424c26986beae6ce13704a,SO55691,150,LJ-0192-X,3,150,3c8e2c51453f4d665f1050da871dead6
11176,41464bd548f06ca845208f69df30ac82,15aceb75d86814cb479f1b1a9487c3d4,SO53666,120,RA-H123,1,120,3e48b2167bd86ef570e46d0b286c4f74
11176,60b901e6d879ccf3b3246e54133acee5,01e8942a5792053a553c4612bd6c06a6,SO75070,25,TI-M267,1,25,021d7f51f97fea2b23b069288066b34d
11176,629ffff971d10f275a79a70fae527fbc,d6ab5a0eee939524352092b964d92b84,SO55982,105,HL-U509-R,3,105,3c1811b546060d91957cc446aabc4a3c
11176,629ffff971d10f275a79a70fae527fbc,d6ab5a0eee939524352092b964d92b84,SO55982,25,TI-R628,1,25,3c1811b546060d91957cc446aabc4a3c
11176,629ffff971d10f275a79a70fae527fbc,d6ab5a0eee939524352092b964d92b84,SO55982,4,TT-R982,1,4,3c1811b546060d91957cc446aabc4a3c
11176,6cf9e035d2f1d8ffe1b9f2f96a9e7a3a,982b3b4109cce5d4e5bf1fcbe0ae259b,SO74634,48,GL-H102-S,2,48,db10519e66d9a7b809b91935ad1a696d
11176,6cf9e035d2f1d8ffe1b9f2f96a9e7a3a,982b3b4109cce5d4e5bf1fcbe0ae259b,SO74634,150,LJ-0192-X,3,150,db10519e66d9a7b809b91935ad1a696d
11176,6cf9e035d2f1d8ffe1b9f2f96a9e7a3a,982b3b4109cce5d4e5bf1fcbe0ae259b,SO74634,70,SH-W890-M,1,70,db10519e66d9a7b809b91935ad1a696d
11176,6d1d8a1c7851eb5a946d45009cea6d9f,3f0c8308e4e2e5c4ddc1b7e19304f613,SO65702,105,HL-U509-B,3,105,6582aa26281b9a92ad60e6a03e274c00
11176,6d1d8a1c7851eb5a946d45009cea6d9f,3f0c8308e4e2e5c4ddc1b7e19304f613,SO65702,5,WB-H098,1,5,6582aa26281b9a92ad60e6a03e274c00
11176,8728a5e296f39e49d2fa74c31820e99f,66e56e10b0f528b66a45e307ecdf4774,SO69587,105,HL-U509-B,3,105,3fe686907939d07097f6c87f08025422
11176,8728a5e296f39e49d2fa74c31820e99f,66e56e10b0f528b66a45e307ecdf4774,SO69587,5,TT-T092,1,5,3fe686907939d07097f6c87f08025422
11176,8e8847c1bdf012037ee13bb62da8a5c1,c507827aa5f4f6bbedf64058461c621b,SO67222,2,PK-7098,1,2,6dd75c28a9a8a39e02bc0a175f82a9f3
11176,8e8847c1bdf012037ee13bb62da8a5c1,c507827aa5f4f6bbedf64058461c621b,SO67222,30,TI-M602,1,30,6dd75c28a9a8a39e02bc0a175f82a9f3
11176,94b225b5b1f09ecd5e8ecdfb681ff04c,03bf7d2a8718ee9aca4bd2f37e962fc4,SO64316,2,PK-7098,1,2,61e00b038efd34bdf9c747596273cbcf
11176,94b225b5b1f09ecd5e8ecdfb681ff04c,03bf7d2a8718ee9aca4bd2f37e962fc4,SO64316,25,TI-R628,1,25,61e00b038efd34bdf9c747596273cbcf
11176,94b225b5b1f09ecd5e8ecdfb681ff04c,03bf7d2a8718ee9aca4bd2f37e962fc4,SO64316,4,TT-R982,1,4,61e00b038efd34bdf9c747596273cbcf
11176,9f79f7706bc6a7654ef0b8977966f69a,e2f7ff887646789ea003d03bc2025325,SO52127,105,HL-U509-B,3,105,361e2c62255e0c1887ac2139911ca300
11176,9f79f7706bc6a7654ef0b8977966f69a,e2f7ff887646789ea003d03bc2025325,SO52127,33,TI-R982,1,33,361e2c62255e0c1887ac2139911ca300
11176,9f79f7706bc6a7654ef0b8977966f69a,e2f7ff887646789ea003d03bc2025325,SO52127,4,TT-R982,1,4,361e2c62255e0c1887ac2139911ca300
11176,a1d0c0a14c6c8f8a8ef8220209c23a64,05e7920e8caf0303dc01b77666952b75,SO66957,105,HL-U509-B,3,105,cd15e5f80ff20dd345bfaa51400dd0d6
11176,ab2e81a99745ffff6c06e2be93290d1b,76e3c19dbb0dadc4c6dc771d856e4676,SO54116,2,PK-7098,1,2,1685ca8ff12ea83725a1c35e1d89c5cd
11176,ab2e81a99745ffff6c06e2be93290d1b,76e3c19dbb0dadc4c6dc771d856e4676,SO54116,33,TI-R982,1,33,1685ca8ff12ea83725a1c35e1d89c5cd
11176,ad4fbe0c82c7e5968d4cf22c2ad19e28,72e75576254db1afef14ecdc050391c2,SO52708,22,FE-6654,1,22,f5933feadc49c253e4f0e77b236946e9
11176,ad4fbe0c82c7e5968d4cf22c2ad19e28,72e75576254db1afef14ecdc050391c2,SO52708,9,SO-R809-L,1,9,f5933feadc49c253e4f0e77b236946e9
11176,ad4fbe0c82c7e5968d4cf22c2ad19e28,72e75576254db1afef14ecdc050391c2,SO52708,35,TI-M823,1,35,f5933feadc49c253e4f0e77b236946e9
11176,c926349b55a58d87d7d5008c349fd1e9,9e8cbc3edbb5efb3f48d6afb260e4725,SO60065,8,CL-9009,1,8,ccb91034934bb047c5f6a32eb289b95b
11176,c926349b55a58d87d7d5008c349fd1e9,9e8cbc3edbb5efb3f48d6afb260e4725,SO60065,2,PK-7098,1,2,ccb91034934bb047c5f6a32eb289b95b
11176,c926349b55a58d87d7d5008c349fd1e9,9e8cbc3edbb5efb3f48d6afb260e4725,SO60065,33,TI-R982,1,33,ccb91034934bb047c5f6a32eb289b95b
11176,c926349b55a58d87d7d5008c349fd1e9,9e8cbc3edbb5efb3f48d6afb260e4725,SO60065,4,TT-R982,1,4,ccb91034934bb047c5f6a32eb289b95b
11176,d6fb379288416774d139632beb88e26b,3ebfce6ccd7540a632ae7e6ad8100c29,SO60198,2,PK-7098,1,2,412998e77ee121227580e3d363f75fa2
11176,ef5bad66aa19ccfb82cacb73584b83ea,0e23f371129aecc6b2033620b226f8d7,SO57861,2,PK-7098,1,2,485ae69515bc4c60ef546ff289741f60
11176,ef5bad66aa19ccfb82cacb73584b83ea,0e23f371129aecc6b2033620b226f8d7,SO57861,29,TI-T723,1,29,485ae69515bc4c60ef546ff289741f60
11176,ef5bad66aa19ccfb82cacb73584b83ea,0e23f371129aecc6b2033620b226f8d7,SO57861,5,TT-T092,1,5,485ae69515bc4c60ef546ff289741f60
11176,f04e53711455521533f4c5ed7dcaa287,5e9b4970006d8f02ba0bc1763fa8b9a6,SO52535,2,PK-7098,1,2,f799d104dd23bb828dcdaaefc4d25b61
11176,f04e53711455521533f4c5ed7dcaa287,5e9b4970006d8f02ba0bc1763fa8b9a6,SO52535,21,TI-R092,1,21,f799d104dd23bb828dcdaaefc4d25b61
11176,f04e53711455521533f4c5ed7dcaa287,5e9b4970006d8f02ba0bc1763fa8b9a6,SO52538,150,LJ-0192-X,3,150,f799d104dd23bb828dcdaaefc4d25b61
11176,f04e53711455521533f4c5ed7dcaa287,5e9b4970006d8f02ba0bc1763fa8b9a6,SO52538,25,TI-M267,1,25,f799d104dd23bb828dcdaaefc4d25b61
11176,f04e53711455521533f4c5ed7dcaa287,5e9b4970006d8f02ba0bc1763fa8b9a6,SO52538,5,TT-M928,1,5,f799d104dd23bb828dcdaaefc4d25b61
11176,f06fd077b6afc2d69af6e1e548da266d,c135545cc3f3a739132ffdbc8096f3d4,SO69262,105,HL-U509,3,105,175a5d217fad85df9f6639d7ced1e5d9
11176,f06fd077b6afc2d69af6e1e548da266d,c135545cc3f3a739132ffdbc8096f3d4,SO69262,150,LJ-0192-S,3,150,175a5d217fad85df9f6639d7ced1e5d9
11176,f06fd077b6afc2d69af6e1e548da266d,c135545cc3f3a739132ffdbc8096f3d4,SO69262,25,TI-M267,1,25,175a5d217fad85df9f6639d7ced1e5d9
11176,f06fd077b6afc2d69af6e1e548da266d,c135545cc3f3a739132ffdbc8096f3d4,SO69262,5,TT-M928,1,5,175a5d217fad85df9f6639d7ced1e5d9
11177,d6ab5a0eee939524352092b964d92b84,106dfbaf552c07a1b08d065f2c343982,SO55191,2,PK-7098,1,2,3c4bf68562424c26986beae6ce13704a
11177,d6ab5a0eee939524352092b964d92b84,106dfbaf552c07a1b08d065f2c343982,SO55191,4,TT-R982,1,4,3c4bf68562424c26986beae6ce13704a
11177,fe1fd19c021e78ec395980c2e347865e,16e364d19895243407b256ec272d5394,SO68374,105,HL-U509-R,3,105,63efdd3324df66c9965bd622cdebe06a
11177,fe1fd19c021e78ec395980c2e347865e,16e364d19895243407b256ec272d5394,SO68374,54,SJ-0194-X,1,54,63efdd3324df66c9965bd622cdebe06a
11177,fe1fd19c021e78ec395980c2e347865e,16e364d19895243407b256ec272d5394,SO68374,35,TI-M823,1,35,63efdd3324df66c9965bd622cdebe06a
11177,fe1fd19c021e78ec395980c2e347865e,16e364d19895243407b256ec272d5394,SO68374,5,TT-M928,1,5,63efdd3324df66c9965bd622cdebe06a
11178,9b98d27287b27eeee9ebc06e1d5a9a8d,0dc34ca2aaa8612cde077f1880b78b25,SO53085,105,HL-U509,3,105,18bea060239713ee5f865109f63f3a8a
11178,9b98d27287b27eeee9ebc06e1d5a9a8d,0dc34ca2aaa8612cde077f1880b78b25,SO53085,4,TT-R982,1,4,18bea060239713ee5f865109f63f3a8a
11178,9b98d27287b27eeee9ebc06e1d5a9a8d,0dc34ca2aaa8612cde077f1880b78b25,SO53085,64,VE-C304-S,1,64,18bea060239713ee5f865109f63f3a8a
11178,a189cc17a15cdb4e39e80dfcd8374c76,b0b2c17e5682f78d8fc262463fd0a4f3,SO58674,2,PK-7098,1,2,244cede513841376c37dc856f2f5e7b9
11178,a189cc17a15cdb4e39e80dfcd8374c76,b0b2c17e5682f78d8fc262463fd0a4f3,SO58674,35,TI-M823,1,35,244cede513841376c37dc856f2f5e7b9
11178,a189cc17a15cdb4e39e80dfcd8374c76,b0b2c17e5682f78d8fc262463fd0a4f3,SO58674,5,TT-M928,1,5,244cede513841376c37dc856f2f5e7b9
11179,13b7c2277967bc61802018c764b5b2a0,9c55d6518880c1abf100a24da2546368,SO74508,48,GL-H102-M,2,48,0e000451f430d2e5b745a08b4ee7836c
11179,13b7c2277967bc61802018c764b5b2a0,9c55d6518880c1abf100a24da2546368,SO74508,105,HL-U509-B,3,105,0e000451f430d2e5b745a08b4ee7836c
11179,13b7c2277967bc61802018c764b5b2a0,9c55d6518880c1abf100a24da2546368,SO74508,4,TT-R982,1,4,0e000451f430d2e5b745a08b4ee7836c
11179,dba3e44e23a1d2c2f299811e94db7fce,51c449e55b4a63a16fb45beb689150d5,SO54293,22,FE-6654,1,22,226d694fb4b7f71d62444f9528be8704
11179,dba3e44e23a1d2c2f299811e94db7fce,51c449e55b4a63a16fb45beb689150d5,SO54293,35,TI-M823,1,35,226d694fb4b7f71d62444f9528be8704
11179,dba3e44e23a1d2c2f299811e94db7fce,51c449e55b4a63a16fb45beb689150d5,SO54293,5,TT-M928,1,5,226d694fb4b7f71d62444f9528be8704
11180,0001ffe4d82d0d8f9fec5ab0b4faa2db,3dc63b2d6dcc8f0b6720b06b5439a0b1,SO67055,48,GL-H102-S,2,48,4004a117f65dfd3221a9cce8fce5a45f
11180,0001ffe4d82d0d8f9fec5ab0b4faa2db,3dc63b2d6dcc8f0b6720b06b5439a0b1,SO67055,105,HL-U509-R,3,105,4004a117f65dfd3221a9cce8fce5a45f
11180,0001ffe4d82d0d8f9fec5ab0b4faa2db,3dc63b2d6dcc8f0b6720b06b5439a0b1,SO67055,35,TI-M823,1,35,4004a117f65dfd3221a9cce8fce5a45f
11180,0001ffe4d82d0d8f9fec5ab0b4faa2db,3dc63b2d6dcc8f0b6720b06b5439a0b1,SO67055,5,TT-M928,1,5,4004a117f65dfd3221a9cce8fce5a45f
11180,106dfbaf552c07a1b08d065f2c343982,3f20f21c57e09a6c071e44d1fe74b58a,SO54537,105,HL-U509,3,105,dba3e44e23a1d2c2f299811e94db7fce
11180,106dfbaf552c07a1b08d065f2c343982,3f20f21c57e09a6c071e44d1fe74b58a,SO54537,4,TT-R982,1,4,dba3e44e23a1d2c2f299811e94db7fce
11181,485ae69515bc4c60ef546ff289741f60,40ff348468b73116a7077c246985e0bf,SO57619,2,PK-7098,1,2,375bde15092f45652b6398c1dff650d0
11181,485ae69515bc4c60ef546ff289741f60,40ff348468b73116a7077c246985e0bf,SO57619,35,TI-M823,1,35,375bde15092f45652b6398c1dff650d0
11181,606ed413481267c98754e3351f662859,4ddc8821c34bceaf3dba4a18741acca3,SO61929,4,TT-R982,1,4,f8025d3776b5f7522a6120cb4e9e0783
11182,9d934f91c460e9947414d00048f2fa36,94b225b5b1f09ecd5e8ecdfb681ff04c,SO65124,2,PK-7098,1,2,3f0c8308e4e2e5c4ddc1b7e19304f613
11182,9d934f91c460e9947414d00048f2fa36,94b225b5b1f09ecd5e8ecdfb681ff04c,SO65124,35,TI-M823,1,35,3f0c8308e4e2e5c4ddc1b7e19304f613
11182,9d934f91c460e9947414d00048f2fa36,94b225b5b1f09ecd5e8ecdfb681ff04c,SO65124,5,TT-M928,1,5,3f0c8308e4e2e5c4ddc1b7e19304f613
11182,d612b5fb3f6011688fb0c9927693365a,3e107cd1554225ea3056ed5010adce90,SO74379,105,HL-U509,3,105,a1e59736d286765313b8212467dc64b2
11182,d612b5fb3f6011688fb0c9927693365a,3e107cd1554225ea3056ed5010adce90,SO74379,4,TT-R982,1,4,a1e59736d286765313b8212467dc64b2
11183,0e23f371129aecc6b2033620b226f8d7,fda052162862bb845297063fd71a580c,SO57192,2,PK-7098,1,2,40ff348468b73116a7077c246985e0bf
11183,0e23f371129aecc6b2033620b226f8d7,fda052162862bb845297063fd71a580c,SO57192,4,TT-R982,1,4,40ff348468b73116a7077c246985e0bf
11183,c926349b55a58d87d7d5008c349fd1e9,9e8cbc3edbb5efb3f48d6afb260e4725,SO60089,35,TI-M823,1,35,ccb91034934bb047c5f6a32eb289b95b
11183,c926349b55a58d87d7d5008c349fd1e9,9e8cbc3edbb5efb3f48d6afb260e4725,SO60089,5,TT-M928,1,5,ccb91034934bb047c5f6a32eb289b95b
11184,56d78836c9cf0de136c4d2d37aba2280,ba19c22033aaecc6c5dad47f63e5858c,SO63975,22,FE-6654,1,22,8c9ec1be720ee75d56d0c250d10610fa
11184,56d78836c9cf0de136c4d2d37aba2280,ba19c22033aaecc6c5dad47f63e5858c,SO63975,35,TI-M823,1,35,8c9ec1be720ee75d56d0c250d10610fa
11184,56d78836c9cf0de136c4d2d37aba2280,ba19c22033aaecc6c5dad47f63e5858c,SO63975,5,TT-M928,1,5,8c9ec1be720ee75d56d0c250d10610fa
11184,63efdd3324df66c9965bd622cdebe06a,7acd252f45ad6fe668386456a673d543,SO68030,2,PK-7098,1,2,6e32728b966bb91cefefa1316da21ca8
11184,63efdd3324df66c9965bd622cdebe06a,7acd252f45ad6fe668386456a673d543,SO68030,4,TT-R982,1,4,6e32728b966bb91cefefa1316da21ca8
11185,0001ffe4d82d0d8f9fec5ab0b4faa2db,3dc63b2d6dcc8f0b6720b06b5439a0b1,SO67018,105,HL-U509-R,3,105,4004a117f65dfd3221a9cce8fce5a45f
11185,07b31bae17c7890b17d79a654aa230cf,a976f17830aceaaa93d5daef0bc209a3,SO58146,9,BC-R205,1,9,ef5bad66aa19ccfb82cacb73584b83ea
11185,07b31bae17c7890b17d79a654aa230cf,a976f17830aceaaa93d5daef0bc209a3,SO58146,29,TI-T723,1,29,ef5bad66aa19ccfb82cacb73584b83ea
11185,07b31bae17c7890b17d79a654aa230cf,a976f17830aceaaa93d5daef0bc209a3,SO58146,5,TT-T092,1,5,ef5bad66aa19ccfb82cacb73584b83ea
11185,106dfbaf552c07a1b08d065f2c343982,3f20f21c57e09a6c071e44d1fe74b58a,SO54550,105,HL-U509-R,3,105,dba3e44e23a1d2c2f299811e94db7fce
11185,106dfbaf552c07a1b08d065f2c343982,3f20f21c57e09a6c071e44d1fe74b58a,SO54550,30,TI-M602,1,30,dba3e44e23a1d2c2f299811e94db7fce
11185,106dfbaf552c07a1b08d065f2c343982,3f20f21c57e09a6c071e44d1fe74b58a,SO54550,5,TT-M928,1,5,dba3e44e23a1d2c2f299811e94db7fce
11185,2797a91b25bc2aa85124c99bc574dc83,86bfb8ffc7a79e52d833cedce4d275bf,SO71036,105,HL-U509-R,3,105,a9adf65abbb865184bf924d14a93d0c4
11185,2797a91b25bc2aa85124c99bc574dc83,86bfb8ffc7a79e52d833cedce4d275bf,SO71036,5,TT-T092,1,5,a9adf65abbb865184bf924d14a93d0c4
11185,331afa0aff1b1cfbf3d24944ab38c9d2,c885741a5e3e55c84950327011b70289,SO69671,105,HL-U509-B,3,105,962bae2fb03296a3b9cacabfa929322c
11185,331afa0aff1b1cfbf3d24944ab38c9d2,c885741a5e3e55c84950327011b70289,SO69671,25,TI-M267,1,25,962bae2fb03296a3b9cacabfa929322c
11185,331afa0aff1b1cfbf3d24944ab38c9d2,c885741a5e3e55c84950327011b70289,SO69671,5,TT-M928,1,5,962bae2fb03296a3b9cacabfa929322c
11185,4b5c3229e0725ef8d303f494db9faec8,f46ace11e93788e473124f7be16a19d5,SO63705,2,PK-7098,1,2,0149f124a48640c62d90840ac5760331
11185,4b5c3229e0725ef8d303f494db9faec8,f46ace11e93788e473124f7be16a19d5,SO63705,25,TI-R628,1,25,0149f124a48640c62d90840ac5760331
11185,4c9ae581a14adbccc0bcd009c17b6cbe,56e52500a7f5ab963646137a401683cd,SO75038,54,SJ-0194-M,1,54,838eec1f117f2cab9e9c306f7efbff28
11185,4c9ae581a14adbccc0bcd009c17b6cbe,56e52500a7f5ab963646137a401683cd,SO75038,21,TI-R092,1,21,838eec1f117f2cab9e9c306f7efbff28
11185,4c9ae581a14adbccc0bcd009c17b6cbe,56e52500a7f5ab963646137a401683cd,SO75038,4,TT-R982,1,4,838eec1f117f2cab9e9c306f7efbff28
11185,5efefff01843f5aa3f7d8a4d44b4bf2e,922d04aa1f67bbe0270bfad98508f43e,SO62543,105,HL-U509-B,3,105,db2f6a564b6f5f41253c68874b50962b
11185,5efefff01843f5aa3f7d8a4d44b4bf2e,922d04aa1f67bbe0270bfad98508f43e,SO62543,4,TT-R982,1,4,db2f6a564b6f5f41253c68874b50962b
11185,61e00b038efd34bdf9c747596273cbcf,7130adfd843cdcb6d0bcd9d13792693a,SO64008,48,GL-H102-M,2,48,4b5c3229e0725ef8d303f494db9faec8
11185,61e00b038efd34bdf9c747596273cbcf,7130adfd843cdcb6d0bcd9d13792693a,SO64008,105,HL-U509-R,3,105,4b5c3229e0725ef8d303f494db9faec8
11185,6a8d7e42bb852c45fbf8610361d391a0,3f72b837978dcd042b73e7270f11a4ca,SO71107,2,PK-7098,1,2,49fce086a31f1cfcf16b54e462f7cbc0
11185,6d338b8c41c717c4336ad0084a80dca4,9223b53f03a405f817e91392f0294f6a,SO54444,2,PK-7098,1,2,40e7dd73b09eac540e790daf6fac41af
11185,6d338b8c41c717c4336ad0084a80dca4,9223b53f03a405f817e91392f0294f6a,SO54444,33,TI-R982,1,33,40e7dd73b09eac540e790daf6fac41af
11185,6d338b8c41c717c4336ad0084a80dca4,9223b53f03a405f817e91392f0294f6a,SO54444,4,TT-R982,1,4,40e7dd73b09eac540e790daf6fac41af
11185,7130adfd843cdcb6d0bcd9d13792693a,d1024973c3d10f08cb9fa1736e6ed8b7,SO63072,27,CA-1098,3,27,f46ace11e93788e473124f7be16a19d5
11185,7130adfd843cdcb6d0bcd9d13792693a,d1024973c3d10f08cb9fa1736e6ed8b7,SO63072,54,SJ-0194-S,1,54,f46ace11e93788e473124f7be16a19d5
11185,7299e51cfc0d5174743a6701a8a96488,56d78836c9cf0de136c4d2d37aba2280,SO64740,21,TI-R092,1,21,58f0b42da53adeeccbfa693883fea672
11185,7a8e187aeb003f6e34c02a4d5b9b153e,2fe1a028f9398deb2efcd536c8246fae,SO63497,9,BC-R205,1,9,ba19c22033aaecc6c5dad47f63e5858c
11185,7a8e187aeb003f6e34c02a4d5b9b153e,2fe1a028f9398deb2efcd536c8246fae,SO63497,105,HL-U509,3,105,ba19c22033aaecc6c5dad47f63e5858c
11185,7a8e187aeb003f6e34c02a4d5b9b153e,2fe1a028f9398deb2efcd536c8246fae,SO63497,5,WB-H098,1,5,ba19c22033aaecc6c5dad47f63e5858c
11185,7ee641303ef8d8b10d0ed00a060c73cc,eef21e68ecca703bb338920b950f203c,SO61737,2,PK-7098,1,2,0d15ba5aa4c9ad0377b26e0cf7a86280
11185,7ee641303ef8d8b10d0ed00a060c73cc,eef21e68ecca703bb338920b950f203c,SO61737,4,TT-R982,1,4,0d15ba5aa4c9ad0377b26e0cf7a86280
11185,8eb7a1b0dba9fdd5f4248b9cb6b9119b,9f1ff00ea8fd9fd8f2d421ba5ec45a18,SO68206,2,PK-7098,1,2,c7390752782466cfc9a3ed7d3a79e046
11185,8eb7a1b0dba9fdd5f4248b9cb6b9119b,9f1ff00ea8fd9fd8f2d421ba5ec45a18,SO68206,25,TI-R628,1,25,c7390752782466cfc9a3ed7d3a79e046
11185,8eb7a1b0dba9fdd5f4248b9cb6b9119b,9f1ff00ea8fd9fd8f2d421ba5ec45a18,SO68206,4,TT-R982,1,4,c7390752782466cfc9a3ed7d3a79e046
11185,962bae2fb03296a3b9cacabfa929322c,0da2bc000f1fe4ea8746f9aea0bb5879,SO69111,70,SH-W890-M,1,70,c4369eefdf9bb8a3f9115e96b40aaf17
11185,962bae2fb03296a3b9cacabfa929322c,0da2bc000f1fe4ea8746f9aea0bb5879,SO69111,54,SJ-0194-X,1,54,c4369eefdf9bb8a3f9115e96b40aaf17
11185,9b98d27287b27eeee9ebc06e1d5a9a8d,0dc34ca2aaa8612cde077f1880b78b25,SO53092,27,CA-1098,3,27,18bea060239713ee5f865109f63f3a8a
11185,9b98d27287b27eeee9ebc06e1d5a9a8d,0dc34ca2aaa8612cde077f1880b78b25,SO53092,105,HL-U509-R,3,105,18bea060239713ee5f865109f63f3a8a
11185,9b98d27287b27eeee9ebc06e1d5a9a8d,0dc34ca2aaa8612cde077f1880b78b25,SO53092,150,LJ-0192-X,3,150,18bea060239713ee5f865109f63f3a8a
11185,9b98d27287b27eeee9ebc06e1d5a9a8d,0dc34ca2aaa8612cde077f1880b78b25,SO53092,25,TI-M267,1,25,18bea060239713ee5f865109f63f3a8a
11185,9b98d27287b27eeee9ebc06e1d5a9a8d,0dc34ca2aaa8612cde077f1880b78b25,SO53092,5,TT-M928,1,5,18bea060239713ee5f865109f63f3a8a
11185,a048b8d5f3f9178f163e2be055f0138b,c83e871e48c2716e0f28e60d166a5c98,SO72956,150,LJ-0192-S,3,150,41ef6b06b63ba4f6a5234245a439b157
11185,a1e59736d286765313b8212467dc64b2,43e2cc7ff261723f93f64f3f7e9faa8d,SO74245,22,FE-6654,1,22,ca5b8307fa5f2189fb98330a9d65927c
11185,a1e59736d286765313b8212467dc64b2,43e2cc7ff261723f93f64f3f7e9faa8d,SO74245,105,HL-U509-R,3,105,ca5b8307fa5f2189fb98330a9d65927c
11185,a1e59736d286765313b8212467dc64b2,43e2cc7ff261723f93f64f3f7e9faa8d,SO74245,35,TI-M823,1,35,ca5b8307fa5f2189fb98330a9d65927c
11185,a1e59736d286765313b8212467dc64b2,43e2cc7ff261723f93f64f3f7e9faa8d,SO74245,64,VE-C304-S,1,64,ca5b8307fa5f2189fb98330a9d65927c
11185,ab4946738415af86b5e3cee69b13301f,ed268f8f3837888893f896b7240f1254,SO57260,25,TI-M267,1,25,fde67888c64f701b59876ec559099b3e
11185,ab4946738415af86b5e3cee69b13301f,ed268f8f3837888893f896b7240f1254,SO57260,5,TT-M928,1,5,fde67888c64f701b59876ec559099b3e
11185,d4746e41b619da57ee9f1a2e2cc254e8,81a5d08c6beaeec9e42baae5d63dd780,SO64079,105,HL-U509,3,105,23bd9a9b90557e9da7babfb8e3d2df22
11185,d4746e41b619da57ee9f1a2e2cc254e8,81a5d08c6beaeec9e42baae5d63dd780,SO64079,33,TI-R982,1,33,23bd9a9b90557e9da7babfb8e3d2df22
11185,d4746e41b619da57ee9f1a2e2cc254e8,81a5d08c6beaeec9e42baae5d63dd780,SO64079,4,TT-R982,1,4,23bd9a9b90557e9da7babfb8e3d2df22
11185,de5009f9bf3e9725d2381f4a5e913111,2296af5563b2061aa1d88124a37eecb7,SO67361,33,TI-R982,1,33,a1d0c0a14c6c8f8a8ef8220209c23a64
11185,de5009f9bf3e9725d2381f4a5e913111,2296af5563b2061aa1d88124a37eecb7,SO67361,4,TT-R982,1,4,a1d0c0a14c6c8f8a8ef8220209c23a64
11185,e82ca4c6beebe812f10fa1041b97a160,9d934f91c460e9947414d00048f2fa36,SO66040,8,CL-9009,1,8,6d1d8a1c7851eb5a946d45009cea6d9f
11185,e82ca4c6beebe812f10fa1041b97a160,9d934f91c460e9947414d00048f2fa36,SO66040,159,ST-1401,1,159,6d1d8a1c7851eb5a946d45009cea6d9f
11185,e82ca4c6beebe812f10fa1041b97a160,9d934f91c460e9947414d00048f2fa36,SO66040,25,TI-M267,1,25,6d1d8a1c7851eb5a946d45009cea6d9f
11185,e82ca4c6beebe812f10fa1041b97a160,9d934f91c460e9947414d00048f2fa36,SO66040,5,TT-M928,1,5,6d1d8a1c7851eb5a946d45009cea6d9f
11185,f75e5f8c15ca91ec5c869dc3881f574f,3a23b248b732af434a45fce0302aa11f,SO63905,105,HL-U509,3,105,03bf7d2a8718ee9aca4bd2f37e962fc4
11185,f75e5f8c15ca91ec5c869dc3881f574f,3a23b248b732af434a45fce0302aa11f,SO63905,64,VE-C304-M,1,64,03bf7d2a8718ee9aca4bd2f37e962fc4
11185,f75e5f8c15ca91ec5c869dc3881f574f,3a23b248b732af434a45fce0302aa11f,SO63905,5,WB-H098,1,5,03bf7d2a8718ee9aca4bd2f37e962fc4
11185,f8025d3776b5f7522a6120cb4e9e0783,2d6e054ac82934d489c58cc8399a1628,SO61613,2,PK-7098,1,2,d945ec2aae74dbfb829453026b91c235
11185,f8025d3776b5f7522a6120cb4e9e0783,2d6e054ac82934d489c58cc8399a1628,SO61613,33,TI-R982,1,33,d945ec2aae74dbfb829453026b91c235
11185,f8025d3776b5f7522a6120cb4e9e0783,2d6e054ac82934d489c58cc8399a1628,SO61613,4,TT-R982,1,4,d945ec2aae74dbfb829453026b91c235
11185,fff3c307c93eda1eb91d53ca588846fe,4584ca349e0920f4436a3c2f36158b85,SO69327,8,CL-9009,1,8,70951886788165a5e2439adfce4d0cce
11185,fff3c307c93eda1eb91d53ca588846fe,4584ca349e0920f4436a3c2f36158b85,SO69327,2,PK-7098,1,2,70951886788165a5e2439adfce4d0cce
11185,fff3c307c93eda1eb91d53ca588846fe,4584ca349e0920f4436a3c2f36158b85,SO69327,5,TT-T092,1,5,70951886788165a5e2439adfce4d0cce
11186,88d8e3ff674b1514a19b24621707f0d9,ca5b8307fa5f2189fb98330a9d65927c,SO74464,2,PK-7098,1,2,df09a3a727ac0f29208c5ef3bf7625e6
11186,88d8e3ff674b1514a19b24621707f0d9,ca5b8307fa5f2189fb98330a9d65927c,SO74464,35,TI-M823,1,35,df09a3a727ac0f29208c5ef3bf7625e6
11186,c885741a5e3e55c84950327011b70289,7e15f50bd26e439e6a22f5205a8064db,SO68635,4,TT-R982,1,4,0da2bc000f1fe4ea8746f9aea0bb5879
11187,3519c8eb4095dbc69d80eb61856d3435,6e5c4b769f8f70f9fd01b24ba5be9695,SO55563,4,TT-R982,1,4,d6ab5a0eee939524352092b964d92b84
11187,3519c8eb4095dbc69d80eb61856d3435,6e5c4b769f8f70f9fd01b24ba5be9695,SO55563,64,VE-C304-S,1,64,d6ab5a0eee939524352092b964d92b84
11187,4b5c3229e0725ef8d303f494db9faec8,f46ace11e93788e473124f7be16a19d5,SO63725,35,TI-M823,1,35,0149f124a48640c62d90840ac5760331
11187,4b5c3229e0725ef8d303f494db9faec8,f46ace11e93788e473124f7be16a19d5,SO63725,5,TT-M928,1,5,0149f124a48640c62d90840ac5760331
11188,838eec1f117f2cab9e9c306f7efbff28,13b7c2277967bc61802018c764b5b2a0,SO74880,2,PK-7098,1,2,9a027fc72b503940a96d5137762a263e
11188,838eec1f117f2cab9e9c306f7efbff28,13b7c2277967bc61802018c764b5b2a0,SO74880,4,TT-R982,1,4,9a027fc72b503940a96d5137762a263e
11188,ec24e4cf9fcc90f3bbe81b2fb3735c21,c4369eefdf9bb8a3f9115e96b40aaf17,SO69830,105,HL-U509-R,3,105,f06fd077b6afc2d69af6e1e548da266d
11188,ec24e4cf9fcc90f3bbe81b2fb3735c21,c4369eefdf9bb8a3f9115e96b40aaf17,SO69830,35,TI-M823,1,35,f06fd077b6afc2d69af6e1e548da266d
11188,ec24e4cf9fcc90f3bbe81b2fb3735c21,c4369eefdf9bb8a3f9115e96b40aaf17,SO69830,5,TT-M928,1,5,f06fd077b6afc2d69af6e1e548da266d
11189,46ceb00d77d3de79a22e210dbcfc6a93,29f704a15c85c5c5a8ad8422095ae44c,SO45500,3578,BK-R93R-48,1,3578,528a71a866e16a51a12c928f3867fc40
11189,f799d104dd23bb828dcdaaefc4d25b61,ca510b577b53d588f80b4fc76030ea52,SO52321,4590,BK-M68B-42,2,4590,cfceb7490eff6e660974507be7c579c6
11189,f799d104dd23bb828dcdaaefc4d25b61,ca510b577b53d588f80b4fc76030ea52,SO52321,22,FE-6654,1,22,cfceb7490eff6e660974507be7c579c6
11189,f799d104dd23bb828dcdaaefc4d25b61,ca510b577b53d588f80b4fc76030ea52,SO52321,9,SO-R809-L,1,9,cfceb7490eff6e660974507be7c579c6
11189,f799d104dd23bb828dcdaaefc4d25b61,ca510b577b53d588f80b4fc76030ea52,SO52321,35,TI-M823,1,35,cfceb7490eff6e660974507be7c579c6
11189,f799d104dd23bb828dcdaaefc4d25b61,ca510b577b53d588f80b4fc76030ea52,SO52321,5,TT-M928,1,5,cfceb7490eff6e660974507be7c579c6
11190,9a027fc72b503940a96d5137762a263e,0e000451f430d2e5b745a08b4ee7836c,SO74750,35,TI-M823,1,35,54d3ba66c5e71d3112695b882ca2030e
11190,9a027fc72b503940a96d5137762a263e,0e000451f430d2e5b745a08b4ee7836c,SO74750,5,TT-M928,1,5,54d3ba66c5e71d3112695b882ca2030e
11190,9d934f91c460e9947414d00048f2fa36,94b225b5b1f09ecd5e8ecdfb681ff04c,SO65101,2,PK-7098,1,2,3f0c8308e4e2e5c4ddc1b7e19304f613
11190,9d934f91c460e9947414d00048f2fa36,94b225b5b1f09ecd5e8ecdfb681ff04c,SO65101,4,TT-R982,1,4,3f0c8308e4e2e5c4ddc1b7e19304f613
11191,61734dbcd0f0370e33200b30508a1282,26bea7aeb1e663560418f8837927a87a,SO45413,3578,BK-R93R-48,1,3578,42abc105a78a8da94e36739d809b5613
11191,86bfb8ffc7a79e52d833cedce4d275bf,962bae2fb03296a3b9cacabfa929322c,SO70229,742,BK-T18U-62,1,742,ec24e4cf9fcc90f3bbe81b2fb3735c21
11191,86bfb8ffc7a79e52d833cedce4d275bf,962bae2fb03296a3b9cacabfa929322c,SO70229,27,CA-1098,3,27,ec24e4cf9fcc90f3bbe81b2fb3735c21
11191,86bfb8ffc7a79e52d833cedce4d275bf,962bae2fb03296a3b9cacabfa929322c,SO70229,54,SJ-0194-X,1,54,ec24e4cf9fcc90f3bbe81b2fb3735c21
11191,bc58efba5e800fb688b34bfde89c24bf,acc20902004de8acdd3eee04bfe5f91a,SO51399,4640,BK-M68S-38,2,4640,3500da16b6d3d0da611bc08c2b1e1c05
11191,bc58efba5e800fb688b34bfde89c24bf,acc20902004de8acdd3eee04bfe5f91a,SO51399,35,TI-M823,1,35,3500da16b6d3d0da611bc08c2b1e1c05
11191,bc58efba5e800fb688b34bfde89c24bf,acc20902004de8acdd3eee04bfe5f91a,SO51399,5,TT-M928,1,5,3500da16b6d3d0da611bc08c2b1e1c05
11192,0001ffe4d82d0d8f9fec5ab0b4faa2db,3dc63b2d6dcc8f0b6720b06b5439a0b1,SO67056,105,HL-U509,3,105,4004a117f65dfd3221a9cce8fce5a45f
11192,0001ffe4d82d0d8f9fec5ab0b4faa2db,3dc63b2d6dcc8f0b6720b06b5439a0b1,SO67056,35,TI-M823,1,35,4004a117f65dfd3221a9cce8fce5a45f
11192,0001ffe4d82d0d8f9fec5ab0b4faa2db,3dc63b2d6dcc8f0b6720b06b5439a0b1,SO67056,5,TT-M928,1,5,4004a117f65dfd3221a9cce8fce5a45f
11192,e0bcd0ff3072dfe15609d6be1529b0b8,c660dc308b247ce08aeecd155306bae0,SO60704,105,HL-U509-B,3,105,39ff8ac1e8a44088f96e17b846ec8baf
11192,e0bcd0ff3072dfe15609d6be1529b0b8,c660dc308b247ce08aeecd155306bae0,SO60704,4,TT-R982,1,4,39ff8ac1e8a44088f96e17b846ec8baf
11193,232e830f1ac667c081eaaca23cdf9b5f,4b5c3229e0725ef8d303f494db9faec8,SO64476,2,PK-7098,1,2,abe94c2111c58e9c9672602d41bce66e
11193,232e830f1ac667c081eaaca23cdf9b5f,4b5c3229e0725ef8d303f494db9faec8,SO64476,4,TT-R982,1,4,abe94c2111c58e9c9672602d41bce66e
11193,76e3c19dbb0dadc4c6dc771d856e4676,ad4fbe0c82c7e5968d4cf22c2ad19e28,SO53325,35,TI-M823,1,35,15699e35c72c4036c71409f3f3d69528
11194,41ef6b06b63ba4f6a5234245a439b157,c4c454d69a39e60a6f5cf2f97148adad,SO72599,48,GL-H102-S,2,48,545a3d56d20b22e09aa85bfa5ed8738d
11194,41ef6b06b63ba4f6a5234245a439b157,c4c454d69a39e60a6f5cf2f97148adad,SO72599,105,HL-U509-R,3,105,545a3d56d20b22e09aa85bfa5ed8738d
11194,41ef6b06b63ba4f6a5234245a439b157,c4c454d69a39e60a6f5cf2f97148adad,SO72599,4,TT-R982,1,4,545a3d56d20b22e09aa85bfa5ed8738d
11194,d3c54b4368c62c2ff11535bf2b677170,41464bd548f06ca845208f69df30ac82,SO54355,2,PK-7098,1,2,da9c4ba6c9a1ae8725389bfd38b5763a
11194,d3c54b4368c62c2ff11535bf2b677170,41464bd548f06ca845208f69df30ac82,SO54355,35,TI-M823,1,35,da9c4ba6c9a1ae8725389bfd38b5763a
11194,d3c54b4368c62c2ff11535bf2b677170,41464bd548f06ca845208f69df30ac82,SO54355,5,TT-M928,1,5,da9c4ba6c9a1ae8725389bfd38b5763a
11195,175a5d217fad85df9f6639d7ced1e5d9,511572e8a25e86c2f48ae9e6d73a1e6a,SO68921,48,GL-H102-L,2,48,66e56e10b0f528b66a45e307ecdf4774
11195,175a5d217fad85df9f6639d7ced1e5d9,511572e8a25e86c2f48ae9e6d73a1e6a,SO68921,105,HL-U509-B,3,105,66e56e10b0f528b66a45e307ecdf4774
11195,175a5d217fad85df9f6639d7ced1e5d9,511572e8a25e86c2f48ae9e6d73a1e6a,SO68921,35,TI-M823,1,35,66e56e10b0f528b66a45e307ecdf4774
11195,175a5d217fad85df9f6639d7ced1e5d9,511572e8a25e86c2f48ae9e6d73a1e6a,SO68921,5,TT-M928,1,5,66e56e10b0f528b66a45e307ecdf4774
11195,6353a8421ee460b64f2c988cc72a8391,59c3d64cb01cd5ad7fd25246d81a55ff,SO56195,2,PK-7098,1,2,5691ac18f59a9af20f9d8703772afbba
11195,6353a8421ee460b64f2c988cc72a8391,59c3d64cb01cd5ad7fd25246d81a55ff,SO56195,4,TT-R982,1,4,5691ac18f59a9af20f9d8703772afbba
11196,9223b53f03a405f817e91392f0294f6a,3e07f09fb2edbdf0bf6a54c17634514b,SO53786,2,PK-7098,1,2,14e4b13c27fb9bce9938ce35b6597eca
11196,a1d0c0a14c6c8f8a8ef8220209c23a64,05e7920e8caf0303dc01b77666952b75,SO66986,120,RA-H123,1,120,cd15e5f80ff20dd345bfaa51400dd0d6
11196,a1d0c0a14c6c8f8a8ef8220209c23a64,05e7920e8caf0303dc01b77666952b75,SO66986,35,TI-M823,1,35,cd15e5f80ff20dd345bfaa51400dd0d6
11196,a1d0c0a14c6c8f8a8ef8220209c23a64,05e7920e8caf0303dc01b77666952b75,SO66986,5,TT-M928,1,5,cd15e5f80ff20dd345bfaa51400dd0d6
11197,375bde15092f45652b6398c1dff650d0,830e779850b1d58733a7ad711bf6b83f,SO57340,2,PK-7098,1,2,a8ef76a01442567fb64eb6f4408a9835
11197,375bde15092f45652b6398c1dff650d0,830e779850b1d58733a7ad711bf6b83f,SO57340,35,TI-M823,1,35,a8ef76a01442567fb64eb6f4408a9835
11197,375bde15092f45652b6398c1dff650d0,830e779850b1d58733a7ad711bf6b83f,SO57340,5,TT-M928,1,5,a8ef76a01442567fb64eb6f4408a9835
11197,4555f65c4664801d78b9f5477f89d8fd,7ee641303ef8d8b10d0ed00a060c73cc,SO62485,2,PK-7098,1,2,94c60e0b5e2b0f78b919a5d4c67d70a2
11197,4555f65c4664801d78b9f5477f89d8fd,7ee641303ef8d8b10d0ed00a060c73cc,SO62485,159,ST-1401,1,159,94c60e0b5e2b0f78b919a5d4c67d70a2
11197,4555f65c4664801d78b9f5477f89d8fd,7ee641303ef8d8b10d0ed00a060c73cc,SO62485,4,TT-R982,1,4,94c60e0b5e2b0f78b919a5d4c67d70a2
11198,ad4fbe0c82c7e5968d4cf22c2ad19e28,72e75576254db1afef14ecdc050391c2,SO52709,35,TI-M823,1,35,f5933feadc49c253e4f0e77b236946e9
11198,f799d104dd23bb828dcdaaefc4d25b61,ca510b577b53d588f80b4fc76030ea52,SO52298,48,GL-H102-S,2,48,cfceb7490eff6e660974507be7c579c6
11198,f799d104dd23bb828dcdaaefc4d25b61,ca510b577b53d588f80b4fc76030ea52,SO52298,105,HL-U509,3,105,cfceb7490eff6e660974507be7c579c6
11198,f799d104dd23bb828dcdaaefc4d25b61,ca510b577b53d588f80b4fc76030ea52,SO52298,4,TT-R982,1,4,cfceb7490eff6e660974507be7c579c6
11199,4310d0d92131e34ff2716d85e1953174,90c6314650a0d54fdcabe5cd5406f9af,SO54605,2,PK-7098,1,2,d3c54b4368c62c2ff11535bf2b677170
11199,4310d0d92131e34ff2716d85e1953174,90c6314650a0d54fdcabe5cd5406f9af,SO54605,4,TT-R982,1,4,d3c54b4368c62c2ff11535bf2b677170
11199,66e56e10b0f528b66a45e307ecdf4774,691ad1b0dca3643b923973defd014d47,SO68589,22,FE-6654,1,22,8eb7a1b0dba9fdd5f4248b9cb6b9119b
11199,66e56e10b0f528b66a45e307ecdf4774,691ad1b0dca3643b923973defd014d47,SO68589,35,TI-M823,1,35,8eb7a1b0dba9fdd5f4248b9cb6b9119b
11199,66e56e10b0f528b66a45e307ecdf4774,691ad1b0dca3643b923973defd014d47,SO68589,5,TT-M928,1,5,8eb7a1b0dba9fdd5f4248b9cb6b9119b
11199,66e56e10b0f528b66a45e307ecdf4774,691ad1b0dca3643b923973defd014d47,SO68589,64,VE-C304-L,1,64,8eb7a1b0dba9fdd5f4248b9cb6b9119b
11200,05e7920e8caf0303dc01b77666952b75,eea5b3bd1bd5d5c62a1d22f78d3ba263,SO66215,105,HL-U509,3,105,3a2f313512bb520c43971e54ba834dec
11200,05e7920e8caf0303dc01b77666952b75,eea5b3bd1bd5d5c62a1d22f78d3ba263,SO66215,25,TI-R628,1,25,3a2f313512bb520c43971e54ba834dec
11200,05e7920e8caf0303dc01b77666952b75,eea5b3bd1bd5d5c62a1d22f78d3ba263,SO66215,4,TT-R982,1,4,3a2f313512bb520c43971e54ba834dec
11200,0e23f371129aecc6b2033620b226f8d7,fda052162862bb845297063fd71a580c,SO57198,54,SJ-0194-S,1,54,40ff348468b73116a7077c246985e0bf
11200,13b7c2277967bc61802018c764b5b2a0,9c55d6518880c1abf100a24da2546368,SO74516,159,ST-1401,1,159,0e000451f430d2e5b745a08b4ee7836c
11200,13b7c2277967bc61802018c764b5b2a0,9c55d6518880c1abf100a24da2546368,SO74516,30,TI-M602,1,30,0e000451f430d2e5b745a08b4ee7836c
11200,13b7c2277967bc61802018c764b5b2a0,9c55d6518880c1abf100a24da2546368,SO74516,5,TT-M928,1,5,0e000451f430d2e5b745a08b4ee7836c
11200,14e4b13c27fb9bce9938ce35b6597eca,c375f33d72ca7161f341c2726e82d67a,SO53359,54,SJ-0194-S,1,54,9b98d27287b27eeee9ebc06e1d5a9a8d
11200,14e4b13c27fb9bce9938ce35b6597eca,c375f33d72ca7161f341c2726e82d67a,SO53359,4,TT-R982,1,4,9b98d27287b27eeee9ebc06e1d5a9a8d
11200,2fe1a028f9398deb2efcd536c8246fae,9913e55755fcc4267a06c1e6adbbc7fb,SO62593,21,TI-R092,1,21,8dd08d219271ec96c543f486de430703
11200,3519c8eb4095dbc69d80eb61856d3435,6e5c4b769f8f70f9fd01b24ba5be9695,SO55571,2,PK-7098,1,2,d6ab5a0eee939524352092b964d92b84
11200,3519c8eb4095dbc69d80eb61856d3435,6e5c4b769f8f70f9fd01b24ba5be9695,SO55571,25,TI-M267,1,25,d6ab5a0eee939524352092b964d92b84
11200,375bde15092f45652b6398c1dff650d0,830e779850b1d58733a7ad711bf6b83f,SO57319,105,HL-U509,3,105,a8ef76a01442567fb64eb6f4408a9835
11200,375bde15092f45652b6398c1dff650d0,830e779850b1d58733a7ad711bf6b83f,SO57319,21,TI-R092,1,21,a8ef76a01442567fb64eb6f4408a9835
11200,375bde15092f45652b6398c1dff650d0,830e779850b1d58733a7ad711bf6b83f,SO57319,4,TT-R982,1,4,a8ef76a01442567fb64eb6f4408a9835
11200,39ff8ac1e8a44088f96e17b846ec8baf,9a95fdf4e925d9cbd65f87b5aa4ac212,SO60395,4,TT-R982,1,4,c926349b55a58d87d7d5008c349fd1e9
11200,3a23b248b732af434a45fce0302aa11f,db2f6a564b6f5f41253c68874b50962b,SO62961,33,TI-R982,1,33,290499d9b8e65db426ba9b842714eb6d
11200,3a23b248b732af434a45fce0302aa11f,db2f6a564b6f5f41253c68874b50962b,SO62961,4,TT-R982,1,4,290499d9b8e65db426ba9b842714eb6d
11200,55f9f4cb5784581a517e59904e0d5e2f,9b6872ca1d80024637e967d1066bba0a,SO56044,10,BC-M005,1,10,1678083e7ff90bd404baad3f60bffa37
11200,55f9f4cb5784581a517e59904e0d5e2f,9b6872ca1d80024637e967d1066bba0a,SO56044,8,CL-9009,1,8,1678083e7ff90bd404baad3f60bffa37
11200,55f9f4cb5784581a517e59904e0d5e2f,9b6872ca1d80024637e967d1066bba0a,SO56044,55,HY-1023-70,1,55,1678083e7ff90bd404baad3f60bffa37
11200,55f9f4cb5784581a517e59904e0d5e2f,9b6872ca1d80024637e967d1066bba0a,SO56044,5,WB-H098,1,5,1678083e7ff90bd404baad3f60bffa37
11200,5728955fc583cbfd901d0ba25cb20f92,db10519e66d9a7b809b91935ad1a696d,SO74855,2,PK-7098,1,2,01e8942a5792053a553c4612bd6c06a6
11200,702a02712215141594ddf8e52b0a651c,cd15e5f80ff20dd345bfaa51400dd0d6,SO67508,150,LJ-0192-M,3,150,caa707f97407c07371136aaf471a91d4
11200,702a02712215141594ddf8e52b0a651c,cd15e5f80ff20dd345bfaa51400dd0d6,SO67508,25,TI-M267,1,25,caa707f97407c07371136aaf471a91d4
11200,702a02712215141594ddf8e52b0a651c,cd15e5f80ff20dd345bfaa51400dd0d6,SO67508,5,TT-M928,1,5,caa707f97407c07371136aaf471a91d4
11200,705fa39ab40831529471c768490339ab,63efdd3324df66c9965bd622cdebe06a,SO68833,25,TI-M267,1,25,4584ca349e0920f4436a3c2f36158b85
11200,7e15f50bd26e439e6a22f5205a8064db,a1d0c0a14c6c8f8a8ef8220209c23a64,SO67868,5,WB-H098,1,5,702a02712215141594ddf8e52b0a651c
11200,8e8847c1bdf012037ee13bb62da8a5c1,c507827aa5f4f6bbedf64058461c621b,SO67219,33,TI-R982,1,33,6dd75c28a9a8a39e02bc0a175f82a9f3
11200,9b98d27287b27eeee9ebc06e1d5a9a8d,0dc34ca2aaa8612cde077f1880b78b25,SO53089,48,GL-H102-S,2,48,18bea060239713ee5f865109f63f3a8a
11200,9b98d27287b27eeee9ebc06e1d5a9a8d,0dc34ca2aaa8612cde077f1880b78b25,SO53089,5,TT-T092,1,5,18bea060239713ee5f865109f63f3a8a
11200,9c56075241a26f6fa77eb86b15411c6e,9444f850ff0c10a862b4a6a9c4ab0a74,SO54379,9,BC-R205,1,9,ab2e81a99745ffff6c06e2be93290d1b
11200,9c56075241a26f6fa77eb86b15411c6e,9444f850ff0c10a862b4a6a9c4ab0a74,SO54379,27,CA-1098,3,27,ab2e81a99745ffff6c06e2be93290d1b
11200,9c56075241a26f6fa77eb86b15411c6e,9444f850ff0c10a862b4a6a9c4ab0a74,SO54379,5,WB-H098,1,5,ab2e81a99745ffff6c06e2be93290d1b
11200,a946e75bc65318721cd1e01162d392dd,5efefff01843f5aa3f7d8a4d44b4bf2e,SO63431,48,GL-H102-M,2,48,3a23b248b732af434a45fce0302aa11f
11200,a946e75bc65318721cd1e01162d392dd,5efefff01843f5aa3f7d8a4d44b4bf2e,SO63431,105,HL-U509,3,105,3a23b248b732af434a45fce0302aa11f
11200,a946e75bc65318721cd1e01162d392dd,5efefff01843f5aa3f7d8a4d44b4bf2e,SO63431,150,LJ-0192-S,3,150,3a23b248b732af434a45fce0302aa11f
11200,b0241b451647f25db5f52074445d820c,7a8e187aeb003f6e34c02a4d5b9b153e,SO64255,2,PK-7098,1,2,56d78836c9cf0de136c4d2d37aba2280
11200,b0241b451647f25db5f52074445d820c,7a8e187aeb003f6e34c02a4d5b9b153e,SO64255,25,TI-R628,1,25,56d78836c9cf0de136c4d2d37aba2280
11200,b0950d12c62d3aeda81b2e8d06f2aef4,e366e24b8ad0b1107528f2f58cd15a81,SO73353,105,HL-U509,3,105,a048b8d5f3f9178f163e2be055f0138b
11200,b0950d12c62d3aeda81b2e8d06f2aef4,e366e24b8ad0b1107528f2f58cd15a81,SO73353,5,TT-T092,1,5,a048b8d5f3f9178f163e2be055f0138b
11200,b21e833d3ead6056f1265f13fe1ff015,7983129d9883ebc3b9dce3311996b001,SO60565,48,GL-H102-L,2,48,4804ee33768b143d9706052696f7dfbd
11200,b21e833d3ead6056f1265f13fe1ff015,7983129d9883ebc3b9dce3311996b001,SO60565,150,LJ-0192-M,3,150,4804ee33768b143d9706052696f7dfbd
11200,b8d9d66529b0a1e91f6137abcdd065dd,6d44506d59926d8d13d35f75d97f2a64,SO54205,48,GL-H102-M,2,48,90c6314650a0d54fdcabe5cd5406f9af
11200,b8d9d66529b0a1e91f6137abcdd065dd,6d44506d59926d8d13d35f75d97f2a64,SO54205,105,HL-U509-B,3,105,90c6314650a0d54fdcabe5cd5406f9af
11200,ccf89c691dabb1412404274596922d90,b0241b451647f25db5f52074445d820c,SO65038,105,HL-U509,3,105,7299e51cfc0d5174743a6701a8a96488
11200,ccf89c691dabb1412404274596922d90,b0241b451647f25db5f52074445d820c,SO65038,29,TI-T723,1,29,7299e51cfc0d5174743a6701a8a96488
11200,ccf89c691dabb1412404274596922d90,b0241b451647f25db5f52074445d820c,SO65038,5,TT-T092,1,5,7299e51cfc0d5174743a6701a8a96488
11200,dca79d69a6b38e95c4b03bfab997796c,e5bf4a4a03e320ed76cf2ca68fa5b4c0,SO52380,2,PK-7098,1,2,9f79f7706bc6a7654ef0b8977966f69a
11200,dca79d69a6b38e95c4b03bfab997796c,e5bf4a4a03e320ed76cf2ca68fa5b4c0,SO52380,159,ST-1401,1,159,9f79f7706bc6a7654ef0b8977966f69a
11200,dca79d69a6b38e95c4b03bfab997796c,e5bf4a4a03e320ed76cf2ca68fa5b4c0,SO52380,33,TI-R982,1,33,9f79f7706bc6a7654ef0b8977966f69a
11200,e0cd1349b4c6e1b5f14ed427e358c2d0,f06fd077b6afc2d69af6e1e548da266d,SO70329,33,TI-R982,1,33,b95a9f47dd73bb9b799a31ae04ee7da1
11200,ef5bad66aa19ccfb82cacb73584b83ea,0e23f371129aecc6b2033620b226f8d7,SO57884,35,TI-M823,1,35,485ae69515bc4c60ef546ff289741f60
11200,fef3080ec197edd1a04bb18afd31d16d,b8d9d66529b0a1e91f6137abcdd065dd,SO54899,2,PK-7098,1,2,4310d0d92131e34ff2716d85e1953174
11200,fef3080ec197edd1a04bb18afd31d16d,b8d9d66529b0a1e91f6137abcdd065dd,SO54899,25,TI-M267,1,25,4310d0d92131e34ff2716d85e1953174
11201,d945ec2aae74dbfb829453026b91c235,348f48807f500aeac729fb17d9bc97f1,SO61351,22,FE-6654,1,22,eef21e68ecca703bb338920b950f203c
11201,d945ec2aae74dbfb829453026b91c235,348f48807f500aeac729fb17d9bc97f1,SO61351,105,HL-U509-R,3,105,eef21e68ecca703bb338920b950f203c
11201,d945ec2aae74dbfb829453026b91c235,348f48807f500aeac729fb17d9bc97f1,SO61351,35,TI-M823,1,35,eef21e68ecca703bb338920b950f203c
11201,e82ca4c6beebe812f10fa1041b97a160,9d934f91c460e9947414d00048f2fa36,SO66032,105,HL-U509,3,105,6d1d8a1c7851eb5a946d45009cea6d9f
11201,e82ca4c6beebe812f10fa1041b97a160,9d934f91c460e9947414d00048f2fa36,SO66032,150,LJ-0192-L,3,150,6d1d8a1c7851eb5a946d45009cea6d9f
11201,e82ca4c6beebe812f10fa1041b97a160,9d934f91c460e9947414d00048f2fa36,SO66032,4,TT-R982,1,4,6d1d8a1c7851eb5a946d45009cea6d9f
11202,0120f4004ede1143c3be6caa4227affe,93ddc10d6cf61153011df052aa76671f,SO66383,105,HL-U509,3,105,07b7d2aed13a63a16377587dcc0abbe8
11202,0120f4004ede1143c3be6caa4227affe,93ddc10d6cf61153011df052aa76671f,SO66383,4,TT-R982,1,4,07b7d2aed13a63a16377587dcc0abbe8
11202,058af5b2a408d57b708367e5bf4e9d9c,e82ca4c6beebe812f10fa1041b97a160,SO66805,35,TI-M823,1,35,c507827aa5f4f6bbedf64058461c621b
11203,15699e35c72c4036c71409f3f3d69528,f5933feadc49c253e4f0e77b236946e9,SO53020,5,TT-T092,1,5,deff8ad81a213d1110c1f409a7f40fcd
11203,1678083e7ff90bd404baad3f60bffa37,7b0730955172ecda497d7cca6b1d87a1,SO55743,105,HL-U509-B,3,105,73a69a5c77a7d23172e54d7ce07a638e
11203,1678083e7ff90bd404baad3f60bffa37,7b0730955172ecda497d7cca6b1d87a1,SO55743,54,SJ-0194-S,1,54,73a69a5c77a7d23172e54d7ce07a638e
11203,2d6e054ac82934d489c58cc8399a1628,ce08c22f7777768ce4197eab9727516c,SO60779,2,PK-7098,1,2,348f48807f500aeac729fb17d9bc97f1
11203,2d6e054ac82934d489c58cc8399a1628,ce08c22f7777768ce4197eab9727516c,SO60779,120,RA-H123,1,120,348f48807f500aeac729fb17d9bc97f1
11203,2d6e054ac82934d489c58cc8399a1628,ce08c22f7777768ce4197eab9727516c,SO60779,25,TI-M267,1,25,348f48807f500aeac729fb17d9bc97f1
11203,2d6e054ac82934d489c58cc8399a1628,ce08c22f7777768ce4197eab9727516c,SO60779,5,TT-M928,1,5,348f48807f500aeac729fb17d9bc97f1
11203,31c99d724c1f182c60edb82eb4740277,e84848120190a8d0e696fbeb15647a74,SO71235,2,PK-7098,1,2,3db19f5f710f10e90ecc7154c649d60a
11203,31c99d724c1f182c60edb82eb4740277,e84848120190a8d0e696fbeb15647a74,SO71235,25,TI-R628,1,25,3db19f5f710f10e90ecc7154c649d60a
11203,55f9f4cb5784581a517e59904e0d5e2f,9b6872ca1d80024637e967d1066bba0a,SO56037,2,PK-7098,1,2,1678083e7ff90bd404baad3f60bffa37
11203,55f9f4cb5784581a517e59904e0d5e2f,9b6872ca1d80024637e967d1066bba0a,SO56037,30,TI-M602,1,30,1678083e7ff90bd404baad3f60bffa37
11203,55f9f4cb5784581a517e59904e0d5e2f,9b6872ca1d80024637e967d1066bba0a,SO56037,5,TT-M928,1,5,1678083e7ff90bd404baad3f60bffa37
11203,66e56e10b0f528b66a45e307ecdf4774,691ad1b0dca3643b923973defd014d47,SO68559,25,TI-R628,1,25,8eb7a1b0dba9fdd5f4248b9cb6b9119b
11203,66e56e10b0f528b66a45e307ecdf4774,691ad1b0dca3643b923973defd014d47,SO68559,4,TT-R982,1,4,8eb7a1b0dba9fdd5f4248b9cb6b9119b
11203,6dd75c28a9a8a39e02bc0a175f82a9f3,dfcee565bb2da80a7b76451a5cd314a1,SO66895,2,PK-7098,1,2,f88b3743a9ce1f9455b6de69380b486a
11203,7b0730955172ecda497d7cca6b1d87a1,d3c54b4368c62c2ff11535bf2b677170,SO54985,54,SJ-0194-M,1,54,5a06908cc28b799b04fc1c47664462e6
11203,8eb7a1b0dba9fdd5f4248b9cb6b9119b,9f1ff00ea8fd9fd8f2d421ba5ec45a18,SO68210,2,PK-7098,1,2,c7390752782466cfc9a3ed7d3a79e046
11203,8eb7a1b0dba9fdd5f4248b9cb6b9119b,9f1ff00ea8fd9fd8f2d421ba5ec45a18,SO68210,29,TI-T723,1,29,c7390752782466cfc9a3ed7d3a79e046
11203,8eb7a1b0dba9fdd5f4248b9cb6b9119b,9f1ff00ea8fd9fd8f2d421ba5ec45a18,SO68210,5,TT-T092,1,5,c7390752782466cfc9a3ed7d3a79e046
11203,9b98d27287b27eeee9ebc06e1d5a9a8d,0dc34ca2aaa8612cde077f1880b78b25,SO53069,120,RA-H123,1,120,18bea060239713ee5f865109f63f3a8a
11203,9f1ff00ea8fd9fd8f2d421ba5ec45a18,f88b3743a9ce1f9455b6de69380b486a,SO67419,9,BC-R205,1,9,0001ffe4d82d0d8f9fec5ab0b4faa2db
11203,9f1ff00ea8fd9fd8f2d421ba5ec45a18,f88b3743a9ce1f9455b6de69380b486a,SO67419,54,SJ-0194-X,1,54,0001ffe4d82d0d8f9fec5ab0b4faa2db
11203,9f1ff00ea8fd9fd8f2d421ba5ec45a18,f88b3743a9ce1f9455b6de69380b486a,SO67419,5,WB-H098,1,5,0001ffe4d82d0d8f9fec5ab0b4faa2db
11203,a946e75bc65318721cd1e01162d392dd,5efefff01843f5aa3f7d8a4d44b4bf2e,SO63466,8,CL-9009,1,8,3a23b248b732af434a45fce0302aa11f
11203,a946e75bc65318721cd1e01162d392dd,5efefff01843f5aa3f7d8a4d44b4bf2e,SO63466,2,PK-7098,1,2,3a23b248b732af434a45fce0302aa11f
11203,a946e75bc65318721cd1e01162d392dd,5efefff01843f5aa3f7d8a4d44b4bf2e,SO63466,35,TI-M823,1,35,3a23b248b732af434a45fce0302aa11f
11203,bc761b2b7297029a695fbd6dd0470724,fef3080ec197edd1a04bb18afd31d16d,SO55625,2,PK-7098,1,2,9b6872ca1d80024637e967d1066bba0a
11203,bc761b2b7297029a695fbd6dd0470724,fef3080ec197edd1a04bb18afd31d16d,SO55625,5,TT-T092,1,5,9b6872ca1d80024637e967d1066bba0a
11203,c5ed53572c667b119dde2fc0f54de602,0d3057f268050d468f468434f8ec809a,SO72799,4,TT-R982,1,4,e366e24b8ad0b1107528f2f58cd15a81
11203,d34ba8f5d7fd7d5959a34c283fbec422,9c56075241a26f6fa77eb86b15411c6e,SO55046,5,TT-T092,1,5,ac15b60491fe99190c0248790e690757
11203,db2f6a564b6f5f41253c68874b50962b,76918877cf6ce7011018cd9708723392,SO62256,70,SH-W890-M,1,70,606ed413481267c98754e3351f662859
11203,de5009f9bf3e9725d2381f4a5e913111,2296af5563b2061aa1d88124a37eecb7,SO67351,150,LJ-0192-L,3,150,a1d0c0a14c6c8f8a8ef8220209c23a64
11204,1556bafff387fc8f2f6fef64c1daa6bc,8728a5e296f39e49d2fa74c31820e99f,SO70495,105,HL-U509-B,3,105,e871b36e68b0b3d0af9c742d81fef27a
11204,1556bafff387fc8f2f6fef64c1daa6bc,8728a5e296f39e49d2fa74c31820e99f,SO70495,35,TI-M823,1,35,e871b36e68b0b3d0af9c742d81fef27a
11204,1556bafff387fc8f2f6fef64c1daa6bc,8728a5e296f39e49d2fa74c31820e99f,SO70495,5,TT-M928,1,5,e871b36e68b0b3d0af9c742d81fef27a
11204,f75e5f8c15ca91ec5c869dc3881f574f,3a23b248b732af434a45fce0302aa11f,SO63895,2,PK-7098,1,2,03bf7d2a8718ee9aca4bd2f37e962fc4
11205,870bd4f3713260418e4f342f31dc7e33,94c60e0b5e2b0f78b919a5d4c67d70a2,SO62917,35,TI-M823,1,35,2fe1a028f9398deb2efcd536c8246fae
11205,b34050290c25b0f7b52a2b8f767df87d,caa707f97407c07371136aaf471a91d4,SO67980,2,PK-7098,1,2,36ab6f1df21f3c9a169c8942e981959a
11206,0814775cfc25da756a9b4197347ab771,d76e0ba1fa041675ae9af958c5b41ae4,SO57822,105,HL-U509-B,3,105,de22d232bbe84481579f6252f1e7091d
11206,0814775cfc25da756a9b4197347ab771,d76e0ba1fa041675ae9af958c5b41ae4,SO57822,35,TI-M823,1,35,de22d232bbe84481579f6252f1e7091d
11206,0814775cfc25da756a9b4197347ab771,d76e0ba1fa041675ae9af958c5b41ae4,SO57822,5,TT-M928,1,5,de22d232bbe84481579f6252f1e7091d
11206,e7df1b3ee078bdcfc260a877f321287d,4dbf892d41ae205f6e36838031cff786,SO59092,2,PK-7098,1,2,478ecc8cdaa127c33884d9f6c72c2cd5
11207,c885741a5e3e55c84950327011b70289,7e15f50bd26e439e6a22f5205a8064db,SO68636,2,PK-7098,1,2,0da2bc000f1fe4ea8746f9aea0bb5879
11207,cfceb7490eff6e660974507be7c579c6,01eb8a9956865747637639482336f5f8,SO52054,105,HL-U509-B,3,105,e5bf4a4a03e320ed76cf2ca68fa5b4c0
11207,cfceb7490eff6e660974507be7c579c6,01eb8a9956865747637639482336f5f8,SO52054,35,TI-M823,1,35,e5bf4a4a03e320ed76cf2ca68fa5b4c0
11207,cfceb7490eff6e660974507be7c579c6,01eb8a9956865747637639482336f5f8,SO52054,5,TT-M928,1,5,e5bf4a4a03e320ed76cf2ca68fa5b4c0
11208,1685ca8ff12ea83725a1c35e1d89c5cd,15699e35c72c4036c71409f3f3d69528,SO53852,10,BC-M005,1,10,6d44506d59926d8d13d35f75d97f2a64
11208,1685ca8ff12ea83725a1c35e1d89c5cd,15699e35c72c4036c71409f3f3d69528,SO53852,22,FE-6654,1,22,6d44506d59926d8d13d35f75d97f2a64
11208,1685ca8ff12ea83725a1c35e1d89c5cd,15699e35c72c4036c71409f3f3d69528,SO53852,55,HY-1023-70,1,55,6d44506d59926d8d13d35f75d97f2a64
11208,1685ca8ff12ea83725a1c35e1d89c5cd,15699e35c72c4036c71409f3f3d69528,SO53852,35,TI-M823,1,35,6d44506d59926d8d13d35f75d97f2a64
11208,1685ca8ff12ea83725a1c35e1d89c5cd,15699e35c72c4036c71409f3f3d69528,SO53852,5,TT-M928,1,5,6d44506d59926d8d13d35f75d97f2a64
11208,1685ca8ff12ea83725a1c35e1d89c5cd,15699e35c72c4036c71409f3f3d69528,SO53852,5,WB-H098,1,5,6d44506d59926d8d13d35f75d97f2a64
11208,2296af5563b2061aa1d88124a37eecb7,6866da5d40f1aad2d82129d5ffa25bda,SO66523,2,PK-7098,1,2,05e7920e8caf0303dc01b77666952b75
11209,021d7f51f97fea2b23b069288066b34d,722dc621a1a56555843f574144bfcdf0,SO74935,35,TI-M823,1,35,bb858b10001c01aea17b4e635d0662a2
11209,7b0730955172ecda497d7cca6b1d87a1,d3c54b4368c62c2ff11535bf2b677170,SO54987,2,PK-7098,1,2,5a06908cc28b799b04fc1c47664462e6
11210,64cadfde6f66bc25043d0d69f5ae5471,18f358e551b5b85912bc952ab9894c0d,SO65817,48,GL-H102-M,2,48,8d1d4829b2e801ba4e41ba48f5a549d4
11210,64cadfde6f66bc25043d0d69f5ae5471,18f358e551b5b85912bc952ab9894c0d,SO65817,4,TT-R982,1,4,8d1d4829b2e801ba4e41ba48f5a549d4
11210,de22d232bbe84481579f6252f1e7091d,cae5717327bee7d74e261c550aa5081f,SO57566,2,PK-7098,1,2,ab4946738415af86b5e3cee69b13301f
11210,de22d232bbe84481579f6252f1e7091d,cae5717327bee7d74e261c550aa5081f,SO57566,35,TI-M823,1,35,ab4946738415af86b5e3cee69b13301f
11210,de22d232bbe84481579f6252f1e7091d,cae5717327bee7d74e261c550aa5081f,SO57566,5,TT-M928,1,5,ab4946738415af86b5e3cee69b13301f
11211,1556bafff387fc8f2f6fef64c1daa6bc,8728a5e296f39e49d2fa74c31820e99f,SO70476,105,HL-U509-B,3,105,e871b36e68b0b3d0af9c742d81fef27a
11211,1556bafff387fc8f2f6fef64c1daa6bc,8728a5e296f39e49d2fa74c31820e99f,SO70476,30,TI-M602,1,30,e871b36e68b0b3d0af9c742d81fef27a
11211,1556bafff387fc8f2f6fef64c1daa6bc,8728a5e296f39e49d2fa74c31820e99f,SO70476,5,TT-M928,1,5,e871b36e68b0b3d0af9c742d81fef27a
11211,1678083e7ff90bd404baad3f60bffa37,7b0730955172ecda497d7cca6b1d87a1,SO55742,150,LJ-0192-L,3,150,73a69a5c77a7d23172e54d7ce07a638e
11211,1678083e7ff90bd404baad3f60bffa37,7b0730955172ecda497d7cca6b1d87a1,SO55742,9,SO-R809-M,1,9,73a69a5c77a7d23172e54d7ce07a638e
11211,1f50dad3f1493a5cf408c4eb3987479e,226d694fb4b7f71d62444f9528be8704,SO54674,54,SJ-0194-M,1,54,9c56075241a26f6fa77eb86b15411c6e
11211,305c66634c155cab2b5cc3ce00351eb1,2becb9647677a1a316b388bbad689580,SO62125,35,TI-M823,1,35,922d04aa1f67bbe0270bfad98508f43e
11211,305c66634c155cab2b5cc3ce00351eb1,2becb9647677a1a316b388bbad689580,SO62125,5,TT-M928,1,5,922d04aa1f67bbe0270bfad98508f43e
11211,36ab6f1df21f3c9a169c8942e981959a,058af5b2a408d57b708367e5bf4e9d9c,SO67652,105,HL-U509-R,3,105,8e8847c1bdf012037ee13bb62da8a5c1
11211,36ab6f1df21f3c9a169c8942e981959a,058af5b2a408d57b708367e5bf4e9d9c,SO67652,25,TI-R628,1,25,8e8847c1bdf012037ee13bb62da8a5c1
11211,36ab6f1df21f3c9a169c8942e981959a,058af5b2a408d57b708367e5bf4e9d9c,SO67652,4,TT-R982,1,4,8e8847c1bdf012037ee13bb62da8a5c1
11211,4ceff7612cfa4420892fe23b23ca9265,5691ac18f59a9af20f9d8703772afbba,SO56554,5,TT-T092,1,5,089c2a426c196c5ca5facb20896c90bb
11211,72e75576254db1afef14ecdc050391c2,20b851db79828c985958154243411278,SO52074,48,GL-H102-L,2,48,0b80ce5eab877cae9997209e0bee6e60
11211,72e75576254db1afef14ecdc050391c2,20b851db79828c985958154243411278,SO52074,105,HL-U509-B,3,105,0b80ce5eab877cae9997209e0bee6e60
11211,72e75576254db1afef14ecdc050391c2,20b851db79828c985958154243411278,SO52074,5,TT-T092,1,5,0b80ce5eab877cae9997209e0bee6e60
11211,73a69a5c77a7d23172e54d7ce07a638e,5a06908cc28b799b04fc1c47664462e6,SO55463,27,CA-1098,3,27,41fc4cb27e0ee552c4c9247e1a476cc5
11211,73a69a5c77a7d23172e54d7ce07a638e,5a06908cc28b799b04fc1c47664462e6,SO55463,54,SJ-0194-M,1,54,41fc4cb27e0ee552c4c9247e1a476cc5
11211,73a69a5c77a7d23172e54d7ce07a638e,5a06908cc28b799b04fc1c47664462e6,SO55463,4,TT-R982,1,4,41fc4cb27e0ee552c4c9247e1a476cc5
11211,8728a5e296f39e49d2fa74c31820e99f,66e56e10b0f528b66a45e307ecdf4774,SO69589,2,PK-7098,1,2,3fe686907939d07097f6c87f08025422
11211,8728a5e296f39e49d2fa74c31820e99f,66e56e10b0f528b66a45e307ecdf4774,SO69589,21,TI-R092,1,21,3fe686907939d07097f6c87f08025422
11211,88d8e3ff674b1514a19b24621707f0d9,ca5b8307fa5f2189fb98330a9d65927c,SO74455,70,SH-W890-L,1,70,df09a3a727ac0f29208c5ef3bf7625e6
11211,921bc92a493b53f98f24e6a8a12801be,17520f5649fab40fb66771362888cb90,SO71436,2,PK-7098,1,2,6a8d7e42bb852c45fbf8610361d391a0
11211,921bc92a493b53f98f24e6a8a12801be,17520f5649fab40fb66771362888cb90,SO71436,25,TI-R628,1,25,6a8d7e42bb852c45fbf8610361d391a0
11211,a1fedb8f5f2e08543339a5f167bee6b7,8b9fe4b34e3c54f08bfcac3d9691e260,SO64949,105,HL-U509,3,105,4eec6eda382b9c44e240ad4b4b5e9cc0
11211,a946e75bc65318721cd1e01162d392dd,5efefff01843f5aa3f7d8a4d44b4bf2e,SO63429,9,BC-R205,1,9,3a23b248b732af434a45fce0302aa11f
11211,a946e75bc65318721cd1e01162d392dd,5efefff01843f5aa3f7d8a4d44b4bf2e,SO63429,5,WB-H098,1,5,3a23b248b732af434a45fce0302aa11f
11211,a9adf65abbb865184bf924d14a93d0c4,ec24e4cf9fcc90f3bbe81b2fb3735c21,SO70685,2,PK-7098,1,2,e0cd1349b4c6e1b5f14ed427e358c2d0
11211,b322422d9a721bbdefa133133dd407c1,07b7d2aed13a63a16377587dcc0abbe8,SO66842,105,HL-U509-R,3,105,2296af5563b2061aa1d88124a37eecb7
11211,b322422d9a721bbdefa133133dd407c1,07b7d2aed13a63a16377587dcc0abbe8,SO66842,5,TT-T092,1,5,2296af5563b2061aa1d88124a37eecb7
11211,c83e871e48c2716e0f28e60d166a5c98,6a8d7e42bb852c45fbf8610361d391a0,SO72080,8,CL-9009,1,8,c4c454d69a39e60a6f5cf2f97148adad
11211,c83e871e48c2716e0f28e60d166a5c98,6a8d7e42bb852c45fbf8610361d391a0,SO72080,25,TI-M267,1,25,c4c454d69a39e60a6f5cf2f97148adad
11211,c83e871e48c2716e0f28e60d166a5c98,6a8d7e42bb852c45fbf8610361d391a0,SO72080,5,TT-M928,1,5,c4c454d69a39e60a6f5cf2f97148adad
11211,d945ec2aae74dbfb829453026b91c235,348f48807f500aeac729fb17d9bc97f1,SO61314,120,RA-H123,1,120,eef21e68ecca703bb338920b950f203c
11212,03bf7d2a8718ee9aca4bd2f37e962fc4,290499d9b8e65db426ba9b842714eb6d,SO63564,54,SJ-0194-X,1,54,7130adfd843cdcb6d0bcd9d13792693a
11212,07b7d2aed13a63a16377587dcc0abbe8,02b96ab6e0935145589be4e1408a1675,SO66080,120,RA-H123,1,120,6866da5d40f1aad2d82129d5ffa25bda
11212,07b7d2aed13a63a16377587dcc0abbe8,02b96ab6e0935145589be4e1408a1675,SO66105,105,HL-U509-B,3,105,6866da5d40f1aad2d82129d5ffa25bda
11212,07b7d2aed13a63a16377587dcc0abbe8,02b96ab6e0935145589be4e1408a1675,SO66105,30,TI-M602,1,30,6866da5d40f1aad2d82129d5ffa25bda
11212,07b7d2aed13a63a16377587dcc0abbe8,02b96ab6e0935145589be4e1408a1675,SO66105,5,TT-M928,1,5,6866da5d40f1aad2d82129d5ffa25bda
11212,16e364d19895243407b256ec272d5394,4004a117f65dfd3221a9cce8fce5a45f,SO67588,2,PK-7098,1,2,7acd252f45ad6fe668386456a673d543
11212,16e364d19895243407b256ec272d5394,4004a117f65dfd3221a9cce8fce5a45f,SO67588,25,TI-R628,1,25,7acd252f45ad6fe668386456a673d543
11212,3e07f09fb2edbdf0bf6a54c17634514b,dca79d69a6b38e95c4b03bfab997796c,SO52968,105,HL-U509-B,3,105,c375f33d72ca7161f341c2726e82d67a
11212,54d3ba66c5e71d3112695b882ca2030e,e4b40b4ba619c72ec5a69caad258d393,SO74563,2,PK-7098,1,2,40eee601514259a9632d510ca71226cc
11212,54d3ba66c5e71d3112695b882ca2030e,e4b40b4ba619c72ec5a69caad258d393,SO74563,25,TI-M267,1,25,40eee601514259a9632d510ca71226cc
11212,73b2264d673ee7b5b2e7e165020516ac,4ceff7612cfa4420892fe23b23ca9265,SO57370,150,LJ-0192-M,3,150,8d71482745a6a1be4fbbc5562ade4657
11212,73b2264d673ee7b5b2e7e165020516ac,4ceff7612cfa4420892fe23b23ca9265,SO57380,2,PK-7098,1,2,8d71482745a6a1be4fbbc5562ade4657
11212,8d71482745a6a1be4fbbc5562ade4657,089c2a426c196c5ca5facb20896c90bb,SO56920,2,PK-7098,1,2,d9f7611cf8d29b48a1d3d8fddb8c5b2e
11212,8d71482745a6a1be4fbbc5562ade4657,089c2a426c196c5ca5facb20896c90bb,SO56920,21,TI-R092,1,21,d9f7611cf8d29b48a1d3d8fddb8c5b2e
11212,93ddc10d6cf61153011df052aa76671f,7299e51cfc0d5174743a6701a8a96488,SO65628,9,BC-R205,1,9,02b96ab6e0935145589be4e1408a1675
11212,93ddc10d6cf61153011df052aa76671f,7299e51cfc0d5174743a6701a8a96488,SO65628,5,WB-H098,1,5,02b96ab6e0935145589be4e1408a1675
11212,a048b8d5f3f9178f163e2be055f0138b,c83e871e48c2716e0f28e60d166a5c98,SO72978,48,GL-H102-M,2,48,41ef6b06b63ba4f6a5234245a439b157
11212,a048b8d5f3f9178f163e2be055f0138b,c83e871e48c2716e0f28e60d166a5c98,SO72978,105,HL-U509,3,105,41ef6b06b63ba4f6a5234245a439b157
11212,a048b8d5f3f9178f163e2be055f0138b,c83e871e48c2716e0f28e60d166a5c98,SO72978,25,TI-R628,1,25,41ef6b06b63ba4f6a5234245a439b157
11212,a048b8d5f3f9178f163e2be055f0138b,c83e871e48c2716e0f28e60d166a5c98,SO72978,4,TT-R982,1,4,41ef6b06b63ba4f6a5234245a439b157
11212,a6d37e298c3042e300813f55a17e0875,99b7e934795a93975a5e0c0b9b57d9ba,SO64626,48,GL-H102-M,2,48,b0241b451647f25db5f52074445d820c
11212,a6d37e298c3042e300813f55a17e0875,99b7e934795a93975a5e0c0b9b57d9ba,SO64626,150,LJ-0192-X,3,150,b0241b451647f25db5f52074445d820c
11212,a6d37e298c3042e300813f55a17e0875,99b7e934795a93975a5e0c0b9b57d9ba,SO64626,5,TT-T092,1,5,b0241b451647f25db5f52074445d820c
11212,b8d9d66529b0a1e91f6137abcdd065dd,6d44506d59926d8d13d35f75d97f2a64,SO54207,48,GL-H102-M,2,48,90c6314650a0d54fdcabe5cd5406f9af
11212,b8d9d66529b0a1e91f6137abcdd065dd,6d44506d59926d8d13d35f75d97f2a64,SO54207,5,TT-T092,1,5,90c6314650a0d54fdcabe5cd5406f9af
11212,bb858b10001c01aea17b4e635d0662a2,d612b5fb3f6011688fb0c9927693365a,SO74759,105,HL-U509-R,3,105,2fb09097185e604aaadbfde958fd6262
11212,bb858b10001c01aea17b4e635d0662a2,d612b5fb3f6011688fb0c9927693365a,SO74759,4,TT-R982,1,4,2fb09097185e604aaadbfde958fd6262
11212,db2b287636ac5ebda430de4f3f643b24,7af7abc5e37d5fa2e2334b4fec2584e2,SO51991,150,LJ-0192-M,3,150,bee2b842cd357511cf4c8e509f5af192
11212,db2b287636ac5ebda430de4f3f643b24,7af7abc5e37d5fa2e2334b4fec2584e2,SO51991,70,SH-W890-L,1,70,bee2b842cd357511cf4c8e509f5af192
11212,f5933feadc49c253e4f0e77b236946e9,0b80ce5eab877cae9997209e0bee6e60,SO52446,2,PK-7098,1,2,b8cc77f0099ae7d3a20b9f0b74d70b12
11212,f5933feadc49c253e4f0e77b236946e9,0b80ce5eab877cae9997209e0bee6e60,SO52446,35,TI-M823,1,35,b8cc77f0099ae7d3a20b9f0b74d70b12
11212,f5933feadc49c253e4f0e77b236946e9,0b80ce5eab877cae9997209e0bee6e60,SO52446,5,TT-M928,1,5,b8cc77f0099ae7d3a20b9f0b74d70b12
11212,f799d104dd23bb828dcdaaefc4d25b61,ca510b577b53d588f80b4fc76030ea52,SO52299,5,TT-T092,1,5,cfceb7490eff6e660974507be7c579c6
11213,d8a4ea0dc4237ee8690ee37b3902fd0e,0c8ff735cb2b05718573c08173335fd4,SO55148,2,PK-7098,1,2,fef3080ec197edd1a04bb18afd31d16d
11213,e82ca4c6beebe812f10fa1041b97a160,9d934f91c460e9947414d00048f2fa36,SO66048,105,HL-U509-R,3,105,6d1d8a1c7851eb5a946d45009cea6d9f
11213,e82ca4c6beebe812f10fa1041b97a160,9d934f91c460e9947414d00048f2fa36,SO66048,35,TI-M823,1,35,6d1d8a1c7851eb5a946d45009cea6d9f
11213,e82ca4c6beebe812f10fa1041b97a160,9d934f91c460e9947414d00048f2fa36,SO66048,5,TT-M928,1,5,6d1d8a1c7851eb5a946d45009cea6d9f
11214,6a8d7e42bb852c45fbf8610361d391a0,3f72b837978dcd042b73e7270f11a4ca,SO71121,120,RA-H123,1,120,49fce086a31f1cfcf16b54e462f7cbc0
11214,6a8d7e42bb852c45fbf8610361d391a0,3f72b837978dcd042b73e7270f11a4ca,SO71121,35,TI-M823,1,35,49fce086a31f1cfcf16b54e462f7cbc0
11214,6a8d7e42bb852c45fbf8610361d391a0,3f72b837978dcd042b73e7270f11a4ca,SO71121,5,TT-M928,1,5,49fce086a31f1cfcf16b54e462f7cbc0
11214,8b9fe4b34e3c54f08bfcac3d9691e260,a946e75bc65318721cd1e01162d392dd,SO64192,2,PK-7098,1,2,f75e5f8c15ca91ec5c869dc3881f574f
11215,05e7920e8caf0303dc01b77666952b75,eea5b3bd1bd5d5c62a1d22f78d3ba263,SO66239,105,HL-U509,3,105,3a2f313512bb520c43971e54ba834dec
11215,05e7920e8caf0303dc01b77666952b75,eea5b3bd1bd5d5c62a1d22f78d3ba263,SO66239,35,TI-M823,1,35,3a2f313512bb520c43971e54ba834dec
11215,05e7920e8caf0303dc01b77666952b75,eea5b3bd1bd5d5c62a1d22f78d3ba263,SO66239,5,TT-M928,1,5,3a2f313512bb520c43971e54ba834dec
11215,0d15ba5aa4c9ad0377b26e0cf7a86280,b21e833d3ead6056f1265f13fe1ff015,SO61455,48,GL-H102-L,2,48,4a70a3ec50fd16032883bf6fc79c55dd
11215,0d15ba5aa4c9ad0377b26e0cf7a86280,b21e833d3ead6056f1265f13fe1ff015,SO61455,70,SH-W890-S,1,70,4a70a3ec50fd16032883bf6fc79c55dd
11215,1685ca8ff12ea83725a1c35e1d89c5cd,15699e35c72c4036c71409f3f3d69528,SO53838,159,ST-1401,1,159,6d44506d59926d8d13d35f75d97f2a64
11215,1685ca8ff12ea83725a1c35e1d89c5cd,15699e35c72c4036c71409f3f3d69528,SO53838,30,TI-M602,1,30,6d44506d59926d8d13d35f75d97f2a64
11215,1685ca8ff12ea83725a1c35e1d89c5cd,15699e35c72c4036c71409f3f3d69528,SO53838,5,TT-M928,1,5,6d44506d59926d8d13d35f75d97f2a64
11215,331afa0aff1b1cfbf3d24944ab38c9d2,c885741a5e3e55c84950327011b70289,SO69670,2,PK-7098,1,2,962bae2fb03296a3b9cacabfa929322c
11215,3a2f313512bb520c43971e54ba834dec,a1fedb8f5f2e08543339a5f167bee6b7,SO65882,150,LJ-0192-M,3,150,e2f0a420a4c1a9e8e292761f835e0489
11215,5432d51ee94799c0125bb158c8a8bd22,545a3d56d20b22e09aa85bfa5ed8738d,SO73124,25,TI-M267,1,25,9592b44e2c3f304a9875f45537bec6eb
11215,55f9f4cb5784581a517e59904e0d5e2f,9b6872ca1d80024637e967d1066bba0a,SO56029,54,SJ-0194-S,1,54,1678083e7ff90bd404baad3f60bffa37
11215,55f9f4cb5784581a517e59904e0d5e2f,9b6872ca1d80024637e967d1066bba0a,SO56032,5,TT-T092,1,5,1678083e7ff90bd404baad3f60bffa37
11215,7254e54716fe52361e62aa16ea2e0797,6eaadc1181f307997dc853d9ed40db36,SO59421,21,TI-R092,1,21,e7df1b3ee078bdcfc260a877f321287d
11215,75fe8d7dec9d2a51be64595ab37dc674,ef5bad66aa19ccfb82cacb73584b83ea,SO58552,159,ST-1401,1,159,23f22724b430320654759f8512440ebc
11215,75fe8d7dec9d2a51be64595ab37dc674,ef5bad66aa19ccfb82cacb73584b83ea,SO58552,25,TI-R628,1,25,23f22724b430320654759f8512440ebc
11215,75fe8d7dec9d2a51be64595ab37dc674,ef5bad66aa19ccfb82cacb73584b83ea,SO58552,4,TT-R982,1,4,23f22724b430320654759f8512440ebc
11215,8f472ffe3ff3109f420ae91355ff8f3f,e0cd1349b4c6e1b5f14ed427e358c2d0,SO71153,27,CA-1098,3,27,8fa3bab223bec6501ad71f96bb1067b6
11215,8f472ffe3ff3109f420ae91355ff8f3f,e0cd1349b4c6e1b5f14ed427e358c2d0,SO71153,120,RA-H123,1,120,8fa3bab223bec6501ad71f96bb1067b6
11215,95103530881768b5cfc7e33970db9cd7,2ed3972e38245b633ec6b146c2970148,SO62396,105,HL-U509,3,105,305c66634c155cab2b5cc3ce00351eb1
11215,ab4946738415af86b5e3cee69b13301f,ed268f8f3837888893f896b7240f1254,SO57258,5,TT-T092,1,5,fde67888c64f701b59876ec559099b3e
11215,d6ab5a0eee939524352092b964d92b84,106dfbaf552c07a1b08d065f2c343982,SO55193,48,GL-H102-L,2,48,3c4bf68562424c26986beae6ce13704a
11215,d6ab5a0eee939524352092b964d92b84,106dfbaf552c07a1b08d065f2c343982,SO55193,150,LJ-0192-S,3,150,3c4bf68562424c26986beae6ce13704a
11215,d6ab5a0eee939524352092b964d92b84,106dfbaf552c07a1b08d065f2c343982,SO55193,25,TI-R628,1,25,3c4bf68562424c26986beae6ce13704a
11215,d8a4ea0dc4237ee8690ee37b3902fd0e,0c8ff735cb2b05718573c08173335fd4,SO55151,105,HL-U509-B,3,105,fef3080ec197edd1a04bb18afd31d16d
11215,d8a4ea0dc4237ee8690ee37b3902fd0e,0c8ff735cb2b05718573c08173335fd4,SO55151,5,TT-T092,1,5,fef3080ec197edd1a04bb18afd31d16d
11215,deff8ad81a213d1110c1f409a7f40fcd,b8cc77f0099ae7d3a20b9f0b74d70b12,SO52778,9,BC-R205,1,9,f04e53711455521533f4c5ed7dcaa287
11215,deff8ad81a213d1110c1f409a7f40fcd,b8cc77f0099ae7d3a20b9f0b74d70b12,SO52778,105,HL-U509-B,3,105,f04e53711455521533f4c5ed7dcaa287
11215,deff8ad81a213d1110c1f409a7f40fcd,b8cc77f0099ae7d3a20b9f0b74d70b12,SO52778,150,LJ-0192-S,3,150,f04e53711455521533f4c5ed7dcaa287
11215,deff8ad81a213d1110c1f409a7f40fcd,b8cc77f0099ae7d3a20b9f0b74d70b12,SO52778,5,WB-H098,1,5,f04e53711455521533f4c5ed7dcaa287
11215,df595e3c678d4fae23ce174fe747165e,07b31bae17c7890b17d79a654aa230cf,SO58848,105,HL-U509,3,105,75fe8d7dec9d2a51be64595ab37dc674
11215,df595e3c678d4fae23ce174fe747165e,07b31bae17c7890b17d79a654aa230cf,SO58848,4,TT-R982,1,4,75fe8d7dec9d2a51be64595ab37dc674
11216,2a4234d94b0d548e524e2871335265f0,c55f055d5165a30d442dcecdc9275b95,SO45441,3578,BK-R93R-48,1,3578,8e161c35e5af5e9caaca6b537330fb0e
11216,f799d104dd23bb828dcdaaefc4d25b61,ca510b577b53d588f80b4fc76030ea52,SO52322,4590,BK-M68B-46,2,4590,cfceb7490eff6e660974507be7c579c6
11216,f799d104dd23bb828dcdaaefc4d25b61,ca510b577b53d588f80b4fc76030ea52,SO52322,105,HL-U509-R,3,105,cfceb7490eff6e660974507be7c579c6
11216,f799d104dd23bb828dcdaaefc4d25b61,ca510b577b53d588f80b4fc76030ea52,SO52322,35,TI-M823,1,35,cfceb7490eff6e660974507be7c579c6
11216,f799d104dd23bb828dcdaaefc4d25b61,ca510b577b53d588f80b4fc76030ea52,SO52322,5,TT-M928,1,5,cfceb7490eff6e660974507be7c579c6
11217,8e161c35e5af5e9caaca6b537330fb0e,95f5058cb388519abd9105f555ae7591,SO45404,3578,BK-R93R-62,1,3578,3eb2a52c6c6787843bc1ac7f25a034a0
11217,c375f33d72ca7161f341c2726e82d67a,9f79f7706bc6a7654ef0b8977966f69a,SO52759,4640,BK-M68S-46,2,4640,0dc34ca2aaa8612cde077f1880b78b25
11217,c375f33d72ca7161f341c2726e82d67a,9f79f7706bc6a7654ef0b8977966f69a,SO52759,55,HY-1023-70,1,55,0dc34ca2aaa8612cde077f1880b78b25
11218,0e000451f430d2e5b745a08b4ee7836c,9795c57676ee8b8b6ba9a6f9014a520b,SO74362,2,PK-7098,1,2,e4b40b4ba619c72ec5a69caad258d393
11218,0e000451f430d2e5b745a08b4ee7836c,9795c57676ee8b8b6ba9a6f9014a520b,SO74362,35,TI-M823,1,35,e4b40b4ba619c72ec5a69caad258d393
11218,51c449e55b4a63a16fb45beb689150d5,18bea060239713ee5f865109f63f3a8a,SO53629,2,PK-7098,1,2,714597fe9448176d17876617114a65bc
11219,6a373d2281ba1487d83680f65dd6e6d0,2fb09097185e604aaadbfde958fd6262,SO74978,2,PK-7098,1,2,8592725b85eec4822018b8728dd5b88d
11219,8728a5e296f39e49d2fa74c31820e99f,66e56e10b0f528b66a45e307ecdf4774,SO69614,2,PK-7098,1,2,3fe686907939d07097f6c87f08025422
11219,8728a5e296f39e49d2fa74c31820e99f,66e56e10b0f528b66a45e307ecdf4774,SO69614,35,TI-M823,1,35,3fe686907939d07097f6c87f08025422
11220,9c56075241a26f6fa77eb86b15411c6e,9444f850ff0c10a862b4a6a9c4ab0a74,SO54412,35,TI-M823,1,35,ab2e81a99745ffff6c06e2be93290d1b
11220,9c56075241a26f6fa77eb86b15411c6e,9444f850ff0c10a862b4a6a9c4ab0a74,SO54412,5,TT-M928,1,5,ab2e81a99745ffff6c06e2be93290d1b
11220,a048b8d5f3f9178f163e2be055f0138b,c83e871e48c2716e0f28e60d166a5c98,SO72977,8,CL-9009,1,8,41ef6b06b63ba4f6a5234245a439b157
11220,a048b8d5f3f9178f163e2be055f0138b,c83e871e48c2716e0f28e60d166a5c98,SO72977,2,PK-7098,1,2,41ef6b06b63ba4f6a5234245a439b157
11221,66e56e10b0f528b66a45e307ecdf4774,691ad1b0dca3643b923973defd014d47,SO68587,2,PK-7098,1,2,8eb7a1b0dba9fdd5f4248b9cb6b9119b
11221,66e56e10b0f528b66a45e307ecdf4774,691ad1b0dca3643b923973defd014d47,SO68587,35,TI-M823,1,35,8eb7a1b0dba9fdd5f4248b9cb6b9119b
11221,66e56e10b0f528b66a45e307ecdf4774,691ad1b0dca3643b923973defd014d47,SO68587,5,TT-M928,1,5,8eb7a1b0dba9fdd5f4248b9cb6b9119b
11221,a9cefc49af6424b430612adfc69876ee,d34ba8f5d7fd7d5959a34c283fbec422,SO55827,4,TT-R982,1,4,59c3d64cb01cd5ad7fd25246d81a55ff
11222,a9cd7a99d71cca9cb644010050374ade,3db19f5f710f10e90ecc7154c649d60a,SO71732,105,HL-U509-B,3,105,128ee9ff420de424a605a0ee4a6f7916
11222,a9cd7a99d71cca9cb644010050374ade,3db19f5f710f10e90ecc7154c649d60a,SO71732,35,TI-M823,1,35,128ee9ff420de424a605a0ee4a6f7916
11222,a9cd7a99d71cca9cb644010050374ade,3db19f5f710f10e90ecc7154c649d60a,SO71732,5,TT-M928,1,5,128ee9ff420de424a605a0ee4a6f7916
11222,ec24e4cf9fcc90f3bbe81b2fb3735c21,c4369eefdf9bb8a3f9115e96b40aaf17,SO69805,27,CA-1098,3,27,f06fd077b6afc2d69af6e1e548da266d
11222,ec24e4cf9fcc90f3bbe81b2fb3735c21,c4369eefdf9bb8a3f9115e96b40aaf17,SO69805,120,RA-H123,1,120,f06fd077b6afc2d69af6e1e548da266d
11222,ec24e4cf9fcc90f3bbe81b2fb3735c21,c4369eefdf9bb8a3f9115e96b40aaf17,SO69805,4,TT-R982,1,4,f06fd077b6afc2d69af6e1e548da266d
11223,0dc34ca2aaa8612cde077f1880b78b25,361e2c62255e0c1887ac2139911ca300,SO52483,105,HL-U509-B,3,105,7f026edc73bd4602381834e9b850d6c2
11223,0dc34ca2aaa8612cde077f1880b78b25,361e2c62255e0c1887ac2139911ca300,SO52483,4,TT-R982,1,4,7f026edc73bd4602381834e9b850d6c2
11223,38c9e5d1e366b4c5c36aae682bc960c4,8fa3bab223bec6501ad71f96bb1067b6,SO71637,25,TI-R628,1,25,58c4ce5b9433e7b6d41793d5a76d5590
11223,3f0c8308e4e2e5c4ddc1b7e19304f613,61e00b038efd34bdf9c747596273cbcf,SO64809,105,HL-U509-R,3,105,232e830f1ac667c081eaaca23cdf9b5f
11223,3f0c8308e4e2e5c4ddc1b7e19304f613,61e00b038efd34bdf9c747596273cbcf,SO64809,33,TI-R982,1,33,232e830f1ac667c081eaaca23cdf9b5f
11223,3f0c8308e4e2e5c4ddc1b7e19304f613,61e00b038efd34bdf9c747596273cbcf,SO64809,4,TT-R982,1,4,232e830f1ac667c081eaaca23cdf9b5f
11223,40eee601514259a9632d510ca71226cc,8babade0595c11e14dd89058a850f2cd,SO74425,48,GL-H102-M,2,48,982b3b4109cce5d4e5bf1fcbe0ae259b
11223,40eee601514259a9632d510ca71226cc,8babade0595c11e14dd89058a850f2cd,SO74425,25,TI-M267,1,25,982b3b4109cce5d4e5bf1fcbe0ae259b
11223,511572e8a25e86c2f48ae9e6d73a1e6a,8e8847c1bdf012037ee13bb62da8a5c1,SO68091,105,HL-U509-R,3,105,691ad1b0dca3643b923973defd014d47
11223,58c4ce5b9433e7b6d41793d5a76d5590,1556bafff387fc8f2f6fef64c1daa6bc,SO71293,105,HL-U509-B,3,105,fd5ba6fdeb81e07b2caf0b103489bd8d
11223,58c4ce5b9433e7b6d41793d5a76d5590,1556bafff387fc8f2f6fef64c1daa6bc,SO71293,4,TT-R982,1,4,fd5ba6fdeb81e07b2caf0b103489bd8d
11223,58c4ce5b9433e7b6d41793d5a76d5590,1556bafff387fc8f2f6fef64c1daa6bc,SO71298,25,TI-M267,1,25,fd5ba6fdeb81e07b2caf0b103489bd8d
11223,58c4ce5b9433e7b6d41793d5a76d5590,1556bafff387fc8f2f6fef64c1daa6bc,SO71298,5,TT-M928,1,5,fd5ba6fdeb81e07b2caf0b103489bd8d
11223,5abaefcc8525a8f4cfd95cba9e926532,fde67888c64f701b59876ec559099b3e,SO57643,29,TI-T723,1,29,73b2264d673ee7b5b2e7e165020516ac
11223,5abaefcc8525a8f4cfd95cba9e926532,fde67888c64f701b59876ec559099b3e,SO57659,35,TI-M823,1,35,73b2264d673ee7b5b2e7e165020516ac
11223,5abaefcc8525a8f4cfd95cba9e926532,fde67888c64f701b59876ec559099b3e,SO57659,5,TT-M928,1,5,73b2264d673ee7b5b2e7e165020516ac
11223,5e9b4970006d8f02ba0bc1763fa8b9a6,b2e85aa5f9c095607e638c7e6e2c694b,SO51942,10,BC-M005,10,100,ca510b577b53d588f80b4fc76030ea52
11223,5e9b4970006d8f02ba0bc1763fa8b9a6,b2e85aa5f9c095607e638c7e6e2c694b,SO51942,55,HY-1023-70,1,55,ca510b577b53d588f80b4fc76030ea52
11223,6582aa26281b9a92ad60e6a03e274c00,232e830f1ac667c081eaaca23cdf9b5f,SO65408,2,PK-7098,1,2,18f358e551b5b85912bc952ab9894c0d
11223,6582aa26281b9a92ad60e6a03e274c00,232e830f1ac667c081eaaca23cdf9b5f,SO65408,25,TI-R628,1,25,18f358e551b5b85912bc952ab9894c0d
11223,6866da5d40f1aad2d82129d5ffa25bda,b68fd63ca41d49bfc1b18251202c053f,SO65758,105,HL-U509-B,3,105,eea5b3bd1bd5d5c62a1d22f78d3ba263
11223,6866da5d40f1aad2d82129d5ffa25bda,b68fd63ca41d49bfc1b18251202c053f,SO65758,5,TT-T092,1,5,eea5b3bd1bd5d5c62a1d22f78d3ba263
11223,6e5c4b769f8f70f9fd01b24ba5be9695,40e7dd73b09eac540e790daf6fac41af,SO54836,48,GL-H102-S,2,48,106dfbaf552c07a1b08d065f2c343982
11223,6e5c4b769f8f70f9fd01b24ba5be9695,40e7dd73b09eac540e790daf6fac41af,SO54836,105,HL-U509-R,3,105,106dfbaf552c07a1b08d065f2c343982
11223,6e5c4b769f8f70f9fd01b24ba5be9695,40e7dd73b09eac540e790daf6fac41af,SO54836,33,TI-R982,1,33,106dfbaf552c07a1b08d065f2c343982
11223,870bd4f3713260418e4f342f31dc7e33,94c60e0b5e2b0f78b919a5d4c67d70a2,SO62875,9,BC-R205,1,9,2fe1a028f9398deb2efcd536c8246fae
11223,870bd4f3713260418e4f342f31dc7e33,94c60e0b5e2b0f78b919a5d4c67d70a2,SO62875,48,GL-H102-S,2,48,2fe1a028f9398deb2efcd536c8246fae
11223,870bd4f3713260418e4f342f31dc7e33,94c60e0b5e2b0f78b919a5d4c67d70a2,SO62875,150,LJ-0192-M,3,150,2fe1a028f9398deb2efcd536c8246fae
11223,870bd4f3713260418e4f342f31dc7e33,94c60e0b5e2b0f78b919a5d4c67d70a2,SO62875,5,WB-H098,1,5,2fe1a028f9398deb2efcd536c8246fae
11223,94c60e0b5e2b0f78b919a5d4c67d70a2,0d15ba5aa4c9ad0377b26e0cf7a86280,SO62159,150,LJ-0192-X,3,150,9913e55755fcc4267a06c1e6adbbc7fb
11223,a9cefc49af6424b430612adfc69876ee,d34ba8f5d7fd7d5959a34c283fbec422,SO55826,54,SJ-0194-L,1,54,59c3d64cb01cd5ad7fd25246d81a55ff
11223,aa14ddbc43aa2d3be1e6ac019bb7b5bc,dcf73f840a50da0145f24e8e0169dc4b,SO72881,5,WB-H098,1,5,a6f2945baeceeef4c8d541a22f6e99e9
11223,ab4946738415af86b5e3cee69b13301f,ed268f8f3837888893f896b7240f1254,SO57253,105,HL-U509-R,3,105,fde67888c64f701b59876ec559099b3e
11223,af1457846a79173ef71dd9d5dd69805a,254d832c83ccdb2c33eab65a4fd196ff,SO60341,2,PK-7098,1,2,ce08c22f7777768ce4197eab9727516c
11223,af1457846a79173ef71dd9d5dd69805a,254d832c83ccdb2c33eab65a4fd196ff,SO60341,21,TI-R092,1,21,ce08c22f7777768ce4197eab9727516c
11223,c885741a5e3e55c84950327011b70289,7e15f50bd26e439e6a22f5205a8064db,SO68637,2,PK-7098,1,2,0da2bc000f1fe4ea8746f9aea0bb5879
11223,c885741a5e3e55c84950327011b70289,7e15f50bd26e439e6a22f5205a8064db,SO68637,21,TI-R092,1,21,0da2bc000f1fe4ea8746f9aea0bb5879
11223,c885741a5e3e55c84950327011b70289,7e15f50bd26e439e6a22f5205a8064db,SO68637,4,TT-R982,1,4,0da2bc000f1fe4ea8746f9aea0bb5879
11223,d34ba8f5d7fd7d5959a34c283fbec422,9c56075241a26f6fa77eb86b15411c6e,SO55047,105,HL-U509,3,105,ac15b60491fe99190c0248790e690757
11223,d34ba8f5d7fd7d5959a34c283fbec422,9c56075241a26f6fa77eb86b15411c6e,SO55047,33,TI-R982,1,33,ac15b60491fe99190c0248790e690757
11223,d34ba8f5d7fd7d5959a34c283fbec422,9c56075241a26f6fa77eb86b15411c6e,SO55047,4,TT-R982,1,4,ac15b60491fe99190c0248790e690757
11223,e871b36e68b0b3d0af9c742d81fef27a,3fe686907939d07097f6c87f08025422,SO70103,2,PK-7098,1,2,1faee5670542865e021595151379fe5c
11223,eba5233d2dd8ea5031e646882335ece0,629ffff971d10f275a79a70fae527fbc,SO56612,105,HL-U509-R,3,105,b988e88fd94a3b47434beeb650cff880
11223,eba5233d2dd8ea5031e646882335ece0,629ffff971d10f275a79a70fae527fbc,SO56612,5,TT-T092,1,5,b988e88fd94a3b47434beeb650cff880
11223,ef5bad66aa19ccfb82cacb73584b83ea,0e23f371129aecc6b2033620b226f8d7,SO57865,27,CA-1098,3,27,485ae69515bc4c60ef546ff289741f60
11223,ef5bad66aa19ccfb82cacb73584b83ea,0e23f371129aecc6b2033620b226f8d7,SO57865,33,TI-R982,1,33,485ae69515bc4c60ef546ff289741f60
11223,f46ace11e93788e473124f7be16a19d5,5c741aa8e0753be65314a304e7b39c14,SO62778,48,GL-H102-L,2,48,4555f65c4664801d78b9f5477f89d8fd
11223,f46ace11e93788e473124f7be16a19d5,5c741aa8e0753be65314a304e7b39c14,SO62778,25,TI-M267,1,25,4555f65c4664801d78b9f5477f89d8fd
11223,f8025d3776b5f7522a6120cb4e9e0783,2d6e054ac82934d489c58cc8399a1628,SO61614,10,BC-M005,1,10,d945ec2aae74dbfb829453026b91c235
11223,f8025d3776b5f7522a6120cb4e9e0783,2d6e054ac82934d489c58cc8399a1628,SO61614,22,FE-6654,1,22,d945ec2aae74dbfb829453026b91c235
11223,f8025d3776b5f7522a6120cb4e9e0783,2d6e054ac82934d489c58cc8399a1628,SO61614,105,HL-U509-R,3,105,d945ec2aae74dbfb829453026b91c235
11223,f8025d3776b5f7522a6120cb4e9e0783,2d6e054ac82934d489c58cc8399a1628,SO61614,30,TI-M602,1,30,d945ec2aae74dbfb829453026b91c235
11223,f8025d3776b5f7522a6120cb4e9e0783,2d6e054ac82934d489c58cc8399a1628,SO61614,5,TT-M928,1,5,d945ec2aae74dbfb829453026b91c235
11223,f8025d3776b5f7522a6120cb4e9e0783,2d6e054ac82934d489c58cc8399a1628,SO61614,5,WB-H098,1,5,d945ec2aae74dbfb829453026b91c235
11223,fee8e08233f3f00450bce31967abb0f1,331afa0aff1b1cfbf3d24944ab38c9d2,SO70535,2,PK-7098,1,2,86bfb8ffc7a79e52d833cedce4d275bf
11223,fee8e08233f3f00450bce31967abb0f1,331afa0aff1b1cfbf3d24944ab38c9d2,SO70535,25,TI-M267,1,25,86bfb8ffc7a79e52d833cedce4d275bf
11224,0b80ce5eab877cae9997209e0bee6e60,a7cb0a760406e2013c8442a429fed0ae,SO51678,4590,BK-M68B-46,2,4590,70ad7386c1fe794c57fa3908ff22435d
11224,0b80ce5eab877cae9997209e0bee6e60,a7cb0a760406e2013c8442a429fed0ae,SO51678,105,HL-U509-R,3,105,70ad7386c1fe794c57fa3908ff22435d
11224,545a3d56d20b22e09aa85bfa5ed8738d,31c99d724c1f182c60edb82eb4740277,SO72256,742,BK-T18Y-44,1,742,a9cd7a99d71cca9cb644010050374ade
11224,545a3d56d20b22e09aa85bfa5ed8738d,31c99d724c1f182c60edb82eb4740277,SO72256,105,HL-U509-B,3,105,a9cd7a99d71cca9cb644010050374ade
11224,aaa07e52f0e1bae006632f510c91ec56,e89a01c7beb66fd77ea090731710a12e,SO45387,3578,BK-R93R-62,1,3578,fa2c117fbfa874ac1c732417d5be02d3
11225,64cadfde6f66bc25043d0d69f5ae5471,18f358e551b5b85912bc952ab9894c0d,SO65843,27,CA-1098,3,27,8d1d4829b2e801ba4e41ba48f5a549d4
11225,64cadfde6f66bc25043d0d69f5ae5471,18f358e551b5b85912bc952ab9894c0d,SO65843,22,FE-6654,1,22,8d1d4829b2e801ba4e41ba48f5a549d4
11225,64cadfde6f66bc25043d0d69f5ae5471,18f358e551b5b85912bc952ab9894c0d,SO65843,35,TI-M823,1,35,8d1d4829b2e801ba4e41ba48f5a549d4
11225,64cadfde6f66bc25043d0d69f5ae5471,18f358e551b5b85912bc952ab9894c0d,SO65843,5,TT-M928,1,5,8d1d4829b2e801ba4e41ba48f5a549d4
11225,883b9b4170853b321c03290f64ba199f,412998e77ee121227580e3d363f75fa2,SO60652,2,PK-7098,1,2,af1457846a79173ef71dd9d5dd69805a
11226,3c8e2c51453f4d665f1050da871dead6,1f50dad3f1493a5cf408c4eb3987479e,SO55430,35,TI-M823,1,35,d34ba8f5d7fd7d5959a34c283fbec422
11226,9b98d27287b27eeee9ebc06e1d5a9a8d,0dc34ca2aaa8612cde077f1880b78b25,SO53088,2,PK-7098,1,2,18bea060239713ee5f865109f63f3a8a
11227,c55f055d5165a30d442dcecdc9275b95,7ad2baebba56180e3df41b5a8865d84e,SO45359,3578,BK-R93R-52,1,3578,95f5058cb388519abd9105f555ae7591
11227,f04e53711455521533f4c5ed7dcaa287,5e9b4970006d8f02ba0bc1763fa8b9a6,SO52566,10,BC-M005,1,10,f799d104dd23bb828dcdaaefc4d25b61
11227,f04e53711455521533f4c5ed7dcaa287,5e9b4970006d8f02ba0bc1763fa8b9a6,SO52566,4590,BK-M68B-42,2,4590,f799d104dd23bb828dcdaaefc4d25b61
11227,f04e53711455521533f4c5ed7dcaa287,5e9b4970006d8f02ba0bc1763fa8b9a6,SO52566,22,FE-6654,1,22,f799d104dd23bb828dcdaaefc4d25b61
11227,f04e53711455521533f4c5ed7dcaa287,5e9b4970006d8f02ba0bc1763fa8b9a6,SO52566,5,WB-H098,1,5,f799d104dd23bb828dcdaaefc4d25b61
11228,962bae2fb03296a3b9cacabfa929322c,0da2bc000f1fe4ea8746f9aea0bb5879,SO69106,2,PK-7098,1,2,c4369eefdf9bb8a3f9115e96b40aaf17
11228,bb858b10001c01aea17b4e635d0662a2,d612b5fb3f6011688fb0c9927693365a,SO74778,105,HL-U509,3,105,2fb09097185e604aaadbfde958fd6262
11228,bb858b10001c01aea17b4e635d0662a2,d612b5fb3f6011688fb0c9927693365a,SO74778,35,TI-M823,1,35,2fb09097185e604aaadbfde958fd6262
11228,bb858b10001c01aea17b4e635d0662a2,d612b5fb3f6011688fb0c9927693365a,SO74778,5,TT-M928,1,5,2fb09097185e604aaadbfde958fd6262
11229,77a2a0387f57f7477e6ad3b5f0bb3093,6cf9e035d2f1d8ffe1b9f2f96a9e7a3a,SO75004,105,HL-U509-R,3,105,5728955fc583cbfd901d0ba25cb20f92
11229,77a2a0387f57f7477e6ad3b5f0bb3093,6cf9e035d2f1d8ffe1b9f2f96a9e7a3a,SO75004,4,TT-R982,1,4,5728955fc583cbfd901d0ba25cb20f92
11229,870bd4f3713260418e4f342f31dc7e33,94c60e0b5e2b0f78b919a5d4c67d70a2,SO62916,2,PK-7098,1,2,2fe1a028f9398deb2efcd536c8246fae
11229,870bd4f3713260418e4f342f31dc7e33,94c60e0b5e2b0f78b919a5d4c67d70a2,SO62916,35,TI-M823,1,35,2fe1a028f9398deb2efcd536c8246fae
11229,870bd4f3713260418e4f342f31dc7e33,94c60e0b5e2b0f78b919a5d4c67d70a2,SO62916,5,TT-M928,1,5,2fe1a028f9398deb2efcd536c8246fae
11230,86e0fc464cbb08ae74bd039224afec9a,38c9e5d1e366b4c5c36aae682bc960c4,SO72684,2,PK-7098,1,2,8920fd63645007b243abb750709b1172
11230,86e0fc464cbb08ae74bd039224afec9a,38c9e5d1e366b4c5c36aae682bc960c4,SO72684,35,TI-M823,1,35,8920fd63645007b243abb750709b1172
11230,86e0fc464cbb08ae74bd039224afec9a,38c9e5d1e366b4c5c36aae682bc960c4,SO72684,5,TT-M928,1,5,8920fd63645007b243abb750709b1172
11230,db2f6a564b6f5f41253c68874b50962b,76918877cf6ce7011018cd9708723392,SO62246,8,CL-9009,1,8,606ed413481267c98754e3351f662859
11230,db2f6a564b6f5f41253c68874b50962b,76918877cf6ce7011018cd9708723392,SO62246,4,TT-R982,1,4,606ed413481267c98754e3351f662859
11231,17520f5649fab40fb66771362888cb90,1faee5670542865e021595151379fe5c,SO70607,2,PK-7098,1,2,3f72b837978dcd042b73e7270f11a4ca
11231,f04e53711455521533f4c5ed7dcaa287,5e9b4970006d8f02ba0bc1763fa8b9a6,SO52560,22,FE-6654,1,22,f799d104dd23bb828dcdaaefc4d25b61
11231,f04e53711455521533f4c5ed7dcaa287,5e9b4970006d8f02ba0bc1763fa8b9a6,SO52560,35,TI-M823,1,35,f799d104dd23bb828dcdaaefc4d25b61
11231,f04e53711455521533f4c5ed7dcaa287,5e9b4970006d8f02ba0bc1763fa8b9a6,SO52560,5,TT-M928,1,5,f799d104dd23bb828dcdaaefc4d25b61
11232,4004a117f65dfd3221a9cce8fce5a45f,6ef7b4bb93d4e54234cf965ed2334682,SO66711,2,PK-7098,1,2,0120f4004ede1143c3be6caa4227affe
11232,a9adf65abbb865184bf924d14a93d0c4,ec24e4cf9fcc90f3bbe81b2fb3735c21,SO70702,2,PK-7098,1,2,e0cd1349b4c6e1b5f14ed427e358c2d0
11232,a9adf65abbb865184bf924d14a93d0c4,ec24e4cf9fcc90f3bbe81b2fb3735c21,SO70702,35,TI-M823,1,35,e0cd1349b4c6e1b5f14ed427e358c2d0
11233,ccb91034934bb047c5f6a32eb289b95b,640540d73b85c3ecd2e3bf5541686e87,SO59716,48,GL-H102-L,2,48,3ebfce6ccd7540a632ae7e6ad8100c29
11233,ccb91034934bb047c5f6a32eb289b95b,640540d73b85c3ecd2e3bf5541686e87,SO59716,4,TT-R982,1,4,3ebfce6ccd7540a632ae7e6ad8100c29
11233,f5933feadc49c253e4f0e77b236946e9,0b80ce5eab877cae9997209e0bee6e60,SO52443,27,CA-1098,3,27,b8cc77f0099ae7d3a20b9f0b74d70b12
11233,f5933feadc49c253e4f0e77b236946e9,0b80ce5eab877cae9997209e0bee6e60,SO52443,22,FE-6654,1,22,b8cc77f0099ae7d3a20b9f0b74d70b12
11233,f5933feadc49c253e4f0e77b236946e9,0b80ce5eab877cae9997209e0bee6e60,SO52443,105,HL-U509-B,3,105,b8cc77f0099ae7d3a20b9f0b74d70b12
11233,f5933feadc49c253e4f0e77b236946e9,0b80ce5eab877cae9997209e0bee6e60,SO52443,150,LJ-0192-M,3,150,b8cc77f0099ae7d3a20b9f0b74d70b12
11233,f5933feadc49c253e4f0e77b236946e9,0b80ce5eab877cae9997209e0bee6e60,SO52443,35,TI-M823,1,35,b8cc77f0099ae7d3a20b9f0b74d70b12
11234,cd15e5f80ff20dd345bfaa51400dd0d6,3a2f313512bb520c43971e54ba834dec,SO66681,2,PK-7098,1,2,4efe8b2ca156042f8a3d8dd6aba54520
11234,cd15e5f80ff20dd345bfaa51400dd0d6,3a2f313512bb520c43971e54ba834dec,SO66681,35,TI-M823,1,35,4efe8b2ca156042f8a3d8dd6aba54520
11234,f5933feadc49c253e4f0e77b236946e9,0b80ce5eab877cae9997209e0bee6e60,SO52421,105,HL-U509-B,3,105,b8cc77f0099ae7d3a20b9f0b74d70b12
11234,f5933feadc49c253e4f0e77b236946e9,0b80ce5eab877cae9997209e0bee6e60,SO52421,4,TT-R982,1,4,b8cc77f0099ae7d3a20b9f0b74d70b12
11235,76918877cf6ce7011018cd9708723392,883b9b4170853b321c03290f64ba199f,SO61518,105,HL-U509-B,3,105,4ddc8821c34bceaf3dba4a18741acca3
11235,76918877cf6ce7011018cd9708723392,883b9b4170853b321c03290f64ba199f,SO61518,35,TI-M823,1,35,4ddc8821c34bceaf3dba4a18741acca3
11235,76918877cf6ce7011018cd9708723392,883b9b4170853b321c03290f64ba199f,SO61518,5,TT-M928,1,5,4ddc8821c34bceaf3dba4a18741acca3
11235,d612b5fb3f6011688fb0c9927693365a,3e107cd1554225ea3056ed5010adce90,SO74377,48,GL-H102-M,2,48,a1e59736d286765313b8212467dc64b2
11235,d612b5fb3f6011688fb0c9927693365a,3e107cd1554225ea3056ed5010adce90,SO74377,105,HL-U509-B,3,105,a1e59736d286765313b8212467dc64b2
11235,d612b5fb3f6011688fb0c9927693365a,3e107cd1554225ea3056ed5010adce90,SO74377,4,TT-R982,1,4,a1e59736d286765313b8212467dc64b2
11236,36ab6f1df21f3c9a169c8942e981959a,058af5b2a408d57b708367e5bf4e9d9c,SO67680,105,HL-U509-B,3,105,8e8847c1bdf012037ee13bb62da8a5c1
11236,36ab6f1df21f3c9a169c8942e981959a,058af5b2a408d57b708367e5bf4e9d9c,SO67680,35,TI-M823,1,35,8e8847c1bdf012037ee13bb62da8a5c1
11236,36ab6f1df21f3c9a169c8942e981959a,058af5b2a408d57b708367e5bf4e9d9c,SO67680,5,TT-M928,1,5,8e8847c1bdf012037ee13bb62da8a5c1
11236,40eee601514259a9632d510ca71226cc,8babade0595c11e14dd89058a850f2cd,SO74422,105,HL-U509,3,105,982b3b4109cce5d4e5bf1fcbe0ae259b
11236,40eee601514259a9632d510ca71226cc,8babade0595c11e14dd89058a850f2cd,SO74422,4,TT-R982,1,4,982b3b4109cce5d4e5bf1fcbe0ae259b
11237,7af7abc5e37d5fa2e2334b4fec2584e2,5b07cd2a9dfb9437a07ea3012d6efbb7,SO51516,4640,BK-M68S-38,2,4640,5dddb266d8c26eece51489fe90c9f47d
11237,8d1d4829b2e801ba4e41ba48f5a549d4,a6d37e298c3042e300813f55a17e0875,SO65557,2384,BK-T79U-54,1,2384,ccf89c691dabb1412404274596922d90
11237,8d1d4829b2e801ba4e41ba48f5a549d4,a6d37e298c3042e300813f55a17e0875,SO65557,105,HL-U509-R,3,105,ccf89c691dabb1412404274596922d90
11237,b072685f839bf660f163321d570bd4df,ee7b4e75b13596004256c5044792aa3c,SO45631,3375,BK-M82B-44,1,3375,f036f125fefcf3b1a561961fcdc80496
11237,d5985f40495ba672dff8a99620b879c8,a9adf65abbb865184bf924d14a93d0c4,SO71500,9,BC-R205,1,9,8f472ffe3ff3109f420ae91355ff8f3f
11237,d5985f40495ba672dff8a99620b879c8,a9adf65abbb865184bf924d14a93d0c4,SO71500,4886,BK-R89B-58,2,4886,8f472ffe3ff3109f420ae91355ff8f3f
11238,0e23f371129aecc6b2033620b226f8d7,fda052162862bb845297063fd71a580c,SO57240,9,BC-R205,1,9,40ff348468b73116a7077c246985e0bf
11238,0e23f371129aecc6b2033620b226f8d7,fda052162862bb845297063fd71a580c,SO57240,540,BK-R19B-48,1,540,40ff348468b73116a7077c246985e0bf
11238,0e23f371129aecc6b2033620b226f8d7,fda052162862bb845297063fd71a580c,SO57240,27,CA-1098,3,27,40ff348468b73116a7077c246985e0bf
11238,0e23f371129aecc6b2033620b226f8d7,fda052162862bb845297063fd71a580c,SO57240,5,WB-H098,1,5,40ff348468b73116a7077c246985e0bf
11238,688f3e8d70a208f2fa540fbe4a53979e,20c1dd9f3b9a28a0588112859bcaf3dd,SO43729,3400,BK-M82S-44,1,3400,bd0ae680b4a62b8b5bdab83f032b2284
11238,dba3e44e23a1d2c2f299811e94db7fce,51c449e55b4a63a16fb45beb689150d5,SO54301,1215,BK-T44U-50,1,1215,226d694fb4b7f71d62444f9528be8704
11238,dba3e44e23a1d2c2f299811e94db7fce,51c449e55b4a63a16fb45beb689150d5,SO54301,105,HL-U509-R,3,105,226d694fb4b7f71d62444f9528be8704
11238,e2f7ff887646789ea003d03bc2025325,0990769bd233255d308a2f2137e95214,SO51573,4590,BK-M68B-38,2,4590,20b5e9ce0f87defd975a322149ec8cc6
11238,e2f7ff887646789ea003d03bc2025325,0990769bd233255d308a2f2137e95214,SO51573,105,HL-U509-B,3,105,20b5e9ce0f87defd975a322149ec8cc6
11239,0df76889b3e31ccfd17b50cc73baef03,debbb2493c6588799fc787e1854bcda5,SO58833,540,BK-R19B-58,1,540,6eaadc1181f307997dc853d9ed40db36
11239,0df76889b3e31ccfd17b50cc73baef03,debbb2493c6588799fc787e1854bcda5,SO58833,2,PK-7098,1,2,6eaadc1181f307997dc853d9ed40db36
11239,0df76889b3e31ccfd17b50cc73baef03,debbb2493c6588799fc787e1854bcda5,SO58833,21,TI-R092,1,21,6eaadc1181f307997dc853d9ed40db36
11239,0df76889b3e31ccfd17b50cc73baef03,debbb2493c6588799fc787e1854bcda5,SO58833,4,TT-R982,1,4,6eaadc1181f307997dc853d9ed40db36
11239,478ecc8cdaa127c33884d9f6c72c2cd5,3fbd0407b55d3a3da21388a2ddbf881c,SO58627,1215,BK-T44U-46,1,1215,174acf6ca4e9804d47a59a499422e621
11239,679eed5d77e30211eb990c0c13145df3,78cee6501c10922e466c02f814c8627b,SO51411,10,BC-M005,1,10,5b07cd2a9dfb9437a07ea3012d6efbb7
11239,679eed5d77e30211eb990c0c13145df3,78cee6501c10922e466c02f814c8627b,SO51411,4590,BK-M68B-46,2,4590,5b07cd2a9dfb9437a07ea3012d6efbb7
11239,679eed5d77e30211eb990c0c13145df3,78cee6501c10922e466c02f814c8627b,SO51411,27,CA-1098,3,27,5b07cd2a9dfb9437a07ea3012d6efbb7
11239,679eed5d77e30211eb990c0c13145df3,78cee6501c10922e466c02f814c8627b,SO51411,105,HL-U509-B,3,105,5b07cd2a9dfb9437a07ea3012d6efbb7
11239,679eed5d77e30211eb990c0c13145df3,78cee6501c10922e466c02f814c8627b,SO51411,5,WB-H098,1,5,5b07cd2a9dfb9437a07ea3012d6efbb7
11239,74f564dd4fda69d37ab2cd85932679fc,8f50e1ce468e1998aca6615f10c9f044,SO43788,3375,BK-M82B-48,1,3375,9effb9136439084df69d3197f50eb040
11240,3fbd0407b55d3a3da21388a2ddbf881c,ab4946738415af86b5e3cee69b13301f,SO57953,9,BC-R205,1,9,5abaefcc8525a8f4cfd95cba9e926532
11240,3fbd0407b55d3a3da21388a2ddbf881c,ab4946738415af86b5e3cee69b13301f,SO57953,540,BK-R19B-52,1,540,5abaefcc8525a8f4cfd95cba9e926532
11240,3fbd0407b55d3a3da21388a2ddbf881c,ab4946738415af86b5e3cee69b13301f,SO57953,48,GL-H102-L,2,48,5abaefcc8525a8f4cfd95cba9e926532
11240,3fbd0407b55d3a3da21388a2ddbf881c,ab4946738415af86b5e3cee69b13301f,SO57953,5,WB-H098,1,5,5abaefcc8525a8f4cfd95cba9e926532
11240,5abaefcc8525a8f4cfd95cba9e926532,fde67888c64f701b59876ec559099b3e,SO57673,9,BC-R205,1,9,73b2264d673ee7b5b2e7e165020516ac
11240,5abaefcc8525a8f4cfd95cba9e926532,fde67888c64f701b59876ec559099b3e,SO57673,1215,BK-T44U-54,1,1215,73b2264d673ee7b5b2e7e165020516ac
11240,5abaefcc8525a8f4cfd95cba9e926532,fde67888c64f701b59876ec559099b3e,SO57673,9,SO-R809-M,1,9,73b2264d673ee7b5b2e7e165020516ac
11240,5abaefcc8525a8f4cfd95cba9e926532,fde67888c64f701b59876ec559099b3e,SO57673,5,WB-H098,1,5,73b2264d673ee7b5b2e7e165020516ac
11240,78cee6501c10922e466c02f814c8627b,892aa61c5dad53571248cc492fa50176,SO51205,10,BC-M005,1,10,109423a52128e234487abcd717f01458
11240,78cee6501c10922e466c02f814c8627b,892aa61c5dad53571248cc492fa50176,SO51205,4640,BK-M68S-42,2,4640,109423a52128e234487abcd717f01458
11240,78cee6501c10922e466c02f814c8627b,892aa61c5dad53571248cc492fa50176,SO51205,105,HL-U509-B,3,105,109423a52128e234487abcd717f01458
11240,78cee6501c10922e466c02f814c8627b,892aa61c5dad53571248cc492fa50176,SO51205,5,WB-H098,1,5,109423a52128e234487abcd717f01458
11240,fbaf703299cbebd90f4ebe3575bd7ead,e904395773482ff67e248aa38929654a,SO44063,3400,BK-M82S-38,1,3400,9fa48dc8d46636bab53020640f0d42b9
11241,4ddc8821c34bceaf3dba4a18741acca3,af1457846a79173ef71dd9d5dd69805a,SO61171,9,BC-R205,1,9,2d6e054ac82934d489c58cc8399a1628
11241,4ddc8821c34bceaf3dba4a18741acca3,af1457846a79173ef71dd9d5dd69805a,SO61171,540,BK-R19B-48,1,540,2d6e054ac82934d489c58cc8399a1628
11241,4ddc8821c34bceaf3dba4a18741acca3,af1457846a79173ef71dd9d5dd69805a,SO61171,5,WB-H098,1,5,2d6e054ac82934d489c58cc8399a1628
11241,8728a5e296f39e49d2fa74c31820e99f,66e56e10b0f528b66a45e307ecdf4774,SO69624,2384,BK-T79Y-54,1,2384,3fe686907939d07097f6c87f08025422
11241,8728a5e296f39e49d2fa74c31820e99f,66e56e10b0f528b66a45e307ecdf4774,SO69624,27,CA-1098,3,27,3fe686907939d07097f6c87f08025422
11241,8728a5e296f39e49d2fa74c31820e99f,66e56e10b0f528b66a45e307ecdf4774,SO69624,105,HL-U509-B,3,105,3fe686907939d07097f6c87f08025422
11241,ac203ebd768c37b8ea6931e800115ae2,2a8c7f899adb0e29724a30c7fb9e8618,SO49675,4098,BK-M68B-42,2,4098,1a957c2fc6360821c819775ff9ef6f7e
11241,acc20902004de8acdd3eee04bfe5f91a,048405fe051586c63978bfe6b3a8b733,SO51192,4590,BK-M68B-46,2,4590,5f827524a01a15af1043fdb581ce224b
11241,acc20902004de8acdd3eee04bfe5f91a,048405fe051586c63978bfe6b3a8b733,SO51192,105,HL-U509-R,3,105,5f827524a01a15af1043fdb581ce224b
11241,bc761b2b7297029a695fbd6dd0470724,fef3080ec197edd1a04bb18afd31d16d,SO55623,565,BK-M18S-40,1,565,9b6872ca1d80024637e967d1066bba0a
11241,bc761b2b7297029a695fbd6dd0470724,fef3080ec197edd1a04bb18afd31d16d,SO55623,48,GL-H102-L,2,48,9b6872ca1d80024637e967d1066bba0a
11241,bc761b2b7297029a695fbd6dd0470724,fef3080ec197edd1a04bb18afd31d16d,SO55623,105,HL-U509-R,3,105,9b6872ca1d80024637e967d1066bba0a
11241,bc761b2b7297029a695fbd6dd0470724,fef3080ec197edd1a04bb18afd31d16d,SO55623,54,SJ-0194-L,1,54,9b6872ca1d80024637e967d1066bba0a
11241,bc761b2b7297029a695fbd6dd0470724,fef3080ec197edd1a04bb18afd31d16d,SO55623,25,TI-M267,1,25,9b6872ca1d80024637e967d1066bba0a
11241,bc761b2b7297029a695fbd6dd0470724,fef3080ec197edd1a04bb18afd31d16d,SO55623,5,TT-M928,1,5,9b6872ca1d80024637e967d1066bba0a
11241,c87874400b9f907bdf9ea37d75a4b341,23bd9a9b90557e9da7babfb8e3d2df22,SO64592,2384,BK-T79U-50,1,2384,8b9fe4b34e3c54f08bfcac3d9691e260
11241,c87874400b9f907bdf9ea37d75a4b341,23bd9a9b90557e9da7babfb8e3d2df22,SO64592,27,CA-1098,3,27,8b9fe4b34e3c54f08bfcac3d9691e260
11241,c87874400b9f907bdf9ea37d75a4b341,23bd9a9b90557e9da7babfb8e3d2df22,SO64592,2,PK-7098,1,2,8b9fe4b34e3c54f08bfcac3d9691e260
11241,c87874400b9f907bdf9ea37d75a4b341,23bd9a9b90557e9da7babfb8e3d2df22,SO64592,159,ST-1401,1,159,8b9fe4b34e3c54f08bfcac3d9691e260
11241,c87874400b9f907bdf9ea37d75a4b341,23bd9a9b90557e9da7babfb8e3d2df22,SO64592,29,TI-T723,1,29,8b9fe4b34e3c54f08bfcac3d9691e260
11241,c87874400b9f907bdf9ea37d75a4b341,23bd9a9b90557e9da7babfb8e3d2df22,SO64592,5,TT-T092,1,5,8b9fe4b34e3c54f08bfcac3d9691e260
11241,ef5bad66aa19ccfb82cacb73584b83ea,0e23f371129aecc6b2033620b226f8d7,SO57891,742,BK-T18Y-44,1,742,485ae69515bc4c60ef546ff289741f60
11241,ef5bad66aa19ccfb82cacb73584b83ea,0e23f371129aecc6b2033620b226f8d7,SO57891,105,HL-U509-R,3,105,485ae69515bc4c60ef546ff289741f60
11241,ef5bad66aa19ccfb82cacb73584b83ea,0e23f371129aecc6b2033620b226f8d7,SO57891,29,TI-T723,1,29,485ae69515bc4c60ef546ff289741f60
11241,ef5bad66aa19ccfb82cacb73584b83ea,0e23f371129aecc6b2033620b226f8d7,SO57891,5,TT-T092,1,5,485ae69515bc4c60ef546ff289741f60
11242,2797a91b25bc2aa85124c99bc574dc83,86bfb8ffc7a79e52d833cedce4d275bf,SO71067,9,BC-R205,1,9,a9adf65abbb865184bf924d14a93d0c4
11242,2797a91b25bc2aa85124c99bc574dc83,86bfb8ffc7a79e52d833cedce4d275bf,SO71067,742,BK-T18U-58,1,742,a9adf65abbb865184bf924d14a93d0c4
11242,2797a91b25bc2aa85124c99bc574dc83,86bfb8ffc7a79e52d833cedce4d275bf,SO71067,48,GL-H102-S,2,48,a9adf65abbb865184bf924d14a93d0c4
11242,2797a91b25bc2aa85124c99bc574dc83,86bfb8ffc7a79e52d833cedce4d275bf,SO71067,5,WB-H098,1,5,a9adf65abbb865184bf924d14a93d0c4
11242,287c323e0efa1c1148232e905c3f7d34,c00c38c95aa9544dce6852b834e4e8ab,SO49752,4098,BK-M68B-42,2,4098,42c14d5c5a8f3096180b16977a1ea248
11242,3500da16b6d3d0da611bc08c2b1e1c05,5f827524a01a15af1043fdb581ce224b,SO51305,4640,BK-M68S-38,2,4640,070e7bb8852d69e16952038e5532904f
11242,7299e51cfc0d5174743a6701a8a96488,56d78836c9cf0de136c4d2d37aba2280,SO64772,2384,BK-T79Y-50,1,2384,58f0b42da53adeeccbfa693883fea672
11242,8920fd63645007b243abb750709b1172,58c4ce5b9433e7b6d41793d5a76d5590,SO72324,2384,BK-T79U-46,1,2384,0d3057f268050d468f468434f8ec809a
11242,8920fd63645007b243abb750709b1172,58c4ce5b9433e7b6d41793d5a76d5590,SO72324,105,HL-U509-R,3,105,0d3057f268050d468f468434f8ec809a
11242,9a95fdf4e925d9cbd65f87b5aa4ac212,478ecc8cdaa127c33884d9f6c72c2cd5,SO59645,540,BK-R19B-58,1,540,9e8cbc3edbb5efb3f48d6afb260e4725
11242,a189cc17a15cdb4e39e80dfcd8374c76,b0b2c17e5682f78d8fc262463fd0a4f3,SO58646,10,BC-M005,1,10,244cede513841376c37dc856f2f5e7b9
11242,a189cc17a15cdb4e39e80dfcd8374c76,b0b2c17e5682f78d8fc262463fd0a4f3,SO58646,565,BK-M18S-42,1,565,244cede513841376c37dc856f2f5e7b9
11243,7983129d9883ebc3b9dce3311996b001,0df76889b3e31ccfd17b50cc73baef03,SO59829,9,BC-R205,1,9,7254e54716fe52361e62aa16ea2e0797
11243,7983129d9883ebc3b9dce3311996b001,0df76889b3e31ccfd17b50cc73baef03,SO59829,540,BK-R19B-48,1,540,7254e54716fe52361e62aa16ea2e0797
11243,7983129d9883ebc3b9dce3311996b001,0df76889b3e31ccfd17b50cc73baef03,SO59829,105,HL-U509,3,105,7254e54716fe52361e62aa16ea2e0797
11243,7983129d9883ebc3b9dce3311996b001,0df76889b3e31ccfd17b50cc73baef03,SO59829,5,WB-H098,1,5,7254e54716fe52361e62aa16ea2e0797
11243,88f50aa0771fa4f938f7b54792e066c8,070e7bb8852d69e16952038e5532904f,SO51427,4590,BK-M68B-42,2,4590,e8c0bfc4371d81db0dacde1b8fa393ca
11243,88f50aa0771fa4f938f7b54792e066c8,070e7bb8852d69e16952038e5532904f,SO51427,105,HL-U509-R,3,105,e8c0bfc4371d81db0dacde1b8fa393ca
11243,88f50aa0771fa4f938f7b54792e066c8,070e7bb8852d69e16952038e5532904f,SO51427,35,TI-M823,1,35,e8c0bfc4371d81db0dacde1b8fa393ca
11243,f5933feadc49c253e4f0e77b236946e9,0b80ce5eab877cae9997209e0bee6e60,SO52454,9,BC-R205,1,9,b8cc77f0099ae7d3a20b9f0b74d70b12
11243,f5933feadc49c253e4f0e77b236946e9,0b80ce5eab877cae9997209e0bee6e60,SO52454,742,BK-T18U-54,1,742,b8cc77f0099ae7d3a20b9f0b74d70b12
11243,f5933feadc49c253e4f0e77b236946e9,0b80ce5eab877cae9997209e0bee6e60,SO52454,54,SJ-0194-M,1,54,b8cc77f0099ae7d3a20b9f0b74d70b12
11243,f5933feadc49c253e4f0e77b236946e9,0b80ce5eab877cae9997209e0bee6e60,SO52454,5,WB-H098,1,5,b8cc77f0099ae7d3a20b9f0b74d70b12
11243,f96fbbcf63b1b65747983976e60d5967,1aaafc415cabd13fe410504154a58757,SO44032,3400,BK-M82S-38,1,3400,85e7a76ab1d6d23e87ea418480d5ffe2
11244,20b851db79828c985958154243411278,96a3262695f10a59b726f3dfd4782c4d,SO51544,4640,BK-M68S-42,2,4640,a7cb0a760406e2013c8442a429fed0ae
11244,20b851db79828c985958154243411278,96a3262695f10a59b726f3dfd4782c4d,SO51544,35,TI-M823,1,35,a7cb0a760406e2013c8442a429fed0ae
11244,22db51e448053c41a0b54d56c61806bc,c5b6ac945db87cf50d20426452434c3a,SO43988,3400,BK-M82S-38,1,3400,ed14ee5e1bd1ca02f415796fc3f09c6a
11244,3c4bf68562424c26986beae6ce13704a,dba3e44e23a1d2c2f299811e94db7fce,SO54970,742,BK-T18U-44,1,742,1f50dad3f1493a5cf408c4eb3987479e
11244,3c4bf68562424c26986beae6ce13704a,dba3e44e23a1d2c2f299811e94db7fce,SO54970,105,HL-U509-R,3,105,1f50dad3f1493a5cf408c4eb3987479e
11244,3c4bf68562424c26986beae6ce13704a,dba3e44e23a1d2c2f299811e94db7fce,SO54970,29,TI-T723,1,29,1f50dad3f1493a5cf408c4eb3987479e
11244,3c4bf68562424c26986beae6ce13704a,dba3e44e23a1d2c2f299811e94db7fce,SO54970,5,TT-T092,1,5,1f50dad3f1493a5cf408c4eb3987479e
11244,95103530881768b5cfc7e33970db9cd7,2ed3972e38245b633ec6b146c2970148,SO62467,540,BK-R19B-48,1,540,305c66634c155cab2b5cc3ce00351eb1
11244,95103530881768b5cfc7e33970db9cd7,2ed3972e38245b633ec6b146c2970148,SO62467,27,CA-1098,3,27,305c66634c155cab2b5cc3ce00351eb1
11244,95103530881768b5cfc7e33970db9cd7,2ed3972e38245b633ec6b146c2970148,SO62467,105,HL-U509-R,3,105,305c66634c155cab2b5cc3ce00351eb1
11244,95103530881768b5cfc7e33970db9cd7,2ed3972e38245b633ec6b146c2970148,SO62467,21,TI-R092,1,21,305c66634c155cab2b5cc3ce00351eb1
11244,95103530881768b5cfc7e33970db9cd7,2ed3972e38245b633ec6b146c2970148,SO62467,4,TT-R982,1,4,305c66634c155cab2b5cc3ce00351eb1
11245,46b4f921be4883580ee6326a1e99fcfc,97cd5e56c90f7c4d613dc94c51d72999,SO45765,3375,BK-M82B-44,1,3375,a8c7d5b3aff3fa32b632b239bd18e26f
11245,4b74d4eac4c3a33d22d34af93569c011,c96b659647361342a1bb035614c242b1,SO51178,10,BC-M005,1,10,9f14679403a464909296961b7547fa87
11245,4b74d4eac4c3a33d22d34af93569c011,c96b659647361342a1bb035614c242b1,SO51178,4640,BK-M68S-38,2,4640,9f14679403a464909296961b7547fa87
11245,4b74d4eac4c3a33d22d34af93569c011,c96b659647361342a1bb035614c242b1,SO51178,5,WB-H098,1,5,9f14679403a464909296961b7547fa87
11245,c507827aa5f4f6bbedf64058461c621b,6d1d8a1c7851eb5a946d45009cea6d9f,SO66500,2384,BK-T79U-46,1,2384,dfcee565bb2da80a7b76451a5cd314a1
11245,c507827aa5f4f6bbedf64058461c621b,6d1d8a1c7851eb5a946d45009cea6d9f,SO66500,29,TI-T723,1,29,dfcee565bb2da80a7b76451a5cd314a1
11245,c507827aa5f4f6bbedf64058461c621b,6d1d8a1c7851eb5a946d45009cea6d9f,SO66500,5,TT-T092,1,5,dfcee565bb2da80a7b76451a5cd314a1
11245,c5ed53572c667b119dde2fc0f54de602,0d3057f268050d468f468434f8ec809a,SO72793,9,BC-R205,1,9,e366e24b8ad0b1107528f2f58cd15a81
11245,c5ed53572c667b119dde2fc0f54de602,0d3057f268050d468f468434f8ec809a,SO72793,4886,BK-R89B-52,2,4886,e366e24b8ad0b1107528f2f58cd15a81
11246,501407dcfde5b685045ca3072168d5bb,41ef6b06b63ba4f6a5234245a439b157,SO73507,4886,BK-R89B-44,2,4886,5432d51ee94799c0125bb158c8a8bd22
11246,501407dcfde5b685045ca3072168d5bb,41ef6b06b63ba4f6a5234245a439b157,SO73507,8,CL-9009,1,8,5432d51ee94799c0125bb158c8a8bd22
11246,a23d0c239f0a09c5342f707e8417c1ec,a8c7d5b3aff3fa32b632b239bd18e26f,SO45840,3375,BK-M82B-42,1,3375,0e0438a8bdbea53929bd664be8421837
11246,c507827aa5f4f6bbedf64058461c621b,6d1d8a1c7851eb5a946d45009cea6d9f,SO66482,2384,BK-T79Y-50,1,2384,dfcee565bb2da80a7b76451a5cd314a1
11246,c507827aa5f4f6bbedf64058461c621b,6d1d8a1c7851eb5a946d45009cea6d9f,SO66482,105,HL-U509-R,3,105,dfcee565bb2da80a7b76451a5cd314a1
11246,eedd9be5500334505ed9d4aef801ac3d,679eed5d77e30211eb990c0c13145df3,SO51604,10,BC-M005,1,10,7af7abc5e37d5fa2e2334b4fec2584e2
11246,eedd9be5500334505ed9d4aef801ac3d,679eed5d77e30211eb990c0c13145df3,SO51604,4640,BK-M68S-42,2,4640,7af7abc5e37d5fa2e2334b4fec2584e2
11247,13c2439a16b8e0eab906d0cd09c97dbc,595e2f03af2122e9bce5fe0fff67d39e,SO44016,3375,BK-M82B-44,1,3375,431cc1626e28e1bbd4e7b7eb7efcecec
11247,3c1811b546060d91957cc446aabc4a3c,3c4bf68562424c26986beae6ce13704a,SO55725,742,BK-T18U-50,1,742,3c8e2c51453f4d665f1050da871dead6
11247,3c1811b546060d91957cc446aabc4a3c,3c4bf68562424c26986beae6ce13704a,SO55725,105,HL-U509-B,3,105,3c8e2c51453f4d665f1050da871dead6
11247,3c1811b546060d91957cc446aabc4a3c,3c4bf68562424c26986beae6ce13704a,SO55725,150,LJ-0192-L,3,150,3c8e2c51453f4d665f1050da871dead6
11247,58f0b42da53adeeccbfa693883fea672,8c9ec1be720ee75d56d0c250d10610fa,SO64449,9,BC-R205,1,9,d4746e41b619da57ee9f1a2e2cc254e8
11247,58f0b42da53adeeccbfa693883fea672,8c9ec1be720ee75d56d0c250d10610fa,SO64449,540,BK-R19B-58,1,540,d4746e41b619da57ee9f1a2e2cc254e8
11247,58f0b42da53adeeccbfa693883fea672,8c9ec1be720ee75d56d0c250d10610fa,SO64449,105,HL-U509-B,3,105,d4746e41b619da57ee9f1a2e2cc254e8
11247,58f0b42da53adeeccbfa693883fea672,8c9ec1be720ee75d56d0c250d10610fa,SO64449,5,WB-H098,1,5,d4746e41b619da57ee9f1a2e2cc254e8
11247,679eed5d77e30211eb990c0c13145df3,78cee6501c10922e466c02f814c8627b,SO51408,4590,BK-M68B-46,2,4590,5b07cd2a9dfb9437a07ea3012d6efbb7
11247,679eed5d77e30211eb990c0c13145df3,78cee6501c10922e466c02f814c8627b,SO51408,8,CL-9009,1,8,5b07cd2a9dfb9437a07ea3012d6efbb7
11247,679eed5d77e30211eb990c0c13145df3,78cee6501c10922e466c02f814c8627b,SO51408,2,PK-7098,1,2,5b07cd2a9dfb9437a07ea3012d6efbb7
11247,679eed5d77e30211eb990c0c13145df3,78cee6501c10922e466c02f814c8627b,SO51408,35,TI-M823,1,35,5b07cd2a9dfb9437a07ea3012d6efbb7
11248,305c66634c155cab2b5cc3ce00351eb1,2becb9647677a1a316b388bbad689580,SO62127,9,BC-R205,1,9,922d04aa1f67bbe0270bfad98508f43e
11248,305c66634c155cab2b5cc3ce00351eb1,2becb9647677a1a316b388bbad689580,SO62127,48,GL-H102-L,2,48,922d04aa1f67bbe0270bfad98508f43e
11248,305c66634c155cab2b5cc3ce00351eb1,2becb9647677a1a316b388bbad689580,SO62127,5,WB-H098,1,5,922d04aa1f67bbe0270bfad98508f43e
11249,0120f4004ede1143c3be6caa4227affe,93ddc10d6cf61153011df052aa76671f,SO66414,2384,BK-T79Y-60,1,2384,07b7d2aed13a63a16377587dcc0abbe8
11249,0120f4004ede1143c3be6caa4227affe,93ddc10d6cf61153011df052aa76671f,SO66414,2,PK-7098,1,2,07b7d2aed13a63a16377587dcc0abbe8
11249,0120f4004ede1143c3be6caa4227affe,93ddc10d6cf61153011df052aa76671f,SO66414,29,TI-T723,1,29,07b7d2aed13a63a16377587dcc0abbe8
11249,0120f4004ede1143c3be6caa4227affe,93ddc10d6cf61153011df052aa76671f,SO66414,5,TT-T092,1,5,07b7d2aed13a63a16377587dcc0abbe8
11249,4ef92eb2724526d42848579d94bf7748,6ccfb4540d439b07eef79e9ec663aeee,SO51247,10,BC-M005,1,10,4c198b2e79c53a9853bfbc76e8e8ae1e
11249,4ef92eb2724526d42848579d94bf7748,6ccfb4540d439b07eef79e9ec663aeee,SO51247,4590,BK-M68B-42,2,4590,4c198b2e79c53a9853bfbc76e8e8ae1e
11249,4ef92eb2724526d42848579d94bf7748,6ccfb4540d439b07eef79e9ec663aeee,SO51247,5,WB-H098,1,5,4c198b2e79c53a9853bfbc76e8e8ae1e
11249,68ffff9a6ccdd4edb0a94daa1483c356,d69d5137102461b560d829e677b972db,SO45872,3400,BK-M82S-48,1,3400,cdca3a374ce978208e8fe5a77e52729c
11249,a2c49941411089cb2a9cbf78cb803c26,73a69a5c77a7d23172e54d7ce07a638e,SO56133,1701,BK-R79Y-40,1,1701,39fe373cdcb4534addde73890415b660
11249,a2c49941411089cb2a9cbf78cb803c26,73a69a5c77a7d23172e54d7ce07a638e,SO56133,27,CA-1098,3,27,39fe373cdcb4534addde73890415b660
11249,a2c49941411089cb2a9cbf78cb803c26,73a69a5c77a7d23172e54d7ce07a638e,SO56133,150,LJ-0192-M,3,150,39fe373cdcb4534addde73890415b660
11250,2587ddcd808fbd36ac5ceec2863ab2af,9d2399b04a78a683bb013aa08df31452,SO44206,3400,BK-M82S-48,1,3400,f93a6ca5d224d7404ca783aa5a0c61c7
11250,4a70a3ec50fd16032883bf6fc79c55dd,4804ee33768b143d9706052696f7dfbd,SO61078,742,BK-T18U-50,1,742,e0bcd0ff3072dfe15609d6be1529b0b8
11250,4a70a3ec50fd16032883bf6fc79c55dd,4804ee33768b143d9706052696f7dfbd,SO61078,27,CA-1098,3,27,e0bcd0ff3072dfe15609d6be1529b0b8
11250,4a70a3ec50fd16032883bf6fc79c55dd,4804ee33768b143d9706052696f7dfbd,SO61078,105,HL-U509-R,3,105,e0bcd0ff3072dfe15609d6be1529b0b8
11250,4b5c3229e0725ef8d303f494db9faec8,f46ace11e93788e473124f7be16a19d5,SO63748,540,BK-R19B-52,1,540,0149f124a48640c62d90840ac5760331
11250,4b5c3229e0725ef8d303f494db9faec8,f46ace11e93788e473124f7be16a19d5,SO63748,48,GL-H102-S,2,48,0149f124a48640c62d90840ac5760331
11250,4b5c3229e0725ef8d303f494db9faec8,f46ace11e93788e473124f7be16a19d5,SO63748,21,TI-R092,1,21,0149f124a48640c62d90840ac5760331
11250,4b5c3229e0725ef8d303f494db9faec8,f46ace11e93788e473124f7be16a19d5,SO63748,4,TT-R982,1,4,0149f124a48640c62d90840ac5760331
11250,f5933feadc49c253e4f0e77b236946e9,0b80ce5eab877cae9997209e0bee6e60,SO52410,10,BC-M005,1,10,b8cc77f0099ae7d3a20b9f0b74d70b12
11250,f5933feadc49c253e4f0e77b236946e9,0b80ce5eab877cae9997209e0bee6e60,SO52410,4590,BK-M68B-42,2,4590,b8cc77f0099ae7d3a20b9f0b74d70b12
11250,f5933feadc49c253e4f0e77b236946e9,0b80ce5eab877cae9997209e0bee6e60,SO52410,105,HL-U509-R,3,105,b8cc77f0099ae7d3a20b9f0b74d70b12
11251,c885741a5e3e55c84950327011b70289,7e15f50bd26e439e6a22f5205a8064db,SO68660,10,BC-M005,1,10,0da2bc000f1fe4ea8746f9aea0bb5879
11251,c885741a5e3e55c84950327011b70289,7e15f50bd26e439e6a22f5205a8064db,SO68660,4590,BK-M68B-46,2,4590,0da2bc000f1fe4ea8746f9aea0bb5879
11251,c885741a5e3e55c84950327011b70289,7e15f50bd26e439e6a22f5205a8064db,SO68660,27,CA-1098,3,27,0da2bc000f1fe4ea8746f9aea0bb5879
11251,c885741a5e3e55c84950327011b70289,7e15f50bd26e439e6a22f5205a8064db,SO68660,5,WB-H098,1,5,0da2bc000f1fe4ea8746f9aea0bb5879
11252,29f704a15c85c5c5a8ad8422095ae44c,fa2c117fbfa874ac1c732417d5be02d3,SO45434,3578,BK-R93R-44,1,3578,ba48ddec21a526f8db67c8e96a4051bc
11252,b0950d12c62d3aeda81b2e8d06f2aef4,e366e24b8ad0b1107528f2f58cd15a81,SO73397,9,BC-R205,1,9,a048b8d5f3f9178f163e2be055f0138b
11252,b0950d12c62d3aeda81b2e8d06f2aef4,e366e24b8ad0b1107528f2f58cd15a81,SO73397,742,BK-T18U-50,1,742,a048b8d5f3f9178f163e2be055f0138b
11252,b0950d12c62d3aeda81b2e8d06f2aef4,e366e24b8ad0b1107528f2f58cd15a81,SO73397,27,CA-1098,3,27,a048b8d5f3f9178f163e2be055f0138b
11252,b0950d12c62d3aeda81b2e8d06f2aef4,e366e24b8ad0b1107528f2f58cd15a81,SO73397,5,WB-H098,1,5,a048b8d5f3f9178f163e2be055f0138b
11252,e5bf4a4a03e320ed76cf2ca68fa5b4c0,0a6c721efa4fbe33f8e9e76a63f5b591,SO51665,4640,BK-M68S-38,2,4640,e2f7ff887646789ea003d03bc2025325
11252,e5bf4a4a03e320ed76cf2ca68fa5b4c0,0a6c721efa4fbe33f8e9e76a63f5b591,SO51665,22,FE-6654,1,22,e2f7ff887646789ea003d03bc2025325
11253,0d15ba5aa4c9ad0377b26e0cf7a86280,b21e833d3ead6056f1265f13fe1ff015,SO61430,105,HL-U509,3,105,4a70a3ec50fd16032883bf6fc79c55dd
11253,41464bd548f06ca845208f69df30ac82,15aceb75d86814cb479f1b1a9487c3d4,SO53682,105,HL-U509,3,105,3e48b2167bd86ef570e46d0b286c4f74
11253,41464bd548f06ca845208f69df30ac82,15aceb75d86814cb479f1b1a9487c3d4,SO53682,25,TI-R628,1,25,3e48b2167bd86ef570e46d0b286c4f74
11253,41464bd548f06ca845208f69df30ac82,15aceb75d86814cb479f1b1a9487c3d4,SO53682,4,TT-R982,1,4,3e48b2167bd86ef570e46d0b286c4f74
11253,4584ca349e0920f4436a3c2f36158b85,6e32728b966bb91cefefa1316da21ca8,SO68492,48,GL-H102-M,2,48,ca38f30e56a72f4d0c8d2264322c5862
11253,4584ca349e0920f4436a3c2f36158b85,6e32728b966bb91cefefa1316da21ca8,SO68492,70,SH-W890-S,1,70,ca38f30e56a72f4d0c8d2264322c5862
11253,4ddc8821c34bceaf3dba4a18741acca3,af1457846a79173ef71dd9d5dd69805a,SO61120,105,HL-U509,3,105,2d6e054ac82934d489c58cc8399a1628
11253,4ddc8821c34bceaf3dba4a18741acca3,af1457846a79173ef71dd9d5dd69805a,SO61120,25,TI-R628,1,25,2d6e054ac82934d489c58cc8399a1628
11253,4ddc8821c34bceaf3dba4a18741acca3,af1457846a79173ef71dd9d5dd69805a,SO61120,4,TT-R982,1,4,2d6e054ac82934d489c58cc8399a1628
11253,4ddc8821c34bceaf3dba4a18741acca3,af1457846a79173ef71dd9d5dd69805a,SO61121,2,PK-7098,1,2,2d6e054ac82934d489c58cc8399a1628
11253,4ddc8821c34bceaf3dba4a18741acca3,af1457846a79173ef71dd9d5dd69805a,SO61121,21,TI-R092,1,21,2d6e054ac82934d489c58cc8399a1628
11253,545a3d56d20b22e09aa85bfa5ed8738d,31c99d724c1f182c60edb82eb4740277,SO72186,150,LJ-0192-M,3,150,a9cd7a99d71cca9cb644010050374ade
11253,58c4ce5b9433e7b6d41793d5a76d5590,1556bafff387fc8f2f6fef64c1daa6bc,SO71296,25,TI-R628,1,25,fd5ba6fdeb81e07b2caf0b103489bd8d
11253,58c4ce5b9433e7b6d41793d5a76d5590,1556bafff387fc8f2f6fef64c1daa6bc,SO71296,4,TT-R982,1,4,fd5ba6fdeb81e07b2caf0b103489bd8d
11253,59c3d64cb01cd5ad7fd25246d81a55ff,ac15b60491fe99190c0248790e690757,SO55519,25,TI-M267,1,25,d8a4ea0dc4237ee8690ee37b3902fd0e
11253,606ed413481267c98754e3351f662859,4ddc8821c34bceaf3dba4a18741acca3,SO61926,54,SJ-0194-M,1,54,f8025d3776b5f7522a6120cb4e9e0783
11253,606ed413481267c98754e3351f662859,4ddc8821c34bceaf3dba4a18741acca3,SO61927,2,PK-7098,1,2,f8025d3776b5f7522a6120cb4e9e0783
11253,7254e54716fe52361e62aa16ea2e0797,6eaadc1181f307997dc853d9ed40db36,SO59428,2,PK-7098,1,2,e7df1b3ee078bdcfc260a877f321287d
11253,7254e54716fe52361e62aa16ea2e0797,6eaadc1181f307997dc853d9ed40db36,SO59428,30,TI-M602,1,30,e7df1b3ee078bdcfc260a877f321287d
11253,7254e54716fe52361e62aa16ea2e0797,6eaadc1181f307997dc853d9ed40db36,SO59428,5,TT-M928,1,5,e7df1b3ee078bdcfc260a877f321287d
11253,a9cd7a99d71cca9cb644010050374ade,3db19f5f710f10e90ecc7154c649d60a,SO71710,105,HL-U509,3,105,128ee9ff420de424a605a0ee4a6f7916
11253,a9cd7a99d71cca9cb644010050374ade,3db19f5f710f10e90ecc7154c649d60a,SO71710,5,TT-T092,1,5,128ee9ff420de424a605a0ee4a6f7916
11253,c885741a5e3e55c84950327011b70289,7e15f50bd26e439e6a22f5205a8064db,SO68624,9,BC-R205,1,9,0da2bc000f1fe4ea8746f9aea0bb5879
11253,c885741a5e3e55c84950327011b70289,7e15f50bd26e439e6a22f5205a8064db,SO68624,105,HL-U509,3,105,0da2bc000f1fe4ea8746f9aea0bb5879
11253,c885741a5e3e55c84950327011b70289,7e15f50bd26e439e6a22f5205a8064db,SO68624,5,WB-H098,1,5,0da2bc000f1fe4ea8746f9aea0bb5879
11253,d6ab5a0eee939524352092b964d92b84,106dfbaf552c07a1b08d065f2c343982,SO55190,105,HL-U509,3,105,3c4bf68562424c26986beae6ce13704a
11253,d6ab5a0eee939524352092b964d92b84,106dfbaf552c07a1b08d065f2c343982,SO55190,150,LJ-0192-M,3,150,3c4bf68562424c26986beae6ce13704a
11253,d6ab5a0eee939524352092b964d92b84,106dfbaf552c07a1b08d065f2c343982,SO55190,4,TT-R982,1,4,3c4bf68562424c26986beae6ce13704a
11253,db2f6a564b6f5f41253c68874b50962b,76918877cf6ce7011018cd9708723392,SO62248,5,TT-T092,1,5,606ed413481267c98754e3351f662859
11253,dba3e44e23a1d2c2f299811e94db7fce,51c449e55b4a63a16fb45beb689150d5,SO54292,35,TI-M823,1,35,226d694fb4b7f71d62444f9528be8704
11254,128ee9ff420de424a605a0ee4a6f7916,fee8e08233f3f00450bce31967abb0f1,SO71400,10,BC-M005,1,10,2797a91b25bc2aa85124c99bc574dc83
11254,128ee9ff420de424a605a0ee4a6f7916,fee8e08233f3f00450bce31967abb0f1,SO71400,22,FE-6654,1,22,2797a91b25bc2aa85124c99bc574dc83
11254,128ee9ff420de424a605a0ee4a6f7916,fee8e08233f3f00450bce31967abb0f1,SO71400,35,TI-M823,1,35,2797a91b25bc2aa85124c99bc574dc83
11254,128ee9ff420de424a605a0ee4a6f7916,fee8e08233f3f00450bce31967abb0f1,SO71400,5,TT-M928,1,5,2797a91b25bc2aa85124c99bc574dc83
11254,128ee9ff420de424a605a0ee4a6f7916,fee8e08233f3f00450bce31967abb0f1,SO71400,64,VE-C304-L,1,64,2797a91b25bc2aa85124c99bc574dc83
11254,128ee9ff420de424a605a0ee4a6f7916,fee8e08233f3f00450bce31967abb0f1,SO71400,5,WB-H098,1,5,2797a91b25bc2aa85124c99bc574dc83
11254,88077cf01a3e17831c2d0bcca5897c5b,95a2a9aefc393f8630e934768cacf4cd,SO73048,48,GL-H102-M,2,48,86e0fc464cbb08ae74bd039224afec9a
11254,88077cf01a3e17831c2d0bcca5897c5b,95a2a9aefc393f8630e934768cacf4cd,SO73048,105,HL-U509,3,105,86e0fc464cbb08ae74bd039224afec9a
11254,88077cf01a3e17831c2d0bcca5897c5b,95a2a9aefc393f8630e934768cacf4cd,SO73048,4,TT-R982,1,4,86e0fc464cbb08ae74bd039224afec9a
11255,3c8e2c51453f4d665f1050da871dead6,1f50dad3f1493a5cf408c4eb3987479e,SO55400,105,HL-U509-R,3,105,d34ba8f5d7fd7d5959a34c283fbec422
11255,3c8e2c51453f4d665f1050da871dead6,1f50dad3f1493a5cf408c4eb3987479e,SO55400,4,TT-R982,1,4,d34ba8f5d7fd7d5959a34c283fbec422
11255,714597fe9448176d17876617114a65bc,d6ec5bff1a0809822c740ce35792fa7a,SO53229,105,HL-U509-B,3,105,3143ce3c6436ed5bd25398756b7b661d
11255,714597fe9448176d17876617114a65bc,d6ec5bff1a0809822c740ce35792fa7a,SO53229,35,TI-M823,1,35,3143ce3c6436ed5bd25398756b7b661d
11255,714597fe9448176d17876617114a65bc,d6ec5bff1a0809822c740ce35792fa7a,SO53229,5,TT-M928,1,5,3143ce3c6436ed5bd25398756b7b661d
11256,427ed6396fba4ed8ead9ec3229517d2b,3519c8eb4095dbc69d80eb61856d3435,SO56233,105,HL-U509,3,105,629ffff971d10f275a79a70fae527fbc
11256,427ed6396fba4ed8ead9ec3229517d2b,3519c8eb4095dbc69d80eb61856d3435,SO56233,4,TT-R982,1,4,629ffff971d10f275a79a70fae527fbc
11256,4584ca349e0920f4436a3c2f36158b85,6e32728b966bb91cefefa1316da21ca8,SO68505,2,PK-7098,1,2,ca38f30e56a72f4d0c8d2264322c5862
11256,4584ca349e0920f4436a3c2f36158b85,6e32728b966bb91cefefa1316da21ca8,SO68505,35,TI-M823,1,35,ca38f30e56a72f4d0c8d2264322c5862
11256,4584ca349e0920f4436a3c2f36158b85,6e32728b966bb91cefefa1316da21ca8,SO68505,5,TT-M928,1,5,ca38f30e56a72f4d0c8d2264322c5862
11257,070e7bb8852d69e16952038e5532904f,2b53375239b19c31e4947cc1033443c0,SO51231,4590,BK-M68B-46,2,4590,e5cdc2e9be5ecca55f34ea2ebabb8670
11257,070e7bb8852d69e16952038e5532904f,2b53375239b19c31e4947cc1033443c0,SO51231,2,PK-7098,1,2,e5cdc2e9be5ecca55f34ea2ebabb8670
11257,88077cf01a3e17831c2d0bcca5897c5b,95a2a9aefc393f8630e934768cacf4cd,SO73079,742,BK-T18U-58,1,742,86e0fc464cbb08ae74bd039224afec9a
11257,88077cf01a3e17831c2d0bcca5897c5b,95a2a9aefc393f8630e934768cacf4cd,SO73079,48,GL-H102-S,2,48,86e0fc464cbb08ae74bd039224afec9a
11257,88077cf01a3e17831c2d0bcca5897c5b,95a2a9aefc393f8630e934768cacf4cd,SO73079,105,HL-U509-R,3,105,86e0fc464cbb08ae74bd039224afec9a
11257,ee7b4e75b13596004256c5044792aa3c,9e1ca98ed14275c163df7ca9189e23a7,SO45485,3578,BK-R93R-48,1,3578,d3f5e9e78b4eff50303cc34a8bd9fa20
11258,244cede513841376c37dc856f2f5e7b9,5e1b952a22eccca86f7f056a9efb42a4,SO58366,8,CL-9009,1,8,debbb2493c6588799fc787e1854bcda5
11258,244cede513841376c37dc856f2f5e7b9,5e1b952a22eccca86f7f056a9efb42a4,SO58366,2,PK-7098,1,2,debbb2493c6588799fc787e1854bcda5
11258,244cede513841376c37dc856f2f5e7b9,5e1b952a22eccca86f7f056a9efb42a4,SO58366,4,TT-R982,1,4,debbb2493c6588799fc787e1854bcda5
11258,94c60e0b5e2b0f78b919a5d4c67d70a2,0d15ba5aa4c9ad0377b26e0cf7a86280,SO62206,35,TI-M823,1,35,9913e55755fcc4267a06c1e6adbbc7fb
11259,501407dcfde5b685045ca3072168d5bb,41ef6b06b63ba4f6a5234245a439b157,SO73568,742,BK-T18U-58,1,742,5432d51ee94799c0125bb158c8a8bd22
11259,501407dcfde5b685045ca3072168d5bb,41ef6b06b63ba4f6a5234245a439b157,SO73568,105,HL-U509-B,3,105,5432d51ee94799c0125bb158c8a8bd22
11259,a7cb0a760406e2013c8442a429fed0ae,07713adfd12a8cd9d376671631f3bc02,SO51468,4590,BK-M68B-38,2,4590,bc58efba5e800fb688b34bfde89c24bf
11259,a7cb0a760406e2013c8442a429fed0ae,07713adfd12a8cd9d376671631f3bc02,SO51468,120,RA-H123,1,120,bc58efba5e800fb688b34bfde89c24bf
11259,e326f919619dfb88508877586e312f4c,bf88ef1a27a7c08ac5123685d7229944,SO45626,3578,BK-R93R-62,1,3578,fc818380249389b9a3c3d3305d0d92a5
11260,e0bcd0ff3072dfe15609d6be1529b0b8,c660dc308b247ce08aeecd155306bae0,SO60705,105,HL-U509-B,3,105,39ff8ac1e8a44088f96e17b846ec8baf
11260,e0bcd0ff3072dfe15609d6be1529b0b8,c660dc308b247ce08aeecd155306bae0,SO60705,4,TT-R982,1,4,39ff8ac1e8a44088f96e17b846ec8baf
11260,f799d104dd23bb828dcdaaefc4d25b61,ca510b577b53d588f80b4fc76030ea52,SO52314,2,PK-7098,1,2,cfceb7490eff6e660974507be7c579c6
11260,f799d104dd23bb828dcdaaefc4d25b61,ca510b577b53d588f80b4fc76030ea52,SO52314,35,TI-M823,1,35,cfceb7490eff6e660974507be7c579c6
11260,f799d104dd23bb828dcdaaefc4d25b61,ca510b577b53d588f80b4fc76030ea52,SO52314,5,TT-M928,1,5,cfceb7490eff6e660974507be7c579c6
11261,78cee6501c10922e466c02f814c8627b,892aa61c5dad53571248cc492fa50176,SO51210,4590,BK-M68B-42,2,4590,109423a52128e234487abcd717f01458
11261,78cee6501c10922e466c02f814c8627b,892aa61c5dad53571248cc492fa50176,SO51210,105,HL-U509-B,3,105,109423a52128e234487abcd717f01458
11261,9795c57676ee8b8b6ba9a6f9014a520b,c5ed53572c667b119dde2fc0f54de602,SO73768,742,BK-T18U-62,1,742,b0950d12c62d3aeda81b2e8d06f2aef4
11261,d69d5137102461b560d829e677b972db,65e68a57e397cec5452983179d80edc2,SO45774,3578,BK-R93R-48,1,3578,eee133049110ff4a6a9e42b5bf263b11
11262,021d7f51f97fea2b23b069288066b34d,722dc621a1a56555843f574144bfcdf0,SO74919,105,HL-U509-B,3,105,bb858b10001c01aea17b4e635d0662a2
11262,058af5b2a408d57b708367e5bf4e9d9c,e82ca4c6beebe812f10fa1041b97a160,SO66806,2,PK-7098,1,2,c507827aa5f4f6bbedf64058461c621b
11262,058af5b2a408d57b708367e5bf4e9d9c,e82ca4c6beebe812f10fa1041b97a160,SO66806,35,TI-M823,1,35,c507827aa5f4f6bbedf64058461c621b
11262,07b7d2aed13a63a16377587dcc0abbe8,02b96ab6e0935145589be4e1408a1675,SO66099,27,CA-1098,3,27,6866da5d40f1aad2d82129d5ffa25bda
11262,07b7d2aed13a63a16377587dcc0abbe8,02b96ab6e0935145589be4e1408a1675,SO66099,105,HL-U509-B,3,105,6866da5d40f1aad2d82129d5ffa25bda
11262,07b7d2aed13a63a16377587dcc0abbe8,02b96ab6e0935145589be4e1408a1675,SO66099,150,LJ-0192-X,3,150,6866da5d40f1aad2d82129d5ffa25bda
11262,07b7d2aed13a63a16377587dcc0abbe8,02b96ab6e0935145589be4e1408a1675,SO66099,29,TI-T723,1,29,6866da5d40f1aad2d82129d5ffa25bda
11262,07b7d2aed13a63a16377587dcc0abbe8,02b96ab6e0935145589be4e1408a1675,SO66099,5,TT-T092,1,5,6866da5d40f1aad2d82129d5ffa25bda
11262,17520f5649fab40fb66771362888cb90,1faee5670542865e021595151379fe5c,SO70609,2,PK-7098,1,2,3f72b837978dcd042b73e7270f11a4ca
11262,17520f5649fab40fb66771362888cb90,1faee5670542865e021595151379fe5c,SO70609,25,TI-M267,1,25,3f72b837978dcd042b73e7270f11a4ca
11262,17520f5649fab40fb66771362888cb90,1faee5670542865e021595151379fe5c,SO70609,5,TT-M928,1,5,3f72b837978dcd042b73e7270f11a4ca
11262,2becb9647677a1a316b388bbad689580,013f173c58073e845f675d26fdde1918,SO61385,8,CL-9009,1,8,0383d48e76cd8a3dfb9e2a890f2cac18
11262,2becb9647677a1a316b388bbad689580,013f173c58073e845f675d26fdde1918,SO61385,2,PK-7098,1,2,0383d48e76cd8a3dfb9e2a890f2cac18
11262,3fe686907939d07097f6c87f08025422,8eb7a1b0dba9fdd5f4248b9cb6b9119b,SO69033,105,HL-U509-R,3,105,e5114f65ece65e14e7b721dab1e674e0
11262,3fe686907939d07097f6c87f08025422,8eb7a1b0dba9fdd5f4248b9cb6b9119b,SO69033,4,TT-R982,1,4,e5114f65ece65e14e7b721dab1e674e0
11262,47a161474962a6dcc03cfa64127a641f,8920fd63645007b243abb750709b1172,SO73186,8,CL-9009,1,8,c5ed53572c667b119dde2fc0f54de602
11262,4ddc8821c34bceaf3dba4a18741acca3,af1457846a79173ef71dd9d5dd69805a,SO61118,48,GL-H102-M,2,48,2d6e054ac82934d489c58cc8399a1628
11262,4ddc8821c34bceaf3dba4a18741acca3,af1457846a79173ef71dd9d5dd69805a,SO61118,5,TT-T092,1,5,2d6e054ac82934d489c58cc8399a1628
11262,4efe8b2ca156042f8a3d8dd6aba54520,e2f0a420a4c1a9e8e292761f835e0489,SO66330,33,TI-R982,1,33,e82ca4c6beebe812f10fa1041b97a160
11262,4efe8b2ca156042f8a3d8dd6aba54520,e2f0a420a4c1a9e8e292761f835e0489,SO66330,4,TT-R982,1,4,e82ca4c6beebe812f10fa1041b97a160
11262,545a3d56d20b22e09aa85bfa5ed8738d,31c99d724c1f182c60edb82eb4740277,SO72201,8,CL-9009,1,8,a9cd7a99d71cca9cb644010050374ade
11262,545a3d56d20b22e09aa85bfa5ed8738d,31c99d724c1f182c60edb82eb4740277,SO72201,2,PK-7098,1,2,a9cd7a99d71cca9cb644010050374ade
11262,545a3d56d20b22e09aa85bfa5ed8738d,31c99d724c1f182c60edb82eb4740277,SO72201,21,TI-R092,1,21,a9cd7a99d71cca9cb644010050374ade
11262,545a3d56d20b22e09aa85bfa5ed8738d,31c99d724c1f182c60edb82eb4740277,SO72201,4,TT-R982,1,4,a9cd7a99d71cca9cb644010050374ade
11262,5abaefcc8525a8f4cfd95cba9e926532,fde67888c64f701b59876ec559099b3e,SO57634,9,BC-R205,1,9,73b2264d673ee7b5b2e7e165020516ac
11262,5abaefcc8525a8f4cfd95cba9e926532,fde67888c64f701b59876ec559099b3e,SO57634,5,WB-H098,1,5,73b2264d673ee7b5b2e7e165020516ac
11262,5e1b952a22eccca86f7f056a9efb42a4,a8ef76a01442567fb64eb6f4408a9835,SO57707,5,TT-T092,1,5,40883861f6e25a2e09e848a7891f4f38
11262,6866da5d40f1aad2d82129d5ffa25bda,b68fd63ca41d49bfc1b18251202c053f,SO65757,4,TT-R982,1,4,eea5b3bd1bd5d5c62a1d22f78d3ba263
11262,6cf9e035d2f1d8ffe1b9f2f96a9e7a3a,982b3b4109cce5d4e5bf1fcbe0ae259b,SO74624,54,SJ-0194-S,1,54,db10519e66d9a7b809b91935ad1a696d
11262,6d44506d59926d8d13d35f75d97f2a64,deff8ad81a213d1110c1f409a7f40fcd,SO53414,150,LJ-0192-M,3,150,f476906875bc5d9abe836b4ea1f485c1
11262,6d44506d59926d8d13d35f75d97f2a64,deff8ad81a213d1110c1f409a7f40fcd,SO53414,25,TI-R628,1,25,f476906875bc5d9abe836b4ea1f485c1
11262,70951886788165a5e2439adfce4d0cce,ca38f30e56a72f4d0c8d2264322c5862,SO68978,5,WB-H098,1,5,c885741a5e3e55c84950327011b70289
11262,883b9b4170853b321c03290f64ba199f,412998e77ee121227580e3d363f75fa2,SO60638,48,GL-H102-S,2,48,af1457846a79173ef71dd9d5dd69805a
11262,883b9b4170853b321c03290f64ba199f,412998e77ee121227580e3d363f75fa2,SO60638,105,HL-U509-B,3,105,af1457846a79173ef71dd9d5dd69805a
11262,88d8e3ff674b1514a19b24621707f0d9,ca5b8307fa5f2189fb98330a9d65927c,SO74446,2,PK-7098,1,2,df09a3a727ac0f29208c5ef3bf7625e6
11262,88d8e3ff674b1514a19b24621707f0d9,ca5b8307fa5f2189fb98330a9d65927c,SO74446,25,TI-M267,1,25,df09a3a727ac0f29208c5ef3bf7625e6
11262,9223b53f03a405f817e91392f0294f6a,3e07f09fb2edbdf0bf6a54c17634514b,SO53789,29,TI-T723,1,29,14e4b13c27fb9bce9938ce35b6597eca
11262,99b7e934795a93975a5e0c0b9b57d9ba,870bd4f3713260418e4f342f31dc7e33,SO63836,8,CL-9009,1,8,7a8e187aeb003f6e34c02a4d5b9b153e
11262,99b7e934795a93975a5e0c0b9b57d9ba,870bd4f3713260418e4f342f31dc7e33,SO63836,2,PK-7098,1,2,7a8e187aeb003f6e34c02a4d5b9b153e
11262,99b7e934795a93975a5e0c0b9b57d9ba,870bd4f3713260418e4f342f31dc7e33,SO63836,25,TI-R628,1,25,7a8e187aeb003f6e34c02a4d5b9b153e
11262,99b7e934795a93975a5e0c0b9b57d9ba,870bd4f3713260418e4f342f31dc7e33,SO63836,4,TT-R982,1,4,7a8e187aeb003f6e34c02a4d5b9b153e
11262,a6f2945baeceeef4c8d541a22f6e99e9,d5985f40495ba672dff8a99620b879c8,SO72527,48,GL-H102-S,2,48,95a2a9aefc393f8630e934768cacf4cd
11262,a6f2945baeceeef4c8d541a22f6e99e9,d5985f40495ba672dff8a99620b879c8,SO72527,105,HL-U509-R,3,105,95a2a9aefc393f8630e934768cacf4cd
11262,a6f2945baeceeef4c8d541a22f6e99e9,d5985f40495ba672dff8a99620b879c8,SO72527,30,TI-M602,1,30,95a2a9aefc393f8630e934768cacf4cd
11262,a6f2945baeceeef4c8d541a22f6e99e9,d5985f40495ba672dff8a99620b879c8,SO72527,5,TT-M928,1,5,95a2a9aefc393f8630e934768cacf4cd
11262,b8d9d66529b0a1e91f6137abcdd065dd,6d44506d59926d8d13d35f75d97f2a64,SO54218,10,BC-M005,1,10,90c6314650a0d54fdcabe5cd5406f9af
11262,b8d9d66529b0a1e91f6137abcdd065dd,6d44506d59926d8d13d35f75d97f2a64,SO54218,105,HL-U509,3,105,90c6314650a0d54fdcabe5cd5406f9af
11262,b8d9d66529b0a1e91f6137abcdd065dd,6d44506d59926d8d13d35f75d97f2a64,SO54218,54,SJ-0194-L,1,54,90c6314650a0d54fdcabe5cd5406f9af
11262,b8d9d66529b0a1e91f6137abcdd065dd,6d44506d59926d8d13d35f75d97f2a64,SO54218,5,WB-H098,1,5,90c6314650a0d54fdcabe5cd5406f9af
11262,c660dc308b247ce08aeecd155306bae0,e7df1b3ee078bdcfc260a877f321287d,SO59928,33,TI-R982,1,33,9a95fdf4e925d9cbd65f87b5aa4ac212
11262,c660dc308b247ce08aeecd155306bae0,e7df1b3ee078bdcfc260a877f321287d,SO59928,4,TT-R982,1,4,9a95fdf4e925d9cbd65f87b5aa4ac212
11262,caa707f97407c07371136aaf471a91d4,4efe8b2ca156042f8a3d8dd6aba54520,SO67093,2,PK-7098,1,2,058af5b2a408d57b708367e5bf4e9d9c
11262,caa707f97407c07371136aaf471a91d4,4efe8b2ca156042f8a3d8dd6aba54520,SO67093,21,TI-R092,1,21,058af5b2a408d57b708367e5bf4e9d9c
11262,caa707f97407c07371136aaf471a91d4,4efe8b2ca156042f8a3d8dd6aba54520,SO67093,4,TT-R982,1,4,058af5b2a408d57b708367e5bf4e9d9c
11262,ce08c22f7777768ce4197eab9727516c,4a800301260b2639fa1ec3efafb5f86c,SO59997,150,LJ-0192-S,3,150,5072507e949a2c25948a591c4da194e1
11262,ce08c22f7777768ce4197eab9727516c,4a800301260b2639fa1ec3efafb5f86c,SO59997,33,TI-R982,1,33,5072507e949a2c25948a591c4da194e1
11262,ce08c22f7777768ce4197eab9727516c,4a800301260b2639fa1ec3efafb5f86c,SO59997,4,TT-R982,1,4,5072507e949a2c25948a591c4da194e1
11262,d945ec2aae74dbfb829453026b91c235,348f48807f500aeac729fb17d9bc97f1,SO61331,2,PK-7098,1,2,eef21e68ecca703bb338920b950f203c
11262,d945ec2aae74dbfb829453026b91c235,348f48807f500aeac729fb17d9bc97f1,SO61331,33,TI-R982,1,33,eef21e68ecca703bb338920b950f203c
11262,d945ec2aae74dbfb829453026b91c235,348f48807f500aeac729fb17d9bc97f1,SO61331,4,TT-R982,1,4,eef21e68ecca703bb338920b950f203c
11262,eea5b3bd1bd5d5c62a1d22f78d3ba263,c87874400b9f907bdf9ea37d75a4b341,SO65465,8,CL-9009,1,8,a1fedb8f5f2e08543339a5f167bee6b7
11262,eea5b3bd1bd5d5c62a1d22f78d3ba263,c87874400b9f907bdf9ea37d75a4b341,SO65465,2,PK-7098,1,2,a1fedb8f5f2e08543339a5f167bee6b7
11262,eea5b3bd1bd5d5c62a1d22f78d3ba263,c87874400b9f907bdf9ea37d75a4b341,SO65465,25,TI-M267,1,25,a1fedb8f5f2e08543339a5f167bee6b7
11263,2161780b6db40411111a69f18a2056bd,4500e4039ea772ebac51a9263a2eda7f,SO45581,3578,BK-R93R-52,1,3578,ee7b4e75b13596004256c5044792aa3c
11263,4b74d4eac4c3a33d22d34af93569c011,c96b659647361342a1bb035614c242b1,SO51184,4640,BK-M68S-38,2,4640,9f14679403a464909296961b7547fa87
11263,4b74d4eac4c3a33d22d34af93569c011,c96b659647361342a1bb035614c242b1,SO51184,105,HL-U509-B,3,105,9f14679403a464909296961b7547fa87
11263,4b74d4eac4c3a33d22d34af93569c011,c96b659647361342a1bb035614c242b1,SO51184,35,TI-M823,1,35,9f14679403a464909296961b7547fa87
11263,4b74d4eac4c3a33d22d34af93569c011,c96b659647361342a1bb035614c242b1,SO51184,5,TT-M928,1,5,9f14679403a464909296961b7547fa87
11263,9592b44e2c3f304a9875f45537bec6eb,a9cd7a99d71cca9cb644010050374ade,SO72776,9,BC-R205,1,9,b2ce0ef2540789e8a6976165b6c917d8
11263,9592b44e2c3f304a9875f45537bec6eb,a9cd7a99d71cca9cb644010050374ade,SO72776,742,BK-T18Y-44,1,742,b2ce0ef2540789e8a6976165b6c917d8
11263,9592b44e2c3f304a9875f45537bec6eb,a9cd7a99d71cca9cb644010050374ade,SO72776,48,GL-H102-S,2,48,b2ce0ef2540789e8a6976165b6c917d8
11263,9592b44e2c3f304a9875f45537bec6eb,a9cd7a99d71cca9cb644010050374ade,SO72776,5,WB-H098,1,5,b2ce0ef2540789e8a6976165b6c917d8
11264,01070cf843f2ca45e3d4ec7c02c52551,9cdb18f37bdd2084cec3f36c200212be,SO51265,4590,BK-M68B-46,2,4590,4b74d4eac4c3a33d22d34af93569c011
11264,01070cf843f2ca45e3d4ec7c02c52551,9cdb18f37bdd2084cec3f36c200212be,SO51265,27,CA-1098,3,27,4b74d4eac4c3a33d22d34af93569c011
11264,01070cf843f2ca45e3d4ec7c02c52551,9cdb18f37bdd2084cec3f36c200212be,SO51265,22,FE-6654,1,22,4b74d4eac4c3a33d22d34af93569c011
11264,01070cf843f2ca45e3d4ec7c02c52551,9cdb18f37bdd2084cec3f36c200212be,SO51265,150,LJ-0192-S,3,150,4b74d4eac4c3a33d22d34af93569c011
11264,dcf73f840a50da0145f24e8e0169dc4b,2797a91b25bc2aa85124c99bc574dc83,SO72051,9,BC-R205,1,9,d5985f40495ba672dff8a99620b879c8
11264,dcf73f840a50da0145f24e8e0169dc4b,2797a91b25bc2aa85124c99bc574dc83,SO72051,742,BK-T18Y-58,1,742,d5985f40495ba672dff8a99620b879c8
11264,dcf73f840a50da0145f24e8e0169dc4b,2797a91b25bc2aa85124c99bc574dc83,SO72051,150,LJ-0192-M,3,150,d5985f40495ba672dff8a99620b879c8
11264,dcf73f840a50da0145f24e8e0169dc4b,2797a91b25bc2aa85124c99bc574dc83,SO72051,5,WB-H098,1,5,d5985f40495ba672dff8a99620b879c8
11265,07713adfd12a8cd9d376671631f3bc02,93963041729da5d8213c536f91ed9402,SO51275,4590,BK-M68B-38,2,4590,acc20902004de8acdd3eee04bfe5f91a
11265,07713adfd12a8cd9d376671631f3bc02,93963041729da5d8213c536f91ed9402,SO51275,22,FE-6654,1,22,acc20902004de8acdd3eee04bfe5f91a
11265,07713adfd12a8cd9d376671631f3bc02,93963041729da5d8213c536f91ed9402,SO51275,105,HL-U509-B,3,105,acc20902004de8acdd3eee04bfe5f91a
11266,20b851db79828c985958154243411278,96a3262695f10a59b726f3dfd4782c4d,SO51554,10,BC-M005,1,10,a7cb0a760406e2013c8442a429fed0ae
11266,20b851db79828c985958154243411278,96a3262695f10a59b726f3dfd4782c4d,SO51554,4640,BK-M68S-42,2,4640,a7cb0a760406e2013c8442a429fed0ae
11266,20b851db79828c985958154243411278,96a3262695f10a59b726f3dfd4782c4d,SO51554,27,CA-1098,3,27,a7cb0a760406e2013c8442a429fed0ae
11266,20b851db79828c985958154243411278,96a3262695f10a59b726f3dfd4782c4d,SO51554,5,WB-H098,1,5,a7cb0a760406e2013c8442a429fed0ae
11266,2e19cf4ec5f6b0d897c8d5b873a164e5,2161780b6db40411111a69f18a2056bd,SO45657,3578,BK-R93R-44,1,3578,b072685f839bf660f163321d570bd4df
11267,a7b6562d6af25035e375b23034715469,b072685f839bf660f163321d570bd4df,SO45706,3578,BK-R93R-52,1,3578,4f477db88196607e3dbfd0139d6028b5
11267,e8c0bfc4371d81db0dacde1b8fa393ca,e5cdc2e9be5ecca55f34ea2ebabb8670,SO51345,10,BC-M005,1,10,01070cf843f2ca45e3d4ec7c02c52551
11267,e8c0bfc4371d81db0dacde1b8fa393ca,e5cdc2e9be5ecca55f34ea2ebabb8670,SO51345,4590,BK-M68B-42,2,4590,01070cf843f2ca45e3d4ec7c02c52551
11267,e8c0bfc4371d81db0dacde1b8fa393ca,e5cdc2e9be5ecca55f34ea2ebabb8670,SO51345,55,HY-1023-70,1,55,01070cf843f2ca45e3d4ec7c02c52551
11267,e8c0bfc4371d81db0dacde1b8fa393ca,e5cdc2e9be5ecca55f34ea2ebabb8670,SO51345,5,WB-H098,1,5,01070cf843f2ca45e3d4ec7c02c52551
11268,3db19f5f710f10e90ecc7154c649d60a,f544b472453b297a8b55709fbfd3746d,SO70906,22,FE-6654,1,22,fee8e08233f3f00450bce31967abb0f1
11268,3db19f5f710f10e90ecc7154c649d60a,f544b472453b297a8b55709fbfd3746d,SO70906,105,HL-U509-B,3,105,fee8e08233f3f00450bce31967abb0f1
11268,3db19f5f710f10e90ecc7154c649d60a,f544b472453b297a8b55709fbfd3746d,SO70906,35,TI-M823,1,35,fee8e08233f3f00450bce31967abb0f1
11268,df595e3c678d4fae23ce174fe747165e,07b31bae17c7890b17d79a654aa230cf,SO58851,2,PK-7098,1,2,75fe8d7dec9d2a51be64595ab37dc674
11268,df595e3c678d4fae23ce174fe747165e,07b31bae17c7890b17d79a654aa230cf,SO58851,4,TT-R982,1,4,75fe8d7dec9d2a51be64595ab37dc674
11269,07b7d2aed13a63a16377587dcc0abbe8,02b96ab6e0935145589be4e1408a1675,SO66126,35,TI-M823,1,35,6866da5d40f1aad2d82129d5ffa25bda
11269,07b7d2aed13a63a16377587dcc0abbe8,02b96ab6e0935145589be4e1408a1675,SO66126,5,TT-M928,1,5,6866da5d40f1aad2d82129d5ffa25bda
11269,7299e51cfc0d5174743a6701a8a96488,56d78836c9cf0de136c4d2d37aba2280,SO64739,2,PK-7098,1,2,58f0b42da53adeeccbfa693883fea672
11270,2e19cf4ec5f6b0d897c8d5b873a164e5,2161780b6db40411111a69f18a2056bd,SO45658,3578,BK-R93R-48,1,3578,b072685f839bf660f163321d570bd4df
11270,e8c0bfc4371d81db0dacde1b8fa393ca,e5cdc2e9be5ecca55f34ea2ebabb8670,SO51346,4590,BK-M68B-46,2,4590,01070cf843f2ca45e3d4ec7c02c52551
11270,e8c0bfc4371d81db0dacde1b8fa393ca,e5cdc2e9be5ecca55f34ea2ebabb8670,SO51346,22,FE-6654,1,22,01070cf843f2ca45e3d4ec7c02c52551
11270,e8c0bfc4371d81db0dacde1b8fa393ca,e5cdc2e9be5ecca55f34ea2ebabb8670,SO51346,105,HL-U509,3,105,01070cf843f2ca45e3d4ec7c02c52551
11270,e8c0bfc4371d81db0dacde1b8fa393ca,e5cdc2e9be5ecca55f34ea2ebabb8670,SO51346,54,SJ-0194-L,1,54,01070cf843f2ca45e3d4ec7c02c52551
11271,70ad7386c1fe794c57fa3908ff22435d,bc58efba5e800fb688b34bfde89c24bf,SO51590,4640,BK-M68S-42,2,4640,b2e85aa5f9c095607e638c7e6e2c694b
11271,70ad7386c1fe794c57fa3908ff22435d,bc58efba5e800fb688b34bfde89c24bf,SO51590,105,HL-U509-R,3,105,b2e85aa5f9c095607e638c7e6e2c694b
11271,70ad7386c1fe794c57fa3908ff22435d,bc58efba5e800fb688b34bfde89c24bf,SO51590,35,TI-M823,1,35,b2e85aa5f9c095607e638c7e6e2c694b
11271,70ad7386c1fe794c57fa3908ff22435d,bc58efba5e800fb688b34bfde89c24bf,SO51590,5,TT-M928,1,5,b2e85aa5f9c095607e638c7e6e2c694b
11271,d69d5137102461b560d829e677b972db,65e68a57e397cec5452983179d80edc2,SO45771,3578,BK-R93R-56,1,3578,eee133049110ff4a6a9e42b5bf263b11
11272,1b30ec3bcb718d69a0b3a02c36113181,2707fbccd14f3db6d4c5aa0aeaa9d258,SO45718,3578,BK-R93R-44,1,3578,97cd5e56c90f7c4d613dc94c51d72999
11272,5dddb266d8c26eece51489fe90c9f47d,4ef92eb2724526d42848579d94bf7748,SO51444,4640,BK-M68S-38,2,4640,96a3262695f10a59b726f3dfd4782c4d
11272,5dddb266d8c26eece51489fe90c9f47d,4ef92eb2724526d42848579d94bf7748,SO51444,22,FE-6654,1,22,96a3262695f10a59b726f3dfd4782c4d
11272,5dddb266d8c26eece51489fe90c9f47d,4ef92eb2724526d42848579d94bf7748,SO51444,55,HY-1023-70,1,55,96a3262695f10a59b726f3dfd4782c4d
11273,6eaadc1181f307997dc853d9ed40db36,0814775cfc25da756a9b4197347ab771,SO58492,2,PK-7098,1,2,4dbf892d41ae205f6e36838031cff786
11273,6eaadc1181f307997dc853d9ed40db36,0814775cfc25da756a9b4197347ab771,SO58492,159,ST-1401,1,159,4dbf892d41ae205f6e36838031cff786
11273,b0b2c17e5682f78d8fc262463fd0a4f3,375bde15092f45652b6398c1dff650d0,SO57992,10,BC-M005,1,10,5e1b952a22eccca86f7f056a9efb42a4
11273,b0b2c17e5682f78d8fc262463fd0a4f3,375bde15092f45652b6398c1dff650d0,SO57992,22,FE-6654,1,22,5e1b952a22eccca86f7f056a9efb42a4
11273,b0b2c17e5682f78d8fc262463fd0a4f3,375bde15092f45652b6398c1dff650d0,SO57992,105,HL-U509,3,105,5e1b952a22eccca86f7f056a9efb42a4
11273,b0b2c17e5682f78d8fc262463fd0a4f3,375bde15092f45652b6398c1dff650d0,SO57992,35,TI-M823,1,35,5e1b952a22eccca86f7f056a9efb42a4
11273,b0b2c17e5682f78d8fc262463fd0a4f3,375bde15092f45652b6398c1dff650d0,SO57992,5,TT-M928,1,5,5e1b952a22eccca86f7f056a9efb42a4
11273,b0b2c17e5682f78d8fc262463fd0a4f3,375bde15092f45652b6398c1dff650d0,SO57992,5,WB-H098,1,5,5e1b952a22eccca86f7f056a9efb42a4
11274,2161780b6db40411111a69f18a2056bd,4500e4039ea772ebac51a9263a2eda7f,SO45583,3578,BK-R93R-44,1,3578,ee7b4e75b13596004256c5044792aa3c
11274,3e48b2167bd86ef570e46d0b286c4f74,072bf847aeeee970f66483e596496cd9,SO53280,10,BC-M005,1,10,3e07f09fb2edbdf0bf6a54c17634514b
11274,3e48b2167bd86ef570e46d0b286c4f74,072bf847aeeee970f66483e596496cd9,SO53280,4590,BK-M68B-42,2,4590,3e07f09fb2edbdf0bf6a54c17634514b
11274,3e48b2167bd86ef570e46d0b286c4f74,072bf847aeeee970f66483e596496cd9,SO53280,5,WB-H098,1,5,3e07f09fb2edbdf0bf6a54c17634514b
11275,88f50aa0771fa4f938f7b54792e066c8,070e7bb8852d69e16952038e5532904f,SO51430,4640,BK-M68S-46,2,4640,e8c0bfc4371d81db0dacde1b8fa393ca
11275,88f50aa0771fa4f938f7b54792e066c8,070e7bb8852d69e16952038e5532904f,SO51430,22,FE-6654,1,22,e8c0bfc4371d81db0dacde1b8fa393ca
11275,88f50aa0771fa4f938f7b54792e066c8,070e7bb8852d69e16952038e5532904f,SO51430,105,HL-U509-B,3,105,e8c0bfc4371d81db0dacde1b8fa393ca
11275,fc818380249389b9a3c3d3305d0d92a5,202be13b3d9b1d0ed9abbfdb2f26a9a4,SO45588,3578,BK-R93R-52,1,3578,ddb42f46f96f9e6cff404ed309f79051
11276,021d7f51f97fea2b23b069288066b34d,722dc621a1a56555843f574144bfcdf0,SO74923,105,HL-U509-R,3,105,bb858b10001c01aea17b4e635d0662a2
11276,021d7f51f97fea2b23b069288066b34d,722dc621a1a56555843f574144bfcdf0,SO74923,29,TI-T723,1,29,bb858b10001c01aea17b4e635d0662a2
11276,021d7f51f97fea2b23b069288066b34d,722dc621a1a56555843f574144bfcdf0,SO74923,5,TT-T092,1,5,bb858b10001c01aea17b4e635d0662a2
11276,0dc34ca2aaa8612cde077f1880b78b25,361e2c62255e0c1887ac2139911ca300,SO52473,105,HL-U509-R,3,105,7f026edc73bd4602381834e9b850d6c2
11276,12092303778fcfa88ed7d284b74c6a6a,40eee601514259a9632d510ca71226cc,SO74784,8,CL-9009,1,8,6cf9e035d2f1d8ffe1b9f2f96a9e7a3a
11276,128ee9ff420de424a605a0ee4a6f7916,fee8e08233f3f00450bce31967abb0f1,SO71377,5,WB-H098,1,5,2797a91b25bc2aa85124c99bc574dc83
11276,17520f5649fab40fb66771362888cb90,1faee5670542865e021595151379fe5c,SO70615,33,TI-R982,1,33,3f72b837978dcd042b73e7270f11a4ca
11276,23f22724b430320654759f8512440ebc,485ae69515bc4c60ef546ff289741f60,SO58252,9,BC-R205,1,9,b0b2c17e5682f78d8fc262463fd0a4f3
11276,23f22724b430320654759f8512440ebc,485ae69515bc4c60ef546ff289741f60,SO58252,5,WB-H098,1,5,b0b2c17e5682f78d8fc262463fd0a4f3
11276,3c1811b546060d91957cc446aabc4a3c,3c4bf68562424c26986beae6ce13704a,SO55695,25,TI-M267,1,25,3c8e2c51453f4d665f1050da871dead6
11276,3c1811b546060d91957cc446aabc4a3c,3c4bf68562424c26986beae6ce13704a,SO55695,5,TT-M928,1,5,3c8e2c51453f4d665f1050da871dead6
11276,3e107cd1554225ea3056ed5010adce90,aa14ddbc43aa2d3be1e6ac019bb7b5bc,SO73815,33,TI-R982,1,33,43e2cc7ff261723f93f64f3f7e9faa8d
11276,47a161474962a6dcc03cfa64127a641f,8920fd63645007b243abb750709b1172,SO73199,33,TI-R982,1,33,c5ed53572c667b119dde2fc0f54de602
11276,47a161474962a6dcc03cfa64127a641f,8920fd63645007b243abb750709b1172,SO73199,4,TT-R982,1,4,c5ed53572c667b119dde2fc0f54de602
11276,47a161474962a6dcc03cfa64127a641f,8920fd63645007b243abb750709b1172,SO73201,33,TI-R982,1,33,c5ed53572c667b119dde2fc0f54de602
11276,58f0b42da53adeeccbfa693883fea672,8c9ec1be720ee75d56d0c250d10610fa,SO64393,2,PK-7098,1,2,d4746e41b619da57ee9f1a2e2cc254e8
11276,58f0b42da53adeeccbfa693883fea672,8c9ec1be720ee75d56d0c250d10610fa,SO64393,25,TI-R628,1,25,d4746e41b619da57ee9f1a2e2cc254e8
11276,5e9b4970006d8f02ba0bc1763fa8b9a6,b2e85aa5f9c095607e638c7e6e2c694b,SO51933,2,PK-7098,1,2,ca510b577b53d588f80b4fc76030ea52
11276,5e9b4970006d8f02ba0bc1763fa8b9a6,b2e85aa5f9c095607e638c7e6e2c694b,SO51933,25,TI-R628,1,25,ca510b577b53d588f80b4fc76030ea52
11276,5e9b4970006d8f02ba0bc1763fa8b9a6,b2e85aa5f9c095607e638c7e6e2c694b,SO51933,4,TT-R982,1,4,ca510b577b53d588f80b4fc76030ea52
11276,5efefff01843f5aa3f7d8a4d44b4bf2e,922d04aa1f67bbe0270bfad98508f43e,SO62546,29,TI-T723,1,29,db2f6a564b6f5f41253c68874b50962b
11276,640540d73b85c3ecd2e3bf5541686e87,eba6cab7267f82e3b2a063d5ea445bb9,SO58708,105,HL-U509,3,105,d630b2db6e8046e30b4728ca862ba4e1
11276,691ad1b0dca3643b923973defd014d47,6dd75c28a9a8a39e02bc0a175f82a9f3,SO67782,8,CL-9009,1,8,9f1ff00ea8fd9fd8f2d421ba5ec45a18
11276,691ad1b0dca3643b923973defd014d47,6dd75c28a9a8a39e02bc0a175f82a9f3,SO67782,2,PK-7098,1,2,9f1ff00ea8fd9fd8f2d421ba5ec45a18
11276,8fa3bab223bec6501ad71f96bb1067b6,b95a9f47dd73bb9b799a31ae04ee7da1,SO70846,35,TI-M823,1,35,1556bafff387fc8f2f6fef64c1daa6bc
11276,8fa3bab223bec6501ad71f96bb1067b6,b95a9f47dd73bb9b799a31ae04ee7da1,SO70846,5,TT-M928,1,5,1556bafff387fc8f2f6fef64c1daa6bc
11276,94b225b5b1f09ecd5e8ecdfb681ff04c,03bf7d2a8718ee9aca4bd2f37e962fc4,SO64317,27,CA-1098,3,27,61e00b038efd34bdf9c747596273cbcf
11276,94b225b5b1f09ecd5e8ecdfb681ff04c,03bf7d2a8718ee9aca4bd2f37e962fc4,SO64317,105,HL-U509,3,105,61e00b038efd34bdf9c747596273cbcf
11276,94b225b5b1f09ecd5e8ecdfb681ff04c,03bf7d2a8718ee9aca4bd2f37e962fc4,SO64317,54,SJ-0194-L,1,54,61e00b038efd34bdf9c747596273cbcf
11276,94b225b5b1f09ecd5e8ecdfb681ff04c,03bf7d2a8718ee9aca4bd2f37e962fc4,SO64317,25,TI-M267,1,25,61e00b038efd34bdf9c747596273cbcf
11276,94b225b5b1f09ecd5e8ecdfb681ff04c,03bf7d2a8718ee9aca4bd2f37e962fc4,SO64317,5,TT-M928,1,5,61e00b038efd34bdf9c747596273cbcf
11276,95103530881768b5cfc7e33970db9cd7,2ed3972e38245b633ec6b146c2970148,SO62412,8,CL-9009,1,8,305c66634c155cab2b5cc3ce00351eb1
11276,95103530881768b5cfc7e33970db9cd7,2ed3972e38245b633ec6b146c2970148,SO62412,2,PK-7098,1,2,305c66634c155cab2b5cc3ce00351eb1
11276,95103530881768b5cfc7e33970db9cd7,2ed3972e38245b633ec6b146c2970148,SO62412,4,TT-R982,1,4,305c66634c155cab2b5cc3ce00351eb1
11276,b0241b451647f25db5f52074445d820c,7a8e187aeb003f6e34c02a4d5b9b153e,SO64254,54,SJ-0194-M,1,54,56d78836c9cf0de136c4d2d37aba2280
11276,b0950d12c62d3aeda81b2e8d06f2aef4,e366e24b8ad0b1107528f2f58cd15a81,SO73352,8,CL-9009,1,8,a048b8d5f3f9178f163e2be055f0138b
11276,b0950d12c62d3aeda81b2e8d06f2aef4,e366e24b8ad0b1107528f2f58cd15a81,SO73352,2,PK-7098,1,2,a048b8d5f3f9178f163e2be055f0138b
11276,b0950d12c62d3aeda81b2e8d06f2aef4,e366e24b8ad0b1107528f2f58cd15a81,SO73352,5,TT-T092,1,5,a048b8d5f3f9178f163e2be055f0138b
11276,b210069485754303767745919c328b97,305c66634c155cab2b5cc3ce00351eb1,SO62834,21,TI-R092,1,21,5efefff01843f5aa3f7d8a4d44b4bf2e
11276,b210069485754303767745919c328b97,305c66634c155cab2b5cc3ce00351eb1,SO62834,4,TT-R982,1,4,5efefff01843f5aa3f7d8a4d44b4bf2e
11276,b95a9f47dd73bb9b799a31ae04ee7da1,175a5d217fad85df9f6639d7ced1e5d9,SO69965,10,BC-M005,1,10,8728a5e296f39e49d2fa74c31820e99f
11276,b95a9f47dd73bb9b799a31ae04ee7da1,175a5d217fad85df9f6639d7ced1e5d9,SO69965,48,GL-H102-M,2,48,8728a5e296f39e49d2fa74c31820e99f
11276,b95a9f47dd73bb9b799a31ae04ee7da1,175a5d217fad85df9f6639d7ced1e5d9,SO69965,105,HL-U509-B,3,105,8728a5e296f39e49d2fa74c31820e99f
11276,b95a9f47dd73bb9b799a31ae04ee7da1,175a5d217fad85df9f6639d7ced1e5d9,SO69965,5,WB-H098,1,5,8728a5e296f39e49d2fa74c31820e99f
11276,e0cd1349b4c6e1b5f14ed427e358c2d0,f06fd077b6afc2d69af6e1e548da266d,SO70327,105,HL-U509-B,3,105,b95a9f47dd73bb9b799a31ae04ee7da1
11276,e0cd1349b4c6e1b5f14ed427e358c2d0,f06fd077b6afc2d69af6e1e548da266d,SO70327,5,TT-T092,1,5,b95a9f47dd73bb9b799a31ae04ee7da1
11276,e2f0a420a4c1a9e8e292761f835e0489,4eec6eda382b9c44e240ad4b4b5e9cc0,SO65575,2,PK-7098,1,2,9d934f91c460e9947414d00048f2fa36
11276,e2f0a420a4c1a9e8e292761f835e0489,4eec6eda382b9c44e240ad4b4b5e9cc0,SO65575,30,TI-M602,1,30,9d934f91c460e9947414d00048f2fa36
11276,e2f0a420a4c1a9e8e292761f835e0489,4eec6eda382b9c44e240ad4b4b5e9cc0,SO65575,5,TT-M928,1,5,9d934f91c460e9947414d00048f2fa36
11276,e4b40b4ba619c72ec5a69caad258d393,b0950d12c62d3aeda81b2e8d06f2aef4,SO74192,2,PK-7098,1,2,8babade0595c11e14dd89058a850f2cd
11276,e4b40b4ba619c72ec5a69caad258d393,b0950d12c62d3aeda81b2e8d06f2aef4,SO74192,4,TT-R982,1,4,8babade0595c11e14dd89058a850f2cd
11276,e4b40b4ba619c72ec5a69caad258d393,b0950d12c62d3aeda81b2e8d06f2aef4,SO74196,105,HL-U509-R,3,105,8babade0595c11e14dd89058a850f2cd
11276,e4b40b4ba619c72ec5a69caad258d393,b0950d12c62d3aeda81b2e8d06f2aef4,SO74196,25,TI-M267,1,25,8babade0595c11e14dd89058a850f2cd
11276,e4b40b4ba619c72ec5a69caad258d393,b0950d12c62d3aeda81b2e8d06f2aef4,SO74196,5,TT-M928,1,5,8babade0595c11e14dd89058a850f2cd
11276,eba5233d2dd8ea5031e646882335ece0,629ffff971d10f275a79a70fae527fbc,SO56611,105,HL-U509,3,105,b988e88fd94a3b47434beeb650cff880
11276,eba5233d2dd8ea5031e646882335ece0,629ffff971d10f275a79a70fae527fbc,SO56611,21,TI-R092,1,21,b988e88fd94a3b47434beeb650cff880
11276,eba5233d2dd8ea5031e646882335ece0,629ffff971d10f275a79a70fae527fbc,SO56611,4,TT-R982,1,4,b988e88fd94a3b47434beeb650cff880
11277,02ad1a5ca18e58629b8c1d6a6401d071,8d71482745a6a1be4fbbc5562ade4657,SO57756,2,PK-7098,1,2,a976f17830aceaaa93d5daef0bc209a3
11277,02ad1a5ca18e58629b8c1d6a6401d071,8d71482745a6a1be4fbbc5562ade4657,SO57756,120,RA-H123,1,120,a976f17830aceaaa93d5daef0bc209a3
11277,02ad1a5ca18e58629b8c1d6a6401d071,8d71482745a6a1be4fbbc5562ade4657,SO57756,25,TI-R628,1,25,a976f17830aceaaa93d5daef0bc209a3
11277,02ad1a5ca18e58629b8c1d6a6401d071,8d71482745a6a1be4fbbc5562ade4657,SO57756,4,TT-R982,1,4,a976f17830aceaaa93d5daef0bc209a3
11277,058af5b2a408d57b708367e5bf4e9d9c,e82ca4c6beebe812f10fa1041b97a160,SO66792,30,TI-M602,1,30,c507827aa5f4f6bbedf64058461c621b
11277,058af5b2a408d57b708367e5bf4e9d9c,e82ca4c6beebe812f10fa1041b97a160,SO66792,64,VE-C304-M,1,64,c507827aa5f4f6bbedf64058461c621b
11277,089c2a426c196c5ca5facb20896c90bb,bc761b2b7297029a695fbd6dd0470724,SO56281,8,CL-9009,1,8,55f9f4cb5784581a517e59904e0d5e2f
11277,089c2a426c196c5ca5facb20896c90bb,bc761b2b7297029a695fbd6dd0470724,SO56281,55,HY-1023-70,1,55,55f9f4cb5784581a517e59904e0d5e2f
11277,089c2a426c196c5ca5facb20896c90bb,bc761b2b7297029a695fbd6dd0470724,SO56281,5,TT-T092,1,5,55f9f4cb5784581a517e59904e0d5e2f
11277,128ee9ff420de424a605a0ee4a6f7916,fee8e08233f3f00450bce31967abb0f1,SO71351,8,CL-9009,1,8,2797a91b25bc2aa85124c99bc574dc83
11277,15699e35c72c4036c71409f3f3d69528,f5933feadc49c253e4f0e77b236946e9,SO53023,105,HL-U509-R,3,105,deff8ad81a213d1110c1f409a7f40fcd
11277,15699e35c72c4036c71409f3f3d69528,f5933feadc49c253e4f0e77b236946e9,SO53023,33,TI-R982,1,33,deff8ad81a213d1110c1f409a7f40fcd
11277,15699e35c72c4036c71409f3f3d69528,f5933feadc49c253e4f0e77b236946e9,SO53023,4,TT-R982,1,4,deff8ad81a213d1110c1f409a7f40fcd
11277,15699e35c72c4036c71409f3f3d69528,f5933feadc49c253e4f0e77b236946e9,SO53042,2,PK-7098,1,2,deff8ad81a213d1110c1f409a7f40fcd
11277,15699e35c72c4036c71409f3f3d69528,f5933feadc49c253e4f0e77b236946e9,SO53042,35,TI-M823,1,35,deff8ad81a213d1110c1f409a7f40fcd
11277,15699e35c72c4036c71409f3f3d69528,f5933feadc49c253e4f0e77b236946e9,SO53042,5,TT-M928,1,5,deff8ad81a213d1110c1f409a7f40fcd
11277,305c66634c155cab2b5cc3ce00351eb1,2becb9647677a1a316b388bbad689580,SO62088,27,CA-1098,3,27,922d04aa1f67bbe0270bfad98508f43e
11277,39fe373cdcb4534addde73890415b660,41fc4cb27e0ee552c4c9247e1a476cc5,SO55880,105,HL-U509-B,3,105,3519c8eb4095dbc69d80eb61856d3435
11277,39fe373cdcb4534addde73890415b660,41fc4cb27e0ee552c4c9247e1a476cc5,SO55880,4,TT-R982,1,4,3519c8eb4095dbc69d80eb61856d3435
11277,3a2f313512bb520c43971e54ba834dec,a1fedb8f5f2e08543339a5f167bee6b7,SO65893,25,TI-M267,1,25,e2f0a420a4c1a9e8e292761f835e0489
11277,56e52500a7f5ab963646137a401683cd,df09a3a727ac0f29208c5ef3bf7625e6,SO74660,105,HL-U509-B,3,105,13b7c2277967bc61802018c764b5b2a0
11277,56e52500a7f5ab963646137a401683cd,df09a3a727ac0f29208c5ef3bf7625e6,SO74660,33,TI-R982,1,33,13b7c2277967bc61802018c764b5b2a0
11277,56e52500a7f5ab963646137a401683cd,df09a3a727ac0f29208c5ef3bf7625e6,SO74660,4,TT-R982,1,4,13b7c2277967bc61802018c764b5b2a0
11277,6353a8421ee460b64f2c988cc72a8391,59c3d64cb01cd5ad7fd25246d81a55ff,SO56197,8,CL-9009,1,8,5691ac18f59a9af20f9d8703772afbba
11277,6353a8421ee460b64f2c988cc72a8391,59c3d64cb01cd5ad7fd25246d81a55ff,SO56197,2,PK-7098,1,2,5691ac18f59a9af20f9d8703772afbba
11277,6353a8421ee460b64f2c988cc72a8391,59c3d64cb01cd5ad7fd25246d81a55ff,SO56197,5,TT-T092,1,5,5691ac18f59a9af20f9d8703772afbba
11277,6d338b8c41c717c4336ad0084a80dca4,9223b53f03a405f817e91392f0294f6a,SO54443,55,HY-1023-70,1,55,40e7dd73b09eac540e790daf6fac41af
11277,6d338b8c41c717c4336ad0084a80dca4,9223b53f03a405f817e91392f0294f6a,SO54443,29,TI-T723,1,29,40e7dd73b09eac540e790daf6fac41af
11277,6d338b8c41c717c4336ad0084a80dca4,9223b53f03a405f817e91392f0294f6a,SO54443,5,TT-T092,1,5,40e7dd73b09eac540e790daf6fac41af
11277,76918877cf6ce7011018cd9708723392,883b9b4170853b321c03290f64ba199f,SO61499,22,FE-6654,1,22,4ddc8821c34bceaf3dba4a18741acca3
11277,76918877cf6ce7011018cd9708723392,883b9b4170853b321c03290f64ba199f,SO61499,48,GL-H102-L,2,48,4ddc8821c34bceaf3dba4a18741acca3
11277,76918877cf6ce7011018cd9708723392,883b9b4170853b321c03290f64ba199f,SO61499,105,HL-U509,3,105,4ddc8821c34bceaf3dba4a18741acca3
11277,76918877cf6ce7011018cd9708723392,883b9b4170853b321c03290f64ba199f,SO61499,25,TI-M267,1,25,4ddc8821c34bceaf3dba4a18741acca3
11277,76918877cf6ce7011018cd9708723392,883b9b4170853b321c03290f64ba199f,SO61499,5,TT-M928,1,5,4ddc8821c34bceaf3dba4a18741acca3
11277,86bfb8ffc7a79e52d833cedce4d275bf,962bae2fb03296a3b9cacabfa929322c,SO70176,150,LJ-0192-S,3,150,ec24e4cf9fcc90f3bbe81b2fb3735c21
11277,86bfb8ffc7a79e52d833cedce4d275bf,962bae2fb03296a3b9cacabfa929322c,SO70176,33,TI-R982,1,33,ec24e4cf9fcc90f3bbe81b2fb3735c21
11277,88d8e3ff674b1514a19b24621707f0d9,ca5b8307fa5f2189fb98330a9d65927c,SO74447,21,TI-R092,1,21,df09a3a727ac0f29208c5ef3bf7625e6
11277,88d8e3ff674b1514a19b24621707f0d9,ca5b8307fa5f2189fb98330a9d65927c,SO74447,4,TT-R982,1,4,df09a3a727ac0f29208c5ef3bf7625e6
11277,962bae2fb03296a3b9cacabfa929322c,0da2bc000f1fe4ea8746f9aea0bb5879,SO69104,105,HL-U509-R,3,105,c4369eefdf9bb8a3f9115e96b40aaf17
11277,962bae2fb03296a3b9cacabfa929322c,0da2bc000f1fe4ea8746f9aea0bb5879,SO69104,4,TT-R982,1,4,c4369eefdf9bb8a3f9115e96b40aaf17
11277,99b7e934795a93975a5e0c0b9b57d9ba,870bd4f3713260418e4f342f31dc7e33,SO63834,2,PK-7098,1,2,7a8e187aeb003f6e34c02a4d5b9b153e
11277,99b7e934795a93975a5e0c0b9b57d9ba,870bd4f3713260418e4f342f31dc7e33,SO63839,21,TI-R092,1,21,7a8e187aeb003f6e34c02a4d5b9b153e
11277,99b7e934795a93975a5e0c0b9b57d9ba,870bd4f3713260418e4f342f31dc7e33,SO63839,4,TT-R982,1,4,7a8e187aeb003f6e34c02a4d5b9b153e
11277,9a027fc72b503940a96d5137762a263e,0e000451f430d2e5b745a08b4ee7836c,SO74728,2,PK-7098,1,2,54d3ba66c5e71d3112695b882ca2030e
11277,9a027fc72b503940a96d5137762a263e,0e000451f430d2e5b745a08b4ee7836c,SO74728,25,TI-M267,1,25,54d3ba66c5e71d3112695b882ca2030e
11277,9a027fc72b503940a96d5137762a263e,0e000451f430d2e5b745a08b4ee7836c,SO74728,5,TT-M928,1,5,54d3ba66c5e71d3112695b882ca2030e
11277,9f79f7706bc6a7654ef0b8977966f69a,e2f7ff887646789ea003d03bc2025325,SO52113,105,HL-U509-R,3,105,361e2c62255e0c1887ac2139911ca300
11277,ad0b7f5ad35732646f1e5f67418d5995,244cede513841376c37dc856f2f5e7b9,SO59299,10,BC-M005,1,10,0df76889b3e31ccfd17b50cc73baef03
11277,ad0b7f5ad35732646f1e5f67418d5995,244cede513841376c37dc856f2f5e7b9,SO59299,55,HY-1023-70,1,55,0df76889b3e31ccfd17b50cc73baef03
11277,ad0b7f5ad35732646f1e5f67418d5995,244cede513841376c37dc856f2f5e7b9,SO59299,9,SO-R809-M,1,9,0df76889b3e31ccfd17b50cc73baef03
11277,ad0b7f5ad35732646f1e5f67418d5995,244cede513841376c37dc856f2f5e7b9,SO59299,5,WB-H098,1,5,0df76889b3e31ccfd17b50cc73baef03
11277,b0b2c17e5682f78d8fc262463fd0a4f3,375bde15092f45652b6398c1dff650d0,SO57958,105,HL-U509-B,3,105,5e1b952a22eccca86f7f056a9efb42a4
11277,b95a9f47dd73bb9b799a31ae04ee7da1,175a5d217fad85df9f6639d7ced1e5d9,SO69966,27,CA-1098,3,27,8728a5e296f39e49d2fa74c31820e99f
11277,b95a9f47dd73bb9b799a31ae04ee7da1,175a5d217fad85df9f6639d7ced1e5d9,SO69966,5,WB-H098,1,5,8728a5e296f39e49d2fa74c31820e99f
11277,db2f6a564b6f5f41253c68874b50962b,76918877cf6ce7011018cd9708723392,SO62253,48,GL-H102-L,2,48,606ed413481267c98754e3351f662859
11277,db2f6a564b6f5f41253c68874b50962b,76918877cf6ce7011018cd9708723392,SO62253,105,HL-U509-B,3,105,606ed413481267c98754e3351f662859
11277,db2f6a564b6f5f41253c68874b50962b,76918877cf6ce7011018cd9708723392,SO62253,33,TI-R982,1,33,606ed413481267c98754e3351f662859
11277,db2f6a564b6f5f41253c68874b50962b,76918877cf6ce7011018cd9708723392,SO62253,4,TT-R982,1,4,606ed413481267c98754e3351f662859
11277,debbb2493c6588799fc787e1854bcda5,40883861f6e25a2e09e848a7891f4f38,SO58081,54,SJ-0194-S,1,54,0814775cfc25da756a9b4197347ab771
11277,dfcee565bb2da80a7b76451a5cd314a1,6582aa26281b9a92ad60e6a03e274c00,SO66163,2,PK-7098,1,2,64cadfde6f66bc25043d0d69f5ae5471
11277,dfcee565bb2da80a7b76451a5cd314a1,6582aa26281b9a92ad60e6a03e274c00,SO66163,25,TI-R628,1,25,64cadfde6f66bc25043d0d69f5ae5471
11277,dfcee565bb2da80a7b76451a5cd314a1,6582aa26281b9a92ad60e6a03e274c00,SO66163,4,TT-R982,1,4,64cadfde6f66bc25043d0d69f5ae5471
11277,f75e5f8c15ca91ec5c869dc3881f574f,3a23b248b732af434a45fce0302aa11f,SO63897,55,HY-1023-70,1,55,03bf7d2a8718ee9aca4bd2f37e962fc4
11277,f75e5f8c15ca91ec5c869dc3881f574f,3a23b248b732af434a45fce0302aa11f,SO63897,29,TI-T723,1,29,03bf7d2a8718ee9aca4bd2f37e962fc4
11277,f75e5f8c15ca91ec5c869dc3881f574f,3a23b248b732af434a45fce0302aa11f,SO63897,5,TT-T092,1,5,03bf7d2a8718ee9aca4bd2f37e962fc4
11278,07713adfd12a8cd9d376671631f3bc02,93963041729da5d8213c536f91ed9402,SO51277,4590,BK-M68B-46,2,4590,acc20902004de8acdd3eee04bfe5f91a
11278,07713adfd12a8cd9d376671631f3bc02,93963041729da5d8213c536f91ed9402,SO51277,105,HL-U509,3,105,acc20902004de8acdd3eee04bfe5f91a
11278,e52d77ff6cfc92babed59c52d26cc727,e326f919619dfb88508877586e312f4c,SO45700,3578,BK-R93R-62,1,3578,9bf4969b0d30a237d93ba8c97a302ad0
11279,883b9b4170853b321c03290f64ba199f,412998e77ee121227580e3d363f75fa2,SO60671,2,PK-7098,1,2,af1457846a79173ef71dd9d5dd69805a
11279,883b9b4170853b321c03290f64ba199f,412998e77ee121227580e3d363f75fa2,SO60671,35,TI-M823,1,35,af1457846a79173ef71dd9d5dd69805a
11279,883b9b4170853b321c03290f64ba199f,412998e77ee121227580e3d363f75fa2,SO60671,5,TT-M928,1,5,af1457846a79173ef71dd9d5dd69805a
11279,9223b53f03a405f817e91392f0294f6a,3e07f09fb2edbdf0bf6a54c17634514b,SO53787,2,PK-7098,1,2,14e4b13c27fb9bce9938ce35b6597eca
11280,99b7e934795a93975a5e0c0b9b57d9ba,870bd4f3713260418e4f342f31dc7e33,SO63837,2,PK-7098,1,2,7a8e187aeb003f6e34c02a4d5b9b153e
11280,d945ec2aae74dbfb829453026b91c235,348f48807f500aeac729fb17d9bc97f1,SO61350,105,HL-U509-R,3,105,eef21e68ecca703bb338920b950f203c
11280,d945ec2aae74dbfb829453026b91c235,348f48807f500aeac729fb17d9bc97f1,SO61350,35,TI-M823,1,35,eef21e68ecca703bb338920b950f203c
11280,d945ec2aae74dbfb829453026b91c235,348f48807f500aeac729fb17d9bc97f1,SO61350,5,TT-M928,1,5,eef21e68ecca703bb338920b950f203c
11281,3ace441341c719dd401296ee5a591431,b673025477c2a9a0524b27adc18ee543,SO45678,3578,BK-R93R-52,1,3578,4e1880c62d1a2a8c16dbea8fe88f6340
11281,679eed5d77e30211eb990c0c13145df3,78cee6501c10922e466c02f814c8627b,SO51417,10,BC-M005,1,10,5b07cd2a9dfb9437a07ea3012d6efbb7
11281,679eed5d77e30211eb990c0c13145df3,78cee6501c10922e466c02f814c8627b,SO51417,4640,BK-M68S-42,2,4640,5b07cd2a9dfb9437a07ea3012d6efbb7
11281,679eed5d77e30211eb990c0c13145df3,78cee6501c10922e466c02f814c8627b,SO51417,8,CL-9009,1,8,5b07cd2a9dfb9437a07ea3012d6efbb7
11281,679eed5d77e30211eb990c0c13145df3,78cee6501c10922e466c02f814c8627b,SO51417,5,WB-H098,1,5,5b07cd2a9dfb9437a07ea3012d6efbb7
11282,01070cf843f2ca45e3d4ec7c02c52551,9cdb18f37bdd2084cec3f36c200212be,SO51264,4590,BK-M68B-42,2,4590,4b74d4eac4c3a33d22d34af93569c011
11282,01070cf843f2ca45e3d4ec7c02c52551,9cdb18f37bdd2084cec3f36c200212be,SO51264,22,FE-6654,1,22,4b74d4eac4c3a33d22d34af93569c011
11282,01070cf843f2ca45e3d4ec7c02c52551,9cdb18f37bdd2084cec3f36c200212be,SO51264,35,TI-M823,1,35,4b74d4eac4c3a33d22d34af93569c011
11282,01070cf843f2ca45e3d4ec7c02c52551,9cdb18f37bdd2084cec3f36c200212be,SO51264,5,TT-M928,1,5,4b74d4eac4c3a33d22d34af93569c011
11282,01070cf843f2ca45e3d4ec7c02c52551,9cdb18f37bdd2084cec3f36c200212be,SO51264,64,VE-C304-L,1,64,4b74d4eac4c3a33d22d34af93569c011
11282,f036f125fefcf3b1a561961fcdc80496,d3f5e9e78b4eff50303cc34a8bd9fa20,SO45594,3578,BK-R93R-48,1,3578,46ceb00d77d3de79a22e210dbcfc6a93
11283,9d934f91c460e9947414d00048f2fa36,94b225b5b1f09ecd5e8ecdfb681ff04c,SO65104,2,PK-7098,1,2,3f0c8308e4e2e5c4ddc1b7e19304f613
11283,df595e3c678d4fae23ce174fe747165e,07b31bae17c7890b17d79a654aa230cf,SO58878,2,PK-7098,1,2,75fe8d7dec9d2a51be64595ab37dc674
11283,df595e3c678d4fae23ce174fe747165e,07b31bae17c7890b17d79a654aa230cf,SO58878,35,TI-M823,1,35,75fe8d7dec9d2a51be64595ab37dc674
11283,df595e3c678d4fae23ce174fe747165e,07b31bae17c7890b17d79a654aa230cf,SO58878,5,TT-M928,1,5,75fe8d7dec9d2a51be64595ab37dc674
11284,375bde15092f45652b6398c1dff650d0,830e779850b1d58733a7ad711bf6b83f,SO57339,8,CL-9009,1,8,a8ef76a01442567fb64eb6f4408a9835
11284,375bde15092f45652b6398c1dff650d0,830e779850b1d58733a7ad711bf6b83f,SO57339,2,PK-7098,1,2,a8ef76a01442567fb64eb6f4408a9835
11284,375bde15092f45652b6398c1dff650d0,830e779850b1d58733a7ad711bf6b83f,SO57339,35,TI-M823,1,35,a8ef76a01442567fb64eb6f4408a9835
11284,6be9692276a308e4b872323af1ad8fe2,bee2b842cd357511cf4c8e509f5af192,SO52335,8,CL-9009,1,8,72e75576254db1afef14ecdc050391c2
11284,6be9692276a308e4b872323af1ad8fe2,bee2b842cd357511cf4c8e509f5af192,SO52335,2,PK-7098,1,2,72e75576254db1afef14ecdc050391c2
11285,83d1ed00595e79ee5ea3797e97970fe8,fe1fd19c021e78ec395980c2e347865e,SO69180,2,PK-7098,1,2,705fa39ab40831529471c768490339ab
11285,870bd4f3713260418e4f342f31dc7e33,94c60e0b5e2b0f78b919a5d4c67d70a2,SO62915,22,FE-6654,1,22,2fe1a028f9398deb2efcd536c8246fae
11285,870bd4f3713260418e4f342f31dc7e33,94c60e0b5e2b0f78b919a5d4c67d70a2,SO62915,35,TI-M823,1,35,2fe1a028f9398deb2efcd536c8246fae
11285,870bd4f3713260418e4f342f31dc7e33,94c60e0b5e2b0f78b919a5d4c67d70a2,SO62915,5,TT-M928,1,5,2fe1a028f9398deb2efcd536c8246fae
11285,870bd4f3713260418e4f342f31dc7e33,94c60e0b5e2b0f78b919a5d4c67d70a2,SO62915,64,VE-C304-M,1,64,2fe1a028f9398deb2efcd536c8246fae
11286,20b851db79828c985958154243411278,96a3262695f10a59b726f3dfd4782c4d,SO51553,4590,BK-M68B-46,2,4590,a7cb0a760406e2013c8442a429fed0ae
11286,20b851db79828c985958154243411278,96a3262695f10a59b726f3dfd4782c4d,SO51553,27,CA-1098,3,27,a7cb0a760406e2013c8442a429fed0ae
11286,20b851db79828c985958154243411278,96a3262695f10a59b726f3dfd4782c4d,SO51553,22,FE-6654,1,22,a7cb0a760406e2013c8442a429fed0ae
11286,20b851db79828c985958154243411278,96a3262695f10a59b726f3dfd4782c4d,SO51553,150,LJ-0192-L,3,150,a7cb0a760406e2013c8442a429fed0ae
11286,a8c7d5b3aff3fa32b632b239bd18e26f,350462f2d0124beb0d7adf60dd79a8b8,SO45731,3578,BK-R93R-62,1,3578,e52d77ff6cfc92babed59c52d26cc727
11287,128ee9ff420de424a605a0ee4a6f7916,fee8e08233f3f00450bce31967abb0f1,SO71378,55,HY-1023-70,1,55,2797a91b25bc2aa85124c99bc574dc83
11287,128ee9ff420de424a605a0ee4a6f7916,fee8e08233f3f00450bce31967abb0f1,SO71378,5,WB-H098,1,5,2797a91b25bc2aa85124c99bc574dc83
11287,14e4b13c27fb9bce9938ce35b6597eca,c375f33d72ca7161f341c2726e82d67a,SO53385,105,HL-U509-B,3,105,9b98d27287b27eeee9ebc06e1d5a9a8d
11287,14e4b13c27fb9bce9938ce35b6597eca,c375f33d72ca7161f341c2726e82d67a,SO53385,9,SO-R809-L,1,9,9b98d27287b27eeee9ebc06e1d5a9a8d
11287,14e4b13c27fb9bce9938ce35b6597eca,c375f33d72ca7161f341c2726e82d67a,SO53385,35,TI-M823,1,35,9b98d27287b27eeee9ebc06e1d5a9a8d
11287,14e4b13c27fb9bce9938ce35b6597eca,c375f33d72ca7161f341c2726e82d67a,SO53385,5,TT-M928,1,5,9b98d27287b27eeee9ebc06e1d5a9a8d
11287,1678083e7ff90bd404baad3f60bffa37,7b0730955172ecda497d7cca6b1d87a1,SO55756,25,TI-M267,1,25,73a69a5c77a7d23172e54d7ce07a638e
11287,2ed3972e38245b633ec6b146c2970148,6477c205c5117a9448ba863e111acf32,SO61674,55,HY-1023-70,1,55,2becb9647677a1a316b388bbad689580
11287,2ed3972e38245b633ec6b146c2970148,6477c205c5117a9448ba863e111acf32,SO61674,4,TT-R982,1,4,2becb9647677a1a316b388bbad689580
11287,2fb09097185e604aaadbfde958fd6262,a1e59736d286765313b8212467dc64b2,SO74597,25,TI-M267,1,25,88d8e3ff674b1514a19b24621707f0d9
11287,2fb09097185e604aaadbfde958fd6262,a1e59736d286765313b8212467dc64b2,SO74597,5,TT-M928,1,5,88d8e3ff674b1514a19b24621707f0d9
11287,331afa0aff1b1cfbf3d24944ab38c9d2,c885741a5e3e55c84950327011b70289,SO69660,8,CL-9009,1,8,962bae2fb03296a3b9cacabfa929322c
11287,348f48807f500aeac729fb17d9bc97f1,5072507e949a2c25948a591c4da194e1,SO60473,33,TI-R982,1,33,f108e0cd2f96a0c22086f9d45ee08f19
11287,3a23b248b732af434a45fce0302aa11f,db2f6a564b6f5f41253c68874b50962b,SO62957,54,SJ-0194-M,1,54,290499d9b8e65db426ba9b842714eb6d
11287,4dbf892d41ae205f6e36838031cff786,de22d232bbe84481579f6252f1e7091d,SO58202,105,HL-U509-B,3,105,3fbd0407b55d3a3da21388a2ddbf881c
11287,4dbf892d41ae205f6e36838031cff786,de22d232bbe84481579f6252f1e7091d,SO58202,25,TI-M267,1,25,3fbd0407b55d3a3da21388a2ddbf881c
11287,4dbf892d41ae205f6e36838031cff786,de22d232bbe84481579f6252f1e7091d,SO58202,5,TT-M928,1,5,3fbd0407b55d3a3da21388a2ddbf881c
11287,5e9b4970006d8f02ba0bc1763fa8b9a6,b2e85aa5f9c095607e638c7e6e2c694b,SO51936,48,GL-H102-S,2,48,ca510b577b53d588f80b4fc76030ea52
11287,5e9b4970006d8f02ba0bc1763fa8b9a6,b2e85aa5f9c095607e638c7e6e2c694b,SO51936,105,HL-U509-R,3,105,ca510b577b53d588f80b4fc76030ea52
11287,5e9b4970006d8f02ba0bc1763fa8b9a6,b2e85aa5f9c095607e638c7e6e2c694b,SO51936,33,TI-R982,1,33,ca510b577b53d588f80b4fc76030ea52
11287,5e9b4970006d8f02ba0bc1763fa8b9a6,b2e85aa5f9c095607e638c7e6e2c694b,SO51936,4,TT-R982,1,4,ca510b577b53d588f80b4fc76030ea52
11287,5efefff01843f5aa3f7d8a4d44b4bf2e,922d04aa1f67bbe0270bfad98508f43e,SO62544,2,PK-7098,1,2,db2f6a564b6f5f41253c68874b50962b
11287,5efefff01843f5aa3f7d8a4d44b4bf2e,922d04aa1f67bbe0270bfad98508f43e,SO62544,25,TI-R628,1,25,db2f6a564b6f5f41253c68874b50962b
11287,5efefff01843f5aa3f7d8a4d44b4bf2e,922d04aa1f67bbe0270bfad98508f43e,SO62544,4,TT-R982,1,4,db2f6a564b6f5f41253c68874b50962b
11287,6583882ca853d66524856501b27519f5,1ba7e8cdf85da6cf5e11554703236b52,SO74316,2,PK-7098,1,2,d27974ca95fd620ac92cf95bf8c1d1f2
11287,6583882ca853d66524856501b27519f5,1ba7e8cdf85da6cf5e11554703236b52,SO74316,33,TI-R982,1,33,d27974ca95fd620ac92cf95bf8c1d1f2
11287,6583882ca853d66524856501b27519f5,1ba7e8cdf85da6cf5e11554703236b52,SO74316,4,TT-R982,1,4,d27974ca95fd620ac92cf95bf8c1d1f2
11287,702a02712215141594ddf8e52b0a651c,cd15e5f80ff20dd345bfaa51400dd0d6,SO67507,29,TI-T723,1,29,caa707f97407c07371136aaf471a91d4
11287,702a02712215141594ddf8e52b0a651c,cd15e5f80ff20dd345bfaa51400dd0d6,SO67507,5,TT-T092,1,5,caa707f97407c07371136aaf471a91d4
11287,7254e54716fe52361e62aa16ea2e0797,6eaadc1181f307997dc853d9ed40db36,SO59424,2,PK-7098,1,2,e7df1b3ee078bdcfc260a877f321287d
11287,7254e54716fe52361e62aa16ea2e0797,6eaadc1181f307997dc853d9ed40db36,SO59424,33,TI-R982,1,33,e7df1b3ee078bdcfc260a877f321287d
11287,7254e54716fe52361e62aa16ea2e0797,6eaadc1181f307997dc853d9ed40db36,SO59424,4,TT-R982,1,4,e7df1b3ee078bdcfc260a877f321287d
11287,75fe8d7dec9d2a51be64595ab37dc674,ef5bad66aa19ccfb82cacb73584b83ea,SO58550,8,CL-9009,1,8,23f22724b430320654759f8512440ebc
11287,75fe8d7dec9d2a51be64595ab37dc674,ef5bad66aa19ccfb82cacb73584b83ea,SO58550,55,HY-1023-70,1,55,23f22724b430320654759f8512440ebc
11287,75fe8d7dec9d2a51be64595ab37dc674,ef5bad66aa19ccfb82cacb73584b83ea,SO58550,5,TT-T092,1,5,23f22724b430320654759f8512440ebc
11287,7a8e187aeb003f6e34c02a4d5b9b153e,2fe1a028f9398deb2efcd536c8246fae,SO63498,48,GL-H102-M,2,48,ba19c22033aaecc6c5dad47f63e5858c
11287,7a8e187aeb003f6e34c02a4d5b9b153e,2fe1a028f9398deb2efcd536c8246fae,SO63498,105,HL-U509-B,3,105,ba19c22033aaecc6c5dad47f63e5858c
11287,8eb7a1b0dba9fdd5f4248b9cb6b9119b,9f1ff00ea8fd9fd8f2d421ba5ec45a18,SO68211,2,PK-7098,1,2,c7390752782466cfc9a3ed7d3a79e046
11287,8eb7a1b0dba9fdd5f4248b9cb6b9119b,9f1ff00ea8fd9fd8f2d421ba5ec45a18,SO68211,21,TI-R092,1,21,c7390752782466cfc9a3ed7d3a79e046
11287,8eb7a1b0dba9fdd5f4248b9cb6b9119b,9f1ff00ea8fd9fd8f2d421ba5ec45a18,SO68211,4,TT-R982,1,4,c7390752782466cfc9a3ed7d3a79e046
11287,95a2a9aefc393f8630e934768cacf4cd,8f472ffe3ff3109f420ae91355ff8f3f,SO72148,30,TI-M602,1,30,38c9e5d1e366b4c5c36aae682bc960c4
11287,9b6872ca1d80024637e967d1066bba0a,4310d0d92131e34ff2716d85e1953174,SO55342,8,CL-9009,1,8,7b0730955172ecda497d7cca6b1d87a1
11287,9b6872ca1d80024637e967d1066bba0a,4310d0d92131e34ff2716d85e1953174,SO55342,2,PK-7098,1,2,7b0730955172ecda497d7cca6b1d87a1
11287,9b6872ca1d80024637e967d1066bba0a,4310d0d92131e34ff2716d85e1953174,SO55342,5,TT-T092,1,5,7b0730955172ecda497d7cca6b1d87a1
11287,a9adf65abbb865184bf924d14a93d0c4,ec24e4cf9fcc90f3bbe81b2fb3735c21,SO70687,29,TI-T723,1,29,e0cd1349b4c6e1b5f14ed427e358c2d0
11287,a9adf65abbb865184bf924d14a93d0c4,ec24e4cf9fcc90f3bbe81b2fb3735c21,SO70687,5,TT-T092,1,5,e0cd1349b4c6e1b5f14ed427e358c2d0
11287,ba19c22033aaecc6c5dad47f63e5858c,8dd08d219271ec96c543f486de430703,SO63003,27,CA-1098,3,27,16918840d98f27ce45948fe73dd5592f
11287,d4ae40bdb21d7c1f4fee96082340d3a2,9a027fc72b503940a96d5137762a263e,SO75096,105,HL-U509-B,3,105,08ff55594d8ca57b756a1953f77ebc89
11287,d4ae40bdb21d7c1f4fee96082340d3a2,9a027fc72b503940a96d5137762a263e,SO75096,150,LJ-0192-X,3,150,08ff55594d8ca57b756a1953f77ebc89
11287,d4ae40bdb21d7c1f4fee96082340d3a2,9a027fc72b503940a96d5137762a263e,SO75096,4,TT-R982,1,4,08ff55594d8ca57b756a1953f77ebc89
11287,d630b2db6e8046e30b4728ca862ba4e1,02ad1a5ca18e58629b8c1d6a6401d071,SO58424,2,PK-7098,1,2,07b31bae17c7890b17d79a654aa230cf
11287,d6fb379288416774d139632beb88e26b,3ebfce6ccd7540a632ae7e6ad8100c29,SO60201,2,PK-7098,1,2,412998e77ee121227580e3d363f75fa2
11287,d6fb379288416774d139632beb88e26b,3ebfce6ccd7540a632ae7e6ad8100c29,SO60201,21,TI-R092,1,21,412998e77ee121227580e3d363f75fa2
11287,de22d232bbe84481579f6252f1e7091d,cae5717327bee7d74e261c550aa5081f,SO57554,10,BC-M005,1,10,ab4946738415af86b5e3cee69b13301f
11287,de22d232bbe84481579f6252f1e7091d,cae5717327bee7d74e261c550aa5081f,SO57554,27,CA-1098,3,27,ab4946738415af86b5e3cee69b13301f
11287,de22d232bbe84481579f6252f1e7091d,cae5717327bee7d74e261c550aa5081f,SO57554,5,WB-H098,1,5,ab4946738415af86b5e3cee69b13301f
11287,f5933feadc49c253e4f0e77b236946e9,0b80ce5eab877cae9997209e0bee6e60,SO52422,8,CL-9009,1,8,b8cc77f0099ae7d3a20b9f0b74d70b12
11287,f5933feadc49c253e4f0e77b236946e9,0b80ce5eab877cae9997209e0bee6e60,SO52422,2,PK-7098,1,2,b8cc77f0099ae7d3a20b9f0b74d70b12
11287,f5933feadc49c253e4f0e77b236946e9,0b80ce5eab877cae9997209e0bee6e60,SO52422,25,TI-R628,1,25,b8cc77f0099ae7d3a20b9f0b74d70b12
11287,f5933feadc49c253e4f0e77b236946e9,0b80ce5eab877cae9997209e0bee6e60,SO52422,4,TT-R982,1,4,b8cc77f0099ae7d3a20b9f0b74d70b12
11287,fee8e08233f3f00450bce31967abb0f1,331afa0aff1b1cfbf3d24944ab38c9d2,SO70525,105,HL-U509-R,3,105,86bfb8ffc7a79e52d833cedce4d275bf
11287,fee8e08233f3f00450bce31967abb0f1,331afa0aff1b1cfbf3d24944ab38c9d2,SO70525,54,SJ-0194-M,1,54,86bfb8ffc7a79e52d833cedce4d275bf
11288,3f20f21c57e09a6c071e44d1fe74b58a,9b98d27287b27eeee9ebc06e1d5a9a8d,SO53886,2,PK-7098,1,2,51c449e55b4a63a16fb45beb689150d5
11288,4eec6eda382b9c44e240ad4b4b5e9cc0,f75e5f8c15ca91ec5c869dc3881f574f,SO64710,105,HL-U509-R,3,105,94b225b5b1f09ecd5e8ecdfb681ff04c
11288,4eec6eda382b9c44e240ad4b4b5e9cc0,f75e5f8c15ca91ec5c869dc3881f574f,SO64710,35,TI-M823,1,35,94b225b5b1f09ecd5e8ecdfb681ff04c
11288,4eec6eda382b9c44e240ad4b4b5e9cc0,f75e5f8c15ca91ec5c869dc3881f574f,SO64710,5,TT-M928,1,5,94b225b5b1f09ecd5e8ecdfb681ff04c
11289,20b5e9ce0f87defd975a322149ec8cc6,9bbc713be22755b8ea8e3b596e06edd2,SO51489,4590,BK-M68B-38,2,4590,679eed5d77e30211eb990c0c13145df3
11289,20b5e9ce0f87defd975a322149ec8cc6,9bbc713be22755b8ea8e3b596e06edd2,SO51489,8,CL-9009,1,8,679eed5d77e30211eb990c0c13145df3
11289,20b5e9ce0f87defd975a322149ec8cc6,9bbc713be22755b8ea8e3b596e06edd2,SO51489,22,FE-6654,1,22,679eed5d77e30211eb990c0c13145df3
11289,20b5e9ce0f87defd975a322149ec8cc6,9bbc713be22755b8ea8e3b596e06edd2,SO51489,2,PK-7098,1,2,679eed5d77e30211eb990c0c13145df3
11289,4e1880c62d1a2a8c16dbea8fe88f6340,4aed0f4e82a51c3f853b8a3df8d808eb,SO45646,3578,BK-R93R-48,1,3578,13af0cd214494c6df4622847478d94fe
11290,0b80ce5eab877cae9997209e0bee6e60,a7cb0a760406e2013c8442a429fed0ae,SO51677,4640,BK-M68S-42,2,4640,70ad7386c1fe794c57fa3908ff22435d
11290,0b80ce5eab877cae9997209e0bee6e60,a7cb0a760406e2013c8442a429fed0ae,SO51677,105,HL-U509-R,3,105,70ad7386c1fe794c57fa3908ff22435d
11290,74cd52749cc4b84fea8b036cee2e0b9a,4e1880c62d1a2a8c16dbea8fe88f6340,SO45723,3578,BK-R93R-44,1,3578,65e68a57e397cec5452983179d80edc2
11291,01eb8a9956865747637639482336f5f8,e8c0bfc4371d81db0dacde1b8fa393ca,SO51533,4590,BK-M68B-46,2,4590,0a6c721efa4fbe33f8e9e76a63f5b591
11291,e326f919619dfb88508877586e312f4c,bf88ef1a27a7c08ac5123685d7229944,SO45624,3578,BK-R93R-52,1,3578,fc818380249389b9a3c3d3305d0d92a5
11292,070e7bb8852d69e16952038e5532904f,2b53375239b19c31e4947cc1033443c0,SO51230,10,BC-M005,1,10,e5cdc2e9be5ecca55f34ea2ebabb8670
11292,070e7bb8852d69e16952038e5532904f,2b53375239b19c31e4947cc1033443c0,SO51230,4590,BK-M68B-38,2,4590,e5cdc2e9be5ecca55f34ea2ebabb8670
11292,070e7bb8852d69e16952038e5532904f,2b53375239b19c31e4947cc1033443c0,SO51230,22,FE-6654,1,22,e5cdc2e9be5ecca55f34ea2ebabb8670
11292,070e7bb8852d69e16952038e5532904f,2b53375239b19c31e4947cc1033443c0,SO51230,5,WB-H098,1,5,e5cdc2e9be5ecca55f34ea2ebabb8670
11292,65e68a57e397cec5452983179d80edc2,13af0cd214494c6df4622847478d94fe,SO45695,3578,BK-R93R-44,1,3578,2e19cf4ec5f6b0d897c8d5b873a164e5
11293,3e48b2167bd86ef570e46d0b286c4f74,072bf847aeeee970f66483e596496cd9,SO53273,105,HL-U509,3,105,3e07f09fb2edbdf0bf6a54c17634514b
11293,3e48b2167bd86ef570e46d0b286c4f74,072bf847aeeee970f66483e596496cd9,SO53273,35,TI-M823,1,35,3e07f09fb2edbdf0bf6a54c17634514b
11293,3e48b2167bd86ef570e46d0b286c4f74,072bf847aeeee970f66483e596496cd9,SO53273,5,TT-M928,1,5,3e07f09fb2edbdf0bf6a54c17634514b
11293,6d338b8c41c717c4336ad0084a80dca4,9223b53f03a405f817e91392f0294f6a,SO54439,8,CL-9009,1,8,40e7dd73b09eac540e790daf6fac41af
11293,6d338b8c41c717c4336ad0084a80dca4,9223b53f03a405f817e91392f0294f6a,SO54439,2,PK-7098,1,2,40e7dd73b09eac540e790daf6fac41af
11294,0001ffe4d82d0d8f9fec5ab0b4faa2db,3dc63b2d6dcc8f0b6720b06b5439a0b1,SO67029,2,PK-7098,1,2,4004a117f65dfd3221a9cce8fce5a45f
11294,6583882ca853d66524856501b27519f5,1ba7e8cdf85da6cf5e11554703236b52,SO74335,35,TI-M823,1,35,d27974ca95fd620ac92cf95bf8c1d1f2
11294,6583882ca853d66524856501b27519f5,1ba7e8cdf85da6cf5e11554703236b52,SO74335,5,TT-M928,1,5,d27974ca95fd620ac92cf95bf8c1d1f2
11295,0990769bd233255d308a2f2137e95214,4b74d4eac4c3a33d22d34af93569c011,SO51380,4640,BK-M68S-38,2,4640,9bbc713be22755b8ea8e3b596e06edd2
11295,0990769bd233255d308a2f2137e95214,4b74d4eac4c3a33d22d34af93569c011,SO51380,120,RA-H123,1,120,9bbc713be22755b8ea8e3b596e06edd2
11295,0990769bd233255d308a2f2137e95214,4b74d4eac4c3a33d22d34af93569c011,SO51380,35,TI-M823,1,35,9bbc713be22755b8ea8e3b596e06edd2
11295,0990769bd233255d308a2f2137e95214,4b74d4eac4c3a33d22d34af93569c011,SO51380,5,TT-M928,1,5,9bbc713be22755b8ea8e3b596e06edd2
11295,e7445efc9c2e5f55aee8a2c2b02c9b7a,3ace441341c719dd401296ee5a591431,SO45759,3578,BK-R93R-52,1,3578,74cd52749cc4b84fea8b036cee2e0b9a
11296,5e9b4970006d8f02ba0bc1763fa8b9a6,b2e85aa5f9c095607e638c7e6e2c694b,SO51959,4590,BK-M68B-38,2,4590,ca510b577b53d588f80b4fc76030ea52
11296,5e9b4970006d8f02ba0bc1763fa8b9a6,b2e85aa5f9c095607e638c7e6e2c694b,SO51959,22,FE-6654,1,22,ca510b577b53d588f80b4fc76030ea52
11296,5e9b4970006d8f02ba0bc1763fa8b9a6,b2e85aa5f9c095607e638c7e6e2c694b,SO51959,2,PK-7098,1,2,ca510b577b53d588f80b4fc76030ea52
11296,b673025477c2a9a0524b27adc18ee543,2e2f00bd76bf684c963392e80aa33f5c,SO45603,3578,BK-R93R-48,1,3578,4aed0f4e82a51c3f853b8a3df8d808eb
11297,15699e35c72c4036c71409f3f3d69528,f5933feadc49c253e4f0e77b236946e9,SO53056,4590,BK-M68B-46,2,4590,deff8ad81a213d1110c1f409a7f40fcd
11297,15699e35c72c4036c71409f3f3d69528,f5933feadc49c253e4f0e77b236946e9,SO53056,105,HL-U509-B,3,105,deff8ad81a213d1110c1f409a7f40fcd
11297,15699e35c72c4036c71409f3f3d69528,f5933feadc49c253e4f0e77b236946e9,SO53056,35,TI-M823,1,35,deff8ad81a213d1110c1f409a7f40fcd
11297,15699e35c72c4036c71409f3f3d69528,f5933feadc49c253e4f0e77b236946e9,SO53056,5,TT-M928,1,5,deff8ad81a213d1110c1f409a7f40fcd
11297,46b4f921be4883580ee6326a1e99fcfc,97cd5e56c90f7c4d613dc94c51d72999,SO45766,3578,BK-R93R-48,1,3578,a8c7d5b3aff3fa32b632b239bd18e26f
11298,4f477db88196607e3dbfd0139d6028b5,f036f125fefcf3b1a561961fcdc80496,SO45668,3578,BK-R93R-48,1,3578,2707fbccd14f3db6d4c5aa0aeaa9d258
11298,9b98d27287b27eeee9ebc06e1d5a9a8d,0dc34ca2aaa8612cde077f1880b78b25,SO53122,10,BC-M005,1,10,18bea060239713ee5f865109f63f3a8a
11298,9b98d27287b27eeee9ebc06e1d5a9a8d,0dc34ca2aaa8612cde077f1880b78b25,SO53122,4640,BK-M68S-46,2,4640,18bea060239713ee5f865109f63f3a8a
11298,9b98d27287b27eeee9ebc06e1d5a9a8d,0dc34ca2aaa8612cde077f1880b78b25,SO53122,27,CA-1098,3,27,18bea060239713ee5f865109f63f3a8a
11298,9b98d27287b27eeee9ebc06e1d5a9a8d,0dc34ca2aaa8612cde077f1880b78b25,SO53122,5,WB-H098,1,5,18bea060239713ee5f865109f63f3a8a
11299,3e48b2167bd86ef570e46d0b286c4f74,072bf847aeeee970f66483e596496cd9,SO53281,4590,BK-M68B-38,2,4590,3e07f09fb2edbdf0bf6a54c17634514b
11299,3e48b2167bd86ef570e46d0b286c4f74,072bf847aeeee970f66483e596496cd9,SO53281,22,FE-6654,1,22,3e07f09fb2edbdf0bf6a54c17634514b
11299,3e48b2167bd86ef570e46d0b286c4f74,072bf847aeeee970f66483e596496cd9,SO53281,120,RA-H123,1,120,3e07f09fb2edbdf0bf6a54c17634514b
11299,46b4f921be4883580ee6326a1e99fcfc,97cd5e56c90f7c4d613dc94c51d72999,SO45767,3578,BK-R93R-62,1,3578,a8c7d5b3aff3fa32b632b239bd18e26f
11300,058af5b2a408d57b708367e5bf4e9d9c,e82ca4c6beebe812f10fa1041b97a160,SO66785,4,TT-R982,1,4,c507827aa5f4f6bbedf64058461c621b
11300,1685ca8ff12ea83725a1c35e1d89c5cd,15699e35c72c4036c71409f3f3d69528,SO53835,55,HY-1023-70,1,55,6d44506d59926d8d13d35f75d97f2a64
11300,1685ca8ff12ea83725a1c35e1d89c5cd,15699e35c72c4036c71409f3f3d69528,SO53835,33,TI-R982,1,33,6d44506d59926d8d13d35f75d97f2a64
11300,1685ca8ff12ea83725a1c35e1d89c5cd,15699e35c72c4036c71409f3f3d69528,SO53835,4,TT-R982,1,4,6d44506d59926d8d13d35f75d97f2a64
11300,1f50dad3f1493a5cf408c4eb3987479e,226d694fb4b7f71d62444f9528be8704,SO54662,8,CL-9009,1,8,9c56075241a26f6fa77eb86b15411c6e
11300,1faee5670542865e021595151379fe5c,e5114f65ece65e14e7b721dab1e674e0,SO69740,55,HY-1023-70,1,55,83d1ed00595e79ee5ea3797e97970fe8
11300,1faee5670542865e021595151379fe5c,e5114f65ece65e14e7b721dab1e674e0,SO69740,29,TI-T723,1,29,83d1ed00595e79ee5ea3797e97970fe8
11300,1faee5670542865e021595151379fe5c,e5114f65ece65e14e7b721dab1e674e0,SO69740,5,TT-T092,1,5,83d1ed00595e79ee5ea3797e97970fe8
11300,23bd9a9b90557e9da7babfb8e3d2df22,b210069485754303767745919c328b97,SO63770,2,PK-7098,1,2,a946e75bc65318721cd1e01162d392dd
11300,23bd9a9b90557e9da7babfb8e3d2df22,b210069485754303767745919c328b97,SO63771,48,GL-H102-S,2,48,a946e75bc65318721cd1e01162d392dd
11300,23bd9a9b90557e9da7babfb8e3d2df22,b210069485754303767745919c328b97,SO63771,4,TT-R982,1,4,a946e75bc65318721cd1e01162d392dd
11300,244cede513841376c37dc856f2f5e7b9,5e1b952a22eccca86f7f056a9efb42a4,SO58365,48,GL-H102-M,2,48,debbb2493c6588799fc787e1854bcda5
11300,244cede513841376c37dc856f2f5e7b9,5e1b952a22eccca86f7f056a9efb42a4,SO58365,105,HL-U509-B,3,105,debbb2493c6588799fc787e1854bcda5
11300,244cede513841376c37dc856f2f5e7b9,5e1b952a22eccca86f7f056a9efb42a4,SO58365,25,TI-R628,1,25,debbb2493c6588799fc787e1854bcda5
11300,244cede513841376c37dc856f2f5e7b9,5e1b952a22eccca86f7f056a9efb42a4,SO58365,4,TT-R982,1,4,debbb2493c6588799fc787e1854bcda5
11300,244cede513841376c37dc856f2f5e7b9,5e1b952a22eccca86f7f056a9efb42a4,SO58370,2,PK-7098,1,2,debbb2493c6588799fc787e1854bcda5
11300,244cede513841376c37dc856f2f5e7b9,5e1b952a22eccca86f7f056a9efb42a4,SO58370,33,TI-R982,1,33,debbb2493c6588799fc787e1854bcda5
11300,244cede513841376c37dc856f2f5e7b9,5e1b952a22eccca86f7f056a9efb42a4,SO58370,4,TT-R982,1,4,debbb2493c6588799fc787e1854bcda5
11300,43e2cc7ff261723f93f64f3f7e9faa8d,a6f2945baeceeef4c8d541a22f6e99e9,SO73437,10,BC-M005,1,10,88077cf01a3e17831c2d0bcca5897c5b
11300,43e2cc7ff261723f93f64f3f7e9faa8d,a6f2945baeceeef4c8d541a22f6e99e9,SO73437,54,SJ-0194-M,1,54,88077cf01a3e17831c2d0bcca5897c5b
11300,43e2cc7ff261723f93f64f3f7e9faa8d,a6f2945baeceeef4c8d541a22f6e99e9,SO73437,25,TI-M267,1,25,88077cf01a3e17831c2d0bcca5897c5b
11300,43e2cc7ff261723f93f64f3f7e9faa8d,a6f2945baeceeef4c8d541a22f6e99e9,SO73437,5,TT-M928,1,5,88077cf01a3e17831c2d0bcca5897c5b
11300,43e2cc7ff261723f93f64f3f7e9faa8d,a6f2945baeceeef4c8d541a22f6e99e9,SO73437,5,WB-H098,1,5,88077cf01a3e17831c2d0bcca5897c5b
11300,47a161474962a6dcc03cfa64127a641f,8920fd63645007b243abb750709b1172,SO73197,8,CL-9009,1,8,c5ed53572c667b119dde2fc0f54de602
11300,47a161474962a6dcc03cfa64127a641f,8920fd63645007b243abb750709b1172,SO73197,29,TI-T723,1,29,c5ed53572c667b119dde2fc0f54de602
11300,47a161474962a6dcc03cfa64127a641f,8920fd63645007b243abb750709b1172,SO73197,5,TT-T092,1,5,c5ed53572c667b119dde2fc0f54de602
11300,49fce086a31f1cfcf16b54e462f7cbc0,99c8f306659fd98cbb9d7f03ec0c2a7a,SO70767,48,GL-H102-L,2,48,e84848120190a8d0e696fbeb15647a74
11300,49fce086a31f1cfcf16b54e462f7cbc0,99c8f306659fd98cbb9d7f03ec0c2a7a,SO70767,105,HL-U509-R,3,105,e84848120190a8d0e696fbeb15647a74
11300,58f0b42da53adeeccbfa693883fea672,8c9ec1be720ee75d56d0c250d10610fa,SO64397,2,PK-7098,1,2,d4746e41b619da57ee9f1a2e2cc254e8
11300,58f0b42da53adeeccbfa693883fea672,8c9ec1be720ee75d56d0c250d10610fa,SO64397,33,TI-R982,1,33,d4746e41b619da57ee9f1a2e2cc254e8
11300,58f0b42da53adeeccbfa693883fea672,8c9ec1be720ee75d56d0c250d10610fa,SO64397,4,TT-R982,1,4,d4746e41b619da57ee9f1a2e2cc254e8
11300,58f0b42da53adeeccbfa693883fea672,8c9ec1be720ee75d56d0c250d10610fa,SO64417,10,BC-M005,1,10,d4746e41b619da57ee9f1a2e2cc254e8
11300,58f0b42da53adeeccbfa693883fea672,8c9ec1be720ee75d56d0c250d10610fa,SO64417,55,HY-1023-70,1,55,d4746e41b619da57ee9f1a2e2cc254e8
11300,58f0b42da53adeeccbfa693883fea672,8c9ec1be720ee75d56d0c250d10610fa,SO64417,35,TI-M823,1,35,d4746e41b619da57ee9f1a2e2cc254e8
11300,58f0b42da53adeeccbfa693883fea672,8c9ec1be720ee75d56d0c250d10610fa,SO64417,5,TT-M928,1,5,d4746e41b619da57ee9f1a2e2cc254e8
11300,58f0b42da53adeeccbfa693883fea672,8c9ec1be720ee75d56d0c250d10610fa,SO64417,5,WB-H098,1,5,d4746e41b619da57ee9f1a2e2cc254e8
11300,6ef7b4bb93d4e54234cf965ed2334682,ccf89c691dabb1412404274596922d90,SO65975,54,SJ-0194-S,1,54,93ddc10d6cf61153011df052aa76671f
11300,6ef7b4bb93d4e54234cf965ed2334682,ccf89c691dabb1412404274596922d90,SO65975,5,WB-H098,1,5,93ddc10d6cf61153011df052aa76671f
11300,72e75576254db1afef14ecdc050391c2,20b851db79828c985958154243411278,SO52083,2,PK-7098,1,2,0b80ce5eab877cae9997209e0bee6e60
11300,72e75576254db1afef14ecdc050391c2,20b851db79828c985958154243411278,SO52083,30,TI-M602,1,30,0b80ce5eab877cae9997209e0bee6e60
11300,7acd252f45ad6fe668386456a673d543,0120f4004ede1143c3be6caa4227affe,SO67164,10,BC-M005,1,10,b322422d9a721bbdefa133133dd407c1
11300,7acd252f45ad6fe668386456a673d543,0120f4004ede1143c3be6caa4227affe,SO67164,2,PK-7098,1,2,b322422d9a721bbdefa133133dd407c1
11300,7acd252f45ad6fe668386456a673d543,0120f4004ede1143c3be6caa4227affe,SO67164,5,WB-H098,1,5,b322422d9a721bbdefa133133dd407c1
11300,81a5d08c6beaeec9e42baae5d63dd780,95103530881768b5cfc7e33970db9cd7,SO63307,25,TI-M267,1,25,b210069485754303767745919c328b97
11300,81a5d08c6beaeec9e42baae5d63dd780,95103530881768b5cfc7e33970db9cd7,SO63307,5,TT-M928,1,5,b210069485754303767745919c328b97
11300,830e779850b1d58733a7ad711bf6b83f,39fe373cdcb4534addde73890415b660,SO56487,105,HL-U509-B,3,105,427ed6396fba4ed8ead9ec3229517d2b
11300,83d1ed00595e79ee5ea3797e97970fe8,fe1fd19c021e78ec395980c2e347865e,SO69182,2,PK-7098,1,2,705fa39ab40831529471c768490339ab
11300,83d1ed00595e79ee5ea3797e97970fe8,fe1fd19c021e78ec395980c2e347865e,SO69182,159,ST-1401,1,159,705fa39ab40831529471c768490339ab
11300,83d1ed00595e79ee5ea3797e97970fe8,fe1fd19c021e78ec395980c2e347865e,SO69182,5,TT-T092,1,5,705fa39ab40831529471c768490339ab
11300,870bd4f3713260418e4f342f31dc7e33,94c60e0b5e2b0f78b919a5d4c67d70a2,SO62876,105,HL-U509-B,3,105,2fe1a028f9398deb2efcd536c8246fae
11300,870bd4f3713260418e4f342f31dc7e33,94c60e0b5e2b0f78b919a5d4c67d70a2,SO62896,10,BC-M005,1,10,2fe1a028f9398deb2efcd536c8246fae
11300,870bd4f3713260418e4f342f31dc7e33,94c60e0b5e2b0f78b919a5d4c67d70a2,SO62896,25,TI-M267,1,25,2fe1a028f9398deb2efcd536c8246fae
11300,870bd4f3713260418e4f342f31dc7e33,94c60e0b5e2b0f78b919a5d4c67d70a2,SO62896,5,TT-M928,1,5,2fe1a028f9398deb2efcd536c8246fae
11300,870bd4f3713260418e4f342f31dc7e33,94c60e0b5e2b0f78b919a5d4c67d70a2,SO62896,64,VE-C304-S,1,64,2fe1a028f9398deb2efcd536c8246fae
11300,870bd4f3713260418e4f342f31dc7e33,94c60e0b5e2b0f78b919a5d4c67d70a2,SO62896,5,WB-H098,1,5,2fe1a028f9398deb2efcd536c8246fae
11300,8b9fe4b34e3c54f08bfcac3d9691e260,a946e75bc65318721cd1e01162d392dd,SO64195,21,TI-R092,1,21,f75e5f8c15ca91ec5c869dc3881f574f
11300,9c56075241a26f6fa77eb86b15411c6e,9444f850ff0c10a862b4a6a9c4ab0a74,SO54388,150,LJ-0192-X,3,150,ab2e81a99745ffff6c06e2be93290d1b
11300,9c56075241a26f6fa77eb86b15411c6e,9444f850ff0c10a862b4a6a9c4ab0a74,SO54388,25,TI-R628,1,25,ab2e81a99745ffff6c06e2be93290d1b
11300,a1e59736d286765313b8212467dc64b2,43e2cc7ff261723f93f64f3f7e9faa8d,SO74226,55,HY-1023-70,1,55,ca5b8307fa5f2189fb98330a9d65927c
11300,a1e59736d286765313b8212467dc64b2,43e2cc7ff261723f93f64f3f7e9faa8d,SO74226,150,LJ-0192-S,3,150,ca5b8307fa5f2189fb98330a9d65927c
11300,a1e59736d286765313b8212467dc64b2,43e2cc7ff261723f93f64f3f7e9faa8d,SO74226,5,TT-T092,1,5,ca5b8307fa5f2189fb98330a9d65927c
11300,cfceb7490eff6e660974507be7c579c6,01eb8a9956865747637639482336f5f8,SO52035,27,CA-1098,3,27,e5bf4a4a03e320ed76cf2ca68fa5b4c0
11300,cfceb7490eff6e660974507be7c579c6,01eb8a9956865747637639482336f5f8,SO52035,33,TI-R982,1,33,e5bf4a4a03e320ed76cf2ca68fa5b4c0
11300,f108e0cd2f96a0c22086f9d45ee08f19,ad0b7f5ad35732646f1e5f67418d5995,SO60130,27,CA-1098,3,27,7983129d9883ebc3b9dce3311996b001
11300,f8025d3776b5f7522a6120cb4e9e0783,2d6e054ac82934d489c58cc8399a1628,SO61611,105,HL-U509,3,105,d945ec2aae74dbfb829453026b91c235
11300,f8025d3776b5f7522a6120cb4e9e0783,2d6e054ac82934d489c58cc8399a1628,SO61611,21,TI-R092,1,21,d945ec2aae74dbfb829453026b91c235
11300,f8025d3776b5f7522a6120cb4e9e0783,2d6e054ac82934d489c58cc8399a1628,SO61611,4,TT-R982,1,4,d945ec2aae74dbfb829453026b91c235
11301,7983129d9883ebc3b9dce3311996b001,0df76889b3e31ccfd17b50cc73baef03,SO59769,2,PK-7098,1,2,7254e54716fe52361e62aa16ea2e0797
11301,ca38f30e56a72f4d0c8d2264322c5862,de5009f9bf3e9725d2381f4a5e913111,SO68184,105,HL-U509,3,105,7e15f50bd26e439e6a22f5205a8064db
11301,ca38f30e56a72f4d0c8d2264322c5862,de5009f9bf3e9725d2381f4a5e913111,SO68184,54,SJ-0194-S,1,54,7e15f50bd26e439e6a22f5205a8064db
11301,ca38f30e56a72f4d0c8d2264322c5862,de5009f9bf3e9725d2381f4a5e913111,SO68184,35,TI-M823,1,35,7e15f50bd26e439e6a22f5205a8064db
11301,ca38f30e56a72f4d0c8d2264322c5862,de5009f9bf3e9725d2381f4a5e913111,SO68184,5,TT-M928,1,5,7e15f50bd26e439e6a22f5205a8064db
11302,78339826b5905c235d846a82cce76116,ddb42f46f96f9e6cff404ed309f79051,SO45636,3578,BK-R93R-44,1,3578,b673025477c2a9a0524b27adc18ee543
11302,9f79f7706bc6a7654ef0b8977966f69a,e2f7ff887646789ea003d03bc2025325,SO52147,4590,BK-M68B-46,2,4590,361e2c62255e0c1887ac2139911ca300
11302,9f79f7706bc6a7654ef0b8977966f69a,e2f7ff887646789ea003d03bc2025325,SO52147,8,CL-9009,1,8,361e2c62255e0c1887ac2139911ca300
11302,9f79f7706bc6a7654ef0b8977966f69a,e2f7ff887646789ea003d03bc2025325,SO52147,22,FE-6654,1,22,361e2c62255e0c1887ac2139911ca300
11302,9f79f7706bc6a7654ef0b8977966f69a,e2f7ff887646789ea003d03bc2025325,SO52147,35,TI-M823,1,35,361e2c62255e0c1887ac2139911ca300
11303,01fa6f8199200216ae5fb86e25570605,528a71a866e16a51a12c928f3867fc40,SO45610,3578,BK-R93R-62,1,3578,18f7c9bb65478213b7dcd26262dde1a0
11303,714597fe9448176d17876617114a65bc,d6ec5bff1a0809822c740ce35792fa7a,SO53235,4590,BK-M68B-42,2,4590,3143ce3c6436ed5bd25398756b7b661d
11303,714597fe9448176d17876617114a65bc,d6ec5bff1a0809822c740ce35792fa7a,SO53235,2,PK-7098,1,2,3143ce3c6436ed5bd25398756b7b661d
11304,5a06908cc28b799b04fc1c47664462e6,da9c4ba6c9a1ae8725389bfd38b5763a,SO54754,8,CL-9009,1,8,6d338b8c41c717c4336ad0084a80dca4
11304,5a06908cc28b799b04fc1c47664462e6,da9c4ba6c9a1ae8725389bfd38b5763a,SO54754,22,FE-6654,1,22,6d338b8c41c717c4336ad0084a80dca4
11304,5a06908cc28b799b04fc1c47664462e6,da9c4ba6c9a1ae8725389bfd38b5763a,SO54754,55,HY-1023-70,1,55,6d338b8c41c717c4336ad0084a80dca4
11304,5a06908cc28b799b04fc1c47664462e6,da9c4ba6c9a1ae8725389bfd38b5763a,SO54754,35,TI-M823,1,35,6d338b8c41c717c4336ad0084a80dca4
11304,eba5233d2dd8ea5031e646882335ece0,629ffff971d10f275a79a70fae527fbc,SO56609,2,PK-7098,1,2,b988e88fd94a3b47434beeb650cff880
11305,03bf7d2a8718ee9aca4bd2f37e962fc4,290499d9b8e65db426ba9b842714eb6d,SO63588,105,HL-U509,3,105,7130adfd843cdcb6d0bcd9d13792693a
11305,03bf7d2a8718ee9aca4bd2f37e962fc4,290499d9b8e65db426ba9b842714eb6d,SO63588,35,TI-M823,1,35,7130adfd843cdcb6d0bcd9d13792693a
11305,03bf7d2a8718ee9aca4bd2f37e962fc4,290499d9b8e65db426ba9b842714eb6d,SO63588,5,TT-M928,1,5,7130adfd843cdcb6d0bcd9d13792693a
11305,7b0730955172ecda497d7cca6b1d87a1,d3c54b4368c62c2ff11535bf2b677170,SO54988,2,PK-7098,1,2,5a06908cc28b799b04fc1c47664462e6
11306,3a2f313512bb520c43971e54ba834dec,a1fedb8f5f2e08543339a5f167bee6b7,SO65922,35,TI-M823,1,35,e2f0a420a4c1a9e8e292761f835e0489
11306,3a2f313512bb520c43971e54ba834dec,a1fedb8f5f2e08543339a5f167bee6b7,SO65922,5,TT-M928,1,5,e2f0a420a4c1a9e8e292761f835e0489
11306,4cc27df81afd686c0420394e090460cb,39ff8ac1e8a44088f96e17b846ec8baf,SO61282,2,PK-7098,1,2,6477c205c5117a9448ba863e111acf32
11307,e326f919619dfb88508877586e312f4c,bf88ef1a27a7c08ac5123685d7229944,SO45625,3578,BK-R93R-56,1,3578,fc818380249389b9a3c3d3305d0d92a5
11307,f5933feadc49c253e4f0e77b236946e9,0b80ce5eab877cae9997209e0bee6e60,SO52452,4640,BK-M68S-42,2,4640,b8cc77f0099ae7d3a20b9f0b74d70b12
11307,f5933feadc49c253e4f0e77b236946e9,0b80ce5eab877cae9997209e0bee6e60,SO52452,22,FE-6654,1,22,b8cc77f0099ae7d3a20b9f0b74d70b12
11307,f5933feadc49c253e4f0e77b236946e9,0b80ce5eab877cae9997209e0bee6e60,SO52452,105,HL-U509-R,3,105,b8cc77f0099ae7d3a20b9f0b74d70b12
11307,f5933feadc49c253e4f0e77b236946e9,0b80ce5eab877cae9997209e0bee6e60,SO52452,9,SO-R809-M,1,9,b8cc77f0099ae7d3a20b9f0b74d70b12
11308,01e8942a5792053a553c4612bd6c06a6,6583882ca853d66524856501b27519f5,SO74695,2,PK-7098,1,2,722dc621a1a56555843f574144bfcdf0
11308,3a2f313512bb520c43971e54ba834dec,a1fedb8f5f2e08543339a5f167bee6b7,SO65923,22,FE-6654,1,22,e2f0a420a4c1a9e8e292761f835e0489
11308,3a2f313512bb520c43971e54ba834dec,a1fedb8f5f2e08543339a5f167bee6b7,SO65923,105,HL-U509-R,3,105,e2f0a420a4c1a9e8e292761f835e0489
11308,3a2f313512bb520c43971e54ba834dec,a1fedb8f5f2e08543339a5f167bee6b7,SO65923,35,TI-M823,1,35,e2f0a420a4c1a9e8e292761f835e0489
11309,922d04aa1f67bbe0270bfad98508f43e,0383d48e76cd8a3dfb9e2a890f2cac18,SO61830,35,TI-M823,1,35,76918877cf6ce7011018cd9708723392
11309,922d04aa1f67bbe0270bfad98508f43e,0383d48e76cd8a3dfb9e2a890f2cac18,SO61830,5,TT-M928,1,5,76918877cf6ce7011018cd9708723392
11309,d612b5fb3f6011688fb0c9927693365a,3e107cd1554225ea3056ed5010adce90,SO74376,2,PK-7098,1,2,a1e59736d286765313b8212467dc64b2
11310,3e107cd1554225ea3056ed5010adce90,aa14ddbc43aa2d3be1e6ac019bb7b5bc,SO73833,105,HL-U509-R,3,105,43e2cc7ff261723f93f64f3f7e9faa8d
11310,3e107cd1554225ea3056ed5010adce90,aa14ddbc43aa2d3be1e6ac019bb7b5bc,SO73833,35,TI-M823,1,35,43e2cc7ff261723f93f64f3f7e9faa8d
11310,3e107cd1554225ea3056ed5010adce90,aa14ddbc43aa2d3be1e6ac019bb7b5bc,SO73833,5,TT-M928,1,5,43e2cc7ff261723f93f64f3f7e9faa8d
11310,d4746e41b619da57ee9f1a2e2cc254e8,81a5d08c6beaeec9e42baae5d63dd780,SO64074,2,PK-7098,1,2,23bd9a9b90557e9da7babfb8e3d2df22
11311,3dc63b2d6dcc8f0b6720b06b5439a0b1,8d1d4829b2e801ba4e41ba48f5a549d4,SO66273,2,PK-7098,1,2,6ef7b4bb93d4e54234cf965ed2334682
11311,fda052162862bb845297063fd71a580c,1678083e7ff90bd404baad3f60bffa37,SO56415,105,HL-U509-B,3,105,a2c49941411089cb2a9cbf78cb803c26
11311,fda052162862bb845297063fd71a580c,1678083e7ff90bd404baad3f60bffa37,SO56415,35,TI-M823,1,35,a2c49941411089cb2a9cbf78cb803c26
11311,fda052162862bb845297063fd71a580c,1678083e7ff90bd404baad3f60bffa37,SO56415,5,TT-M928,1,5,a2c49941411089cb2a9cbf78cb803c26
11312,07b31bae17c7890b17d79a654aa230cf,a976f17830aceaaa93d5daef0bc209a3,SO58143,2,PK-7098,1,2,ef5bad66aa19ccfb82cacb73584b83ea
11312,ad0b7f5ad35732646f1e5f67418d5995,244cede513841376c37dc856f2f5e7b9,SO59318,35,TI-M823,1,35,0df76889b3e31ccfd17b50cc73baef03
11312,ad0b7f5ad35732646f1e5f67418d5995,244cede513841376c37dc856f2f5e7b9,SO59318,5,TT-M928,1,5,0df76889b3e31ccfd17b50cc73baef03
11313,485ae69515bc4c60ef546ff289741f60,40ff348468b73116a7077c246985e0bf,SO57620,2,PK-7098,1,2,375bde15092f45652b6398c1dff650d0
11313,485ae69515bc4c60ef546ff289741f60,40ff348468b73116a7077c246985e0bf,SO57620,35,TI-M823,1,35,375bde15092f45652b6398c1dff650d0
11313,485ae69515bc4c60ef546ff289741f60,40ff348468b73116a7077c246985e0bf,SO57620,5,TT-M928,1,5,375bde15092f45652b6398c1dff650d0
11313,c4c454d69a39e60a6f5cf2f97148adad,49fce086a31f1cfcf16b54e462f7cbc0,SO71574,2,PK-7098,1,2,31c99d724c1f182c60edb82eb4740277
11314,545a3d56d20b22e09aa85bfa5ed8738d,31c99d724c1f182c60edb82eb4740277,SO72199,8,CL-9009,1,8,a9cd7a99d71cca9cb644010050374ade
11314,545a3d56d20b22e09aa85bfa5ed8738d,31c99d724c1f182c60edb82eb4740277,SO72199,2,PK-7098,1,2,a9cd7a99d71cca9cb644010050374ade
11314,76e3c19dbb0dadc4c6dc771d856e4676,ad4fbe0c82c7e5968d4cf22c2ad19e28,SO53326,2,PK-7098,1,2,15699e35c72c4036c71409f3f3d69528
11314,76e3c19dbb0dadc4c6dc771d856e4676,ad4fbe0c82c7e5968d4cf22c2ad19e28,SO53326,35,TI-M823,1,35,15699e35c72c4036c71409f3f3d69528
11315,174acf6ca4e9804d47a59a499422e621,5abaefcc8525a8f4cfd95cba9e926532,SO58320,35,TI-M823,1,35,eba6cab7267f82e3b2a063d5ea445bb9
11315,174acf6ca4e9804d47a59a499422e621,5abaefcc8525a8f4cfd95cba9e926532,SO58320,5,TT-M928,1,5,eba6cab7267f82e3b2a063d5ea445bb9
11315,4c6ed4daa82e7326b84c24f4c2ae7064,b2ce0ef2540789e8a6976165b6c917d8,SO73273,2,PK-7098,1,2,aa14ddbc43aa2d3be1e6ac019bb7b5bc
11316,88f50aa0771fa4f938f7b54792e066c8,070e7bb8852d69e16952038e5532904f,SO51429,4590,BK-M68B-42,2,4590,e8c0bfc4371d81db0dacde1b8fa393ca
11316,88f50aa0771fa4f938f7b54792e066c8,070e7bb8852d69e16952038e5532904f,SO51429,55,HY-1023-70,1,55,e8c0bfc4371d81db0dacde1b8fa393ca
11317,3143ce3c6436ed5bd25398756b7b661d,6be9692276a308e4b872323af1ad8fe2,SO52956,4590,BK-M68B-38,2,4590,ad4fbe0c82c7e5968d4cf22c2ad19e28
11317,b673025477c2a9a0524b27adc18ee543,2e2f00bd76bf684c963392e80aa33f5c,SO45604,3578,BK-R93R-56,1,3578,4aed0f4e82a51c3f853b8a3df8d808eb
11318,66e56e10b0f528b66a45e307ecdf4774,691ad1b0dca3643b923973defd014d47,SO68588,2,PK-7098,1,2,8eb7a1b0dba9fdd5f4248b9cb6b9119b
11318,66e56e10b0f528b66a45e307ecdf4774,691ad1b0dca3643b923973defd014d47,SO68588,35,TI-M823,1,35,8eb7a1b0dba9fdd5f4248b9cb6b9119b
11318,66e56e10b0f528b66a45e307ecdf4774,691ad1b0dca3643b923973defd014d47,SO68588,5,TT-M928,1,5,8eb7a1b0dba9fdd5f4248b9cb6b9119b
11318,e0cd1349b4c6e1b5f14ed427e358c2d0,f06fd077b6afc2d69af6e1e548da266d,SO70325,2,PK-7098,1,2,b95a9f47dd73bb9b799a31ae04ee7da1
11319,350462f2d0124beb0d7adf60dd79a8b8,18f7c9bb65478213b7dcd26262dde1a0,SO45649,3578,BK-R93R-62,1,3578,e326f919619dfb88508877586e312f4c
11319,3e48b2167bd86ef570e46d0b286c4f74,072bf847aeeee970f66483e596496cd9,SO53282,4590,BK-M68B-46,2,4590,3e07f09fb2edbdf0bf6a54c17634514b
11319,3e48b2167bd86ef570e46d0b286c4f74,072bf847aeeee970f66483e596496cd9,SO53282,22,FE-6654,1,22,3e07f09fb2edbdf0bf6a54c17634514b
11319,3e48b2167bd86ef570e46d0b286c4f74,072bf847aeeee970f66483e596496cd9,SO53282,105,HL-U509,3,105,3e07f09fb2edbdf0bf6a54c17634514b
11320,c87874400b9f907bdf9ea37d75a4b341,23bd9a9b90557e9da7babfb8e3d2df22,SO64578,8,CL-9009,1,8,8b9fe4b34e3c54f08bfcac3d9691e260
11320,c87874400b9f907bdf9ea37d75a4b341,23bd9a9b90557e9da7babfb8e3d2df22,SO64578,22,FE-6654,1,22,8b9fe4b34e3c54f08bfcac3d9691e260
11320,c87874400b9f907bdf9ea37d75a4b341,23bd9a9b90557e9da7babfb8e3d2df22,SO64578,35,TI-M823,1,35,8b9fe4b34e3c54f08bfcac3d9691e260
11320,c87874400b9f907bdf9ea37d75a4b341,23bd9a9b90557e9da7babfb8e3d2df22,SO64578,5,TT-M928,1,5,8b9fe4b34e3c54f08bfcac3d9691e260
11320,d6fb379288416774d139632beb88e26b,3ebfce6ccd7540a632ae7e6ad8100c29,SO60197,2,PK-7098,1,2,412998e77ee121227580e3d363f75fa2
11321,0df76889b3e31ccfd17b50cc73baef03,debbb2493c6588799fc787e1854bcda5,SO58808,35,TI-M823,1,35,6eaadc1181f307997dc853d9ed40db36
11321,714597fe9448176d17876617114a65bc,d6ec5bff1a0809822c740ce35792fa7a,SO53198,2,PK-7098,1,2,3143ce3c6436ed5bd25398756b7b661d
11322,244cede513841376c37dc856f2f5e7b9,5e1b952a22eccca86f7f056a9efb42a4,SO58363,2,PK-7098,1,2,debbb2493c6588799fc787e1854bcda5
11322,3c4bf68562424c26986beae6ce13704a,dba3e44e23a1d2c2f299811e94db7fce,SO54961,2,PK-7098,1,2,1f50dad3f1493a5cf408c4eb3987479e
11322,3c4bf68562424c26986beae6ce13704a,dba3e44e23a1d2c2f299811e94db7fce,SO54961,35,TI-M823,1,35,1f50dad3f1493a5cf408c4eb3987479e
11322,3c4bf68562424c26986beae6ce13704a,dba3e44e23a1d2c2f299811e94db7fce,SO54961,5,TT-M928,1,5,1f50dad3f1493a5cf408c4eb3987479e
11323,2e19cf4ec5f6b0d897c8d5b873a164e5,2161780b6db40411111a69f18a2056bd,SO45655,3578,BK-R93R-48,1,3578,b072685f839bf660f163321d570bd4df
11323,db2b287636ac5ebda430de4f3f643b24,7af7abc5e37d5fa2e2334b4fec2584e2,SO52010,4590,BK-M68B-46,2,4590,bee2b842cd357511cf4c8e509f5af192
11323,db2b287636ac5ebda430de4f3f643b24,7af7abc5e37d5fa2e2334b4fec2584e2,SO52010,2,PK-7098,1,2,bee2b842cd357511cf4c8e509f5af192
11323,db2b287636ac5ebda430de4f3f643b24,7af7abc5e37d5fa2e2334b4fec2584e2,SO52010,159,ST-1401,1,159,bee2b842cd357511cf4c8e509f5af192
11323,db2b287636ac5ebda430de4f3f643b24,7af7abc5e37d5fa2e2334b4fec2584e2,SO52010,35,TI-M823,1,35,bee2b842cd357511cf4c8e509f5af192
11323,db2b287636ac5ebda430de4f3f643b24,7af7abc5e37d5fa2e2334b4fec2584e2,SO52010,5,TT-M928,1,5,bee2b842cd357511cf4c8e509f5af192
11324,46b4f921be4883580ee6326a1e99fcfc,97cd5e56c90f7c4d613dc94c51d72999,SO45768,3578,BK-R93R-62,1,3578,a8c7d5b3aff3fa32b632b239bd18e26f
11324,f799d104dd23bb828dcdaaefc4d25b61,ca510b577b53d588f80b4fc76030ea52,SO52319,4590,BK-M68B-42,2,4590,cfceb7490eff6e660974507be7c579c6
11324,f799d104dd23bb828dcdaaefc4d25b61,ca510b577b53d588f80b4fc76030ea52,SO52319,22,FE-6654,1,22,cfceb7490eff6e660974507be7c579c6
11324,f799d104dd23bb828dcdaaefc4d25b61,ca510b577b53d588f80b4fc76030ea52,SO52319,150,LJ-0192-X,3,150,cfceb7490eff6e660974507be7c579c6
11325,1b30ec3bcb718d69a0b3a02c36113181,2707fbccd14f3db6d4c5aa0aeaa9d258,SO45717,3578,BK-R93R-62,1,3578,97cd5e56c90f7c4d613dc94c51d72999
11325,cfceb7490eff6e660974507be7c579c6,01eb8a9956865747637639482336f5f8,SO52058,10,BC-M005,1,10,e5bf4a4a03e320ed76cf2ca68fa5b4c0
11325,cfceb7490eff6e660974507be7c579c6,01eb8a9956865747637639482336f5f8,SO52058,4640,BK-M68S-46,2,4640,e5bf4a4a03e320ed76cf2ca68fa5b4c0
11325,cfceb7490eff6e660974507be7c579c6,01eb8a9956865747637639482336f5f8,SO52058,22,FE-6654,1,22,e5bf4a4a03e320ed76cf2ca68fa5b4c0
11325,cfceb7490eff6e660974507be7c579c6,01eb8a9956865747637639482336f5f8,SO52058,55,HY-1023-70,1,55,e5bf4a4a03e320ed76cf2ca68fa5b4c0
11325,cfceb7490eff6e660974507be7c579c6,01eb8a9956865747637639482336f5f8,SO52058,54,SJ-0194-M,1,54,e5bf4a4a03e320ed76cf2ca68fa5b4c0
11325,cfceb7490eff6e660974507be7c579c6,01eb8a9956865747637639482336f5f8,SO52058,5,WB-H098,1,5,e5bf4a4a03e320ed76cf2ca68fa5b4c0
11326,15699e35c72c4036c71409f3f3d69528,f5933feadc49c253e4f0e77b236946e9,SO53055,4590,BK-M68B-46,2,4590,deff8ad81a213d1110c1f409a7f40fcd
11326,15699e35c72c4036c71409f3f3d69528,f5933feadc49c253e4f0e77b236946e9,SO53055,105,HL-U509-R,3,105,deff8ad81a213d1110c1f409a7f40fcd
11326,15699e35c72c4036c71409f3f3d69528,f5933feadc49c253e4f0e77b236946e9,SO53055,35,TI-M823,1,35,deff8ad81a213d1110c1f409a7f40fcd
11326,15699e35c72c4036c71409f3f3d69528,f5933feadc49c253e4f0e77b236946e9,SO53055,5,TT-M928,1,5,deff8ad81a213d1110c1f409a7f40fcd
11326,65e68a57e397cec5452983179d80edc2,13af0cd214494c6df4622847478d94fe,SO45696,3578,BK-R93R-56,1,3578,2e19cf4ec5f6b0d897c8d5b873a164e5
11327,46b4f921be4883580ee6326a1e99fcfc,97cd5e56c90f7c4d613dc94c51d72999,SO45769,3578,BK-R93R-56,1,3578,a8c7d5b3aff3fa32b632b239bd18e26f
11327,72e75576254db1afef14ecdc050391c2,20b851db79828c985958154243411278,SO52104,4590,BK-M68B-38,2,4590,0b80ce5eab877cae9997209e0bee6e60
11327,72e75576254db1afef14ecdc050391c2,20b851db79828c985958154243411278,SO52104,2,PK-7098,1,2,0b80ce5eab877cae9997209e0bee6e60
11327,72e75576254db1afef14ecdc050391c2,20b851db79828c985958154243411278,SO52104,35,TI-M823,1,35,0b80ce5eab877cae9997209e0bee6e60
11327,72e75576254db1afef14ecdc050391c2,20b851db79828c985958154243411278,SO52104,5,TT-M928,1,5,0b80ce5eab877cae9997209e0bee6e60
11328,3500da16b6d3d0da611bc08c2b1e1c05,5f827524a01a15af1043fdb581ce224b,SO51310,4640,BK-M68S-38,2,4640,070e7bb8852d69e16952038e5532904f
11328,a9cefc49af6424b430612adfc69876ee,d34ba8f5d7fd7d5959a34c283fbec422,SO55863,9,BC-R205,1,9,59c3d64cb01cd5ad7fd25246d81a55ff
11328,a9cefc49af6424b430612adfc69876ee,d34ba8f5d7fd7d5959a34c283fbec422,SO55863,2384,BK-T79Y-54,1,2384,59c3d64cb01cd5ad7fd25246d81a55ff
11328,a9cefc49af6424b430612adfc69876ee,d34ba8f5d7fd7d5959a34c283fbec422,SO55863,5,WB-H098,1,5,59c3d64cb01cd5ad7fd25246d81a55ff
11329,e7445efc9c2e5f55aee8a2c2b02c9b7a,3ace441341c719dd401296ee5a591431,SO45760,3578,BK-R93R-44,1,3578,74cd52749cc4b84fea8b036cee2e0b9a
11329,f04e53711455521533f4c5ed7dcaa287,5e9b4970006d8f02ba0bc1763fa8b9a6,SO52567,4640,BK-M68S-42,2,4640,f799d104dd23bb828dcdaaefc4d25b61
11330,0001ffe4d82d0d8f9fec5ab0b4faa2db,3dc63b2d6dcc8f0b6720b06b5439a0b1,SO67031,27,CA-1098,3,27,4004a117f65dfd3221a9cce8fce5a45f
11330,021d7f51f97fea2b23b069288066b34d,722dc621a1a56555843f574144bfcdf0,SO74922,25,TI-M267,1,25,bb858b10001c01aea17b4e635d0662a2
11330,072bf847aeeee970f66483e596496cd9,cfceb7490eff6e660974507be7c579c6,SO52634,10,BC-M005,1,10,dca79d69a6b38e95c4b03bfab997796c
11330,072bf847aeeee970f66483e596496cd9,cfceb7490eff6e660974507be7c579c6,SO52634,5,WB-H098,1,5,dca79d69a6b38e95c4b03bfab997796c
11330,0814775cfc25da756a9b4197347ab771,d76e0ba1fa041675ae9af958c5b41ae4,SO57792,8,CL-9009,1,8,de22d232bbe84481579f6252f1e7091d
11330,0d3057f268050d468f468434f8ec809a,fd5ba6fdeb81e07b2caf0b103489bd8d,SO71965,48,GL-H102-L,2,48,921bc92a493b53f98f24e6a8a12801be
11330,0d3057f268050d468f468434f8ec809a,fd5ba6fdeb81e07b2caf0b103489bd8d,SO71965,105,HL-U509-R,3,105,921bc92a493b53f98f24e6a8a12801be
11330,0d3057f268050d468f468434f8ec809a,fd5ba6fdeb81e07b2caf0b103489bd8d,SO71965,21,TI-R092,1,21,921bc92a493b53f98f24e6a8a12801be
11330,0d3057f268050d468f468434f8ec809a,fd5ba6fdeb81e07b2caf0b103489bd8d,SO71965,4,TT-R982,1,4,921bc92a493b53f98f24e6a8a12801be
11330,175a5d217fad85df9f6639d7ced1e5d9,511572e8a25e86c2f48ae9e6d73a1e6a,SO68888,150,LJ-0192-X,3,150,66e56e10b0f528b66a45e307ecdf4774
11330,254d832c83ccdb2c33eab65a4fd196ff,75fe8d7dec9d2a51be64595ab37dc674,SO59510,48,GL-H102-M,2,48,4a800301260b2639fa1ec3efafb5f86c
11330,254d832c83ccdb2c33eab65a4fd196ff,75fe8d7dec9d2a51be64595ab37dc674,SO59510,5,TT-T092,1,5,4a800301260b2639fa1ec3efafb5f86c
11330,331afa0aff1b1cfbf3d24944ab38c9d2,c885741a5e3e55c84950327011b70289,SO69674,48,GL-H102-M,2,48,962bae2fb03296a3b9cacabfa929322c
11330,331afa0aff1b1cfbf3d24944ab38c9d2,c885741a5e3e55c84950327011b70289,SO69674,33,TI-R982,1,33,962bae2fb03296a3b9cacabfa929322c
11330,331afa0aff1b1cfbf3d24944ab38c9d2,c885741a5e3e55c84950327011b70289,SO69674,4,TT-R982,1,4,962bae2fb03296a3b9cacabfa929322c
11330,511572e8a25e86c2f48ae9e6d73a1e6a,8e8847c1bdf012037ee13bb62da8a5c1,SO68117,5,WB-H098,1,5,691ad1b0dca3643b923973defd014d47
11330,5efefff01843f5aa3f7d8a4d44b4bf2e,922d04aa1f67bbe0270bfad98508f43e,SO62542,105,HL-U509-R,3,105,db2f6a564b6f5f41253c68874b50962b
11330,5efefff01843f5aa3f7d8a4d44b4bf2e,922d04aa1f67bbe0270bfad98508f43e,SO62560,35,TI-M823,1,35,db2f6a564b6f5f41253c68874b50962b
11330,5efefff01843f5aa3f7d8a4d44b4bf2e,922d04aa1f67bbe0270bfad98508f43e,SO62560,5,TT-M928,1,5,db2f6a564b6f5f41253c68874b50962b
11330,6a8d7e42bb852c45fbf8610361d391a0,3f72b837978dcd042b73e7270f11a4ca,SO71105,2,PK-7098,1,2,49fce086a31f1cfcf16b54e462f7cbc0
11330,6d1d8a1c7851eb5a946d45009cea6d9f,3f0c8308e4e2e5c4ddc1b7e19304f613,SO65689,48,GL-H102-M,2,48,6582aa26281b9a92ad60e6a03e274c00
11330,6d1d8a1c7851eb5a946d45009cea6d9f,3f0c8308e4e2e5c4ddc1b7e19304f613,SO65689,29,TI-T723,1,29,6582aa26281b9a92ad60e6a03e274c00
11330,6d1d8a1c7851eb5a946d45009cea6d9f,3f0c8308e4e2e5c4ddc1b7e19304f613,SO65689,5,TT-T092,1,5,6582aa26281b9a92ad60e6a03e274c00
11330,714597fe9448176d17876617114a65bc,d6ec5bff1a0809822c740ce35792fa7a,SO53205,120,RA-H123,1,120,3143ce3c6436ed5bd25398756b7b661d
11330,714597fe9448176d17876617114a65bc,d6ec5bff1a0809822c740ce35792fa7a,SO53205,30,TI-M602,1,30,3143ce3c6436ed5bd25398756b7b661d
11330,714597fe9448176d17876617114a65bc,d6ec5bff1a0809822c740ce35792fa7a,SO53205,5,TT-M928,1,5,3143ce3c6436ed5bd25398756b7b661d
11330,7254e54716fe52361e62aa16ea2e0797,6eaadc1181f307997dc853d9ed40db36,SO59422,105,HL-U509,3,105,e7df1b3ee078bdcfc260a877f321287d
11330,7254e54716fe52361e62aa16ea2e0797,6eaadc1181f307997dc853d9ed40db36,SO59422,5,TT-T092,1,5,e7df1b3ee078bdcfc260a877f321287d
11330,75fe8d7dec9d2a51be64595ab37dc674,ef5bad66aa19ccfb82cacb73584b83ea,SO58556,105,HL-U509-B,3,105,23f22724b430320654759f8512440ebc
11330,75fe8d7dec9d2a51be64595ab37dc674,ef5bad66aa19ccfb82cacb73584b83ea,SO58556,33,TI-R982,1,33,23f22724b430320654759f8512440ebc
11330,75fe8d7dec9d2a51be64595ab37dc674,ef5bad66aa19ccfb82cacb73584b83ea,SO58556,4,TT-R982,1,4,23f22724b430320654759f8512440ebc
11330,75fe8d7dec9d2a51be64595ab37dc674,ef5bad66aa19ccfb82cacb73584b83ea,SO58557,2,PK-7098,1,2,23f22724b430320654759f8512440ebc
11330,75fe8d7dec9d2a51be64595ab37dc674,ef5bad66aa19ccfb82cacb73584b83ea,SO58557,33,TI-R982,1,33,23f22724b430320654759f8512440ebc
11330,75fe8d7dec9d2a51be64595ab37dc674,ef5bad66aa19ccfb82cacb73584b83ea,SO58557,4,TT-R982,1,4,23f22724b430320654759f8512440ebc
11330,88077cf01a3e17831c2d0bcca5897c5b,95a2a9aefc393f8630e934768cacf4cd,SO73049,25,TI-R628,1,25,86e0fc464cbb08ae74bd039224afec9a
11330,88077cf01a3e17831c2d0bcca5897c5b,95a2a9aefc393f8630e934768cacf4cd,SO73049,4,TT-R982,1,4,86e0fc464cbb08ae74bd039224afec9a
11330,922d04aa1f67bbe0270bfad98508f43e,0383d48e76cd8a3dfb9e2a890f2cac18,SO61800,150,LJ-0192-X,3,150,76918877cf6ce7011018cd9708723392
11330,922d04aa1f67bbe0270bfad98508f43e,0383d48e76cd8a3dfb9e2a890f2cac18,SO61800,25,TI-M267,1,25,76918877cf6ce7011018cd9708723392
11330,922d04aa1f67bbe0270bfad98508f43e,0383d48e76cd8a3dfb9e2a890f2cac18,SO61800,5,TT-M928,1,5,76918877cf6ce7011018cd9708723392
11330,a1fedb8f5f2e08543339a5f167bee6b7,8b9fe4b34e3c54f08bfcac3d9691e260,SO64950,105,HL-U509-R,3,105,4eec6eda382b9c44e240ad4b4b5e9cc0
11330,ab2e81a99745ffff6c06e2be93290d1b,76e3c19dbb0dadc4c6dc771d856e4676,SO54112,25,TI-R628,1,25,1685ca8ff12ea83725a1c35e1d89c5cd
11330,ab2e81a99745ffff6c06e2be93290d1b,76e3c19dbb0dadc4c6dc771d856e4676,SO54112,4,TT-R982,1,4,1685ca8ff12ea83725a1c35e1d89c5cd
11330,af1457846a79173ef71dd9d5dd69805a,254d832c83ccdb2c33eab65a4fd196ff,SO60337,2,PK-7098,1,2,ce08c22f7777768ce4197eab9727516c
11330,c5ed53572c667b119dde2fc0f54de602,0d3057f268050d468f468434f8ec809a,SO72798,105,HL-U509-B,3,105,e366e24b8ad0b1107528f2f58cd15a81
11330,c5ed53572c667b119dde2fc0f54de602,0d3057f268050d468f468434f8ec809a,SO72798,4,TT-R982,1,4,e366e24b8ad0b1107528f2f58cd15a81
11330,c83e871e48c2716e0f28e60d166a5c98,6a8d7e42bb852c45fbf8610361d391a0,SO72081,2,PK-7098,1,2,c4c454d69a39e60a6f5cf2f97148adad
11330,c83e871e48c2716e0f28e60d166a5c98,6a8d7e42bb852c45fbf8610361d391a0,SO72081,33,TI-R982,1,33,c4c454d69a39e60a6f5cf2f97148adad
11330,c83e871e48c2716e0f28e60d166a5c98,6a8d7e42bb852c45fbf8610361d391a0,SO72081,4,TT-R982,1,4,c4c454d69a39e60a6f5cf2f97148adad
11330,d53f9d33cac0a297449a74a10d031570,e0bcd0ff3072dfe15609d6be1529b0b8,SO61555,2,PK-7098,1,2,4cc27df81afd686c0420394e090460cb
11330,d53f9d33cac0a297449a74a10d031570,e0bcd0ff3072dfe15609d6be1529b0b8,SO61555,25,TI-M267,1,25,4cc27df81afd686c0420394e090460cb
11330,d53f9d33cac0a297449a74a10d031570,e0bcd0ff3072dfe15609d6be1529b0b8,SO61555,5,TT-M928,1,5,4cc27df81afd686c0420394e090460cb
11330,d6fb379288416774d139632beb88e26b,3ebfce6ccd7540a632ae7e6ad8100c29,SO60200,48,GL-H102-S,2,48,412998e77ee121227580e3d363f75fa2
11330,d6fb379288416774d139632beb88e26b,3ebfce6ccd7540a632ae7e6ad8100c29,SO60200,29,TI-T723,1,29,412998e77ee121227580e3d363f75fa2
11330,d6fb379288416774d139632beb88e26b,3ebfce6ccd7540a632ae7e6ad8100c29,SO60200,5,TT-T092,1,5,412998e77ee121227580e3d363f75fa2
11330,debbb2493c6588799fc787e1854bcda5,40883861f6e25a2e09e848a7891f4f38,SO58084,27,CA-1098,3,27,0814775cfc25da756a9b4197347ab771
11330,debbb2493c6588799fc787e1854bcda5,40883861f6e25a2e09e848a7891f4f38,SO58084,150,LJ-0192-S,3,150,0814775cfc25da756a9b4197347ab771
11330,debbb2493c6588799fc787e1854bcda5,40883861f6e25a2e09e848a7891f4f38,SO58084,5,TT-T092,1,5,0814775cfc25da756a9b4197347ab771
11331,0d15ba5aa4c9ad0377b26e0cf7a86280,b21e833d3ead6056f1265f13fe1ff015,SO61449,33,TI-R982,1,33,4a70a3ec50fd16032883bf6fc79c55dd
11331,0d15ba5aa4c9ad0377b26e0cf7a86280,b21e833d3ead6056f1265f13fe1ff015,SO61449,4,TT-R982,1,4,4a70a3ec50fd16032883bf6fc79c55dd
11331,0dc34ca2aaa8612cde077f1880b78b25,361e2c62255e0c1887ac2139911ca300,SO52484,2,PK-7098,1,2,7f026edc73bd4602381834e9b850d6c2
11331,0dc34ca2aaa8612cde077f1880b78b25,361e2c62255e0c1887ac2139911ca300,SO52484,25,TI-R628,1,25,7f026edc73bd4602381834e9b850d6c2
11331,0dc34ca2aaa8612cde077f1880b78b25,361e2c62255e0c1887ac2139911ca300,SO52487,55,HY-1023-70,1,55,7f026edc73bd4602381834e9b850d6c2
11331,0dc34ca2aaa8612cde077f1880b78b25,361e2c62255e0c1887ac2139911ca300,SO52487,5,TT-T092,1,5,7f026edc73bd4602381834e9b850d6c2
11331,0e23f371129aecc6b2033620b226f8d7,fda052162862bb845297063fd71a580c,SO57202,2,PK-7098,1,2,40ff348468b73116a7077c246985e0bf
11331,375bde15092f45652b6398c1dff650d0,830e779850b1d58733a7ad711bf6b83f,SO57323,2,PK-7098,1,2,a8ef76a01442567fb64eb6f4408a9835
11331,375bde15092f45652b6398c1dff650d0,830e779850b1d58733a7ad711bf6b83f,SO57323,33,TI-R982,1,33,a8ef76a01442567fb64eb6f4408a9835
11331,3c8e2c51453f4d665f1050da871dead6,1f50dad3f1493a5cf408c4eb3987479e,SO55385,9,BC-R205,1,9,d34ba8f5d7fd7d5959a34c283fbec422
11331,3c8e2c51453f4d665f1050da871dead6,1f50dad3f1493a5cf408c4eb3987479e,SO55385,54,SJ-0194-L,1,54,d34ba8f5d7fd7d5959a34c283fbec422
11331,3c8e2c51453f4d665f1050da871dead6,1f50dad3f1493a5cf408c4eb3987479e,SO55385,5,WB-H098,1,5,d34ba8f5d7fd7d5959a34c283fbec422
11331,3e48b2167bd86ef570e46d0b286c4f74,072bf847aeeee970f66483e596496cd9,SO53243,105,HL-U509,3,105,3e07f09fb2edbdf0bf6a54c17634514b
11331,4804ee33768b143d9706052696f7dfbd,7254e54716fe52361e62aa16ea2e0797,SO60266,29,TI-T723,1,29,c660dc308b247ce08aeecd155306bae0
11331,51c449e55b4a63a16fb45beb689150d5,18bea060239713ee5f865109f63f3a8a,SO53632,8,CL-9009,1,8,714597fe9448176d17876617114a65bc
11331,51c449e55b4a63a16fb45beb689150d5,18bea060239713ee5f865109f63f3a8a,SO53632,55,HY-1023-70,1,55,714597fe9448176d17876617114a65bc
11331,51c449e55b4a63a16fb45beb689150d5,18bea060239713ee5f865109f63f3a8a,SO53632,33,TI-R982,1,33,714597fe9448176d17876617114a65bc
11331,51c449e55b4a63a16fb45beb689150d5,18bea060239713ee5f865109f63f3a8a,SO53632,4,TT-R982,1,4,714597fe9448176d17876617114a65bc
11331,545a3d56d20b22e09aa85bfa5ed8738d,31c99d724c1f182c60edb82eb4740277,SO72211,10,BC-M005,1,10,a9cd7a99d71cca9cb644010050374ade
11331,545a3d56d20b22e09aa85bfa5ed8738d,31c99d724c1f182c60edb82eb4740277,SO72211,27,CA-1098,3,27,a9cd7a99d71cca9cb644010050374ade
11331,545a3d56d20b22e09aa85bfa5ed8738d,31c99d724c1f182c60edb82eb4740277,SO72211,54,SJ-0194-M,1,54,a9cd7a99d71cca9cb644010050374ade
11331,545a3d56d20b22e09aa85bfa5ed8738d,31c99d724c1f182c60edb82eb4740277,SO72211,5,WB-H098,1,5,a9cd7a99d71cca9cb644010050374ade
11331,6477c205c5117a9448ba863e111acf32,c926349b55a58d87d7d5008c349fd1e9,SO60853,2,PK-7098,1,2,013f173c58073e845f675d26fdde1918
11331,6477c205c5117a9448ba863e111acf32,c926349b55a58d87d7d5008c349fd1e9,SO60853,29,TI-T723,1,29,013f173c58073e845f675d26fdde1918
11331,6477c205c5117a9448ba863e111acf32,c926349b55a58d87d7d5008c349fd1e9,SO60853,5,TT-T092,1,5,013f173c58073e845f675d26fdde1918
11331,6a373d2281ba1487d83680f65dd6e6d0,2fb09097185e604aaadbfde958fd6262,SO74975,105,HL-U509,3,105,8592725b85eec4822018b8728dd5b88d
11331,6a373d2281ba1487d83680f65dd6e6d0,2fb09097185e604aaadbfde958fd6262,SO74975,4,TT-R982,1,4,8592725b85eec4822018b8728dd5b88d
11331,6eaadc1181f307997dc853d9ed40db36,0814775cfc25da756a9b4197347ab771,SO58499,30,TI-M602,1,30,4dbf892d41ae205f6e36838031cff786
11331,8c9ec1be720ee75d56d0c250d10610fa,16918840d98f27ce45948fe73dd5592f,SO63634,25,TI-R628,1,25,81a5d08c6beaeec9e42baae5d63dd780
11331,8c9ec1be720ee75d56d0c250d10610fa,16918840d98f27ce45948fe73dd5592f,SO63634,4,TT-R982,1,4,81a5d08c6beaeec9e42baae5d63dd780
11331,9b98d27287b27eeee9ebc06e1d5a9a8d,0dc34ca2aaa8612cde077f1880b78b25,SO53093,48,GL-H102-S,2,48,18bea060239713ee5f865109f63f3a8a
11331,9b98d27287b27eeee9ebc06e1d5a9a8d,0dc34ca2aaa8612cde077f1880b78b25,SO53093,33,TI-R982,1,33,18bea060239713ee5f865109f63f3a8a
11331,9b98d27287b27eeee9ebc06e1d5a9a8d,0dc34ca2aaa8612cde077f1880b78b25,SO53093,4,TT-R982,1,4,18bea060239713ee5f865109f63f3a8a
11331,a2c49941411089cb2a9cbf78cb803c26,73a69a5c77a7d23172e54d7ce07a638e,SO56147,2,PK-7098,1,2,39fe373cdcb4534addde73890415b660
11331,a2c49941411089cb2a9cbf78cb803c26,73a69a5c77a7d23172e54d7ce07a638e,SO56147,25,TI-M267,1,25,39fe373cdcb4534addde73890415b660
11331,ad0b7f5ad35732646f1e5f67418d5995,244cede513841376c37dc856f2f5e7b9,SO59292,2,PK-7098,1,2,0df76889b3e31ccfd17b50cc73baef03
11331,ad0b7f5ad35732646f1e5f67418d5995,244cede513841376c37dc856f2f5e7b9,SO59292,21,TI-R092,1,21,0df76889b3e31ccfd17b50cc73baef03
11331,ad0b7f5ad35732646f1e5f67418d5995,244cede513841376c37dc856f2f5e7b9,SO59292,4,TT-R982,1,4,0df76889b3e31ccfd17b50cc73baef03
11331,b95a9f47dd73bb9b799a31ae04ee7da1,175a5d217fad85df9f6639d7ced1e5d9,SO69959,150,LJ-0192-X,3,150,8728a5e296f39e49d2fa74c31820e99f
11331,c507827aa5f4f6bbedf64058461c621b,6d1d8a1c7851eb5a946d45009cea6d9f,SO66448,2,PK-7098,1,2,dfcee565bb2da80a7b76451a5cd314a1
11331,c507827aa5f4f6bbedf64058461c621b,6d1d8a1c7851eb5a946d45009cea6d9f,SO66448,159,ST-1401,1,159,dfcee565bb2da80a7b76451a5cd314a1
11331,c507827aa5f4f6bbedf64058461c621b,6d1d8a1c7851eb5a946d45009cea6d9f,SO66448,5,TT-T092,1,5,dfcee565bb2da80a7b76451a5cd314a1
11331,d3c54b4368c62c2ff11535bf2b677170,41464bd548f06ca845208f69df30ac82,SO54331,105,HL-U509,3,105,da9c4ba6c9a1ae8725389bfd38b5763a
11331,da9c4ba6c9a1ae8725389bfd38b5763a,3e48b2167bd86ef570e46d0b286c4f74,SO54051,48,GL-H102-S,2,48,9223b53f03a405f817e91392f0294f6a
11331,da9c4ba6c9a1ae8725389bfd38b5763a,3e48b2167bd86ef570e46d0b286c4f74,SO54051,54,SJ-0194-M,1,54,9223b53f03a405f817e91392f0294f6a
11331,db2f6a564b6f5f41253c68874b50962b,76918877cf6ce7011018cd9708723392,SO62267,2,PK-7098,1,2,606ed413481267c98754e3351f662859
11331,db2f6a564b6f5f41253c68874b50962b,76918877cf6ce7011018cd9708723392,SO62267,35,TI-M823,1,35,606ed413481267c98754e3351f662859
11331,dca79d69a6b38e95c4b03bfab997796c,e5bf4a4a03e320ed76cf2ca68fa5b4c0,SO52386,27,CA-1098,3,27,9f79f7706bc6a7654ef0b8977966f69a
11331,dca79d69a6b38e95c4b03bfab997796c,e5bf4a4a03e320ed76cf2ca68fa5b4c0,SO52386,5,WB-H098,1,5,9f79f7706bc6a7654ef0b8977966f69a
11331,debbb2493c6588799fc787e1854bcda5,40883861f6e25a2e09e848a7891f4f38,SO58083,120,RA-H123,1,120,0814775cfc25da756a9b4197347ab771
11331,e871b36e68b0b3d0af9c742d81fef27a,3fe686907939d07097f6c87f08025422,SO70104,2,PK-7098,1,2,1faee5670542865e021595151379fe5c
11331,e871b36e68b0b3d0af9c742d81fef27a,3fe686907939d07097f6c87f08025422,SO70104,5,TT-T092,1,5,1faee5670542865e021595151379fe5c
11331,f46ace11e93788e473124f7be16a19d5,5c741aa8e0753be65314a304e7b39c14,SO62775,8,CL-9009,1,8,4555f65c4664801d78b9f5477f89d8fd
11331,f46ace11e93788e473124f7be16a19d5,5c741aa8e0753be65314a304e7b39c14,SO62775,2,PK-7098,1,2,4555f65c4664801d78b9f5477f89d8fd
11331,f46ace11e93788e473124f7be16a19d5,5c741aa8e0753be65314a304e7b39c14,SO62775,25,TI-M267,1,25,4555f65c4664801d78b9f5477f89d8fd
11331,fee8e08233f3f00450bce31967abb0f1,331afa0aff1b1cfbf3d24944ab38c9d2,SO70534,105,HL-U509,3,105,86bfb8ffc7a79e52d833cedce4d275bf
11331,fee8e08233f3f00450bce31967abb0f1,331afa0aff1b1cfbf3d24944ab38c9d2,SO70534,25,TI-M267,1,25,86bfb8ffc7a79e52d833cedce4d275bf
11331,fee8e08233f3f00450bce31967abb0f1,331afa0aff1b1cfbf3d24944ab38c9d2,SO70534,5,TT-M928,1,5,86bfb8ffc7a79e52d833cedce4d275bf
11332,5b07cd2a9dfb9437a07ea3012d6efbb7,109423a52128e234487abcd717f01458,SO51323,4640,BK-M68S-38,2,4640,4ef92eb2724526d42848579d94bf7748
11332,5b07cd2a9dfb9437a07ea3012d6efbb7,109423a52128e234487abcd717f01458,SO51323,105,HL-U509-B,3,105,4ef92eb2724526d42848579d94bf7748
11332,aae455c4d64d3ffe63d05cfe29e8fcdd,a23d0c239f0a09c5342f707e8417c1ec,SO45917,3400,BK-M82S-44,1,3400,7233744a010a9a2e1f7a7eb4772ddfa5
11333,12e0e6d801bd9b913826b796045098f0,0a6897e1c1e03291162006eaf64d9e6d,SO44228,3400,BK-M82S-38,1,3400,3b1c887bb1207e2d1f3db508935b9a03
11333,305c66634c155cab2b5cc3ce00351eb1,2becb9647677a1a316b388bbad689580,SO62135,2384,BK-T79U-54,1,2384,922d04aa1f67bbe0270bfad98508f43e
11333,305c66634c155cab2b5cc3ce00351eb1,2becb9647677a1a316b388bbad689580,SO62135,105,HL-U509-B,3,105,922d04aa1f67bbe0270bfad98508f43e
11333,3500da16b6d3d0da611bc08c2b1e1c05,5f827524a01a15af1043fdb581ce224b,SO51306,4640,BK-M68S-42,2,4640,070e7bb8852d69e16952038e5532904f
11333,3500da16b6d3d0da611bc08c2b1e1c05,5f827524a01a15af1043fdb581ce224b,SO51306,22,FE-6654,1,22,070e7bb8852d69e16952038e5532904f
11333,3500da16b6d3d0da611bc08c2b1e1c05,5f827524a01a15af1043fdb581ce224b,SO51306,2,PK-7098,1,2,070e7bb8852d69e16952038e5532904f
11334,0f3e3e16d175d3da9e3d2ab5f42e2a8d,98c729ba235458f3bd79313db6be8db6,SO44152,3400,BK-M82S-44,1,3400,fbaf703299cbebd90f4ebe3575bd7ead
11334,4ef92eb2724526d42848579d94bf7748,6ccfb4540d439b07eef79e9ec663aeee,SO51249,10,BC-M005,1,10,4c198b2e79c53a9853bfbc76e8e8ae1e
11334,4ef92eb2724526d42848579d94bf7748,6ccfb4540d439b07eef79e9ec663aeee,SO51249,4640,BK-M68S-38,2,4640,4c198b2e79c53a9853bfbc76e8e8ae1e
11334,4ef92eb2724526d42848579d94bf7748,6ccfb4540d439b07eef79e9ec663aeee,SO51249,5,WB-H098,1,5,4c198b2e79c53a9853bfbc76e8e8ae1e
11334,870bd4f3713260418e4f342f31dc7e33,94c60e0b5e2b0f78b919a5d4c67d70a2,SO62926,2384,BK-T79Y-50,1,2384,2fe1a028f9398deb2efcd536c8246fae
11334,870bd4f3713260418e4f342f31dc7e33,94c60e0b5e2b0f78b919a5d4c67d70a2,SO62926,105,HL-U509-B,3,105,2fe1a028f9398deb2efcd536c8246fae
11335,2fdcff2fdbe32f29016778bbf2d2634c,00c0d1d4fb14e331ca9e478a9afc945d,SO45971,3400,BK-M82S-42,1,3400,1f46035fc72c89f13de95ed295e3f737
11335,9bbc713be22755b8ea8e3b596e06edd2,9f14679403a464909296961b7547fa87,SO51288,4640,BK-M68S-46,2,4640,78cee6501c10922e466c02f814c8627b
11335,9bbc713be22755b8ea8e3b596e06edd2,9f14679403a464909296961b7547fa87,SO51288,22,FE-6654,1,22,78cee6501c10922e466c02f814c8627b
11335,9bbc713be22755b8ea8e3b596e06edd2,9f14679403a464909296961b7547fa87,SO51288,2,PK-7098,1,2,78cee6501c10922e466c02f814c8627b
11336,3500da16b6d3d0da611bc08c2b1e1c05,5f827524a01a15af1043fdb581ce224b,SO51307,10,BC-M005,1,10,070e7bb8852d69e16952038e5532904f
11336,3500da16b6d3d0da611bc08c2b1e1c05,5f827524a01a15af1043fdb581ce224b,SO51307,4640,BK-M68S-42,2,4640,070e7bb8852d69e16952038e5532904f
11336,3500da16b6d3d0da611bc08c2b1e1c05,5f827524a01a15af1043fdb581ce224b,SO51307,105,HL-U509,3,105,070e7bb8852d69e16952038e5532904f
11336,3500da16b6d3d0da611bc08c2b1e1c05,5f827524a01a15af1043fdb581ce224b,SO51307,5,WB-H098,1,5,070e7bb8852d69e16952038e5532904f
11336,fd23826ef02908bf7404839a32ae44b4,3b2d50088b5462490d2079beeb91dc27,SO49814,4142,BK-M68S-46,2,4142,bfe24702a7cb81c4620880adb1bf9ffe
11337,01eb8a9956865747637639482336f5f8,e8c0bfc4371d81db0dacde1b8fa393ca,SO51531,10,BC-M005,1,10,0a6c721efa4fbe33f8e9e76a63f5b591
11337,01eb8a9956865747637639482336f5f8,e8c0bfc4371d81db0dacde1b8fa393ca,SO51531,4640,BK-M68S-38,2,4640,0a6c721efa4fbe33f8e9e76a63f5b591
11337,01eb8a9956865747637639482336f5f8,e8c0bfc4371d81db0dacde1b8fa393ca,SO51531,54,SJ-0194-L,1,54,0a6c721efa4fbe33f8e9e76a63f5b591
11337,01eb8a9956865747637639482336f5f8,e8c0bfc4371d81db0dacde1b8fa393ca,SO51531,5,WB-H098,1,5,0a6c721efa4fbe33f8e9e76a63f5b591
11337,0a6897e1c1e03291162006eaf64d9e6d,aa23a148fd157c87970b5fa9079424f9,SO44177,3375,BK-M82B-44,1,3375,0f3e3e16d175d3da9e3d2ab5f42e2a8d
11337,95103530881768b5cfc7e33970db9cd7,2ed3972e38245b633ec6b146c2970148,SO62449,9,BC-R205,1,9,305c66634c155cab2b5cc3ce00351eb1
11337,95103530881768b5cfc7e33970db9cd7,2ed3972e38245b633ec6b146c2970148,SO62449,2384,BK-T79U-46,1,2384,305c66634c155cab2b5cc3ce00351eb1
11337,95103530881768b5cfc7e33970db9cd7,2ed3972e38245b633ec6b146c2970148,SO62449,5,WB-H098,1,5,305c66634c155cab2b5cc3ce00351eb1
11338,00c0d1d4fb14e331ca9e478a9afc945d,5a9689f90da5d0d012de304d7da67a8b,SO45890,3375,BK-M82B-42,1,3375,e1c989a8683174b4fd778fa463ff0253
11338,78cee6501c10922e466c02f814c8627b,892aa61c5dad53571248cc492fa50176,SO51207,10,BC-M005,1,10,109423a52128e234487abcd717f01458
11338,78cee6501c10922e466c02f814c8627b,892aa61c5dad53571248cc492fa50176,SO51207,4640,BK-M68S-46,2,4640,109423a52128e234487abcd717f01458
11338,78cee6501c10922e466c02f814c8627b,892aa61c5dad53571248cc492fa50176,SO51207,105,HL-U509-R,3,105,109423a52128e234487abcd717f01458
11338,78cee6501c10922e466c02f814c8627b,892aa61c5dad53571248cc492fa50176,SO51207,5,WB-H098,1,5,109423a52128e234487abcd717f01458
11339,70dbbfe9e1fafe828bd88bd62f0de8f4,3f9a1152bc048e6eb1f01994b7cf5f9d,SO49985,4098,BK-M68B-42,2,4098,9ee2a0f409662e4664217b7e3b808428
11339,bee2b842cd357511cf4c8e509f5af192,5dddb266d8c26eece51489fe90c9f47d,SO51641,4590,BK-M68B-38,2,4590,20b851db79828c985958154243411278
11339,bee2b842cd357511cf4c8e509f5af192,5dddb266d8c26eece51489fe90c9f47d,SO51641,105,HL-U509-R,3,105,20b851db79828c985958154243411278
11340,01070cf843f2ca45e3d4ec7c02c52551,9cdb18f37bdd2084cec3f36c200212be,SO51262,10,BC-M005,1,10,4b74d4eac4c3a33d22d34af93569c011
11340,01070cf843f2ca45e3d4ec7c02c52551,9cdb18f37bdd2084cec3f36c200212be,SO51262,4590,BK-M68B-38,2,4590,4b74d4eac4c3a33d22d34af93569c011
11340,01070cf843f2ca45e3d4ec7c02c52551,9cdb18f37bdd2084cec3f36c200212be,SO51262,54,SJ-0194-X,1,54,4b74d4eac4c3a33d22d34af93569c011
11340,01070cf843f2ca45e3d4ec7c02c52551,9cdb18f37bdd2084cec3f36c200212be,SO51262,5,WB-H098,1,5,4b74d4eac4c3a33d22d34af93569c011
11340,f1877c1756a68271d12db39ddc87dad7,207f6c5125350a97b1a410dc655800f6,SO50184,4098,BK-M68B-42,2,4098,a37b3b8ed0bad1707ba2be514cc71f02
11341,07713adfd12a8cd9d376671631f3bc02,93963041729da5d8213c536f91ed9402,SO51270,4590,BK-M68B-38,2,4590,acc20902004de8acdd3eee04bfe5f91a
11341,07713adfd12a8cd9d376671631f3bc02,93963041729da5d8213c536f91ed9402,SO51270,27,CA-1098,3,27,acc20902004de8acdd3eee04bfe5f91a
11341,07713adfd12a8cd9d376671631f3bc02,93963041729da5d8213c536f91ed9402,SO51270,105,HL-U509-B,3,105,acc20902004de8acdd3eee04bfe5f91a
11341,95103530881768b5cfc7e33970db9cd7,2ed3972e38245b633ec6b146c2970148,SO62450,2384,BK-T79U-46,1,2384,305c66634c155cab2b5cc3ce00351eb1
11341,95103530881768b5cfc7e33970db9cd7,2ed3972e38245b633ec6b146c2970148,SO62450,105,HL-U509,3,105,305c66634c155cab2b5cc3ce00351eb1
11341,95103530881768b5cfc7e33970db9cd7,2ed3972e38245b633ec6b146c2970148,SO62450,29,TI-T723,1,29,305c66634c155cab2b5cc3ce00351eb1
11341,95103530881768b5cfc7e33970db9cd7,2ed3972e38245b633ec6b146c2970148,SO62450,5,TT-T092,1,5,305c66634c155cab2b5cc3ce00351eb1
11341,dead1d7c916f42221e22a897aa6fc980,9f8987003453fd37ae135a87e6b756b8,SO44382,3400,BK-M82S-48,1,3400,9d0c5a1a95274b55fd3f6fd19fd273ae
11342,04dbdf67bb8714ba18c9c36d50d1f5dc,4cc27df81afd686c0420394e090460cb,SO61999,9,BC-R205,1,9,2ed3972e38245b633ec6b146c2970148
11342,04dbdf67bb8714ba18c9c36d50d1f5dc,4cc27df81afd686c0420394e090460cb,SO61999,105,HL-U509,3,105,2ed3972e38245b633ec6b146c2970148
11342,04dbdf67bb8714ba18c9c36d50d1f5dc,4cc27df81afd686c0420394e090460cb,SO61999,5,WB-H098,1,5,2ed3972e38245b633ec6b146c2970148
11343,16918840d98f27ce45948fe73dd5592f,04dbdf67bb8714ba18c9c36d50d1f5dc,SO62737,9,BC-R205,1,9,95103530881768b5cfc7e33970db9cd7
11343,16918840d98f27ce45948fe73dd5592f,04dbdf67bb8714ba18c9c36d50d1f5dc,SO62737,2384,BK-T79U-54,1,2384,95103530881768b5cfc7e33970db9cd7
11343,16918840d98f27ce45948fe73dd5592f,04dbdf67bb8714ba18c9c36d50d1f5dc,SO62737,27,CA-1098,3,27,95103530881768b5cfc7e33970db9cd7
11343,16918840d98f27ce45948fe73dd5592f,04dbdf67bb8714ba18c9c36d50d1f5dc,SO62737,105,HL-U509-B,3,105,95103530881768b5cfc7e33970db9cd7
11343,16918840d98f27ce45948fe73dd5592f,04dbdf67bb8714ba18c9c36d50d1f5dc,SO62737,5,WB-H098,1,5,95103530881768b5cfc7e33970db9cd7
11343,1ec57de0d40386e4f2460c44e1041294,e43c329598651187dc896f473b960062,SO44333,3400,BK-M82S-42,1,3400,9f8987003453fd37ae135a87e6b756b8
11343,6d44506d59926d8d13d35f75d97f2a64,deff8ad81a213d1110c1f409a7f40fcd,SO53399,4590,BK-M68B-46,2,4590,f476906875bc5d9abe836b4ea1f485c1
11343,6d44506d59926d8d13d35f75d97f2a64,deff8ad81a213d1110c1f409a7f40fcd,SO53399,105,HL-U509-R,3,105,f476906875bc5d9abe836b4ea1f485c1
11343,6d44506d59926d8d13d35f75d97f2a64,deff8ad81a213d1110c1f409a7f40fcd,SO53399,150,LJ-0192-L,3,150,f476906875bc5d9abe836b4ea1f485c1
11344,290499d9b8e65db426ba9b842714eb6d,606ed413481267c98754e3351f662859,SO62668,9,BC-R205,1,9,d1024973c3d10f08cb9fa1736e6ed8b7
11344,290499d9b8e65db426ba9b842714eb6d,606ed413481267c98754e3351f662859,SO62668,2384,BK-T79Y-46,1,2384,d1024973c3d10f08cb9fa1736e6ed8b7
11344,290499d9b8e65db426ba9b842714eb6d,606ed413481267c98754e3351f662859,SO62668,48,GL-H102-S,2,48,d1024973c3d10f08cb9fa1736e6ed8b7
11344,290499d9b8e65db426ba9b842714eb6d,606ed413481267c98754e3351f662859,SO62668,5,WB-H098,1,5,d1024973c3d10f08cb9fa1736e6ed8b7
11344,8c4ac29dd41a3906a2513ceafeeb285c,9013568230949755036a389cb908cfb4,SO44645,3400,BK-M82S-38,1,3400,13cf8e3f6f70d6ec53d1bddcf2753024
11344,cfceb7490eff6e660974507be7c579c6,01eb8a9956865747637639482336f5f8,SO52020,4590,BK-M68B-42,2,4590,e5bf4a4a03e320ed76cf2ca68fa5b4c0
11344,cfceb7490eff6e660974507be7c579c6,01eb8a9956865747637639482336f5f8,SO52020,2,PK-7098,1,2,e5bf4a4a03e320ed76cf2ca68fa5b4c0
11345,070e7bb8852d69e16952038e5532904f,2b53375239b19c31e4947cc1033443c0,SO51224,4640,BK-M68S-38,2,4640,e5cdc2e9be5ecca55f34ea2ebabb8670
11345,070e7bb8852d69e16952038e5532904f,2b53375239b19c31e4947cc1033443c0,SO51224,35,TI-M823,1,35,e5cdc2e9be5ecca55f34ea2ebabb8670
11345,a37b3b8ed0bad1707ba2be514cc71f02,95ddec41f799217977c3384c83bfb0ca,SO50133,4098,BK-M68B-46,2,4098,fcf706c3e0fe93da0b11cc32b98eb22b
11346,79f46ce61b754fc6c2eeda754a6354bc,287c323e0efa1c1148232e905c3f7d34,SO49929,4098,BK-M68B-42,2,4098,1bc9f4b5f1c56b7e2d5b17c27dad280f
11346,d6ec5bff1a0809822c740ce35792fa7a,db2b287636ac5ebda430de4f3f643b24,SO52577,4640,BK-M68S-42,2,4640,6be9692276a308e4b872323af1ad8fe2
11346,d6ec5bff1a0809822c740ce35792fa7a,db2b287636ac5ebda430de4f3f643b24,SO52577,105,HL-U509,3,105,6be9692276a308e4b872323af1ad8fe2
11346,d6ec5bff1a0809822c740ce35792fa7a,db2b287636ac5ebda430de4f3f643b24,SO52577,150,LJ-0192-S,3,150,6be9692276a308e4b872323af1ad8fe2
11346,d6ec5bff1a0809822c740ce35792fa7a,db2b287636ac5ebda430de4f3f643b24,SO52577,9,SO-R809-L,1,9,6be9692276a308e4b872323af1ad8fe2
11346,d6ec5bff1a0809822c740ce35792fa7a,db2b287636ac5ebda430de4f3f643b24,SO52577,35,TI-M823,1,35,6be9692276a308e4b872323af1ad8fe2
11346,d6ec5bff1a0809822c740ce35792fa7a,db2b287636ac5ebda430de4f3f643b24,SO52577,5,TT-M928,1,5,6be9692276a308e4b872323af1ad8fe2
11347,0c8ff735cb2b05718573c08173335fd4,1685ca8ff12ea83725a1c35e1d89c5cd,SO54511,9,BC-R205,1,9,b8d9d66529b0a1e91f6137abcdd065dd
11347,0c8ff735cb2b05718573c08173335fd4,1685ca8ff12ea83725a1c35e1d89c5cd,SO54511,5,WB-H098,1,5,b8d9d66529b0a1e91f6137abcdd065dd
11348,3c8e2c51453f4d665f1050da871dead6,1f50dad3f1493a5cf408c4eb3987479e,SO55434,9,BC-R205,1,9,d34ba8f5d7fd7d5959a34c283fbec422
11348,3c8e2c51453f4d665f1050da871dead6,1f50dad3f1493a5cf408c4eb3987479e,SO55434,54,SJ-0194-L,1,54,d34ba8f5d7fd7d5959a34c283fbec422
11348,3c8e2c51453f4d665f1050da871dead6,1f50dad3f1493a5cf408c4eb3987479e,SO55434,5,WB-H098,1,5,d34ba8f5d7fd7d5959a34c283fbec422
11349,6cf9e035d2f1d8ffe1b9f2f96a9e7a3a,982b3b4109cce5d4e5bf1fcbe0ae259b,SO74649,9,BC-R205,1,9,db10519e66d9a7b809b91935ad1a696d
11349,6cf9e035d2f1d8ffe1b9f2f96a9e7a3a,982b3b4109cce5d4e5bf1fcbe0ae259b,SO74649,54,SJ-0194-M,1,54,db10519e66d9a7b809b91935ad1a696d
11349,6cf9e035d2f1d8ffe1b9f2f96a9e7a3a,982b3b4109cce5d4e5bf1fcbe0ae259b,SO74649,5,WB-H098,1,5,db10519e66d9a7b809b91935ad1a696d
11350,f799d104dd23bb828dcdaaefc4d25b61,ca510b577b53d588f80b4fc76030ea52,SO52317,9,BC-R205,1,9,cfceb7490eff6e660974507be7c579c6
11350,f799d104dd23bb828dcdaaefc4d25b61,ca510b577b53d588f80b4fc76030ea52,SO52317,48,GL-H102-M,2,48,cfceb7490eff6e660974507be7c579c6
11350,f799d104dd23bb828dcdaaefc4d25b61,ca510b577b53d588f80b4fc76030ea52,SO52317,5,WB-H098,1,5,cfceb7490eff6e660974507be7c579c6
11351,0b5b42bd1c2c831ec2018ff055eecdab,f4452b45d360c31d145f01d4f37c6e05,SO44889,3375,BK-M82B-38,1,3375,81bc86cf34d9877f667e64ab0836fbc9
11351,3e07f09fb2edbdf0bf6a54c17634514b,dca79d69a6b38e95c4b03bfab997796c,SO52966,4590,BK-M68B-46,2,4590,c375f33d72ca7161f341c2726e82d67a
11351,9d934f91c460e9947414d00048f2fa36,94b225b5b1f09ecd5e8ecdfb681ff04c,SO65135,9,BC-R205,1,9,3f0c8308e4e2e5c4ddc1b7e19304f613
11351,9d934f91c460e9947414d00048f2fa36,94b225b5b1f09ecd5e8ecdfb681ff04c,SO65135,2384,BK-T79Y-46,1,2384,3f0c8308e4e2e5c4ddc1b7e19304f613
11351,9d934f91c460e9947414d00048f2fa36,94b225b5b1f09ecd5e8ecdfb681ff04c,SO65135,5,WB-H098,1,5,3f0c8308e4e2e5c4ddc1b7e19304f613
11352,ab4946738415af86b5e3cee69b13301f,ed268f8f3837888893f896b7240f1254,SO57284,9,BC-R205,1,9,fde67888c64f701b59876ec559099b3e
11352,ab4946738415af86b5e3cee69b13301f,ed268f8f3837888893f896b7240f1254,SO57284,5,WB-H098,1,5,fde67888c64f701b59876ec559099b3e
11353,0b5b42bd1c2c831ec2018ff055eecdab,f4452b45d360c31d145f01d4f37c6e05,SO44899,3375,BK-M82B-48,1,3375,81bc86cf34d9877f667e64ab0836fbc9
11353,3e07f09fb2edbdf0bf6a54c17634514b,dca79d69a6b38e95c4b03bfab997796c,SO52967,10,BC-M005,1,10,c375f33d72ca7161f341c2726e82d67a
11353,3e07f09fb2edbdf0bf6a54c17634514b,dca79d69a6b38e95c4b03bfab997796c,SO52967,4590,BK-M68B-46,2,4590,c375f33d72ca7161f341c2726e82d67a
11353,3e07f09fb2edbdf0bf6a54c17634514b,dca79d69a6b38e95c4b03bfab997796c,SO52967,5,WB-H098,1,5,c375f33d72ca7161f341c2726e82d67a
11353,99b7e934795a93975a5e0c0b9b57d9ba,870bd4f3713260418e4f342f31dc7e33,SO63863,2384,BK-T79U-54,1,2384,7a8e187aeb003f6e34c02a4d5b9b153e
11353,99b7e934795a93975a5e0c0b9b57d9ba,870bd4f3713260418e4f342f31dc7e33,SO63863,9,SO-R809-M,1,9,7a8e187aeb003f6e34c02a4d5b9b153e
11354,545a3d56d20b22e09aa85bfa5ed8738d,31c99d724c1f182c60edb82eb4740277,SO72236,9,BC-R205,1,9,a9cd7a99d71cca9cb644010050374ade
11354,545a3d56d20b22e09aa85bfa5ed8738d,31c99d724c1f182c60edb82eb4740277,SO72236,27,CA-1098,3,27,a9cd7a99d71cca9cb644010050374ade
11354,545a3d56d20b22e09aa85bfa5ed8738d,31c99d724c1f182c60edb82eb4740277,SO72236,5,WB-H098,1,5,a9cd7a99d71cca9cb644010050374ade
11355,caa707f97407c07371136aaf471a91d4,4efe8b2ca156042f8a3d8dd6aba54520,SO67112,9,BC-R205,1,9,058af5b2a408d57b708367e5bf4e9d9c
11355,caa707f97407c07371136aaf471a91d4,4efe8b2ca156042f8a3d8dd6aba54520,SO67112,5,WB-H098,1,5,058af5b2a408d57b708367e5bf4e9d9c
11356,050bcbb7849a1aed0fb1af1cdb635b4a,835541a7e1c5fe9f0e2f6dd4fa1b8864,SO44628,3375,BK-M82B-38,1,3375,0e5d0e3f7f9f1ae575ea209e1c544a79
11356,1faee5670542865e021595151379fe5c,e5114f65ece65e14e7b721dab1e674e0,SO69791,9,BC-R205,1,9,83d1ed00595e79ee5ea3797e97970fe8
11356,1faee5670542865e021595151379fe5c,e5114f65ece65e14e7b721dab1e674e0,SO69791,742,BK-T18Y-50,1,742,83d1ed00595e79ee5ea3797e97970fe8
11356,1faee5670542865e021595151379fe5c,e5114f65ece65e14e7b721dab1e674e0,SO69791,105,HL-U509-R,3,105,83d1ed00595e79ee5ea3797e97970fe8
11356,1faee5670542865e021595151379fe5c,e5114f65ece65e14e7b721dab1e674e0,SO69791,5,WB-H098,1,5,83d1ed00595e79ee5ea3797e97970fe8
11356,7254e54716fe52361e62aa16ea2e0797,6eaadc1181f307997dc853d9ed40db36,SO59485,769,BK-M38S-38,1,769,e7df1b3ee078bdcfc260a877f321287d
11356,7254e54716fe52361e62aa16ea2e0797,6eaadc1181f307997dc853d9ed40db36,SO59485,70,SH-W890-L,1,70,e7df1b3ee078bdcfc260a877f321287d
11356,7254e54716fe52361e62aa16ea2e0797,6eaadc1181f307997dc853d9ed40db36,SO59485,64,VE-C304-M,1,64,e7df1b3ee078bdcfc260a877f321287d
11357,8728a5e296f39e49d2fa74c31820e99f,66e56e10b0f528b66a45e307ecdf4774,SO69654,742,BK-T18U-50,1,742,3fe686907939d07097f6c87f08025422
11357,b0533b36d073e7b905a5da8878aaa59c,1863d57986d1ff09ff1b6e4a7b1cbce6,SO44946,3375,BK-M82B-42,1,3375,1b4ad6f2870d20368322123ed8553459
11357,f108e0cd2f96a0c22086f9d45ee08f19,ad0b7f5ad35732646f1e5f67418d5995,SO60178,769,BK-M38S-46,1,769,7983129d9883ebc3b9dce3311996b001
11357,f108e0cd2f96a0c22086f9d45ee08f19,ad0b7f5ad35732646f1e5f67418d5995,SO60178,22,FE-6654,1,22,7983129d9883ebc3b9dce3311996b001
11357,f108e0cd2f96a0c22086f9d45ee08f19,ad0b7f5ad35732646f1e5f67418d5995,SO60178,105,HL-U509-R,3,105,7983129d9883ebc3b9dce3311996b001
11358,49fce086a31f1cfcf16b54e462f7cbc0,99c8f306659fd98cbb9d7f03ec0c2a7a,SO70821,9,BC-R205,1,9,e84848120190a8d0e696fbeb15647a74
11358,49fce086a31f1cfcf16b54e462f7cbc0,99c8f306659fd98cbb9d7f03ec0c2a7a,SO70821,742,BK-T18Y-44,1,742,e84848120190a8d0e696fbeb15647a74
11358,49fce086a31f1cfcf16b54e462f7cbc0,99c8f306659fd98cbb9d7f03ec0c2a7a,SO70821,55,HY-1023-70,1,55,e84848120190a8d0e696fbeb15647a74
11358,49fce086a31f1cfcf16b54e462f7cbc0,99c8f306659fd98cbb9d7f03ec0c2a7a,SO70821,5,WB-H098,1,5,e84848120190a8d0e696fbeb15647a74
11358,7983129d9883ebc3b9dce3311996b001,0df76889b3e31ccfd17b50cc73baef03,SO59831,769,BK-M38S-40,1,769,7254e54716fe52361e62aa16ea2e0797
11358,7983129d9883ebc3b9dce3311996b001,0df76889b3e31ccfd17b50cc73baef03,SO59831,27,CA-1098,3,27,7254e54716fe52361e62aa16ea2e0797
11358,7983129d9883ebc3b9dce3311996b001,0df76889b3e31ccfd17b50cc73baef03,SO59831,70,SH-W890-L,1,70,7254e54716fe52361e62aa16ea2e0797
11358,efb944cb000716b997c2d0fb263d30ad,11b3d48fc77bf2f9079ba4e1d713d8c7,SO45021,3375,BK-M82B-38,1,3375,d3eeaeda5049634d28ea066923698901
11359,1b4ad6f2870d20368322123ed8553459,2650f1a188c472a9efa2a38091dbaa44,SO44904,3375,BK-M82B-44,1,3375,4a355a6da86d846c130abd2241259099
11359,3a23b248b732af434a45fce0302aa11f,db2f6a564b6f5f41253c68874b50962b,SO62999,769,BK-M38S-38,1,769,290499d9b8e65db426ba9b842714eb6d
11359,3a23b248b732af434a45fce0302aa11f,db2f6a564b6f5f41253c68874b50962b,SO62999,22,FE-6654,1,22,290499d9b8e65db426ba9b842714eb6d
11359,3a23b248b732af434a45fce0302aa11f,db2f6a564b6f5f41253c68874b50962b,SO62999,105,HL-U509-R,3,105,290499d9b8e65db426ba9b842714eb6d
11359,8920fd63645007b243abb750709b1172,58c4ce5b9433e7b6d41793d5a76d5590,SO72355,9,BC-R205,1,9,0d3057f268050d468f468434f8ec809a
11359,8920fd63645007b243abb750709b1172,58c4ce5b9433e7b6d41793d5a76d5590,SO72355,742,BK-T18Y-54,1,742,0d3057f268050d468f468434f8ec809a
11359,8920fd63645007b243abb750709b1172,58c4ce5b9433e7b6d41793d5a76d5590,SO72355,2,PK-7098,1,2,0d3057f268050d468f468434f8ec809a
11359,8920fd63645007b243abb750709b1172,58c4ce5b9433e7b6d41793d5a76d5590,SO72355,5,WB-H098,1,5,0d3057f268050d468f468434f8ec809a
11360,1ba7e8cdf85da6cf5e11554703236b52,9592b44e2c3f304a9875f45537bec6eb,SO73709,742,BK-T18U-50,1,742,4c6ed4daa82e7326b84c24f4c2ae7064
11360,1ba7e8cdf85da6cf5e11554703236b52,9592b44e2c3f304a9875f45537bec6eb,SO73709,105,HL-U509,3,105,4c6ed4daa82e7326b84c24f4c2ae7064
11360,96d3e865edc2fe5309f3c81d7966ce52,a935c7a44f4c417071513541e30d7c95,SO45015,3400,BK-M82S-44,1,3400,c5a17660293447cbe93ad42b9ba5965c
11360,9d934f91c460e9947414d00048f2fa36,94b225b5b1f09ecd5e8ecdfb681ff04c,SO65150,769,BK-M38S-42,1,769,3f0c8308e4e2e5c4ddc1b7e19304f613
11360,9d934f91c460e9947414d00048f2fa36,94b225b5b1f09ecd5e8ecdfb681ff04c,SO65150,27,CA-1098,3,27,3f0c8308e4e2e5c4ddc1b7e19304f613
11360,9d934f91c460e9947414d00048f2fa36,94b225b5b1f09ecd5e8ecdfb681ff04c,SO65150,70,SH-W890-M,1,70,3f0c8308e4e2e5c4ddc1b7e19304f613
11361,702a02712215141594ddf8e52b0a651c,cd15e5f80ff20dd345bfaa51400dd0d6,SO67503,105,HL-U509,3,105,caa707f97407c07371136aaf471a91d4
11361,702a02712215141594ddf8e52b0a651c,cd15e5f80ff20dd345bfaa51400dd0d6,SO67503,25,TI-M267,1,25,caa707f97407c07371136aaf471a91d4
11361,702a02712215141594ddf8e52b0a651c,cd15e5f80ff20dd345bfaa51400dd0d6,SO67503,5,TT-M928,1,5,caa707f97407c07371136aaf471a91d4
11361,921bc92a493b53f98f24e6a8a12801be,17520f5649fab40fb66771362888cb90,SO71432,150,LJ-0192-L,3,150,6a8d7e42bb852c45fbf8610361d391a0
11362,a1d0c0a14c6c8f8a8ef8220209c23a64,05e7920e8caf0303dc01b77666952b75,SO66950,150,LJ-0192-S,3,150,cd15e5f80ff20dd345bfaa51400dd0d6
11362,d6ab5a0eee939524352092b964d92b84,106dfbaf552c07a1b08d065f2c343982,SO55180,2,PK-7098,1,2,3c4bf68562424c26986beae6ce13704a
11362,d6ab5a0eee939524352092b964d92b84,106dfbaf552c07a1b08d065f2c343982,SO55180,25,TI-M267,1,25,3c4bf68562424c26986beae6ce13704a
11363,4a355a6da86d846c130abd2241259099,dc0af343c9b6d5e1ad6ea6e30e094622,SO44871,3400,BK-M82S-42,1,3400,97b600823b984a4660a5f3a54c1365de
11363,6582aa26281b9a92ad60e6a03e274c00,232e830f1ac667c081eaaca23cdf9b5f,SO65396,769,BK-M38S-40,1,769,18f358e551b5b85912bc952ab9894c0d
11363,6582aa26281b9a92ad60e6a03e274c00,232e830f1ac667c081eaaca23cdf9b5f,SO65396,70,SH-W890-S,1,70,18f358e551b5b85912bc952ab9894c0d
11363,6582aa26281b9a92ad60e6a03e274c00,232e830f1ac667c081eaaca23cdf9b5f,SO65396,54,SJ-0194-S,1,54,18f358e551b5b85912bc952ab9894c0d
11363,b0950d12c62d3aeda81b2e8d06f2aef4,e366e24b8ad0b1107528f2f58cd15a81,SO73411,742,BK-T18U-62,1,742,a048b8d5f3f9178f163e2be055f0138b
11364,4584ca349e0920f4436a3c2f36158b85,6e32728b966bb91cefefa1316da21ca8,SO68469,769,BK-M38S-46,1,769,ca38f30e56a72f4d0c8d2264322c5862
11364,4584ca349e0920f4436a3c2f36158b85,6e32728b966bb91cefefa1316da21ca8,SO68469,105,HL-U509-B,3,105,ca38f30e56a72f4d0c8d2264322c5862
11364,81bc86cf34d9877f667e64ab0836fbc9,a8a3dbb4e486b164bdd7b0d4a21bdeac,SO44864,3375,BK-M82B-38,1,3375,58fbfe4a809a492f7e56c87487b71b73
11364,ca5b8307fa5f2189fb98330a9d65927c,88077cf01a3e17831c2d0bcca5897c5b,SO74026,742,BK-T18Y-62,1,742,5cbbe853aa1a5a1370f9a614904c4b15
11365,1ba7e8cdf85da6cf5e11554703236b52,9592b44e2c3f304a9875f45537bec6eb,SO73710,9,BC-R205,1,9,4c6ed4daa82e7326b84c24f4c2ae7064
11365,1ba7e8cdf85da6cf5e11554703236b52,9592b44e2c3f304a9875f45537bec6eb,SO73710,742,BK-T18Y-50,1,742,4c6ed4daa82e7326b84c24f4c2ae7064
11365,1ba7e8cdf85da6cf5e11554703236b52,9592b44e2c3f304a9875f45537bec6eb,SO73710,5,WB-H098,1,5,4c6ed4daa82e7326b84c24f4c2ae7064
11365,4584ca349e0920f4436a3c2f36158b85,6e32728b966bb91cefefa1316da21ca8,SO68470,769,BK-M38S-46,1,769,ca38f30e56a72f4d0c8d2264322c5862
11365,4584ca349e0920f4436a3c2f36158b85,6e32728b966bb91cefefa1316da21ca8,SO68470,70,SH-W890-L,1,70,ca38f30e56a72f4d0c8d2264322c5862
11365,4584ca349e0920f4436a3c2f36158b85,6e32728b966bb91cefefa1316da21ca8,SO68470,54,SJ-0194-M,1,54,ca38f30e56a72f4d0c8d2264322c5862
11365,f4452b45d360c31d145f01d4f37c6e05,b81e2439358b70281e1c24b06f6b2f55,SO44807,3375,BK-M82B-44,1,3375,a8a3dbb4e486b164bdd7b0d4a21bdeac
11366,2d6e054ac82934d489c58cc8399a1628,ce08c22f7777768ce4197eab9727516c,SO60771,150,LJ-0192-X,3,150,348f48807f500aeac729fb17d9bc97f1
11366,b0241b451647f25db5f52074445d820c,7a8e187aeb003f6e34c02a4d5b9b153e,SO64246,2,PK-7098,1,2,56d78836c9cf0de136c4d2d37aba2280
11366,b0241b451647f25db5f52074445d820c,7a8e187aeb003f6e34c02a4d5b9b153e,SO64246,25,TI-M267,1,25,56d78836c9cf0de136c4d2d37aba2280
11367,2ed3972e38245b633ec6b146c2970148,6477c205c5117a9448ba863e111acf32,SO61663,150,LJ-0192-M,3,150,2becb9647677a1a316b388bbad689580
11367,2ed3972e38245b633ec6b146c2970148,6477c205c5117a9448ba863e111acf32,SO61663,9,SO-R809-L,1,9,2becb9647677a1a316b388bbad689580
11367,d5985f40495ba672dff8a99620b879c8,a9adf65abbb865184bf924d14a93d0c4,SO71494,2,PK-7098,1,2,8f472ffe3ff3109f420ae91355ff8f3f
11367,d5985f40495ba672dff8a99620b879c8,a9adf65abbb865184bf924d14a93d0c4,SO71494,25,TI-M267,1,25,8f472ffe3ff3109f420ae91355ff8f3f
11368,175a5d217fad85df9f6639d7ced1e5d9,511572e8a25e86c2f48ae9e6d73a1e6a,SO68937,769,BK-M38S-42,1,769,66e56e10b0f528b66a45e307ecdf4774
11368,175a5d217fad85df9f6639d7ced1e5d9,511572e8a25e86c2f48ae9e6d73a1e6a,SO68937,22,FE-6654,1,22,66e56e10b0f528b66a45e307ecdf4774
11368,175a5d217fad85df9f6639d7ced1e5d9,511572e8a25e86c2f48ae9e6d73a1e6a,SO68937,54,SJ-0194-X,1,54,66e56e10b0f528b66a45e307ecdf4774
11368,175a5d217fad85df9f6639d7ced1e5d9,511572e8a25e86c2f48ae9e6d73a1e6a,SO68937,30,TI-M602,1,30,66e56e10b0f528b66a45e307ecdf4774
11368,175a5d217fad85df9f6639d7ced1e5d9,511572e8a25e86c2f48ae9e6d73a1e6a,SO68937,5,TT-M928,1,5,66e56e10b0f528b66a45e307ecdf4774
11368,a09d09970403327b4ca7bf98052cd060,0b5b42bd1c2c831ec2018ff055eecdab,SO44993,3375,BK-M82B-44,1,3375,fe79f48f1af975659b09282772273c5f
11368,c83e871e48c2716e0f28e60d166a5c98,6a8d7e42bb852c45fbf8610361d391a0,SO72126,742,BK-T18Y-54,1,742,c4c454d69a39e60a6f5cf2f97148adad
11368,c83e871e48c2716e0f28e60d166a5c98,6a8d7e42bb852c45fbf8610361d391a0,SO72126,48,GL-H102-L,2,48,c4c454d69a39e60a6f5cf2f97148adad
11368,c83e871e48c2716e0f28e60d166a5c98,6a8d7e42bb852c45fbf8610361d391a0,SO72126,150,LJ-0192-X,3,150,c4c454d69a39e60a6f5cf2f97148adad
11368,c83e871e48c2716e0f28e60d166a5c98,6a8d7e42bb852c45fbf8610361d391a0,SO72126,29,TI-T723,1,29,c4c454d69a39e60a6f5cf2f97148adad
11368,c83e871e48c2716e0f28e60d166a5c98,6a8d7e42bb852c45fbf8610361d391a0,SO72126,5,TT-T092,1,5,c4c454d69a39e60a6f5cf2f97148adad
11369,d53f9d33cac0a297449a74a10d031570,e0bcd0ff3072dfe15609d6be1529b0b8,SO61545,27,CA-1098,3,27,4cc27df81afd686c0420394e090460cb
11369,d53f9d33cac0a297449a74a10d031570,e0bcd0ff3072dfe15609d6be1529b0b8,SO61545,150,LJ-0192-X,3,150,4cc27df81afd686c0420394e090460cb
11369,d7f57f35d2bad1349ca24a67a2635eea,5432d51ee94799c0125bb158c8a8bd22,SO74032,105,HL-U509-R,3,105,1ba7e8cdf85da6cf5e11554703236b52
11369,d7f57f35d2bad1349ca24a67a2635eea,5432d51ee94799c0125bb158c8a8bd22,SO74032,25,TI-M267,1,25,1ba7e8cdf85da6cf5e11554703236b52
11370,5c741aa8e0753be65314a304e7b39c14,d945ec2aae74dbfb829453026b91c235,SO62023,25,TI-M267,1,25,7ee641303ef8d8b10d0ed00a060c73cc
11370,5c741aa8e0753be65314a304e7b39c14,d945ec2aae74dbfb829453026b91c235,SO62023,5,TT-M928,1,5,7ee641303ef8d8b10d0ed00a060c73cc
11370,702a02712215141594ddf8e52b0a651c,cd15e5f80ff20dd345bfaa51400dd0d6,SO67492,150,LJ-0192-X,3,150,caa707f97407c07371136aaf471a91d4
11371,3f72b837978dcd042b73e7270f11a4ca,83d1ed00595e79ee5ea3797e97970fe8,SO70254,150,LJ-0192-X,3,150,99c8f306659fd98cbb9d7f03ec0c2a7a
11371,9c55d6518880c1abf100a24da2546368,47a161474962a6dcc03cfa64127a641f,SO74097,25,TI-M267,1,25,9795c57676ee8b8b6ba9a6f9014a520b
11372,63efdd3324df66c9965bd622cdebe06a,7acd252f45ad6fe668386456a673d543,SO68070,769,BK-M38S-46,1,769,6e32728b966bb91cefefa1316da21ca8
11372,63efdd3324df66c9965bd622cdebe06a,7acd252f45ad6fe668386456a673d543,SO68070,70,SH-W890-L,1,70,6e32728b966bb91cefefa1316da21ca8
11372,81bc86cf34d9877f667e64ab0836fbc9,a8a3dbb4e486b164bdd7b0d4a21bdeac,SO44865,3375,BK-M82B-48,1,3375,58fbfe4a809a492f7e56c87487b71b73
11372,88077cf01a3e17831c2d0bcca5897c5b,95a2a9aefc393f8630e934768cacf4cd,SO73097,9,BC-R205,1,9,86e0fc464cbb08ae74bd039224afec9a
11372,88077cf01a3e17831c2d0bcca5897c5b,95a2a9aefc393f8630e934768cacf4cd,SO73097,742,BK-T18U-58,1,742,86e0fc464cbb08ae74bd039224afec9a
11373,ccf89c691dabb1412404274596922d90,b0241b451647f25db5f52074445d820c,SO65059,9,BC-R205,1,9,7299e51cfc0d5174743a6701a8a96488
11373,ccf89c691dabb1412404274596922d90,b0241b451647f25db5f52074445d820c,SO65059,48,GL-H102-S,2,48,7299e51cfc0d5174743a6701a8a96488
11373,ccf89c691dabb1412404274596922d90,b0241b451647f25db5f52074445d820c,SO65059,5,WB-H098,1,5,7299e51cfc0d5174743a6701a8a96488
11374,427ed6396fba4ed8ead9ec3229517d2b,3519c8eb4095dbc69d80eb61856d3435,SO56252,105,HL-U509-R,3,105,629ffff971d10f275a79a70fae527fbc
11374,427ed6396fba4ed8ead9ec3229517d2b,3519c8eb4095dbc69d80eb61856d3435,SO56252,29,TI-T723,1,29,629ffff971d10f275a79a70fae527fbc
11374,427ed6396fba4ed8ead9ec3229517d2b,3519c8eb4095dbc69d80eb61856d3435,SO56252,5,TT-T092,1,5,629ffff971d10f275a79a70fae527fbc
11375,66e56e10b0f528b66a45e307ecdf4774,691ad1b0dca3643b923973defd014d47,SO68592,9,BC-R205,1,9,8eb7a1b0dba9fdd5f4248b9cb6b9119b
11375,66e56e10b0f528b66a45e307ecdf4774,691ad1b0dca3643b923973defd014d47,SO68592,5,WB-H098,1,5,8eb7a1b0dba9fdd5f4248b9cb6b9119b
11376,c135545cc3f3a739132ffdbc8096f3d4,36ab6f1df21f3c9a169c8942e981959a,SO68430,48,GL-H102-M,2,48,511572e8a25e86c2f48ae9e6d73a1e6a
11376,c135545cc3f3a739132ffdbc8096f3d4,36ab6f1df21f3c9a169c8942e981959a,SO68430,54,SJ-0194-M,1,54,511572e8a25e86c2f48ae9e6d73a1e6a
11377,51c449e55b4a63a16fb45beb689150d5,18bea060239713ee5f865109f63f3a8a,SO53647,150,LJ-0192-L,3,150,714597fe9448176d17876617114a65bc
11377,51c449e55b4a63a16fb45beb689150d5,18bea060239713ee5f865109f63f3a8a,SO53647,29,TI-T723,1,29,714597fe9448176d17876617114a65bc
11377,51c449e55b4a63a16fb45beb689150d5,18bea060239713ee5f865109f63f3a8a,SO53647,5,TT-T092,1,5,714597fe9448176d17876617114a65bc
11378,c375f33d72ca7161f341c2726e82d67a,9f79f7706bc6a7654ef0b8977966f69a,SO52731,10,BC-M005,1,10,0dc34ca2aaa8612cde077f1880b78b25
11378,c375f33d72ca7161f341c2726e82d67a,9f79f7706bc6a7654ef0b8977966f69a,SO52731,4640,BK-M68S-38,2,4640,0dc34ca2aaa8612cde077f1880b78b25
11378,c375f33d72ca7161f341c2726e82d67a,9f79f7706bc6a7654ef0b8977966f69a,SO52731,105,HL-U509,3,105,0dc34ca2aaa8612cde077f1880b78b25
11378,fcf706c3e0fe93da0b11cc32b98eb22b,4652a559216121874754c7ecfe692e94,SO50092,4142,BK-M68S-42,2,4142,ff9b4d639b22897f1c0256881eeb8643
11379,14e4b13c27fb9bce9938ce35b6597eca,c375f33d72ca7161f341c2726e82d67a,SO53350,4640,BK-M68S-42,2,4640,9b98d27287b27eeee9ebc06e1d5a9a8d
11379,14e4b13c27fb9bce9938ce35b6597eca,c375f33d72ca7161f341c2726e82d67a,SO53350,22,FE-6654,1,22,9b98d27287b27eeee9ebc06e1d5a9a8d
11379,14e4b13c27fb9bce9938ce35b6597eca,c375f33d72ca7161f341c2726e82d67a,SO53350,105,HL-U509-B,3,105,9b98d27287b27eeee9ebc06e1d5a9a8d
11379,9ee2a0f409662e4664217b7e3b808428,19fce68d7871e14df67c5940bc0ca8ab,SO49939,4098,BK-M68B-42,2,4098,fd23826ef02908bf7404839a32ae44b4
11380,00c0d1d4fb14e331ca9e478a9afc945d,5a9689f90da5d0d012de304d7da67a8b,SO45891,3400,BK-M82S-44,1,3400,e1c989a8683174b4fd778fa463ff0253
11380,b8cc77f0099ae7d3a20b9f0b74d70b12,70ad7386c1fe794c57fa3908ff22435d,SO52162,10,BC-M005,1,10,5e9b4970006d8f02ba0bc1763fa8b9a6
11380,b8cc77f0099ae7d3a20b9f0b74d70b12,70ad7386c1fe794c57fa3908ff22435d,SO52162,4590,BK-M68B-46,2,4590,5e9b4970006d8f02ba0bc1763fa8b9a6
11380,b8cc77f0099ae7d3a20b9f0b74d70b12,70ad7386c1fe794c57fa3908ff22435d,SO52162,8,CL-9009,1,8,5e9b4970006d8f02ba0bc1763fa8b9a6
11380,b8cc77f0099ae7d3a20b9f0b74d70b12,70ad7386c1fe794c57fa3908ff22435d,SO52162,120,RA-H123,1,120,5e9b4970006d8f02ba0bc1763fa8b9a6
11380,b8cc77f0099ae7d3a20b9f0b74d70b12,70ad7386c1fe794c57fa3908ff22435d,SO52162,5,WB-H098,1,5,5e9b4970006d8f02ba0bc1763fa8b9a6
11381,0b5b42bd1c2c831ec2018ff055eecdab,f4452b45d360c31d145f01d4f37c6e05,SO44890,3400,BK-M82S-44,1,3400,81bc86cf34d9877f667e64ab0836fbc9
11381,232e830f1ac667c081eaaca23cdf9b5f,4b5c3229e0725ef8d303f494db9faec8,SO64521,2384,BK-T79U-50,1,2384,abe94c2111c58e9c9672602d41bce66e
11381,232e830f1ac667c081eaaca23cdf9b5f,4b5c3229e0725ef8d303f494db9faec8,SO64521,105,HL-U509,3,105,abe94c2111c58e9c9672602d41bce66e
11381,b8cc77f0099ae7d3a20b9f0b74d70b12,70ad7386c1fe794c57fa3908ff22435d,SO52161,4640,BK-M68S-42,2,4640,5e9b4970006d8f02ba0bc1763fa8b9a6
11381,b8cc77f0099ae7d3a20b9f0b74d70b12,70ad7386c1fe794c57fa3908ff22435d,SO52161,22,FE-6654,1,22,5e9b4970006d8f02ba0bc1763fa8b9a6
11382,086ede30a02aceddb0b53ef006935d73,a37b3b8ed0bad1707ba2be514cc71f02,SO50404,4098,BK-M68B-38,2,4098,af04e65ff21d922e75b51466fd45d408
11382,18bea060239713ee5f865109f63f3a8a,7f026edc73bd4602381834e9b850d6c2,SO52846,4590,BK-M68B-46,2,4590,d6ec5bff1a0809822c740ce35792fa7a
11383,982b3b4109cce5d4e5bf1fcbe0ae259b,501407dcfde5b685045ca3072168d5bb,SO74275,9,BC-R205,1,9,d7f57f35d2bad1349ca24a67a2635eea
11383,982b3b4109cce5d4e5bf1fcbe0ae259b,501407dcfde5b685045ca3072168d5bb,SO74275,105,HL-U509-R,3,105,d7f57f35d2bad1349ca24a67a2635eea
11383,982b3b4109cce5d4e5bf1fcbe0ae259b,501407dcfde5b685045ca3072168d5bb,SO74275,5,WB-H098,1,5,d7f57f35d2bad1349ca24a67a2635eea
11384,a946e75bc65318721cd1e01162d392dd,5efefff01843f5aa3f7d8a4d44b4bf2e,SO63468,9,BC-R205,1,9,3a23b248b732af434a45fce0302aa11f
11384,a946e75bc65318721cd1e01162d392dd,5efefff01843f5aa3f7d8a4d44b4bf2e,SO63468,105,HL-U509-B,3,105,3a23b248b732af434a45fce0302aa11f
11384,a946e75bc65318721cd1e01162d392dd,5efefff01843f5aa3f7d8a4d44b4bf2e,SO63468,5,WB-H098,1,5,3a23b248b732af434a45fce0302aa11f
11385,f8025d3776b5f7522a6120cb4e9e0783,2d6e054ac82934d489c58cc8399a1628,SO61632,9,BC-R205,1,9,d945ec2aae74dbfb829453026b91c235
11385,f8025d3776b5f7522a6120cb4e9e0783,2d6e054ac82934d489c58cc8399a1628,SO61632,5,WB-H098,1,5,d945ec2aae74dbfb829453026b91c235
11386,99c8f306659fd98cbb9d7f03ec0c2a7a,705fa39ab40831529471c768490339ab,SO69900,105,HL-U509-R,3,105,fff3c307c93eda1eb91d53ca588846fe
11386,99c8f306659fd98cbb9d7f03ec0c2a7a,705fa39ab40831529471c768490339ab,SO69900,29,TI-T723,1,29,fff3c307c93eda1eb91d53ca588846fe
11386,99c8f306659fd98cbb9d7f03ec0c2a7a,705fa39ab40831529471c768490339ab,SO69900,5,TT-T092,1,5,fff3c307c93eda1eb91d53ca588846fe
11387,20b851db79828c985958154243411278,96a3262695f10a59b726f3dfd4782c4d,SO51550,4640,BK-M68S-38,2,4640,a7cb0a760406e2013c8442a429fed0ae
11387,20b851db79828c985958154243411278,96a3262695f10a59b726f3dfd4782c4d,SO51550,105,HL-U509-R,3,105,a7cb0a760406e2013c8442a429fed0ae
11387,73a69a5c77a7d23172e54d7ce07a638e,5a06908cc28b799b04fc1c47664462e6,SO55493,9,BC-R205,1,9,41fc4cb27e0ee552c4c9247e1a476cc5
11387,73a69a5c77a7d23172e54d7ce07a638e,5a06908cc28b799b04fc1c47664462e6,SO55493,1215,BK-T44U-50,1,1215,41fc4cb27e0ee552c4c9247e1a476cc5
11387,73a69a5c77a7d23172e54d7ce07a638e,5a06908cc28b799b04fc1c47664462e6,SO55493,5,WB-H098,1,5,41fc4cb27e0ee552c4c9247e1a476cc5
11387,e89a01c7beb66fd77ea090731710a12e,0095a52f8a0e02a140bcad01e006d00c,SO45229,3375,BK-M82B-42,1,3375,fcd5adae10c8b193e7f485daaca8edaf
11388,4203367f75691615833ed21a18072519,3f2cc1cda23225c8d4cf5b2e744cc92d,SO45087,3375,BK-M82B-44,1,3375,efb944cb000716b997c2d0fb263d30ad
11388,96a3262695f10a59b726f3dfd4782c4d,4c198b2e79c53a9853bfbc76e8e8ae1e,SO51360,10,BC-M005,1,10,07713adfd12a8cd9d376671631f3bc02
11388,96a3262695f10a59b726f3dfd4782c4d,4c198b2e79c53a9853bfbc76e8e8ae1e,SO51360,4640,BK-M68S-46,2,4640,07713adfd12a8cd9d376671631f3bc02
11388,96a3262695f10a59b726f3dfd4782c4d,4c198b2e79c53a9853bfbc76e8e8ae1e,SO51360,8,CL-9009,1,8,07713adfd12a8cd9d376671631f3bc02
11388,96a3262695f10a59b726f3dfd4782c4d,4c198b2e79c53a9853bfbc76e8e8ae1e,SO51360,5,WB-H098,1,5,07713adfd12a8cd9d376671631f3bc02
11388,fde67888c64f701b59876ec559099b3e,6353a8421ee460b64f2c988cc72a8391,SO56837,1215,BK-T44U-54,1,1215,4ceff7612cfa4420892fe23b23ca9265
11388,fde67888c64f701b59876ec559099b3e,6353a8421ee460b64f2c988cc72a8391,SO56837,54,SJ-0194-X,1,54,4ceff7612cfa4420892fe23b23ca9265
11389,fd5ba6fdeb81e07b2caf0b103489bd8d,e871b36e68b0b3d0af9c742d81fef27a,SO70972,105,HL-U509-R,3,105,17520f5649fab40fb66771362888cb90
11389,fd5ba6fdeb81e07b2caf0b103489bd8d,e871b36e68b0b3d0af9c742d81fef27a,SO70972,29,TI-T723,1,29,17520f5649fab40fb66771362888cb90
11389,fd5ba6fdeb81e07b2caf0b103489bd8d,e871b36e68b0b3d0af9c742d81fef27a,SO70972,5,TT-T092,1,5,17520f5649fab40fb66771362888cb90
11390,3f72b837978dcd042b73e7270f11a4ca,83d1ed00595e79ee5ea3797e97970fe8,SO70289,9,BC-R205,1,9,99c8f306659fd98cbb9d7f03ec0c2a7a
11390,3f72b837978dcd042b73e7270f11a4ca,83d1ed00595e79ee5ea3797e97970fe8,SO70289,105,HL-U509-B,3,105,99c8f306659fd98cbb9d7f03ec0c2a7a
11390,3f72b837978dcd042b73e7270f11a4ca,83d1ed00595e79ee5ea3797e97970fe8,SO70289,5,WB-H098,1,5,99c8f306659fd98cbb9d7f03ec0c2a7a
11391,83d1ed00595e79ee5ea3797e97970fe8,fe1fd19c021e78ec395980c2e347865e,SO69199,29,TI-T723,1,29,705fa39ab40831529471c768490339ab
11391,83d1ed00595e79ee5ea3797e97970fe8,fe1fd19c021e78ec395980c2e347865e,SO69199,5,TT-T092,1,5,705fa39ab40831529471c768490339ab
11392,d6ab5a0eee939524352092b964d92b84,106dfbaf552c07a1b08d065f2c343982,SO55212,29,TI-T723,1,29,3c4bf68562424c26986beae6ce13704a
11393,db2f6a564b6f5f41253c68874b50962b,76918877cf6ce7011018cd9708723392,SO62268,9,BC-R205,1,9,606ed413481267c98754e3351f662859
11393,db2f6a564b6f5f41253c68874b50962b,76918877cf6ce7011018cd9708723392,SO62268,5,WB-H098,1,5,606ed413481267c98754e3351f662859
11394,9f79f7706bc6a7654ef0b8977966f69a,e2f7ff887646789ea003d03bc2025325,SO52108,10,BC-M005,1,10,361e2c62255e0c1887ac2139911ca300
11394,9f79f7706bc6a7654ef0b8977966f69a,e2f7ff887646789ea003d03bc2025325,SO52108,4640,BK-M68S-38,2,4640,361e2c62255e0c1887ac2139911ca300
11394,9f79f7706bc6a7654ef0b8977966f69a,e2f7ff887646789ea003d03bc2025325,SO52108,8,CL-9009,1,8,361e2c62255e0c1887ac2139911ca300
11394,9f79f7706bc6a7654ef0b8977966f69a,e2f7ff887646789ea003d03bc2025325,SO52108,5,WB-H098,1,5,361e2c62255e0c1887ac2139911ca300
11394,a946e75bc65318721cd1e01162d392dd,5efefff01843f5aa3f7d8a4d44b4bf2e,SO63493,2384,BK-T79U-46,1,2384,3a23b248b732af434a45fce0302aa11f
11394,a946e75bc65318721cd1e01162d392dd,5efefff01843f5aa3f7d8a4d44b4bf2e,SO63493,105,HL-U509-R,3,105,3a23b248b732af434a45fce0302aa11f
11394,f5c31768618e3c8a7f1b3b755f08aa67,c5a17660293447cbe93ad42b9ba5965c,SO45095,3400,BK-M82S-38,1,3400,63c0ac0c5d4eb1d53a95d812bbe183b2
11395,15699e35c72c4036c71409f3f3d69528,f5933feadc49c253e4f0e77b236946e9,SO53006,10,BC-M005,1,10,deff8ad81a213d1110c1f409a7f40fcd
11395,15699e35c72c4036c71409f3f3d69528,f5933feadc49c253e4f0e77b236946e9,SO53006,4640,BK-M68S-42,2,4640,deff8ad81a213d1110c1f409a7f40fcd
11395,4e6174091aa6704e09467a0839dac801,3c6f36b5b624fc10e0e7fb916bc9e67a,SO46229,3400,BK-M82S-38,1,3400,ab121e91b47aaffbbc247dca4687f0f0
11396,83d1ed00595e79ee5ea3797e97970fe8,fe1fd19c021e78ec395980c2e347865e,SO69200,29,TI-T723,1,29,705fa39ab40831529471c768490339ab
11397,2ed3972e38245b633ec6b146c2970148,6477c205c5117a9448ba863e111acf32,SO61709,9,BC-R205,1,9,2becb9647677a1a316b388bbad689580
11397,2ed3972e38245b633ec6b146c2970148,6477c205c5117a9448ba863e111acf32,SO61709,48,GL-H102-M,2,48,2becb9647677a1a316b388bbad689580
11397,2ed3972e38245b633ec6b146c2970148,6477c205c5117a9448ba863e111acf32,SO61709,5,WB-H098,1,5,2becb9647677a1a316b388bbad689580
11398,4203367f75691615833ed21a18072519,3f2cc1cda23225c8d4cf5b2e744cc92d,SO45088,3400,BK-M82S-42,1,3400,efb944cb000716b997c2d0fb263d30ad
11398,a946e75bc65318721cd1e01162d392dd,5efefff01843f5aa3f7d8a4d44b4bf2e,SO63494,2384,BK-T79Y-50,1,2384,3a23b248b732af434a45fce0302aa11f
11398,a946e75bc65318721cd1e01162d392dd,5efefff01843f5aa3f7d8a4d44b4bf2e,SO63494,105,HL-U509,3,105,3a23b248b732af434a45fce0302aa11f
11398,deff8ad81a213d1110c1f409a7f40fcd,b8cc77f0099ae7d3a20b9f0b74d70b12,SO52784,4590,BK-M68B-38,2,4590,f04e53711455521533f4c5ed7dcaa287
11399,a2c49941411089cb2a9cbf78cb803c26,73a69a5c77a7d23172e54d7ce07a638e,SO56172,9,BC-R205,1,9,39fe373cdcb4534addde73890415b660
11399,a2c49941411089cb2a9cbf78cb803c26,73a69a5c77a7d23172e54d7ce07a638e,SO56172,5,WB-H098,1,5,39fe373cdcb4534addde73890415b660
11400,78cee6501c10922e466c02f814c8627b,892aa61c5dad53571248cc492fa50176,SO51206,10,BC-M005,1,10,109423a52128e234487abcd717f01458
11400,78cee6501c10922e466c02f814c8627b,892aa61c5dad53571248cc492fa50176,SO51206,4590,BK-M68B-42,2,4590,109423a52128e234487abcd717f01458
11400,78cee6501c10922e466c02f814c8627b,892aa61c5dad53571248cc492fa50176,SO51206,27,CA-1098,3,27,109423a52128e234487abcd717f01458
11400,78cee6501c10922e466c02f814c8627b,892aa61c5dad53571248cc492fa50176,SO51206,5,WB-H098,1,5,109423a52128e234487abcd717f01458
11400,95103530881768b5cfc7e33970db9cd7,2ed3972e38245b633ec6b146c2970148,SO62451,1215,BK-T44U-46,1,1215,305c66634c155cab2b5cc3ce00351eb1
11400,95103530881768b5cfc7e33970db9cd7,2ed3972e38245b633ec6b146c2970148,SO62451,27,CA-1098,3,27,305c66634c155cab2b5cc3ce00351eb1
11400,95103530881768b5cfc7e33970db9cd7,2ed3972e38245b633ec6b146c2970148,SO62451,150,LJ-0192-L,3,150,305c66634c155cab2b5cc3ce00351eb1
11400,e5395ed6218fcdbee3bcf445ea9eaaa3,4203367f75691615833ed21a18072519,SO45159,3375,BK-M82B-42,1,3375,126a150f00133dcede50b2ccff26629d
11401,18ed686c4efc5757b5c809cfcc456ce1,c9e159941f9c2ce8daa7b4737e7f8552,SO50328,4142,BK-M68S-46,2,4142,decf9fc89a1038c423f1bef01a953ac9
11401,70ad7386c1fe794c57fa3908ff22435d,bc58efba5e800fb688b34bfde89c24bf,SO51589,4590,BK-M68B-38,2,4590,b2e85aa5f9c095607e638c7e6e2c694b
11401,70ad7386c1fe794c57fa3908ff22435d,bc58efba5e800fb688b34bfde89c24bf,SO51589,48,GL-H102-L,2,48,b2e85aa5f9c095607e638c7e6e2c694b
11401,70ad7386c1fe794c57fa3908ff22435d,bc58efba5e800fb688b34bfde89c24bf,SO51589,55,HY-1023-70,1,55,b2e85aa5f9c095607e638c7e6e2c694b
11401,da9c4ba6c9a1ae8725389bfd38b5763a,3e48b2167bd86ef570e46d0b286c4f74,SO54100,540,BK-R19B-52,1,540,9223b53f03a405f817e91392f0294f6a
11401,da9c4ba6c9a1ae8725389bfd38b5763a,3e48b2167bd86ef570e46d0b286c4f74,SO54100,105,HL-U509-B,3,105,9223b53f03a405f817e91392f0294f6a
11402,070e7bb8852d69e16952038e5532904f,2b53375239b19c31e4947cc1033443c0,SO51228,10,BC-M005,1,10,e5cdc2e9be5ecca55f34ea2ebabb8670
11402,070e7bb8852d69e16952038e5532904f,2b53375239b19c31e4947cc1033443c0,SO51228,4640,BK-M68S-42,2,4640,e5cdc2e9be5ecca55f34ea2ebabb8670
11402,070e7bb8852d69e16952038e5532904f,2b53375239b19c31e4947cc1033443c0,SO51228,27,CA-1098,3,27,e5cdc2e9be5ecca55f34ea2ebabb8670
11402,070e7bb8852d69e16952038e5532904f,2b53375239b19c31e4947cc1033443c0,SO51228,55,HY-1023-70,1,55,e5cdc2e9be5ecca55f34ea2ebabb8670
11402,070e7bb8852d69e16952038e5532904f,2b53375239b19c31e4947cc1033443c0,SO51228,5,WB-H098,1,5,e5cdc2e9be5ecca55f34ea2ebabb8670
11402,59c3d64cb01cd5ad7fd25246d81a55ff,ac15b60491fe99190c0248790e690757,SO55551,9,BC-R205,1,9,d8a4ea0dc4237ee8690ee37b3902fd0e
11402,59c3d64cb01cd5ad7fd25246d81a55ff,ac15b60491fe99190c0248790e690757,SO55551,540,BK-R19B-44,1,540,d8a4ea0dc4237ee8690ee37b3902fd0e
11402,59c3d64cb01cd5ad7fd25246d81a55ff,ac15b60491fe99190c0248790e690757,SO55551,105,HL-U509-B,3,105,d8a4ea0dc4237ee8690ee37b3902fd0e
11402,59c3d64cb01cd5ad7fd25246d81a55ff,ac15b60491fe99190c0248790e690757,SO55551,5,WB-H098,1,5,d8a4ea0dc4237ee8690ee37b3902fd0e
11402,aa42aae45cd2488a20db2ff74ed044f7,e8e793c69d6c0688e51cf9bd1abe03b3,SO50442,4142,BK-M68S-38,2,4142,8242bea4faa7e8112c9c701d437fbe67
11403,0df76889b3e31ccfd17b50cc73baef03,debbb2493c6588799fc787e1854bcda5,SO58831,540,BK-R19B-48,1,540,6eaadc1181f307997dc853d9ed40db36
11403,0df76889b3e31ccfd17b50cc73baef03,debbb2493c6588799fc787e1854bcda5,SO58831,2,PK-7098,1,2,6eaadc1181f307997dc853d9ed40db36
11403,0df76889b3e31ccfd17b50cc73baef03,debbb2493c6588799fc787e1854bcda5,SO58831,21,TI-R092,1,21,6eaadc1181f307997dc853d9ed40db36
11403,18ed686c4efc5757b5c809cfcc456ce1,c9e159941f9c2ce8daa7b4737e7f8552,SO50329,4142,BK-M68S-42,2,4142,decf9fc89a1038c423f1bef01a953ac9
11403,7af7abc5e37d5fa2e2334b4fec2584e2,5b07cd2a9dfb9437a07ea3012d6efbb7,SO51512,10,BC-M005,1,10,5dddb266d8c26eece51489fe90c9f47d
11403,7af7abc5e37d5fa2e2334b4fec2584e2,5b07cd2a9dfb9437a07ea3012d6efbb7,SO51512,4640,BK-M68S-38,2,4640,5dddb266d8c26eece51489fe90c9f47d
11403,7af7abc5e37d5fa2e2334b4fec2584e2,5b07cd2a9dfb9437a07ea3012d6efbb7,SO51512,27,CA-1098,3,27,5dddb266d8c26eece51489fe90c9f47d
11403,7af7abc5e37d5fa2e2334b4fec2584e2,5b07cd2a9dfb9437a07ea3012d6efbb7,SO51512,54,SJ-0194-M,1,54,5dddb266d8c26eece51489fe90c9f47d
11403,7af7abc5e37d5fa2e2334b4fec2584e2,5b07cd2a9dfb9437a07ea3012d6efbb7,SO51512,5,WB-H098,1,5,5dddb266d8c26eece51489fe90c9f47d
11404,f04e53711455521533f4c5ed7dcaa287,5e9b4970006d8f02ba0bc1763fa8b9a6,SO52556,29,TI-T723,1,29,f799d104dd23bb828dcdaaefc4d25b61
11404,f04e53711455521533f4c5ed7dcaa287,5e9b4970006d8f02ba0bc1763fa8b9a6,SO52556,5,TT-T092,1,5,f799d104dd23bb828dcdaaefc4d25b61
11405,3c8e2c51453f4d665f1050da871dead6,1f50dad3f1493a5cf408c4eb3987479e,SO55433,54,SJ-0194-X,1,54,d34ba8f5d7fd7d5959a34c283fbec422
11406,0dc34ca2aaa8612cde077f1880b78b25,361e2c62255e0c1887ac2139911ca300,SO52469,10,BC-M005,1,10,7f026edc73bd4602381834e9b850d6c2
11406,0dc34ca2aaa8612cde077f1880b78b25,361e2c62255e0c1887ac2139911ca300,SO52469,4640,BK-M68S-38,2,4640,7f026edc73bd4602381834e9b850d6c2
11406,0dc34ca2aaa8612cde077f1880b78b25,361e2c62255e0c1887ac2139911ca300,SO52469,27,CA-1098,3,27,7f026edc73bd4602381834e9b850d6c2
11406,0dc34ca2aaa8612cde077f1880b78b25,361e2c62255e0c1887ac2139911ca300,SO52469,22,FE-6654,1,22,7f026edc73bd4602381834e9b850d6c2
11406,0dc34ca2aaa8612cde077f1880b78b25,361e2c62255e0c1887ac2139911ca300,SO52469,5,WB-H098,1,5,7f026edc73bd4602381834e9b850d6c2
11406,10286aa18ba7fc1d175af14353ff81c6,decf9fc89a1038c423f1bef01a953ac9,SO50416,4098,BK-M68B-46,2,4098,34ac3f5a318d1a93a8a4ad7dfac9fb98
11407,e0bcd0ff3072dfe15609d6be1529b0b8,c660dc308b247ce08aeecd155306bae0,SO60728,54,SJ-0194-M,1,54,39ff8ac1e8a44088f96e17b846ec8baf
11408,3f20f21c57e09a6c071e44d1fe74b58a,9b98d27287b27eeee9ebc06e1d5a9a8d,SO53904,27,CA-1098,3,27,51c449e55b4a63a16fb45beb689150d5
11408,3f20f21c57e09a6c071e44d1fe74b58a,9b98d27287b27eeee9ebc06e1d5a9a8d,SO53904,21,TI-R092,1,21,51c449e55b4a63a16fb45beb689150d5
11408,3f20f21c57e09a6c071e44d1fe74b58a,9b98d27287b27eeee9ebc06e1d5a9a8d,SO53904,4,TT-R982,1,4,51c449e55b4a63a16fb45beb689150d5
11409,060e60684e6fb7ae3c79db1e8c889417,727839743fd8ddb93101d7c79edd3f76,SO50533,4098,BK-M68B-38,2,4098,8092e44fa2e2a2ee34e25210038fe274
11409,361e2c62255e0c1887ac2139911ca300,20b5e9ce0f87defd975a322149ec8cc6,SO51877,4640,BK-M68S-46,2,4640,eedd9be5500334505ed9d4aef801ac3d
11409,361e2c62255e0c1887ac2139911ca300,20b5e9ce0f87defd975a322149ec8cc6,SO51877,105,HL-U509-R,3,105,eedd9be5500334505ed9d4aef801ac3d
11409,361e2c62255e0c1887ac2139911ca300,20b5e9ce0f87defd975a322149ec8cc6,SO51877,35,TI-M823,1,35,eedd9be5500334505ed9d4aef801ac3d
11409,361e2c62255e0c1887ac2139911ca300,20b5e9ce0f87defd975a322149ec8cc6,SO51877,5,TT-M928,1,5,eedd9be5500334505ed9d4aef801ac3d
11410,7f026edc73bd4602381834e9b850d6c2,eedd9be5500334505ed9d4aef801ac3d,SO52213,4590,BK-M68B-38,2,4590,db2b287636ac5ebda430de4f3f643b24
11410,7f026edc73bd4602381834e9b850d6c2,eedd9be5500334505ed9d4aef801ac3d,SO52213,105,HL-U509-R,3,105,db2b287636ac5ebda430de4f3f643b24
11410,7f026edc73bd4602381834e9b850d6c2,eedd9be5500334505ed9d4aef801ac3d,SO52213,150,LJ-0192-L,3,150,db2b287636ac5ebda430de4f3f643b24
11410,7f026edc73bd4602381834e9b850d6c2,eedd9be5500334505ed9d4aef801ac3d,SO52213,35,TI-M823,1,35,db2b287636ac5ebda430de4f3f643b24
11410,e7474cc4160afe50284f7f7c3679b3c1,cbb00636032a355ee463d321ac8ee9fb,SO50505,4098,BK-M68B-42,2,4098,28ba281a58dae2613cc89f9d101be807
11411,03bf7d2a8718ee9aca4bd2f37e962fc4,290499d9b8e65db426ba9b842714eb6d,SO63594,9,BC-R205,1,9,7130adfd843cdcb6d0bcd9d13792693a
11411,03bf7d2a8718ee9aca4bd2f37e962fc4,290499d9b8e65db426ba9b842714eb6d,SO63594,48,GL-H102-L,2,48,7130adfd843cdcb6d0bcd9d13792693a
11411,03bf7d2a8718ee9aca4bd2f37e962fc4,290499d9b8e65db426ba9b842714eb6d,SO63594,5,WB-H098,1,5,7130adfd843cdcb6d0bcd9d13792693a
11412,0be9b4cec5bf5b809cc2e222c24ee42b,c662479358c8f228c7b04ddb926eb524,SO46160,3375,BK-M82B-48,1,3375,5740ddd9cc89a58039f5790a932ada9b
11412,5691ac18f59a9af20f9d8703772afbba,d8a4ea0dc4237ee8690ee37b3902fd0e,SO55932,1701,BK-R79Y-48,1,1701,bc761b2b7297029a695fbd6dd0470724
11412,5691ac18f59a9af20f9d8703772afbba,d8a4ea0dc4237ee8690ee37b3902fd0e,SO55932,27,CA-1098,3,27,bc761b2b7297029a695fbd6dd0470724
11412,5691ac18f59a9af20f9d8703772afbba,d8a4ea0dc4237ee8690ee37b3902fd0e,SO55932,105,HL-U509-B,3,105,bc761b2b7297029a695fbd6dd0470724
11412,ca38f30e56a72f4d0c8d2264322c5862,de5009f9bf3e9725d2381f4a5e913111,SO68197,2384,BK-T79Y-46,1,2384,7e15f50bd26e439e6a22f5205a8064db
11412,ca38f30e56a72f4d0c8d2264322c5862,de5009f9bf3e9725d2381f4a5e913111,SO68197,27,CA-1098,3,27,7e15f50bd26e439e6a22f5205a8064db
11412,f5933feadc49c253e4f0e77b236946e9,0b80ce5eab877cae9997209e0bee6e60,SO52409,10,BC-M005,1,10,b8cc77f0099ae7d3a20b9f0b74d70b12
11412,f5933feadc49c253e4f0e77b236946e9,0b80ce5eab877cae9997209e0bee6e60,SO52409,4590,BK-M68B-42,2,4590,b8cc77f0099ae7d3a20b9f0b74d70b12
11412,f5933feadc49c253e4f0e77b236946e9,0b80ce5eab877cae9997209e0bee6e60,SO52409,22,FE-6654,1,22,b8cc77f0099ae7d3a20b9f0b74d70b12
11412,f5933feadc49c253e4f0e77b236946e9,0b80ce5eab877cae9997209e0bee6e60,SO52409,105,HL-U509,3,105,b8cc77f0099ae7d3a20b9f0b74d70b12
11412,f5933feadc49c253e4f0e77b236946e9,0b80ce5eab877cae9997209e0bee6e60,SO52409,5,WB-H098,1,5,b8cc77f0099ae7d3a20b9f0b74d70b12
11413,6866da5d40f1aad2d82129d5ffa25bda,b68fd63ca41d49bfc1b18251202c053f,SO65798,540,BK-R19B-58,1,540,eea5b3bd1bd5d5c62a1d22f78d3ba263
11413,6866da5d40f1aad2d82129d5ffa25bda,b68fd63ca41d49bfc1b18251202c053f,SO65798,64,VE-C304-M,1,64,eea5b3bd1bd5d5c62a1d22f78d3ba263
11413,81a5d08c6beaeec9e42baae5d63dd780,95103530881768b5cfc7e33970db9cd7,SO63344,742,BK-T18Y-58,1,742,b210069485754303767745919c328b97
11413,81a5d08c6beaeec9e42baae5d63dd780,95103530881768b5cfc7e33970db9cd7,SO63344,27,CA-1098,3,27,b210069485754303767745919c328b97
11413,81a5d08c6beaeec9e42baae5d63dd780,95103530881768b5cfc7e33970db9cd7,SO63344,150,LJ-0192-S,3,150,b210069485754303767745919c328b97
11413,81a5d08c6beaeec9e42baae5d63dd780,95103530881768b5cfc7e33970db9cd7,SO63344,29,TI-T723,1,29,b210069485754303767745919c328b97
11413,81a5d08c6beaeec9e42baae5d63dd780,95103530881768b5cfc7e33970db9cd7,SO63344,5,TT-T092,1,5,b210069485754303767745919c328b97
11413,8e161c35e5af5e9caaca6b537330fb0e,95f5058cb388519abd9105f555ae7591,SO45402,3400,BK-M82S-38,1,3400,3eb2a52c6c6787843bc1ac7f25a034a0
11413,f476906875bc5d9abe836b4ea1f485c1,f04e53711455521533f4c5ed7dcaa287,SO53135,4640,BK-M68S-46,2,4640,15aceb75d86814cb479f1b1a9487c3d4
11413,f476906875bc5d9abe836b4ea1f485c1,f04e53711455521533f4c5ed7dcaa287,SO53135,27,CA-1098,3,27,15aceb75d86814cb479f1b1a9487c3d4
11413,f476906875bc5d9abe836b4ea1f485c1,f04e53711455521533f4c5ed7dcaa287,SO53135,22,FE-6654,1,22,15aceb75d86814cb479f1b1a9487c3d4
11414,0120f4004ede1143c3be6caa4227affe,93ddc10d6cf61153011df052aa76671f,SO66412,742,BK-T18U-58,1,742,07b7d2aed13a63a16377587dcc0abbe8
11414,0120f4004ede1143c3be6caa4227affe,93ddc10d6cf61153011df052aa76671f,SO66412,105,HL-U509-R,3,105,07b7d2aed13a63a16377587dcc0abbe8
11414,0dc34ca2aaa8612cde077f1880b78b25,361e2c62255e0c1887ac2139911ca300,SO52470,4640,BK-M68S-46,2,4640,7f026edc73bd4602381834e9b850d6c2
11414,0dc34ca2aaa8612cde077f1880b78b25,361e2c62255e0c1887ac2139911ca300,SO52470,27,CA-1098,3,27,7f026edc73bd4602381834e9b850d6c2
11414,0dc34ca2aaa8612cde077f1880b78b25,361e2c62255e0c1887ac2139911ca300,SO52470,105,HL-U509,3,105,7f026edc73bd4602381834e9b850d6c2
11414,0dc34ca2aaa8612cde077f1880b78b25,361e2c62255e0c1887ac2139911ca300,SO52470,35,TI-M823,1,35,7f026edc73bd4602381834e9b850d6c2
11414,12f7b41c44093026f4726315fac19fd6,e2bf301e1756834cb191a4103f0de32a,SO45428,3400,BK-M82S-44,1,3400,cd59b1822cd84a7b984662e762bba828
11414,64cadfde6f66bc25043d0d69f5ae5471,18f358e551b5b85912bc952ab9894c0d,SO65874,540,BK-R19B-48,1,540,8d1d4829b2e801ba4e41ba48f5a549d4
11414,64cadfde6f66bc25043d0d69f5ae5471,18f358e551b5b85912bc952ab9894c0d,SO65874,54,SJ-0194-M,1,54,8d1d4829b2e801ba4e41ba48f5a549d4
11414,64cadfde6f66bc25043d0d69f5ae5471,18f358e551b5b85912bc952ab9894c0d,SO65874,21,TI-R092,1,21,8d1d4829b2e801ba4e41ba48f5a549d4
11415,94b225b5b1f09ecd5e8ecdfb681ff04c,03bf7d2a8718ee9aca4bd2f37e962fc4,SO64350,9,BC-R205,1,9,61e00b038efd34bdf9c747596273cbcf
11415,94b225b5b1f09ecd5e8ecdfb681ff04c,03bf7d2a8718ee9aca4bd2f37e962fc4,SO64350,5,WB-H098,1,5,61e00b038efd34bdf9c747596273cbcf
11416,9f79f7706bc6a7654ef0b8977966f69a,e2f7ff887646789ea003d03bc2025325,SO52109,4590,BK-M68B-46,2,4590,361e2c62255e0c1887ac2139911ca300
11416,9f79f7706bc6a7654ef0b8977966f69a,e2f7ff887646789ea003d03bc2025325,SO52109,105,HL-U509-B,3,105,361e2c62255e0c1887ac2139911ca300
11416,a976f17830aceaaa93d5daef0bc209a3,d9f7611cf8d29b48a1d3d8fddb8c5b2e,SO57530,9,BC-R205,1,9,0e23f371129aecc6b2033620b226f8d7
11416,a976f17830aceaaa93d5daef0bc209a3,d9f7611cf8d29b48a1d3d8fddb8c5b2e,SO57530,540,BK-R19B-52,1,540,0e23f371129aecc6b2033620b226f8d7
11416,aa42aae45cd2488a20db2ff74ed044f7,e8e793c69d6c0688e51cf9bd1abe03b3,SO50443,4098,BK-M68B-46,2,4098,8242bea4faa7e8112c9c701d437fbe67
11417,10286aa18ba7fc1d175af14353ff81c6,decf9fc89a1038c423f1bef01a953ac9,SO50417,4098,BK-M68B-38,2,4098,34ac3f5a318d1a93a8a4ad7dfac9fb98
11417,5432d51ee94799c0125bb158c8a8bd22,545a3d56d20b22e09aa85bfa5ed8738d,SO73177,2384,BK-T79Y-60,1,2384,9592b44e2c3f304a9875f45537bec6eb
11417,5432d51ee94799c0125bb158c8a8bd22,545a3d56d20b22e09aa85bfa5ed8738d,SO73177,105,HL-U509-R,3,105,9592b44e2c3f304a9875f45537bec6eb
11417,58f0b42da53adeeccbfa693883fea672,8c9ec1be720ee75d56d0c250d10610fa,SO64450,2384,BK-T79Y-50,1,2384,d4746e41b619da57ee9f1a2e2cc254e8
11417,58f0b42da53adeeccbfa693883fea672,8c9ec1be720ee75d56d0c250d10610fa,SO64450,105,HL-U509-R,3,105,d4746e41b619da57ee9f1a2e2cc254e8
11417,679eed5d77e30211eb990c0c13145df3,78cee6501c10922e466c02f814c8627b,SO51409,4640,BK-M68S-38,2,4640,5b07cd2a9dfb9437a07ea3012d6efbb7
11417,679eed5d77e30211eb990c0c13145df3,78cee6501c10922e466c02f814c8627b,SO51409,22,FE-6654,1,22,5b07cd2a9dfb9437a07ea3012d6efbb7
11417,679eed5d77e30211eb990c0c13145df3,78cee6501c10922e466c02f814c8627b,SO51409,120,RA-H123,1,120,5b07cd2a9dfb9437a07ea3012d6efbb7
11417,81a5d08c6beaeec9e42baae5d63dd780,95103530881768b5cfc7e33970db9cd7,SO63360,9,BC-R205,1,9,b210069485754303767745919c328b97
11417,81a5d08c6beaeec9e42baae5d63dd780,95103530881768b5cfc7e33970db9cd7,SO63360,540,BK-R19B-48,1,540,b210069485754303767745919c328b97
11417,ad0b7f5ad35732646f1e5f67418d5995,244cede513841376c37dc856f2f5e7b9,SO59283,10,BC-M005,1,10,0df76889b3e31ccfd17b50cc73baef03
11417,ad0b7f5ad35732646f1e5f67418d5995,244cede513841376c37dc856f2f5e7b9,SO59283,540,BK-M18B-52,1,540,0df76889b3e31ccfd17b50cc73baef03
11417,ad0b7f5ad35732646f1e5f67418d5995,244cede513841376c37dc856f2f5e7b9,SO59283,27,CA-1098,3,27,0df76889b3e31ccfd17b50cc73baef03
11417,ad0b7f5ad35732646f1e5f67418d5995,244cede513841376c37dc856f2f5e7b9,SO59283,105,HL-U509-R,3,105,0df76889b3e31ccfd17b50cc73baef03
11417,ec24e4cf9fcc90f3bbe81b2fb3735c21,c4369eefdf9bb8a3f9115e96b40aaf17,SO69841,9,BC-R205,1,9,f06fd077b6afc2d69af6e1e548da266d
11417,ec24e4cf9fcc90f3bbe81b2fb3735c21,c4369eefdf9bb8a3f9115e96b40aaf17,SO69841,742,BK-T18U-44,1,742,f06fd077b6afc2d69af6e1e548da266d
11417,ec24e4cf9fcc90f3bbe81b2fb3735c21,c4369eefdf9bb8a3f9115e96b40aaf17,SO69841,5,WB-H098,1,5,f06fd077b6afc2d69af6e1e548da266d
11418,4c6ed4daa82e7326b84c24f4c2ae7064,b2ce0ef2540789e8a6976165b6c917d8,SO73297,105,HL-U509,3,105,aa14ddbc43aa2d3be1e6ac019bb7b5bc
11418,4c6ed4daa82e7326b84c24f4c2ae7064,b2ce0ef2540789e8a6976165b6c917d8,SO73297,5,TT-T092,1,5,aa14ddbc43aa2d3be1e6ac019bb7b5bc
11419,0383d48e76cd8a3dfb9e2a890f2cac18,d6fb379288416774d139632beb88e26b,SO61002,9,BC-R205,1,9,883b9b4170853b321c03290f64ba199f
11419,0383d48e76cd8a3dfb9e2a890f2cac18,d6fb379288416774d139632beb88e26b,SO61002,105,HL-U509-B,3,105,883b9b4170853b321c03290f64ba199f
11419,0383d48e76cd8a3dfb9e2a890f2cac18,d6fb379288416774d139632beb88e26b,SO61002,5,WB-H098,1,5,883b9b4170853b321c03290f64ba199f
11419,dba3e44e23a1d2c2f299811e94db7fce,51c449e55b4a63a16fb45beb689150d5,SO54291,2,PK-7098,1,2,226d694fb4b7f71d62444f9528be8704
11419,dba3e44e23a1d2c2f299811e94db7fce,51c449e55b4a63a16fb45beb689150d5,SO54291,159,ST-1401,1,159,226d694fb4b7f71d62444f9528be8704
11419,dba3e44e23a1d2c2f299811e94db7fce,51c449e55b4a63a16fb45beb689150d5,SO54291,21,TI-R092,1,21,226d694fb4b7f71d62444f9528be8704
11420,058af5b2a408d57b708367e5bf4e9d9c,e82ca4c6beebe812f10fa1041b97a160,SO66825,540,BK-R19B-44,1,540,c507827aa5f4f6bbedf64058461c621b
11420,0d3057f268050d468f468434f8ec809a,fd5ba6fdeb81e07b2caf0b103489bd8d,SO71996,2384,BK-T79Y-46,1,2384,921bc92a493b53f98f24e6a8a12801be
11420,0d3057f268050d468f468434f8ec809a,fd5ba6fdeb81e07b2caf0b103489bd8d,SO71996,27,CA-1098,3,27,921bc92a493b53f98f24e6a8a12801be
11420,0d3057f268050d468f468434f8ec809a,fd5ba6fdeb81e07b2caf0b103489bd8d,SO71996,105,HL-U509,3,105,921bc92a493b53f98f24e6a8a12801be
11420,0d3057f268050d468f468434f8ec809a,fd5ba6fdeb81e07b2caf0b103489bd8d,SO71996,29,TI-T723,1,29,921bc92a493b53f98f24e6a8a12801be
11420,0d3057f268050d468f468434f8ec809a,fd5ba6fdeb81e07b2caf0b103489bd8d,SO71996,5,TT-T092,1,5,921bc92a493b53f98f24e6a8a12801be
11420,1556bafff387fc8f2f6fef64c1daa6bc,8728a5e296f39e49d2fa74c31820e99f,SO70507,742,BK-T18U-62,1,742,e871b36e68b0b3d0af9c742d81fef27a
11420,1556bafff387fc8f2f6fef64c1daa6bc,8728a5e296f39e49d2fa74c31820e99f,SO70507,105,HL-U509-R,3,105,e871b36e68b0b3d0af9c742d81fef27a
11420,5e9b4970006d8f02ba0bc1763fa8b9a6,b2e85aa5f9c095607e638c7e6e2c694b,SO51923,4640,BK-M68S-42,2,4640,ca510b577b53d588f80b4fc76030ea52
11420,5e9b4970006d8f02ba0bc1763fa8b9a6,b2e85aa5f9c095607e638c7e6e2c694b,SO51923,22,FE-6654,1,22,ca510b577b53d588f80b4fc76030ea52
11420,5e9b4970006d8f02ba0bc1763fa8b9a6,b2e85aa5f9c095607e638c7e6e2c694b,SO51923,105,HL-U509-B,3,105,ca510b577b53d588f80b4fc76030ea52
11420,7a8e187aeb003f6e34c02a4d5b9b153e,2fe1a028f9398deb2efcd536c8246fae,SO63546,9,BC-R205,1,9,ba19c22033aaecc6c5dad47f63e5858c
11420,7a8e187aeb003f6e34c02a4d5b9b153e,2fe1a028f9398deb2efcd536c8246fae,SO63546,2384,BK-T79U-50,1,2384,ba19c22033aaecc6c5dad47f63e5858c
11420,7a8e187aeb003f6e34c02a4d5b9b153e,2fe1a028f9398deb2efcd536c8246fae,SO63546,105,HL-U509-B,3,105,ba19c22033aaecc6c5dad47f63e5858c
11420,7a8e187aeb003f6e34c02a4d5b9b153e,2fe1a028f9398deb2efcd536c8246fae,SO63546,5,WB-H098,1,5,ba19c22033aaecc6c5dad47f63e5858c
11420,94c60e0b5e2b0f78b919a5d4c67d70a2,0d15ba5aa4c9ad0377b26e0cf7a86280,SO62173,540,BK-M18B-48,1,540,9913e55755fcc4267a06c1e6adbbc7fb
11420,cbb00636032a355ee463d321ac8ee9fb,f8fc91862dc66c3aaaa0e65ff94d1479,SO50380,4142,BK-M68S-46,2,4142,f1877c1756a68271d12db39ddc87dad7
11421,0df76889b3e31ccfd17b50cc73baef03,debbb2493c6588799fc787e1854bcda5,SO58783,1701,BK-R79Y-40,1,1701,6eaadc1181f307997dc853d9ed40db36
11421,3e48b2167bd86ef570e46d0b286c4f74,072bf847aeeee970f66483e596496cd9,SO53240,4590,BK-M68B-46,2,4590,3e07f09fb2edbdf0bf6a54c17634514b
11421,63efdd3324df66c9965bd622cdebe06a,7acd252f45ad6fe668386456a673d543,SO68084,2384,BK-T79U-50,1,2384,6e32728b966bb91cefefa1316da21ca8
11421,cb1acef92aa40abf6c8b8044d9ed1309,02bc737163cde26453ad278829f046f2,SO46146,3400,BK-M82S-42,1,3400,d67506f7b78a628b8ca297a62df67cd7
11422,2736db866ea3366c10431df335770c4c,8e161c35e5af5e9caaca6b537330fb0e,SO45467,3400,BK-M82S-42,1,3400,4500e4039ea772ebac51a9263a2eda7f
11422,4004a117f65dfd3221a9cce8fce5a45f,6ef7b4bb93d4e54234cf965ed2334682,SO66741,742,BK-T18Y-44,1,742,0120f4004ede1143c3be6caa4227affe
11422,4004a117f65dfd3221a9cce8fce5a45f,6ef7b4bb93d4e54234cf965ed2334682,SO66741,105,HL-U509-B,3,105,0120f4004ede1143c3be6caa4227affe
11422,b8cc77f0099ae7d3a20b9f0b74d70b12,70ad7386c1fe794c57fa3908ff22435d,SO52160,4590,BK-M68B-46,2,4590,5e9b4970006d8f02ba0bc1763fa8b9a6
11422,b8cc77f0099ae7d3a20b9f0b74d70b12,70ad7386c1fe794c57fa3908ff22435d,SO52160,35,TI-M823,1,35,5e9b4970006d8f02ba0bc1763fa8b9a6
11422,b8cc77f0099ae7d3a20b9f0b74d70b12,70ad7386c1fe794c57fa3908ff22435d,SO52160,5,TT-M928,1,5,5e9b4970006d8f02ba0bc1763fa8b9a6
11422,b95a9f47dd73bb9b799a31ae04ee7da1,175a5d217fad85df9f6639d7ced1e5d9,SO70013,9,BC-R205,1,9,8728a5e296f39e49d2fa74c31820e99f
11422,b95a9f47dd73bb9b799a31ae04ee7da1,175a5d217fad85df9f6639d7ced1e5d9,SO70013,540,BK-R19B-58,1,540,8728a5e296f39e49d2fa74c31820e99f
11422,b95a9f47dd73bb9b799a31ae04ee7da1,175a5d217fad85df9f6639d7ced1e5d9,SO70013,27,CA-1098,3,27,8728a5e296f39e49d2fa74c31820e99f
11422,b95a9f47dd73bb9b799a31ae04ee7da1,175a5d217fad85df9f6639d7ced1e5d9,SO70013,5,WB-H098,1,5,8728a5e296f39e49d2fa74c31820e99f
11423,3e48b2167bd86ef570e46d0b286c4f74,072bf847aeeee970f66483e596496cd9,SO53241,4590,BK-M68B-42,2,4590,3e07f09fb2edbdf0bf6a54c17634514b
11423,3e48b2167bd86ef570e46d0b286c4f74,072bf847aeeee970f66483e596496cd9,SO53241,22,FE-6654,1,22,3e07f09fb2edbdf0bf6a54c17634514b
11423,5fe94fb0f4dba39b9df91e97622d2ec2,3a5d59e0d6a1a261f70c276f78a569eb,SO46463,3375,BK-M82B-38,1,3375,8a5d7ee8a6750efd5364f3ccd8e7ea1b
11423,c4369eefdf9bb8a3f9115e96b40aaf17,b34050290c25b0f7b52a2b8f767df87d,SO68805,2384,BK-T79U-54,1,2384,c135545cc3f3a739132ffdbc8096f3d4
11423,c4369eefdf9bb8a3f9115e96b40aaf17,b34050290c25b0f7b52a2b8f767df87d,SO68805,27,CA-1098,3,27,c135545cc3f3a739132ffdbc8096f3d4
11423,eef21e68ecca703bb338920b950f203c,f108e0cd2f96a0c22086f9d45ee08f19,SO60899,1701,BK-R79Y-40,1,1701,b21e833d3ead6056f1265f13fe1ff015
11423,eef21e68ecca703bb338920b950f203c,f108e0cd2f96a0c22086f9d45ee08f19,SO60899,105,HL-U509,3,105,b21e833d3ead6056f1265f13fe1ff015
11423,eef21e68ecca703bb338920b950f203c,f108e0cd2f96a0c22086f9d45ee08f19,SO60899,55,HY-1023-70,1,55,b21e833d3ead6056f1265f13fe1ff015
11423,eef21e68ecca703bb338920b950f203c,f108e0cd2f96a0c22086f9d45ee08f19,SO60899,25,TI-R628,1,25,b21e833d3ead6056f1265f13fe1ff015
11423,eef21e68ecca703bb338920b950f203c,f108e0cd2f96a0c22086f9d45ee08f19,SO60899,4,TT-R982,1,4,b21e833d3ead6056f1265f13fe1ff015
11424,4ceff7612cfa4420892fe23b23ca9265,5691ac18f59a9af20f9d8703772afbba,SO56580,27,CA-1098,3,27,089c2a426c196c5ca5facb20896c90bb
11424,4ceff7612cfa4420892fe23b23ca9265,5691ac18f59a9af20f9d8703772afbba,SO56580,105,HL-U509-B,3,105,089c2a426c196c5ca5facb20896c90bb
11425,0120f4004ede1143c3be6caa4227affe,93ddc10d6cf61153011df052aa76671f,SO66432,2384,BK-T79Y-54,1,2384,07b7d2aed13a63a16377587dcc0abbe8
11425,0120f4004ede1143c3be6caa4227affe,93ddc10d6cf61153011df052aa76671f,SO66432,29,TI-T723,1,29,07b7d2aed13a63a16377587dcc0abbe8
11425,35a6fa1efa2ccca1297564c53a3633af,7f480de9e8eb6071d108895ecf71651d,SO50591,4098,BK-M68B-42,2,4098,060e60684e6fb7ae3c79db1e8c889417
11425,58c4ce5b9433e7b6d41793d5a76d5590,1556bafff387fc8f2f6fef64c1daa6bc,SO71346,540,BK-R19B-58,1,540,fd5ba6fdeb81e07b2caf0b103489bd8d
11425,58c4ce5b9433e7b6d41793d5a76d5590,1556bafff387fc8f2f6fef64c1daa6bc,SO71346,27,CA-1098,3,27,fd5ba6fdeb81e07b2caf0b103489bd8d
11425,58c4ce5b9433e7b6d41793d5a76d5590,1556bafff387fc8f2f6fef64c1daa6bc,SO71346,21,TI-R092,1,21,fd5ba6fdeb81e07b2caf0b103489bd8d
11425,5cbbe853aa1a5a1370f9a614904c4b15,86e0fc464cbb08ae74bd039224afec9a,SO73635,2384,BK-T79Y-46,1,2384,47a161474962a6dcc03cfa64127a641f
11425,5cbbe853aa1a5a1370f9a614904c4b15,86e0fc464cbb08ae74bd039224afec9a,SO73635,105,HL-U509-B,3,105,47a161474962a6dcc03cfa64127a641f
11425,7ee641303ef8d8b10d0ed00a060c73cc,eef21e68ecca703bb338920b950f203c,SO61734,540,BK-M18B-42,1,540,0d15ba5aa4c9ad0377b26e0cf7a86280
11425,7ee641303ef8d8b10d0ed00a060c73cc,eef21e68ecca703bb338920b950f203c,SO61734,105,HL-U509-R,3,105,0d15ba5aa4c9ad0377b26e0cf7a86280
11425,ad4fbe0c82c7e5968d4cf22c2ad19e28,72e75576254db1afef14ecdc050391c2,SO52671,4640,BK-M68S-42,2,4640,f5933feadc49c253e4f0e77b236946e9
11425,ad4fbe0c82c7e5968d4cf22c2ad19e28,72e75576254db1afef14ecdc050391c2,SO52671,22,FE-6654,1,22,f5933feadc49c253e4f0e77b236946e9
11425,ad4fbe0c82c7e5968d4cf22c2ad19e28,72e75576254db1afef14ecdc050391c2,SO52671,120,RA-H123,1,120,f5933feadc49c253e4f0e77b236946e9
11425,ad4fbe0c82c7e5968d4cf22c2ad19e28,72e75576254db1afef14ecdc050391c2,SO52671,35,TI-M823,1,35,f5933feadc49c253e4f0e77b236946e9
11425,ad4fbe0c82c7e5968d4cf22c2ad19e28,72e75576254db1afef14ecdc050391c2,SO52671,5,TT-M928,1,5,f5933feadc49c253e4f0e77b236946e9
11426,5691ac18f59a9af20f9d8703772afbba,d8a4ea0dc4237ee8690ee37b3902fd0e,SO55952,105,HL-U509-R,3,105,bc761b2b7297029a695fbd6dd0470724
11427,59e3b2198b06015c3db5bbabfa658d5a,eb89b77c8ab43407829a31ec1c84f649,SO46537,3400,BK-M82S-38,1,3400,c7ba73dc38a0064ac7ceeef22463d8d7
11427,c4369eefdf9bb8a3f9115e96b40aaf17,b34050290c25b0f7b52a2b8f767df87d,SO68806,2384,BK-T79Y-46,1,2384,c135545cc3f3a739132ffdbc8096f3d4
11427,c4369eefdf9bb8a3f9115e96b40aaf17,b34050290c25b0f7b52a2b8f767df87d,SO68806,29,TI-T723,1,29,c135545cc3f3a739132ffdbc8096f3d4
11427,c4369eefdf9bb8a3f9115e96b40aaf17,b34050290c25b0f7b52a2b8f767df87d,SO68806,5,TT-T092,1,5,c135545cc3f3a739132ffdbc8096f3d4
11427,d34ba8f5d7fd7d5959a34c283fbec422,9c56075241a26f6fa77eb86b15411c6e,SO55033,4640,BK-M68S-42,2,4640,ac15b60491fe99190c0248790e690757
11427,d34ba8f5d7fd7d5959a34c283fbec422,9c56075241a26f6fa77eb86b15411c6e,SO55033,105,HL-U509-B,3,105,ac15b60491fe99190c0248790e690757
11427,d945ec2aae74dbfb829453026b91c235,348f48807f500aeac729fb17d9bc97f1,SO61313,1701,BK-R79Y-48,1,1701,eef21e68ecca703bb338920b950f203c
11427,d945ec2aae74dbfb829453026b91c235,348f48807f500aeac729fb17d9bc97f1,SO61313,27,CA-1098,3,27,eef21e68ecca703bb338920b950f203c
11427,d945ec2aae74dbfb829453026b91c235,348f48807f500aeac729fb17d9bc97f1,SO61313,105,HL-U509-B,3,105,eef21e68ecca703bb338920b950f203c
11428,175a5d217fad85df9f6639d7ced1e5d9,511572e8a25e86c2f48ae9e6d73a1e6a,SO68949,2384,BK-T79U-46,1,2384,66e56e10b0f528b66a45e307ecdf4774
11428,175a5d217fad85df9f6639d7ced1e5d9,511572e8a25e86c2f48ae9e6d73a1e6a,SO68949,2,PK-7098,1,2,66e56e10b0f528b66a45e307ecdf4774
11428,175a5d217fad85df9f6639d7ced1e5d9,511572e8a25e86c2f48ae9e6d73a1e6a,SO68949,29,TI-T723,1,29,66e56e10b0f528b66a45e307ecdf4774
11428,175a5d217fad85df9f6639d7ced1e5d9,511572e8a25e86c2f48ae9e6d73a1e6a,SO68949,5,TT-T092,1,5,66e56e10b0f528b66a45e307ecdf4774
11428,8a5d7ee8a6750efd5364f3ccd8e7ea1b,79aec4feadc6bb77df978e9aecbf488e,SO46429,3400,BK-M82S-42,1,3400,f2a989663bc8d65aa827c90de8522a12
11428,d3c54b4368c62c2ff11535bf2b677170,41464bd548f06ca845208f69df30ac82,SO54318,10,BC-M005,1,10,da9c4ba6c9a1ae8725389bfd38b5763a
11428,d3c54b4368c62c2ff11535bf2b677170,41464bd548f06ca845208f69df30ac82,SO54318,4640,BK-M68S-42,2,4640,da9c4ba6c9a1ae8725389bfd38b5763a
11428,d3c54b4368c62c2ff11535bf2b677170,41464bd548f06ca845208f69df30ac82,SO54318,27,CA-1098,3,27,da9c4ba6c9a1ae8725389bfd38b5763a
11428,d3c54b4368c62c2ff11535bf2b677170,41464bd548f06ca845208f69df30ac82,SO54318,105,HL-U509-B,3,105,da9c4ba6c9a1ae8725389bfd38b5763a
11428,d3c54b4368c62c2ff11535bf2b677170,41464bd548f06ca845208f69df30ac82,SO54318,5,WB-H098,1,5,da9c4ba6c9a1ae8725389bfd38b5763a
11428,d4746e41b619da57ee9f1a2e2cc254e8,81a5d08c6beaeec9e42baae5d63dd780,SO64066,1701,BK-R79Y-42,1,1701,23bd9a9b90557e9da7babfb8e3d2df22
11428,d4746e41b619da57ee9f1a2e2cc254e8,81a5d08c6beaeec9e42baae5d63dd780,SO64066,54,SJ-0194-S,1,54,23bd9a9b90557e9da7babfb8e3d2df22
11429,3e107cd1554225ea3056ed5010adce90,aa14ddbc43aa2d3be1e6ac019bb7b5bc,SO73864,2384,BK-T79U-60,1,2384,43e2cc7ff261723f93f64f3f7e9faa8d
11429,3e107cd1554225ea3056ed5010adce90,aa14ddbc43aa2d3be1e6ac019bb7b5bc,SO73864,8,CL-9009,1,8,43e2cc7ff261723f93f64f3f7e9faa8d
11429,3e107cd1554225ea3056ed5010adce90,aa14ddbc43aa2d3be1e6ac019bb7b5bc,SO73864,29,TI-T723,1,29,43e2cc7ff261723f93f64f3f7e9faa8d
11429,3e107cd1554225ea3056ed5010adce90,aa14ddbc43aa2d3be1e6ac019bb7b5bc,SO73864,5,TT-T092,1,5,43e2cc7ff261723f93f64f3f7e9faa8d
11429,43e2cc7ff261723f93f64f3f7e9faa8d,a6f2945baeceeef4c8d541a22f6e99e9,SO73428,565,BK-M18S-44,1,565,88077cf01a3e17831c2d0bcca5897c5b
11429,43e2cc7ff261723f93f64f3f7e9faa8d,a6f2945baeceeef4c8d541a22f6e99e9,SO73428,54,SJ-0194-S,1,54,88077cf01a3e17831c2d0bcca5897c5b
11429,76e3c19dbb0dadc4c6dc771d856e4676,ad4fbe0c82c7e5968d4cf22c2ad19e28,SO53290,4590,BK-M68B-46,2,4590,15699e35c72c4036c71409f3f3d69528
11429,76e3c19dbb0dadc4c6dc771d856e4676,ad4fbe0c82c7e5968d4cf22c2ad19e28,SO53290,105,HL-U509-B,3,105,15699e35c72c4036c71409f3f3d69528
11429,c83e871e48c2716e0f28e60d166a5c98,6a8d7e42bb852c45fbf8610361d391a0,SO72122,9,BC-R205,1,9,c4c454d69a39e60a6f5cf2f97148adad
11429,c83e871e48c2716e0f28e60d166a5c98,6a8d7e42bb852c45fbf8610361d391a0,SO72122,540,BK-R19B-52,1,540,c4c454d69a39e60a6f5cf2f97148adad
11429,c83e871e48c2716e0f28e60d166a5c98,6a8d7e42bb852c45fbf8610361d391a0,SO72122,105,HL-U509-R,3,105,c4c454d69a39e60a6f5cf2f97148adad
11429,c83e871e48c2716e0f28e60d166a5c98,6a8d7e42bb852c45fbf8610361d391a0,SO72122,5,WB-H098,1,5,c4c454d69a39e60a6f5cf2f97148adad
11429,e5fd8fa8e14be4aed936908e8f86dc7b,ddc7146176eec240951e44da05d5f12b,SO50942,4142,BK-M68S-42,2,4142,a0ab7eafc534bc4a8a48cd6e1cfc4d24
11429,e82ca4c6beebe812f10fa1041b97a160,9d934f91c460e9947414d00048f2fa36,SO66076,9,BC-R205,1,9,6d1d8a1c7851eb5a946d45009cea6d9f
11429,e82ca4c6beebe812f10fa1041b97a160,9d934f91c460e9947414d00048f2fa36,SO66076,2384,BK-T79Y-54,1,2384,6d1d8a1c7851eb5a946d45009cea6d9f
11429,e82ca4c6beebe812f10fa1041b97a160,9d934f91c460e9947414d00048f2fa36,SO66076,105,HL-U509-B,3,105,6d1d8a1c7851eb5a946d45009cea6d9f
11429,e82ca4c6beebe812f10fa1041b97a160,9d934f91c460e9947414d00048f2fa36,SO66076,5,WB-H098,1,5,6d1d8a1c7851eb5a946d45009cea6d9f
11430,1f50dad3f1493a5cf408c4eb3987479e,226d694fb4b7f71d62444f9528be8704,SO54699,105,HL-U509,3,105,9c56075241a26f6fa77eb86b15411c6e
11430,1f50dad3f1493a5cf408c4eb3987479e,226d694fb4b7f71d62444f9528be8704,SO54699,150,LJ-0192-L,3,150,9c56075241a26f6fa77eb86b15411c6e
11431,40e7dd73b09eac540e790daf6fac41af,14e4b13c27fb9bce9938ce35b6597eca,SO54149,4590,BK-M68B-38,2,4590,3f20f21c57e09a6c071e44d1fe74b58a
11431,40e7dd73b09eac540e790daf6fac41af,14e4b13c27fb9bce9938ce35b6597eca,SO54149,105,HL-U509-B,3,105,3f20f21c57e09a6c071e44d1fe74b58a
11431,40e7dd73b09eac540e790daf6fac41af,14e4b13c27fb9bce9938ce35b6597eca,SO54149,35,TI-M823,1,35,3f20f21c57e09a6c071e44d1fe74b58a
11431,7acd252f45ad6fe668386456a673d543,0120f4004ede1143c3be6caa4227affe,SO67142,9,BC-R205,1,9,b322422d9a721bbdefa133133dd407c1
11431,7acd252f45ad6fe668386456a673d543,0120f4004ede1143c3be6caa4227affe,SO67142,1701,BK-R79Y-40,1,1701,b322422d9a721bbdefa133133dd407c1
11431,7acd252f45ad6fe668386456a673d543,0120f4004ede1143c3be6caa4227affe,SO67142,105,HL-U509-B,3,105,b322422d9a721bbdefa133133dd407c1
11431,7acd252f45ad6fe668386456a673d543,0120f4004ede1143c3be6caa4227affe,SO67142,5,WB-H098,1,5,b322422d9a721bbdefa133133dd407c1
11431,9f1ff00ea8fd9fd8f2d421ba5ec45a18,f88b3743a9ce1f9455b6de69380b486a,SO67478,9,BC-R205,1,9,0001ffe4d82d0d8f9fec5ab0b4faa2db
11431,9f1ff00ea8fd9fd8f2d421ba5ec45a18,f88b3743a9ce1f9455b6de69380b486a,SO67478,2384,BK-T79Y-54,1,2384,0001ffe4d82d0d8f9fec5ab0b4faa2db
11431,9f1ff00ea8fd9fd8f2d421ba5ec45a18,f88b3743a9ce1f9455b6de69380b486a,SO67478,5,WB-H098,1,5,0001ffe4d82d0d8f9fec5ab0b4faa2db
11431,b0d346be9fa7508e21d5c500b97e6b7a,e0ff70a5e22e7449dab732c95d815720,SO46542,3400,BK-M82S-48,1,3400,23e53557c4c2300cb2511c53082467bb
11432,072bf847aeeee970f66483e596496cd9,cfceb7490eff6e660974507be7c579c6,SO52615,10,BC-M005,1,10,dca79d69a6b38e95c4b03bfab997796c
11432,072bf847aeeee970f66483e596496cd9,cfceb7490eff6e660974507be7c579c6,SO52615,4640,BK-M68S-46,2,4640,dca79d69a6b38e95c4b03bfab997796c
11432,0d3057f268050d468f468434f8ec809a,fd5ba6fdeb81e07b2caf0b103489bd8d,SO71995,9,BC-R205,1,9,921bc92a493b53f98f24e6a8a12801be
11432,0d3057f268050d468f468434f8ec809a,fd5ba6fdeb81e07b2caf0b103489bd8d,SO71995,540,BK-R19B-44,1,540,921bc92a493b53f98f24e6a8a12801be
11432,0d3057f268050d468f468434f8ec809a,fd5ba6fdeb81e07b2caf0b103489bd8d,SO71995,5,WB-H098,1,5,921bc92a493b53f98f24e6a8a12801be
11432,460e666a19398f97709b4a361d97ed76,4c63ccce8761a6546d90151419eeea06,SO50897,4142,BK-M68S-38,2,4142,853665fc08fe34bcd66df57da6a82a16
11432,6ef7b4bb93d4e54234cf965ed2334682,ccf89c691dabb1412404274596922d90,SO66005,2384,BK-T79U-60,1,2384,93ddc10d6cf61153011df052aa76671f
11432,6ef7b4bb93d4e54234cf965ed2334682,ccf89c691dabb1412404274596922d90,SO66005,105,HL-U509-B,3,105,93ddc10d6cf61153011df052aa76671f
11432,6ef7b4bb93d4e54234cf965ed2334682,ccf89c691dabb1412404274596922d90,SO66005,150,LJ-0192-M,3,150,93ddc10d6cf61153011df052aa76671f
11432,73b2264d673ee7b5b2e7e165020516ac,4ceff7612cfa4420892fe23b23ca9265,SO57414,1215,BK-T44U-46,1,1215,8d71482745a6a1be4fbbc5562ade4657
11432,73b2264d673ee7b5b2e7e165020516ac,4ceff7612cfa4420892fe23b23ca9265,SO57414,105,HL-U509-B,3,105,8d71482745a6a1be4fbbc5562ade4657
11432,73b2264d673ee7b5b2e7e165020516ac,4ceff7612cfa4420892fe23b23ca9265,SO57414,29,TI-T723,1,29,8d71482745a6a1be4fbbc5562ade4657
11432,73b2264d673ee7b5b2e7e165020516ac,4ceff7612cfa4420892fe23b23ca9265,SO57414,5,TT-T092,1,5,8d71482745a6a1be4fbbc5562ade4657
11432,8babade0595c11e14dd89058a850f2cd,a048b8d5f3f9178f163e2be055f0138b,SO73877,565,BK-M18S-44,1,565,501407dcfde5b685045ca3072168d5bb
11432,8babade0595c11e14dd89058a850f2cd,a048b8d5f3f9178f163e2be055f0138b,SO73877,22,FE-6654,1,22,501407dcfde5b685045ca3072168d5bb
11432,8babade0595c11e14dd89058a850f2cd,a048b8d5f3f9178f163e2be055f0138b,SO73877,105,HL-U509-R,3,105,501407dcfde5b685045ca3072168d5bb
11433,3a23b248b732af434a45fce0302aa11f,db2f6a564b6f5f41253c68874b50962b,SO62988,1215,BK-T44U-54,1,1215,290499d9b8e65db426ba9b842714eb6d
11433,3a23b248b732af434a45fce0302aa11f,db2f6a564b6f5f41253c68874b50962b,SO62988,54,SJ-0194-M,1,54,290499d9b8e65db426ba9b842714eb6d
11433,4ef92eb2724526d42848579d94bf7748,6ccfb4540d439b07eef79e9ec663aeee,SO51251,4886,BK-R89B-44,2,4886,4c198b2e79c53a9853bfbc76e8e8ae1e
11433,4ef92eb2724526d42848579d94bf7748,6ccfb4540d439b07eef79e9ec663aeee,SO51259,9,BC-R205,1,9,4c198b2e79c53a9853bfbc76e8e8ae1e
11433,4ef92eb2724526d42848579d94bf7748,6ccfb4540d439b07eef79e9ec663aeee,SO51259,2384,BK-T79U-46,1,2384,4c198b2e79c53a9853bfbc76e8e8ae1e
11433,4ef92eb2724526d42848579d94bf7748,6ccfb4540d439b07eef79e9ec663aeee,SO51259,27,CA-1098,3,27,4c198b2e79c53a9853bfbc76e8e8ae1e
11433,4ef92eb2724526d42848579d94bf7748,6ccfb4540d439b07eef79e9ec663aeee,SO51259,105,HL-U509-R,3,105,4c198b2e79c53a9853bfbc76e8e8ae1e
11433,4ef92eb2724526d42848579d94bf7748,6ccfb4540d439b07eef79e9ec663aeee,SO51259,5,WB-H098,2,10,4c198b2e79c53a9853bfbc76e8e8ae1e
11433,4efe8b2ca156042f8a3d8dd6aba54520,e2f0a420a4c1a9e8e292761f835e0489,SO66368,2384,BK-T79Y-54,1,2384,e82ca4c6beebe812f10fa1041b97a160
11433,d8a4ea0dc4237ee8690ee37b3902fd0e,0c8ff735cb2b05718573c08173335fd4,SO55142,4640,BK-M68S-46,2,4640,fef3080ec197edd1a04bb18afd31d16d
11433,d8a4ea0dc4237ee8690ee37b3902fd0e,0c8ff735cb2b05718573c08173335fd4,SO55142,2,PK-7098,1,2,fef3080ec197edd1a04bb18afd31d16d
11433,ddc7146176eec240951e44da05d5f12b,54e631e6ad5b9a63c134f0ca46d89658,SO50807,4098,BK-M68B-42,2,4098,7dc1c03103798a474aa763047623df54
11434,94c60e0b5e2b0f78b919a5d4c67d70a2,0d15ba5aa4c9ad0377b26e0cf7a86280,SO62202,21,TI-R092,1,21,9913e55755fcc4267a06c1e6adbbc7fb
11434,d6fb379288416774d139632beb88e26b,3ebfce6ccd7540a632ae7e6ad8100c29,SO60216,9,BC-R205,1,9,412998e77ee121227580e3d363f75fa2
11434,d6fb379288416774d139632beb88e26b,3ebfce6ccd7540a632ae7e6ad8100c29,SO60216,105,HL-U509-R,3,105,412998e77ee121227580e3d363f75fa2
11434,d6fb379288416774d139632beb88e26b,3ebfce6ccd7540a632ae7e6ad8100c29,SO60216,5,WB-H098,1,5,412998e77ee121227580e3d363f75fa2
11435,0e000451f430d2e5b745a08b4ee7836c,9795c57676ee8b8b6ba9a6f9014a520b,SO74364,105,HL-U509,3,105,e4b40b4ba619c72ec5a69caad258d393
11436,348f48807f500aeac729fb17d9bc97f1,5072507e949a2c25948a591c4da194e1,SO60487,2,PK-7098,1,2,f108e0cd2f96a0c22086f9d45ee08f19
11436,348f48807f500aeac729fb17d9bc97f1,5072507e949a2c25948a591c4da194e1,SO60487,21,TI-R092,1,21,f108e0cd2f96a0c22086f9d45ee08f19
11436,348f48807f500aeac729fb17d9bc97f1,5072507e949a2c25948a591c4da194e1,SO60487,4,TT-R982,1,4,f108e0cd2f96a0c22086f9d45ee08f19
11436,d630b2db6e8046e30b4728ca862ba4e1,02ad1a5ca18e58629b8c1d6a6401d071,SO58446,54,SJ-0194-L,1,54,07b31bae17c7890b17d79a654aa230cf
11437,43e2cc7ff261723f93f64f3f7e9faa8d,a6f2945baeceeef4c8d541a22f6e99e9,SO73454,54,SJ-0194-M,1,54,88077cf01a3e17831c2d0bcca5897c5b
11438,f799d104dd23bb828dcdaaefc4d25b61,ca510b577b53d588f80b4fc76030ea52,SO52316,105,HL-U509,3,105,cfceb7490eff6e660974507be7c579c6
11439,0c8ff735cb2b05718573c08173335fd4,1685ca8ff12ea83725a1c35e1d89c5cd,SO54478,10,BC-M005,1,10,b8d9d66529b0a1e91f6137abcdd065dd
11439,0c8ff735cb2b05718573c08173335fd4,1685ca8ff12ea83725a1c35e1d89c5cd,SO54478,4590,BK-M68B-38,2,4590,b8d9d66529b0a1e91f6137abcdd065dd
11439,0c8ff735cb2b05718573c08173335fd4,1685ca8ff12ea83725a1c35e1d89c5cd,SO54478,105,HL-U509-B,3,105,b8d9d66529b0a1e91f6137abcdd065dd
11439,0c8ff735cb2b05718573c08173335fd4,1685ca8ff12ea83725a1c35e1d89c5cd,SO54478,5,WB-H098,1,5,b8d9d66529b0a1e91f6137abcdd065dd
11439,70ad7386c1fe794c57fa3908ff22435d,bc58efba5e800fb688b34bfde89c24bf,SO51602,2384,BK-T79U-54,1,2384,b2e85aa5f9c095607e638c7e6e2c694b
11439,70ad7386c1fe794c57fa3908ff22435d,bc58efba5e800fb688b34bfde89c24bf,SO51602,105,HL-U509-R,3,105,b2e85aa5f9c095607e638c7e6e2c694b
11439,c4369eefdf9bb8a3f9115e96b40aaf17,b34050290c25b0f7b52a2b8f767df87d,SO68807,2384,BK-T79Y-46,1,2384,c135545cc3f3a739132ffdbc8096f3d4
11439,c4369eefdf9bb8a3f9115e96b40aaf17,b34050290c25b0f7b52a2b8f767df87d,SO68807,105,HL-U509-B,3,105,c135545cc3f3a739132ffdbc8096f3d4
11439,da9c4ba6c9a1ae8725389bfd38b5763a,3e48b2167bd86ef570e46d0b286c4f74,SO54095,742,BK-T18U-62,1,742,9223b53f03a405f817e91392f0294f6a
11439,da9c4ba6c9a1ae8725389bfd38b5763a,3e48b2167bd86ef570e46d0b286c4f74,SO54095,105,HL-U509,3,105,9223b53f03a405f817e91392f0294f6a
11439,e8c0bfc4371d81db0dacde1b8fa393ca,e5cdc2e9be5ecca55f34ea2ebabb8670,SO51343,9,BC-R205,1,9,01070cf843f2ca45e3d4ec7c02c52551
11439,e8c0bfc4371d81db0dacde1b8fa393ca,e5cdc2e9be5ecca55f34ea2ebabb8670,SO51343,4886,BK-R89B-48,2,4886,01070cf843f2ca45e3d4ec7c02c52551
11439,e8c0bfc4371d81db0dacde1b8fa393ca,e5cdc2e9be5ecca55f34ea2ebabb8670,SO51343,5,WB-H098,1,5,01070cf843f2ca45e3d4ec7c02c52551
11439,f51bd0753a33f206ae6eb82577c92f80,060e60684e6fb7ae3c79db1e8c889417,SO50777,4142,BK-M68S-42,2,4142,f7b0a9ecc2f6023330b7a948b9e76688
11440,41fc4cb27e0ee552c4c9247e1a476cc5,6d338b8c41c717c4336ad0084a80dca4,SO55126,48,GL-H102-S,2,48,6e5c4b769f8f70f9fd01b24ba5be9695
11440,41fc4cb27e0ee552c4c9247e1a476cc5,6d338b8c41c717c4336ad0084a80dca4,SO55126,54,SJ-0194-M,1,54,6e5c4b769f8f70f9fd01b24ba5be9695
11441,db10519e66d9a7b809b91935ad1a696d,d7f57f35d2bad1349ca24a67a2635eea,SO74502,27,CA-1098,3,27,6583882ca853d66524856501b27519f5
11441,db10519e66d9a7b809b91935ad1a696d,d7f57f35d2bad1349ca24a67a2635eea,SO74502,105,HL-U509-B,3,105,6583882ca853d66524856501b27519f5
11442,de5009f9bf3e9725d2381f4a5e913111,2296af5563b2061aa1d88124a37eecb7,SO67384,105,HL-U509,3,105,a1d0c0a14c6c8f8a8ef8220209c23a64
11443,702a02712215141594ddf8e52b0a651c,cd15e5f80ff20dd345bfaa51400dd0d6,SO67574,2384,BK-T79Y-54,1,2384,caa707f97407c07371136aaf471a91d4
11443,702a02712215141594ddf8e52b0a651c,cd15e5f80ff20dd345bfaa51400dd0d6,SO67574,105,HL-U509-R,3,105,caa707f97407c07371136aaf471a91d4
11443,81bc86cf34d9877f667e64ab0836fbc9,a8a3dbb4e486b164bdd7b0d4a21bdeac,SO44866,3375,BK-M82B-44,1,3375,58fbfe4a809a492f7e56c87487b71b73
11443,830e779850b1d58733a7ad711bf6b83f,39fe373cdcb4534addde73890415b660,SO56532,4590,BK-M68B-46,2,4590,427ed6396fba4ed8ead9ec3229517d2b
11443,830e779850b1d58733a7ad711bf6b83f,39fe373cdcb4534addde73890415b660,SO56532,22,FE-6654,1,22,427ed6396fba4ed8ead9ec3229517d2b
11443,830e779850b1d58733a7ad711bf6b83f,39fe373cdcb4534addde73890415b660,SO56532,105,HL-U509,3,105,427ed6396fba4ed8ead9ec3229517d2b
11443,830e779850b1d58733a7ad711bf6b83f,39fe373cdcb4534addde73890415b660,SO56532,54,SJ-0194-L,1,54,427ed6396fba4ed8ead9ec3229517d2b
11443,830e779850b1d58733a7ad711bf6b83f,39fe373cdcb4534addde73890415b660,SO56532,35,TI-M823,1,35,427ed6396fba4ed8ead9ec3229517d2b
11444,2650f1a188c472a9efa2a38091dbaa44,f9906ac7d7d1241ad5c23eb95cf9c6e4,SO44815,3375,BK-M82B-48,1,3375,dc0af343c9b6d5e1ad6ea6e30e094622
11444,ad0b7f5ad35732646f1e5f67418d5995,244cede513841376c37dc856f2f5e7b9,SO59332,2384,BK-T79Y-46,1,2384,0df76889b3e31ccfd17b50cc73baef03
11444,ca510b577b53d588f80b4fc76030ea52,88f50aa0771fa4f938f7b54792e066c8,SO51629,4640,BK-M68S-42,2,4640,01eb8a9956865747637639482336f5f8
11444,ca510b577b53d588f80b4fc76030ea52,88f50aa0771fa4f938f7b54792e066c8,SO51629,22,FE-6654,1,22,01eb8a9956865747637639482336f5f8
11444,ca510b577b53d588f80b4fc76030ea52,88f50aa0771fa4f938f7b54792e066c8,SO51629,105,HL-U509,3,105,01eb8a9956865747637639482336f5f8
11445,1863d57986d1ff09ff1b6e4a7b1cbce6,05e9b1aef79ffc1802e11be68f5d1062,SO44847,3400,BK-M82S-44,1,3400,2650f1a188c472a9efa2a38091dbaa44
11445,4a70a3ec50fd16032883bf6fc79c55dd,4804ee33768b143d9706052696f7dfbd,SO61081,9,BC-R205,1,9,e0bcd0ff3072dfe15609d6be1529b0b8
11445,4a70a3ec50fd16032883bf6fc79c55dd,4804ee33768b143d9706052696f7dfbd,SO61081,2384,BK-T79U-60,1,2384,e0bcd0ff3072dfe15609d6be1529b0b8
11445,9bbc713be22755b8ea8e3b596e06edd2,9f14679403a464909296961b7547fa87,SO51290,10,BC-M005,1,10,78cee6501c10922e466c02f814c8627b
11445,9bbc713be22755b8ea8e3b596e06edd2,9f14679403a464909296961b7547fa87,SO51290,4590,BK-M68B-38,2,4590,78cee6501c10922e466c02f814c8627b
11446,b0533b36d073e7b905a5da8878aaa59c,1863d57986d1ff09ff1b6e4a7b1cbce6,SO44947,3400,BK-M82S-44,1,3400,1b4ad6f2870d20368322123ed8553459
11446,b21e833d3ead6056f1265f13fe1ff015,7983129d9883ebc3b9dce3311996b001,SO60613,2384,BK-T79Y-46,1,2384,4804ee33768b143d9706052696f7dfbd
11446,b21e833d3ead6056f1265f13fe1ff015,7983129d9883ebc3b9dce3311996b001,SO60613,27,CA-1098,3,27,4804ee33768b143d9706052696f7dfbd
11446,b21e833d3ead6056f1265f13fe1ff015,7983129d9883ebc3b9dce3311996b001,SO60613,105,HL-U509-B,3,105,4804ee33768b143d9706052696f7dfbd
11446,b21e833d3ead6056f1265f13fe1ff015,7983129d9883ebc3b9dce3311996b001,SO60613,54,SJ-0194-M,1,54,4804ee33768b143d9706052696f7dfbd
11446,e8c0bfc4371d81db0dacde1b8fa393ca,e5cdc2e9be5ecca55f34ea2ebabb8670,SO51351,4640,BK-M68S-42,2,4640,01070cf843f2ca45e3d4ec7c02c52551
11446,e8c0bfc4371d81db0dacde1b8fa393ca,e5cdc2e9be5ecca55f34ea2ebabb8670,SO51351,105,HL-U509-B,3,105,01070cf843f2ca45e3d4ec7c02c52551
11447,4a800301260b2639fa1ec3efafb5f86c,23f22724b430320654759f8512440ebc,SO59207,2384,BK-T79U-46,1,2384,a189cc17a15cdb4e39e80dfcd8374c76
11447,4a800301260b2639fa1ec3efafb5f86c,23f22724b430320654759f8512440ebc,SO59207,27,CA-1098,3,27,a189cc17a15cdb4e39e80dfcd8374c76
11447,9bbc713be22755b8ea8e3b596e06edd2,9f14679403a464909296961b7547fa87,SO51291,10,BC-M005,1,10,78cee6501c10922e466c02f814c8627b
11447,9bbc713be22755b8ea8e3b596e06edd2,9f14679403a464909296961b7547fa87,SO51291,4590,BK-M68B-46,2,4590,78cee6501c10922e466c02f814c8627b
11447,9bbc713be22755b8ea8e3b596e06edd2,9f14679403a464909296961b7547fa87,SO51291,5,WB-H098,1,5,78cee6501c10922e466c02f814c8627b
11447,efb944cb000716b997c2d0fb263d30ad,11b3d48fc77bf2f9079ba4e1d713d8c7,SO45022,3375,BK-M82B-44,1,3375,d3eeaeda5049634d28ea066923698901
11448,11b3d48fc77bf2f9079ba4e1d713d8c7,c2b86ddac2beaf8eb5bc83522517930a,SO44927,3375,BK-M82B-38,1,3375,5562fef591a89eb79cc6ed5fe92e2d42
11448,acc20902004de8acdd3eee04bfe5f91a,048405fe051586c63978bfe6b3a8b733,SO51197,10,BC-M005,1,10,5f827524a01a15af1043fdb581ce224b
11448,acc20902004de8acdd3eee04bfe5f91a,048405fe051586c63978bfe6b3a8b733,SO51197,4590,BK-M68B-46,2,4590,5f827524a01a15af1043fdb581ce224b
11448,acc20902004de8acdd3eee04bfe5f91a,048405fe051586c63978bfe6b3a8b733,SO51197,27,CA-1098,3,27,5f827524a01a15af1043fdb581ce224b
11448,acc20902004de8acdd3eee04bfe5f91a,048405fe051586c63978bfe6b3a8b733,SO51197,5,WB-H098,1,5,5f827524a01a15af1043fdb581ce224b
11448,b21e833d3ead6056f1265f13fe1ff015,7983129d9883ebc3b9dce3311996b001,SO60630,2384,BK-T79U-50,1,2384,4804ee33768b143d9706052696f7dfbd
11448,b21e833d3ead6056f1265f13fe1ff015,7983129d9883ebc3b9dce3311996b001,SO60630,54,SJ-0194-S,1,54,4804ee33768b143d9706052696f7dfbd
11449,2d6e054ac82934d489c58cc8399a1628,ce08c22f7777768ce4197eab9727516c,SO60836,2384,BK-T79Y-60,1,2384,348f48807f500aeac729fb17d9bc97f1
11449,2d6e054ac82934d489c58cc8399a1628,ce08c22f7777768ce4197eab9727516c,SO60836,27,CA-1098,3,27,348f48807f500aeac729fb17d9bc97f1
11449,78cee6501c10922e466c02f814c8627b,892aa61c5dad53571248cc492fa50176,SO51217,4640,BK-M68S-38,2,4640,109423a52128e234487abcd717f01458
11449,78cee6501c10922e466c02f814c8627b,892aa61c5dad53571248cc492fa50176,SO51217,2,PK-7098,1,2,109423a52128e234487abcd717f01458
11449,78cee6501c10922e466c02f814c8627b,892aa61c5dad53571248cc492fa50176,SO51217,35,TI-M823,1,35,109423a52128e234487abcd717f01458
11449,78cee6501c10922e466c02f814c8627b,892aa61c5dad53571248cc492fa50176,SO51217,5,TT-M928,1,5,109423a52128e234487abcd717f01458
11449,fe79f48f1af975659b09282772273c5f,81bc86cf34d9877f667e64ab0836fbc9,SO44956,3375,BK-M82B-48,1,3375,49bd63d5ee41c9de9bc2e17c69ad0cb5
11450,63c0ac0c5d4eb1d53a95d812bbe183b2,f9ddb47946744febeaa9d83b982c0fdd,SO45030,3375,BK-M82B-38,1,3375,a09d09970403327b4ca7bf98052cd060
11450,af1457846a79173ef71dd9d5dd69805a,254d832c83ccdb2c33eab65a4fd196ff,SO60380,2384,BK-T79U-60,1,2384,ce08c22f7777768ce4197eab9727516c
11450,af1457846a79173ef71dd9d5dd69805a,254d832c83ccdb2c33eab65a4fd196ff,SO60380,105,HL-U509-B,3,105,ce08c22f7777768ce4197eab9727516c
11450,af1457846a79173ef71dd9d5dd69805a,254d832c83ccdb2c33eab65a4fd196ff,SO60380,9,SO-R809-L,1,9,ce08c22f7777768ce4197eab9727516c
11450,bee2b842cd357511cf4c8e509f5af192,5dddb266d8c26eece51489fe90c9f47d,SO51652,4640,BK-M68S-38,2,4640,20b851db79828c985958154243411278
11450,bee2b842cd357511cf4c8e509f5af192,5dddb266d8c26eece51489fe90c9f47d,SO51652,8,CL-9009,1,8,20b851db79828c985958154243411278
11450,bee2b842cd357511cf4c8e509f5af192,5dddb266d8c26eece51489fe90c9f47d,SO51652,2,PK-7098,1,2,20b851db79828c985958154243411278
11450,bee2b842cd357511cf4c8e509f5af192,5dddb266d8c26eece51489fe90c9f47d,SO51652,35,TI-M823,1,35,20b851db79828c985958154243411278
11450,bee2b842cd357511cf4c8e509f5af192,5dddb266d8c26eece51489fe90c9f47d,SO51652,5,TT-M928,1,5,20b851db79828c985958154243411278
11451,0b80ce5eab877cae9997209e0bee6e60,a7cb0a760406e2013c8442a429fed0ae,SO51684,10,BC-M005,1,10,70ad7386c1fe794c57fa3908ff22435d
11451,0b80ce5eab877cae9997209e0bee6e60,a7cb0a760406e2013c8442a429fed0ae,SO51684,4590,BK-M68B-38,2,4590,70ad7386c1fe794c57fa3908ff22435d
11451,0b80ce5eab877cae9997209e0bee6e60,a7cb0a760406e2013c8442a429fed0ae,SO51684,22,FE-6654,1,22,70ad7386c1fe794c57fa3908ff22435d
11451,0b80ce5eab877cae9997209e0bee6e60,a7cb0a760406e2013c8442a429fed0ae,SO51684,105,HL-U509,3,105,70ad7386c1fe794c57fa3908ff22435d
11451,0b80ce5eab877cae9997209e0bee6e60,a7cb0a760406e2013c8442a429fed0ae,SO51684,5,WB-H098,1,5,70ad7386c1fe794c57fa3908ff22435d
11451,254d832c83ccdb2c33eab65a4fd196ff,75fe8d7dec9d2a51be64595ab37dc674,SO59578,2384,BK-T79U-54,1,2384,4a800301260b2639fa1ec3efafb5f86c
11451,254d832c83ccdb2c33eab65a4fd196ff,75fe8d7dec9d2a51be64595ab37dc674,SO59578,105,HL-U509-R,3,105,4a800301260b2639fa1ec3efafb5f86c
11451,254d832c83ccdb2c33eab65a4fd196ff,75fe8d7dec9d2a51be64595ab37dc674,SO59578,64,VE-C304-M,1,64,4a800301260b2639fa1ec3efafb5f86c
11451,95f5058cb388519abd9105f555ae7591,222037d3aa2a1c1520bb378c14db0565,SO45248,3400,BK-M82S-38,1,3400,f67ef19fd32e1f419c98c684dc9a20e0
11452,5dddb266d8c26eece51489fe90c9f47d,4ef92eb2724526d42848579d94bf7748,SO51450,4590,BK-M68B-46,2,4590,96a3262695f10a59b726f3dfd4782c4d
11452,5dddb266d8c26eece51489fe90c9f47d,4ef92eb2724526d42848579d94bf7748,SO51450,120,RA-H123,1,120,96a3262695f10a59b726f3dfd4782c4d
11452,ce08c22f7777768ce4197eab9727516c,4a800301260b2639fa1ec3efafb5f86c,SO60043,2384,BK-T79U-46,1,2384,5072507e949a2c25948a591c4da194e1
11452,ce08c22f7777768ce4197eab9727516c,4a800301260b2639fa1ec3efafb5f86c,SO60043,27,CA-1098,3,27,5072507e949a2c25948a591c4da194e1
11452,f6fc4f2618f10629bd7f83026a77c035,63c0ac0c5d4eb1d53a95d812bbe183b2,SO45138,3375,BK-M82B-42,1,3375,0ef697b4ad71a7e322d53c0d31d3db09
11453,348f48807f500aeac729fb17d9bc97f1,5072507e949a2c25948a591c4da194e1,SO60518,2384,BK-T79Y-60,1,2384,f108e0cd2f96a0c22086f9d45ee08f19
11453,348f48807f500aeac729fb17d9bc97f1,5072507e949a2c25948a591c4da194e1,SO60518,105,HL-U509,3,105,f108e0cd2f96a0c22086f9d45ee08f19
11453,70ad7386c1fe794c57fa3908ff22435d,bc58efba5e800fb688b34bfde89c24bf,SO51597,4640,BK-M68S-42,2,4640,b2e85aa5f9c095607e638c7e6e2c694b
11453,70ad7386c1fe794c57fa3908ff22435d,bc58efba5e800fb688b34bfde89c24bf,SO51597,8,CL-9009,1,8,b2e85aa5f9c095607e638c7e6e2c694b
11453,70ad7386c1fe794c57fa3908ff22435d,bc58efba5e800fb688b34bfde89c24bf,SO51597,55,HY-1023-70,1,55,b2e85aa5f9c095607e638c7e6e2c694b
11453,e5395ed6218fcdbee3bcf445ea9eaaa3,4203367f75691615833ed21a18072519,SO45164,3375,BK-M82B-42,1,3375,126a150f00133dcede50b2ccff26629d
11454,39ff8ac1e8a44088f96e17b846ec8baf,9a95fdf4e925d9cbd65f87b5aa4ac212,SO60451,2384,BK-T79U-46,1,2384,c926349b55a58d87d7d5008c349fd1e9
11454,39ff8ac1e8a44088f96e17b846ec8baf,9a95fdf4e925d9cbd65f87b5aa4ac212,SO60451,105,HL-U509,3,105,c926349b55a58d87d7d5008c349fd1e9
11454,c53a11f9ff0240a8c60779a9b2b3bc12,e10208f8f7fcc7abfebbaa11e0a5d9a5,SO45264,3375,BK-M82B-42,1,3375,e89a01c7beb66fd77ea090731710a12e
11454,e8c0bfc4371d81db0dacde1b8fa393ca,e5cdc2e9be5ecca55f34ea2ebabb8670,SO51354,4590,BK-M68B-46,2,4590,01070cf843f2ca45e3d4ec7c02c52551
11455,0990769bd233255d308a2f2137e95214,4b74d4eac4c3a33d22d34af93569c011,SO51388,4640,BK-M68S-42,2,4640,9bbc713be22755b8ea8e3b596e06edd2
11455,4a800301260b2639fa1ec3efafb5f86c,23f22724b430320654759f8512440ebc,SO59208,2384,BK-T79U-54,1,2384,a189cc17a15cdb4e39e80dfcd8374c76
11455,4a800301260b2639fa1ec3efafb5f86c,23f22724b430320654759f8512440ebc,SO59208,27,CA-1098,3,27,a189cc17a15cdb4e39e80dfcd8374c76
11455,4a800301260b2639fa1ec3efafb5f86c,23f22724b430320654759f8512440ebc,SO59208,54,SJ-0194-M,1,54,a189cc17a15cdb4e39e80dfcd8374c76
11455,ddf982e1176e6263757093cc2f312cd3,fe79f48f1af975659b09282772273c5f,SO45082,3375,BK-M82B-44,1,3375,51aeb01fbbe1b86816ccd49f6e3042a1
11456,01070cf843f2ca45e3d4ec7c02c52551,9cdb18f37bdd2084cec3f36c200212be,SO51267,10,BC-M005,1,10,4b74d4eac4c3a33d22d34af93569c011
11456,01070cf843f2ca45e3d4ec7c02c52551,9cdb18f37bdd2084cec3f36c200212be,SO51267,4590,BK-M68B-46,2,4590,4b74d4eac4c3a33d22d34af93569c011
11456,01070cf843f2ca45e3d4ec7c02c52551,9cdb18f37bdd2084cec3f36c200212be,SO51267,22,FE-6654,1,22,4b74d4eac4c3a33d22d34af93569c011
11456,01070cf843f2ca45e3d4ec7c02c52551,9cdb18f37bdd2084cec3f36c200212be,SO51267,48,GL-H102-M,2,48,4b74d4eac4c3a33d22d34af93569c011
11456,01070cf843f2ca45e3d4ec7c02c52551,9cdb18f37bdd2084cec3f36c200212be,SO51267,105,HL-U509-R,3,105,4b74d4eac4c3a33d22d34af93569c011
11456,01070cf843f2ca45e3d4ec7c02c52551,9cdb18f37bdd2084cec3f36c200212be,SO51267,5,WB-H098,1,5,4b74d4eac4c3a33d22d34af93569c011
11456,222037d3aa2a1c1520bb378c14db0565,31ee28e8b3065df78e0ab30c3bde73e0,SO45178,3400,BK-M82S-48,1,3400,86cf66ad58c4073cc4d377971f1518f3
11456,4a800301260b2639fa1ec3efafb5f86c,23f22724b430320654759f8512440ebc,SO59209,9,BC-R205,1,9,a189cc17a15cdb4e39e80dfcd8374c76
11456,4a800301260b2639fa1ec3efafb5f86c,23f22724b430320654759f8512440ebc,SO59209,2384,BK-T79U-60,1,2384,a189cc17a15cdb4e39e80dfcd8374c76
11456,4a800301260b2639fa1ec3efafb5f86c,23f22724b430320654759f8512440ebc,SO59209,105,HL-U509,3,105,a189cc17a15cdb4e39e80dfcd8374c76
11456,4a800301260b2639fa1ec3efafb5f86c,23f22724b430320654759f8512440ebc,SO59209,5,WB-H098,1,5,a189cc17a15cdb4e39e80dfcd8374c76
11457,222037d3aa2a1c1520bb378c14db0565,31ee28e8b3065df78e0ab30c3bde73e0,SO45179,3375,BK-M82B-48,1,3375,86cf66ad58c4073cc4d377971f1518f3
11457,9e8cbc3edbb5efb3f48d6afb260e4725,174acf6ca4e9804d47a59a499422e621,SO59271,9,BC-R205,1,9,640540d73b85c3ecd2e3bf5541686e87
11457,9e8cbc3edbb5efb3f48d6afb260e4725,174acf6ca4e9804d47a59a499422e621,SO59271,2384,BK-T79U-50,1,2384,640540d73b85c3ecd2e3bf5541686e87
11457,9e8cbc3edbb5efb3f48d6afb260e4725,174acf6ca4e9804d47a59a499422e621,SO59271,48,GL-H102-M,2,48,640540d73b85c3ecd2e3bf5541686e87
11457,9e8cbc3edbb5efb3f48d6afb260e4725,174acf6ca4e9804d47a59a499422e621,SO59271,54,SJ-0194-S,1,54,640540d73b85c3ecd2e3bf5541686e87
11457,9e8cbc3edbb5efb3f48d6afb260e4725,174acf6ca4e9804d47a59a499422e621,SO59271,5,WB-H098,1,5,640540d73b85c3ecd2e3bf5541686e87
11457,f5933feadc49c253e4f0e77b236946e9,0b80ce5eab877cae9997209e0bee6e60,SO52458,10,BC-M005,1,10,b8cc77f0099ae7d3a20b9f0b74d70b12
11457,f5933feadc49c253e4f0e77b236946e9,0b80ce5eab877cae9997209e0bee6e60,SO52458,4590,BK-M68B-42,2,4590,b8cc77f0099ae7d3a20b9f0b74d70b12
11457,f5933feadc49c253e4f0e77b236946e9,0b80ce5eab877cae9997209e0bee6e60,SO52458,150,LJ-0192-L,3,150,b8cc77f0099ae7d3a20b9f0b74d70b12
11457,f5933feadc49c253e4f0e77b236946e9,0b80ce5eab877cae9997209e0bee6e60,SO52458,5,WB-H098,1,5,b8cc77f0099ae7d3a20b9f0b74d70b12
11458,12092303778fcfa88ed7d284b74c6a6a,40eee601514259a9632d510ca71226cc,SO74795,105,HL-U509-B,3,105,6cf9e035d2f1d8ffe1b9f2f96a9e7a3a
11458,12092303778fcfa88ed7d284b74c6a6a,40eee601514259a9632d510ca71226cc,SO74795,25,TI-M267,1,25,6cf9e035d2f1d8ffe1b9f2f96a9e7a3a
11458,12092303778fcfa88ed7d284b74c6a6a,40eee601514259a9632d510ca71226cc,SO74795,5,TT-M928,1,5,6cf9e035d2f1d8ffe1b9f2f96a9e7a3a
11458,9b6872ca1d80024637e967d1066bba0a,4310d0d92131e34ff2716d85e1953174,SO55335,10,BC-M005,1,10,7b0730955172ecda497d7cca6b1d87a1
11458,9b6872ca1d80024637e967d1066bba0a,4310d0d92131e34ff2716d85e1953174,SO55335,27,CA-1098,3,27,7b0730955172ecda497d7cca6b1d87a1
11458,9b6872ca1d80024637e967d1066bba0a,4310d0d92131e34ff2716d85e1953174,SO55335,5,WB-H098,1,5,7b0730955172ecda497d7cca6b1d87a1
11458,f46ace11e93788e473124f7be16a19d5,5c741aa8e0753be65314a304e7b39c14,SO62759,8,CL-9009,1,8,4555f65c4664801d78b9f5477f89d8fd
11459,276d128fe3aa57f2302ada8154e97cc2,e5395ed6218fcdbee3bcf445ea9eaaa3,SO45238,3400,BK-M82S-44,1,3400,7ad2baebba56180e3df41b5a8865d84e
11459,3143ce3c6436ed5bd25398756b7b661d,6be9692276a308e4b872323af1ad8fe2,SO52959,4640,BK-M68S-42,2,4640,ad4fbe0c82c7e5968d4cf22c2ad19e28
11459,3143ce3c6436ed5bd25398756b7b661d,6be9692276a308e4b872323af1ad8fe2,SO52959,2,PK-7098,1,2,ad4fbe0c82c7e5968d4cf22c2ad19e28
11459,39ff8ac1e8a44088f96e17b846ec8baf,9a95fdf4e925d9cbd65f87b5aa4ac212,SO60452,2384,BK-T79U-46,1,2384,c926349b55a58d87d7d5008c349fd1e9
11459,39ff8ac1e8a44088f96e17b846ec8baf,9a95fdf4e925d9cbd65f87b5aa4ac212,SO60452,105,HL-U509-B,3,105,c926349b55a58d87d7d5008c349fd1e9
11460,412998e77ee121227580e3d363f75fa2,df595e3c678d4fae23ce174fe747165e,SO59902,2384,BK-T79Y-60,1,2384,254d832c83ccdb2c33eab65a4fd196ff
11460,412998e77ee121227580e3d363f75fa2,df595e3c678d4fae23ce174fe747165e,SO59902,48,GL-H102-S,2,48,254d832c83ccdb2c33eab65a4fd196ff
11460,412998e77ee121227580e3d363f75fa2,df595e3c678d4fae23ce174fe747165e,SO59902,29,TI-T723,1,29,254d832c83ccdb2c33eab65a4fd196ff
11460,412998e77ee121227580e3d363f75fa2,df595e3c678d4fae23ce174fe747165e,SO59902,5,TT-T092,1,5,254d832c83ccdb2c33eab65a4fd196ff
11460,9b98d27287b27eeee9ebc06e1d5a9a8d,0dc34ca2aaa8612cde077f1880b78b25,SO53126,4590,BK-M68B-38,2,4590,18bea060239713ee5f865109f63f3a8a
11460,fcd5adae10c8b193e7f485daaca8edaf,2a6250d596353ea8d83850c77e8b9ad4,SO45204,3400,BK-M82S-42,1,3400,0abdefac8d1bd8fada12695898a16347
11461,14e4b13c27fb9bce9938ce35b6597eca,c375f33d72ca7161f341c2726e82d67a,SO53392,4590,BK-M68B-38,2,4590,9b98d27287b27eeee9ebc06e1d5a9a8d
11461,5efefff01843f5aa3f7d8a4d44b4bf2e,922d04aa1f67bbe0270bfad98508f43e,SO62580,2384,BK-T79U-46,1,2384,db2f6a564b6f5f41253c68874b50962b
11461,5efefff01843f5aa3f7d8a4d44b4bf2e,922d04aa1f67bbe0270bfad98508f43e,SO62580,105,HL-U509,3,105,db2f6a564b6f5f41253c68874b50962b
11461,c53a11f9ff0240a8c60779a9b2b3bc12,e10208f8f7fcc7abfebbaa11e0a5d9a5,SO45265,3375,BK-M82B-44,1,3375,e89a01c7beb66fd77ea090731710a12e
11462,0abdefac8d1bd8fada12695898a16347,f5c31768618e3c8a7f1b3b755f08aa67,SO45170,3375,BK-M82B-48,1,3375,f6fc4f2618f10629bd7f83026a77c035
11462,41464bd548f06ca845208f69df30ac82,15aceb75d86814cb479f1b1a9487c3d4,SO53712,4640,BK-M68S-42,2,4640,3e48b2167bd86ef570e46d0b286c4f74
11462,41464bd548f06ca845208f69df30ac82,15aceb75d86814cb479f1b1a9487c3d4,SO53712,2,PK-7098,1,2,3e48b2167bd86ef570e46d0b286c4f74
11462,f46ace11e93788e473124f7be16a19d5,5c741aa8e0753be65314a304e7b39c14,SO62818,2384,BK-T79U-50,1,2384,4555f65c4664801d78b9f5477f89d8fd
11462,f46ace11e93788e473124f7be16a19d5,5c741aa8e0753be65314a304e7b39c14,SO62818,105,HL-U509-R,3,105,4555f65c4664801d78b9f5477f89d8fd
11463,3f20f21c57e09a6c071e44d1fe74b58a,9b98d27287b27eeee9ebc06e1d5a9a8d,SO53881,8,CL-9009,1,8,51c449e55b4a63a16fb45beb689150d5
11463,a048b8d5f3f9178f163e2be055f0138b,c83e871e48c2716e0f28e60d166a5c98,SO72974,25,TI-M267,1,25,41ef6b06b63ba4f6a5234245a439b157
11463,df595e3c678d4fae23ce174fe747165e,07b31bae17c7890b17d79a654aa230cf,SO58842,10,BC-M005,1,10,75fe8d7dec9d2a51be64595ab37dc674
11463,df595e3c678d4fae23ce174fe747165e,07b31bae17c7890b17d79a654aa230cf,SO58842,5,WB-H098,1,5,75fe8d7dec9d2a51be64595ab37dc674
11464,7ad2baebba56180e3df41b5a8865d84e,126a150f00133dcede50b2ccff26629d,SO45213,3375,BK-M82B-42,1,3375,222037d3aa2a1c1520bb378c14db0565
11464,d3c54b4368c62c2ff11535bf2b677170,41464bd548f06ca845208f69df30ac82,SO54364,10,BC-M005,1,10,da9c4ba6c9a1ae8725389bfd38b5763a
11464,d3c54b4368c62c2ff11535bf2b677170,41464bd548f06ca845208f69df30ac82,SO54364,4590,BK-M68B-38,2,4590,da9c4ba6c9a1ae8725389bfd38b5763a
11464,d3c54b4368c62c2ff11535bf2b677170,41464bd548f06ca845208f69df30ac82,SO54364,48,GL-H102-S,2,48,da9c4ba6c9a1ae8725389bfd38b5763a
11464,d3c54b4368c62c2ff11535bf2b677170,41464bd548f06ca845208f69df30ac82,SO54364,5,WB-H098,1,5,da9c4ba6c9a1ae8725389bfd38b5763a
11464,d945ec2aae74dbfb829453026b91c235,348f48807f500aeac729fb17d9bc97f1,SO61370,2384,BK-T79Y-46,1,2384,eef21e68ecca703bb338920b950f203c
11464,d945ec2aae74dbfb829453026b91c235,348f48807f500aeac729fb17d9bc97f1,SO61370,105,HL-U509-R,3,105,eef21e68ecca703bb338920b950f203c
11465,0095a52f8a0e02a140bcad01e006d00c,609b197be8107c93f47563f68c8efa70,SO45156,3400,BK-M82S-38,1,3400,2a6250d596353ea8d83850c77e8b9ad4
11465,5c741aa8e0753be65314a304e7b39c14,d945ec2aae74dbfb829453026b91c235,SO62085,2384,BK-T79Y-50,1,2384,7ee641303ef8d8b10d0ed00a060c73cc
11465,5c741aa8e0753be65314a304e7b39c14,d945ec2aae74dbfb829453026b91c235,SO62085,54,SJ-0194-X,1,54,7ee641303ef8d8b10d0ed00a060c73cc
11465,ac15b60491fe99190c0248790e690757,ab2e81a99745ffff6c06e2be93290d1b,SO54809,4640,BK-M68S-38,2,4640,0c8ff735cb2b05718573c08173335fd4
11466,254d832c83ccdb2c33eab65a4fd196ff,75fe8d7dec9d2a51be64595ab37dc674,SO59499,10,BC-M005,1,10,4a800301260b2639fa1ec3efafb5f86c
11466,254d832c83ccdb2c33eab65a4fd196ff,75fe8d7dec9d2a51be64595ab37dc674,SO59499,105,HL-U509-R,3,105,4a800301260b2639fa1ec3efafb5f86c
11466,254d832c83ccdb2c33eab65a4fd196ff,75fe8d7dec9d2a51be64595ab37dc674,SO59499,5,WB-H098,1,5,4a800301260b2639fa1ec3efafb5f86c
11466,4eec6eda382b9c44e240ad4b4b5e9cc0,f75e5f8c15ca91ec5c869dc3881f574f,SO64683,8,CL-9009,1,8,94b225b5b1f09ecd5e8ecdfb681ff04c
11466,d630b2db6e8046e30b4728ca862ba4e1,02ad1a5ca18e58629b8c1d6a6401d071,SO58425,2,PK-7098,1,2,07b31bae17c7890b17d79a654aa230cf
11466,d630b2db6e8046e30b4728ca862ba4e1,02ad1a5ca18e58629b8c1d6a6401d071,SO58425,25,TI-M267,1,25,07b31bae17c7890b17d79a654aa230cf
11466,d630b2db6e8046e30b4728ca862ba4e1,02ad1a5ca18e58629b8c1d6a6401d071,SO58425,5,TT-M928,1,5,07b31bae17c7890b17d79a654aa230cf
11467,81a5d08c6beaeec9e42baae5d63dd780,95103530881768b5cfc7e33970db9cd7,SO63303,25,TI-M267,1,25,b210069485754303767745919c328b97
11467,c4369eefdf9bb8a3f9115e96b40aaf17,b34050290c25b0f7b52a2b8f767df87d,SO68743,10,BC-M005,1,10,c135545cc3f3a739132ffdbc8096f3d4
11467,c4369eefdf9bb8a3f9115e96b40aaf17,b34050290c25b0f7b52a2b8f767df87d,SO68743,8,CL-9009,1,8,c135545cc3f3a739132ffdbc8096f3d4
11467,c4369eefdf9bb8a3f9115e96b40aaf17,b34050290c25b0f7b52a2b8f767df87d,SO68743,5,WB-H098,1,5,c135545cc3f3a739132ffdbc8096f3d4
11467,df09a3a727ac0f29208c5ef3bf7625e6,5cbbe853aa1a5a1370f9a614904c4b15,SO74280,8,CL-9009,1,8,9c55d6518880c1abf100a24da2546368
11468,361e2c62255e0c1887ac2139911ca300,20b5e9ce0f87defd975a322149ec8cc6,SO51878,4640,BK-M68S-38,2,4640,eedd9be5500334505ed9d4aef801ac3d
11468,4eec6eda382b9c44e240ad4b4b5e9cc0,f75e5f8c15ca91ec5c869dc3881f574f,SO64716,1215,BK-T44U-46,1,1215,94b225b5b1f09ecd5e8ecdfb681ff04c
11468,4eec6eda382b9c44e240ad4b4b5e9cc0,f75e5f8c15ca91ec5c869dc3881f574f,SO64716,150,LJ-0192-X,3,150,94b225b5b1f09ecd5e8ecdfb681ff04c
11468,cd59b1822cd84a7b984662e762bba828,276d128fe3aa57f2302ada8154e97cc2,SO45394,3375,BK-M82B-38,1,3375,c55f055d5165a30d442dcecdc9275b95
11469,f75e5f8c15ca91ec5c869dc3881f574f,3a23b248b732af434a45fce0302aa11f,SO63912,21,TI-R092,1,21,03bf7d2a8718ee9aca4bd2f37e962fc4
11469,f75e5f8c15ca91ec5c869dc3881f574f,3a23b248b732af434a45fce0302aa11f,SO63912,4,TT-R982,1,4,03bf7d2a8718ee9aca4bd2f37e962fc4
11470,72514ec24cd9e6144a04f1abf93e0b08,c75ebcb138485ff2faa2ca7c6dda6bf5,SO46875,4098,BK-M68B-46,2,4098,100acb16459de9c5ebfc99be9a36afbe
11470,9b98d27287b27eeee9ebc06e1d5a9a8d,0dc34ca2aaa8612cde077f1880b78b25,SO53068,4590,BK-M68B-46,2,4590,18bea060239713ee5f865109f63f3a8a
11471,07b31bae17c7890b17d79a654aa230cf,a976f17830aceaaa93d5daef0bc209a3,SO58161,54,SJ-0194-X,1,54,ef5bad66aa19ccfb82cacb73584b83ea
11472,427ed6396fba4ed8ead9ec3229517d2b,3519c8eb4095dbc69d80eb61856d3435,SO56268,4640,BK-M68S-38,2,4640,629ffff971d10f275a79a70fae527fbc
11472,427ed6396fba4ed8ead9ec3229517d2b,3519c8eb4095dbc69d80eb61856d3435,SO56268,2,PK-7098,1,2,629ffff971d10f275a79a70fae527fbc
11472,83d1ed00595e79ee5ea3797e97970fe8,fe1fd19c021e78ec395980c2e347865e,SO69243,2384,BK-T79Y-60,1,2384,705fa39ab40831529471c768490339ab
11472,83d1ed00595e79ee5ea3797e97970fe8,fe1fd19c021e78ec395980c2e347865e,SO69243,48,GL-H102-L,2,48,705fa39ab40831529471c768490339ab
11472,83d1ed00595e79ee5ea3797e97970fe8,fe1fd19c021e78ec395980c2e347865e,SO69243,105,HL-U509,3,105,705fa39ab40831529471c768490339ab
11472,e89a01c7beb66fd77ea090731710a12e,0095a52f8a0e02a140bcad01e006d00c,SO45233,3400,BK-M82S-38,1,3400,fcd5adae10c8b193e7f485daaca8edaf
11473,ad0b7f5ad35732646f1e5f67418d5995,244cede513841376c37dc856f2f5e7b9,SO59309,27,CA-1098,3,27,0df76889b3e31ccfd17b50cc73baef03
11473,ad0b7f5ad35732646f1e5f67418d5995,244cede513841376c37dc856f2f5e7b9,SO59309,54,SJ-0194-M,1,54,0df76889b3e31ccfd17b50cc73baef03
11474,caa707f97407c07371136aaf471a91d4,4efe8b2ca156042f8a3d8dd6aba54520,SO67115,48,GL-H102-M,2,48,058af5b2a408d57b708367e5bf4e9d9c
11474,caa707f97407c07371136aaf471a91d4,4efe8b2ca156042f8a3d8dd6aba54520,SO67115,21,TI-R092,1,21,058af5b2a408d57b708367e5bf4e9d9c
11474,caa707f97407c07371136aaf471a91d4,4efe8b2ca156042f8a3d8dd6aba54520,SO67115,4,TT-R982,1,4,058af5b2a408d57b708367e5bf4e9d9c
11475,d9f7611cf8d29b48a1d3d8fddb8c5b2e,55f9f4cb5784581a517e59904e0d5e2f,SO56668,27,CA-1098,3,27,fda052162862bb845297063fd71a580c
11475,d9f7611cf8d29b48a1d3d8fddb8c5b2e,55f9f4cb5784581a517e59904e0d5e2f,SO56668,105,HL-U509-B,3,105,fda052162862bb845297063fd71a580c
11475,d9f7611cf8d29b48a1d3d8fddb8c5b2e,55f9f4cb5784581a517e59904e0d5e2f,SO56668,21,TI-R092,1,21,fda052162862bb845297063fd71a580c
11475,d9f7611cf8d29b48a1d3d8fddb8c5b2e,55f9f4cb5784581a517e59904e0d5e2f,SO56668,4,TT-R982,1,4,fda052162862bb845297063fd71a580c
11476,ec24e4cf9fcc90f3bbe81b2fb3735c21,c4369eefdf9bb8a3f9115e96b40aaf17,SO69833,54,SJ-0194-L,1,54,f06fd077b6afc2d69af6e1e548da266d
11477,0001ffe4d82d0d8f9fec5ab0b4faa2db,3dc63b2d6dcc8f0b6720b06b5439a0b1,SO67061,105,HL-U509-R,3,105,4004a117f65dfd3221a9cce8fce5a45f
11478,ed268f8f3837888893f896b7240f1254,a9cefc49af6424b430612adfc69876ee,SO56461,54,SJ-0194-X,1,54,6353a8421ee460b64f2c988cc72a8391
11479,75fe8d7dec9d2a51be64595ab37dc674,ef5bad66aa19ccfb82cacb73584b83ea,SO58581,9,BC-R205,1,9,23f22724b430320654759f8512440ebc
11479,75fe8d7dec9d2a51be64595ab37dc674,ef5bad66aa19ccfb82cacb73584b83ea,SO58581,540,BK-R19B-44,1,540,23f22724b430320654759f8512440ebc
11479,75fe8d7dec9d2a51be64595ab37dc674,ef5bad66aa19ccfb82cacb73584b83ea,SO58581,5,WB-H098,1,5,23f22724b430320654759f8512440ebc
11479,853665fc08fe34bcd66df57da6a82a16,f5d822432c5ffbc58e8bd3ffc7607c1b,SO50842,4142,BK-M68S-46,2,4142,5f8b10fd69342734dd36c905a170cf51
11479,f476906875bc5d9abe836b4ea1f485c1,f04e53711455521533f4c5ed7dcaa287,SO53134,4590,BK-M68B-46,2,4590,15aceb75d86814cb479f1b1a9487c3d4
11479,f476906875bc5d9abe836b4ea1f485c1,f04e53711455521533f4c5ed7dcaa287,SO53134,8,CL-9009,1,8,15aceb75d86814cb479f1b1a9487c3d4
11479,f476906875bc5d9abe836b4ea1f485c1,f04e53711455521533f4c5ed7dcaa287,SO53134,2,PK-7098,1,2,15aceb75d86814cb479f1b1a9487c3d4
11479,f476906875bc5d9abe836b4ea1f485c1,f04e53711455521533f4c5ed7dcaa287,SO53134,35,TI-M823,1,35,15aceb75d86814cb479f1b1a9487c3d4
11479,f476906875bc5d9abe836b4ea1f485c1,f04e53711455521533f4c5ed7dcaa287,SO53134,5,TT-M928,1,5,15aceb75d86814cb479f1b1a9487c3d4
11480,109423a52128e234487abcd717f01458,f4630495c408b1838e43e9291392dcdf,SO51053,4142,BK-M68S-38,2,4142,6ccfb4540d439b07eef79e9ec663aeee
11480,6be9692276a308e4b872323af1ad8fe2,bee2b842cd357511cf4c8e509f5af192,SO52329,10,BC-M005,1,10,72e75576254db1afef14ecdc050391c2
11480,6be9692276a308e4b872323af1ad8fe2,bee2b842cd357511cf4c8e509f5af192,SO52329,4590,BK-M68B-38,2,4590,72e75576254db1afef14ecdc050391c2
11480,6be9692276a308e4b872323af1ad8fe2,bee2b842cd357511cf4c8e509f5af192,SO52329,5,WB-H098,1,5,72e75576254db1afef14ecdc050391c2
11480,f46ace11e93788e473124f7be16a19d5,5c741aa8e0753be65314a304e7b39c14,SO62813,9,BC-R205,1,9,4555f65c4664801d78b9f5477f89d8fd
11480,f46ace11e93788e473124f7be16a19d5,5c741aa8e0753be65314a304e7b39c14,SO62813,540,BK-R19B-52,1,540,4555f65c4664801d78b9f5477f89d8fd
11480,f46ace11e93788e473124f7be16a19d5,5c741aa8e0753be65314a304e7b39c14,SO62813,5,WB-H098,1,5,4555f65c4664801d78b9f5477f89d8fd
11481,493ae116dff448cca13e0d6443b3c3c2,579ccf7535264274969f909add894a18,SO46919,4098,BK-M68B-46,2,4098,72514ec24cd9e6144a04f1abf93e0b08
11481,4ceff7612cfa4420892fe23b23ca9265,5691ac18f59a9af20f9d8703772afbba,SO56594,9,BC-R205,1,9,089c2a426c196c5ca5facb20896c90bb
11481,4ceff7612cfa4420892fe23b23ca9265,5691ac18f59a9af20f9d8703772afbba,SO56594,540,BK-R19B-58,1,540,089c2a426c196c5ca5facb20896c90bb
11481,4ceff7612cfa4420892fe23b23ca9265,5691ac18f59a9af20f9d8703772afbba,SO56594,5,WB-H098,1,5,089c2a426c196c5ca5facb20896c90bb
11481,e2f7ff887646789ea003d03bc2025325,0990769bd233255d308a2f2137e95214,SO51576,4640,BK-M68S-46,2,4640,20b5e9ce0f87defd975a322149ec8cc6
11481,e2f7ff887646789ea003d03bc2025325,0990769bd233255d308a2f2137e95214,SO51576,55,HY-1023-70,1,55,20b5e9ce0f87defd975a322149ec8cc6
11482,07b7d2aed13a63a16377587dcc0abbe8,02b96ab6e0935145589be4e1408a1675,SO66152,2384,BK-T79U-60,1,2384,6866da5d40f1aad2d82129d5ffa25bda
11482,07b7d2aed13a63a16377587dcc0abbe8,02b96ab6e0935145589be4e1408a1675,SO66152,29,TI-T723,1,29,6866da5d40f1aad2d82129d5ffa25bda
11482,3e48b2167bd86ef570e46d0b286c4f74,072bf847aeeee970f66483e596496cd9,SO53242,4640,BK-M68S-38,2,4640,3e07f09fb2edbdf0bf6a54c17634514b
11482,3e48b2167bd86ef570e46d0b286c4f74,072bf847aeeee970f66483e596496cd9,SO53242,105,HL-U509,3,105,3e07f09fb2edbdf0bf6a54c17634514b
11482,4e1880c62d1a2a8c16dbea8fe88f6340,4aed0f4e82a51c3f853b8a3df8d808eb,SO45645,3375,BK-M82B-48,1,3375,13af0cd214494c6df4622847478d94fe
11483,7f026edc73bd4602381834e9b850d6c2,eedd9be5500334505ed9d4aef801ac3d,SO52214,4640,BK-M68S-46,2,4640,db2b287636ac5ebda430de4f3f643b24
11483,7f026edc73bd4602381834e9b850d6c2,eedd9be5500334505ed9d4aef801ac3d,SO52214,105,HL-U509-R,3,105,db2b287636ac5ebda430de4f3f643b24
11483,93963041729da5d8213c536f91ed9402,460e666a19398f97709b4a361d97ed76,SO51022,4142,BK-M68S-46,2,4142,048405fe051586c63978bfe6b3a8b733
11483,95103530881768b5cfc7e33970db9cd7,2ed3972e38245b633ec6b146c2970148,SO62465,540,BK-R19B-44,1,540,305c66634c155cab2b5cc3ce00351eb1
11484,20b5e9ce0f87defd975a322149ec8cc6,9bbc713be22755b8ea8e3b596e06edd2,SO51482,4590,BK-M68B-38,2,4590,679eed5d77e30211eb990c0c13145df3
11484,20b5e9ce0f87defd975a322149ec8cc6,9bbc713be22755b8ea8e3b596e06edd2,SO51482,105,HL-U509,3,105,679eed5d77e30211eb990c0c13145df3
11484,20b5e9ce0f87defd975a322149ec8cc6,9bbc713be22755b8ea8e3b596e06edd2,SO51482,35,TI-M823,1,35,679eed5d77e30211eb990c0c13145df3
11484,9b6872ca1d80024637e967d1066bba0a,4310d0d92131e34ff2716d85e1953174,SO55379,9,BC-R205,1,9,7b0730955172ecda497d7cca6b1d87a1
11484,9b6872ca1d80024637e967d1066bba0a,4310d0d92131e34ff2716d85e1953174,SO55379,540,BK-R19B-48,1,540,7b0730955172ecda497d7cca6b1d87a1
11484,d6cafebfd2db462e512bc5b597cf9232,b0d346be9fa7508e21d5c500b97e6b7a,SO46710,4142,BK-M68S-46,2,4142,4a318fb9cfbe73b094d25673d3ce9e38
11485,05e7920e8caf0303dc01b77666952b75,eea5b3bd1bd5d5c62a1d22f78d3ba263,SO66245,1215,BK-T44U-46,1,1215,3a2f313512bb520c43971e54ba834dec
11485,05e7920e8caf0303dc01b77666952b75,eea5b3bd1bd5d5c62a1d22f78d3ba263,SO66245,105,HL-U509-B,3,105,3a2f313512bb520c43971e54ba834dec
11485,072bf847aeeee970f66483e596496cd9,cfceb7490eff6e660974507be7c579c6,SO52616,10,BC-M005,1,10,dca79d69a6b38e95c4b03bfab997796c
11485,072bf847aeeee970f66483e596496cd9,cfceb7490eff6e660974507be7c579c6,SO52616,4640,BK-M68S-38,2,4640,dca79d69a6b38e95c4b03bfab997796c
11485,072bf847aeeee970f66483e596496cd9,cfceb7490eff6e660974507be7c579c6,SO52616,64,VE-C304-L,1,64,dca79d69a6b38e95c4b03bfab997796c
11485,072bf847aeeee970f66483e596496cd9,cfceb7490eff6e660974507be7c579c6,SO52616,5,WB-H098,1,5,dca79d69a6b38e95c4b03bfab997796c
11485,97cd5e56c90f7c4d613dc94c51d72999,01fa6f8199200216ae5fb86e25570605,SO45684,3400,BK-M82S-42,1,3400,350462f2d0124beb0d7adf60dd79a8b8
11486,921bc92a493b53f98f24e6a8a12801be,17520f5649fab40fb66771362888cb90,SO71460,105,HL-U509,3,105,6a8d7e42bb852c45fbf8610361d391a0
11487,5432d51ee94799c0125bb158c8a8bd22,545a3d56d20b22e09aa85bfa5ed8738d,SO73143,54,SJ-0194-L,1,54,9592b44e2c3f304a9875f45537bec6eb
11488,6582aa26281b9a92ad60e6a03e274c00,232e830f1ac667c081eaaca23cdf9b5f,SO65451,2384,BK-T79Y-46,1,2384,18f358e551b5b85912bc952ab9894c0d
11488,6582aa26281b9a92ad60e6a03e274c00,232e830f1ac667c081eaaca23cdf9b5f,SO65451,27,CA-1098,3,27,18f358e551b5b85912bc952ab9894c0d
11488,cf4f13c16dae1f2408e65c290fefcbaa,17aa93a3dd7f6454bc0d81beb182a5e6,SO46010,3375,BK-M82B-38,1,3375,2fdcff2fdbe32f29016778bbf2d2634c
11488,cfceb7490eff6e660974507be7c579c6,01eb8a9956865747637639482336f5f8,SO52022,4640,BK-M68S-42,2,4640,e5bf4a4a03e320ed76cf2ca68fa5b4c0
11488,cfceb7490eff6e660974507be7c579c6,01eb8a9956865747637639482336f5f8,SO52022,2,PK-7098,1,2,e5bf4a4a03e320ed76cf2ca68fa5b4c0
11489,226d694fb4b7f71d62444f9528be8704,714597fe9448176d17876617114a65bc,SO53978,10,BC-M005,1,10,9444f850ff0c10a862b4a6a9c4ab0a74
11489,226d694fb4b7f71d62444f9528be8704,714597fe9448176d17876617114a65bc,SO53978,4640,BK-M68S-42,2,4640,9444f850ff0c10a862b4a6a9c4ab0a74
11489,226d694fb4b7f71d62444f9528be8704,714597fe9448176d17876617114a65bc,SO53978,48,GL-H102-S,2,48,9444f850ff0c10a862b4a6a9c4ab0a74
11489,226d694fb4b7f71d62444f9528be8704,714597fe9448176d17876617114a65bc,SO53978,5,WB-H098,1,5,9444f850ff0c10a862b4a6a9c4ab0a74
11489,8e8847c1bdf012037ee13bb62da8a5c1,c507827aa5f4f6bbedf64058461c621b,SO67259,2384,BK-T79Y-60,1,2384,6dd75c28a9a8a39e02bc0a175f82a9f3
11489,8e8847c1bdf012037ee13bb62da8a5c1,c507827aa5f4f6bbedf64058461c621b,SO67259,27,CA-1098,3,27,6dd75c28a9a8a39e02bc0a175f82a9f3
11489,cf4f13c16dae1f2408e65c290fefcbaa,17aa93a3dd7f6454bc0d81beb182a5e6,SO46011,3375,BK-M82B-48,1,3375,2fdcff2fdbe32f29016778bbf2d2634c
11490,bc761b2b7297029a695fbd6dd0470724,fef3080ec197edd1a04bb18afd31d16d,SO55645,54,SJ-0194-S,1,54,9b6872ca1d80024637e967d1066bba0a
11491,226d694fb4b7f71d62444f9528be8704,714597fe9448176d17876617114a65bc,SO53979,10,BC-M005,1,10,9444f850ff0c10a862b4a6a9c4ab0a74
11491,226d694fb4b7f71d62444f9528be8704,714597fe9448176d17876617114a65bc,SO53979,4640,BK-M68S-42,2,4640,9444f850ff0c10a862b4a6a9c4ab0a74
11491,3a2f313512bb520c43971e54ba834dec,a1fedb8f5f2e08543339a5f167bee6b7,SO65934,2384,BK-T79Y-50,1,2384,e2f0a420a4c1a9e8e292761f835e0489
11491,3a2f313512bb520c43971e54ba834dec,a1fedb8f5f2e08543339a5f167bee6b7,SO65934,105,HL-U509-B,3,105,e2f0a420a4c1a9e8e292761f835e0489
11491,3a2f313512bb520c43971e54ba834dec,a1fedb8f5f2e08543339a5f167bee6b7,SO65934,29,TI-T723,1,29,e2f0a420a4c1a9e8e292761f835e0489
11491,3a2f313512bb520c43971e54ba834dec,a1fedb8f5f2e08543339a5f167bee6b7,SO65934,5,TT-T092,1,5,e2f0a420a4c1a9e8e292761f835e0489
11491,f3cf78cac8ecb957d2c84eb7ec1a9c3c,59901f77a5f45f9e1a4ab8a7a016680f,SO46176,3375,BK-M82B-42,1,3375,3c6f36b5b624fc10e0e7fb916bc9e67a
11492,3e07f09fb2edbdf0bf6a54c17634514b,dca79d69a6b38e95c4b03bfab997796c,SO52965,4640,BK-M68S-38,2,4640,c375f33d72ca7161f341c2726e82d67a
11492,3e07f09fb2edbdf0bf6a54c17634514b,dca79d69a6b38e95c4b03bfab997796c,SO52965,105,HL-U509-B,3,105,c375f33d72ca7161f341c2726e82d67a
11492,b5bd60d2c998267a6b6a11a2521b0b65,540c97e65b08aac734db0196254259fd,SO47176,4098,BK-M68B-38,2,4098,74b4466b347c60a98e00951770d7b9a2
11493,05e7920e8caf0303dc01b77666952b75,eea5b3bd1bd5d5c62a1d22f78d3ba263,SO66246,9,BC-R205,1,9,3a2f313512bb520c43971e54ba834dec
11493,05e7920e8caf0303dc01b77666952b75,eea5b3bd1bd5d5c62a1d22f78d3ba263,SO66246,1215,BK-T44U-60,1,1215,3a2f313512bb520c43971e54ba834dec
11493,05e7920e8caf0303dc01b77666952b75,eea5b3bd1bd5d5c62a1d22f78d3ba263,SO66246,5,WB-H098,1,5,3a2f313512bb520c43971e54ba834dec
11493,15699e35c72c4036c71409f3f3d69528,f5933feadc49c253e4f0e77b236946e9,SO53005,4590,BK-M68B-46,2,4590,deff8ad81a213d1110c1f409a7f40fcd
11493,15699e35c72c4036c71409f3f3d69528,f5933feadc49c253e4f0e77b236946e9,SO53005,105,HL-U509-B,3,105,deff8ad81a213d1110c1f409a7f40fcd
11493,4e6174091aa6704e09467a0839dac801,3c6f36b5b624fc10e0e7fb916bc9e67a,SO46230,3400,BK-M82S-38,1,3400,ab121e91b47aaffbbc247dca4687f0f0
11494,0e3f5655bf7de733060720a9c9e92669,f5f4a24c43cdbbee05aff7941a939ee5,SO46564,3400,BK-M82S-48,1,3400,4de859c864889d3c068280a6c1c3328c
11494,9f1ff00ea8fd9fd8f2d421ba5ec45a18,f88b3743a9ce1f9455b6de69380b486a,SO67461,1215,BK-T44U-54,1,1215,0001ffe4d82d0d8f9fec5ab0b4faa2db
11494,9f1ff00ea8fd9fd8f2d421ba5ec45a18,f88b3743a9ce1f9455b6de69380b486a,SO67461,29,TI-T723,1,29,0001ffe4d82d0d8f9fec5ab0b4faa2db
11494,f799d104dd23bb828dcdaaefc4d25b61,ca510b577b53d588f80b4fc76030ea52,SO52282,4590,BK-M68B-42,2,4590,cfceb7490eff6e660974507be7c579c6
11494,f799d104dd23bb828dcdaaefc4d25b61,ca510b577b53d588f80b4fc76030ea52,SO52282,105,HL-U509-R,3,105,cfceb7490eff6e660974507be7c579c6
11495,83d1ed00595e79ee5ea3797e97970fe8,fe1fd19c021e78ec395980c2e347865e,SO69212,9,BC-R205,1,9,705fa39ab40831529471c768490339ab
11495,83d1ed00595e79ee5ea3797e97970fe8,fe1fd19c021e78ec395980c2e347865e,SO69212,5,WB-H098,1,5,705fa39ab40831529471c768490339ab
11496,9f79f7706bc6a7654ef0b8977966f69a,e2f7ff887646789ea003d03bc2025325,SO52112,10,BC-M005,1,10,361e2c62255e0c1887ac2139911ca300
11496,9f79f7706bc6a7654ef0b8977966f69a,e2f7ff887646789ea003d03bc2025325,SO52112,4590,BK-M68B-38,2,4590,361e2c62255e0c1887ac2139911ca300
11496,9f79f7706bc6a7654ef0b8977966f69a,e2f7ff887646789ea003d03bc2025325,SO52112,27,CA-1098,3,27,361e2c62255e0c1887ac2139911ca300
11496,9f79f7706bc6a7654ef0b8977966f69a,e2f7ff887646789ea003d03bc2025325,SO52112,105,HL-U509-R,3,105,361e2c62255e0c1887ac2139911ca300
11496,9f79f7706bc6a7654ef0b8977966f69a,e2f7ff887646789ea003d03bc2025325,SO52112,150,LJ-0192-X,3,150,361e2c62255e0c1887ac2139911ca300
11496,e871b36e68b0b3d0af9c742d81fef27a,3fe686907939d07097f6c87f08025422,SO70146,1215,BK-T44U-46,1,1215,1faee5670542865e021595151379fe5c
11496,f2a989663bc8d65aa827c90de8522a12,9c1231676f7d0735ca17dcc3b53881c6,SO46395,3400,BK-M82S-44,1,3400,62876ffab17a368f47277b256f840157
11497,f544b472453b297a8b55709fbfd3746d,70951886788165a5e2439adfce4d0cce,SO70059,105,HL-U509-R,3,105,331afa0aff1b1cfbf3d24944ab38c9d2
11498,13b7c2277967bc61802018c764b5b2a0,9c55d6518880c1abf100a24da2546368,SO74511,4,TT-R982,1,4,0e000451f430d2e5b745a08b4ee7836c
11498,3a2f313512bb520c43971e54ba834dec,a1fedb8f5f2e08543339a5f167bee6b7,SO65881,9,BC-R205,1,9,e2f0a420a4c1a9e8e292761f835e0489
11498,3a2f313512bb520c43971e54ba834dec,a1fedb8f5f2e08543339a5f167bee6b7,SO65881,27,CA-1098,3,27,e2f0a420a4c1a9e8e292761f835e0489
11498,3a2f313512bb520c43971e54ba834dec,a1fedb8f5f2e08543339a5f167bee6b7,SO65881,5,WB-H098,1,5,e2f0a420a4c1a9e8e292761f835e0489
11498,41fc4cb27e0ee552c4c9247e1a476cc5,6d338b8c41c717c4336ad0084a80dca4,SO55101,55,HY-1023-70,1,55,6e5c4b769f8f70f9fd01b24ba5be9695
11498,41fc4cb27e0ee552c4c9247e1a476cc5,6d338b8c41c717c4336ad0084a80dca4,SO55101,5,TT-T092,1,5,6e5c4b769f8f70f9fd01b24ba5be9695
11498,51c449e55b4a63a16fb45beb689150d5,18bea060239713ee5f865109f63f3a8a,SO53626,8,CL-9009,1,8,714597fe9448176d17876617114a65bc
11498,545a3d56d20b22e09aa85bfa5ed8738d,31c99d724c1f182c60edb82eb4740277,SO72187,105,HL-U509-R,3,105,a9cd7a99d71cca9cb644010050374ade
11498,6e5c4b769f8f70f9fd01b24ba5be9695,40e7dd73b09eac540e790daf6fac41af,SO54834,5,TT-T092,1,5,106dfbaf552c07a1b08d065f2c343982
11498,76918877cf6ce7011018cd9708723392,883b9b4170853b321c03290f64ba199f,SO61496,2,PK-7098,1,2,4ddc8821c34bceaf3dba4a18741acca3
11498,76918877cf6ce7011018cd9708723392,883b9b4170853b321c03290f64ba199f,SO61496,25,TI-R628,1,25,4ddc8821c34bceaf3dba4a18741acca3
11498,76918877cf6ce7011018cd9708723392,883b9b4170853b321c03290f64ba199f,SO61496,4,TT-R982,1,4,4ddc8821c34bceaf3dba4a18741acca3
11498,8b9fe4b34e3c54f08bfcac3d9691e260,a946e75bc65318721cd1e01162d392dd,SO64188,2,PK-7098,1,2,f75e5f8c15ca91ec5c869dc3881f574f
11498,a189cc17a15cdb4e39e80dfcd8374c76,b0b2c17e5682f78d8fc262463fd0a4f3,SO58652,8,CL-9009,1,8,244cede513841376c37dc856f2f5e7b9
11498,a189cc17a15cdb4e39e80dfcd8374c76,b0b2c17e5682f78d8fc262463fd0a4f3,SO58652,25,TI-M267,1,25,244cede513841376c37dc856f2f5e7b9
11498,a189cc17a15cdb4e39e80dfcd8374c76,b0b2c17e5682f78d8fc262463fd0a4f3,SO58652,5,TT-M928,1,5,244cede513841376c37dc856f2f5e7b9
11498,c660dc308b247ce08aeecd155306bae0,e7df1b3ee078bdcfc260a877f321287d,SO59924,54,SJ-0194-S,1,54,9a95fdf4e925d9cbd65f87b5aa4ac212
11498,c7390752782466cfc9a3ed7d3a79e046,0001ffe4d82d0d8f9fec5ab0b4faa2db,SO67918,48,GL-H102-S,2,48,16e364d19895243407b256ec272d5394
11498,c7390752782466cfc9a3ed7d3a79e046,0001ffe4d82d0d8f9fec5ab0b4faa2db,SO67918,105,HL-U509-R,3,105,16e364d19895243407b256ec272d5394
11498,c7390752782466cfc9a3ed7d3a79e046,0001ffe4d82d0d8f9fec5ab0b4faa2db,SO67918,30,TI-M602,1,30,16e364d19895243407b256ec272d5394
11498,c7390752782466cfc9a3ed7d3a79e046,0001ffe4d82d0d8f9fec5ab0b4faa2db,SO67918,5,TT-M928,1,5,16e364d19895243407b256ec272d5394
11498,d8a4ea0dc4237ee8690ee37b3902fd0e,0c8ff735cb2b05718573c08173335fd4,SO55158,27,CA-1098,3,27,fef3080ec197edd1a04bb18afd31d16d
11498,d8a4ea0dc4237ee8690ee37b3902fd0e,0c8ff735cb2b05718573c08173335fd4,SO55158,70,SH-W890-S,1,70,fef3080ec197edd1a04bb18afd31d16d
11498,d9f7611cf8d29b48a1d3d8fddb8c5b2e,55f9f4cb5784581a517e59904e0d5e2f,SO56655,21,TI-R092,1,21,fda052162862bb845297063fd71a580c
11498,dcf73f840a50da0145f24e8e0169dc4b,2797a91b25bc2aa85124c99bc574dc83,SO72013,2,PK-7098,1,2,d5985f40495ba672dff8a99620b879c8
11498,dcf73f840a50da0145f24e8e0169dc4b,2797a91b25bc2aa85124c99bc574dc83,SO72013,4,TT-R982,1,4,d5985f40495ba672dff8a99620b879c8
11498,eba6cab7267f82e3b2a063d5ea445bb9,73b2264d673ee7b5b2e7e165020516ac,SO58039,25,TI-R628,1,25,02ad1a5ca18e58629b8c1d6a6401d071
11498,fee8e08233f3f00450bce31967abb0f1,331afa0aff1b1cfbf3d24944ab38c9d2,SO70559,105,HL-U509-R,3,105,86bfb8ffc7a79e52d833cedce4d275bf
11498,fee8e08233f3f00450bce31967abb0f1,331afa0aff1b1cfbf3d24944ab38c9d2,SO70559,35,TI-M823,1,35,86bfb8ffc7a79e52d833cedce4d275bf
11498,fee8e08233f3f00450bce31967abb0f1,331afa0aff1b1cfbf3d24944ab38c9d2,SO70559,5,TT-M928,1,5,86bfb8ffc7a79e52d833cedce4d275bf
11499,1678083e7ff90bd404baad3f60bffa37,7b0730955172ecda497d7cca6b1d87a1,SO55782,8,CL-9009,1,8,73a69a5c77a7d23172e54d7ce07a638e
11499,1678083e7ff90bd404baad3f60bffa37,7b0730955172ecda497d7cca6b1d87a1,SO55782,22,FE-6654,1,22,73a69a5c77a7d23172e54d7ce07a638e
11499,1678083e7ff90bd404baad3f60bffa37,7b0730955172ecda497d7cca6b1d87a1,SO55782,35,TI-M823,1,35,73a69a5c77a7d23172e54d7ce07a638e
11499,1678083e7ff90bd404baad3f60bffa37,7b0730955172ecda497d7cca6b1d87a1,SO55782,5,TT-M928,1,5,73a69a5c77a7d23172e54d7ce07a638e
11499,4ddc8821c34bceaf3dba4a18741acca3,af1457846a79173ef71dd9d5dd69805a,SO61116,2,PK-7098,1,2,2d6e054ac82934d489c58cc8399a1628
11499,4ddc8821c34bceaf3dba4a18741acca3,af1457846a79173ef71dd9d5dd69805a,SO61116,120,RA-H123,1,120,2d6e054ac82934d489c58cc8399a1628
11500,16918840d98f27ce45948fe73dd5592f,04dbdf67bb8714ba18c9c36d50d1f5dc,SO62710,30,TI-M602,1,30,95103530881768b5cfc7e33970db9cd7
11500,232e830f1ac667c081eaaca23cdf9b5f,4b5c3229e0725ef8d303f494db9faec8,SO64480,25,TI-M267,1,25,abe94c2111c58e9c9672602d41bce66e
11500,4555f65c4664801d78b9f5477f89d8fd,7ee641303ef8d8b10d0ed00a060c73cc,SO62491,48,GL-H102-L,2,48,94c60e0b5e2b0f78b919a5d4c67d70a2
11500,4555f65c4664801d78b9f5477f89d8fd,7ee641303ef8d8b10d0ed00a060c73cc,SO62491,70,SH-W890-L,1,70,94c60e0b5e2b0f78b919a5d4c67d70a2
11500,4b5c3229e0725ef8d303f494db9faec8,f46ace11e93788e473124f7be16a19d5,SO63706,105,HL-U509-R,3,105,0149f124a48640c62d90840ac5760331
11500,4b5c3229e0725ef8d303f494db9faec8,f46ace11e93788e473124f7be16a19d5,SO63706,4,TT-R982,1,4,0149f124a48640c62d90840ac5760331
11500,5432d51ee94799c0125bb158c8a8bd22,545a3d56d20b22e09aa85bfa5ed8738d,SO73120,55,HY-1023-70,1,55,9592b44e2c3f304a9875f45537bec6eb
11500,5432d51ee94799c0125bb158c8a8bd22,545a3d56d20b22e09aa85bfa5ed8738d,SO73120,4,TT-R982,1,4,9592b44e2c3f304a9875f45537bec6eb
11500,705fa39ab40831529471c768490339ab,63efdd3324df66c9965bd622cdebe06a,SO68830,27,CA-1098,3,27,4584ca349e0920f4436a3c2f36158b85
11500,705fa39ab40831529471c768490339ab,63efdd3324df66c9965bd622cdebe06a,SO68830,21,TI-R092,1,21,4584ca349e0920f4436a3c2f36158b85
11500,722dc621a1a56555843f574144bfcdf0,d27974ca95fd620ac92cf95bf8c1d1f2,SO74536,2,PK-7098,1,2,d612b5fb3f6011688fb0c9927693365a
11500,8c9ec1be720ee75d56d0c250d10610fa,16918840d98f27ce45948fe73dd5592f,SO63632,54,SJ-0194-M,1,54,81a5d08c6beaeec9e42baae5d63dd780
11500,a9cd7a99d71cca9cb644010050374ade,3db19f5f710f10e90ecc7154c649d60a,SO71708,27,CA-1098,3,27,128ee9ff420de424a605a0ee4a6f7916
11500,a9cd7a99d71cca9cb644010050374ade,3db19f5f710f10e90ecc7154c649d60a,SO71708,150,LJ-0192-X,3,150,128ee9ff420de424a605a0ee4a6f7916
11500,a9cd7a99d71cca9cb644010050374ade,3db19f5f710f10e90ecc7154c649d60a,SO71708,5,TT-T092,1,5,128ee9ff420de424a605a0ee4a6f7916
11500,aa14ddbc43aa2d3be1e6ac019bb7b5bc,dcf73f840a50da0145f24e8e0169dc4b,SO72874,150,LJ-0192-M,3,150,a6f2945baeceeef4c8d541a22f6e99e9
11500,aa14ddbc43aa2d3be1e6ac019bb7b5bc,dcf73f840a50da0145f24e8e0169dc4b,SO72874,25,TI-R628,1,25,a6f2945baeceeef4c8d541a22f6e99e9
11500,aa14ddbc43aa2d3be1e6ac019bb7b5bc,dcf73f840a50da0145f24e8e0169dc4b,SO72874,4,TT-R982,1,4,a6f2945baeceeef4c8d541a22f6e99e9
11500,cae5717327bee7d74e261c550aa5081f,18025e6a8791d350428f65c0783ebd99,SO56708,2,PK-7098,1,2,ed268f8f3837888893f896b7240f1254
11500,cae5717327bee7d74e261c550aa5081f,18025e6a8791d350428f65c0783ebd99,SO56708,25,TI-R628,1,25,ed268f8f3837888893f896b7240f1254
11500,cae5717327bee7d74e261c550aa5081f,18025e6a8791d350428f65c0783ebd99,SO56708,4,TT-R982,1,4,ed268f8f3837888893f896b7240f1254
11500,cfceb7490eff6e660974507be7c579c6,01eb8a9956865747637639482336f5f8,SO52023,105,HL-U509-B,3,105,e5bf4a4a03e320ed76cf2ca68fa5b4c0
11500,d7f57f35d2bad1349ca24a67a2635eea,5432d51ee94799c0125bb158c8a8bd22,SO74031,8,CL-9009,1,8,1ba7e8cdf85da6cf5e11554703236b52
11500,f04e53711455521533f4c5ed7dcaa287,5e9b4970006d8f02ba0bc1763fa8b9a6,SO52561,105,HL-U509,3,105,f799d104dd23bb828dcdaaefc4d25b61
11500,f04e53711455521533f4c5ed7dcaa287,5e9b4970006d8f02ba0bc1763fa8b9a6,SO52561,9,SO-R809-M,1,9,f799d104dd23bb828dcdaaefc4d25b61
11500,f04e53711455521533f4c5ed7dcaa287,5e9b4970006d8f02ba0bc1763fa8b9a6,SO52561,35,TI-M823,1,35,f799d104dd23bb828dcdaaefc4d25b61
11500,f04e53711455521533f4c5ed7dcaa287,5e9b4970006d8f02ba0bc1763fa8b9a6,SO52561,5,TT-M928,1,5,f799d104dd23bb828dcdaaefc4d25b61
11500,fda052162862bb845297063fd71a580c,1678083e7ff90bd404baad3f60bffa37,SO56392,5,TT-T092,1,5,a2c49941411089cb2a9cbf78cb803c26
11500,fe1fd19c021e78ec395980c2e347865e,16e364d19895243407b256ec272d5394,SO68343,9,BC-R205,1,9,63efdd3324df66c9965bd622cdebe06a
11500,fe1fd19c021e78ec395980c2e347865e,16e364d19895243407b256ec272d5394,SO68343,5,WB-H098,1,5,63efdd3324df66c9965bd622cdebe06a
11501,021d7f51f97fea2b23b069288066b34d,722dc621a1a56555843f574144bfcdf0,SO74913,8,CL-9009,1,8,bb858b10001c01aea17b4e635d0662a2
11501,04dbdf67bb8714ba18c9c36d50d1f5dc,4cc27df81afd686c0420394e090460cb,SO61982,55,HY-1023-70,1,55,2ed3972e38245b633ec6b146c2970148
11501,04dbdf67bb8714ba18c9c36d50d1f5dc,4cc27df81afd686c0420394e090460cb,SO61982,5,TT-T092,1,5,2ed3972e38245b633ec6b146c2970148
11501,12092303778fcfa88ed7d284b74c6a6a,40eee601514259a9632d510ca71226cc,SO74793,2,PK-7098,1,2,6cf9e035d2f1d8ffe1b9f2f96a9e7a3a
11501,12092303778fcfa88ed7d284b74c6a6a,40eee601514259a9632d510ca71226cc,SO74793,120,RA-H123,1,120,6cf9e035d2f1d8ffe1b9f2f96a9e7a3a
11501,3c1811b546060d91957cc446aabc4a3c,3c4bf68562424c26986beae6ce13704a,SO55697,5,TT-T092,1,5,3c8e2c51453f4d665f1050da871dead6
11501,41ef6b06b63ba4f6a5234245a439b157,c4c454d69a39e60a6f5cf2f97148adad,SO72601,25,TI-R628,1,25,545a3d56d20b22e09aa85bfa5ed8738d
11501,41fc4cb27e0ee552c4c9247e1a476cc5,6d338b8c41c717c4336ad0084a80dca4,SO55102,2,PK-7098,1,2,6e5c4b769f8f70f9fd01b24ba5be9695
11501,41fc4cb27e0ee552c4c9247e1a476cc5,6d338b8c41c717c4336ad0084a80dca4,SO55102,4,TT-R982,1,4,6e5c4b769f8f70f9fd01b24ba5be9695
11501,41fc4cb27e0ee552c4c9247e1a476cc5,6d338b8c41c717c4336ad0084a80dca4,SO55107,22,FE-6654,1,22,6e5c4b769f8f70f9fd01b24ba5be9695
11501,41fc4cb27e0ee552c4c9247e1a476cc5,6d338b8c41c717c4336ad0084a80dca4,SO55107,105,HL-U509-R,3,105,6e5c4b769f8f70f9fd01b24ba5be9695
11501,41fc4cb27e0ee552c4c9247e1a476cc5,6d338b8c41c717c4336ad0084a80dca4,SO55107,30,TI-M602,1,30,6e5c4b769f8f70f9fd01b24ba5be9695
11501,41fc4cb27e0ee552c4c9247e1a476cc5,6d338b8c41c717c4336ad0084a80dca4,SO55107,5,TT-M928,1,5,6e5c4b769f8f70f9fd01b24ba5be9695
11501,4584ca349e0920f4436a3c2f36158b85,6e32728b966bb91cefefa1316da21ca8,SO68484,105,HL-U509,3,105,ca38f30e56a72f4d0c8d2264322c5862
11501,4584ca349e0920f4436a3c2f36158b85,6e32728b966bb91cefefa1316da21ca8,SO68484,21,TI-R092,1,21,ca38f30e56a72f4d0c8d2264322c5862
11501,4584ca349e0920f4436a3c2f36158b85,6e32728b966bb91cefefa1316da21ca8,SO68484,4,TT-R982,1,4,ca38f30e56a72f4d0c8d2264322c5862
11501,70951886788165a5e2439adfce4d0cce,ca38f30e56a72f4d0c8d2264322c5862,SO68967,48,GL-H102-M,2,48,c885741a5e3e55c84950327011b70289
11501,70951886788165a5e2439adfce4d0cce,ca38f30e56a72f4d0c8d2264322c5862,SO68967,105,HL-U509-R,3,105,c885741a5e3e55c84950327011b70289
11501,70951886788165a5e2439adfce4d0cce,ca38f30e56a72f4d0c8d2264322c5862,SO68967,4,TT-R982,1,4,c885741a5e3e55c84950327011b70289
11501,7acd252f45ad6fe668386456a673d543,0120f4004ede1143c3be6caa4227affe,SO67146,105,HL-U509-B,3,105,b322422d9a721bbdefa133133dd407c1
11501,838eec1f117f2cab9e9c306f7efbff28,13b7c2277967bc61802018c764b5b2a0,SO74909,105,HL-U509,3,105,9a027fc72b503940a96d5137762a263e
11501,838eec1f117f2cab9e9c306f7efbff28,13b7c2277967bc61802018c764b5b2a0,SO74909,35,TI-M823,1,35,9a027fc72b503940a96d5137762a263e
11501,838eec1f117f2cab9e9c306f7efbff28,13b7c2277967bc61802018c764b5b2a0,SO74909,5,TT-M928,1,5,9a027fc72b503940a96d5137762a263e
11501,838eec1f117f2cab9e9c306f7efbff28,13b7c2277967bc61802018c764b5b2a0,SO74909,64,VE-C304-L,1,64,9a027fc72b503940a96d5137762a263e
11501,8b9fe4b34e3c54f08bfcac3d9691e260,a946e75bc65318721cd1e01162d392dd,SO64178,9,BC-R205,1,9,f75e5f8c15ca91ec5c869dc3881f574f
11501,8b9fe4b34e3c54f08bfcac3d9691e260,a946e75bc65318721cd1e01162d392dd,SO64178,105,HL-U509-B,3,105,f75e5f8c15ca91ec5c869dc3881f574f
11501,8b9fe4b34e3c54f08bfcac3d9691e260,a946e75bc65318721cd1e01162d392dd,SO64178,5,WB-H098,1,5,f75e5f8c15ca91ec5c869dc3881f574f
11501,94b225b5b1f09ecd5e8ecdfb681ff04c,03bf7d2a8718ee9aca4bd2f37e962fc4,SO64313,27,CA-1098,3,27,61e00b038efd34bdf9c747596273cbcf
11501,94b225b5b1f09ecd5e8ecdfb681ff04c,03bf7d2a8718ee9aca4bd2f37e962fc4,SO64313,54,SJ-0194-L,1,54,61e00b038efd34bdf9c747596273cbcf
11501,a8ef76a01442567fb64eb6f4408a9835,427ed6396fba4ed8ead9ec3229517d2b,SO56869,25,TI-M267,1,25,eba5233d2dd8ea5031e646882335ece0
11501,d7f57f35d2bad1349ca24a67a2635eea,5432d51ee94799c0125bb158c8a8bd22,SO74042,25,TI-R628,1,25,1ba7e8cdf85da6cf5e11554703236b52
11501,e84848120190a8d0e696fbeb15647a74,fff3c307c93eda1eb91d53ca588846fe,SO70396,48,GL-H102-M,2,48,f544b472453b297a8b55709fbfd3746d
11501,e84848120190a8d0e696fbeb15647a74,fff3c307c93eda1eb91d53ca588846fe,SO70396,70,SH-W890-M,1,70,f544b472453b297a8b55709fbfd3746d
11502,0120f4004ede1143c3be6caa4227affe,93ddc10d6cf61153011df052aa76671f,SO66375,9,BC-R205,1,9,07b7d2aed13a63a16377587dcc0abbe8
11502,0120f4004ede1143c3be6caa4227affe,93ddc10d6cf61153011df052aa76671f,SO66375,48,GL-H102-L,2,48,07b7d2aed13a63a16377587dcc0abbe8
11502,0120f4004ede1143c3be6caa4227affe,93ddc10d6cf61153011df052aa76671f,SO66375,105,HL-U509-B,3,105,07b7d2aed13a63a16377587dcc0abbe8
11502,0120f4004ede1143c3be6caa4227affe,93ddc10d6cf61153011df052aa76671f,SO66375,150,LJ-0192-S,3,150,07b7d2aed13a63a16377587dcc0abbe8
11502,0120f4004ede1143c3be6caa4227affe,93ddc10d6cf61153011df052aa76671f,SO66375,5,WB-H098,1,5,07b7d2aed13a63a16377587dcc0abbe8
11502,175a5d217fad85df9f6639d7ced1e5d9,511572e8a25e86c2f48ae9e6d73a1e6a,SO68887,8,CL-9009,1,8,66e56e10b0f528b66a45e307ecdf4774
11502,31c99d724c1f182c60edb82eb4740277,e84848120190a8d0e696fbeb15647a74,SO71220,105,HL-U509,3,105,3db19f5f710f10e90ecc7154c649d60a
11502,31c99d724c1f182c60edb82eb4740277,e84848120190a8d0e696fbeb15647a74,SO71220,9,SO-R809-L,1,9,3db19f5f710f10e90ecc7154c649d60a
11502,4310d0d92131e34ff2716d85e1953174,90c6314650a0d54fdcabe5cd5406f9af,SO54610,105,HL-U509,3,105,d3c54b4368c62c2ff11535bf2b677170
11502,4310d0d92131e34ff2716d85e1953174,90c6314650a0d54fdcabe5cd5406f9af,SO54610,54,SJ-0194-S,1,54,d3c54b4368c62c2ff11535bf2b677170
11502,4310d0d92131e34ff2716d85e1953174,90c6314650a0d54fdcabe5cd5406f9af,SO54610,25,TI-R628,1,25,d3c54b4368c62c2ff11535bf2b677170
11502,4310d0d92131e34ff2716d85e1953174,90c6314650a0d54fdcabe5cd5406f9af,SO54610,4,TT-R982,1,4,d3c54b4368c62c2ff11535bf2b677170
11502,485ae69515bc4c60ef546ff289741f60,40ff348468b73116a7077c246985e0bf,SO57609,70,SH-W890-M,1,70,375bde15092f45652b6398c1dff650d0
11502,511572e8a25e86c2f48ae9e6d73a1e6a,8e8847c1bdf012037ee13bb62da8a5c1,SO68104,2,PK-7098,1,2,691ad1b0dca3643b923973defd014d47
11502,511572e8a25e86c2f48ae9e6d73a1e6a,8e8847c1bdf012037ee13bb62da8a5c1,SO68104,5,TT-T092,1,5,691ad1b0dca3643b923973defd014d47
11502,606ed413481267c98754e3351f662859,4ddc8821c34bceaf3dba4a18741acca3,SO61928,54,SJ-0194-M,1,54,f8025d3776b5f7522a6120cb4e9e0783
11502,60b901e6d879ccf3b3246e54133acee5,01e8942a5792053a553c4612bd6c06a6,SO75069,27,CA-1098,3,27,021d7f51f97fea2b23b069288066b34d
11502,60b901e6d879ccf3b3246e54133acee5,01e8942a5792053a553c4612bd6c06a6,SO75069,105,HL-U509,3,105,021d7f51f97fea2b23b069288066b34d
11502,60b901e6d879ccf3b3246e54133acee5,01e8942a5792053a553c4612bd6c06a6,SO75069,150,LJ-0192-M,3,150,021d7f51f97fea2b23b069288066b34d
11502,60b901e6d879ccf3b3246e54133acee5,01e8942a5792053a553c4612bd6c06a6,SO75069,5,TT-T092,1,5,021d7f51f97fea2b23b069288066b34d
11502,61e00b038efd34bdf9c747596273cbcf,7130adfd843cdcb6d0bcd9d13792693a,SO64009,48,GL-H102-L,2,48,4b5c3229e0725ef8d303f494db9faec8
11502,61e00b038efd34bdf9c747596273cbcf,7130adfd843cdcb6d0bcd9d13792693a,SO64009,54,SJ-0194-L,1,54,4b5c3229e0725ef8d303f494db9faec8
11502,61e00b038efd34bdf9c747596273cbcf,7130adfd843cdcb6d0bcd9d13792693a,SO64009,4,TT-R982,1,4,4b5c3229e0725ef8d303f494db9faec8
11502,6a373d2281ba1487d83680f65dd6e6d0,2fb09097185e604aaadbfde958fd6262,SO74977,27,CA-1098,3,27,8592725b85eec4822018b8728dd5b88d
11502,6a373d2281ba1487d83680f65dd6e6d0,2fb09097185e604aaadbfde958fd6262,SO74977,105,HL-U509-B,3,105,8592725b85eec4822018b8728dd5b88d
11502,6a373d2281ba1487d83680f65dd6e6d0,2fb09097185e604aaadbfde958fd6262,SO74977,150,LJ-0192-X,3,150,8592725b85eec4822018b8728dd5b88d
11502,6a373d2281ba1487d83680f65dd6e6d0,2fb09097185e604aaadbfde958fd6262,SO74977,4,TT-R982,1,4,8592725b85eec4822018b8728dd5b88d
11502,7299e51cfc0d5174743a6701a8a96488,56d78836c9cf0de136c4d2d37aba2280,SO64744,25,TI-M267,1,25,58f0b42da53adeeccbfa693883fea672
11502,7299e51cfc0d5174743a6701a8a96488,b0241b451647f25db5f52074445d820c,SO64744,5,TT-M928,1,5,58f0b42da53adeeccbfa693883fea672
11502,ccb91034934bb047c5f6a32eb289b95b,640540d73b85c3ecd2e3bf5541686e87,SO59723,105,HL-U509,3,105,3ebfce6ccd7540a632ae7e6ad8100c29
11502,ccb91034934bb047c5f6a32eb289b95b,640540d73b85c3ecd2e3bf5541686e87,SO59723,30,TI-M602,1,30,3ebfce6ccd7540a632ae7e6ad8100c29
11502,ccb91034934bb047c5f6a32eb289b95b,640540d73b85c3ecd2e3bf5541686e87,SO59723,5,TT-M928,1,5,3ebfce6ccd7540a632ae7e6ad8100c29
11502,d27974ca95fd620ac92cf95bf8c1d1f2,4c6ed4daa82e7326b84c24f4c2ae7064,SO74161,8,CL-9009,1,8,3e107cd1554225ea3056ed5010adce90
11502,d27974ca95fd620ac92cf95bf8c1d1f2,4c6ed4daa82e7326b84c24f4c2ae7064,SO74161,21,TI-R092,1,21,3e107cd1554225ea3056ed5010adce90
11502,d27974ca95fd620ac92cf95bf8c1d1f2,4c6ed4daa82e7326b84c24f4c2ae7064,SO74161,4,TT-R982,1,4,3e107cd1554225ea3056ed5010adce90
11502,d9f7611cf8d29b48a1d3d8fddb8c5b2e,55f9f4cb5784581a517e59904e0d5e2f,SO56654,105,HL-U509,3,105,fda052162862bb845297063fd71a580c
11502,d9f7611cf8d29b48a1d3d8fddb8c5b2e,55f9f4cb5784581a517e59904e0d5e2f,SO56654,25,TI-R628,1,25,fda052162862bb845297063fd71a580c
11502,d9f7611cf8d29b48a1d3d8fddb8c5b2e,55f9f4cb5784581a517e59904e0d5e2f,SO56654,4,TT-R982,1,4,fda052162862bb845297063fd71a580c
11502,db2b287636ac5ebda430de4f3f643b24,7af7abc5e37d5fa2e2334b4fec2584e2,SO51980,54,SJ-0194-L,1,54,bee2b842cd357511cf4c8e509f5af192
11502,de22d232bbe84481579f6252f1e7091d,cae5717327bee7d74e261c550aa5081f,SO57567,27,CA-1098,3,27,ab4946738415af86b5e3cee69b13301f
11502,de22d232bbe84481579f6252f1e7091d,cae5717327bee7d74e261c550aa5081f,SO57567,22,FE-6654,1,22,ab4946738415af86b5e3cee69b13301f
11502,de22d232bbe84481579f6252f1e7091d,cae5717327bee7d74e261c550aa5081f,SO57567,35,TI-M823,1,35,ab4946738415af86b5e3cee69b13301f
11502,de22d232bbe84481579f6252f1e7091d,cae5717327bee7d74e261c550aa5081f,SO57567,5,TT-M928,1,5,ab4946738415af86b5e3cee69b13301f
11503,41ef6b06b63ba4f6a5234245a439b157,c4c454d69a39e60a6f5cf2f97148adad,SO72596,2,PK-7098,1,2,545a3d56d20b22e09aa85bfa5ed8738d
11503,a189cc17a15cdb4e39e80dfcd8374c76,b0b2c17e5682f78d8fc262463fd0a4f3,SO58675,48,GL-H102-S,2,48,244cede513841376c37dc856f2f5e7b9
11503,a189cc17a15cdb4e39e80dfcd8374c76,b0b2c17e5682f78d8fc262463fd0a4f3,SO58675,35,TI-M823,1,35,244cede513841376c37dc856f2f5e7b9
11504,73b2264d673ee7b5b2e7e165020516ac,4ceff7612cfa4420892fe23b23ca9265,SO57406,2,PK-7098,1,2,8d71482745a6a1be4fbbc5562ade4657
11504,73b2264d673ee7b5b2e7e165020516ac,4ceff7612cfa4420892fe23b23ca9265,SO57406,35,TI-M823,1,35,8d71482745a6a1be4fbbc5562ade4657
11504,73b2264d673ee7b5b2e7e165020516ac,4ceff7612cfa4420892fe23b23ca9265,SO57406,5,TT-M928,1,5,8d71482745a6a1be4fbbc5562ade4657
11504,ab4946738415af86b5e3cee69b13301f,ed268f8f3837888893f896b7240f1254,SO57254,2,PK-7098,1,2,fde67888c64f701b59876ec559099b3e
11505,18025e6a8791d350428f65c0783ebd99,3c8e2c51453f4d665f1050da871dead6,SO56084,70,SH-W890-S,1,70,a9cefc49af6424b430612adfc69876ee
11505,18025e6a8791d350428f65c0783ebd99,3c8e2c51453f4d665f1050da871dead6,SO56084,54,SJ-0194-L,1,54,a9cefc49af6424b430612adfc69876ee
11505,305c66634c155cab2b5cc3ce00351eb1,2becb9647677a1a316b388bbad689580,SO62089,8,CL-9009,1,8,922d04aa1f67bbe0270bfad98508f43e
11505,31c99d724c1f182c60edb82eb4740277,e84848120190a8d0e696fbeb15647a74,SO71233,27,CA-1098,3,27,3db19f5f710f10e90ecc7154c649d60a
11505,31c99d724c1f182c60edb82eb4740277,e84848120190a8d0e696fbeb15647a74,SO71233,54,SJ-0194-X,1,54,3db19f5f710f10e90ecc7154c649d60a
11505,3e107cd1554225ea3056ed5010adce90,aa14ddbc43aa2d3be1e6ac019bb7b5bc,SO73791,150,LJ-0192-L,3,150,43e2cc7ff261723f93f64f3f7e9faa8d
11505,3ebfce6ccd7540a632ae7e6ad8100c29,d630b2db6e8046e30b4728ca862ba4e1,SO59351,2,PK-7098,1,2,df595e3c678d4fae23ce174fe747165e
11505,3ebfce6ccd7540a632ae7e6ad8100c29,d630b2db6e8046e30b4728ca862ba4e1,SO59351,5,TT-T092,1,5,df595e3c678d4fae23ce174fe747165e
11505,41fc4cb27e0ee552c4c9247e1a476cc5,6d338b8c41c717c4336ad0084a80dca4,SO55104,2,PK-7098,1,2,6e5c4b769f8f70f9fd01b24ba5be9695
11505,41fc4cb27e0ee552c4c9247e1a476cc5,6d338b8c41c717c4336ad0084a80dca4,SO55104,25,TI-M267,1,25,6e5c4b769f8f70f9fd01b24ba5be9695
11505,73a69a5c77a7d23172e54d7ce07a638e,5a06908cc28b799b04fc1c47664462e6,SO55462,48,GL-H102-S,2,48,41fc4cb27e0ee552c4c9247e1a476cc5
11505,73a69a5c77a7d23172e54d7ce07a638e,5a06908cc28b799b04fc1c47664462e6,SO55462,105,HL-U509,3,105,41fc4cb27e0ee552c4c9247e1a476cc5
11505,73a69a5c77a7d23172e54d7ce07a638e,5a06908cc28b799b04fc1c47664462e6,SO55462,150,LJ-0192-L,3,150,41fc4cb27e0ee552c4c9247e1a476cc5
11505,73a69a5c77a7d23172e54d7ce07a638e,5a06908cc28b799b04fc1c47664462e6,SO55462,5,TT-T092,1,5,41fc4cb27e0ee552c4c9247e1a476cc5
11505,7e15f50bd26e439e6a22f5205a8064db,a1d0c0a14c6c8f8a8ef8220209c23a64,SO67864,8,CL-9009,1,8,702a02712215141594ddf8e52b0a651c
11505,7e15f50bd26e439e6a22f5205a8064db,a1d0c0a14c6c8f8a8ef8220209c23a64,SO67864,2,PK-7098,1,2,702a02712215141594ddf8e52b0a651c
11505,7e15f50bd26e439e6a22f5205a8064db,a1d0c0a14c6c8f8a8ef8220209c23a64,SO67864,30,TI-M602,1,30,702a02712215141594ddf8e52b0a651c
11505,7e15f50bd26e439e6a22f5205a8064db,a1d0c0a14c6c8f8a8ef8220209c23a64,SO67864,5,TT-M928,1,5,702a02712215141594ddf8e52b0a651c
11505,9913e55755fcc4267a06c1e6adbbc7fb,4a70a3ec50fd16032883bf6fc79c55dd,SO61866,105,HL-U509,3,105,d53f9d33cac0a297449a74a10d031570
11505,9913e55755fcc4267a06c1e6adbbc7fb,4a70a3ec50fd16032883bf6fc79c55dd,SO61866,25,TI-R628,1,25,d53f9d33cac0a297449a74a10d031570
11505,9913e55755fcc4267a06c1e6adbbc7fb,4a70a3ec50fd16032883bf6fc79c55dd,SO61866,4,TT-R982,1,4,d53f9d33cac0a297449a74a10d031570
11505,9d934f91c460e9947414d00048f2fa36,94b225b5b1f09ecd5e8ecdfb681ff04c,SO65102,150,LJ-0192-M,3,150,3f0c8308e4e2e5c4ddc1b7e19304f613
11505,9d934f91c460e9947414d00048f2fa36,94b225b5b1f09ecd5e8ecdfb681ff04c,SO65102,4,TT-R982,1,4,3f0c8308e4e2e5c4ddc1b7e19304f613
11505,ab4946738415af86b5e3cee69b13301f,ed268f8f3837888893f896b7240f1254,SO57244,9,BC-R205,1,9,fde67888c64f701b59876ec559099b3e
11505,ab4946738415af86b5e3cee69b13301f,ed268f8f3837888893f896b7240f1254,SO57244,27,CA-1098,3,27,fde67888c64f701b59876ec559099b3e
11505,ab4946738415af86b5e3cee69b13301f,ed268f8f3837888893f896b7240f1254,SO57244,5,WB-H098,1,5,fde67888c64f701b59876ec559099b3e
11505,d53f9d33cac0a297449a74a10d031570,e0bcd0ff3072dfe15609d6be1529b0b8,SO61552,105,HL-U509,3,105,4cc27df81afd686c0420394e090460cb
11505,d53f9d33cac0a297449a74a10d031570,e0bcd0ff3072dfe15609d6be1529b0b8,SO61552,150,LJ-0192-X,3,150,4cc27df81afd686c0420394e090460cb
11505,d53f9d33cac0a297449a74a10d031570,e0bcd0ff3072dfe15609d6be1529b0b8,SO61552,4,TT-R982,1,4,4cc27df81afd686c0420394e090460cb
11505,dba3e44e23a1d2c2f299811e94db7fce,51c449e55b4a63a16fb45beb689150d5,SO54269,2,PK-7098,1,2,226d694fb4b7f71d62444f9528be8704
11505,dba3e44e23a1d2c2f299811e94db7fce,51c449e55b4a63a16fb45beb689150d5,SO54269,21,TI-R092,1,21,226d694fb4b7f71d62444f9528be8704
11505,ef5bad66aa19ccfb82cacb73584b83ea,0e23f371129aecc6b2033620b226f8d7,SO57857,25,TI-R628,1,25,485ae69515bc4c60ef546ff289741f60
11505,f476906875bc5d9abe836b4ea1f485c1,f04e53711455521533f4c5ed7dcaa287,SO53142,54,SJ-0194-X,1,54,15aceb75d86814cb479f1b1a9487c3d4
11505,fde67888c64f701b59876ec559099b3e,6353a8421ee460b64f2c988cc72a8391,SO56830,105,HL-U509-B,3,105,4ceff7612cfa4420892fe23b23ca9265
11505,fde67888c64f701b59876ec559099b3e,6353a8421ee460b64f2c988cc72a8391,SO56830,35,TI-M823,1,35,4ceff7612cfa4420892fe23b23ca9265
11505,fde67888c64f701b59876ec559099b3e,6353a8421ee460b64f2c988cc72a8391,SO56830,5,TT-M928,1,5,4ceff7612cfa4420892fe23b23ca9265
11506,021d7f51f97fea2b23b069288066b34d,722dc621a1a56555843f574144bfcdf0,SO74920,105,HL-U509,3,105,bb858b10001c01aea17b4e635d0662a2
11506,021d7f51f97fea2b23b069288066b34d,722dc621a1a56555843f574144bfcdf0,SO74920,9,SO-R809-M,1,9,bb858b10001c01aea17b4e635d0662a2
11506,021d7f51f97fea2b23b069288066b34d,722dc621a1a56555843f574144bfcdf0,SO74920,25,TI-R628,1,25,bb858b10001c01aea17b4e635d0662a2
11506,021d7f51f97fea2b23b069288066b34d,722dc621a1a56555843f574144bfcdf0,SO74920,4,TT-R982,1,4,bb858b10001c01aea17b4e635d0662a2
11506,175a5d217fad85df9f6639d7ced1e5d9,511572e8a25e86c2f48ae9e6d73a1e6a,SO68901,105,HL-U509-B,3,105,66e56e10b0f528b66a45e307ecdf4774
11506,175a5d217fad85df9f6639d7ced1e5d9,511572e8a25e86c2f48ae9e6d73a1e6a,SO68901,5,TT-T092,1,5,66e56e10b0f528b66a45e307ecdf4774
11506,3fbd0407b55d3a3da21388a2ddbf881c,ab4946738415af86b5e3cee69b13301f,SO57911,27,CA-1098,3,27,5abaefcc8525a8f4cfd95cba9e926532
11506,3fbd0407b55d3a3da21388a2ddbf881c,ab4946738415af86b5e3cee69b13301f,SO57911,54,SJ-0194-S,1,54,5abaefcc8525a8f4cfd95cba9e926532
11506,40883861f6e25a2e09e848a7891f4f38,eba5233d2dd8ea5031e646882335ece0,SO57438,105,HL-U509-B,3,105,d76e0ba1fa041675ae9af958c5b41ae4
11506,40883861f6e25a2e09e848a7891f4f38,eba5233d2dd8ea5031e646882335ece0,SO57438,25,TI-R628,1,25,d76e0ba1fa041675ae9af958c5b41ae4
11506,40883861f6e25a2e09e848a7891f4f38,eba5233d2dd8ea5031e646882335ece0,SO57438,4,TT-R982,1,4,d76e0ba1fa041675ae9af958c5b41ae4
11506,4eec6eda382b9c44e240ad4b4b5e9cc0,f75e5f8c15ca91ec5c869dc3881f574f,SO64693,54,SJ-0194-L,1,54,94b225b5b1f09ecd5e8ecdfb681ff04c
11506,6e32728b966bb91cefefa1316da21ca8,b322422d9a721bbdefa133133dd407c1,SO67728,35,TI-M823,1,35,de5009f9bf3e9725d2381f4a5e913111
11506,70951886788165a5e2439adfce4d0cce,ca38f30e56a72f4d0c8d2264322c5862,SO68954,8,CL-9009,1,8,c885741a5e3e55c84950327011b70289
11506,7130adfd843cdcb6d0bcd9d13792693a,d1024973c3d10f08cb9fa1736e6ed8b7,SO63073,4,TT-R982,1,4,f46ace11e93788e473124f7be16a19d5
11506,7130adfd843cdcb6d0bcd9d13792693a,d1024973c3d10f08cb9fa1736e6ed8b7,SO63083,48,GL-H102-S,2,48,f46ace11e93788e473124f7be16a19d5
11506,7130adfd843cdcb6d0bcd9d13792693a,d1024973c3d10f08cb9fa1736e6ed8b7,SO63083,70,SH-W890-L,1,70,f46ace11e93788e473124f7be16a19d5
11506,76918877cf6ce7011018cd9708723392,883b9b4170853b321c03290f64ba199f,SO61495,150,LJ-0192-L,3,150,4ddc8821c34bceaf3dba4a18741acca3
11506,bc761b2b7297029a695fbd6dd0470724,fef3080ec197edd1a04bb18afd31d16d,SO55627,21,TI-R092,1,21,9b6872ca1d80024637e967d1066bba0a
11506,c660dc308b247ce08aeecd155306bae0,e7df1b3ee078bdcfc260a877f321287d,SO59925,9,BC-R205,1,9,9a95fdf4e925d9cbd65f87b5aa4ac212
11506,c660dc308b247ce08aeecd155306bae0,e7df1b3ee078bdcfc260a877f321287d,SO59925,5,TT-T092,1,5,9a95fdf4e925d9cbd65f87b5aa4ac212
11506,c660dc308b247ce08aeecd155306bae0,e7df1b3ee078bdcfc260a877f321287d,SO59925,5,WB-H098,1,5,9a95fdf4e925d9cbd65f87b5aa4ac212
11506,da9c4ba6c9a1ae8725389bfd38b5763a,3e48b2167bd86ef570e46d0b286c4f74,SO54055,10,BC-M005,1,10,9223b53f03a405f817e91392f0294f6a
11506,da9c4ba6c9a1ae8725389bfd38b5763a,3e48b2167bd86ef570e46d0b286c4f74,SO54055,22,FE-6654,1,22,9223b53f03a405f817e91392f0294f6a
11506,da9c4ba6c9a1ae8725389bfd38b5763a,3e48b2167bd86ef570e46d0b286c4f74,SO54055,150,LJ-0192-L,3,150,9223b53f03a405f817e91392f0294f6a
11506,da9c4ba6c9a1ae8725389bfd38b5763a,3e48b2167bd86ef570e46d0b286c4f74,SO54055,30,TI-M602,1,30,9223b53f03a405f817e91392f0294f6a
11506,da9c4ba6c9a1ae8725389bfd38b5763a,3e48b2167bd86ef570e46d0b286c4f74,SO54055,5,TT-M928,1,5,9223b53f03a405f817e91392f0294f6a
11506,da9c4ba6c9a1ae8725389bfd38b5763a,3e48b2167bd86ef570e46d0b286c4f74,SO54055,5,WB-H098,1,5,9223b53f03a405f817e91392f0294f6a
11506,debbb2493c6588799fc787e1854bcda5,40883861f6e25a2e09e848a7891f4f38,SO58073,9,BC-R205,1,9,0814775cfc25da756a9b4197347ab771
11506,debbb2493c6588799fc787e1854bcda5,40883861f6e25a2e09e848a7891f4f38,SO58073,9,SO-R809-M,1,9,0814775cfc25da756a9b4197347ab771
11506,debbb2493c6588799fc787e1854bcda5,40883861f6e25a2e09e848a7891f4f38,SO58073,5,WB-H098,1,5,0814775cfc25da756a9b4197347ab771
11506,e82ca4c6beebe812f10fa1041b97a160,9d934f91c460e9947414d00048f2fa36,SO66035,105,HL-U509-R,3,105,6d1d8a1c7851eb5a946d45009cea6d9f
11506,e82ca4c6beebe812f10fa1041b97a160,9d934f91c460e9947414d00048f2fa36,SO66035,4,TT-R982,1,4,6d1d8a1c7851eb5a946d45009cea6d9f
11506,f8025d3776b5f7522a6120cb4e9e0783,2d6e054ac82934d489c58cc8399a1628,SO61609,9,SO-R809-L,1,9,d945ec2aae74dbfb829453026b91c235
11506,f8025d3776b5f7522a6120cb4e9e0783,2d6e054ac82934d489c58cc8399a1628,SO61609,25,TI-M267,1,25,d945ec2aae74dbfb829453026b91c235
11506,f8025d3776b5f7522a6120cb4e9e0783,2d6e054ac82934d489c58cc8399a1628,SO61609,5,TT-M928,1,5,d945ec2aae74dbfb829453026b91c235
11507,058af5b2a408d57b708367e5bf4e9d9c,e82ca4c6beebe812f10fa1041b97a160,SO66786,5,TT-T092,1,5,c507827aa5f4f6bbedf64058461c621b
11507,07b31bae17c7890b17d79a654aa230cf,a976f17830aceaaa93d5daef0bc209a3,SO58144,27,CA-1098,3,27,ef5bad66aa19ccfb82cacb73584b83ea
11507,07b31bae17c7890b17d79a654aa230cf,a976f17830aceaaa93d5daef0bc209a3,SO58144,4,TT-R982,1,4,ef5bad66aa19ccfb82cacb73584b83ea
11507,089c2a426c196c5ca5facb20896c90bb,bc761b2b7297029a695fbd6dd0470724,SO56284,105,HL-U509-B,3,105,55f9f4cb5784581a517e59904e0d5e2f
11507,089c2a426c196c5ca5facb20896c90bb,bc761b2b7297029a695fbd6dd0470724,SO56284,25,TI-R628,1,25,55f9f4cb5784581a517e59904e0d5e2f
11507,089c2a426c196c5ca5facb20896c90bb,bc761b2b7297029a695fbd6dd0470724,SO56284,4,TT-R982,1,4,55f9f4cb5784581a517e59904e0d5e2f
11507,1556bafff387fc8f2f6fef64c1daa6bc,8728a5e296f39e49d2fa74c31820e99f,SO70496,35,TI-M823,1,35,e871b36e68b0b3d0af9c742d81fef27a
11507,15aceb75d86814cb479f1b1a9487c3d4,f799d104dd23bb828dcdaaefc4d25b61,SO52893,48,GL-H102-S,2,48,072bf847aeeee970f66483e596496cd9
11507,15aceb75d86814cb479f1b1a9487c3d4,f799d104dd23bb828dcdaaefc4d25b61,SO52893,4,TT-R982,1,4,072bf847aeeee970f66483e596496cd9
11507,244cede513841376c37dc856f2f5e7b9,5e1b952a22eccca86f7f056a9efb42a4,SO58354,9,BC-R205,1,9,debbb2493c6588799fc787e1854bcda5
11507,244cede513841376c37dc856f2f5e7b9,5e1b952a22eccca86f7f056a9efb42a4,SO58354,105,HL-U509-B,3,105,debbb2493c6588799fc787e1854bcda5
11507,244cede513841376c37dc856f2f5e7b9,5e1b952a22eccca86f7f056a9efb42a4,SO58354,5,WB-H098,1,5,debbb2493c6588799fc787e1854bcda5
11507,3dc63b2d6dcc8f0b6720b06b5439a0b1,8d1d4829b2e801ba4e41ba48f5a549d4,SO66274,2,PK-7098,1,2,6ef7b4bb93d4e54234cf965ed2334682
11507,3dc63b2d6dcc8f0b6720b06b5439a0b1,8d1d4829b2e801ba4e41ba48f5a549d4,SO66274,25,TI-R628,1,25,6ef7b4bb93d4e54234cf965ed2334682
11507,4555f65c4664801d78b9f5477f89d8fd,7ee641303ef8d8b10d0ed00a060c73cc,SO62484,54,SJ-0194-L,1,54,94c60e0b5e2b0f78b919a5d4c67d70a2
11507,4c6ed4daa82e7326b84c24f4c2ae7064,b2ce0ef2540789e8a6976165b6c917d8,SO73280,150,LJ-0192-L,3,150,aa14ddbc43aa2d3be1e6ac019bb7b5bc
11507,4c6ed4daa82e7326b84c24f4c2ae7064,b2ce0ef2540789e8a6976165b6c917d8,SO73280,70,SH-W890-M,1,70,aa14ddbc43aa2d3be1e6ac019bb7b5bc
11507,5728955fc583cbfd901d0ba25cb20f92,db10519e66d9a7b809b91935ad1a696d,SO74856,2,PK-7098,1,2,01e8942a5792053a553c4612bd6c06a6
11507,5728955fc583cbfd901d0ba25cb20f92,db10519e66d9a7b809b91935ad1a696d,SO74856,5,TT-T092,1,5,01e8942a5792053a553c4612bd6c06a6
11507,5c741aa8e0753be65314a304e7b39c14,d945ec2aae74dbfb829453026b91c235,SO62022,8,CL-9009,1,8,7ee641303ef8d8b10d0ed00a060c73cc
11507,6eaadc1181f307997dc853d9ed40db36,0814775cfc25da756a9b4197347ab771,SO58489,105,HL-U509-R,3,105,4dbf892d41ae205f6e36838031cff786
11507,86e0fc464cbb08ae74bd039224afec9a,38c9e5d1e366b4c5c36aae682bc960c4,SO72664,2,PK-7098,1,2,8920fd63645007b243abb750709b1172
11507,86e0fc464cbb08ae74bd039224afec9a,38c9e5d1e366b4c5c36aae682bc960c4,SO72664,21,TI-R092,1,21,8920fd63645007b243abb750709b1172
11507,870bd4f3713260418e4f342f31dc7e33,94c60e0b5e2b0f78b919a5d4c67d70a2,SO62889,150,LJ-0192-X,3,150,2fe1a028f9398deb2efcd536c8246fae
11507,de5009f9bf3e9725d2381f4a5e913111,2296af5563b2061aa1d88124a37eecb7,SO67363,27,CA-1098,3,27,a1d0c0a14c6c8f8a8ef8220209c23a64
11507,de5009f9bf3e9725d2381f4a5e913111,2296af5563b2061aa1d88124a37eecb7,SO67363,30,TI-M602,1,30,a1d0c0a14c6c8f8a8ef8220209c23a64
11507,de5009f9bf3e9725d2381f4a5e913111,2296af5563b2061aa1d88124a37eecb7,SO67363,5,WB-H098,1,5,a1d0c0a14c6c8f8a8ef8220209c23a64
11507,ed268f8f3837888893f896b7240f1254,a9cefc49af6424b430612adfc69876ee,SO56450,48,GL-H102-S,2,48,6353a8421ee460b64f2c988cc72a8391
11507,ed268f8f3837888893f896b7240f1254,a9cefc49af6424b430612adfc69876ee,SO56450,105,HL-U509-R,3,105,6353a8421ee460b64f2c988cc72a8391
11507,ed268f8f3837888893f896b7240f1254,a9cefc49af6424b430612adfc69876ee,SO56450,25,TI-M267,1,25,6353a8421ee460b64f2c988cc72a8391
11507,ed268f8f3837888893f896b7240f1254,a9cefc49af6424b430612adfc69876ee,SO56450,5,TT-M928,1,5,6353a8421ee460b64f2c988cc72a8391
11508,375bde15092f45652b6398c1dff650d0,830e779850b1d58733a7ad711bf6b83f,SO57343,105,HL-U509,3,105,a8ef76a01442567fb64eb6f4408a9835
11508,375bde15092f45652b6398c1dff650d0,830e779850b1d58733a7ad711bf6b83f,SO57343,35,TI-M823,1,35,a8ef76a01442567fb64eb6f4408a9835
11508,375bde15092f45652b6398c1dff650d0,830e779850b1d58733a7ad711bf6b83f,SO57343,5,TT-M928,1,5,a8ef76a01442567fb64eb6f4408a9835
11508,b0b2c17e5682f78d8fc262463fd0a4f3,375bde15092f45652b6398c1dff650d0,SO57967,2,PK-7098,1,2,5e1b952a22eccca86f7f056a9efb42a4
11509,ba19c22033aaecc6c5dad47f63e5858c,8dd08d219271ec96c543f486de430703,SO63036,2,PK-7098,1,2,16918840d98f27ce45948fe73dd5592f
11509,ba19c22033aaecc6c5dad47f63e5858c,8dd08d219271ec96c543f486de430703,SO63036,159,ST-1401,1,159,16918840d98f27ce45948fe73dd5592f
11509,ba19c22033aaecc6c5dad47f63e5858c,8dd08d219271ec96c543f486de430703,SO63036,35,TI-M823,1,35,16918840d98f27ce45948fe73dd5592f
11510,3f72b837978dcd042b73e7270f11a4ca,83d1ed00595e79ee5ea3797e97970fe8,SO70284,48,GL-H102-S,2,48,99c8f306659fd98cbb9d7f03ec0c2a7a
11510,3f72b837978dcd042b73e7270f11a4ca,83d1ed00595e79ee5ea3797e97970fe8,SO70284,105,HL-U509-B,3,105,99c8f306659fd98cbb9d7f03ec0c2a7a
11510,3f72b837978dcd042b73e7270f11a4ca,83d1ed00595e79ee5ea3797e97970fe8,SO70284,35,TI-M823,1,35,99c8f306659fd98cbb9d7f03ec0c2a7a
11510,3f72b837978dcd042b73e7270f11a4ca,83d1ed00595e79ee5ea3797e97970fe8,SO70284,5,TT-M928,1,5,99c8f306659fd98cbb9d7f03ec0c2a7a
11510,9795c57676ee8b8b6ba9a6f9014a520b,c5ed53572c667b119dde2fc0f54de602,SO73728,150,LJ-0192-S,3,150,b0950d12c62d3aeda81b2e8d06f2aef4
11510,9795c57676ee8b8b6ba9a6f9014a520b,c5ed53572c667b119dde2fc0f54de602,SO73728,9,SO-R809-M,1,9,b0950d12c62d3aeda81b2e8d06f2aef4
11510,ca5b8307fa5f2189fb98330a9d65927c,88077cf01a3e17831c2d0bcca5897c5b,SO73960,9,BC-R205,1,9,5cbbe853aa1a5a1370f9a614904c4b15
11510,ca5b8307fa5f2189fb98330a9d65927c,88077cf01a3e17831c2d0bcca5897c5b,SO73960,9,SO-R809-L,1,9,5cbbe853aa1a5a1370f9a614904c4b15
11510,ca5b8307fa5f2189fb98330a9d65927c,88077cf01a3e17831c2d0bcca5897c5b,SO73960,5,TT-T092,1,5,5cbbe853aa1a5a1370f9a614904c4b15
11510,ca5b8307fa5f2189fb98330a9d65927c,88077cf01a3e17831c2d0bcca5897c5b,SO73960,5,WB-H098,1,5,5cbbe853aa1a5a1370f9a614904c4b15
11510,dba3e44e23a1d2c2f299811e94db7fce,51c449e55b4a63a16fb45beb689150d5,SO54277,10,BC-M005,1,10,226d694fb4b7f71d62444f9528be8704
11510,dba3e44e23a1d2c2f299811e94db7fce,51c449e55b4a63a16fb45beb689150d5,SO54277,48,GL-H102-L,2,48,226d694fb4b7f71d62444f9528be8704
11510,dba3e44e23a1d2c2f299811e94db7fce,51c449e55b4a63a16fb45beb689150d5,SO54277,5,WB-H098,1,5,226d694fb4b7f71d62444f9528be8704
11510,ef5bad66aa19ccfb82cacb73584b83ea,0e23f371129aecc6b2033620b226f8d7,SO57863,2,PK-7098,1,2,485ae69515bc4c60ef546ff289741f60
11510,ef5bad66aa19ccfb82cacb73584b83ea,0e23f371129aecc6b2033620b226f8d7,SO57863,25,TI-M267,1,25,485ae69515bc4c60ef546ff289741f60
11510,ef5bad66aa19ccfb82cacb73584b83ea,0e23f371129aecc6b2033620b226f8d7,SO57863,5,TT-M928,1,5,485ae69515bc4c60ef546ff289741f60
11511,d3c54b4368c62c2ff11535bf2b677170,41464bd548f06ca845208f69df30ac82,SO54354,35,TI-M823,1,35,da9c4ba6c9a1ae8725389bfd38b5763a
11512,9c55d6518880c1abf100a24da2546368,47a161474962a6dcc03cfa64127a641f,SO74132,4640,BK-M68S-46,2,4640,9795c57676ee8b8b6ba9a6f9014a520b
11513,ccb91034934bb047c5f6a32eb289b95b,640540d73b85c3ecd2e3bf5541686e87,SO59747,769,BK-M38S-46,1,769,3ebfce6ccd7540a632ae7e6ad8100c29
11513,ccb91034934bb047c5f6a32eb289b95b,640540d73b85c3ecd2e3bf5541686e87,SO59747,48,GL-H102-M,2,48,3ebfce6ccd7540a632ae7e6ad8100c29
11513,ccb91034934bb047c5f6a32eb289b95b,640540d73b85c3ecd2e3bf5541686e87,SO59747,105,HL-U509-B,3,105,3ebfce6ccd7540a632ae7e6ad8100c29
11513,ccb91034934bb047c5f6a32eb289b95b,640540d73b85c3ecd2e3bf5541686e87,SO59747,30,TI-M602,1,30,3ebfce6ccd7540a632ae7e6ad8100c29
11513,ccb91034934bb047c5f6a32eb289b95b,640540d73b85c3ecd2e3bf5541686e87,SO59747,5,TT-M928,1,5,3ebfce6ccd7540a632ae7e6ad8100c29
11514,2d6e054ac82934d489c58cc8399a1628,ce08c22f7777768ce4197eab9727516c,SO60806,35,TI-M823,1,35,348f48807f500aeac729fb17d9bc97f1
11514,2d6e054ac82934d489c58cc8399a1628,ce08c22f7777768ce4197eab9727516c,SO60806,5,TT-M928,1,5,348f48807f500aeac729fb17d9bc97f1
11515,830e779850b1d58733a7ad711bf6b83f,39fe373cdcb4534addde73890415b660,SO56525,4590,BK-M68B-42,2,4590,427ed6396fba4ed8ead9ec3229517d2b
11515,830e779850b1d58733a7ad711bf6b83f,39fe373cdcb4534addde73890415b660,SO56525,22,FE-6654,1,22,427ed6396fba4ed8ead9ec3229517d2b
11515,830e779850b1d58733a7ad711bf6b83f,39fe373cdcb4534addde73890415b660,SO56525,105,HL-U509,3,105,427ed6396fba4ed8ead9ec3229517d2b
11515,f036f125fefcf3b1a561961fcdc80496,d3f5e9e78b4eff50303cc34a8bd9fa20,SO45595,3578,BK-R93R-56,1,3578,46ceb00d77d3de79a22e210dbcfc6a93
11516,4804ee33768b143d9706052696f7dfbd,7254e54716fe52361e62aa16ea2e0797,SO60292,4590,BK-M68B-46,2,4590,c660dc308b247ce08aeecd155306bae0
11516,4804ee33768b143d9706052696f7dfbd,7254e54716fe52361e62aa16ea2e0797,SO60292,2,PK-7098,1,2,c660dc308b247ce08aeecd155306bae0
11516,4804ee33768b143d9706052696f7dfbd,7254e54716fe52361e62aa16ea2e0797,SO60292,35,TI-M823,1,35,c660dc308b247ce08aeecd155306bae0
11516,4804ee33768b143d9706052696f7dfbd,7254e54716fe52361e62aa16ea2e0797,SO60292,5,TT-M928,1,5,c660dc308b247ce08aeecd155306bae0
11516,65e68a57e397cec5452983179d80edc2,13af0cd214494c6df4622847478d94fe,SO45697,3578,BK-R93R-56,1,3578,2e19cf4ec5f6b0d897c8d5b873a164e5
11517,3f0c8308e4e2e5c4ddc1b7e19304f613,61e00b038efd34bdf9c747596273cbcf,SO64805,2,PK-7098,1,2,232e830f1ac667c081eaaca23cdf9b5f
11517,eef21e68ecca703bb338920b950f203c,f108e0cd2f96a0c22086f9d45ee08f19,SO60922,48,GL-H102-M,2,48,b21e833d3ead6056f1265f13fe1ff015
11517,eef21e68ecca703bb338920b950f203c,f108e0cd2f96a0c22086f9d45ee08f19,SO60922,105,HL-U509-B,3,105,b21e833d3ead6056f1265f13fe1ff015
11517,eef21e68ecca703bb338920b950f203c,f108e0cd2f96a0c22086f9d45ee08f19,SO60922,35,TI-M823,1,35,b21e833d3ead6056f1265f13fe1ff015
11517,eef21e68ecca703bb338920b950f203c,f108e0cd2f96a0c22086f9d45ee08f19,SO60922,5,TT-M928,1,5,b21e833d3ead6056f1265f13fe1ff015
11518,f06fd077b6afc2d69af6e1e548da266d,c135545cc3f3a739132ffdbc8096f3d4,SO69258,8,CL-9009,1,8,175a5d217fad85df9f6639d7ced1e5d9
11518,f06fd077b6afc2d69af6e1e548da266d,c135545cc3f3a739132ffdbc8096f3d4,SO69258,2,PK-7098,1,2,175a5d217fad85df9f6639d7ced1e5d9
11518,fee8e08233f3f00450bce31967abb0f1,331afa0aff1b1cfbf3d24944ab38c9d2,SO70560,10,BC-M005,1,10,86bfb8ffc7a79e52d833cedce4d275bf
11518,fee8e08233f3f00450bce31967abb0f1,331afa0aff1b1cfbf3d24944ab38c9d2,SO70560,22,FE-6654,1,22,86bfb8ffc7a79e52d833cedce4d275bf
11518,fee8e08233f3f00450bce31967abb0f1,331afa0aff1b1cfbf3d24944ab38c9d2,SO70560,35,TI-M823,1,35,86bfb8ffc7a79e52d833cedce4d275bf
11518,fee8e08233f3f00450bce31967abb0f1,331afa0aff1b1cfbf3d24944ab38c9d2,SO70560,5,WB-H098,1,5,86bfb8ffc7a79e52d833cedce4d275bf
11519,03bf7d2a8718ee9aca4bd2f37e962fc4,290499d9b8e65db426ba9b842714eb6d,SO63569,105,HL-U509-R,3,105,7130adfd843cdcb6d0bcd9d13792693a
11519,03bf7d2a8718ee9aca4bd2f37e962fc4,290499d9b8e65db426ba9b842714eb6d,SO63569,9,SO-R809-M,1,9,7130adfd843cdcb6d0bcd9d13792693a
11519,03bf7d2a8718ee9aca4bd2f37e962fc4,290499d9b8e65db426ba9b842714eb6d,SO63569,25,TI-M267,1,25,7130adfd843cdcb6d0bcd9d13792693a
11519,03bf7d2a8718ee9aca4bd2f37e962fc4,290499d9b8e65db426ba9b842714eb6d,SO63569,5,TT-M928,1,5,7130adfd843cdcb6d0bcd9d13792693a
11519,174acf6ca4e9804d47a59a499422e621,5abaefcc8525a8f4cfd95cba9e926532,SO58300,2,PK-7098,1,2,eba6cab7267f82e3b2a063d5ea445bb9
11519,174acf6ca4e9804d47a59a499422e621,5abaefcc8525a8f4cfd95cba9e926532,SO58300,4,TT-R982,1,4,eba6cab7267f82e3b2a063d5ea445bb9
11519,2ed3972e38245b633ec6b146c2970148,6477c205c5117a9448ba863e111acf32,SO61673,54,SJ-0194-M,1,54,2becb9647677a1a316b388bbad689580
11519,375bde15092f45652b6398c1dff650d0,830e779850b1d58733a7ad711bf6b83f,SO57318,150,LJ-0192-M,3,150,a8ef76a01442567fb64eb6f4408a9835
11519,39fe373cdcb4534addde73890415b660,41fc4cb27e0ee552c4c9247e1a476cc5,SO55885,105,HL-U509-R,3,105,3519c8eb4095dbc69d80eb61856d3435
11519,39fe373cdcb4534addde73890415b660,41fc4cb27e0ee552c4c9247e1a476cc5,SO55885,21,TI-R092,1,21,3519c8eb4095dbc69d80eb61856d3435
11519,39fe373cdcb4534addde73890415b660,41fc4cb27e0ee552c4c9247e1a476cc5,SO55885,4,TT-R982,1,4,3519c8eb4095dbc69d80eb61856d3435
11519,39fe373cdcb4534addde73890415b660,41fc4cb27e0ee552c4c9247e1a476cc5,SO55887,2,PK-7098,1,2,3519c8eb4095dbc69d80eb61856d3435
11519,39fe373cdcb4534addde73890415b660,41fc4cb27e0ee552c4c9247e1a476cc5,SO55887,30,TI-M602,1,30,3519c8eb4095dbc69d80eb61856d3435
11519,39fe373cdcb4534addde73890415b660,41fc4cb27e0ee552c4c9247e1a476cc5,SO55887,5,TT-M928,1,5,3519c8eb4095dbc69d80eb61856d3435
11519,4ddc8821c34bceaf3dba4a18741acca3,af1457846a79173ef71dd9d5dd69805a,SO61115,105,HL-U509-B,3,105,2d6e054ac82934d489c58cc8399a1628
11519,4ddc8821c34bceaf3dba4a18741acca3,af1457846a79173ef71dd9d5dd69805a,SO61115,150,LJ-0192-X,3,150,2d6e054ac82934d489c58cc8399a1628
11519,54d3ba66c5e71d3112695b882ca2030e,e4b40b4ba619c72ec5a69caad258d393,SO74579,35,TI-M823,1,35,40eee601514259a9632d510ca71226cc
11519,54d3ba66c5e71d3112695b882ca2030e,e4b40b4ba619c72ec5a69caad258d393,SO74579,5,TT-M928,1,5,40eee601514259a9632d510ca71226cc
11519,6d338b8c41c717c4336ad0084a80dca4,9223b53f03a405f817e91392f0294f6a,SO54440,8,CL-9009,1,8,40e7dd73b09eac540e790daf6fac41af
11519,6d338b8c41c717c4336ad0084a80dca4,9223b53f03a405f817e91392f0294f6a,SO54440,2,PK-7098,1,2,40e7dd73b09eac540e790daf6fac41af
11519,6d338b8c41c717c4336ad0084a80dca4,9223b53f03a405f817e91392f0294f6a,SO54440,4,TT-R982,1,4,40e7dd73b09eac540e790daf6fac41af
11519,81a5d08c6beaeec9e42baae5d63dd780,95103530881768b5cfc7e33970db9cd7,SO63304,27,CA-1098,3,27,b210069485754303767745919c328b97
11519,81a5d08c6beaeec9e42baae5d63dd780,95103530881768b5cfc7e33970db9cd7,SO63304,150,LJ-0192-S,3,150,b210069485754303767745919c328b97
11519,81a5d08c6beaeec9e42baae5d63dd780,95103530881768b5cfc7e33970db9cd7,SO63304,25,TI-R628,1,25,b210069485754303767745919c328b97
11519,81a5d08c6beaeec9e42baae5d63dd780,95103530881768b5cfc7e33970db9cd7,SO63304,4,TT-R982,1,4,b210069485754303767745919c328b97
11519,81a5d08c6beaeec9e42baae5d63dd780,95103530881768b5cfc7e33970db9cd7,SO63305,105,HL-U509-R,3,105,b210069485754303767745919c328b97
11519,81a5d08c6beaeec9e42baae5d63dd780,95103530881768b5cfc7e33970db9cd7,SO63305,5,TT-T092,1,5,b210069485754303767745919c328b97
11519,b21e833d3ead6056f1265f13fe1ff015,7983129d9883ebc3b9dce3311996b001,SO60585,150,LJ-0192-S,3,150,4804ee33768b143d9706052696f7dfbd
11519,b21e833d3ead6056f1265f13fe1ff015,7983129d9883ebc3b9dce3311996b001,SO60585,70,SH-W890-L,1,70,4804ee33768b143d9706052696f7dfbd
11519,d3c54b4368c62c2ff11535bf2b677170,41464bd548f06ca845208f69df30ac82,SO54319,8,CL-9009,1,8,da9c4ba6c9a1ae8725389bfd38b5763a
11519,f06fd077b6afc2d69af6e1e548da266d,c135545cc3f3a739132ffdbc8096f3d4,SO69259,105,HL-U509,3,105,175a5d217fad85df9f6639d7ced1e5d9
11519,f06fd077b6afc2d69af6e1e548da266d,c135545cc3f3a739132ffdbc8096f3d4,SO69259,25,TI-R628,1,25,175a5d217fad85df9f6639d7ced1e5d9
11519,f06fd077b6afc2d69af6e1e548da266d,c135545cc3f3a739132ffdbc8096f3d4,SO69259,4,TT-R982,1,4,175a5d217fad85df9f6639d7ced1e5d9
11519,fda052162862bb845297063fd71a580c,1678083e7ff90bd404baad3f60bffa37,SO56390,2,PK-7098,1,2,a2c49941411089cb2a9cbf78cb803c26
11519,fda052162862bb845297063fd71a580c,1678083e7ff90bd404baad3f60bffa37,SO56390,5,TT-T092,1,5,a2c49941411089cb2a9cbf78cb803c26
11519,fde67888c64f701b59876ec559099b3e,6353a8421ee460b64f2c988cc72a8391,SO56798,27,CA-1098,3,27,4ceff7612cfa4420892fe23b23ca9265
11520,05e7920e8caf0303dc01b77666952b75,eea5b3bd1bd5d5c62a1d22f78d3ba263,SO66212,105,HL-U509,3,105,3a2f313512bb520c43971e54ba834dec
11520,089c2a426c196c5ca5facb20896c90bb,bc761b2b7297029a695fbd6dd0470724,SO56282,48,GL-H102-M,2,48,55f9f4cb5784581a517e59904e0d5e2f
11520,089c2a426c196c5ca5facb20896c90bb,bc761b2b7297029a695fbd6dd0470724,SO56282,105,HL-U509,3,105,55f9f4cb5784581a517e59904e0d5e2f
11520,089c2a426c196c5ca5facb20896c90bb,bc761b2b7297029a695fbd6dd0470724,SO56282,4,TT-R982,1,4,55f9f4cb5784581a517e59904e0d5e2f
11520,1f50dad3f1493a5cf408c4eb3987479e,226d694fb4b7f71d62444f9528be8704,SO54675,48,GL-H102-L,2,48,9c56075241a26f6fa77eb86b15411c6e
11520,1f50dad3f1493a5cf408c4eb3987479e,226d694fb4b7f71d62444f9528be8704,SO54675,150,LJ-0192-L,3,150,9c56075241a26f6fa77eb86b15411c6e
11520,3c8e2c51453f4d665f1050da871dead6,1f50dad3f1493a5cf408c4eb3987479e,SO55428,105,HL-U509-R,3,105,d34ba8f5d7fd7d5959a34c283fbec422
11520,3c8e2c51453f4d665f1050da871dead6,1f50dad3f1493a5cf408c4eb3987479e,SO55428,35,TI-M823,1,35,d34ba8f5d7fd7d5959a34c283fbec422
11520,3c8e2c51453f4d665f1050da871dead6,1f50dad3f1493a5cf408c4eb3987479e,SO55428,5,TT-M928,1,5,d34ba8f5d7fd7d5959a34c283fbec422
11520,3e107cd1554225ea3056ed5010adce90,aa14ddbc43aa2d3be1e6ac019bb7b5bc,SO73811,25,TI-R628,1,25,43e2cc7ff261723f93f64f3f7e9faa8d
11520,3e107cd1554225ea3056ed5010adce90,aa14ddbc43aa2d3be1e6ac019bb7b5bc,SO73811,4,TT-R982,1,4,43e2cc7ff261723f93f64f3f7e9faa8d
11520,3e107cd1554225ea3056ed5010adce90,aa14ddbc43aa2d3be1e6ac019bb7b5bc,SO73811,64,VE-C304-L,1,64,43e2cc7ff261723f93f64f3f7e9faa8d
11520,3e107cd1554225ea3056ed5010adce90,aa14ddbc43aa2d3be1e6ac019bb7b5bc,SO73812,2,PK-7098,1,2,43e2cc7ff261723f93f64f3f7e9faa8d
11520,3e107cd1554225ea3056ed5010adce90,aa14ddbc43aa2d3be1e6ac019bb7b5bc,SO73812,5,TT-T092,1,5,43e2cc7ff261723f93f64f3f7e9faa8d
11520,40883861f6e25a2e09e848a7891f4f38,eba5233d2dd8ea5031e646882335ece0,SO57436,25,TI-R628,1,25,d76e0ba1fa041675ae9af958c5b41ae4
11520,4ddc8821c34bceaf3dba4a18741acca3,af1457846a79173ef71dd9d5dd69805a,SO61126,30,TI-M602,1,30,2d6e054ac82934d489c58cc8399a1628
11520,4ddc8821c34bceaf3dba4a18741acca3,af1457846a79173ef71dd9d5dd69805a,SO61126,64,VE-C304-S,1,64,2d6e054ac82934d489c58cc8399a1628
11520,6ef7b4bb93d4e54234cf965ed2334682,ccf89c691dabb1412404274596922d90,SO65968,27,CA-1098,3,27,93ddc10d6cf61153011df052aa76671f
11520,6ef7b4bb93d4e54234cf965ed2334682,ccf89c691dabb1412404274596922d90,SO65968,21,TI-R092,1,21,93ddc10d6cf61153011df052aa76671f
11520,8592725b85eec4822018b8728dd5b88d,88d8e3ff674b1514a19b24621707f0d9,SO74822,150,LJ-0192-X,3,150,56e52500a7f5ab963646137a401683cd
11520,8592725b85eec4822018b8728dd5b88d,88d8e3ff674b1514a19b24621707f0d9,SO74822,70,SH-W890-L,1,70,56e52500a7f5ab963646137a401683cd
11520,883b9b4170853b321c03290f64ba199f,412998e77ee121227580e3d363f75fa2,SO60635,27,CA-1098,3,27,af1457846a79173ef71dd9d5dd69805a
11520,a9cd7a99d71cca9cb644010050374ade,3db19f5f710f10e90ecc7154c649d60a,SO71716,48,GL-H102-S,2,48,128ee9ff420de424a605a0ee4a6f7916
11520,a9cd7a99d71cca9cb644010050374ade,3db19f5f710f10e90ecc7154c649d60a,SO71716,25,TI-M267,1,25,128ee9ff420de424a605a0ee4a6f7916
11520,ad0b7f5ad35732646f1e5f67418d5995,244cede513841376c37dc856f2f5e7b9,SO59290,9,BC-R205,1,9,0df76889b3e31ccfd17b50cc73baef03
11520,ad0b7f5ad35732646f1e5f67418d5995,244cede513841376c37dc856f2f5e7b9,SO59290,5,TT-T092,1,5,0df76889b3e31ccfd17b50cc73baef03
11520,b210069485754303767745919c328b97,305c66634c155cab2b5cc3ce00351eb1,SO62829,27,CA-1098,3,27,5efefff01843f5aa3f7d8a4d44b4bf2e
11520,b210069485754303767745919c328b97,305c66634c155cab2b5cc3ce00351eb1,SO62829,54,SJ-0194-M,1,54,5efefff01843f5aa3f7d8a4d44b4bf2e
11520,d630b2db6e8046e30b4728ca862ba4e1,02ad1a5ca18e58629b8c1d6a6401d071,SO58417,8,CL-9009,1,8,07b31bae17c7890b17d79a654aa230cf
11520,f476906875bc5d9abe836b4ea1f485c1,f04e53711455521533f4c5ed7dcaa287,SO53143,150,LJ-0192-L,3,150,15aceb75d86814cb479f1b1a9487c3d4
11520,f476906875bc5d9abe836b4ea1f485c1,f04e53711455521533f4c5ed7dcaa287,SO53143,9,SO-R809-L,1,9,15aceb75d86814cb479f1b1a9487c3d4
11520,f476906875bc5d9abe836b4ea1f485c1,f04e53711455521533f4c5ed7dcaa287,SO53143,4,TT-R982,1,4,15aceb75d86814cb479f1b1a9487c3d4
11521,3f20f21c57e09a6c071e44d1fe74b58a,9b98d27287b27eeee9ebc06e1d5a9a8d,SO53884,2,PK-7098,1,2,51c449e55b4a63a16fb45beb689150d5
11521,3f72b837978dcd042b73e7270f11a4ca,83d1ed00595e79ee5ea3797e97970fe8,SO70287,2,PK-7098,1,2,99c8f306659fd98cbb9d7f03ec0c2a7a
11521,3f72b837978dcd042b73e7270f11a4ca,83d1ed00595e79ee5ea3797e97970fe8,SO70287,35,TI-M823,1,35,99c8f306659fd98cbb9d7f03ec0c2a7a
11521,3f72b837978dcd042b73e7270f11a4ca,83d1ed00595e79ee5ea3797e97970fe8,SO70287,5,TT-M928,1,5,99c8f306659fd98cbb9d7f03ec0c2a7a
11522,13af0cd214494c6df4622847478d94fe,2736db866ea3366c10431df335770c4c,SO45613,3578,BK-R93R-56,1,3578,2161780b6db40411111a69f18a2056bd
11522,72e75576254db1afef14ecdc050391c2,20b851db79828c985958154243411278,SO52105,10,BC-M005,1,10,0b80ce5eab877cae9997209e0bee6e60
11522,72e75576254db1afef14ecdc050391c2,20b851db79828c985958154243411278,SO52105,4590,BK-M68B-42,2,4590,0b80ce5eab877cae9997209e0bee6e60
11522,72e75576254db1afef14ecdc050391c2,20b851db79828c985958154243411278,SO52105,5,WB-H098,1,5,0b80ce5eab877cae9997209e0bee6e60
11523,deff8ad81a213d1110c1f409a7f40fcd,b8cc77f0099ae7d3a20b9f0b74d70b12,SO52828,4640,BK-M68S-38,2,4640,f04e53711455521533f4c5ed7dcaa287
11523,deff8ad81a213d1110c1f409a7f40fcd,b8cc77f0099ae7d3a20b9f0b74d70b12,SO52828,22,FE-6654,1,22,f04e53711455521533f4c5ed7dcaa287
11523,deff8ad81a213d1110c1f409a7f40fcd,b8cc77f0099ae7d3a20b9f0b74d70b12,SO52828,105,HL-U509,3,105,f04e53711455521533f4c5ed7dcaa287
11524,66e56e10b0f528b66a45e307ecdf4774,691ad1b0dca3643b923973defd014d47,SO68558,2,PK-7098,1,2,8eb7a1b0dba9fdd5f4248b9cb6b9119b
11524,9d934f91c460e9947414d00048f2fa36,94b225b5b1f09ecd5e8ecdfb681ff04c,SO65125,35,TI-M823,1,35,3f0c8308e4e2e5c4ddc1b7e19304f613
11524,9d934f91c460e9947414d00048f2fa36,94b225b5b1f09ecd5e8ecdfb681ff04c,SO65125,5,TT-M928,1,5,3f0c8308e4e2e5c4ddc1b7e19304f613
11525,78339826b5905c235d846a82cce76116,ddb42f46f96f9e6cff404ed309f79051,SO45637,3578,BK-R93R-56,1,3578,b673025477c2a9a0524b27adc18ee543
11525,f476906875bc5d9abe836b4ea1f485c1,f04e53711455521533f4c5ed7dcaa287,SO53169,4640,BK-M68S-42,2,4640,15aceb75d86814cb479f1b1a9487c3d4
11525,f476906875bc5d9abe836b4ea1f485c1,f04e53711455521533f4c5ed7dcaa287,SO53169,2,PK-7098,1,2,15aceb75d86814cb479f1b1a9487c3d4
11525,f476906875bc5d9abe836b4ea1f485c1,f04e53711455521533f4c5ed7dcaa287,SO53169,35,TI-M823,1,35,15aceb75d86814cb479f1b1a9487c3d4
11526,b8cc77f0099ae7d3a20b9f0b74d70b12,70ad7386c1fe794c57fa3908ff22435d,SO52202,4640,BK-M68S-46,2,4640,5e9b4970006d8f02ba0bc1763fa8b9a6
11526,b8cc77f0099ae7d3a20b9f0b74d70b12,70ad7386c1fe794c57fa3908ff22435d,SO52202,22,FE-6654,1,22,5e9b4970006d8f02ba0bc1763fa8b9a6
11526,b8cc77f0099ae7d3a20b9f0b74d70b12,70ad7386c1fe794c57fa3908ff22435d,SO52202,105,HL-U509,3,105,5e9b4970006d8f02ba0bc1763fa8b9a6
11527,dca79d69a6b38e95c4b03bfab997796c,e5bf4a4a03e320ed76cf2ca68fa5b4c0,SO52371,2,PK-7098,1,2,9f79f7706bc6a7654ef0b8977966f69a
11527,ec24e4cf9fcc90f3bbe81b2fb3735c21,c4369eefdf9bb8a3f9115e96b40aaf17,SO69831,2,PK-7098,1,2,f06fd077b6afc2d69af6e1e548da266d
11527,ec24e4cf9fcc90f3bbe81b2fb3735c21,c4369eefdf9bb8a3f9115e96b40aaf17,SO69831,35,TI-M823,1,35,f06fd077b6afc2d69af6e1e548da266d
11528,3e07f09fb2edbdf0bf6a54c17634514b,dca79d69a6b38e95c4b03bfab997796c,SO52998,10,BC-M005,1,10,c375f33d72ca7161f341c2726e82d67a
11528,3e07f09fb2edbdf0bf6a54c17634514b,dca79d69a6b38e95c4b03bfab997796c,SO52998,4640,BK-M68S-42,2,4640,c375f33d72ca7161f341c2726e82d67a
11528,3e07f09fb2edbdf0bf6a54c17634514b,dca79d69a6b38e95c4b03bfab997796c,SO52998,22,FE-6654,1,22,c375f33d72ca7161f341c2726e82d67a
11528,3e07f09fb2edbdf0bf6a54c17634514b,dca79d69a6b38e95c4b03bfab997796c,SO52998,48,GL-H102-L,2,48,c375f33d72ca7161f341c2726e82d67a
11528,3e07f09fb2edbdf0bf6a54c17634514b,dca79d69a6b38e95c4b03bfab997796c,SO52998,5,WB-H098,1,5,c375f33d72ca7161f341c2726e82d67a
11528,4f477db88196607e3dbfd0139d6028b5,f036f125fefcf3b1a561961fcdc80496,SO45669,3578,BK-R93R-56,1,3578,2707fbccd14f3db6d4c5aa0aeaa9d258
11529,7920863768d90ab95edffbd84cfca3e6,4f477db88196607e3dbfd0139d6028b5,SO45754,3578,BK-R93R-44,1,3578,1b30ec3bcb718d69a0b3a02c36113181
11529,7f026edc73bd4602381834e9b850d6c2,eedd9be5500334505ed9d4aef801ac3d,SO52267,10,BC-M005,1,10,db2b287636ac5ebda430de4f3f643b24
11529,7f026edc73bd4602381834e9b850d6c2,eedd9be5500334505ed9d4aef801ac3d,SO52267,4640,BK-M68S-38,2,4640,db2b287636ac5ebda430de4f3f643b24
11529,7f026edc73bd4602381834e9b850d6c2,eedd9be5500334505ed9d4aef801ac3d,SO52267,27,CA-1098,3,27,db2b287636ac5ebda430de4f3f643b24
11529,7f026edc73bd4602381834e9b850d6c2,eedd9be5500334505ed9d4aef801ac3d,SO52267,22,FE-6654,1,22,db2b287636ac5ebda430de4f3f643b24
11529,7f026edc73bd4602381834e9b850d6c2,eedd9be5500334505ed9d4aef801ac3d,SO52267,5,WB-H098,1,5,db2b287636ac5ebda430de4f3f643b24
11530,0383d48e76cd8a3dfb9e2a890f2cac18,d6fb379288416774d139632beb88e26b,SO60974,2,PK-7098,1,2,883b9b4170853b321c03290f64ba199f
11530,0383d48e76cd8a3dfb9e2a890f2cac18,d6fb379288416774d139632beb88e26b,SO60974,4,TT-R982,1,4,883b9b4170853b321c03290f64ba199f
11530,089c2a426c196c5ca5facb20896c90bb,bc761b2b7297029a695fbd6dd0470724,SO56283,105,HL-U509-R,3,105,55f9f4cb5784581a517e59904e0d5e2f
11530,089c2a426c196c5ca5facb20896c90bb,bc761b2b7297029a695fbd6dd0470724,SO56283,4,TT-R982,1,4,55f9f4cb5784581a517e59904e0d5e2f
11530,0df76889b3e31ccfd17b50cc73baef03,debbb2493c6588799fc787e1854bcda5,SO58807,27,CA-1098,3,27,6eaadc1181f307997dc853d9ed40db36
11530,0df76889b3e31ccfd17b50cc73baef03,debbb2493c6588799fc787e1854bcda5,SO58807,22,FE-6654,1,22,6eaadc1181f307997dc853d9ed40db36
11530,0df76889b3e31ccfd17b50cc73baef03,debbb2493c6588799fc787e1854bcda5,SO58807,35,TI-M823,1,35,6eaadc1181f307997dc853d9ed40db36
11530,15699e35c72c4036c71409f3f3d69528,f5933feadc49c253e4f0e77b236946e9,SO53007,27,CA-1098,3,27,deff8ad81a213d1110c1f409a7f40fcd
11530,226d694fb4b7f71d62444f9528be8704,714597fe9448176d17876617114a65bc,SO53994,25,TI-R628,1,25,9444f850ff0c10a862b4a6a9c4ab0a74
11530,361e2c62255e0c1887ac2139911ca300,20b5e9ce0f87defd975a322149ec8cc6,SO51887,48,GL-H102-M,2,48,eedd9be5500334505ed9d4aef801ac3d
11530,361e2c62255e0c1887ac2139911ca300,20b5e9ce0f87defd975a322149ec8cc6,SO51887,54,SJ-0194-S,1,54,eedd9be5500334505ed9d4aef801ac3d
11530,36ab6f1df21f3c9a169c8942e981959a,058af5b2a408d57b708367e5bf4e9d9c,SO67654,105,HL-U509,3,105,8e8847c1bdf012037ee13bb62da8a5c1
11530,36ab6f1df21f3c9a169c8942e981959a,058af5b2a408d57b708367e5bf4e9d9c,SO67654,5,TT-T092,1,5,8e8847c1bdf012037ee13bb62da8a5c1
11530,375bde15092f45652b6398c1dff650d0,830e779850b1d58733a7ad711bf6b83f,SO57308,8,CL-9009,1,8,a8ef76a01442567fb64eb6f4408a9835
11530,4a800301260b2639fa1ec3efafb5f86c,23f22724b430320654759f8512440ebc,SO59153,25,TI-R628,1,25,a189cc17a15cdb4e39e80dfcd8374c76
11530,4cc27df81afd686c0420394e090460cb,39ff8ac1e8a44088f96e17b846ec8baf,SO61286,30,TI-M602,1,30,6477c205c5117a9448ba863e111acf32
11530,4cc27df81afd686c0420394e090460cb,39ff8ac1e8a44088f96e17b846ec8baf,SO61286,5,TT-M928,1,5,6477c205c5117a9448ba863e111acf32
11530,511572e8a25e86c2f48ae9e6d73a1e6a,8e8847c1bdf012037ee13bb62da8a5c1,SO68114,70,SH-W890-L,1,70,691ad1b0dca3643b923973defd014d47
11530,714597fe9448176d17876617114a65bc,d6ec5bff1a0809822c740ce35792fa7a,SO53200,27,CA-1098,3,27,3143ce3c6436ed5bd25398756b7b661d
11530,714597fe9448176d17876617114a65bc,d6ec5bff1a0809822c740ce35792fa7a,SO53200,21,TI-R092,1,21,3143ce3c6436ed5bd25398756b7b661d
11530,b322422d9a721bbdefa133133dd407c1,07b7d2aed13a63a16377587dcc0abbe8,SO66844,2,PK-7098,1,2,2296af5563b2061aa1d88124a37eecb7
11530,b322422d9a721bbdefa133133dd407c1,07b7d2aed13a63a16377587dcc0abbe8,SO66844,25,TI-M267,1,25,2296af5563b2061aa1d88124a37eecb7
11530,c507827aa5f4f6bbedf64058461c621b,6d1d8a1c7851eb5a946d45009cea6d9f,SO66447,48,GL-H102-M,2,48,dfcee565bb2da80a7b76451a5cd314a1
11530,c507827aa5f4f6bbedf64058461c621b,6d1d8a1c7851eb5a946d45009cea6d9f,SO66447,105,HL-U509-R,3,105,dfcee565bb2da80a7b76451a5cd314a1
11530,d9f7611cf8d29b48a1d3d8fddb8c5b2e,55f9f4cb5784581a517e59904e0d5e2f,SO56653,5,TT-T092,1,5,fda052162862bb845297063fd71a580c
11530,e4b40b4ba619c72ec5a69caad258d393,b0950d12c62d3aeda81b2e8d06f2aef4,SO74194,150,LJ-0192-X,3,150,8babade0595c11e14dd89058a850f2cd
11531,f5933feadc49c253e4f0e77b236946e9,0b80ce5eab877cae9997209e0bee6e60,SO52453,4590,BK-M68B-46,2,4590,b8cc77f0099ae7d3a20b9f0b74d70b12
11531,f5933feadc49c253e4f0e77b236946e9,0b80ce5eab877cae9997209e0bee6e60,SO52453,2,PK-7098,1,2,b8cc77f0099ae7d3a20b9f0b74d70b12
11531,fc818380249389b9a3c3d3305d0d92a5,202be13b3d9b1d0ed9abbfdb2f26a9a4,SO45587,3578,BK-R93R-62,1,3578,ddb42f46f96f9e6cff404ed309f79051
11532,3c1811b546060d91957cc446aabc4a3c,3c4bf68562424c26986beae6ce13704a,SO55689,2,PK-7098,1,2,3c8e2c51453f4d665f1050da871dead6
11532,d7f57f35d2bad1349ca24a67a2635eea,5432d51ee94799c0125bb158c8a8bd22,SO74059,2,PK-7098,1,2,1ba7e8cdf85da6cf5e11554703236b52
11532,d7f57f35d2bad1349ca24a67a2635eea,5432d51ee94799c0125bb158c8a8bd22,SO74059,35,TI-M823,1,35,1ba7e8cdf85da6cf5e11554703236b52
11532,d7f57f35d2bad1349ca24a67a2635eea,5432d51ee94799c0125bb158c8a8bd22,SO74059,5,TT-M928,1,5,1ba7e8cdf85da6cf5e11554703236b52
11533,722dc621a1a56555843f574144bfcdf0,d27974ca95fd620ac92cf95bf8c1d1f2,SO74548,35,TI-M823,1,35,d612b5fb3f6011688fb0c9927693365a
11533,b0b2c17e5682f78d8fc262463fd0a4f3,375bde15092f45652b6398c1dff650d0,SO57966,2,PK-7098,1,2,5e1b952a22eccca86f7f056a9efb42a4
11534,b75498e8e390851f18bb4c3cc467c09b,78339826b5905c235d846a82cce76116,SO45714,3578,BK-R93R-48,1,3578,3ace441341c719dd401296ee5a591431
11534,c375f33d72ca7161f341c2726e82d67a,9f79f7706bc6a7654ef0b8977966f69a,SO52762,4590,BK-M68B-38,2,4590,0dc34ca2aaa8612cde077f1880b78b25
11534,c375f33d72ca7161f341c2726e82d67a,9f79f7706bc6a7654ef0b8977966f69a,SO52762,22,FE-6654,1,22,0dc34ca2aaa8612cde077f1880b78b25
11534,c375f33d72ca7161f341c2726e82d67a,9f79f7706bc6a7654ef0b8977966f69a,SO52762,48,GL-H102-M,2,48,0dc34ca2aaa8612cde077f1880b78b25
11535,01fa6f8199200216ae5fb86e25570605,528a71a866e16a51a12c928f3867fc40,SO45611,3578,BK-R93R-62,1,3578,18f7c9bb65478213b7dcd26262dde1a0
11535,6d338b8c41c717c4336ad0084a80dca4,9223b53f03a405f817e91392f0294f6a,SO54468,10,BC-M005,1,10,40e7dd73b09eac540e790daf6fac41af
11535,6d338b8c41c717c4336ad0084a80dca4,9223b53f03a405f817e91392f0294f6a,SO54468,4590,BK-M68B-46,2,4590,40e7dd73b09eac540e790daf6fac41af
11535,6d338b8c41c717c4336ad0084a80dca4,9223b53f03a405f817e91392f0294f6a,SO54468,22,FE-6654,1,22,40e7dd73b09eac540e790daf6fac41af
11535,6d338b8c41c717c4336ad0084a80dca4,9223b53f03a405f817e91392f0294f6a,SO54468,9,SO-R809-L,1,9,40e7dd73b09eac540e790daf6fac41af
11535,6d338b8c41c717c4336ad0084a80dca4,9223b53f03a405f817e91392f0294f6a,SO54468,5,WB-H098,1,5,40e7dd73b09eac540e790daf6fac41af
11536,7920863768d90ab95edffbd84cfca3e6,4f477db88196607e3dbfd0139d6028b5,SO45755,3578,BK-R93R-56,1,3578,1b30ec3bcb718d69a0b3a02c36113181
11536,ac15b60491fe99190c0248790e690757,ab2e81a99745ffff6c06e2be93290d1b,SO54802,4590,BK-M68B-38,2,4590,0c8ff735cb2b05718573c08173335fd4
11536,ac15b60491fe99190c0248790e690757,ab2e81a99745ffff6c06e2be93290d1b,SO54802,2,PK-7098,1,2,0c8ff735cb2b05718573c08173335fd4
11536,ac15b60491fe99190c0248790e690757,ab2e81a99745ffff6c06e2be93290d1b,SO54802,35,TI-M823,1,35,0c8ff735cb2b05718573c08173335fd4
11536,ac15b60491fe99190c0248790e690757,ab2e81a99745ffff6c06e2be93290d1b,SO54802,5,TT-M928,1,5,0c8ff735cb2b05718573c08173335fd4
11537,3c4bf68562424c26986beae6ce13704a,dba3e44e23a1d2c2f299811e94db7fce,SO54968,4590,BK-M68B-46,2,4590,1f50dad3f1493a5cf408c4eb3987479e
11537,a8c7d5b3aff3fa32b632b239bd18e26f,350462f2d0124beb0d7adf60dd79a8b8,SO45732,3578,BK-R93R-44,1,3578,e52d77ff6cfc92babed59c52d26cc727
11538,41464bd548f06ca845208f69df30ac82,15aceb75d86814cb479f1b1a9487c3d4,SO53708,4590,BK-M68B-46,2,4590,3e48b2167bd86ef570e46d0b286c4f74
11538,41464bd548f06ca845208f69df30ac82,15aceb75d86814cb479f1b1a9487c3d4,SO53708,22,FE-6654,1,22,3e48b2167bd86ef570e46d0b286c4f74
11538,e52d77ff6cfc92babed59c52d26cc727,e326f919619dfb88508877586e312f4c,SO45701,3578,BK-R93R-44,1,3578,9bf4969b0d30a237d93ba8c97a302ad0
11539,7b0730955172ecda497d7cca6b1d87a1,d3c54b4368c62c2ff11535bf2b677170,SO55018,4640,BK-M68S-42,2,4640,5a06908cc28b799b04fc1c47664462e6
11539,7b0730955172ecda497d7cca6b1d87a1,d3c54b4368c62c2ff11535bf2b677170,SO55018,48,GL-H102-M,2,48,5a06908cc28b799b04fc1c47664462e6
11539,7b0730955172ecda497d7cca6b1d87a1,d3c54b4368c62c2ff11535bf2b677170,SO55018,105,HL-U509-B,3,105,5a06908cc28b799b04fc1c47664462e6
11539,7b0730955172ecda497d7cca6b1d87a1,d3c54b4368c62c2ff11535bf2b677170,SO55018,35,TI-M823,1,35,5a06908cc28b799b04fc1c47664462e6
11539,7b0730955172ecda497d7cca6b1d87a1,d3c54b4368c62c2ff11535bf2b677170,SO55018,5,TT-M928,1,5,5a06908cc28b799b04fc1c47664462e6
11539,90b02462c4aa07aa9f640001bc1770d2,9bf4969b0d30a237d93ba8c97a302ad0,SO45747,3578,BK-R93R-56,1,3578,b75498e8e390851f18bb4c3cc467c09b
11540,3ace441341c719dd401296ee5a591431,b673025477c2a9a0524b27adc18ee543,SO45679,3578,BK-R93R-56,1,3578,4e1880c62d1a2a8c16dbea8fe88f6340
11540,ac15b60491fe99190c0248790e690757,ab2e81a99745ffff6c06e2be93290d1b,SO54801,4590,BK-M68B-42,2,4590,0c8ff735cb2b05718573c08173335fd4
11540,ac15b60491fe99190c0248790e690757,ab2e81a99745ffff6c06e2be93290d1b,SO54801,8,CL-9009,1,8,0c8ff735cb2b05718573c08173335fd4
11540,ac15b60491fe99190c0248790e690757,ab2e81a99745ffff6c06e2be93290d1b,SO54801,22,FE-6654,1,22,0c8ff735cb2b05718573c08173335fd4
11540,ac15b60491fe99190c0248790e690757,ab2e81a99745ffff6c06e2be93290d1b,SO54801,55,HY-1023-70,1,55,0c8ff735cb2b05718573c08173335fd4
11541,4f477db88196607e3dbfd0139d6028b5,f036f125fefcf3b1a561961fcdc80496,SO45670,3578,BK-R93R-62,1,3578,2707fbccd14f3db6d4c5aa0aeaa9d258
11541,a2c49941411089cb2a9cbf78cb803c26,73a69a5c77a7d23172e54d7ce07a638e,SO56176,4640,BK-M68S-42,2,4640,39fe373cdcb4534addde73890415b660
11541,a2c49941411089cb2a9cbf78cb803c26,73a69a5c77a7d23172e54d7ce07a638e,SO56176,105,HL-U509-B,3,105,39fe373cdcb4534addde73890415b660
11541,a2c49941411089cb2a9cbf78cb803c26,73a69a5c77a7d23172e54d7ce07a638e,SO56176,35,TI-M823,1,35,39fe373cdcb4534addde73890415b660
11541,a2c49941411089cb2a9cbf78cb803c26,73a69a5c77a7d23172e54d7ce07a638e,SO56176,5,TT-M928,1,5,39fe373cdcb4534addde73890415b660
11542,0814775cfc25da756a9b4197347ab771,d76e0ba1fa041675ae9af958c5b41ae4,SO57815,9,SO-R809-M,1,9,de22d232bbe84481579f6252f1e7091d
11542,0814775cfc25da756a9b4197347ab771,d76e0ba1fa041675ae9af958c5b41ae4,SO57815,21,TI-R092,1,21,de22d232bbe84481579f6252f1e7091d
11542,0814775cfc25da756a9b4197347ab771,d76e0ba1fa041675ae9af958c5b41ae4,SO57815,4,TT-R982,1,4,de22d232bbe84481579f6252f1e7091d
11543,5cbbe853aa1a5a1370f9a614904c4b15,86e0fc464cbb08ae74bd039224afec9a,SO73605,54,SJ-0194-M,1,54,47a161474962a6dcc03cfa64127a641f
11544,9d934f91c460e9947414d00048f2fa36,94b225b5b1f09ecd5e8ecdfb681ff04c,SO65130,105,HL-U509-R,3,105,3f0c8308e4e2e5c4ddc1b7e19304f613
11544,9d934f91c460e9947414d00048f2fa36,94b225b5b1f09ecd5e8ecdfb681ff04c,SO65130,54,SJ-0194-X,1,54,3f0c8308e4e2e5c4ddc1b7e19304f613
11545,5c741aa8e0753be65314a304e7b39c14,d945ec2aae74dbfb829453026b91c235,SO62056,54,SJ-0194-L,1,54,7ee641303ef8d8b10d0ed00a060c73cc
11546,dba3e44e23a1d2c2f299811e94db7fce,51c449e55b4a63a16fb45beb689150d5,SO54256,10,BC-M005,1,10,226d694fb4b7f71d62444f9528be8704
11546,dba3e44e23a1d2c2f299811e94db7fce,51c449e55b4a63a16fb45beb689150d5,SO54256,4640,BK-M68S-38,2,4640,226d694fb4b7f71d62444f9528be8704
11546,dba3e44e23a1d2c2f299811e94db7fce,51c449e55b4a63a16fb45beb689150d5,SO54256,54,SJ-0194-L,1,54,226d694fb4b7f71d62444f9528be8704
11546,dba3e44e23a1d2c2f299811e94db7fce,51c449e55b4a63a16fb45beb689150d5,SO54256,5,WB-H098,1,5,226d694fb4b7f71d62444f9528be8704
11546,ddc7146176eec240951e44da05d5f12b,54e631e6ad5b9a63c134f0ca46d89658,SO50808,4142,BK-M68S-38,2,4142,7dc1c03103798a474aa763047623df54
11547,109423a52128e234487abcd717f01458,f4630495c408b1838e43e9291392dcdf,SO51054,4142,BK-M68S-42,2,4142,6ccfb4540d439b07eef79e9ec663aeee
11547,3a23b248b732af434a45fce0302aa11f,db2f6a564b6f5f41253c68874b50962b,SO62998,540,BK-R19B-48,1,540,290499d9b8e65db426ba9b842714eb6d
11547,3a23b248b732af434a45fce0302aa11f,db2f6a564b6f5f41253c68874b50962b,SO62998,105,HL-U509-B,3,105,290499d9b8e65db426ba9b842714eb6d
11547,9f79f7706bc6a7654ef0b8977966f69a,e2f7ff887646789ea003d03bc2025325,SO52111,4590,BK-M68B-46,2,4590,361e2c62255e0c1887ac2139911ca300
11547,9f79f7706bc6a7654ef0b8977966f69a,e2f7ff887646789ea003d03bc2025325,SO52111,105,HL-U509-B,3,105,361e2c62255e0c1887ac2139911ca300
11548,d8a4ea0dc4237ee8690ee37b3902fd0e,0c8ff735cb2b05718573c08173335fd4,SO55141,4640,BK-M68S-42,2,4640,fef3080ec197edd1a04bb18afd31d16d
11548,d8a4ea0dc4237ee8690ee37b3902fd0e,0c8ff735cb2b05718573c08173335fd4,SO55141,48,GL-H102-L,2,48,fef3080ec197edd1a04bb18afd31d16d
11548,d8a4ea0dc4237ee8690ee37b3902fd0e,0c8ff735cb2b05718573c08173335fd4,SO55141,105,HL-U509,3,105,fef3080ec197edd1a04bb18afd31d16d
11548,d8a4ea0dc4237ee8690ee37b3902fd0e,0c8ff735cb2b05718573c08173335fd4,SO55141,150,LJ-0192-S,3,150,fef3080ec197edd1a04bb18afd31d16d
11548,dee9eae0b6c5fbb75435e16238307e35,a7e2e75e7fa681dcfa6bb6bfc7fc5cff,SO46410,3375,BK-M82B-38,1,3375,7a3cb5f97544c8ef7fd51c4b10455880
11548,fee8e08233f3f00450bce31967abb0f1,331afa0aff1b1cfbf3d24944ab38c9d2,SO70572,9,BC-R205,1,9,86bfb8ffc7a79e52d833cedce4d275bf
11548,fee8e08233f3f00450bce31967abb0f1,331afa0aff1b1cfbf3d24944ab38c9d2,SO70572,1215,BK-T44U-60,1,1215,86bfb8ffc7a79e52d833cedce4d275bf
11548,fee8e08233f3f00450bce31967abb0f1,331afa0aff1b1cfbf3d24944ab38c9d2,SO70572,105,HL-U509,3,105,86bfb8ffc7a79e52d833cedce4d275bf
11548,fee8e08233f3f00450bce31967abb0f1,331afa0aff1b1cfbf3d24944ab38c9d2,SO70572,5,WB-H098,1,5,86bfb8ffc7a79e52d833cedce4d275bf
11549,41fc4cb27e0ee552c4c9247e1a476cc5,6d338b8c41c717c4336ad0084a80dca4,SO55093,10,BC-M005,1,10,6e5c4b769f8f70f9fd01b24ba5be9695
11549,41fc4cb27e0ee552c4c9247e1a476cc5,6d338b8c41c717c4336ad0084a80dca4,SO55093,4590,BK-M68B-42,2,4590,6e5c4b769f8f70f9fd01b24ba5be9695
11549,41fc4cb27e0ee552c4c9247e1a476cc5,6d338b8c41c717c4336ad0084a80dca4,SO55093,5,WB-H098,1,5,6e5c4b769f8f70f9fd01b24ba5be9695
11549,aa14ddbc43aa2d3be1e6ac019bb7b5bc,dcf73f840a50da0145f24e8e0169dc4b,SO72911,9,BC-R205,1,9,a6f2945baeceeef4c8d541a22f6e99e9
11549,aa14ddbc43aa2d3be1e6ac019bb7b5bc,dcf73f840a50da0145f24e8e0169dc4b,SO72911,1215,BK-T44U-46,1,1215,a6f2945baeceeef4c8d541a22f6e99e9
11549,aa14ddbc43aa2d3be1e6ac019bb7b5bc,dcf73f840a50da0145f24e8e0169dc4b,SO72911,105,HL-U509-R,3,105,a6f2945baeceeef4c8d541a22f6e99e9
11549,aa14ddbc43aa2d3be1e6ac019bb7b5bc,dcf73f840a50da0145f24e8e0169dc4b,SO72911,150,LJ-0192-S,3,150,a6f2945baeceeef4c8d541a22f6e99e9
11549,aa14ddbc43aa2d3be1e6ac019bb7b5bc,dcf73f840a50da0145f24e8e0169dc4b,SO72911,5,WB-H098,1,5,a6f2945baeceeef4c8d541a22f6e99e9
11549,b0d346be9fa7508e21d5c500b97e6b7a,e0ff70a5e22e7449dab732c95d815720,SO46543,3400,BK-M82S-42,1,3400,23e53557c4c2300cb2511c53082467bb
11550,0c8ff735cb2b05718573c08173335fd4,1685ca8ff12ea83725a1c35e1d89c5cd,SO54477,4590,BK-M68B-42,2,4590,b8d9d66529b0a1e91f6137abcdd065dd
11550,0c8ff735cb2b05718573c08173335fd4,1685ca8ff12ea83725a1c35e1d89c5cd,SO54477,120,RA-H123,1,120,b8d9d66529b0a1e91f6137abcdd065dd
11550,679eed5d77e30211eb990c0c13145df3,78cee6501c10922e466c02f814c8627b,SO51416,742,BK-T18U-44,1,742,5b07cd2a9dfb9437a07ea3012d6efbb7
11550,679eed5d77e30211eb990c0c13145df3,78cee6501c10922e466c02f814c8627b,SO51416,105,HL-U509,3,105,5b07cd2a9dfb9437a07ea3012d6efbb7
11550,d1638c6e02871b5c4957d2fe848b551a,d3fa88b8a081356f91911e74ecf7e481,SO46862,4098,BK-M68B-46,2,4098,579ccf7535264274969f909add894a18
11551,41464bd548f06ca845208f69df30ac82,15aceb75d86814cb479f1b1a9487c3d4,SO53694,54,SJ-0194-L,1,54,3e48b2167bd86ef570e46d0b286c4f74
11552,40eee601514259a9632d510ca71226cc,8babade0595c11e14dd89058a850f2cd,SO74441,105,HL-U509-B,3,105,982b3b4109cce5d4e5bf1fcbe0ae259b
11553,7299e51cfc0d5174743a6701a8a96488,56d78836c9cf0de136c4d2d37aba2280,SO64761,21,TI-R092,1,21,58f0b42da53adeeccbfa693883fea672
11554,5abaefcc8525a8f4cfd95cba9e926532,fde67888c64f701b59876ec559099b3e,SO57663,105,HL-U509-R,3,105,73b2264d673ee7b5b2e7e165020516ac
11555,5abaefcc8525a8f4cfd95cba9e926532,fde67888c64f701b59876ec559099b3e,SO57661,105,HL-U509-B,3,105,73b2264d673ee7b5b2e7e165020516ac
11556,5cbbe853aa1a5a1370f9a614904c4b15,86e0fc464cbb08ae74bd039224afec9a,SO73606,21,TI-R092,1,21,47a161474962a6dcc03cfa64127a641f
11557,99b7e934795a93975a5e0c0b9b57d9ba,870bd4f3713260418e4f342f31dc7e33,SO63856,21,TI-R092,1,21,7a8e187aeb003f6e34c02a4d5b9b153e
11558,dcf73f840a50da0145f24e8e0169dc4b,2797a91b25bc2aa85124c99bc574dc83,SO72032,21,TI-R092,1,21,d5985f40495ba672dff8a99620b879c8
11559,0d3057f268050d468f468434f8ec809a,fd5ba6fdeb81e07b2caf0b103489bd8d,SO71978,105,HL-U509-B,3,105,921bc92a493b53f98f24e6a8a12801be
11560,545a3d56d20b22e09aa85bfa5ed8738d,31c99d724c1f182c60edb82eb4740277,SO72237,54,SJ-0194-M,1,54,a9cd7a99d71cca9cb644010050374ade
11561,79c5eb49b683e206aa6d5b40f84c60eb,9b657dcbee0478c7d9be871266f00f1f,SO47255,4098,BK-M68B-38,2,4098,f459baa887e18a3fb6af0118506f75a6
11561,b8d9d66529b0a1e91f6137abcdd065dd,6d44506d59926d8d13d35f75d97f2a64,SO54189,4590,BK-M68B-42,2,4590,90c6314650a0d54fdcabe5cd5406f9af
11562,eef21e68ecca703bb338920b950f203c,f108e0cd2f96a0c22086f9d45ee08f19,SO60924,105,HL-U509,3,105,b21e833d3ead6056f1265f13fe1ff015
11562,eef21e68ecca703bb338920b950f203c,f108e0cd2f96a0c22086f9d45ee08f19,SO60924,150,LJ-0192-S,3,150,b21e833d3ead6056f1265f13fe1ff015
11563,d53f9d33cac0a297449a74a10d031570,e0bcd0ff3072dfe15609d6be1529b0b8,SO61578,54,SJ-0194-L,1,54,4cc27df81afd686c0420394e090460cb
11564,4310d0d92131e34ff2716d85e1953174,90c6314650a0d54fdcabe5cd5406f9af,SO54590,4640,BK-M68S-38,2,4640,d3c54b4368c62c2ff11535bf2b677170
11564,ff865f6f4949cd6d631d069a4268d9aa,021a9f9ff27cc992988201b84cae392f,SO47231,4098,BK-M68B-46,2,4098,b5bd60d2c998267a6b6a11a2521b0b65
11565,6ef7b4bb93d4e54234cf965ed2334682,ccf89c691dabb1412404274596922d90,SO65994,105,HL-U509,3,105,93ddc10d6cf61153011df052aa76671f
11566,02b96ab6e0935145589be4e1408a1675,58f0b42da53adeeccbfa693883fea672,SO65367,105,HL-U509-R,3,105,b68fd63ca41d49bfc1b18251202c053f
11566,02b96ab6e0935145589be4e1408a1675,58f0b42da53adeeccbfa693883fea672,SO65367,5,TT-T092,1,5,b68fd63ca41d49bfc1b18251202c053f
11566,07b7d2aed13a63a16377587dcc0abbe8,02b96ab6e0935145589be4e1408a1675,SO66123,29,TI-T723,1,29,6866da5d40f1aad2d82129d5ffa25bda
11566,0df76889b3e31ccfd17b50cc73baef03,debbb2493c6588799fc787e1854bcda5,SO58806,5,TT-T092,1,5,6eaadc1181f307997dc853d9ed40db36
11566,15699e35c72c4036c71409f3f3d69528,f5933feadc49c253e4f0e77b236946e9,SO53041,2,PK-7098,1,2,deff8ad81a213d1110c1f409a7f40fcd
11566,15699e35c72c4036c71409f3f3d69528,f5933feadc49c253e4f0e77b236946e9,SO53041,29,TI-T723,1,29,deff8ad81a213d1110c1f409a7f40fcd
11566,15699e35c72c4036c71409f3f3d69528,f5933feadc49c253e4f0e77b236946e9,SO53041,5,TT-T092,1,5,deff8ad81a213d1110c1f409a7f40fcd
11566,17520f5649fab40fb66771362888cb90,1faee5670542865e021595151379fe5c,SO70631,21,TI-R092,1,21,3f72b837978dcd042b73e7270f11a4ca
11566,17520f5649fab40fb66771362888cb90,1faee5670542865e021595151379fe5c,SO70631,4,TT-R982,1,4,3f72b837978dcd042b73e7270f11a4ca
11566,226d694fb4b7f71d62444f9528be8704,714597fe9448176d17876617114a65bc,SO54010,21,TI-R092,1,21,9444f850ff0c10a862b4a6a9c4ab0a74
11566,3519c8eb4095dbc69d80eb61856d3435,6e5c4b769f8f70f9fd01b24ba5be9695,SO55587,2,PK-7098,1,2,d6ab5a0eee939524352092b964d92b84
11566,3519c8eb4095dbc69d80eb61856d3435,6e5c4b769f8f70f9fd01b24ba5be9695,SO55587,5,TT-T092,1,5,d6ab5a0eee939524352092b964d92b84
11566,3519c8eb4095dbc69d80eb61856d3435,6e5c4b769f8f70f9fd01b24ba5be9695,SO55588,105,HL-U509-R,3,105,d6ab5a0eee939524352092b964d92b84
11566,3519c8eb4095dbc69d80eb61856d3435,6e5c4b769f8f70f9fd01b24ba5be9695,SO55588,5,TT-T092,1,5,d6ab5a0eee939524352092b964d92b84
11566,361e2c62255e0c1887ac2139911ca300,20b5e9ce0f87defd975a322149ec8cc6,SO51909,150,LJ-0192-L,3,150,eedd9be5500334505ed9d4aef801ac3d
11566,361e2c62255e0c1887ac2139911ca300,20b5e9ce0f87defd975a322149ec8cc6,SO51909,5,TT-T092,1,5,eedd9be5500334505ed9d4aef801ac3d
11566,412998e77ee121227580e3d363f75fa2,df595e3c678d4fae23ce174fe747165e,SO59867,2,PK-7098,1,2,254d832c83ccdb2c33eab65a4fd196ff
11566,412998e77ee121227580e3d363f75fa2,df595e3c678d4fae23ce174fe747165e,SO59867,29,TI-T723,1,29,254d832c83ccdb2c33eab65a4fd196ff
11566,412998e77ee121227580e3d363f75fa2,df595e3c678d4fae23ce174fe747165e,SO59867,5,TT-T092,1,5,254d832c83ccdb2c33eab65a4fd196ff
11566,427ed6396fba4ed8ead9ec3229517d2b,3519c8eb4095dbc69d80eb61856d3435,SO56253,2,PK-7098,1,2,629ffff971d10f275a79a70fae527fbc
11566,427ed6396fba4ed8ead9ec3229517d2b,3519c8eb4095dbc69d80eb61856d3435,SO56253,5,TT-T092,1,5,629ffff971d10f275a79a70fae527fbc
11566,4555f65c4664801d78b9f5477f89d8fd,7ee641303ef8d8b10d0ed00a060c73cc,SO62504,27,CA-1098,3,27,94c60e0b5e2b0f78b919a5d4c67d70a2
11566,4555f65c4664801d78b9f5477f89d8fd,7ee641303ef8d8b10d0ed00a060c73cc,SO62504,4,TT-R982,1,4,94c60e0b5e2b0f78b919a5d4c67d70a2
11566,5072507e949a2c25948a591c4da194e1,a189cc17a15cdb4e39e80dfcd8374c76,SO59681,105,HL-U509-B,3,105,ad0b7f5ad35732646f1e5f67418d5995
11566,5072507e949a2c25948a591c4da194e1,a189cc17a15cdb4e39e80dfcd8374c76,SO59681,29,TI-T723,1,29,ad0b7f5ad35732646f1e5f67418d5995
11566,5072507e949a2c25948a591c4da194e1,a189cc17a15cdb4e39e80dfcd8374c76,SO59681,5,TT-T092,1,5,ad0b7f5ad35732646f1e5f67418d5995
11566,5efefff01843f5aa3f7d8a4d44b4bf2e,922d04aa1f67bbe0270bfad98508f43e,SO62557,105,HL-U509,3,105,db2f6a564b6f5f41253c68874b50962b
11566,5efefff01843f5aa3f7d8a4d44b4bf2e,922d04aa1f67bbe0270bfad98508f43e,SO62557,29,TI-T723,1,29,db2f6a564b6f5f41253c68874b50962b
11566,5efefff01843f5aa3f7d8a4d44b4bf2e,922d04aa1f67bbe0270bfad98508f43e,SO62557,5,TT-T092,1,5,db2f6a564b6f5f41253c68874b50962b
11566,70951886788165a5e2439adfce4d0cce,ca38f30e56a72f4d0c8d2264322c5862,SO68992,48,GL-H102-L,2,48,c885741a5e3e55c84950327011b70289
11566,70951886788165a5e2439adfce4d0cce,ca38f30e56a72f4d0c8d2264322c5862,SO68992,5,TT-T092,1,5,c885741a5e3e55c84950327011b70289
11566,88d8e3ff674b1514a19b24621707f0d9,ca5b8307fa5f2189fb98330a9d65927c,SO74463,2,PK-7098,1,2,df09a3a727ac0f29208c5ef3bf7625e6
11566,88d8e3ff674b1514a19b24621707f0d9,ca5b8307fa5f2189fb98330a9d65927c,SO74463,29,TI-T723,1,29,df09a3a727ac0f29208c5ef3bf7625e6
11566,88d8e3ff674b1514a19b24621707f0d9,ca5b8307fa5f2189fb98330a9d65927c,SO74463,5,TT-T092,1,5,df09a3a727ac0f29208c5ef3bf7625e6
11566,9b6872ca1d80024637e967d1066bba0a,4310d0d92131e34ff2716d85e1953174,SO55370,9,BC-R205,1,9,7b0730955172ecda497d7cca6b1d87a1
11566,9b6872ca1d80024637e967d1066bba0a,4310d0d92131e34ff2716d85e1953174,SO55370,5,WB-H098,1,5,7b0730955172ecda497d7cca6b1d87a1
11566,a6d37e298c3042e300813f55a17e0875,99b7e934795a93975a5e0c0b9b57d9ba,SO64645,27,CA-1098,3,27,b0241b451647f25db5f52074445d820c
11566,a6d37e298c3042e300813f55a17e0875,99b7e934795a93975a5e0c0b9b57d9ba,SO64645,105,HL-U509-R,3,105,b0241b451647f25db5f52074445d820c
11566,a6d37e298c3042e300813f55a17e0875,99b7e934795a93975a5e0c0b9b57d9ba,SO64645,150,LJ-0192-S,3,150,b0241b451647f25db5f52074445d820c
11566,a6d37e298c3042e300813f55a17e0875,99b7e934795a93975a5e0c0b9b57d9ba,SO64645,4,TT-R982,1,4,b0241b451647f25db5f52074445d820c
11566,b2ce0ef2540789e8a6976165b6c917d8,128ee9ff420de424a605a0ee4a6f7916,SO72387,21,TI-R092,1,21,dcf73f840a50da0145f24e8e0169dc4b
11566,b2ce0ef2540789e8a6976165b6c917d8,128ee9ff420de424a605a0ee4a6f7916,SO72387,4,TT-R982,1,4,dcf73f840a50da0145f24e8e0169dc4b
11566,d8a4ea0dc4237ee8690ee37b3902fd0e,0c8ff735cb2b05718573c08173335fd4,SO55171,2,PK-7098,1,2,fef3080ec197edd1a04bb18afd31d16d
11566,d8a4ea0dc4237ee8690ee37b3902fd0e,0c8ff735cb2b05718573c08173335fd4,SO55171,21,TI-R092,1,21,fef3080ec197edd1a04bb18afd31d16d
11566,d8a4ea0dc4237ee8690ee37b3902fd0e,0c8ff735cb2b05718573c08173335fd4,SO55171,4,TT-R982,1,4,fef3080ec197edd1a04bb18afd31d16d
11566,df595e3c678d4fae23ce174fe747165e,07b31bae17c7890b17d79a654aa230cf,SO58875,105,HL-U509-R,3,105,75fe8d7dec9d2a51be64595ab37dc674
11566,df595e3c678d4fae23ce174fe747165e,07b31bae17c7890b17d79a654aa230cf,SO58875,5,TT-T092,1,5,75fe8d7dec9d2a51be64595ab37dc674
11566,e5114f65ece65e14e7b721dab1e674e0,c7390752782466cfc9a3ed7d3a79e046,SO68711,27,CA-1098,3,27,fe1fd19c021e78ec395980c2e347865e
11566,e5114f65ece65e14e7b721dab1e674e0,c7390752782466cfc9a3ed7d3a79e046,SO68711,105,HL-U509,3,105,fe1fd19c021e78ec395980c2e347865e
11566,e5114f65ece65e14e7b721dab1e674e0,c7390752782466cfc9a3ed7d3a79e046,SO68711,5,TT-T092,1,5,fe1fd19c021e78ec395980c2e347865e
11566,f799d104dd23bb828dcdaaefc4d25b61,ca510b577b53d588f80b4fc76030ea52,SO52309,2,PK-7098,1,2,cfceb7490eff6e660974507be7c579c6
11566,f799d104dd23bb828dcdaaefc4d25b61,ca510b577b53d588f80b4fc76030ea52,SO52309,159,ST-1401,1,159,cfceb7490eff6e660974507be7c579c6
11566,f799d104dd23bb828dcdaaefc4d25b61,ca510b577b53d588f80b4fc76030ea52,SO52309,29,TI-T723,1,29,cfceb7490eff6e660974507be7c579c6
11566,f799d104dd23bb828dcdaaefc4d25b61,ca510b577b53d588f80b4fc76030ea52,SO52309,5,TT-T092,1,5,cfceb7490eff6e660974507be7c579c6
11566,fee8e08233f3f00450bce31967abb0f1,331afa0aff1b1cfbf3d24944ab38c9d2,SO70555,27,CA-1098,3,27,86bfb8ffc7a79e52d833cedce4d275bf
11566,fee8e08233f3f00450bce31967abb0f1,331afa0aff1b1cfbf3d24944ab38c9d2,SO70555,21,TI-R092,1,21,86bfb8ffc7a79e52d833cedce4d275bf
11566,fff3c307c93eda1eb91d53ca588846fe,4584ca349e0920f4436a3c2f36158b85,SO69357,2,PK-7098,1,2,70951886788165a5e2439adfce4d0cce
11566,fff3c307c93eda1eb91d53ca588846fe,4584ca349e0920f4436a3c2f36158b85,SO69357,5,TT-T092,1,5,70951886788165a5e2439adfce4d0cce
11567,6d338b8c41c717c4336ad0084a80dca4,9223b53f03a405f817e91392f0294f6a,SO54453,54,SJ-0194-S,1,54,40e7dd73b09eac540e790daf6fac41af
11568,4004a117f65dfd3221a9cce8fce5a45f,6ef7b4bb93d4e54234cf965ed2334682,SO66742,9,BC-R205,1,9,0120f4004ede1143c3be6caa4227affe
11568,4004a117f65dfd3221a9cce8fce5a45f,6ef7b4bb93d4e54234cf965ed2334682,SO66742,2384,BK-T79U-54,1,2384,0120f4004ede1143c3be6caa4227affe
11568,4004a117f65dfd3221a9cce8fce5a45f,6ef7b4bb93d4e54234cf965ed2334682,SO66742,5,WB-H098,1,5,0120f4004ede1143c3be6caa4227affe
11568,9444f850ff0c10a862b4a6a9c4ab0a74,3143ce3c6436ed5bd25398756b7b661d,SO53721,4640,BK-M68S-38,2,4640,76e3c19dbb0dadc4c6dc771d856e4676
11568,c75ebcb138485ff2faa2ca7c6dda6bf5,ebce0865da088132946764a3527b5a4e,SO46777,4142,BK-M68S-46,2,4142,72171e6e7eab0887133ec8422525979d
11569,8f472ffe3ff3109f420ae91355ff8f3f,e0cd1349b4c6e1b5f14ed427e358c2d0,SO71181,105,HL-U509,3,105,8fa3bab223bec6501ad71f96bb1067b6
11570,34fbf2f6480a253f5b18c3295860e4ca,4b07ddfa8857087c363c1402c6fbcaa1,SO47634,4142,BK-M68S-46,2,4142,feac3e52d8032301cde96120a3dfe0d4
11570,9c56075241a26f6fa77eb86b15411c6e,9444f850ff0c10a862b4a6a9c4ab0a74,SO54376,4640,BK-M68S-42,2,4640,ab2e81a99745ffff6c06e2be93290d1b
11571,4b32c1f268b5edfc6d7f486137468b29,5f8b10fd69342734dd36c905a170cf51,SO50920,4142,BK-M68S-46,2,4142,67c3c5a7bf20d113d8d96abf6cb5e85c
11571,5a06908cc28b799b04fc1c47664462e6,da9c4ba6c9a1ae8725389bfd38b5763a,SO54724,4590,BK-M68B-42,2,4590,6d338b8c41c717c4336ad0084a80dca4
11571,5a06908cc28b799b04fc1c47664462e6,da9c4ba6c9a1ae8725389bfd38b5763a,SO54724,22,FE-6654,1,22,6d338b8c41c717c4336ad0084a80dca4
11571,5a06908cc28b799b04fc1c47664462e6,da9c4ba6c9a1ae8725389bfd38b5763a,SO54724,2,PK-7098,1,2,6d338b8c41c717c4336ad0084a80dca4
11572,a0ab7eafc534bc4a8a48cd6e1cfc4d24,7dc1c03103798a474aa763047623df54,SO50889,4142,BK-M68S-38,2,4142,5118f4d1a94c19a06818ba12904e26f0
11572,da9c4ba6c9a1ae8725389bfd38b5763a,3e48b2167bd86ef570e46d0b286c4f74,SO54040,10,BC-M005,1,10,9223b53f03a405f817e91392f0294f6a
11572,da9c4ba6c9a1ae8725389bfd38b5763a,3e48b2167bd86ef570e46d0b286c4f74,SO54040,4640,BK-M68S-42,2,4640,9223b53f03a405f817e91392f0294f6a
11572,da9c4ba6c9a1ae8725389bfd38b5763a,3e48b2167bd86ef570e46d0b286c4f74,SO54040,27,CA-1098,3,27,9223b53f03a405f817e91392f0294f6a
11572,da9c4ba6c9a1ae8725389bfd38b5763a,3e48b2167bd86ef570e46d0b286c4f74,SO54040,105,HL-U509-R,3,105,9223b53f03a405f817e91392f0294f6a
11572,da9c4ba6c9a1ae8725389bfd38b5763a,3e48b2167bd86ef570e46d0b286c4f74,SO54040,5,WB-H098,1,5,9223b53f03a405f817e91392f0294f6a
11573,870bd4f3713260418e4f342f31dc7e33,94c60e0b5e2b0f78b919a5d4c67d70a2,SO62921,105,HL-U509-R,3,105,2fe1a028f9398deb2efcd536c8246fae
11574,6d338b8c41c717c4336ad0084a80dca4,9223b53f03a405f817e91392f0294f6a,SO54467,105,HL-U509,3,105,40e7dd73b09eac540e790daf6fac41af
11575,4310d0d92131e34ff2716d85e1953174,90c6314650a0d54fdcabe5cd5406f9af,SO54589,4590,BK-M68B-38,2,4590,d3c54b4368c62c2ff11535bf2b677170
11575,c507827aa5f4f6bbedf64058461c621b,6d1d8a1c7851eb5a946d45009cea6d9f,SO66483,2384,BK-T79U-46,1,2384,dfcee565bb2da80a7b76451a5cd314a1
11575,c507827aa5f4f6bbedf64058461c621b,6d1d8a1c7851eb5a946d45009cea6d9f,SO66483,27,CA-1098,3,27,dfcee565bb2da80a7b76451a5cd314a1
11575,c507827aa5f4f6bbedf64058461c621b,6d1d8a1c7851eb5a946d45009cea6d9f,SO66483,105,HL-U509-B,3,105,dfcee565bb2da80a7b76451a5cd314a1
11575,c507827aa5f4f6bbedf64058461c621b,6d1d8a1c7851eb5a946d45009cea6d9f,SO66483,29,TI-T723,1,29,dfcee565bb2da80a7b76451a5cd314a1
11575,c507827aa5f4f6bbedf64058461c621b,6d1d8a1c7851eb5a946d45009cea6d9f,SO66483,5,TT-T092,1,5,dfcee565bb2da80a7b76451a5cd314a1
11575,d1638c6e02871b5c4957d2fe848b551a,d3fa88b8a081356f91911e74ecf7e481,SO46863,4098,BK-M68B-46,2,4098,579ccf7535264274969f909add894a18
11576,254f2678aa3e07c5a9451a18e28f2624,c164277d605c0bcbcd6b5749ac477b26,SO50950,4142,BK-M68S-42,2,4142,460e666a19398f97709b4a361d97ed76
11576,fef3080ec197edd1a04bb18afd31d16d,b8d9d66529b0a1e91f6137abcdd065dd,SO54882,4590,BK-M68B-38,2,4590,4310d0d92131e34ff2716d85e1953174
11576,fef3080ec197edd1a04bb18afd31d16d,b8d9d66529b0a1e91f6137abcdd065dd,SO54882,120,RA-H123,1,120,4310d0d92131e34ff2716d85e1953174
11577,9cdb18f37bdd2084cec3f36c200212be,a0ab7eafc534bc4a8a48cd6e1cfc4d24,SO51013,4098,BK-M68B-38,2,4098,c96b659647361342a1bb035614c242b1
11577,dba3e44e23a1d2c2f299811e94db7fce,51c449e55b4a63a16fb45beb689150d5,SO54253,4590,BK-M68B-38,2,4590,226d694fb4b7f71d62444f9528be8704
11578,dba3e44e23a1d2c2f299811e94db7fce,51c449e55b4a63a16fb45beb689150d5,SO54251,10,BC-M005,1,10,226d694fb4b7f71d62444f9528be8704
11578,dba3e44e23a1d2c2f299811e94db7fce,51c449e55b4a63a16fb45beb689150d5,SO54251,4640,BK-M68S-42,2,4640,226d694fb4b7f71d62444f9528be8704
11578,dba3e44e23a1d2c2f299811e94db7fce,51c449e55b4a63a16fb45beb689150d5,SO54251,5,WB-H098,1,5,226d694fb4b7f71d62444f9528be8704
11578,f51bd0753a33f206ae6eb82577c92f80,060e60684e6fb7ae3c79db1e8c889417,SO50778,4142,BK-M68S-46,2,4142,f7b0a9ecc2f6023330b7a948b9e76688
11579,81a5d08c6beaeec9e42baae5d63dd780,95103530881768b5cfc7e33970db9cd7,SO63334,27,CA-1098,3,27,b210069485754303767745919c328b97
11579,81a5d08c6beaeec9e42baae5d63dd780,95103530881768b5cfc7e33970db9cd7,SO63334,105,HL-U509-R,3,105,b210069485754303767745919c328b97
11580,089c2a426c196c5ca5facb20896c90bb,bc761b2b7297029a695fbd6dd0470724,SO56311,105,HL-U509-B,3,105,55f9f4cb5784581a517e59904e0d5e2f
11581,0c8ff735cb2b05718573c08173335fd4,1685ca8ff12ea83725a1c35e1d89c5cd,SO54503,2,PK-7098,1,2,b8d9d66529b0a1e91f6137abcdd065dd
11581,0c8ff735cb2b05718573c08173335fd4,1685ca8ff12ea83725a1c35e1d89c5cd,SO54503,4,TT-R982,1,4,b8d9d66529b0a1e91f6137abcdd065dd
11581,5691ac18f59a9af20f9d8703772afbba,d8a4ea0dc4237ee8690ee37b3902fd0e,SO55951,54,SJ-0194-X,1,54,bc761b2b7297029a695fbd6dd0470724
11581,58c4ce5b9433e7b6d41793d5a76d5590,1556bafff387fc8f2f6fef64c1daa6bc,SO71306,105,HL-U509-B,3,105,fd5ba6fdeb81e07b2caf0b103489bd8d
11581,58c4ce5b9433e7b6d41793d5a76d5590,1556bafff387fc8f2f6fef64c1daa6bc,SO71306,30,TI-M602,1,30,fd5ba6fdeb81e07b2caf0b103489bd8d
11581,58c4ce5b9433e7b6d41793d5a76d5590,1556bafff387fc8f2f6fef64c1daa6bc,SO71306,5,TT-M928,1,5,fd5ba6fdeb81e07b2caf0b103489bd8d
11581,922d04aa1f67bbe0270bfad98508f43e,0383d48e76cd8a3dfb9e2a890f2cac18,SO61825,27,CA-1098,3,27,76918877cf6ce7011018cd9708723392
11581,922d04aa1f67bbe0270bfad98508f43e,0383d48e76cd8a3dfb9e2a890f2cac18,SO61825,54,SJ-0194-X,1,54,76918877cf6ce7011018cd9708723392
11581,922d04aa1f67bbe0270bfad98508f43e,0383d48e76cd8a3dfb9e2a890f2cac18,SO61825,5,WB-H098,1,5,76918877cf6ce7011018cd9708723392
11581,d6ec5bff1a0809822c740ce35792fa7a,db2b287636ac5ebda430de4f3f643b24,SO52605,105,HL-U509,3,105,6be9692276a308e4b872323af1ad8fe2
11581,d6ec5bff1a0809822c740ce35792fa7a,db2b287636ac5ebda430de4f3f643b24,SO52605,4,TT-R982,1,4,6be9692276a308e4b872323af1ad8fe2
11582,67c3c5a7bf20d113d8d96abf6cb5e85c,c93cdb5d286db70864b70951bb6b1219,SO50865,4098,BK-M68B-46,2,4098,ddc7146176eec240951e44da05d5f12b
11582,fef3080ec197edd1a04bb18afd31d16d,b8d9d66529b0a1e91f6137abcdd065dd,SO54881,4590,BK-M68B-42,2,4590,4310d0d92131e34ff2716d85e1953174
11582,fef3080ec197edd1a04bb18afd31d16d,b8d9d66529b0a1e91f6137abcdd065dd,SO54881,105,HL-U509,3,105,4310d0d92131e34ff2716d85e1953174
11583,39fe373cdcb4534addde73890415b660,41fc4cb27e0ee552c4c9247e1a476cc5,SO55868,10,BC-M005,1,10,3519c8eb4095dbc69d80eb61856d3435
11583,39fe373cdcb4534addde73890415b660,41fc4cb27e0ee552c4c9247e1a476cc5,SO55868,4590,BK-M68B-38,2,4590,3519c8eb4095dbc69d80eb61856d3435
11583,39fe373cdcb4534addde73890415b660,41fc4cb27e0ee552c4c9247e1a476cc5,SO55868,5,WB-H098,1,5,3519c8eb4095dbc69d80eb61856d3435
11583,9cdb18f37bdd2084cec3f36c200212be,a0ab7eafc534bc4a8a48cd6e1cfc4d24,SO51014,4142,BK-M68S-38,2,4142,c96b659647361342a1bb035614c242b1
11584,c507827aa5f4f6bbedf64058461c621b,6d1d8a1c7851eb5a946d45009cea6d9f,SO66474,27,CA-1098,3,27,dfcee565bb2da80a7b76451a5cd314a1
11585,722dc621a1a56555843f574144bfcdf0,d27974ca95fd620ac92cf95bf8c1d1f2,SO74551,150,LJ-0192-M,3,150,d612b5fb3f6011688fb0c9927693365a
11586,fff3c307c93eda1eb91d53ca588846fe,4584ca349e0920f4436a3c2f36158b85,SO69362,27,CA-1098,3,27,70951886788165a5e2439adfce4d0cce
11587,5691ac18f59a9af20f9d8703772afbba,d8a4ea0dc4237ee8690ee37b3902fd0e,SO55924,4590,BK-M68B-46,2,4590,bc761b2b7297029a695fbd6dd0470724
11587,5691ac18f59a9af20f9d8703772afbba,d8a4ea0dc4237ee8690ee37b3902fd0e,SO55924,2,PK-7098,1,2,bc761b2b7297029a695fbd6dd0470724
11587,5691ac18f59a9af20f9d8703772afbba,d8a4ea0dc4237ee8690ee37b3902fd0e,SO55924,159,ST-1401,1,159,bc761b2b7297029a695fbd6dd0470724
11587,5691ac18f59a9af20f9d8703772afbba,d8a4ea0dc4237ee8690ee37b3902fd0e,SO55924,35,TI-M823,1,35,bc761b2b7297029a695fbd6dd0470724
11587,f51bd0753a33f206ae6eb82577c92f80,060e60684e6fb7ae3c79db1e8c889417,SO50782,4098,BK-M68B-42,2,4098,f7b0a9ecc2f6023330b7a948b9e76688
11588,ef5bad66aa19ccfb82cacb73584b83ea,0e23f371129aecc6b2033620b226f8d7,SO57847,4640,BK-M68S-38,2,4640,485ae69515bc4c60ef546ff289741f60
11588,f51bd0753a33f206ae6eb82577c92f80,060e60684e6fb7ae3c79db1e8c889417,SO50783,4098,BK-M68B-38,2,4098,f7b0a9ecc2f6023330b7a948b9e76688
11589,7254e54716fe52361e62aa16ea2e0797,6eaadc1181f307997dc853d9ed40db36,SO59449,10,BC-M005,1,10,e7df1b3ee078bdcfc260a877f321287d
11589,7254e54716fe52361e62aa16ea2e0797,6eaadc1181f307997dc853d9ed40db36,SO59449,5,WB-H098,1,5,e7df1b3ee078bdcfc260a877f321287d
11590,6eaadc1181f307997dc853d9ed40db36,0814775cfc25da756a9b4197347ab771,SO58474,10,BC-M005,1,10,4dbf892d41ae205f6e36838031cff786
11590,6eaadc1181f307997dc853d9ed40db36,0814775cfc25da756a9b4197347ab771,SO58474,4640,BK-M68S-46,2,4640,4dbf892d41ae205f6e36838031cff786
11590,6eaadc1181f307997dc853d9ed40db36,0814775cfc25da756a9b4197347ab771,SO58474,5,WB-H098,1,5,4dbf892d41ae205f6e36838031cff786
11590,bcecb4362a7ad5f479ac9c9c0f6761bb,c8f4a6002944b338d50dcc7eb3b056c8,SO50800,4098,BK-M68B-46,2,4098,1022f3e1145b30057972239301ce3382
11591,6eaadc1181f307997dc853d9ed40db36,0814775cfc25da756a9b4197347ab771,SO58472,4590,BK-M68B-46,2,4590,4dbf892d41ae205f6e36838031cff786
11591,6eaadc1181f307997dc853d9ed40db36,0814775cfc25da756a9b4197347ab771,SO58472,22,FE-6654,1,22,4dbf892d41ae205f6e36838031cff786
11591,c694f825bbbc9515aa53a3169d7ebce9,1d0cd3f4d344a14526f6b36b1240748e,SO43750,3578,BK-R93R-44,1,3578,688f3e8d70a208f2fa540fbe4a53979e
11592,c694f825bbbc9515aa53a3169d7ebce9,1d0cd3f4d344a14526f6b36b1240748e,SO43751,3578,BK-R93R-52,1,3578,688f3e8d70a208f2fa540fbe4a53979e
11592,ef5bad66aa19ccfb82cacb73584b83ea,0e23f371129aecc6b2033620b226f8d7,SO57845,4590,BK-M68B-42,2,4590,485ae69515bc4c60ef546ff289741f60
11592,ef5bad66aa19ccfb82cacb73584b83ea,0e23f371129aecc6b2033620b226f8d7,SO57845,2,PK-7098,1,2,485ae69515bc4c60ef546ff289741f60
11593,348f48807f500aeac729fb17d9bc97f1,5072507e949a2c25948a591c4da194e1,SO60454,10,BC-M005,1,10,f108e0cd2f96a0c22086f9d45ee08f19
11593,348f48807f500aeac729fb17d9bc97f1,5072507e949a2c25948a591c4da194e1,SO60454,4640,BK-M68S-42,2,4640,f108e0cd2f96a0c22086f9d45ee08f19
11593,b6bbe024fcbfd670a10e8dec3cd187f9,5fe5d9c2e4271c97cde82ca667158d56,SO43802,3578,BK-R93R-48,1,3578,d8b441941a26e6828acf8cdaf0d6084e
11594,58f0b42da53adeeccbfa693883fea672,8c9ec1be720ee75d56d0c250d10610fa,SO64420,105,HL-U509-B,3,105,d4746e41b619da57ee9f1a2e2cc254e8
11594,58f0b42da53adeeccbfa693883fea672,8c9ec1be720ee75d56d0c250d10610fa,SO64420,54,SJ-0194-X,1,54,d4746e41b619da57ee9f1a2e2cc254e8
11595,e4b40b4ba619c72ec5a69caad258d393,b0950d12c62d3aeda81b2e8d06f2aef4,SO74218,105,HL-U509-B,3,105,8babade0595c11e14dd89058a850f2cd
11596,702a02712215141594ddf8e52b0a651c,cd15e5f80ff20dd345bfaa51400dd0d6,SO67541,10,BC-M005,1,10,caa707f97407c07371136aaf471a91d4
11596,702a02712215141594ddf8e52b0a651c,cd15e5f80ff20dd345bfaa51400dd0d6,SO67541,105,HL-U509-R,3,105,caa707f97407c07371136aaf471a91d4
11596,702a02712215141594ddf8e52b0a651c,cd15e5f80ff20dd345bfaa51400dd0d6,SO67541,5,WB-H098,1,5,caa707f97407c07371136aaf471a91d4
11597,d612b5fb3f6011688fb0c9927693365a,3e107cd1554225ea3056ed5010adce90,SO74415,105,HL-U509-B,3,105,a1e59736d286765313b8212467dc64b2
11598,09a92962b3b77384fb4671e2a6803a84,e61ec60837c3a7c01e31ad9b2d857e99,SO47528,4142,BK-M68S-38,2,4142,b243d2d1c866ff70a41839ea58d11fdb
11598,3c4bf68562424c26986beae6ce13704a,dba3e44e23a1d2c2f299811e94db7fce,SO54941,4640,BK-M68S-38,2,4640,1f50dad3f1493a5cf408c4eb3987479e
11598,3c4bf68562424c26986beae6ce13704a,dba3e44e23a1d2c2f299811e94db7fce,SO54941,2,PK-7098,1,2,1f50dad3f1493a5cf408c4eb3987479e
11598,3c4bf68562424c26986beae6ce13704a,dba3e44e23a1d2c2f299811e94db7fce,SO54941,120,RA-H123,1,120,1f50dad3f1493a5cf408c4eb3987479e
11598,3c4bf68562424c26986beae6ce13704a,dba3e44e23a1d2c2f299811e94db7fce,SO54941,35,TI-M823,1,35,1f50dad3f1493a5cf408c4eb3987479e
11599,ce08c22f7777768ce4197eab9727516c,4a800301260b2639fa1ec3efafb5f86c,SO59984,10,BC-M005,1,10,5072507e949a2c25948a591c4da194e1
11599,ce08c22f7777768ce4197eab9727516c,4a800301260b2639fa1ec3efafb5f86c,SO59984,4640,BK-M68S-38,2,4640,5072507e949a2c25948a591c4da194e1
11599,ce08c22f7777768ce4197eab9727516c,4a800301260b2639fa1ec3efafb5f86c,SO59984,27,CA-1098,3,27,5072507e949a2c25948a591c4da194e1
11599,ce08c22f7777768ce4197eab9727516c,4a800301260b2639fa1ec3efafb5f86c,SO59984,105,HL-U509,3,105,5072507e949a2c25948a591c4da194e1
11599,ce08c22f7777768ce4197eab9727516c,4a800301260b2639fa1ec3efafb5f86c,SO59984,5,WB-H098,1,5,5072507e949a2c25948a591c4da194e1
11599,e1177aa92fd6f143803910e5ee60d40a,688f3e8d70a208f2fa540fbe4a53979e,SO43780,3578,BK-R93R-44,1,3578,fdf68f0ae4edf12f9c0572d684f6fb6b
11600,de22d232bbe84481579f6252f1e7091d,cae5717327bee7d74e261c550aa5081f,SO57573,105,HL-U509,3,105,ab4946738415af86b5e3cee69b13301f
11601,5072507e949a2c25948a591c4da194e1,a189cc17a15cdb4e39e80dfcd8374c76,SO59648,10,BC-M005,1,10,ad0b7f5ad35732646f1e5f67418d5995
11601,5072507e949a2c25948a591c4da194e1,a189cc17a15cdb4e39e80dfcd8374c76,SO59648,4590,BK-M68B-42,2,4590,ad0b7f5ad35732646f1e5f67418d5995
11601,5072507e949a2c25948a591c4da194e1,a189cc17a15cdb4e39e80dfcd8374c76,SO59648,27,CA-1098,3,27,ad0b7f5ad35732646f1e5f67418d5995
11601,5072507e949a2c25948a591c4da194e1,a189cc17a15cdb4e39e80dfcd8374c76,SO59648,105,HL-U509-B,3,105,ad0b7f5ad35732646f1e5f67418d5995
11601,5072507e949a2c25948a591c4da194e1,a189cc17a15cdb4e39e80dfcd8374c76,SO59648,5,WB-H098,1,5,ad0b7f5ad35732646f1e5f67418d5995
11601,74f564dd4fda69d37ab2cd85932679fc,8f50e1ce468e1998aca6615f10c9f044,SO43785,3578,BK-R93R-44,1,3578,9effb9136439084df69d3197f50eb040
11602,9913e55755fcc4267a06c1e6adbbc7fb,4a70a3ec50fd16032883bf6fc79c55dd,SO61900,105,HL-U509-B,3,105,d53f9d33cac0a297449a74a10d031570
11603,4310d0d92131e34ff2716d85e1953174,90c6314650a0d54fdcabe5cd5406f9af,SO54603,4640,BK-M68S-46,2,4640,d3c54b4368c62c2ff11535bf2b677170
11603,b34050290c25b0f7b52a2b8f767df87d,caa707f97407c07371136aaf471a91d4,SO68028,9,BC-R205,1,9,36ab6f1df21f3c9a169c8942e981959a
11603,b34050290c25b0f7b52a2b8f767df87d,caa707f97407c07371136aaf471a91d4,SO68028,2384,BK-T79U-54,1,2384,36ab6f1df21f3c9a169c8942e981959a
11603,b34050290c25b0f7b52a2b8f767df87d,caa707f97407c07371136aaf471a91d4,SO68028,5,WB-H098,1,5,36ab6f1df21f3c9a169c8942e981959a
11603,c6dec085564ebca8c2e300f077425d2f,fd2d4f3c923f907724bbdb60a26a944e,SO46845,4098,BK-M68B-38,2,4098,1786ecaa04cd18d45fa6519a0c4a5c4a
11604,4584ca349e0920f4436a3c2f36158b85,6e32728b966bb91cefefa1316da21ca8,SO68513,9,BC-R205,1,9,ca38f30e56a72f4d0c8d2264322c5862
11604,4584ca349e0920f4436a3c2f36158b85,6e32728b966bb91cefefa1316da21ca8,SO68513,2384,BK-T79U-54,1,2384,ca38f30e56a72f4d0c8d2264322c5862
11604,bea2034ab47ba6f72c2dea803bbc3328,2f6f8a5ec1c6c4b60d2ceb4eb5ad9c78,SO46719,4098,BK-M68B-46,2,4098,ebce0865da088132946764a3527b5a4e
11604,dba3e44e23a1d2c2f299811e94db7fce,51c449e55b4a63a16fb45beb689150d5,SO54267,10,BC-M005,1,10,226d694fb4b7f71d62444f9528be8704
11604,dba3e44e23a1d2c2f299811e94db7fce,51c449e55b4a63a16fb45beb689150d5,SO54267,4640,BK-M68S-46,2,4640,226d694fb4b7f71d62444f9528be8704
11604,dba3e44e23a1d2c2f299811e94db7fce,51c449e55b4a63a16fb45beb689150d5,SO54267,27,CA-1098,3,27,226d694fb4b7f71d62444f9528be8704
11604,dba3e44e23a1d2c2f299811e94db7fce,51c449e55b4a63a16fb45beb689150d5,SO54267,5,WB-H098,1,5,226d694fb4b7f71d62444f9528be8704
11605,0810498037ca8f9a53af3803ab6317c8,ad9d849aa74e54742c555c19900c6f1e,SO47504,4098,BK-M68B-42,2,4098,239346f094c2e076937f49d33eb884e9
11605,51c449e55b4a63a16fb45beb689150d5,18bea060239713ee5f865109f63f3a8a,SO53628,4590,BK-M68B-38,2,4590,714597fe9448176d17876617114a65bc
11606,4a70a3ec50fd16032883bf6fc79c55dd,4804ee33768b143d9706052696f7dfbd,SO61036,10,BC-M005,1,10,e0bcd0ff3072dfe15609d6be1529b0b8
11606,4a70a3ec50fd16032883bf6fc79c55dd,4804ee33768b143d9706052696f7dfbd,SO61036,4640,BK-M68S-38,2,4640,e0bcd0ff3072dfe15609d6be1529b0b8
11606,4a70a3ec50fd16032883bf6fc79c55dd,4804ee33768b143d9706052696f7dfbd,SO61036,27,CA-1098,3,27,e0bcd0ff3072dfe15609d6be1529b0b8
11606,4a70a3ec50fd16032883bf6fc79c55dd,4804ee33768b143d9706052696f7dfbd,SO61036,5,WB-H098,1,5,e0bcd0ff3072dfe15609d6be1529b0b8
11606,8bb6e395a61f435871f799e706173295,121689451d0e65a4fc6c180cbe0d452f,SO43738,3578,BK-R93R-48,1,3578,14353ec5f8684711ecb09fb3893b126c
11607,412998e77ee121227580e3d363f75fa2,df595e3c678d4fae23ce174fe747165e,SO59832,10,BC-M005,1,10,254d832c83ccdb2c33eab65a4fd196ff
11607,412998e77ee121227580e3d363f75fa2,df595e3c678d4fae23ce174fe747165e,SO59832,4640,BK-M68S-42,2,4640,254d832c83ccdb2c33eab65a4fd196ff
11607,412998e77ee121227580e3d363f75fa2,df595e3c678d4fae23ce174fe747165e,SO59832,5,WB-H098,1,5,254d832c83ccdb2c33eab65a4fd196ff
11607,74f564dd4fda69d37ab2cd85932679fc,8f50e1ce468e1998aca6615f10c9f044,SO43786,3578,BK-R93R-44,1,3578,9effb9136439084df69d3197f50eb040
11608,a048b8d5f3f9178f163e2be055f0138b,c83e871e48c2716e0f28e60d166a5c98,SO73001,105,HL-U509,3,105,41ef6b06b63ba4f6a5234245a439b157
11609,128ee9ff420de424a605a0ee4a6f7916,fee8e08233f3f00450bce31967abb0f1,SO71413,2384,BK-T79Y-54,1,2384,2797a91b25bc2aa85124c99bc574dc83
11609,128ee9ff420de424a605a0ee4a6f7916,fee8e08233f3f00450bce31967abb0f1,SO71413,105,HL-U509-B,3,105,2797a91b25bc2aa85124c99bc574dc83
11609,128ee9ff420de424a605a0ee4a6f7916,fee8e08233f3f00450bce31967abb0f1,SO71413,29,TI-T723,1,29,2797a91b25bc2aa85124c99bc574dc83
11609,128ee9ff420de424a605a0ee4a6f7916,fee8e08233f3f00450bce31967abb0f1,SO71413,5,TT-T092,1,5,2797a91b25bc2aa85124c99bc574dc83
11609,1f50dad3f1493a5cf408c4eb3987479e,226d694fb4b7f71d62444f9528be8704,SO54673,4590,BK-M68B-42,2,4590,9c56075241a26f6fa77eb86b15411c6e
11609,1f50dad3f1493a5cf408c4eb3987479e,226d694fb4b7f71d62444f9528be8704,SO54673,105,HL-U509-R,3,105,9c56075241a26f6fa77eb86b15411c6e
11609,1f50dad3f1493a5cf408c4eb3987479e,226d694fb4b7f71d62444f9528be8704,SO54673,35,TI-M823,1,35,9c56075241a26f6fa77eb86b15411c6e
11609,1f50dad3f1493a5cf408c4eb3987479e,226d694fb4b7f71d62444f9528be8704,SO54673,5,TT-M928,1,5,9c56075241a26f6fa77eb86b15411c6e
11609,7f9d156e18f1be5abef55a22081e71ce,7dcc4d0bd00b29e904618bdf6adc66e9,SO46920,4098,BK-M68B-46,2,4098,65b64297f0421f6e057524afb222b411
11610,629ffff971d10f275a79a70fae527fbc,d6ab5a0eee939524352092b964d92b84,SO55970,4590,BK-M68B-42,2,4590,3c1811b546060d91957cc446aabc4a3c
11610,629ffff971d10f275a79a70fae527fbc,d6ab5a0eee939524352092b964d92b84,SO55970,22,FE-6654,1,22,3c1811b546060d91957cc446aabc4a3c
11610,c75ebcb138485ff2faa2ca7c6dda6bf5,ebce0865da088132946764a3527b5a4e,SO46778,4142,BK-M68S-38,2,4142,72171e6e7eab0887133ec8422525979d
11610,ec24e4cf9fcc90f3bbe81b2fb3735c21,c4369eefdf9bb8a3f9115e96b40aaf17,SO69844,9,BC-R205,1,9,f06fd077b6afc2d69af6e1e548da266d
11610,ec24e4cf9fcc90f3bbe81b2fb3735c21,c4369eefdf9bb8a3f9115e96b40aaf17,SO69844,2384,BK-T79U-46,1,2384,f06fd077b6afc2d69af6e1e548da266d
11610,ec24e4cf9fcc90f3bbe81b2fb3735c21,c4369eefdf9bb8a3f9115e96b40aaf17,SO69844,5,WB-H098,1,5,f06fd077b6afc2d69af6e1e548da266d
11611,4ddc8821c34bceaf3dba4a18741acca3,af1457846a79173ef71dd9d5dd69805a,SO61093,4590,BK-M68B-42,2,4590,2d6e054ac82934d489c58cc8399a1628
11611,87553261d36dba5a0bbb0f1d4027c7b7,c694f825bbbc9515aa53a3169d7ebce9,SO43807,3578,BK-R93R-48,1,3578,e1177aa92fd6f143803910e5ee60d40a
11612,2797a91b25bc2aa85124c99bc574dc83,86bfb8ffc7a79e52d833cedce4d275bf,SO71071,2384,BK-T79Y-54,1,2384,a9adf65abbb865184bf924d14a93d0c4
11612,2797a91b25bc2aa85124c99bc574dc83,86bfb8ffc7a79e52d833cedce4d275bf,SO71071,105,HL-U509-R,3,105,a9adf65abbb865184bf924d14a93d0c4
11612,3e5c252ff13111aa6a12067ee19d69e6,b9836987c405fca6133a2969f25c7398,SO47100,4098,BK-M68B-42,2,4098,7f9d156e18f1be5abef55a22081e71ce
11612,b988e88fd94a3b47434beeb650cff880,3c1811b546060d91957cc446aabc4a3c,SO56336,10,BC-M005,1,10,18025e6a8791d350428f65c0783ebd99
11612,b988e88fd94a3b47434beeb650cff880,3c1811b546060d91957cc446aabc4a3c,SO56336,4590,BK-M68B-38,2,4590,18025e6a8791d350428f65c0783ebd99
11612,b988e88fd94a3b47434beeb650cff880,3c1811b546060d91957cc446aabc4a3c,SO56336,22,FE-6654,1,22,18025e6a8791d350428f65c0783ebd99
11613,07f0f4d1950116643ea4a45db1bc7999,7cfccbeb91431429b23b0e41a99488f0,SO48170,4142,BK-M68S-42,2,4142,efeeb9aa018e1010ee17c973765ea138
11613,cae5717327bee7d74e261c550aa5081f,18025e6a8791d350428f65c0783ebd99,SO56693,10,BC-M005,1,10,ed268f8f3837888893f896b7240f1254
11613,cae5717327bee7d74e261c550aa5081f,18025e6a8791d350428f65c0783ebd99,SO56693,4590,BK-M68B-46,2,4590,ed268f8f3837888893f896b7240f1254
11613,cae5717327bee7d74e261c550aa5081f,18025e6a8791d350428f65c0783ebd99,SO56693,5,WB-H098,1,5,ed268f8f3837888893f896b7240f1254
11614,3c1811b546060d91957cc446aabc4a3c,3c4bf68562424c26986beae6ce13704a,SO55682,10,BC-M005,1,10,3c8e2c51453f4d665f1050da871dead6
11614,3c1811b546060d91957cc446aabc4a3c,3c4bf68562424c26986beae6ce13704a,SO55682,4640,BK-M68S-38,2,4640,3c8e2c51453f4d665f1050da871dead6
11614,3c1811b546060d91957cc446aabc4a3c,3c4bf68562424c26986beae6ce13704a,SO55682,54,SJ-0194-L,1,54,3c8e2c51453f4d665f1050da871dead6
11614,3c1811b546060d91957cc446aabc4a3c,3c4bf68562424c26986beae6ce13704a,SO55682,5,WB-H098,1,5,3c8e2c51453f4d665f1050da871dead6
11614,c260b06ffc51ebc422646203046c8eda,4360a17b804bbfc81824d06174bd61a1,SO48148,4098,BK-M68B-46,2,4098,5fcf51a91997cecbc58d2bde1a28e1ec
11615,070e7bb8852d69e16952038e5532904f,2b53375239b19c31e4947cc1033443c0,SO51232,742,BK-T18Y-58,1,742,e5cdc2e9be5ecca55f34ea2ebabb8670
11615,070e7bb8852d69e16952038e5532904f,2b53375239b19c31e4947cc1033443c0,SO51232,105,HL-U509-R,3,105,e5cdc2e9be5ecca55f34ea2ebabb8670
11615,a2c49941411089cb2a9cbf78cb803c26,73a69a5c77a7d23172e54d7ce07a638e,SO56126,10,BC-M005,1,10,39fe373cdcb4534addde73890415b660
11615,a2c49941411089cb2a9cbf78cb803c26,73a69a5c77a7d23172e54d7ce07a638e,SO56126,4640,BK-M68S-38,2,4640,39fe373cdcb4534addde73890415b660
11615,a2c49941411089cb2a9cbf78cb803c26,73a69a5c77a7d23172e54d7ce07a638e,SO56126,22,FE-6654,1,22,39fe373cdcb4534addde73890415b660
11615,a2c49941411089cb2a9cbf78cb803c26,73a69a5c77a7d23172e54d7ce07a638e,SO56126,5,WB-H098,1,5,39fe373cdcb4534addde73890415b660
11615,fdc720a8abaa222620409b00b4e00cc2,a9badca0a12d937b4dcb70fd1c65dc63,SO47280,4142,BK-M68S-38,2,4142,8bcf785b838fcdc4c1567a41e1906287
11616,427ed6396fba4ed8ead9ec3229517d2b,3519c8eb4095dbc69d80eb61856d3435,SO56227,10,BC-M005,1,10,629ffff971d10f275a79a70fae527fbc
11616,427ed6396fba4ed8ead9ec3229517d2b,3519c8eb4095dbc69d80eb61856d3435,SO56227,4640,BK-M68S-42,2,4640,629ffff971d10f275a79a70fae527fbc
11616,427ed6396fba4ed8ead9ec3229517d2b,3519c8eb4095dbc69d80eb61856d3435,SO56227,27,CA-1098,3,27,629ffff971d10f275a79a70fae527fbc
11616,427ed6396fba4ed8ead9ec3229517d2b,3519c8eb4095dbc69d80eb61856d3435,SO56227,54,SJ-0194-M,1,54,629ffff971d10f275a79a70fae527fbc
11616,427ed6396fba4ed8ead9ec3229517d2b,3519c8eb4095dbc69d80eb61856d3435,SO56227,5,WB-H098,1,5,629ffff971d10f275a79a70fae527fbc
11616,b2e85aa5f9c095607e638c7e6e2c694b,3500da16b6d3d0da611bc08c2b1e1c05,SO51506,742,BK-T18U-44,1,742,88f50aa0771fa4f938f7b54792e066c8
11616,b2e85aa5f9c095607e638c7e6e2c694b,3500da16b6d3d0da611bc08c2b1e1c05,SO51506,8,CL-9009,1,8,88f50aa0771fa4f938f7b54792e066c8
11616,b2e85aa5f9c095607e638c7e6e2c694b,3500da16b6d3d0da611bc08c2b1e1c05,SO51506,29,TI-T723,1,29,88f50aa0771fa4f938f7b54792e066c8
11616,b2e85aa5f9c095607e638c7e6e2c694b,3500da16b6d3d0da611bc08c2b1e1c05,SO51506,5,TT-T092,1,5,88f50aa0771fa4f938f7b54792e066c8
11616,d0eb731ed0bf74b4a74041192f7b377e,72514ec24cd9e6144a04f1abf93e0b08,SO47107,4142,BK-M68S-38,2,4142,368bf74b3769bb91f49d30908786b862
11617,2e19cf4ec5f6b0d897c8d5b873a164e5,2161780b6db40411111a69f18a2056bd,SO45656,3578,BK-R93R-52,1,3578,b072685f839bf660f163321d570bd4df
11617,a9cefc49af6424b430612adfc69876ee,d34ba8f5d7fd7d5959a34c283fbec422,SO55855,4640,BK-M68S-46,2,4640,59c3d64cb01cd5ad7fd25246d81a55ff
11617,a9cefc49af6424b430612adfc69876ee,d34ba8f5d7fd7d5959a34c283fbec422,SO55855,2,PK-7098,1,2,59c3d64cb01cd5ad7fd25246d81a55ff
11617,a9cefc49af6424b430612adfc69876ee,d34ba8f5d7fd7d5959a34c283fbec422,SO55855,35,TI-M823,1,35,59c3d64cb01cd5ad7fd25246d81a55ff
11618,0dc34ca2aaa8612cde077f1880b78b25,361e2c62255e0c1887ac2139911ca300,SO52513,10,BC-M005,1,10,7f026edc73bd4602381834e9b850d6c2
11618,0dc34ca2aaa8612cde077f1880b78b25,361e2c62255e0c1887ac2139911ca300,SO52513,4640,BK-M68S-38,2,4640,7f026edc73bd4602381834e9b850d6c2
11618,0dc34ca2aaa8612cde077f1880b78b25,361e2c62255e0c1887ac2139911ca300,SO52513,105,HL-U509-R,3,105,7f026edc73bd4602381834e9b850d6c2
11618,0dc34ca2aaa8612cde077f1880b78b25,361e2c62255e0c1887ac2139911ca300,SO52513,5,WB-H098,1,5,7f026edc73bd4602381834e9b850d6c2
11619,0e23f371129aecc6b2033620b226f8d7,fda052162862bb845297063fd71a580c,SO57199,27,CA-1098,3,27,40ff348468b73116a7077c246985e0bf
11619,1556bafff387fc8f2f6fef64c1daa6bc,8728a5e296f39e49d2fa74c31820e99f,SO70494,2,PK-7098,1,2,e871b36e68b0b3d0af9c742d81fef27a
11619,1556bafff387fc8f2f6fef64c1daa6bc,8728a5e296f39e49d2fa74c31820e99f,SO70494,35,TI-M823,1,35,e871b36e68b0b3d0af9c742d81fef27a
11619,375bde15092f45652b6398c1dff650d0,830e779850b1d58733a7ad711bf6b83f,SO57324,105,HL-U509,3,105,a8ef76a01442567fb64eb6f4408a9835
11619,375bde15092f45652b6398c1dff650d0,830e779850b1d58733a7ad711bf6b83f,SO57324,25,TI-M267,1,25,a8ef76a01442567fb64eb6f4408a9835
11619,375bde15092f45652b6398c1dff650d0,830e779850b1d58733a7ad711bf6b83f,SO57324,5,TT-M928,1,5,a8ef76a01442567fb64eb6f4408a9835
11619,39fe373cdcb4534addde73890415b660,41fc4cb27e0ee552c4c9247e1a476cc5,SO55877,48,GL-H102-M,2,48,3519c8eb4095dbc69d80eb61856d3435
11619,39fe373cdcb4534addde73890415b660,41fc4cb27e0ee552c4c9247e1a476cc5,SO55877,54,SJ-0194-S,1,54,3519c8eb4095dbc69d80eb61856d3435
11619,56d78836c9cf0de136c4d2d37aba2280,ba19c22033aaecc6c5dad47f63e5858c,SO63962,21,TI-R092,1,21,8c9ec1be720ee75d56d0c250d10610fa
11619,56d78836c9cf0de136c4d2d37aba2280,ba19c22033aaecc6c5dad47f63e5858c,SO63962,4,TT-R982,1,4,8c9ec1be720ee75d56d0c250d10610fa
11619,6dd75c28a9a8a39e02bc0a175f82a9f3,dfcee565bb2da80a7b76451a5cd314a1,SO66897,105,HL-U509-B,3,105,f88b3743a9ce1f9455b6de69380b486a
11619,6dd75c28a9a8a39e02bc0a175f82a9f3,dfcee565bb2da80a7b76451a5cd314a1,SO66897,4,TT-R982,1,4,f88b3743a9ce1f9455b6de69380b486a
11619,86bfb8ffc7a79e52d833cedce4d275bf,962bae2fb03296a3b9cacabfa929322c,SO70175,8,CL-9009,1,8,ec24e4cf9fcc90f3bbe81b2fb3735c21
11619,86bfb8ffc7a79e52d833cedce4d275bf,962bae2fb03296a3b9cacabfa929322c,SO70175,55,HY-1023-70,1,55,ec24e4cf9fcc90f3bbe81b2fb3735c21
11619,86bfb8ffc7a79e52d833cedce4d275bf,962bae2fb03296a3b9cacabfa929322c,SO70175,5,TT-T092,1,5,ec24e4cf9fcc90f3bbe81b2fb3735c21
11619,8e8847c1bdf012037ee13bb62da8a5c1,c507827aa5f4f6bbedf64058461c621b,SO67208,8,CL-9009,1,8,6dd75c28a9a8a39e02bc0a175f82a9f3
11619,95a2a9aefc393f8630e934768cacf4cd,8f472ffe3ff3109f420ae91355ff8f3f,SO72145,4,TT-R982,1,4,38c9e5d1e366b4c5c36aae682bc960c4
11619,abe94c2111c58e9c9672602d41bce66e,0149f124a48640c62d90840ac5760331,SO64131,150,LJ-0192-S,3,150,99b7e934795a93975a5e0c0b9b57d9ba
11619,b210069485754303767745919c328b97,305c66634c155cab2b5cc3ce00351eb1,SO62831,2,PK-7098,1,2,5efefff01843f5aa3f7d8a4d44b4bf2e
11619,b210069485754303767745919c328b97,305c66634c155cab2b5cc3ce00351eb1,SO62831,25,TI-R628,1,25,5efefff01843f5aa3f7d8a4d44b4bf2e
11619,b210069485754303767745919c328b97,305c66634c155cab2b5cc3ce00351eb1,SO62831,4,TT-R982,1,4,5efefff01843f5aa3f7d8a4d44b4bf2e
11619,b21e833d3ead6056f1265f13fe1ff015,7983129d9883ebc3b9dce3311996b001,SO60580,30,TI-M602,1,30,4804ee33768b143d9706052696f7dfbd
11619,c4369eefdf9bb8a3f9115e96b40aaf17,b34050290c25b0f7b52a2b8f767df87d,SO68762,150,LJ-0192-S,3,150,c135545cc3f3a739132ffdbc8096f3d4
11619,c4369eefdf9bb8a3f9115e96b40aaf17,b34050290c25b0f7b52a2b8f767df87d,SO68762,70,SH-W890-S,1,70,c135545cc3f3a739132ffdbc8096f3d4
11619,df595e3c678d4fae23ce174fe747165e,07b31bae17c7890b17d79a654aa230cf,SO58850,2,PK-7098,1,2,75fe8d7dec9d2a51be64595ab37dc674
11619,df595e3c678d4fae23ce174fe747165e,07b31bae17c7890b17d79a654aa230cf,SO58850,25,TI-R628,1,25,75fe8d7dec9d2a51be64595ab37dc674
11619,f5933feadc49c253e4f0e77b236946e9,0b80ce5eab877cae9997209e0bee6e60,SO52419,105,HL-U509,3,105,b8cc77f0099ae7d3a20b9f0b74d70b12
11619,f75e5f8c15ca91ec5c869dc3881f574f,3a23b248b732af434a45fce0302aa11f,SO63896,2,PK-7098,1,2,03bf7d2a8718ee9aca4bd2f37e962fc4
11619,f75e5f8c15ca91ec5c869dc3881f574f,3a23b248b732af434a45fce0302aa11f,SO63896,5,TT-T092,1,5,03bf7d2a8718ee9aca4bd2f37e962fc4
11620,870bd4f3713260418e4f342f31dc7e33,94c60e0b5e2b0f78b919a5d4c67d70a2,SO62888,2,PK-7098,1,2,2fe1a028f9398deb2efcd536c8246fae
11620,f5933feadc49c253e4f0e77b236946e9,0b80ce5eab877cae9997209e0bee6e60,SO52445,2,PK-7098,1,2,b8cc77f0099ae7d3a20b9f0b74d70b12
11620,f5933feadc49c253e4f0e77b236946e9,0b80ce5eab877cae9997209e0bee6e60,SO52445,35,TI-M823,1,35,b8cc77f0099ae7d3a20b9f0b74d70b12
11620,f5933feadc49c253e4f0e77b236946e9,0b80ce5eab877cae9997209e0bee6e60,SO52445,5,TT-M928,1,5,b8cc77f0099ae7d3a20b9f0b74d70b12
11621,0149f124a48640c62d90840ac5760331,4555f65c4664801d78b9f5477f89d8fd,SO63373,2,PK-7098,1,2,870bd4f3713260418e4f342f31dc7e33
11621,331afa0aff1b1cfbf3d24944ab38c9d2,c885741a5e3e55c84950327011b70289,SO69700,27,CA-1098,3,27,962bae2fb03296a3b9cacabfa929322c
11621,331afa0aff1b1cfbf3d24944ab38c9d2,c885741a5e3e55c84950327011b70289,SO69700,22,FE-6654,1,22,962bae2fb03296a3b9cacabfa929322c
11621,331afa0aff1b1cfbf3d24944ab38c9d2,c885741a5e3e55c84950327011b70289,SO69700,150,LJ-0192-S,3,150,962bae2fb03296a3b9cacabfa929322c
11621,331afa0aff1b1cfbf3d24944ab38c9d2,c885741a5e3e55c84950327011b70289,SO69700,35,TI-M823,1,35,962bae2fb03296a3b9cacabfa929322c
11621,331afa0aff1b1cfbf3d24944ab38c9d2,c885741a5e3e55c84950327011b70289,SO69700,5,TT-M928,1,5,962bae2fb03296a3b9cacabfa929322c
11622,39fe373cdcb4534addde73890415b660,41fc4cb27e0ee552c4c9247e1a476cc5,SO55878,2,PK-7098,1,2,3519c8eb4095dbc69d80eb61856d3435
11622,d6fb379288416774d139632beb88e26b,3ebfce6ccd7540a632ae7e6ad8100c29,SO60224,22,FE-6654,1,22,412998e77ee121227580e3d363f75fa2
11622,d6fb379288416774d139632beb88e26b,3ebfce6ccd7540a632ae7e6ad8100c29,SO60224,48,GL-H102-L,2,48,412998e77ee121227580e3d363f75fa2
11622,d6fb379288416774d139632beb88e26b,3ebfce6ccd7540a632ae7e6ad8100c29,SO60224,150,LJ-0192-M,3,150,412998e77ee121227580e3d363f75fa2
11622,d6fb379288416774d139632beb88e26b,3ebfce6ccd7540a632ae7e6ad8100c29,SO60224,35,TI-M823,1,35,412998e77ee121227580e3d363f75fa2
11623,2707fbccd14f3db6d4c5aa0aeaa9d258,46ceb00d77d3de79a22e210dbcfc6a93,SO45642,3578,BK-R93R-52,1,3578,01fa6f8199200216ae5fb86e25570605
11623,fde67888c64f701b59876ec559099b3e,6353a8421ee460b64f2c988cc72a8391,SO56836,4590,BK-M68B-46,2,4590,4ceff7612cfa4420892fe23b23ca9265
11623,fde67888c64f701b59876ec559099b3e,6353a8421ee460b64f2c988cc72a8391,SO56836,105,HL-U509,3,105,4ceff7612cfa4420892fe23b23ca9265
11623,fde67888c64f701b59876ec559099b3e,6353a8421ee460b64f2c988cc72a8391,SO56836,35,TI-M823,1,35,4ceff7612cfa4420892fe23b23ca9265
11623,fde67888c64f701b59876ec559099b3e,6353a8421ee460b64f2c988cc72a8391,SO56836,5,TT-M928,1,5,4ceff7612cfa4420892fe23b23ca9265
11624,a8c7d5b3aff3fa32b632b239bd18e26f,350462f2d0124beb0d7adf60dd79a8b8,SO45733,3578,BK-R93R-44,1,3578,e52d77ff6cfc92babed59c52d26cc727
11624,cae5717327bee7d74e261c550aa5081f,18025e6a8791d350428f65c0783ebd99,SO56740,4640,BK-M68S-42,2,4640,ed268f8f3837888893f896b7240f1254
11625,7920863768d90ab95edffbd84cfca3e6,4f477db88196607e3dbfd0139d6028b5,SO45756,3578,BK-R93R-52,1,3578,1b30ec3bcb718d69a0b3a02c36113181
11625,d9f7611cf8d29b48a1d3d8fddb8c5b2e,55f9f4cb5784581a517e59904e0d5e2f,SO56681,4590,BK-M68B-38,2,4590,fda052162862bb845297063fd71a580c
11625,d9f7611cf8d29b48a1d3d8fddb8c5b2e,55f9f4cb5784581a517e59904e0d5e2f,SO56681,35,TI-M823,1,35,fda052162862bb845297063fd71a580c
11625,d9f7611cf8d29b48a1d3d8fddb8c5b2e,55f9f4cb5784581a517e59904e0d5e2f,SO56681,5,TT-M928,1,5,fda052162862bb845297063fd71a580c
11626,a9cefc49af6424b430612adfc69876ee,d34ba8f5d7fd7d5959a34c283fbec422,SO55856,4590,BK-M68B-46,2,4590,59c3d64cb01cd5ad7fd25246d81a55ff
11626,a9cefc49af6424b430612adfc69876ee,d34ba8f5d7fd7d5959a34c283fbec422,SO55856,22,FE-6654,1,22,59c3d64cb01cd5ad7fd25246d81a55ff
11626,a9cefc49af6424b430612adfc69876ee,d34ba8f5d7fd7d5959a34c283fbec422,SO55856,64,VE-C304-S,1,64,59c3d64cb01cd5ad7fd25246d81a55ff
11626,b673025477c2a9a0524b27adc18ee543,2e2f00bd76bf684c963392e80aa33f5c,SO45605,3578,BK-R93R-44,1,3578,4aed0f4e82a51c3f853b8a3df8d808eb
11627,ccf89c691dabb1412404274596922d90,b0241b451647f25db5f52074445d820c,SO65036,8,CL-9009,1,8,7299e51cfc0d5174743a6701a8a96488
11627,ccf89c691dabb1412404274596922d90,b0241b451647f25db5f52074445d820c,SO65036,2,PK-7098,1,2,7299e51cfc0d5174743a6701a8a96488
11627,e84848120190a8d0e696fbeb15647a74,fff3c307c93eda1eb91d53ca588846fe,SO70415,35,TI-M823,1,35,f544b472453b297a8b55709fbfd3746d
11627,e84848120190a8d0e696fbeb15647a74,fff3c307c93eda1eb91d53ca588846fe,SO70415,5,TT-M928,1,5,f544b472453b297a8b55709fbfd3746d
11628,3c8e2c51453f4d665f1050da871dead6,1f50dad3f1493a5cf408c4eb3987479e,SO55441,4590,BK-M68B-38,2,4590,d34ba8f5d7fd7d5959a34c283fbec422
11628,3c8e2c51453f4d665f1050da871dead6,1f50dad3f1493a5cf408c4eb3987479e,SO55441,2,PK-7098,1,2,d34ba8f5d7fd7d5959a34c283fbec422
11628,4f477db88196607e3dbfd0139d6028b5,f036f125fefcf3b1a561961fcdc80496,SO45671,3578,BK-R93R-48,1,3578,2707fbccd14f3db6d4c5aa0aeaa9d258
11629,e7445efc9c2e5f55aee8a2c2b02c9b7a,3ace441341c719dd401296ee5a591431,SO45761,3578,BK-R93R-56,1,3578,74cd52749cc4b84fea8b036cee2e0b9a
11629,fda052162862bb845297063fd71a580c,1678083e7ff90bd404baad3f60bffa37,SO56422,4590,BK-M68B-38,2,4590,a2c49941411089cb2a9cbf78cb803c26
11629,fda052162862bb845297063fd71a580c,1678083e7ff90bd404baad3f60bffa37,SO56422,22,FE-6654,1,22,a2c49941411089cb2a9cbf78cb803c26
11629,fda052162862bb845297063fd71a580c,1678083e7ff90bd404baad3f60bffa37,SO56422,105,HL-U509-R,3,105,a2c49941411089cb2a9cbf78cb803c26
11630,a8c7d5b3aff3fa32b632b239bd18e26f,350462f2d0124beb0d7adf60dd79a8b8,SO45734,3578,BK-R93R-56,1,3578,e52d77ff6cfc92babed59c52d26cc727
11630,a8ef76a01442567fb64eb6f4408a9835,427ed6396fba4ed8ead9ec3229517d2b,SO56895,4640,BK-M68S-38,2,4640,eba5233d2dd8ea5031e646882335ece0
11630,a8ef76a01442567fb64eb6f4408a9835,427ed6396fba4ed8ead9ec3229517d2b,SO56895,35,TI-M823,1,35,eba5233d2dd8ea5031e646882335ece0
11631,175a5d217fad85df9f6639d7ced1e5d9,511572e8a25e86c2f48ae9e6d73a1e6a,SO68907,25,TI-M267,1,25,66e56e10b0f528b66a45e307ecdf4774
11631,175a5d217fad85df9f6639d7ced1e5d9,511572e8a25e86c2f48ae9e6d73a1e6a,SO68907,5,TT-M928,1,5,66e56e10b0f528b66a45e307ecdf4774
11631,175a5d217fad85df9f6639d7ced1e5d9,511572e8a25e86c2f48ae9e6d73a1e6a,SO68907,64,VE-C304-M,1,64,66e56e10b0f528b66a45e307ecdf4774
11631,3c8e2c51453f4d665f1050da871dead6,1f50dad3f1493a5cf408c4eb3987479e,SO55401,150,LJ-0192-X,3,150,d34ba8f5d7fd7d5959a34c283fbec422
11631,412998e77ee121227580e3d363f75fa2,df595e3c678d4fae23ce174fe747165e,SO59845,105,HL-U509-R,3,105,254d832c83ccdb2c33eab65a4fd196ff
11631,412998e77ee121227580e3d363f75fa2,df595e3c678d4fae23ce174fe747165e,SO59845,5,TT-T092,1,5,254d832c83ccdb2c33eab65a4fd196ff
11631,412998e77ee121227580e3d363f75fa2,df595e3c678d4fae23ce174fe747165e,SO59852,70,SH-W890-L,1,70,254d832c83ccdb2c33eab65a4fd196ff
11631,61e00b038efd34bdf9c747596273cbcf,7130adfd843cdcb6d0bcd9d13792693a,SO63997,9,BC-R205,1,9,4b5c3229e0725ef8d303f494db9faec8
11631,61e00b038efd34bdf9c747596273cbcf,7130adfd843cdcb6d0bcd9d13792693a,SO63997,5,WB-H098,1,5,4b5c3229e0725ef8d303f494db9faec8
11631,6e5c4b769f8f70f9fd01b24ba5be9695,40e7dd73b09eac540e790daf6fac41af,SO54828,48,GL-H102-M,2,48,106dfbaf552c07a1b08d065f2c343982
11631,6e5c4b769f8f70f9fd01b24ba5be9695,40e7dd73b09eac540e790daf6fac41af,SO54828,105,HL-U509-B,3,105,106dfbaf552c07a1b08d065f2c343982
11631,6eaadc1181f307997dc853d9ed40db36,0814775cfc25da756a9b4197347ab771,SO58488,8,CL-9009,1,8,4dbf892d41ae205f6e36838031cff786
11631,6eaadc1181f307997dc853d9ed40db36,0814775cfc25da756a9b4197347ab771,SO58488,2,PK-7098,1,2,4dbf892d41ae205f6e36838031cff786
11631,6eaadc1181f307997dc853d9ed40db36,0814775cfc25da756a9b4197347ab771,SO58488,25,TI-R628,1,25,4dbf892d41ae205f6e36838031cff786
11631,6eaadc1181f307997dc853d9ed40db36,0814775cfc25da756a9b4197347ab771,SO58488,4,TT-R982,1,4,4dbf892d41ae205f6e36838031cff786
11631,8babade0595c11e14dd89058a850f2cd,a048b8d5f3f9178f163e2be055f0138b,SO73879,48,GL-H102-M,2,48,501407dcfde5b685045ca3072168d5bb
11631,8babade0595c11e14dd89058a850f2cd,a048b8d5f3f9178f163e2be055f0138b,SO73879,54,SJ-0194-M,1,54,501407dcfde5b685045ca3072168d5bb
11631,93ddc10d6cf61153011df052aa76671f,7299e51cfc0d5174743a6701a8a96488,SO65642,2,PK-7098,1,2,02b96ab6e0935145589be4e1408a1675
11631,99c8f306659fd98cbb9d7f03ec0c2a7a,705fa39ab40831529471c768490339ab,SO69906,105,HL-U509-R,3,105,fff3c307c93eda1eb91d53ca588846fe
11631,99c8f306659fd98cbb9d7f03ec0c2a7a,705fa39ab40831529471c768490339ab,SO69906,35,TI-M823,1,35,fff3c307c93eda1eb91d53ca588846fe
11631,99c8f306659fd98cbb9d7f03ec0c2a7a,705fa39ab40831529471c768490339ab,SO69906,5,TT-M928,1,5,fff3c307c93eda1eb91d53ca588846fe
11631,b0241b451647f25db5f52074445d820c,7a8e187aeb003f6e34c02a4d5b9b153e,SO64258,2,PK-7098,1,2,56d78836c9cf0de136c4d2d37aba2280
11631,b0241b451647f25db5f52074445d820c,7a8e187aeb003f6e34c02a4d5b9b153e,SO64258,21,TI-R092,1,21,56d78836c9cf0de136c4d2d37aba2280
11631,d3c54b4368c62c2ff11535bf2b677170,41464bd548f06ca845208f69df30ac82,SO54334,25,TI-R628,1,25,da9c4ba6c9a1ae8725389bfd38b5763a
11631,d3c54b4368c62c2ff11535bf2b677170,41464bd548f06ca845208f69df30ac82,SO54334,4,TT-R982,1,4,da9c4ba6c9a1ae8725389bfd38b5763a
11631,d4746e41b619da57ee9f1a2e2cc254e8,81a5d08c6beaeec9e42baae5d63dd780,SO64075,5,TT-T092,1,5,23bd9a9b90557e9da7babfb8e3d2df22
11631,dca79d69a6b38e95c4b03bfab997796c,e5bf4a4a03e320ed76cf2ca68fa5b4c0,SO52374,27,CA-1098,3,27,9f79f7706bc6a7654ef0b8977966f69a
11631,dca79d69a6b38e95c4b03bfab997796c,e5bf4a4a03e320ed76cf2ca68fa5b4c0,SO52375,8,CL-9009,1,8,9f79f7706bc6a7654ef0b8977966f69a
11631,dca79d69a6b38e95c4b03bfab997796c,e5bf4a4a03e320ed76cf2ca68fa5b4c0,SO52375,4,TT-R982,1,4,9f79f7706bc6a7654ef0b8977966f69a
11631,f476906875bc5d9abe836b4ea1f485c1,f04e53711455521533f4c5ed7dcaa287,SO53148,22,FE-6654,1,22,15aceb75d86814cb479f1b1a9487c3d4
11631,f476906875bc5d9abe836b4ea1f485c1,f04e53711455521533f4c5ed7dcaa287,SO53148,150,LJ-0192-S,3,150,15aceb75d86814cb479f1b1a9487c3d4
11631,f476906875bc5d9abe836b4ea1f485c1,f04e53711455521533f4c5ed7dcaa287,SO53148,30,TI-M602,1,30,15aceb75d86814cb479f1b1a9487c3d4
11631,f476906875bc5d9abe836b4ea1f485c1,f04e53711455521533f4c5ed7dcaa287,SO53148,5,TT-M928,1,5,15aceb75d86814cb479f1b1a9487c3d4
11632,1678083e7ff90bd404baad3f60bffa37,7b0730955172ecda497d7cca6b1d87a1,SO55755,48,GL-H102-S,2,48,73a69a5c77a7d23172e54d7ce07a638e
11632,1678083e7ff90bd404baad3f60bffa37,7b0730955172ecda497d7cca6b1d87a1,SO55755,105,HL-U509-R,3,105,73a69a5c77a7d23172e54d7ce07a638e
11632,1678083e7ff90bd404baad3f60bffa37,7b0730955172ecda497d7cca6b1d87a1,SO55755,21,TI-R092,1,21,73a69a5c77a7d23172e54d7ce07a638e
11632,1678083e7ff90bd404baad3f60bffa37,7b0730955172ecda497d7cca6b1d87a1,SO55755,4,TT-R982,1,4,73a69a5c77a7d23172e54d7ce07a638e
11632,17520f5649fab40fb66771362888cb90,1faee5670542865e021595151379fe5c,SO70616,2,PK-7098,1,2,3f72b837978dcd042b73e7270f11a4ca
11632,17520f5649fab40fb66771362888cb90,1faee5670542865e021595151379fe5c,SO70616,25,TI-M267,1,25,3f72b837978dcd042b73e7270f11a4ca
11632,1faee5670542865e021595151379fe5c,e5114f65ece65e14e7b721dab1e674e0,SO69739,105,HL-U509-R,3,105,83d1ed00595e79ee5ea3797e97970fe8
11632,2ed3972e38245b633ec6b146c2970148,6477c205c5117a9448ba863e111acf32,SO61675,105,HL-U509-R,3,105,2becb9647677a1a316b388bbad689580
11632,2ed3972e38245b633ec6b146c2970148,6477c205c5117a9448ba863e111acf32,SO61675,25,TI-R628,1,25,2becb9647677a1a316b388bbad689580
11632,2ed3972e38245b633ec6b146c2970148,6477c205c5117a9448ba863e111acf32,SO61675,4,TT-R982,1,4,2becb9647677a1a316b388bbad689580
11632,305c66634c155cab2b5cc3ce00351eb1,2becb9647677a1a316b388bbad689580,SO62110,70,SH-W890-L,1,70,922d04aa1f67bbe0270bfad98508f43e
11632,478ecc8cdaa127c33884d9f6c72c2cd5,3fbd0407b55d3a3da21388a2ddbf881c,SO58599,120,RA-H123,1,120,174acf6ca4e9804d47a59a499422e621
11632,6583882ca853d66524856501b27519f5,1ba7e8cdf85da6cf5e11554703236b52,SO74306,9,BC-R205,1,9,d27974ca95fd620ac92cf95bf8c1d1f2
11632,6583882ca853d66524856501b27519f5,1ba7e8cdf85da6cf5e11554703236b52,SO74306,64,VE-C304-S,1,64,d27974ca95fd620ac92cf95bf8c1d1f2
11632,6583882ca853d66524856501b27519f5,1ba7e8cdf85da6cf5e11554703236b52,SO74306,5,WB-H098,1,5,d27974ca95fd620ac92cf95bf8c1d1f2
11632,7a8e187aeb003f6e34c02a4d5b9b153e,2fe1a028f9398deb2efcd536c8246fae,SO63510,105,HL-U509-B,3,105,ba19c22033aaecc6c5dad47f63e5858c
11632,7a8e187aeb003f6e34c02a4d5b9b153e,2fe1a028f9398deb2efcd536c8246fae,SO63510,5,TT-T092,1,5,ba19c22033aaecc6c5dad47f63e5858c
11632,9795c57676ee8b8b6ba9a6f9014a520b,c5ed53572c667b119dde2fc0f54de602,SO73729,105,HL-U509-R,3,105,b0950d12c62d3aeda81b2e8d06f2aef4
11632,9795c57676ee8b8b6ba9a6f9014a520b,c5ed53572c667b119dde2fc0f54de602,SO73729,5,TT-T092,1,5,b0950d12c62d3aeda81b2e8d06f2aef4
11632,9c56075241a26f6fa77eb86b15411c6e,9444f850ff0c10a862b4a6a9c4ab0a74,SO54389,2,PK-7098,1,2,ab2e81a99745ffff6c06e2be93290d1b
11632,9c56075241a26f6fa77eb86b15411c6e,9444f850ff0c10a862b4a6a9c4ab0a74,SO54389,25,TI-R628,1,25,ab2e81a99745ffff6c06e2be93290d1b
11632,9d934f91c460e9947414d00048f2fa36,94b225b5b1f09ecd5e8ecdfb681ff04c,SO65103,159,ST-1401,1,159,3f0c8308e4e2e5c4ddc1b7e19304f613
11632,9d934f91c460e9947414d00048f2fa36,94b225b5b1f09ecd5e8ecdfb681ff04c,SO65103,4,TT-R982,1,4,3f0c8308e4e2e5c4ddc1b7e19304f613
11632,a8ef76a01442567fb64eb6f4408a9835,427ed6396fba4ed8ead9ec3229517d2b,SO56862,150,LJ-0192-L,3,150,eba5233d2dd8ea5031e646882335ece0
11632,b8cc77f0099ae7d3a20b9f0b74d70b12,70ad7386c1fe794c57fa3908ff22435d,SO52169,54,SJ-0194-M,1,54,5e9b4970006d8f02ba0bc1763fa8b9a6
11632,b8d9d66529b0a1e91f6137abcdd065dd,6d44506d59926d8d13d35f75d97f2a64,SO54206,2,PK-7098,1,2,90c6314650a0d54fdcabe5cd5406f9af
11632,ce08c22f7777768ce4197eab9727516c,4a800301260b2639fa1ec3efafb5f86c,SO59998,105,HL-U509,3,105,5072507e949a2c25948a591c4da194e1
11632,ce08c22f7777768ce4197eab9727516c,4a800301260b2639fa1ec3efafb5f86c,SO59998,30,TI-M602,1,30,5072507e949a2c25948a591c4da194e1
11632,ce08c22f7777768ce4197eab9727516c,4a800301260b2639fa1ec3efafb5f86c,SO59998,5,TT-M928,1,5,5072507e949a2c25948a591c4da194e1
11632,db2b287636ac5ebda430de4f3f643b24,7af7abc5e37d5fa2e2334b4fec2584e2,SO52002,10,BC-M005,1,10,bee2b842cd357511cf4c8e509f5af192
11632,db2b287636ac5ebda430de4f3f643b24,7af7abc5e37d5fa2e2334b4fec2584e2,SO52002,22,FE-6654,1,22,bee2b842cd357511cf4c8e509f5af192
11632,db2b287636ac5ebda430de4f3f643b24,7af7abc5e37d5fa2e2334b4fec2584e2,SO52002,35,TI-M823,1,35,bee2b842cd357511cf4c8e509f5af192
11632,db2b287636ac5ebda430de4f3f643b24,7af7abc5e37d5fa2e2334b4fec2584e2,SO52002,5,TT-M928,1,5,bee2b842cd357511cf4c8e509f5af192
11632,db2b287636ac5ebda430de4f3f643b24,7af7abc5e37d5fa2e2334b4fec2584e2,SO52002,5,WB-H098,1,5,bee2b842cd357511cf4c8e509f5af192
11633,56e52500a7f5ab963646137a401683cd,df09a3a727ac0f29208c5ef3bf7625e6,SO74687,105,HL-U509,3,105,13b7c2277967bc61802018c764b5b2a0
11633,56e52500a7f5ab963646137a401683cd,df09a3a727ac0f29208c5ef3bf7625e6,SO74687,35,TI-M823,1,35,13b7c2277967bc61802018c764b5b2a0
11633,56e52500a7f5ab963646137a401683cd,df09a3a727ac0f29208c5ef3bf7625e6,SO74687,5,TT-M928,1,5,13b7c2277967bc61802018c764b5b2a0
11633,a9adf65abbb865184bf924d14a93d0c4,ec24e4cf9fcc90f3bbe81b2fb3735c21,SO70684,2,PK-7098,1,2,e0cd1349b4c6e1b5f14ed427e358c2d0
11634,b8d9d66529b0a1e91f6137abcdd065dd,6d44506d59926d8d13d35f75d97f2a64,SO54231,2,PK-7098,1,2,90c6314650a0d54fdcabe5cd5406f9af
11634,b8d9d66529b0a1e91f6137abcdd065dd,6d44506d59926d8d13d35f75d97f2a64,SO54231,35,TI-M823,1,35,90c6314650a0d54fdcabe5cd5406f9af
11634,fde67888c64f701b59876ec559099b3e,6353a8421ee460b64f2c988cc72a8391,SO56807,2,PK-7098,1,2,4ceff7612cfa4420892fe23b23ca9265
11635,058af5b2a408d57b708367e5bf4e9d9c,e82ca4c6beebe812f10fa1041b97a160,SO66783,2,PK-7098,1,2,c507827aa5f4f6bbedf64058461c621b
11635,f5933feadc49c253e4f0e77b236946e9,0b80ce5eab877cae9997209e0bee6e60,SO52444,35,TI-M823,1,35,b8cc77f0099ae7d3a20b9f0b74d70b12
11635,f5933feadc49c253e4f0e77b236946e9,0b80ce5eab877cae9997209e0bee6e60,SO52444,5,TT-M928,1,5,b8cc77f0099ae7d3a20b9f0b74d70b12
11636,12092303778fcfa88ed7d284b74c6a6a,40eee601514259a9632d510ca71226cc,SO74794,2,PK-7098,1,2,6cf9e035d2f1d8ffe1b9f2f96a9e7a3a
11636,dfcee565bb2da80a7b76451a5cd314a1,6582aa26281b9a92ad60e6a03e274c00,SO66181,105,HL-U509-B,3,105,64cadfde6f66bc25043d0d69f5ae5471
11636,dfcee565bb2da80a7b76451a5cd314a1,6582aa26281b9a92ad60e6a03e274c00,SO66181,35,TI-M823,1,35,64cadfde6f66bc25043d0d69f5ae5471
11636,dfcee565bb2da80a7b76451a5cd314a1,6582aa26281b9a92ad60e6a03e274c00,SO66181,5,TT-M928,1,5,64cadfde6f66bc25043d0d69f5ae5471
11637,deff8ad81a213d1110c1f409a7f40fcd,b8cc77f0099ae7d3a20b9f0b74d70b12,SO52786,2,PK-7098,1,2,f04e53711455521533f4c5ed7dcaa287
11637,f5933feadc49c253e4f0e77b236946e9,0b80ce5eab877cae9997209e0bee6e60,SO52448,2,PK-7098,1,2,b8cc77f0099ae7d3a20b9f0b74d70b12
11637,f5933feadc49c253e4f0e77b236946e9,0b80ce5eab877cae9997209e0bee6e60,SO52448,35,TI-M823,1,35,b8cc77f0099ae7d3a20b9f0b74d70b12
11638,e5114f65ece65e14e7b721dab1e674e0,c7390752782466cfc9a3ed7d3a79e046,SO68689,2,PK-7098,1,2,fe1fd19c021e78ec395980c2e347865e
11638,e5114f65ece65e14e7b721dab1e674e0,c7390752782466cfc9a3ed7d3a79e046,SO68712,105,HL-U509-B,3,105,fe1fd19c021e78ec395980c2e347865e
11638,e5114f65ece65e14e7b721dab1e674e0,c7390752782466cfc9a3ed7d3a79e046,SO68712,35,TI-M823,1,35,fe1fd19c021e78ec395980c2e347865e
11638,e5114f65ece65e14e7b721dab1e674e0,c7390752782466cfc9a3ed7d3a79e046,SO68712,5,TT-M928,1,5,fe1fd19c021e78ec395980c2e347865e
11639,db10519e66d9a7b809b91935ad1a696d,d7f57f35d2bad1349ca24a67a2635eea,SO74478,2,PK-7098,1,2,6583882ca853d66524856501b27519f5
11639,e84848120190a8d0e696fbeb15647a74,fff3c307c93eda1eb91d53ca588846fe,SO70417,105,HL-U509,3,105,f544b472453b297a8b55709fbfd3746d
11639,e84848120190a8d0e696fbeb15647a74,fff3c307c93eda1eb91d53ca588846fe,SO70417,150,LJ-0192-X,3,150,f544b472453b297a8b55709fbfd3746d
11639,e84848120190a8d0e696fbeb15647a74,fff3c307c93eda1eb91d53ca588846fe,SO70417,35,TI-M823,1,35,f544b472453b297a8b55709fbfd3746d
11639,e84848120190a8d0e696fbeb15647a74,fff3c307c93eda1eb91d53ca588846fe,SO70417,5,TT-M928,1,5,f544b472453b297a8b55709fbfd3746d
11640,40ff348468b73116a7077c246985e0bf,a2c49941411089cb2a9cbf78cb803c26,SO56771,27,CA-1098,3,27,830e779850b1d58733a7ad711bf6b83f
11640,40ff348468b73116a7077c246985e0bf,a2c49941411089cb2a9cbf78cb803c26,SO56771,105,HL-U509-B,3,105,830e779850b1d58733a7ad711bf6b83f
11640,40ff348468b73116a7077c246985e0bf,a2c49941411089cb2a9cbf78cb803c26,SO56771,150,LJ-0192-M,3,150,830e779850b1d58733a7ad711bf6b83f
11640,40ff348468b73116a7077c246985e0bf,a2c49941411089cb2a9cbf78cb803c26,SO56771,25,TI-M267,1,25,830e779850b1d58733a7ad711bf6b83f
11640,40ff348468b73116a7077c246985e0bf,a2c49941411089cb2a9cbf78cb803c26,SO56771,5,TT-M928,1,5,830e779850b1d58733a7ad711bf6b83f
11640,66e56e10b0f528b66a45e307ecdf4774,691ad1b0dca3643b923973defd014d47,SO68572,70,SH-W890-M,1,70,8eb7a1b0dba9fdd5f4248b9cb6b9119b
11640,6a8d7e42bb852c45fbf8610361d391a0,3f72b837978dcd042b73e7270f11a4ca,SO71116,48,GL-H102-M,2,48,49fce086a31f1cfcf16b54e462f7cbc0
11640,6a8d7e42bb852c45fbf8610361d391a0,3f72b837978dcd042b73e7270f11a4ca,SO71116,105,HL-U509,3,105,49fce086a31f1cfcf16b54e462f7cbc0
11640,6a8d7e42bb852c45fbf8610361d391a0,3f72b837978dcd042b73e7270f11a4ca,SO71116,30,TI-M602,1,30,49fce086a31f1cfcf16b54e462f7cbc0
11640,6a8d7e42bb852c45fbf8610361d391a0,3f72b837978dcd042b73e7270f11a4ca,SO71116,5,TT-M928,1,5,49fce086a31f1cfcf16b54e462f7cbc0
11640,6d338b8c41c717c4336ad0084a80dca4,9223b53f03a405f817e91392f0294f6a,SO54441,54,SJ-0194-X,1,54,40e7dd73b09eac540e790daf6fac41af
11640,6d338b8c41c717c4336ad0084a80dca4,9223b53f03a405f817e91392f0294f6a,SO54441,21,TI-R092,1,21,40e7dd73b09eac540e790daf6fac41af
11640,d27974ca95fd620ac92cf95bf8c1d1f2,4c6ed4daa82e7326b84c24f4c2ae7064,SO74182,8,CL-9009,1,8,3e107cd1554225ea3056ed5010adce90
11640,d27974ca95fd620ac92cf95bf8c1d1f2,4c6ed4daa82e7326b84c24f4c2ae7064,SO74182,2,PK-7098,1,2,3e107cd1554225ea3056ed5010adce90
11640,d27974ca95fd620ac92cf95bf8c1d1f2,4c6ed4daa82e7326b84c24f4c2ae7064,SO74182,35,TI-M823,1,35,3e107cd1554225ea3056ed5010adce90
11641,18025e6a8791d350428f65c0783ebd99,3c8e2c51453f4d665f1050da871dead6,SO56077,105,HL-U509,3,105,a9cefc49af6424b430612adfc69876ee
11641,18025e6a8791d350428f65c0783ebd99,3c8e2c51453f4d665f1050da871dead6,SO56077,30,TI-M602,1,30,a9cefc49af6424b430612adfc69876ee
11641,18025e6a8791d350428f65c0783ebd99,3c8e2c51453f4d665f1050da871dead6,SO56077,5,TT-M928,1,5,a9cefc49af6424b430612adfc69876ee
11641,18025e6a8791d350428f65c0783ebd99,3c8e2c51453f4d665f1050da871dead6,SO56087,48,GL-H102-S,2,48,a9cefc49af6424b430612adfc69876ee
11641,18025e6a8791d350428f65c0783ebd99,3c8e2c51453f4d665f1050da871dead6,SO56087,150,LJ-0192-X,3,150,a9cefc49af6424b430612adfc69876ee
11641,18025e6a8791d350428f65c0783ebd99,3c8e2c51453f4d665f1050da871dead6,SO56087,70,SH-W890-L,1,70,a9cefc49af6424b430612adfc69876ee
11641,232e830f1ac667c081eaaca23cdf9b5f,4b5c3229e0725ef8d303f494db9faec8,SO64499,2,PK-7098,1,2,abe94c2111c58e9c9672602d41bce66e
11641,232e830f1ac667c081eaaca23cdf9b5f,4b5c3229e0725ef8d303f494db9faec8,SO64499,35,TI-M823,1,35,abe94c2111c58e9c9672602d41bce66e
11641,c660dc308b247ce08aeecd155306bae0,e7df1b3ee078bdcfc260a877f321287d,SO59929,25,TI-M267,1,25,9a95fdf4e925d9cbd65f87b5aa4ac212
11641,c660dc308b247ce08aeecd155306bae0,e7df1b3ee078bdcfc260a877f321287d,SO59929,5,TT-M928,1,5,9a95fdf4e925d9cbd65f87b5aa4ac212
11641,db2b287636ac5ebda430de4f3f643b24,7af7abc5e37d5fa2e2334b4fec2584e2,SO51983,21,TI-R092,1,21,bee2b842cd357511cf4c8e509f5af192
11642,0d15ba5aa4c9ad0377b26e0cf7a86280,b21e833d3ead6056f1265f13fe1ff015,SO61451,48,GL-H102-S,2,48,4a70a3ec50fd16032883bf6fc79c55dd
11642,0d15ba5aa4c9ad0377b26e0cf7a86280,b21e833d3ead6056f1265f13fe1ff015,SO61451,105,HL-U509-B,3,105,4a70a3ec50fd16032883bf6fc79c55dd
11642,0d15ba5aa4c9ad0377b26e0cf7a86280,b21e833d3ead6056f1265f13fe1ff015,SO61451,150,LJ-0192-X,3,150,4a70a3ec50fd16032883bf6fc79c55dd
11642,0d15ba5aa4c9ad0377b26e0cf7a86280,b21e833d3ead6056f1265f13fe1ff015,SO61451,30,TI-M602,1,30,4a70a3ec50fd16032883bf6fc79c55dd
11642,0d15ba5aa4c9ad0377b26e0cf7a86280,b21e833d3ead6056f1265f13fe1ff015,SO61451,5,TT-M928,1,5,4a70a3ec50fd16032883bf6fc79c55dd
11642,0dc34ca2aaa8612cde077f1880b78b25,361e2c62255e0c1887ac2139911ca300,SO52488,48,GL-H102-M,2,48,7f026edc73bd4602381834e9b850d6c2
11642,0dc34ca2aaa8612cde077f1880b78b25,361e2c62255e0c1887ac2139911ca300,SO52488,25,TI-M267,1,25,7f026edc73bd4602381834e9b850d6c2
11642,16918840d98f27ce45948fe73dd5592f,04dbdf67bb8714ba18c9c36d50d1f5dc,SO62732,105,HL-U509,3,105,95103530881768b5cfc7e33970db9cd7
11642,16918840d98f27ce45948fe73dd5592f,04dbdf67bb8714ba18c9c36d50d1f5dc,SO62732,35,TI-M823,1,35,95103530881768b5cfc7e33970db9cd7
11642,16918840d98f27ce45948fe73dd5592f,04dbdf67bb8714ba18c9c36d50d1f5dc,SO62732,5,TT-M928,1,5,95103530881768b5cfc7e33970db9cd7
11642,3e107cd1554225ea3056ed5010adce90,aa14ddbc43aa2d3be1e6ac019bb7b5bc,SO73819,70,SH-W890-L,1,70,43e2cc7ff261723f93f64f3f7e9faa8d
11642,3e107cd1554225ea3056ed5010adce90,aa14ddbc43aa2d3be1e6ac019bb7b5bc,SO73819,54,SJ-0194-L,1,54,43e2cc7ff261723f93f64f3f7e9faa8d
11642,6a373d2281ba1487d83680f65dd6e6d0,2fb09097185e604aaadbfde958fd6262,SO74980,21,TI-R092,1,21,8592725b85eec4822018b8728dd5b88d
11642,6a373d2281ba1487d83680f65dd6e6d0,2fb09097185e604aaadbfde958fd6262,SO74980,4,TT-R982,1,4,8592725b85eec4822018b8728dd5b88d
11642,6a373d2281ba1487d83680f65dd6e6d0,2fb09097185e604aaadbfde958fd6262,SO74980,64,VE-C304-M,1,64,8592725b85eec4822018b8728dd5b88d
11643,4ceff7612cfa4420892fe23b23ca9265,5691ac18f59a9af20f9d8703772afbba,SO56574,150,LJ-0192-X,3,150,089c2a426c196c5ca5facb20896c90bb
11643,4ceff7612cfa4420892fe23b23ca9265,5691ac18f59a9af20f9d8703772afbba,SO56574,35,TI-M823,1,35,089c2a426c196c5ca5facb20896c90bb
11643,4ceff7612cfa4420892fe23b23ca9265,5691ac18f59a9af20f9d8703772afbba,SO56574,5,TT-M928,1,5,089c2a426c196c5ca5facb20896c90bb
11643,76918877cf6ce7011018cd9708723392,883b9b4170853b321c03290f64ba199f,SO61494,8,CL-9009,1,8,4ddc8821c34bceaf3dba4a18741acca3
11643,76918877cf6ce7011018cd9708723392,883b9b4170853b321c03290f64ba199f,SO61494,2,PK-7098,1,2,4ddc8821c34bceaf3dba4a18741acca3
11644,07b31bae17c7890b17d79a654aa230cf,a976f17830aceaaa93d5daef0bc209a3,SO58168,35,TI-M823,1,35,ef5bad66aa19ccfb82cacb73584b83ea
11644,07b31bae17c7890b17d79a654aa230cf,a976f17830aceaaa93d5daef0bc209a3,SO58168,5,TT-M928,1,5,ef5bad66aa19ccfb82cacb73584b83ea
11644,d612b5fb3f6011688fb0c9927693365a,3e107cd1554225ea3056ed5010adce90,SO74375,2,PK-7098,1,2,a1e59736d286765313b8212467dc64b2
11645,1556bafff387fc8f2f6fef64c1daa6bc,8728a5e296f39e49d2fa74c31820e99f,SO70469,54,SJ-0194-L,1,54,e871b36e68b0b3d0af9c742d81fef27a
11645,6583882ca853d66524856501b27519f5,1ba7e8cdf85da6cf5e11554703236b52,SO74334,48,GL-H102-M,2,48,d27974ca95fd620ac92cf95bf8c1d1f2
11645,6583882ca853d66524856501b27519f5,1ba7e8cdf85da6cf5e11554703236b52,SO74334,105,HL-U509,3,105,d27974ca95fd620ac92cf95bf8c1d1f2
11645,6583882ca853d66524856501b27519f5,1ba7e8cdf85da6cf5e11554703236b52,SO74334,35,TI-M823,1,35,d27974ca95fd620ac92cf95bf8c1d1f2
11645,6583882ca853d66524856501b27519f5,1ba7e8cdf85da6cf5e11554703236b52,SO74334,5,TT-M928,1,5,d27974ca95fd620ac92cf95bf8c1d1f2
11646,94c60e0b5e2b0f78b919a5d4c67d70a2,0d15ba5aa4c9ad0377b26e0cf7a86280,SO62179,54,SJ-0194-S,1,54,9913e55755fcc4267a06c1e6adbbc7fb
11646,f46ace11e93788e473124f7be16a19d5,5c741aa8e0753be65314a304e7b39c14,SO62796,48,GL-H102-S,2,48,4555f65c4664801d78b9f5477f89d8fd
11646,f46ace11e93788e473124f7be16a19d5,5c741aa8e0753be65314a304e7b39c14,SO62796,35,TI-M823,1,35,4555f65c4664801d78b9f5477f89d8fd
11647,deff8ad81a213d1110c1f409a7f40fcd,b8cc77f0099ae7d3a20b9f0b74d70b12,SO52826,10,BC-M005,1,10,f04e53711455521533f4c5ed7dcaa287
11647,deff8ad81a213d1110c1f409a7f40fcd,b8cc77f0099ae7d3a20b9f0b74d70b12,SO52826,4640,BK-M68S-46,2,4640,f04e53711455521533f4c5ed7dcaa287
11647,deff8ad81a213d1110c1f409a7f40fcd,b8cc77f0099ae7d3a20b9f0b74d70b12,SO52826,27,CA-1098,3,27,f04e53711455521533f4c5ed7dcaa287
11647,deff8ad81a213d1110c1f409a7f40fcd,b8cc77f0099ae7d3a20b9f0b74d70b12,SO52826,22,FE-6654,1,22,f04e53711455521533f4c5ed7dcaa287
11647,deff8ad81a213d1110c1f409a7f40fcd,b8cc77f0099ae7d3a20b9f0b74d70b12,SO52826,5,WB-H098,1,5,f04e53711455521533f4c5ed7dcaa287
11648,9d934f91c460e9947414d00048f2fa36,94b225b5b1f09ecd5e8ecdfb681ff04c,SO65100,54,SJ-0194-X,1,54,3f0c8308e4e2e5c4ddc1b7e19304f613
11648,e2f0a420a4c1a9e8e292761f835e0489,4eec6eda382b9c44e240ad4b4b5e9cc0,SO65595,35,TI-M823,1,35,9d934f91c460e9947414d00048f2fa36
11649,3c1811b546060d91957cc446aabc4a3c,3c4bf68562424c26986beae6ce13704a,SO55690,54,SJ-0194-X,1,54,3c8e2c51453f4d665f1050da871dead6
11649,d9f7611cf8d29b48a1d3d8fddb8c5b2e,55f9f4cb5784581a517e59904e0d5e2f,SO56674,2,PK-7098,1,2,fda052162862bb845297063fd71a580c
11649,d9f7611cf8d29b48a1d3d8fddb8c5b2e,55f9f4cb5784581a517e59904e0d5e2f,SO56674,35,TI-M823,1,35,fda052162862bb845297063fd71a580c
11650,4c6ed4daa82e7326b84c24f4c2ae7064,b2ce0ef2540789e8a6976165b6c917d8,SO73272,54,SJ-0194-L,1,54,aa14ddbc43aa2d3be1e6ac019bb7b5bc
11650,deff8ad81a213d1110c1f409a7f40fcd,b8cc77f0099ae7d3a20b9f0b74d70b12,SO52822,105,HL-U509-B,3,105,f04e53711455521533f4c5ed7dcaa287
11650,deff8ad81a213d1110c1f409a7f40fcd,b8cc77f0099ae7d3a20b9f0b74d70b12,SO52822,35,TI-M823,1,35,f04e53711455521533f4c5ed7dcaa287
11650,deff8ad81a213d1110c1f409a7f40fcd,b8cc77f0099ae7d3a20b9f0b74d70b12,SO52822,5,TT-M928,1,5,f04e53711455521533f4c5ed7dcaa287
11651,1685ca8ff12ea83725a1c35e1d89c5cd,15699e35c72c4036c71409f3f3d69528,SO53837,105,HL-U509-B,3,105,6d44506d59926d8d13d35f75d97f2a64
11651,1685ca8ff12ea83725a1c35e1d89c5cd,15699e35c72c4036c71409f3f3d69528,SO53837,25,TI-M267,1,25,6d44506d59926d8d13d35f75d97f2a64
11651,1685ca8ff12ea83725a1c35e1d89c5cd,15699e35c72c4036c71409f3f3d69528,SO53837,5,TT-M928,1,5,6d44506d59926d8d13d35f75d97f2a64
11651,226d694fb4b7f71d62444f9528be8704,714597fe9448176d17876617114a65bc,SO54017,35,TI-M823,1,35,9444f850ff0c10a862b4a6a9c4ab0a74
11651,4a70a3ec50fd16032883bf6fc79c55dd,4804ee33768b143d9706052696f7dfbd,SO61055,70,SH-W890-S,1,70,e0bcd0ff3072dfe15609d6be1529b0b8
11651,55f9f4cb5784581a517e59904e0d5e2f,9b6872ca1d80024637e967d1066bba0a,SO56039,30,TI-M602,1,30,1678083e7ff90bd404baad3f60bffa37
11651,55f9f4cb5784581a517e59904e0d5e2f,9b6872ca1d80024637e967d1066bba0a,SO56039,5,TT-M928,1,5,1678083e7ff90bd404baad3f60bffa37
11651,c885741a5e3e55c84950327011b70289,7e15f50bd26e439e6a22f5205a8064db,SO68638,21,TI-R092,1,21,0da2bc000f1fe4ea8746f9aea0bb5879
11652,47a161474962a6dcc03cfa64127a641f,8920fd63645007b243abb750709b1172,SO73207,27,CA-1098,3,27,c5ed53572c667b119dde2fc0f54de602
11652,47a161474962a6dcc03cfa64127a641f,8920fd63645007b243abb750709b1172,SO73207,70,SH-W890-L,1,70,c5ed53572c667b119dde2fc0f54de602
11652,4eec6eda382b9c44e240ad4b4b5e9cc0,f75e5f8c15ca91ec5c869dc3881f574f,SO64698,27,CA-1098,3,27,94b225b5b1f09ecd5e8ecdfb681ff04c
11652,4eec6eda382b9c44e240ad4b4b5e9cc0,f75e5f8c15ca91ec5c869dc3881f574f,SO64698,105,HL-U509-B,3,105,94b225b5b1f09ecd5e8ecdfb681ff04c
11652,4eec6eda382b9c44e240ad4b4b5e9cc0,f75e5f8c15ca91ec5c869dc3881f574f,SO64698,54,SJ-0194-L,1,54,94b225b5b1f09ecd5e8ecdfb681ff04c
11652,4eec6eda382b9c44e240ad4b4b5e9cc0,f75e5f8c15ca91ec5c869dc3881f574f,SO64698,25,TI-M267,1,25,94b225b5b1f09ecd5e8ecdfb681ff04c
11652,4eec6eda382b9c44e240ad4b4b5e9cc0,f75e5f8c15ca91ec5c869dc3881f574f,SO64698,5,TT-M928,1,5,94b225b5b1f09ecd5e8ecdfb681ff04c
11652,b0950d12c62d3aeda81b2e8d06f2aef4,e366e24b8ad0b1107528f2f58cd15a81,SO73375,8,CL-9009,1,8,a048b8d5f3f9178f163e2be055f0138b
11652,b0950d12c62d3aeda81b2e8d06f2aef4,e366e24b8ad0b1107528f2f58cd15a81,SO73375,2,PK-7098,1,2,a048b8d5f3f9178f163e2be055f0138b
11652,b0950d12c62d3aeda81b2e8d06f2aef4,e366e24b8ad0b1107528f2f58cd15a81,SO73375,35,TI-M823,1,35,a048b8d5f3f9178f163e2be055f0138b
11652,c507827aa5f4f6bbedf64058461c621b,6d1d8a1c7851eb5a946d45009cea6d9f,SO66451,2,PK-7098,1,2,dfcee565bb2da80a7b76451a5cd314a1
11652,c507827aa5f4f6bbedf64058461c621b,6d1d8a1c7851eb5a946d45009cea6d9f,SO66451,21,TI-R092,1,21,dfcee565bb2da80a7b76451a5cd314a1
11652,eef21e68ecca703bb338920b950f203c,f108e0cd2f96a0c22086f9d45ee08f19,SO60906,30,TI-M602,1,30,b21e833d3ead6056f1265f13fe1ff015
11652,eef21e68ecca703bb338920b950f203c,f108e0cd2f96a0c22086f9d45ee08f19,SO60906,5,TT-M928,1,5,b21e833d3ead6056f1265f13fe1ff015
11653,089c2a426c196c5ca5facb20896c90bb,bc761b2b7297029a695fbd6dd0470724,SO56280,54,SJ-0194-M,1,54,55f9f4cb5784581a517e59904e0d5e2f
11653,8eb7a1b0dba9fdd5f4248b9cb6b9119b,9f1ff00ea8fd9fd8f2d421ba5ec45a18,SO68235,105,HL-U509,3,105,c7390752782466cfc9a3ed7d3a79e046
11653,8eb7a1b0dba9fdd5f4248b9cb6b9119b,9f1ff00ea8fd9fd8f2d421ba5ec45a18,SO68235,150,LJ-0192-S,3,150,c7390752782466cfc9a3ed7d3a79e046
11653,8eb7a1b0dba9fdd5f4248b9cb6b9119b,9f1ff00ea8fd9fd8f2d421ba5ec45a18,SO68235,35,TI-M823,1,35,c7390752782466cfc9a3ed7d3a79e046
11653,8eb7a1b0dba9fdd5f4248b9cb6b9119b,9f1ff00ea8fd9fd8f2d421ba5ec45a18,SO68235,5,TT-M928,1,5,c7390752782466cfc9a3ed7d3a79e046
11654,1f46035fc72c89f13de95ed295e3f737,e1c989a8683174b4fd778fa463ff0253,SO45938,3578,BK-R93R-44,1,3578,a3e65268044e3e2a027f7c5bd50d1a88
11654,cae5717327bee7d74e261c550aa5081f,18025e6a8791d350428f65c0783ebd99,SO56739,4640,BK-M68S-38,2,4640,ed268f8f3837888893f896b7240f1254
11654,cae5717327bee7d74e261c550aa5081f,18025e6a8791d350428f65c0783ebd99,SO56739,22,FE-6654,1,22,ed268f8f3837888893f896b7240f1254
11654,cae5717327bee7d74e261c550aa5081f,18025e6a8791d350428f65c0783ebd99,SO56739,105,HL-U509-B,3,105,ed268f8f3837888893f896b7240f1254
11655,95a2a9aefc393f8630e934768cacf4cd,8f472ffe3ff3109f420ae91355ff8f3f,SO72159,35,TI-M823,1,35,38c9e5d1e366b4c5c36aae682bc960c4
11655,95a2a9aefc393f8630e934768cacf4cd,8f472ffe3ff3109f420ae91355ff8f3f,SO72159,5,TT-M928,1,5,38c9e5d1e366b4c5c36aae682bc960c4
11655,de5009f9bf3e9725d2381f4a5e913111,2296af5563b2061aa1d88124a37eecb7,SO67358,8,CL-9009,1,8,a1d0c0a14c6c8f8a8ef8220209c23a64
11655,de5009f9bf3e9725d2381f4a5e913111,2296af5563b2061aa1d88124a37eecb7,SO67358,2,PK-7098,1,2,a1d0c0a14c6c8f8a8ef8220209c23a64
11656,2fb09097185e604aaadbfde958fd6262,a1e59736d286765313b8212467dc64b2,SO74592,2,PK-7098,1,2,88d8e3ff674b1514a19b24621707f0d9
11656,dfcee565bb2da80a7b76451a5cd314a1,6582aa26281b9a92ad60e6a03e274c00,SO66183,105,HL-U509,3,105,64cadfde6f66bc25043d0d69f5ae5471
11656,dfcee565bb2da80a7b76451a5cd314a1,6582aa26281b9a92ad60e6a03e274c00,SO66183,35,TI-M823,1,35,64cadfde6f66bc25043d0d69f5ae5471
11656,dfcee565bb2da80a7b76451a5cd314a1,6582aa26281b9a92ad60e6a03e274c00,SO66183,5,TT-M928,1,5,64cadfde6f66bc25043d0d69f5ae5471
11657,478ecc8cdaa127c33884d9f6c72c2cd5,3fbd0407b55d3a3da21388a2ddbf881c,SO58618,105,HL-U509-B,3,105,174acf6ca4e9804d47a59a499422e621
11657,478ecc8cdaa127c33884d9f6c72c2cd5,3fbd0407b55d3a3da21388a2ddbf881c,SO58618,150,LJ-0192-X,3,150,174acf6ca4e9804d47a59a499422e621
11657,478ecc8cdaa127c33884d9f6c72c2cd5,3fbd0407b55d3a3da21388a2ddbf881c,SO58618,35,TI-M823,1,35,174acf6ca4e9804d47a59a499422e621
11657,478ecc8cdaa127c33884d9f6c72c2cd5,3fbd0407b55d3a3da21388a2ddbf881c,SO58618,5,TT-M928,1,5,174acf6ca4e9804d47a59a499422e621
11657,d4ae40bdb21d7c1f4fee96082340d3a2,9a027fc72b503940a96d5137762a263e,SO75095,54,SJ-0194-S,1,54,08ff55594d8ca57b756a1953f77ebc89
11658,16918840d98f27ce45948fe73dd5592f,04dbdf67bb8714ba18c9c36d50d1f5dc,SO62731,9,SO-R809-M,1,9,95103530881768b5cfc7e33970db9cd7
11658,16918840d98f27ce45948fe73dd5592f,04dbdf67bb8714ba18c9c36d50d1f5dc,SO62731,35,TI-M823,1,35,95103530881768b5cfc7e33970db9cd7
11658,16918840d98f27ce45948fe73dd5592f,04dbdf67bb8714ba18c9c36d50d1f5dc,SO62731,5,TT-M928,1,5,95103530881768b5cfc7e33970db9cd7
11658,d9f7611cf8d29b48a1d3d8fddb8c5b2e,55f9f4cb5784581a517e59904e0d5e2f,SO56651,27,CA-1098,3,27,fda052162862bb845297063fd71a580c
11658,d9f7611cf8d29b48a1d3d8fddb8c5b2e,55f9f4cb5784581a517e59904e0d5e2f,SO56651,54,SJ-0194-M,1,54,fda052162862bb845297063fd71a580c
11659,0120f4004ede1143c3be6caa4227affe,93ddc10d6cf61153011df052aa76671f,SO66389,70,SH-W890-L,1,70,07b7d2aed13a63a16377587dcc0abbe8
11659,0120f4004ede1143c3be6caa4227affe,93ddc10d6cf61153011df052aa76671f,SO66389,9,SO-R809-L,1,9,07b7d2aed13a63a16377587dcc0abbe8
11659,40eee601514259a9632d510ca71226cc,8babade0595c11e14dd89058a850f2cd,SO74424,21,TI-R092,1,21,982b3b4109cce5d4e5bf1fcbe0ae259b
11659,5e1b952a22eccca86f7f056a9efb42a4,a8ef76a01442567fb64eb6f4408a9835,SO57706,105,HL-U509,3,105,40883861f6e25a2e09e848a7891f4f38
11659,5e1b952a22eccca86f7f056a9efb42a4,a8ef76a01442567fb64eb6f4408a9835,SO57706,25,TI-M267,1,25,40883861f6e25a2e09e848a7891f4f38
11659,5e1b952a22eccca86f7f056a9efb42a4,a8ef76a01442567fb64eb6f4408a9835,SO57706,5,TT-M928,1,5,40883861f6e25a2e09e848a7891f4f38
11659,691ad1b0dca3643b923973defd014d47,6dd75c28a9a8a39e02bc0a175f82a9f3,SO67791,2,PK-7098,1,2,9f1ff00ea8fd9fd8f2d421ba5ec45a18
11659,691ad1b0dca3643b923973defd014d47,6dd75c28a9a8a39e02bc0a175f82a9f3,SO67791,30,TI-M602,1,30,9f1ff00ea8fd9fd8f2d421ba5ec45a18
11659,dcf73f840a50da0145f24e8e0169dc4b,2797a91b25bc2aa85124c99bc574dc83,SO72036,2,PK-7098,1,2,d5985f40495ba672dff8a99620b879c8
11659,dcf73f840a50da0145f24e8e0169dc4b,2797a91b25bc2aa85124c99bc574dc83,SO72036,35,TI-M823,1,35,d5985f40495ba672dff8a99620b879c8
11660,4ddc8821c34bceaf3dba4a18741acca3,af1457846a79173ef71dd9d5dd69805a,SO61122,48,GL-H102-M,2,48,2d6e054ac82934d489c58cc8399a1628
11660,4ddc8821c34bceaf3dba4a18741acca3,af1457846a79173ef71dd9d5dd69805a,SO61122,105,HL-U509-B,3,105,2d6e054ac82934d489c58cc8399a1628
11660,4ddc8821c34bceaf3dba4a18741acca3,af1457846a79173ef71dd9d5dd69805a,SO61122,25,TI-M267,1,25,2d6e054ac82934d489c58cc8399a1628
11660,4ddc8821c34bceaf3dba4a18741acca3,af1457846a79173ef71dd9d5dd69805a,SO61122,5,TT-M928,1,5,2d6e054ac82934d489c58cc8399a1628
11660,5abaefcc8525a8f4cfd95cba9e926532,fde67888c64f701b59876ec559099b3e,SO57644,2,PK-7098,1,2,73b2264d673ee7b5b2e7e165020516ac
11660,5abaefcc8525a8f4cfd95cba9e926532,fde67888c64f701b59876ec559099b3e,SO57644,30,TI-M602,1,30,73b2264d673ee7b5b2e7e165020516ac
11660,5abaefcc8525a8f4cfd95cba9e926532,fde67888c64f701b59876ec559099b3e,SO57644,5,TT-M928,1,5,73b2264d673ee7b5b2e7e165020516ac
11660,94b225b5b1f09ecd5e8ecdfb681ff04c,03bf7d2a8718ee9aca4bd2f37e962fc4,SO64325,70,SH-W890-L,1,70,61e00b038efd34bdf9c747596273cbcf
11660,94b225b5b1f09ecd5e8ecdfb681ff04c,03bf7d2a8718ee9aca4bd2f37e962fc4,SO64325,54,SJ-0194-M,1,54,61e00b038efd34bdf9c747596273cbcf
11660,b0b2c17e5682f78d8fc262463fd0a4f3,375bde15092f45652b6398c1dff650d0,SO57970,2,PK-7098,1,2,5e1b952a22eccca86f7f056a9efb42a4
11660,b0b2c17e5682f78d8fc262463fd0a4f3,375bde15092f45652b6398c1dff650d0,SO57970,21,TI-R092,1,21,5e1b952a22eccca86f7f056a9efb42a4
11660,f108e0cd2f96a0c22086f9d45ee08f19,ad0b7f5ad35732646f1e5f67418d5995,SO60156,8,CL-9009,1,8,7983129d9883ebc3b9dce3311996b001
11660,f108e0cd2f96a0c22086f9d45ee08f19,ad0b7f5ad35732646f1e5f67418d5995,SO60156,2,PK-7098,1,2,7983129d9883ebc3b9dce3311996b001
11660,f108e0cd2f96a0c22086f9d45ee08f19,ad0b7f5ad35732646f1e5f67418d5995,SO60156,35,TI-M823,1,35,7983129d9883ebc3b9dce3311996b001
11660,f108e0cd2f96a0c22086f9d45ee08f19,ad0b7f5ad35732646f1e5f67418d5995,SO60156,5,TT-M928,1,5,7983129d9883ebc3b9dce3311996b001
11661,1678083e7ff90bd404baad3f60bffa37,7b0730955172ecda497d7cca6b1d87a1,SO55759,105,HL-U509-R,3,105,73a69a5c77a7d23172e54d7ce07a638e
11661,1678083e7ff90bd404baad3f60bffa37,7b0730955172ecda497d7cca6b1d87a1,SO55759,30,TI-M602,1,30,73a69a5c77a7d23172e54d7ce07a638e
11661,1678083e7ff90bd404baad3f60bffa37,7b0730955172ecda497d7cca6b1d87a1,SO55759,5,TT-M928,1,5,73a69a5c77a7d23172e54d7ce07a638e
11661,3a2f313512bb520c43971e54ba834dec,a1fedb8f5f2e08543339a5f167bee6b7,SO65892,2,PK-7098,1,2,e2f0a420a4c1a9e8e292761f835e0489
11661,3a2f313512bb520c43971e54ba834dec,a1fedb8f5f2e08543339a5f167bee6b7,SO65892,25,TI-M267,1,25,e2f0a420a4c1a9e8e292761f835e0489
11661,3a2f313512bb520c43971e54ba834dec,a1fedb8f5f2e08543339a5f167bee6b7,SO65892,5,TT-M928,1,5,e2f0a420a4c1a9e8e292761f835e0489
11661,5e1b952a22eccca86f7f056a9efb42a4,a8ef76a01442567fb64eb6f4408a9835,SO57723,35,TI-M823,1,35,40883861f6e25a2e09e848a7891f4f38
11661,88077cf01a3e17831c2d0bcca5897c5b,95a2a9aefc393f8630e934768cacf4cd,SO73055,150,LJ-0192-S,3,150,86e0fc464cbb08ae74bd039224afec9a
11661,88077cf01a3e17831c2d0bcca5897c5b,95a2a9aefc393f8630e934768cacf4cd,SO73055,70,SH-W890-M,1,70,86e0fc464cbb08ae74bd039224afec9a
11661,fe1fd19c021e78ec395980c2e347865e,16e364d19895243407b256ec272d5394,SO68352,27,CA-1098,3,27,63efdd3324df66c9965bd622cdebe06a
11661,fe1fd19c021e78ec395980c2e347865e,16e364d19895243407b256ec272d5394,SO68352,21,TI-R092,1,21,63efdd3324df66c9965bd622cdebe06a
11662,de22d232bbe84481579f6252f1e7091d,cae5717327bee7d74e261c550aa5081f,SO57565,2,PK-7098,1,2,ab4946738415af86b5e3cee69b13301f
11662,de22d232bbe84481579f6252f1e7091d,cae5717327bee7d74e261c550aa5081f,SO57565,35,TI-M823,1,35,ab4946738415af86b5e3cee69b13301f
11662,f8025d3776b5f7522a6120cb4e9e0783,2d6e054ac82934d489c58cc8399a1628,SO61605,27,CA-1098,3,27,d945ec2aae74dbfb829453026b91c235
11662,f8025d3776b5f7522a6120cb4e9e0783,2d6e054ac82934d489c58cc8399a1628,SO61605,54,SJ-0194-M,1,54,d945ec2aae74dbfb829453026b91c235
11663,cf4f13c16dae1f2408e65c290fefcbaa,17aa93a3dd7f6454bc0d81beb182a5e6,SO46018,3578,BK-R93R-48,1,3578,2fdcff2fdbe32f29016778bbf2d2634c
11663,deff8ad81a213d1110c1f409a7f40fcd,b8cc77f0099ae7d3a20b9f0b74d70b12,SO52827,4590,BK-M68B-38,2,4590,f04e53711455521533f4c5ed7dcaa287
11663,deff8ad81a213d1110c1f409a7f40fcd,b8cc77f0099ae7d3a20b9f0b74d70b12,SO52827,105,HL-U509,3,105,f04e53711455521533f4c5ed7dcaa287
11663,deff8ad81a213d1110c1f409a7f40fcd,b8cc77f0099ae7d3a20b9f0b74d70b12,SO52827,35,TI-M823,1,35,f04e53711455521533f4c5ed7dcaa287
11663,deff8ad81a213d1110c1f409a7f40fcd,b8cc77f0099ae7d3a20b9f0b74d70b12,SO52827,5,TT-M928,1,5,f04e53711455521533f4c5ed7dcaa287
11664,9b98d27287b27eeee9ebc06e1d5a9a8d,0dc34ca2aaa8612cde077f1880b78b25,SO53120,4590,BK-M68B-42,2,4590,18bea060239713ee5f865109f63f3a8a
11664,9b98d27287b27eeee9ebc06e1d5a9a8d,0dc34ca2aaa8612cde077f1880b78b25,SO53120,105,HL-U509,3,105,18bea060239713ee5f865109f63f3a8a
11664,9b98d27287b27eeee9ebc06e1d5a9a8d,0dc34ca2aaa8612cde077f1880b78b25,SO53120,35,TI-M823,1,35,18bea060239713ee5f865109f63f3a8a
11664,9b98d27287b27eeee9ebc06e1d5a9a8d,0dc34ca2aaa8612cde077f1880b78b25,SO53120,5,TT-M928,1,5,18bea060239713ee5f865109f63f3a8a
11664,e18c2b136f61489c334cb708a5c6d75f,aae455c4d64d3ffe63d05cfe29e8fcdd,SO46004,3578,BK-R93R-44,1,3578,02bc737163cde26453ad278829f046f2
11665,a3e65268044e3e2a027f7c5bd50d1a88,ee0fcf6f6c7f398dea5b39f50af66f66,SO45901,3578,BK-R93R-48,1,3578,654bc11cf88df4bb20f9816e51982e64
11665,c375f33d72ca7161f341c2726e82d67a,9f79f7706bc6a7654ef0b8977966f69a,SO52760,4590,BK-M68B-42,2,4590,0dc34ca2aaa8612cde077f1880b78b25
11665,c375f33d72ca7161f341c2726e82d67a,9f79f7706bc6a7654ef0b8977966f69a,SO52760,22,FE-6654,1,22,0dc34ca2aaa8612cde077f1880b78b25
11665,c375f33d72ca7161f341c2726e82d67a,9f79f7706bc6a7654ef0b8977966f69a,SO52760,105,HL-U509-R,3,105,0dc34ca2aaa8612cde077f1880b78b25
11666,39106a04f091528b34339175a1913836,d5bc8f6048b5d9c5610a083b3df65c9e,SO45934,3578,BK-R93R-52,1,3578,0a4b6bdfa942be79610a09d2da131410
11666,dca79d69a6b38e95c4b03bfab997796c,e5bf4a4a03e320ed76cf2ca68fa5b4c0,SO52396,4590,BK-M68B-46,2,4590,9f79f7706bc6a7654ef0b8977966f69a
11666,dca79d69a6b38e95c4b03bfab997796c,e5bf4a4a03e320ed76cf2ca68fa5b4c0,SO52396,105,HL-U509-R,3,105,9f79f7706bc6a7654ef0b8977966f69a
11666,dca79d69a6b38e95c4b03bfab997796c,e5bf4a4a03e320ed76cf2ca68fa5b4c0,SO52396,35,TI-M823,1,35,9f79f7706bc6a7654ef0b8977966f69a
11666,dca79d69a6b38e95c4b03bfab997796c,e5bf4a4a03e320ed76cf2ca68fa5b4c0,SO52396,5,TT-M928,1,5,9f79f7706bc6a7654ef0b8977966f69a
11667,43e2cc7ff261723f93f64f3f7e9faa8d,a6f2945baeceeef4c8d541a22f6e99e9,SO73461,2,PK-7098,1,2,88077cf01a3e17831c2d0bcca5897c5b
11667,43e2cc7ff261723f93f64f3f7e9faa8d,a6f2945baeceeef4c8d541a22f6e99e9,SO73461,35,TI-M823,1,35,88077cf01a3e17831c2d0bcca5897c5b
11667,76918877cf6ce7011018cd9708723392,883b9b4170853b321c03290f64ba199f,SO61493,54,SJ-0194-M,1,54,4ddc8821c34bceaf3dba4a18741acca3
11668,0e000451f430d2e5b745a08b4ee7836c,9795c57676ee8b8b6ba9a6f9014a520b,SO74342,54,SJ-0194-X,1,54,e4b40b4ba619c72ec5a69caad258d393
11668,47a161474962a6dcc03cfa64127a641f,8920fd63645007b243abb750709b1172,SO73220,105,HL-U509-B,3,105,c5ed53572c667b119dde2fc0f54de602
11668,47a161474962a6dcc03cfa64127a641f,8920fd63645007b243abb750709b1172,SO73220,35,TI-M823,1,35,c5ed53572c667b119dde2fc0f54de602
11668,47a161474962a6dcc03cfa64127a641f,8920fd63645007b243abb750709b1172,SO73220,5,TT-M928,1,5,c5ed53572c667b119dde2fc0f54de602
11669,232e830f1ac667c081eaaca23cdf9b5f,4b5c3229e0725ef8d303f494db9faec8,SO64470,27,CA-1098,3,27,abe94c2111c58e9c9672602d41bce66e
11669,232e830f1ac667c081eaaca23cdf9b5f,4b5c3229e0725ef8d303f494db9faec8,SO64470,54,SJ-0194-M,1,54,abe94c2111c58e9c9672602d41bce66e
11669,c87874400b9f907bdf9ea37d75a4b341,23bd9a9b90557e9da7babfb8e3d2df22,SO64575,8,CL-9009,1,8,8b9fe4b34e3c54f08bfcac3d9691e260
11669,c87874400b9f907bdf9ea37d75a4b341,23bd9a9b90557e9da7babfb8e3d2df22,SO64575,2,PK-7098,1,2,8b9fe4b34e3c54f08bfcac3d9691e260
11669,c87874400b9f907bdf9ea37d75a4b341,23bd9a9b90557e9da7babfb8e3d2df22,SO64575,35,TI-M823,1,35,8b9fe4b34e3c54f08bfcac3d9691e260
11669,c87874400b9f907bdf9ea37d75a4b341,23bd9a9b90557e9da7babfb8e3d2df22,SO64575,5,TT-M928,1,5,8b9fe4b34e3c54f08bfcac3d9691e260
11670,a2c49941411089cb2a9cbf78cb803c26,73a69a5c77a7d23172e54d7ce07a638e,SO56135,27,CA-1098,3,27,39fe373cdcb4534addde73890415b660
11670,a2c49941411089cb2a9cbf78cb803c26,73a69a5c77a7d23172e54d7ce07a638e,SO56135,54,SJ-0194-X,1,54,39fe373cdcb4534addde73890415b660
11670,f88b3743a9ce1f9455b6de69380b486a,64cadfde6f66bc25043d0d69f5ae5471,SO66611,2,PK-7098,1,2,3dc63b2d6dcc8f0b6720b06b5439a0b1
11670,f88b3743a9ce1f9455b6de69380b486a,64cadfde6f66bc25043d0d69f5ae5471,SO66611,35,TI-M823,1,35,3dc63b2d6dcc8f0b6720b06b5439a0b1
11671,39fe373cdcb4534addde73890415b660,41fc4cb27e0ee552c4c9247e1a476cc5,SO55912,4640,BK-M68S-38,2,4640,3519c8eb4095dbc69d80eb61856d3435
11671,39fe373cdcb4534addde73890415b660,41fc4cb27e0ee552c4c9247e1a476cc5,SO55912,22,FE-6654,1,22,3519c8eb4095dbc69d80eb61856d3435
11671,39fe373cdcb4534addde73890415b660,41fc4cb27e0ee552c4c9247e1a476cc5,SO55912,150,LJ-0192-L,3,150,3519c8eb4095dbc69d80eb61856d3435
11671,4539d5ac3ea4fd1548956fea790162f5,68ffff9a6ccdd4edb0a94daa1483c356,SO45960,3578,BK-R93R-56,1,3578,17aa93a3dd7f6454bc0d81beb182a5e6
11672,f46ace11e93788e473124f7be16a19d5,5c741aa8e0753be65314a304e7b39c14,SO62795,48,GL-H102-M,2,48,4555f65c4664801d78b9f5477f89d8fd
11672,f46ace11e93788e473124f7be16a19d5,5c741aa8e0753be65314a304e7b39c14,SO62795,35,TI-M823,1,35,4555f65c4664801d78b9f5477f89d8fd
11672,f88b3743a9ce1f9455b6de69380b486a,64cadfde6f66bc25043d0d69f5ae5471,SO66580,54,SJ-0194-S,1,54,3dc63b2d6dcc8f0b6720b06b5439a0b1
11673,9223b53f03a405f817e91392f0294f6a,3e07f09fb2edbdf0bf6a54c17634514b,SO53818,27,CA-1098,3,27,14e4b13c27fb9bce9938ce35b6597eca
11673,9223b53f03a405f817e91392f0294f6a,3e07f09fb2edbdf0bf6a54c17634514b,SO53818,105,HL-U509,3,105,14e4b13c27fb9bce9938ce35b6597eca
11673,9223b53f03a405f817e91392f0294f6a,3e07f09fb2edbdf0bf6a54c17634514b,SO53818,54,SJ-0194-S,1,54,14e4b13c27fb9bce9938ce35b6597eca
11673,9223b53f03a405f817e91392f0294f6a,3e07f09fb2edbdf0bf6a54c17634514b,SO53818,35,TI-M823,1,35,14e4b13c27fb9bce9938ce35b6597eca
11673,9223b53f03a405f817e91392f0294f6a,3e07f09fb2edbdf0bf6a54c17634514b,SO53818,5,TT-M928,1,5,14e4b13c27fb9bce9938ce35b6597eca
11673,db2b287636ac5ebda430de4f3f643b24,7af7abc5e37d5fa2e2334b4fec2584e2,SO51981,54,SJ-0194-L,1,54,bee2b842cd357511cf4c8e509f5af192
11674,232e830f1ac667c081eaaca23cdf9b5f,4b5c3229e0725ef8d303f494db9faec8,SO64498,2,PK-7098,1,2,abe94c2111c58e9c9672602d41bce66e
11674,232e830f1ac667c081eaaca23cdf9b5f,4b5c3229e0725ef8d303f494db9faec8,SO64498,35,TI-M823,1,35,abe94c2111c58e9c9672602d41bce66e
11674,232e830f1ac667c081eaaca23cdf9b5f,4b5c3229e0725ef8d303f494db9faec8,SO64498,5,TT-M928,1,5,abe94c2111c58e9c9672602d41bce66e
11674,e7df1b3ee078bdcfc260a877f321287d,4dbf892d41ae205f6e36838031cff786,SO59090,54,SJ-0194-S,1,54,478ecc8cdaa127c33884d9f6c72c2cd5
11675,0dc34ca2aaa8612cde077f1880b78b25,361e2c62255e0c1887ac2139911ca300,SO52514,4640,BK-M68S-46,2,4640,7f026edc73bd4602381834e9b850d6c2
11675,790ee96c1472965375882b30fc089300,a3e65268044e3e2a027f7c5bd50d1a88,SO45988,3578,BK-R93R-56,1,3578,37a5117199a38b7e31d389445dab0cef
11676,86e0fc464cbb08ae74bd039224afec9a,38c9e5d1e366b4c5c36aae682bc960c4,SO72686,2,PK-7098,1,2,8920fd63645007b243abb750709b1172
11676,86e0fc464cbb08ae74bd039224afec9a,38c9e5d1e366b4c5c36aae682bc960c4,SO72686,35,TI-M823,1,35,8920fd63645007b243abb750709b1172
11676,a6d37e298c3042e300813f55a17e0875,99b7e934795a93975a5e0c0b9b57d9ba,SO64621,54,SJ-0194-M,1,54,b0241b451647f25db5f52074445d820c
11677,058af5b2a408d57b708367e5bf4e9d9c,e82ca4c6beebe812f10fa1041b97a160,SO66789,2,PK-7098,1,2,c507827aa5f4f6bbedf64058461c621b
11677,058af5b2a408d57b708367e5bf4e9d9c,e82ca4c6beebe812f10fa1041b97a160,SO66789,25,TI-M267,1,25,c507827aa5f4f6bbedf64058461c621b
11677,3c1811b546060d91957cc446aabc4a3c,3c4bf68562424c26986beae6ce13704a,SO55694,21,TI-R092,1,21,3c8e2c51453f4d665f1050da871dead6
11677,4efe8b2ca156042f8a3d8dd6aba54520,e2f0a420a4c1a9e8e292761f835e0489,SO66335,48,GL-H102-L,2,48,e82ca4c6beebe812f10fa1041b97a160
11677,4efe8b2ca156042f8a3d8dd6aba54520,e2f0a420a4c1a9e8e292761f835e0489,SO66335,105,HL-U509-R,3,105,e82ca4c6beebe812f10fa1041b97a160
11677,4efe8b2ca156042f8a3d8dd6aba54520,e2f0a420a4c1a9e8e292761f835e0489,SO66335,30,TI-M602,1,30,e82ca4c6beebe812f10fa1041b97a160
11677,4efe8b2ca156042f8a3d8dd6aba54520,e2f0a420a4c1a9e8e292761f835e0489,SO66335,5,TT-M928,1,5,e82ca4c6beebe812f10fa1041b97a160
11677,6d1d8a1c7851eb5a946d45009cea6d9f,3f0c8308e4e2e5c4ddc1b7e19304f613,SO65699,150,LJ-0192-M,3,150,6582aa26281b9a92ad60e6a03e274c00
11677,6d1d8a1c7851eb5a946d45009cea6d9f,3f0c8308e4e2e5c4ddc1b7e19304f613,SO65699,70,SH-W890-L,1,70,6582aa26281b9a92ad60e6a03e274c00
11677,dcf73f840a50da0145f24e8e0169dc4b,2797a91b25bc2aa85124c99bc574dc83,SO72035,35,TI-M823,1,35,d5985f40495ba672dff8a99620b879c8
11678,7233744a010a9a2e1f7a7eb4772ddfa5,0e0438a8bdbea53929bd664be8421837,SO45884,3578,BK-R93R-52,1,3578,d5bc8f6048b5d9c5610a083b3df65c9e
11678,f799d104dd23bb828dcdaaefc4d25b61,ca510b577b53d588f80b4fc76030ea52,SO52320,4640,BK-M68S-42,2,4640,cfceb7490eff6e660974507be7c579c6
11678,f799d104dd23bb828dcdaaefc4d25b61,ca510b577b53d588f80b4fc76030ea52,SO52320,2,PK-7098,1,2,cfceb7490eff6e660974507be7c579c6
11679,0d3057f268050d468f468434f8ec809a,fd5ba6fdeb81e07b2caf0b103489bd8d,SO71962,54,SJ-0194-M,1,54,921bc92a493b53f98f24e6a8a12801be
11679,0da2bc000f1fe4ea8746f9aea0bb5879,702a02712215141594ddf8e52b0a651c,SO68317,22,FE-6654,1,22,b34050290c25b0f7b52a2b8f767df87d
11679,0da2bc000f1fe4ea8746f9aea0bb5879,702a02712215141594ddf8e52b0a651c,SO68317,105,HL-U509,3,105,b34050290c25b0f7b52a2b8f767df87d
11679,0da2bc000f1fe4ea8746f9aea0bb5879,702a02712215141594ddf8e52b0a651c,SO68317,35,TI-M823,1,35,b34050290c25b0f7b52a2b8f767df87d
11680,8592725b85eec4822018b8728dd5b88d,88d8e3ff674b1514a19b24621707f0d9,SO74814,54,SJ-0194-M,1,54,56e52500a7f5ab963646137a401683cd
11680,8d1d4829b2e801ba4e41ba48f5a549d4,a6d37e298c3042e300813f55a17e0875,SO65537,35,TI-M823,1,35,ccf89c691dabb1412404274596922d90
11680,8d1d4829b2e801ba4e41ba48f5a549d4,a6d37e298c3042e300813f55a17e0875,SO65537,5,TT-M928,1,5,ccf89c691dabb1412404274596922d90
11681,226d694fb4b7f71d62444f9528be8704,714597fe9448176d17876617114a65bc,SO53991,27,CA-1098,3,27,9444f850ff0c10a862b4a6a9c4ab0a74
11681,226d694fb4b7f71d62444f9528be8704,714597fe9448176d17876617114a65bc,SO53991,54,SJ-0194-S,1,54,9444f850ff0c10a862b4a6a9c4ab0a74
11681,d5985f40495ba672dff8a99620b879c8,a9adf65abbb865184bf924d14a93d0c4,SO71536,105,HL-U509-B,3,105,8f472ffe3ff3109f420ae91355ff8f3f
11681,d5985f40495ba672dff8a99620b879c8,a9adf65abbb865184bf924d14a93d0c4,SO71536,35,TI-M823,1,35,8f472ffe3ff3109f420ae91355ff8f3f
11681,d5985f40495ba672dff8a99620b879c8,a9adf65abbb865184bf924d14a93d0c4,SO71536,5,TT-M928,1,5,8f472ffe3ff3109f420ae91355ff8f3f
11682,6866da5d40f1aad2d82129d5ffa25bda,b68fd63ca41d49bfc1b18251202c053f,SO65772,159,ST-1401,1,159,eea5b3bd1bd5d5c62a1d22f78d3ba263
11682,6866da5d40f1aad2d82129d5ffa25bda,b68fd63ca41d49bfc1b18251202c053f,SO65772,35,TI-M823,1,35,eea5b3bd1bd5d5c62a1d22f78d3ba263
11682,6866da5d40f1aad2d82129d5ffa25bda,b68fd63ca41d49bfc1b18251202c053f,SO65772,5,TT-M928,1,5,eea5b3bd1bd5d5c62a1d22f78d3ba263
11682,86e0fc464cbb08ae74bd039224afec9a,38c9e5d1e366b4c5c36aae682bc960c4,SO72663,54,SJ-0194-X,1,54,8920fd63645007b243abb750709b1172
11683,d5bc8f6048b5d9c5610a083b3df65c9e,90b02462c4aa07aa9f640001bc1770d2,SO45851,3578,BK-R93R-48,1,3578,1f760221df457e3dd3ffaf756be2b521
11683,dca79d69a6b38e95c4b03bfab997796c,e5bf4a4a03e320ed76cf2ca68fa5b4c0,SO52397,10,BC-M005,1,10,9f79f7706bc6a7654ef0b8977966f69a
11683,dca79d69a6b38e95c4b03bfab997796c,e5bf4a4a03e320ed76cf2ca68fa5b4c0,SO52397,4590,BK-M68B-38,2,4590,9f79f7706bc6a7654ef0b8977966f69a
11683,dca79d69a6b38e95c4b03bfab997796c,e5bf4a4a03e320ed76cf2ca68fa5b4c0,SO52397,27,CA-1098,3,27,9f79f7706bc6a7654ef0b8977966f69a
11683,dca79d69a6b38e95c4b03bfab997796c,e5bf4a4a03e320ed76cf2ca68fa5b4c0,SO52397,5,WB-H098,1,5,9f79f7706bc6a7654ef0b8977966f69a
11684,aa14ddbc43aa2d3be1e6ac019bb7b5bc,dcf73f840a50da0145f24e8e0169dc4b,SO72898,35,TI-M823,1,35,a6f2945baeceeef4c8d541a22f6e99e9
11684,aa14ddbc43aa2d3be1e6ac019bb7b5bc,dcf73f840a50da0145f24e8e0169dc4b,SO72898,5,TT-M928,1,5,a6f2945baeceeef4c8d541a22f6e99e9
11684,d945ec2aae74dbfb829453026b91c235,348f48807f500aeac729fb17d9bc97f1,SO61328,54,SJ-0194-L,1,54,eef21e68ecca703bb338920b950f203c
11685,a048b8d5f3f9178f163e2be055f0138b,c83e871e48c2716e0f28e60d166a5c98,SO72973,27,CA-1098,3,27,41ef6b06b63ba4f6a5234245a439b157
11685,a048b8d5f3f9178f163e2be055f0138b,c83e871e48c2716e0f28e60d166a5c98,SO72973,54,SJ-0194-L,1,54,41ef6b06b63ba4f6a5234245a439b157
11685,b8d9d66529b0a1e91f6137abcdd065dd,6d44506d59926d8d13d35f75d97f2a64,SO54230,8,CL-9009,1,8,90c6314650a0d54fdcabe5cd5406f9af
11685,b8d9d66529b0a1e91f6137abcdd065dd,6d44506d59926d8d13d35f75d97f2a64,SO54230,35,TI-M823,1,35,90c6314650a0d54fdcabe5cd5406f9af
11685,b8d9d66529b0a1e91f6137abcdd065dd,6d44506d59926d8d13d35f75d97f2a64,SO54230,5,TT-M928,1,5,90c6314650a0d54fdcabe5cd5406f9af
11686,cae5717327bee7d74e261c550aa5081f,18025e6a8791d350428f65c0783ebd99,SO56734,105,HL-U509,3,105,ed268f8f3837888893f896b7240f1254
11686,cae5717327bee7d74e261c550aa5081f,18025e6a8791d350428f65c0783ebd99,SO56734,35,TI-M823,1,35,ed268f8f3837888893f896b7240f1254
11686,cae5717327bee7d74e261c550aa5081f,18025e6a8791d350428f65c0783ebd99,SO56734,5,TT-M928,1,5,ed268f8f3837888893f896b7240f1254
11686,da9c4ba6c9a1ae8725389bfd38b5763a,3e48b2167bd86ef570e46d0b286c4f74,SO54050,54,SJ-0194-S,1,54,9223b53f03a405f817e91392f0294f6a
11687,18025e6a8791d350428f65c0783ebd99,3c8e2c51453f4d665f1050da871dead6,SO56100,35,TI-M823,1,35,a9cefc49af6424b430612adfc69876ee
11687,b21e833d3ead6056f1265f13fe1ff015,7983129d9883ebc3b9dce3311996b001,SO60576,27,CA-1098,3,27,4804ee33768b143d9706052696f7dfbd
11687,b21e833d3ead6056f1265f13fe1ff015,7983129d9883ebc3b9dce3311996b001,SO60576,54,SJ-0194-S,1,54,4804ee33768b143d9706052696f7dfbd
11688,c375f33d72ca7161f341c2726e82d67a,9f79f7706bc6a7654ef0b8977966f69a,SO52758,4590,BK-M68B-42,2,4590,0dc34ca2aaa8612cde077f1880b78b25
11688,c375f33d72ca7161f341c2726e82d67a,9f79f7706bc6a7654ef0b8977966f69a,SO52758,27,CA-1098,3,27,0dc34ca2aaa8612cde077f1880b78b25
11688,c375f33d72ca7161f341c2726e82d67a,9f79f7706bc6a7654ef0b8977966f69a,SO52758,105,HL-U509,3,105,0dc34ca2aaa8612cde077f1880b78b25
11688,c375f33d72ca7161f341c2726e82d67a,9f79f7706bc6a7654ef0b8977966f69a,SO52758,150,LJ-0192-M,3,150,0dc34ca2aaa8612cde077f1880b78b25
11688,dcc3112eacc4c3fa1aaf2ea660552ee7,74cd52749cc4b84fea8b036cee2e0b9a,SO45835,3578,BK-R93R-52,1,3578,d69d5137102461b560d829e677b972db
11689,a1fedb8f5f2e08543339a5f167bee6b7,8b9fe4b34e3c54f08bfcac3d9691e260,SO64964,54,SJ-0194-S,1,54,4eec6eda382b9c44e240ad4b4b5e9cc0
11689,e2f0a420a4c1a9e8e292761f835e0489,4eec6eda382b9c44e240ad4b4b5e9cc0,SO65597,35,TI-M823,1,35,9d934f91c460e9947414d00048f2fa36
11690,790ee96c1472965375882b30fc089300,a3e65268044e3e2a027f7c5bd50d1a88,SO45984,3578,BK-R93R-52,1,3578,37a5117199a38b7e31d389445dab0cef
11690,fde67888c64f701b59876ec559099b3e,6353a8421ee460b64f2c988cc72a8391,SO56835,4590,BK-M68B-38,2,4590,4ceff7612cfa4420892fe23b23ca9265
11690,fde67888c64f701b59876ec559099b3e,6353a8421ee460b64f2c988cc72a8391,SO56835,22,FE-6654,1,22,4ceff7612cfa4420892fe23b23ca9265
11690,fde67888c64f701b59876ec559099b3e,6353a8421ee460b64f2c988cc72a8391,SO56835,9,SO-R809-M,1,9,4ceff7612cfa4420892fe23b23ca9265
11691,23f22724b430320654759f8512440ebc,485ae69515bc4c60ef546ff289741f60,SO58255,54,SJ-0194-X,1,54,b0b2c17e5682f78d8fc262463fd0a4f3
11691,f5933feadc49c253e4f0e77b236946e9,0b80ce5eab877cae9997209e0bee6e60,SO52447,22,FE-6654,1,22,b8cc77f0099ae7d3a20b9f0b74d70b12
11691,f5933feadc49c253e4f0e77b236946e9,0b80ce5eab877cae9997209e0bee6e60,SO52447,9,SO-R809-M,1,9,b8cc77f0099ae7d3a20b9f0b74d70b12
11691,f5933feadc49c253e4f0e77b236946e9,0b80ce5eab877cae9997209e0bee6e60,SO52447,35,TI-M823,1,35,b8cc77f0099ae7d3a20b9f0b74d70b12
11692,12092303778fcfa88ed7d284b74c6a6a,40eee601514259a9632d510ca71226cc,SO74792,54,SJ-0194-X,1,54,6cf9e035d2f1d8ffe1b9f2f96a9e7a3a
11692,2ed3972e38245b633ec6b146c2970148,6477c205c5117a9448ba863e111acf32,SO61704,35,TI-M823,1,35,2becb9647677a1a316b388bbad689580
11692,2ed3972e38245b633ec6b146c2970148,6477c205c5117a9448ba863e111acf32,SO61704,5,TT-M928,1,5,2becb9647677a1a316b388bbad689580
11693,361e2c62255e0c1887ac2139911ca300,20b5e9ce0f87defd975a322149ec8cc6,SO51916,4590,BK-M68B-38,2,4590,eedd9be5500334505ed9d4aef801ac3d
11694,55f9f4cb5784581a517e59904e0d5e2f,9b6872ca1d80024637e967d1066bba0a,SO56050,105,HL-U509-B,3,105,1678083e7ff90bd404baad3f60bffa37
11694,55f9f4cb5784581a517e59904e0d5e2f,9b6872ca1d80024637e967d1066bba0a,SO56050,35,TI-M823,1,35,1678083e7ff90bd404baad3f60bffa37
11694,55f9f4cb5784581a517e59904e0d5e2f,9b6872ca1d80024637e967d1066bba0a,SO56050,5,TT-M928,1,5,1678083e7ff90bd404baad3f60bffa37
11694,8e8847c1bdf012037ee13bb62da8a5c1,c507827aa5f4f6bbedf64058461c621b,SO67217,54,SJ-0194-S,1,54,6dd75c28a9a8a39e02bc0a175f82a9f3
11695,5691ac18f59a9af20f9d8703772afbba,d8a4ea0dc4237ee8690ee37b3902fd0e,SO55948,105,HL-U509-B,3,105,bc761b2b7297029a695fbd6dd0470724
11695,5691ac18f59a9af20f9d8703772afbba,d8a4ea0dc4237ee8690ee37b3902fd0e,SO55948,35,TI-M823,1,35,bc761b2b7297029a695fbd6dd0470724
11695,5691ac18f59a9af20f9d8703772afbba,d8a4ea0dc4237ee8690ee37b3902fd0e,SO55948,5,TT-M928,1,5,bc761b2b7297029a695fbd6dd0470724
11695,c87874400b9f907bdf9ea37d75a4b341,23bd9a9b90557e9da7babfb8e3d2df22,SO64550,54,SJ-0194-L,1,54,8b9fe4b34e3c54f08bfcac3d9691e260
11696,d76e0ba1fa041675ae9af958c5b41ae4,b988e88fd94a3b47434beeb650cff880,SO56997,4590,BK-M68B-46,2,4590,cae5717327bee7d74e261c550aa5081f
11696,ee0fcf6f6c7f398dea5b39f50af66f66,1b30ec3bcb718d69a0b3a02c36113181,SO45824,3578,BK-R93R-48,1,3578,46b4f921be4883580ee6326a1e99fcfc
11697,23bd9a9b90557e9da7babfb8e3d2df22,b210069485754303767745919c328b97,SO63787,150,LJ-0192-M,3,150,a946e75bc65318721cd1e01162d392dd
11697,23bd9a9b90557e9da7babfb8e3d2df22,b210069485754303767745919c328b97,SO63787,35,TI-M823,1,35,a946e75bc65318721cd1e01162d392dd
11697,23bd9a9b90557e9da7babfb8e3d2df22,b210069485754303767745919c328b97,SO63787,5,TT-M928,1,5,a946e75bc65318721cd1e01162d392dd
11697,6e32728b966bb91cefefa1316da21ca8,b322422d9a721bbdefa133133dd407c1,SO67706,27,CA-1098,3,27,de5009f9bf3e9725d2381f4a5e913111
11697,6e32728b966bb91cefefa1316da21ca8,b322422d9a721bbdefa133133dd407c1,SO67706,54,SJ-0194-M,1,54,de5009f9bf3e9725d2381f4a5e913111
11698,089c2a426c196c5ca5facb20896c90bb,bc761b2b7297029a695fbd6dd0470724,SO56286,48,GL-H102-S,2,48,55f9f4cb5784581a517e59904e0d5e2f
11698,089c2a426c196c5ca5facb20896c90bb,bc761b2b7297029a695fbd6dd0470724,SO56286,25,TI-M267,1,25,55f9f4cb5784581a517e59904e0d5e2f
11698,3c8e2c51453f4d665f1050da871dead6,1f50dad3f1493a5cf408c4eb3987479e,SO55429,35,TI-M823,1,35,d34ba8f5d7fd7d5959a34c283fbec422
11698,40ff348468b73116a7077c246985e0bf,a2c49941411089cb2a9cbf78cb803c26,SO56772,150,LJ-0192-M,3,150,830e779850b1d58733a7ad711bf6b83f
11698,40ff348468b73116a7077c246985e0bf,a2c49941411089cb2a9cbf78cb803c26,SO56772,70,SH-W890-L,1,70,830e779850b1d58733a7ad711bf6b83f
11698,56e52500a7f5ab963646137a401683cd,df09a3a727ac0f29208c5ef3bf7625e6,SO74662,30,TI-M602,1,30,13b7c2277967bc61802018c764b5b2a0
11698,8eb7a1b0dba9fdd5f4248b9cb6b9119b,9f1ff00ea8fd9fd8f2d421ba5ec45a18,SO68208,21,TI-R092,1,21,c7390752782466cfc9a3ed7d3a79e046
11699,df595e3c678d4fae23ce174fe747165e,07b31bae17c7890b17d79a654aa230cf,SO58847,27,CA-1098,3,27,75fe8d7dec9d2a51be64595ab37dc674
11699,df595e3c678d4fae23ce174fe747165e,07b31bae17c7890b17d79a654aa230cf,SO58847,54,SJ-0194-L,1,54,75fe8d7dec9d2a51be64595ab37dc674
11699,f75e5f8c15ca91ec5c869dc3881f574f,3a23b248b732af434a45fce0302aa11f,SO63919,22,FE-6654,1,22,03bf7d2a8718ee9aca4bd2f37e962fc4
11699,f75e5f8c15ca91ec5c869dc3881f574f,3a23b248b732af434a45fce0302aa11f,SO63919,2,PK-7098,1,2,03bf7d2a8718ee9aca4bd2f37e962fc4
11699,f75e5f8c15ca91ec5c869dc3881f574f,3a23b248b732af434a45fce0302aa11f,SO63919,35,TI-M823,1,35,03bf7d2a8718ee9aca4bd2f37e962fc4
11700,7983129d9883ebc3b9dce3311996b001,0df76889b3e31ccfd17b50cc73baef03,SO59797,105,HL-U509-B,3,105,7254e54716fe52361e62aa16ea2e0797
11700,7983129d9883ebc3b9dce3311996b001,0df76889b3e31ccfd17b50cc73baef03,SO59797,35,TI-M823,1,35,7254e54716fe52361e62aa16ea2e0797
11700,7983129d9883ebc3b9dce3311996b001,0df76889b3e31ccfd17b50cc73baef03,SO59797,5,TT-M928,1,5,7254e54716fe52361e62aa16ea2e0797
11700,9f79f7706bc6a7654ef0b8977966f69a,e2f7ff887646789ea003d03bc2025325,SO52122,27,CA-1098,3,27,361e2c62255e0c1887ac2139911ca300
11700,9f79f7706bc6a7654ef0b8977966f69a,e2f7ff887646789ea003d03bc2025325,SO52122,54,SJ-0194-S,1,54,361e2c62255e0c1887ac2139911ca300
11701,40883861f6e25a2e09e848a7891f4f38,eba5233d2dd8ea5031e646882335ece0,SO57459,105,HL-U509,3,105,d76e0ba1fa041675ae9af958c5b41ae4
11701,40883861f6e25a2e09e848a7891f4f38,eba5233d2dd8ea5031e646882335ece0,SO57459,35,TI-M823,1,35,d76e0ba1fa041675ae9af958c5b41ae4
11701,40883861f6e25a2e09e848a7891f4f38,eba5233d2dd8ea5031e646882335ece0,SO57459,5,TT-M928,1,5,d76e0ba1fa041675ae9af958c5b41ae4
11701,cae5717327bee7d74e261c550aa5081f,18025e6a8791d350428f65c0783ebd99,SO56706,54,SJ-0194-X,1,54,ed268f8f3837888893f896b7240f1254
11702,07b31bae17c7890b17d79a654aa230cf,a976f17830aceaaa93d5daef0bc209a3,SO58142,54,SJ-0194-S,1,54,ef5bad66aa19ccfb82cacb73584b83ea
11702,49fce086a31f1cfcf16b54e462f7cbc0,99c8f306659fd98cbb9d7f03ec0c2a7a,SO70794,2,PK-7098,1,2,e84848120190a8d0e696fbeb15647a74
11702,49fce086a31f1cfcf16b54e462f7cbc0,99c8f306659fd98cbb9d7f03ec0c2a7a,SO70794,35,TI-M823,1,35,e84848120190a8d0e696fbeb15647a74
11702,49fce086a31f1cfcf16b54e462f7cbc0,99c8f306659fd98cbb9d7f03ec0c2a7a,SO70794,5,TT-M928,1,5,e84848120190a8d0e696fbeb15647a74
11703,3db19f5f710f10e90ecc7154c649d60a,f544b472453b297a8b55709fbfd3746d,SO70907,2,PK-7098,1,2,fee8e08233f3f00450bce31967abb0f1
11703,3db19f5f710f10e90ecc7154c649d60a,f544b472453b297a8b55709fbfd3746d,SO70907,35,TI-M823,1,35,fee8e08233f3f00450bce31967abb0f1
11703,ad4fbe0c82c7e5968d4cf22c2ad19e28,72e75576254db1afef14ecdc050391c2,SO52681,27,CA-1098,3,27,f5933feadc49c253e4f0e77b236946e9
11703,ad4fbe0c82c7e5968d4cf22c2ad19e28,72e75576254db1afef14ecdc050391c2,SO52681,54,SJ-0194-S,1,54,f5933feadc49c253e4f0e77b236946e9
11704,2ed3972e38245b633ec6b146c2970148,6477c205c5117a9448ba863e111acf32,SO61703,35,TI-M823,1,35,2becb9647677a1a316b388bbad689580
11704,2ed3972e38245b633ec6b146c2970148,6477c205c5117a9448ba863e111acf32,SO61703,5,TT-M928,1,5,2becb9647677a1a316b388bbad689580
11704,8dd08d219271ec96c543f486de430703,d53f9d33cac0a297449a74a10d031570,SO62296,54,SJ-0194-S,1,54,04dbdf67bb8714ba18c9c36d50d1f5dc
11705,640540d73b85c3ecd2e3bf5541686e87,eba6cab7267f82e3b2a063d5ea445bb9,SO58758,4640,BK-M68S-46,2,4640,d630b2db6e8046e30b4728ca862ba4e1
11705,640540d73b85c3ecd2e3bf5541686e87,eba6cab7267f82e3b2a063d5ea445bb9,SO58758,2,PK-7098,1,2,d630b2db6e8046e30b4728ca862ba4e1
11705,640540d73b85c3ecd2e3bf5541686e87,eba6cab7267f82e3b2a063d5ea445bb9,SO58758,35,TI-M823,1,35,d630b2db6e8046e30b4728ca862ba4e1
11705,640540d73b85c3ecd2e3bf5541686e87,eba6cab7267f82e3b2a063d5ea445bb9,SO58758,5,TT-M928,1,5,d630b2db6e8046e30b4728ca862ba4e1
11705,cf4f13c16dae1f2408e65c290fefcbaa,17aa93a3dd7f6454bc0d81beb182a5e6,SO46013,3578,BK-R93R-44,1,3578,2fdcff2fdbe32f29016778bbf2d2634c
11706,6e32728b966bb91cefefa1316da21ca8,b322422d9a721bbdefa133133dd407c1,SO67705,54,SJ-0194-L,1,54,de5009f9bf3e9725d2381f4a5e913111
11706,da9c4ba6c9a1ae8725389bfd38b5763a,3e48b2167bd86ef570e46d0b286c4f74,SO54078,35,TI-M823,1,35,9223b53f03a405f817e91392f0294f6a
11707,7233744a010a9a2e1f7a7eb4772ddfa5,0e0438a8bdbea53929bd664be8421837,SO45880,3578,BK-R93R-52,1,3578,d5bc8f6048b5d9c5610a083b3df65c9e
11707,75fe8d7dec9d2a51be64595ab37dc674,ef5bad66aa19ccfb82cacb73584b83ea,SO58569,4640,BK-M68S-42,2,4640,23f22724b430320654759f8512440ebc
11707,75fe8d7dec9d2a51be64595ab37dc674,ef5bad66aa19ccfb82cacb73584b83ea,SO58569,22,FE-6654,1,22,23f22724b430320654759f8512440ebc
11707,75fe8d7dec9d2a51be64595ab37dc674,ef5bad66aa19ccfb82cacb73584b83ea,SO58569,55,HY-1023-70,1,55,23f22724b430320654759f8512440ebc
11707,75fe8d7dec9d2a51be64595ab37dc674,ef5bad66aa19ccfb82cacb73584b83ea,SO58569,150,LJ-0192-S,3,150,23f22724b430320654759f8512440ebc
11708,0df76889b3e31ccfd17b50cc73baef03,debbb2493c6588799fc787e1854bcda5,SO58812,4640,BK-M68S-46,2,4640,6eaadc1181f307997dc853d9ed40db36
11708,0df76889b3e31ccfd17b50cc73baef03,debbb2493c6588799fc787e1854bcda5,SO58812,8,CL-9009,1,8,6eaadc1181f307997dc853d9ed40db36
11708,0df76889b3e31ccfd17b50cc73baef03,debbb2493c6588799fc787e1854bcda5,SO58812,2,PK-7098,1,2,6eaadc1181f307997dc853d9ed40db36
11708,790ee96c1472965375882b30fc089300,a3e65268044e3e2a027f7c5bd50d1a88,SO45985,3578,BK-R93R-56,1,3578,37a5117199a38b7e31d389445dab0cef
11709,40ff348468b73116a7077c246985e0bf,a2c49941411089cb2a9cbf78cb803c26,SO56773,70,SH-W890-M,1,70,830e779850b1d58733a7ad711bf6b83f
11709,b8d9d66529b0a1e91f6137abcdd065dd,6d44506d59926d8d13d35f75d97f2a64,SO54208,21,TI-R092,1,21,90c6314650a0d54fdcabe5cd5406f9af
11709,cd15e5f80ff20dd345bfaa51400dd0d6,3a2f313512bb520c43971e54ba834dec,SO66680,48,GL-H102-S,2,48,4efe8b2ca156042f8a3d8dd6aba54520
11709,cd15e5f80ff20dd345bfaa51400dd0d6,3a2f313512bb520c43971e54ba834dec,SO66680,105,HL-U509,3,105,4efe8b2ca156042f8a3d8dd6aba54520
11709,cd15e5f80ff20dd345bfaa51400dd0d6,3a2f313512bb520c43971e54ba834dec,SO66680,35,TI-M823,1,35,4efe8b2ca156042f8a3d8dd6aba54520
11709,cd15e5f80ff20dd345bfaa51400dd0d6,3a2f313512bb520c43971e54ba834dec,SO66680,5,TT-M928,1,5,4efe8b2ca156042f8a3d8dd6aba54520
11709,f8025d3776b5f7522a6120cb4e9e0783,2d6e054ac82934d489c58cc8399a1628,SO61607,105,HL-U509-R,3,105,d945ec2aae74dbfb829453026b91c235
11709,f8025d3776b5f7522a6120cb4e9e0783,2d6e054ac82934d489c58cc8399a1628,SO61607,25,TI-M267,1,25,d945ec2aae74dbfb829453026b91c235
11709,f8025d3776b5f7522a6120cb4e9e0783,2d6e054ac82934d489c58cc8399a1628,SO61607,5,TT-M928,1,5,d945ec2aae74dbfb829453026b91c235
11709,fe1fd19c021e78ec395980c2e347865e,16e364d19895243407b256ec272d5394,SO68356,105,HL-U509-R,3,105,63efdd3324df66c9965bd622cdebe06a
11709,fe1fd19c021e78ec395980c2e347865e,16e364d19895243407b256ec272d5394,SO68356,30,TI-M602,1,30,63efdd3324df66c9965bd622cdebe06a
11709,fe1fd19c021e78ec395980c2e347865e,16e364d19895243407b256ec272d5394,SO68356,5,TT-M928,1,5,63efdd3324df66c9965bd622cdebe06a
11710,128ee9ff420de424a605a0ee4a6f7916,fee8e08233f3f00450bce31967abb0f1,SO71368,27,CA-1098,3,27,2797a91b25bc2aa85124c99bc574dc83
11710,128ee9ff420de424a605a0ee4a6f7916,fee8e08233f3f00450bce31967abb0f1,SO71368,54,SJ-0194-M,1,54,2797a91b25bc2aa85124c99bc574dc83
11710,aa14ddbc43aa2d3be1e6ac019bb7b5bc,dcf73f840a50da0145f24e8e0169dc4b,SO72899,35,TI-M823,1,35,a6f2945baeceeef4c8d541a22f6e99e9
11711,01e8942a5792053a553c4612bd6c06a6,6583882ca853d66524856501b27519f5,SO74698,33,TI-R982,1,33,722dc621a1a56555843f574144bfcdf0
11711,01e8942a5792053a553c4612bd6c06a6,6583882ca853d66524856501b27519f5,SO74698,4,TT-R982,1,4,722dc621a1a56555843f574144bfcdf0
11711,0da2bc000f1fe4ea8746f9aea0bb5879,702a02712215141594ddf8e52b0a651c,SO68267,105,HL-U509,3,105,b34050290c25b0f7b52a2b8f767df87d
11711,0da2bc000f1fe4ea8746f9aea0bb5879,702a02712215141594ddf8e52b0a651c,SO68267,64,VE-C304-S,1,64,b34050290c25b0f7b52a2b8f767df87d
11711,14e4b13c27fb9bce9938ce35b6597eca,c375f33d72ca7161f341c2726e82d67a,SO53372,5,WB-H098,1,5,9b98d27287b27eeee9ebc06e1d5a9a8d
11711,4c6ed4daa82e7326b84c24f4c2ae7064,b2ce0ef2540789e8a6976165b6c917d8,SO73257,120,RA-H123,1,120,aa14ddbc43aa2d3be1e6ac019bb7b5bc
11711,4c9ae581a14adbccc0bcd009c17b6cbe,56e52500a7f5ab963646137a401683cd,SO75036,27,CA-1098,3,27,838eec1f117f2cab9e9c306f7efbff28
11711,4c9ae581a14adbccc0bcd009c17b6cbe,56e52500a7f5ab963646137a401683cd,SO75036,54,SJ-0194-M,1,54,838eec1f117f2cab9e9c306f7efbff28
11711,6477c205c5117a9448ba863e111acf32,c926349b55a58d87d7d5008c349fd1e9,SO60851,2,PK-7098,1,2,013f173c58073e845f675d26fdde1918
11711,6477c205c5117a9448ba863e111acf32,c926349b55a58d87d7d5008c349fd1e9,SO60851,25,TI-R628,1,25,013f173c58073e845f675d26fdde1918
11711,6477c205c5117a9448ba863e111acf32,c926349b55a58d87d7d5008c349fd1e9,SO60851,4,TT-R982,1,4,013f173c58073e845f675d26fdde1918
11711,702a02712215141594ddf8e52b0a651c,cd15e5f80ff20dd345bfaa51400dd0d6,SO67504,4,TT-R982,1,4,caa707f97407c07371136aaf471a91d4
11711,7acd252f45ad6fe668386456a673d543,0120f4004ede1143c3be6caa4227affe,SO67158,25,TI-M267,1,25,b322422d9a721bbdefa133133dd407c1
11711,7acd252f45ad6fe668386456a673d543,0120f4004ede1143c3be6caa4227affe,SO67158,5,TT-M928,1,5,b322422d9a721bbdefa133133dd407c1
11711,838eec1f117f2cab9e9c306f7efbff28,13b7c2277967bc61802018c764b5b2a0,SO74887,5,TT-T092,1,5,9a027fc72b503940a96d5137762a263e
11711,83d1ed00595e79ee5ea3797e97970fe8,fe1fd19c021e78ec395980c2e347865e,SO69181,5,TT-T092,1,5,705fa39ab40831529471c768490339ab
11711,8babade0595c11e14dd89058a850f2cd,a048b8d5f3f9178f163e2be055f0138b,SO73878,105,HL-U509-R,3,105,501407dcfde5b685045ca3072168d5bb
11711,8d1d4829b2e801ba4e41ba48f5a549d4,a6d37e298c3042e300813f55a17e0875,SO65520,10,BC-M005,1,10,ccf89c691dabb1412404274596922d90
11711,8d1d4829b2e801ba4e41ba48f5a549d4,a6d37e298c3042e300813f55a17e0875,SO65520,27,CA-1098,3,27,ccf89c691dabb1412404274596922d90
11711,8d1d4829b2e801ba4e41ba48f5a549d4,a6d37e298c3042e300813f55a17e0875,SO65520,5,WB-H098,1,5,ccf89c691dabb1412404274596922d90
11711,9a95fdf4e925d9cbd65f87b5aa4ac212,478ecc8cdaa127c33884d9f6c72c2cd5,SO59611,2,PK-7098,1,2,9e8cbc3edbb5efb3f48d6afb260e4725
11711,9a95fdf4e925d9cbd65f87b5aa4ac212,478ecc8cdaa127c33884d9f6c72c2cd5,SO59611,35,TI-M823,1,35,9e8cbc3edbb5efb3f48d6afb260e4725
11711,a1d0c0a14c6c8f8a8ef8220209c23a64,05e7920e8caf0303dc01b77666952b75,SO66959,27,CA-1098,3,27,cd15e5f80ff20dd345bfaa51400dd0d6
11711,a1d0c0a14c6c8f8a8ef8220209c23a64,05e7920e8caf0303dc01b77666952b75,SO66959,150,LJ-0192-X,3,150,cd15e5f80ff20dd345bfaa51400dd0d6
11711,a9cefc49af6424b430612adfc69876ee,d34ba8f5d7fd7d5959a34c283fbec422,SO55815,9,BC-R205,1,9,59c3d64cb01cd5ad7fd25246d81a55ff
11711,a9cefc49af6424b430612adfc69876ee,d34ba8f5d7fd7d5959a34c283fbec422,SO55815,5,WB-H098,1,5,59c3d64cb01cd5ad7fd25246d81a55ff
11711,ab2e81a99745ffff6c06e2be93290d1b,76e3c19dbb0dadc4c6dc771d856e4676,SO54117,9,SO-R809-L,1,9,1685ca8ff12ea83725a1c35e1d89c5cd
11711,ab2e81a99745ffff6c06e2be93290d1b,76e3c19dbb0dadc4c6dc771d856e4676,SO54117,30,TI-M602,1,30,1685ca8ff12ea83725a1c35e1d89c5cd
11711,abe94c2111c58e9c9672602d41bce66e,0149f124a48640c62d90840ac5760331,SO64134,2,PK-7098,1,2,99b7e934795a93975a5e0c0b9b57d9ba
11711,abe94c2111c58e9c9672602d41bce66e,0149f124a48640c62d90840ac5760331,SO64134,25,TI-M267,1,25,99b7e934795a93975a5e0c0b9b57d9ba
11711,abe94c2111c58e9c9672602d41bce66e,0149f124a48640c62d90840ac5760331,SO64134,5,TT-M928,1,5,99b7e934795a93975a5e0c0b9b57d9ba
11711,b21e833d3ead6056f1265f13fe1ff015,7983129d9883ebc3b9dce3311996b001,SO60577,105,HL-U509-R,3,105,4804ee33768b143d9706052696f7dfbd
11711,b21e833d3ead6056f1265f13fe1ff015,7983129d9883ebc3b9dce3311996b001,SO60577,25,TI-R628,1,25,4804ee33768b143d9706052696f7dfbd
11711,b21e833d3ead6056f1265f13fe1ff015,7983129d9883ebc3b9dce3311996b001,SO60577,4,TT-R982,1,4,4804ee33768b143d9706052696f7dfbd
11711,b2ce0ef2540789e8a6976165b6c917d8,128ee9ff420de424a605a0ee4a6f7916,SO72370,105,HL-U509-R,3,105,dcf73f840a50da0145f24e8e0169dc4b
11711,b2ce0ef2540789e8a6976165b6c917d8,128ee9ff420de424a605a0ee4a6f7916,SO72370,21,TI-R092,1,21,dcf73f840a50da0145f24e8e0169dc4b
11711,b2ce0ef2540789e8a6976165b6c917d8,128ee9ff420de424a605a0ee4a6f7916,SO72370,4,TT-R982,1,4,dcf73f840a50da0145f24e8e0169dc4b
11711,ccb91034934bb047c5f6a32eb289b95b,640540d73b85c3ecd2e3bf5541686e87,SO59718,29,TI-T723,1,29,3ebfce6ccd7540a632ae7e6ad8100c29
11711,d34ba8f5d7fd7d5959a34c283fbec422,9c56075241a26f6fa77eb86b15411c6e,SO55045,5,TT-T092,1,5,ac15b60491fe99190c0248790e690757
11711,dca79d69a6b38e95c4b03bfab997796c,e5bf4a4a03e320ed76cf2ca68fa5b4c0,SO52377,8,CL-9009,1,8,9f79f7706bc6a7654ef0b8977966f69a
11711,dca79d69a6b38e95c4b03bfab997796c,e5bf4a4a03e320ed76cf2ca68fa5b4c0,SO52377,2,PK-7098,1,2,9f79f7706bc6a7654ef0b8977966f69a
11711,deff8ad81a213d1110c1f409a7f40fcd,b8cc77f0099ae7d3a20b9f0b74d70b12,SO52791,2,PK-7098,1,2,f04e53711455521533f4c5ed7dcaa287
11711,deff8ad81a213d1110c1f409a7f40fcd,b8cc77f0099ae7d3a20b9f0b74d70b12,SO52791,25,TI-M267,1,25,f04e53711455521533f4c5ed7dcaa287
11711,eea5b3bd1bd5d5c62a1d22f78d3ba263,c87874400b9f907bdf9ea37d75a4b341,SO65470,9,SO-R809-M,1,9,a1fedb8f5f2e08543339a5f167bee6b7
11711,eea5b3bd1bd5d5c62a1d22f78d3ba263,c87874400b9f907bdf9ea37d75a4b341,SO65470,25,TI-M267,1,25,a1fedb8f5f2e08543339a5f167bee6b7
11711,eea5b3bd1bd5d5c62a1d22f78d3ba263,c87874400b9f907bdf9ea37d75a4b341,SO65470,5,TT-M928,1,5,a1fedb8f5f2e08543339a5f167bee6b7
11711,eea5b3bd1bd5d5c62a1d22f78d3ba263,c87874400b9f907bdf9ea37d75a4b341,SO65471,48,GL-H102-S,2,48,a1fedb8f5f2e08543339a5f167bee6b7
11711,eea5b3bd1bd5d5c62a1d22f78d3ba263,c87874400b9f907bdf9ea37d75a4b341,SO65471,33,TI-R982,1,33,a1fedb8f5f2e08543339a5f167bee6b7
11711,eea5b3bd1bd5d5c62a1d22f78d3ba263,c87874400b9f907bdf9ea37d75a4b341,SO65471,4,TT-R982,1,4,a1fedb8f5f2e08543339a5f167bee6b7
11711,f108e0cd2f96a0c22086f9d45ee08f19,ad0b7f5ad35732646f1e5f67418d5995,SO60133,105,HL-U509-B,3,105,7983129d9883ebc3b9dce3311996b001
11711,f108e0cd2f96a0c22086f9d45ee08f19,ad0b7f5ad35732646f1e5f67418d5995,SO60133,29,TI-T723,1,29,7983129d9883ebc3b9dce3311996b001
11711,f108e0cd2f96a0c22086f9d45ee08f19,ad0b7f5ad35732646f1e5f67418d5995,SO60133,5,TT-T092,1,5,7983129d9883ebc3b9dce3311996b001
11711,f88b3743a9ce1f9455b6de69380b486a,64cadfde6f66bc25043d0d69f5ae5471,SO66586,33,TI-R982,1,33,3dc63b2d6dcc8f0b6720b06b5439a0b1
11711,f88b3743a9ce1f9455b6de69380b486a,64cadfde6f66bc25043d0d69f5ae5471,SO66586,4,TT-R982,1,4,3dc63b2d6dcc8f0b6720b06b5439a0b1
11711,f88b3743a9ce1f9455b6de69380b486a,64cadfde6f66bc25043d0d69f5ae5471,SO66586,64,VE-C304-M,1,64,3dc63b2d6dcc8f0b6720b06b5439a0b1
11712,427ed6396fba4ed8ead9ec3229517d2b,3519c8eb4095dbc69d80eb61856d3435,SO56245,2,PK-7098,1,2,629ffff971d10f275a79a70fae527fbc
11712,427ed6396fba4ed8ead9ec3229517d2b,3519c8eb4095dbc69d80eb61856d3435,SO56245,5,WB-H098,1,5,629ffff971d10f275a79a70fae527fbc
11712,478ecc8cdaa127c33884d9f6c72c2cd5,3fbd0407b55d3a3da21388a2ddbf881c,SO58619,8,CL-9009,1,8,174acf6ca4e9804d47a59a499422e621
11712,478ecc8cdaa127c33884d9f6c72c2cd5,3fbd0407b55d3a3da21388a2ddbf881c,SO58619,35,TI-M823,1,35,174acf6ca4e9804d47a59a499422e621
11712,478ecc8cdaa127c33884d9f6c72c2cd5,3fbd0407b55d3a3da21388a2ddbf881c,SO58619,5,TT-M928,1,5,174acf6ca4e9804d47a59a499422e621
11712,7f026edc73bd4602381834e9b850d6c2,eedd9be5500334505ed9d4aef801ac3d,SO52231,33,TI-R982,1,33,db2b287636ac5ebda430de4f3f643b24
11712,8728a5e296f39e49d2fa74c31820e99f,66e56e10b0f528b66a45e307ecdf4774,SO69595,30,TI-M602,1,30,3fe686907939d07097f6c87f08025422
11712,ab2e81a99745ffff6c06e2be93290d1b,76e3c19dbb0dadc4c6dc771d856e4676,SO54118,10,BC-M005,1,10,1685ca8ff12ea83725a1c35e1d89c5cd
11713,2ed3972e38245b633ec6b146c2970148,6477c205c5117a9448ba863e111acf32,SO61707,105,HL-U509-R,3,105,2becb9647677a1a316b388bbad689580
11713,2ed3972e38245b633ec6b146c2970148,6477c205c5117a9448ba863e111acf32,SO61707,54,SJ-0194-M,1,54,2becb9647677a1a316b388bbad689580
11713,2ed3972e38245b633ec6b146c2970148,6477c205c5117a9448ba863e111acf32,SO61707,35,TI-M823,1,35,2becb9647677a1a316b388bbad689580
11713,2ed3972e38245b633ec6b146c2970148,6477c205c5117a9448ba863e111acf32,SO61707,5,TT-M928,1,5,2becb9647677a1a316b388bbad689580
11713,31c99d724c1f182c60edb82eb4740277,e84848120190a8d0e696fbeb15647a74,SO71232,27,CA-1098,3,27,3db19f5f710f10e90ecc7154c649d60a
11713,31c99d724c1f182c60edb82eb4740277,e84848120190a8d0e696fbeb15647a74,SO71232,54,SJ-0194-X,1,54,3db19f5f710f10e90ecc7154c649d60a
11714,3143ce3c6436ed5bd25398756b7b661d,6be9692276a308e4b872323af1ad8fe2,SO52934,54,SJ-0194-L,1,54,ad4fbe0c82c7e5968d4cf22c2ad19e28
11714,b0b2c17e5682f78d8fc262463fd0a4f3,375bde15092f45652b6398c1dff650d0,SO57995,35,TI-M823,1,35,5e1b952a22eccca86f7f056a9efb42a4
11714,b0b2c17e5682f78d8fc262463fd0a4f3,375bde15092f45652b6398c1dff650d0,SO57995,5,TT-M928,1,5,5e1b952a22eccca86f7f056a9efb42a4
11715,ca5b8307fa5f2189fb98330a9d65927c,88077cf01a3e17831c2d0bcca5897c5b,SO73986,150,LJ-0192-S,3,150,5cbbe853aa1a5a1370f9a614904c4b15
11715,ca5b8307fa5f2189fb98330a9d65927c,88077cf01a3e17831c2d0bcca5897c5b,SO73986,35,TI-M823,1,35,5cbbe853aa1a5a1370f9a614904c4b15
11715,ca5b8307fa5f2189fb98330a9d65927c,88077cf01a3e17831c2d0bcca5897c5b,SO73986,5,TT-M928,1,5,5cbbe853aa1a5a1370f9a614904c4b15
11715,e4b40b4ba619c72ec5a69caad258d393,b0950d12c62d3aeda81b2e8d06f2aef4,SO74191,54,SJ-0194-L,1,54,8babade0595c11e14dd89058a850f2cd
11716,4a800301260b2639fa1ec3efafb5f86c,23f22724b430320654759f8512440ebc,SO59181,2,PK-7098,1,2,a189cc17a15cdb4e39e80dfcd8374c76
11716,4a800301260b2639fa1ec3efafb5f86c,23f22724b430320654759f8512440ebc,SO59181,35,TI-M823,1,35,a189cc17a15cdb4e39e80dfcd8374c76
11716,4a800301260b2639fa1ec3efafb5f86c,23f22724b430320654759f8512440ebc,SO59181,5,TT-M928,1,5,a189cc17a15cdb4e39e80dfcd8374c76
11716,6cf9e035d2f1d8ffe1b9f2f96a9e7a3a,982b3b4109cce5d4e5bf1fcbe0ae259b,SO74623,54,SJ-0194-L,1,54,db10519e66d9a7b809b91935ad1a696d
11717,478ecc8cdaa127c33884d9f6c72c2cd5,3fbd0407b55d3a3da21388a2ddbf881c,SO58597,54,SJ-0194-L,1,54,174acf6ca4e9804d47a59a499422e621
11717,9c55d6518880c1abf100a24da2546368,47a161474962a6dcc03cfa64127a641f,SO74125,105,HL-U509-B,3,105,9795c57676ee8b8b6ba9a6f9014a520b
11717,9c55d6518880c1abf100a24da2546368,47a161474962a6dcc03cfa64127a641f,SO74125,35,TI-M823,1,35,9795c57676ee8b8b6ba9a6f9014a520b
11717,9c55d6518880c1abf100a24da2546368,47a161474962a6dcc03cfa64127a641f,SO74125,5,TT-M928,1,5,9795c57676ee8b8b6ba9a6f9014a520b
11717,9c55d6518880c1abf100a24da2546368,47a161474962a6dcc03cfa64127a641f,SO74125,64,VE-C304-S,1,64,9795c57676ee8b8b6ba9a6f9014a520b
11718,90c6314650a0d54fdcabe5cd5406f9af,f476906875bc5d9abe836b4ea1f485c1,SO53958,2,PK-7098,1,2,41464bd548f06ca845208f69df30ac82
11718,90c6314650a0d54fdcabe5cd5406f9af,f476906875bc5d9abe836b4ea1f485c1,SO53958,35,TI-M823,1,35,41464bd548f06ca845208f69df30ac82
11718,ac15b60491fe99190c0248790e690757,ab2e81a99745ffff6c06e2be93290d1b,SO54775,27,CA-1098,3,27,0c8ff735cb2b05718573c08173335fd4
11718,ac15b60491fe99190c0248790e690757,ab2e81a99745ffff6c06e2be93290d1b,SO54775,54,SJ-0194-M,1,54,0c8ff735cb2b05718573c08173335fd4
11719,4004a117f65dfd3221a9cce8fce5a45f,6ef7b4bb93d4e54234cf965ed2334682,SO66715,2,PK-7098,1,2,0120f4004ede1143c3be6caa4227affe
11719,4004a117f65dfd3221a9cce8fce5a45f,6ef7b4bb93d4e54234cf965ed2334682,SO66715,25,TI-M267,1,25,0120f4004ede1143c3be6caa4227affe
11719,412998e77ee121227580e3d363f75fa2,df595e3c678d4fae23ce174fe747165e,SO59846,105,HL-U509,3,105,254d832c83ccdb2c33eab65a4fd196ff
11719,412998e77ee121227580e3d363f75fa2,df595e3c678d4fae23ce174fe747165e,SO59846,30,TI-M602,1,30,254d832c83ccdb2c33eab65a4fd196ff
11719,412998e77ee121227580e3d363f75fa2,df595e3c678d4fae23ce174fe747165e,SO59846,5,TT-M928,1,5,254d832c83ccdb2c33eab65a4fd196ff
11719,4ddc8821c34bceaf3dba4a18741acca3,af1457846a79173ef71dd9d5dd69805a,SO61119,105,HL-U509,3,105,2d6e054ac82934d489c58cc8399a1628
11719,4ddc8821c34bceaf3dba4a18741acca3,af1457846a79173ef71dd9d5dd69805a,SO61119,21,TI-R092,1,21,2d6e054ac82934d489c58cc8399a1628
11719,4ddc8821c34bceaf3dba4a18741acca3,af1457846a79173ef71dd9d5dd69805a,SO61119,4,TT-R982,1,4,2d6e054ac82934d489c58cc8399a1628
11719,81a5d08c6beaeec9e42baae5d63dd780,95103530881768b5cfc7e33970db9cd7,SO63330,35,TI-M823,1,35,b210069485754303767745919c328b97
11719,fde67888c64f701b59876ec559099b3e,6353a8421ee460b64f2c988cc72a8391,SO56814,48,GL-H102-M,2,48,4ceff7612cfa4420892fe23b23ca9265
11719,fde67888c64f701b59876ec559099b3e,6353a8421ee460b64f2c988cc72a8391,SO56814,70,SH-W890-S,1,70,4ceff7612cfa4420892fe23b23ca9265
11720,07b31bae17c7890b17d79a654aa230cf,a976f17830aceaaa93d5daef0bc209a3,SO58171,10,BC-M005,1,10,ef5bad66aa19ccfb82cacb73584b83ea
11720,07b31bae17c7890b17d79a654aa230cf,a976f17830aceaaa93d5daef0bc209a3,SO58171,27,CA-1098,3,27,ef5bad66aa19ccfb82cacb73584b83ea
11720,07b31bae17c7890b17d79a654aa230cf,a976f17830aceaaa93d5daef0bc209a3,SO58171,35,TI-M823,1,35,ef5bad66aa19ccfb82cacb73584b83ea
11720,07b31bae17c7890b17d79a654aa230cf,a976f17830aceaaa93d5daef0bc209a3,SO58171,5,TT-M928,1,5,ef5bad66aa19ccfb82cacb73584b83ea
11720,07b31bae17c7890b17d79a654aa230cf,a976f17830aceaaa93d5daef0bc209a3,SO58171,5,WB-H098,1,5,ef5bad66aa19ccfb82cacb73584b83ea
11720,16918840d98f27ce45948fe73dd5592f,04dbdf67bb8714ba18c9c36d50d1f5dc,SO62704,54,SJ-0194-S,1,54,95103530881768b5cfc7e33970db9cd7
11721,66e56e10b0f528b66a45e307ecdf4774,691ad1b0dca3643b923973defd014d47,SO68590,2,PK-7098,1,2,8eb7a1b0dba9fdd5f4248b9cb6b9119b
11721,66e56e10b0f528b66a45e307ecdf4774,691ad1b0dca3643b923973defd014d47,SO68590,35,TI-M823,1,35,8eb7a1b0dba9fdd5f4248b9cb6b9119b
11721,66e56e10b0f528b66a45e307ecdf4774,691ad1b0dca3643b923973defd014d47,SO68590,5,TT-M928,1,5,8eb7a1b0dba9fdd5f4248b9cb6b9119b
11721,d6fb379288416774d139632beb88e26b,3ebfce6ccd7540a632ae7e6ad8100c29,SO60196,27,CA-1098,3,27,412998e77ee121227580e3d363f75fa2
11721,d6fb379288416774d139632beb88e26b,3ebfce6ccd7540a632ae7e6ad8100c29,SO60196,54,SJ-0194-X,1,54,412998e77ee121227580e3d363f75fa2
11722,7130adfd843cdcb6d0bcd9d13792693a,d1024973c3d10f08cb9fa1736e6ed8b7,SO63071,48,GL-H102-M,2,48,f46ace11e93788e473124f7be16a19d5
11722,7130adfd843cdcb6d0bcd9d13792693a,d1024973c3d10f08cb9fa1736e6ed8b7,SO63071,54,SJ-0194-M,1,54,f46ace11e93788e473124f7be16a19d5
11722,e84848120190a8d0e696fbeb15647a74,fff3c307c93eda1eb91d53ca588846fe,SO70416,105,HL-U509-R,3,105,f544b472453b297a8b55709fbfd3746d
11722,e84848120190a8d0e696fbeb15647a74,fff3c307c93eda1eb91d53ca588846fe,SO70416,35,TI-M823,1,35,f544b472453b297a8b55709fbfd3746d
11722,e84848120190a8d0e696fbeb15647a74,fff3c307c93eda1eb91d53ca588846fe,SO70416,5,TT-M928,1,5,f544b472453b297a8b55709fbfd3746d
11723,412998e77ee121227580e3d363f75fa2,df595e3c678d4fae23ce174fe747165e,SO59848,10,BC-M005,1,10,254d832c83ccdb2c33eab65a4fd196ff
11723,412998e77ee121227580e3d363f75fa2,df595e3c678d4fae23ce174fe747165e,SO59848,105,HL-U509-R,3,105,254d832c83ccdb2c33eab65a4fd196ff
11723,412998e77ee121227580e3d363f75fa2,df595e3c678d4fae23ce174fe747165e,SO59848,5,WB-H098,1,5,254d832c83ccdb2c33eab65a4fd196ff
11723,6583882ca853d66524856501b27519f5,1ba7e8cdf85da6cf5e11554703236b52,SO74321,105,HL-U509,3,105,d27974ca95fd620ac92cf95bf8c1d1f2
11723,6583882ca853d66524856501b27519f5,1ba7e8cdf85da6cf5e11554703236b52,SO74321,5,WB-H098,1,5,d27974ca95fd620ac92cf95bf8c1d1f2
11723,6866da5d40f1aad2d82129d5ffa25bda,b68fd63ca41d49bfc1b18251202c053f,SO65761,33,TI-R982,1,33,eea5b3bd1bd5d5c62a1d22f78d3ba263
11723,c375f33d72ca7161f341c2726e82d67a,9f79f7706bc6a7654ef0b8977966f69a,SO52740,30,TI-M602,1,30,0dc34ca2aaa8612cde077f1880b78b25
11723,cfceb7490eff6e660974507be7c579c6,01eb8a9956865747637639482336f5f8,SO52053,35,TI-M823,1,35,e5bf4a4a03e320ed76cf2ca68fa5b4c0
11723,cfceb7490eff6e660974507be7c579c6,01eb8a9956865747637639482336f5f8,SO52053,5,TT-M928,1,5,e5bf4a4a03e320ed76cf2ca68fa5b4c0
11724,072bf847aeeee970f66483e596496cd9,cfceb7490eff6e660974507be7c579c6,SO52650,2,PK-7098,1,2,dca79d69a6b38e95c4b03bfab997796c
11724,072bf847aeeee970f66483e596496cd9,cfceb7490eff6e660974507be7c579c6,SO52650,35,TI-M823,1,35,dca79d69a6b38e95c4b03bfab997796c
11724,072bf847aeeee970f66483e596496cd9,cfceb7490eff6e660974507be7c579c6,SO52650,5,TT-M928,1,5,dca79d69a6b38e95c4b03bfab997796c
11724,56d78836c9cf0de136c4d2d37aba2280,ba19c22033aaecc6c5dad47f63e5858c,SO63965,10,BC-M005,1,10,8c9ec1be720ee75d56d0c250d10610fa
11724,56d78836c9cf0de136c4d2d37aba2280,ba19c22033aaecc6c5dad47f63e5858c,SO63965,5,WB-H098,1,5,8c9ec1be720ee75d56d0c250d10610fa
11724,5efefff01843f5aa3f7d8a4d44b4bf2e,922d04aa1f67bbe0270bfad98508f43e,SO62552,2,PK-7098,1,2,db2f6a564b6f5f41253c68874b50962b
11724,5efefff01843f5aa3f7d8a4d44b4bf2e,922d04aa1f67bbe0270bfad98508f43e,SO62552,30,TI-M602,1,30,db2f6a564b6f5f41253c68874b50962b
11724,88077cf01a3e17831c2d0bcca5897c5b,95a2a9aefc393f8630e934768cacf4cd,SO73056,105,HL-U509-R,3,105,86e0fc464cbb08ae74bd039224afec9a
11724,88077cf01a3e17831c2d0bcca5897c5b,95a2a9aefc393f8630e934768cacf4cd,SO73056,9,SO-R809-M,1,9,86e0fc464cbb08ae74bd039224afec9a
11724,88077cf01a3e17831c2d0bcca5897c5b,95a2a9aefc393f8630e934768cacf4cd,SO73056,5,WB-H098,1,5,86e0fc464cbb08ae74bd039224afec9a
11724,f799d104dd23bb828dcdaaefc4d25b61,ca510b577b53d588f80b4fc76030ea52,SO52302,105,HL-U509,3,105,cfceb7490eff6e660974507be7c579c6
11724,f799d104dd23bb828dcdaaefc4d25b61,ca510b577b53d588f80b4fc76030ea52,SO52302,33,TI-R982,1,33,cfceb7490eff6e660974507be7c579c6
11724,f799d104dd23bb828dcdaaefc4d25b61,ca510b577b53d588f80b4fc76030ea52,SO52302,4,TT-R982,1,4,cfceb7490eff6e660974507be7c579c6
11725,375bde15092f45652b6398c1dff650d0,830e779850b1d58733a7ad711bf6b83f,SO57316,54,SJ-0194-L,1,54,a8ef76a01442567fb64eb6f4408a9835
11725,73a69a5c77a7d23172e54d7ce07a638e,5a06908cc28b799b04fc1c47664462e6,SO55488,8,CL-9009,1,8,41fc4cb27e0ee552c4c9247e1a476cc5
11725,73a69a5c77a7d23172e54d7ce07a638e,5a06908cc28b799b04fc1c47664462e6,SO55488,22,FE-6654,1,22,41fc4cb27e0ee552c4c9247e1a476cc5
11725,73a69a5c77a7d23172e54d7ce07a638e,5a06908cc28b799b04fc1c47664462e6,SO55488,35,TI-M823,1,35,41fc4cb27e0ee552c4c9247e1a476cc5
11725,73a69a5c77a7d23172e54d7ce07a638e,5a06908cc28b799b04fc1c47664462e6,SO55488,5,TT-M928,1,5,41fc4cb27e0ee552c4c9247e1a476cc5
11726,511572e8a25e86c2f48ae9e6d73a1e6a,8e8847c1bdf012037ee13bb62da8a5c1,SO68103,27,CA-1098,3,27,691ad1b0dca3643b923973defd014d47
11726,511572e8a25e86c2f48ae9e6d73a1e6a,8e8847c1bdf012037ee13bb62da8a5c1,SO68103,54,SJ-0194-X,1,54,691ad1b0dca3643b923973defd014d47
11726,a6f2945baeceeef4c8d541a22f6e99e9,d5985f40495ba672dff8a99620b879c8,SO72544,22,FE-6654,1,22,95a2a9aefc393f8630e934768cacf4cd
11726,a6f2945baeceeef4c8d541a22f6e99e9,d5985f40495ba672dff8a99620b879c8,SO72544,105,HL-U509-B,3,105,95a2a9aefc393f8630e934768cacf4cd
11726,a6f2945baeceeef4c8d541a22f6e99e9,d5985f40495ba672dff8a99620b879c8,SO72544,35,TI-M823,1,35,95a2a9aefc393f8630e934768cacf4cd
11726,a6f2945baeceeef4c8d541a22f6e99e9,d5985f40495ba672dff8a99620b879c8,SO72544,5,TT-M928,1,5,95a2a9aefc393f8630e934768cacf4cd
11726,a6f2945baeceeef4c8d541a22f6e99e9,d5985f40495ba672dff8a99620b879c8,SO72544,64,VE-C304-L,1,64,95a2a9aefc393f8630e934768cacf4cd
11727,0a4b6bdfa942be79610a09d2da131410,1f760221df457e3dd3ffaf756be2b521,SO45895,3578,BK-R93R-44,1,3578,88e79d6e34505f780b4021e0777bcdc0
11727,40883861f6e25a2e09e848a7891f4f38,eba5233d2dd8ea5031e646882335ece0,SO57465,4640,BK-M68S-42,2,4640,d76e0ba1fa041675ae9af958c5b41ae4
11727,40883861f6e25a2e09e848a7891f4f38,eba5233d2dd8ea5031e646882335ece0,SO57465,27,CA-1098,3,27,d76e0ba1fa041675ae9af958c5b41ae4
11727,40883861f6e25a2e09e848a7891f4f38,eba5233d2dd8ea5031e646882335ece0,SO57465,55,HY-1023-70,1,55,d76e0ba1fa041675ae9af958c5b41ae4
11728,86bfb8ffc7a79e52d833cedce4d275bf,962bae2fb03296a3b9cacabfa929322c,SO70205,105,HL-U509,3,105,ec24e4cf9fcc90f3bbe81b2fb3735c21
11728,86bfb8ffc7a79e52d833cedce4d275bf,962bae2fb03296a3b9cacabfa929322c,SO70205,35,TI-M823,1,35,ec24e4cf9fcc90f3bbe81b2fb3735c21
11728,86bfb8ffc7a79e52d833cedce4d275bf,962bae2fb03296a3b9cacabfa929322c,SO70205,5,TT-M928,1,5,ec24e4cf9fcc90f3bbe81b2fb3735c21
11728,c660dc308b247ce08aeecd155306bae0,e7df1b3ee078bdcfc260a877f321287d,SO59923,105,HL-U509-B,3,105,9a95fdf4e925d9cbd65f87b5aa4ac212
11729,54d3ba66c5e71d3112695b882ca2030e,e4b40b4ba619c72ec5a69caad258d393,SO74560,105,HL-U509,3,105,40eee601514259a9632d510ca71226cc
11729,870bd4f3713260418e4f342f31dc7e33,94c60e0b5e2b0f78b919a5d4c67d70a2,SO62918,105,HL-U509-B,3,105,2fe1a028f9398deb2efcd536c8246fae
11729,870bd4f3713260418e4f342f31dc7e33,94c60e0b5e2b0f78b919a5d4c67d70a2,SO62918,150,LJ-0192-L,3,150,2fe1a028f9398deb2efcd536c8246fae
11729,870bd4f3713260418e4f342f31dc7e33,94c60e0b5e2b0f78b919a5d4c67d70a2,SO62918,35,TI-M823,1,35,2fe1a028f9398deb2efcd536c8246fae
11729,870bd4f3713260418e4f342f31dc7e33,94c60e0b5e2b0f78b919a5d4c67d70a2,SO62918,5,TT-M928,1,5,2fe1a028f9398deb2efcd536c8246fae
11730,0814775cfc25da756a9b4197347ab771,d76e0ba1fa041675ae9af958c5b41ae4,SO57824,48,GL-H102-M,2,48,de22d232bbe84481579f6252f1e7091d
11730,0814775cfc25da756a9b4197347ab771,d76e0ba1fa041675ae9af958c5b41ae4,SO57824,105,HL-U509-R,3,105,de22d232bbe84481579f6252f1e7091d
11730,0814775cfc25da756a9b4197347ab771,d76e0ba1fa041675ae9af958c5b41ae4,SO57824,35,TI-M823,1,35,de22d232bbe84481579f6252f1e7091d
11730,0814775cfc25da756a9b4197347ab771,d76e0ba1fa041675ae9af958c5b41ae4,SO57824,5,TT-M928,1,5,de22d232bbe84481579f6252f1e7091d
11730,db10519e66d9a7b809b91935ad1a696d,d7f57f35d2bad1349ca24a67a2635eea,SO74477,105,HL-U509-R,3,105,6583882ca853d66524856501b27519f5
11731,03bf7d2a8718ee9aca4bd2f37e962fc4,290499d9b8e65db426ba9b842714eb6d,SO63563,105,HL-U509-B,3,105,7130adfd843cdcb6d0bcd9d13792693a
11731,0c8ff735cb2b05718573c08173335fd4,1685ca8ff12ea83725a1c35e1d89c5cd,SO54509,22,FE-6654,1,22,b8d9d66529b0a1e91f6137abcdd065dd
11731,0c8ff735cb2b05718573c08173335fd4,1685ca8ff12ea83725a1c35e1d89c5cd,SO54509,48,GL-H102-M,2,48,b8d9d66529b0a1e91f6137abcdd065dd
11731,0c8ff735cb2b05718573c08173335fd4,1685ca8ff12ea83725a1c35e1d89c5cd,SO54509,35,TI-M823,1,35,b8d9d66529b0a1e91f6137abcdd065dd
11731,0c8ff735cb2b05718573c08173335fd4,1685ca8ff12ea83725a1c35e1d89c5cd,SO54509,5,TT-M928,1,5,b8d9d66529b0a1e91f6137abcdd065dd
11732,7983129d9883ebc3b9dce3311996b001,0df76889b3e31ccfd17b50cc73baef03,SO59796,105,HL-U509-B,3,105,7254e54716fe52361e62aa16ea2e0797
11732,7983129d9883ebc3b9dce3311996b001,0df76889b3e31ccfd17b50cc73baef03,SO59796,35,TI-M823,1,35,7254e54716fe52361e62aa16ea2e0797
11732,7983129d9883ebc3b9dce3311996b001,0df76889b3e31ccfd17b50cc73baef03,SO59796,5,TT-M928,1,5,7254e54716fe52361e62aa16ea2e0797
11732,b0241b451647f25db5f52074445d820c,7a8e187aeb003f6e34c02a4d5b9b153e,SO64253,105,HL-U509,3,105,56d78836c9cf0de136c4d2d37aba2280
11732,b0241b451647f25db5f52074445d820c,7a8e187aeb003f6e34c02a4d5b9b153e,SO64253,64,VE-C304-L,1,64,56d78836c9cf0de136c4d2d37aba2280
11733,88d8e3ff674b1514a19b24621707f0d9,ca5b8307fa5f2189fb98330a9d65927c,SO74465,120,RA-H123,1,120,df09a3a727ac0f29208c5ef3bf7625e6
11733,88d8e3ff674b1514a19b24621707f0d9,ca5b8307fa5f2189fb98330a9d65927c,SO74465,35,TI-M823,1,35,df09a3a727ac0f29208c5ef3bf7625e6
11733,88d8e3ff674b1514a19b24621707f0d9,ca5b8307fa5f2189fb98330a9d65927c,SO74465,5,TT-M928,1,5,df09a3a727ac0f29208c5ef3bf7625e6
11733,982b3b4109cce5d4e5bf1fcbe0ae259b,501407dcfde5b685045ca3072168d5bb,SO74261,105,HL-U509-B,3,105,d7f57f35d2bad1349ca24a67a2635eea
11734,2ed3972e38245b633ec6b146c2970148,6477c205c5117a9448ba863e111acf32,SO61702,2,PK-7098,1,2,2becb9647677a1a316b388bbad689580
11734,2ed3972e38245b633ec6b146c2970148,6477c205c5117a9448ba863e111acf32,SO61702,35,TI-M823,1,35,2becb9647677a1a316b388bbad689580
11734,b21e833d3ead6056f1265f13fe1ff015,7983129d9883ebc3b9dce3311996b001,SO60575,105,HL-U509-R,3,105,4804ee33768b143d9706052696f7dfbd
11734,b21e833d3ead6056f1265f13fe1ff015,7983129d9883ebc3b9dce3311996b001,SO60575,64,VE-C304-L,1,64,4804ee33768b143d9706052696f7dfbd
11735,1ba7e8cdf85da6cf5e11554703236b52,9592b44e2c3f304a9875f45537bec6eb,SO73663,105,HL-U509-B,3,105,4c6ed4daa82e7326b84c24f4c2ae7064
11735,3e48b2167bd86ef570e46d0b286c4f74,072bf847aeeee970f66483e596496cd9,SO53274,105,HL-U509-R,3,105,3e07f09fb2edbdf0bf6a54c17634514b
11735,3e48b2167bd86ef570e46d0b286c4f74,072bf847aeeee970f66483e596496cd9,SO53274,35,TI-M823,1,35,3e07f09fb2edbdf0bf6a54c17634514b
11735,3e48b2167bd86ef570e46d0b286c4f74,072bf847aeeee970f66483e596496cd9,SO53274,5,TT-M928,1,5,3e07f09fb2edbdf0bf6a54c17634514b
11736,66e56e10b0f528b66a45e307ecdf4774,691ad1b0dca3643b923973defd014d47,SO68557,48,GL-H102-L,2,48,8eb7a1b0dba9fdd5f4248b9cb6b9119b
11736,66e56e10b0f528b66a45e307ecdf4774,691ad1b0dca3643b923973defd014d47,SO68557,105,HL-U509,3,105,8eb7a1b0dba9fdd5f4248b9cb6b9119b
11736,8920fd63645007b243abb750709b1172,58c4ce5b9433e7b6d41793d5a76d5590,SO72313,22,FE-6654,1,22,0d3057f268050d468f468434f8ec809a
11736,8920fd63645007b243abb750709b1172,58c4ce5b9433e7b6d41793d5a76d5590,SO72313,150,LJ-0192-L,3,150,0d3057f268050d468f468434f8ec809a
11736,8920fd63645007b243abb750709b1172,58c4ce5b9433e7b6d41793d5a76d5590,SO72313,35,TI-M823,1,35,0d3057f268050d468f468434f8ec809a
11737,8dd08d219271ec96c543f486de430703,d53f9d33cac0a297449a74a10d031570,SO62327,2,PK-7098,1,2,04dbdf67bb8714ba18c9c36d50d1f5dc
11737,8dd08d219271ec96c543f486de430703,d53f9d33cac0a297449a74a10d031570,SO62327,35,TI-M823,1,35,04dbdf67bb8714ba18c9c36d50d1f5dc
11737,8dd08d219271ec96c543f486de430703,d53f9d33cac0a297449a74a10d031570,SO62327,5,TT-M928,1,5,04dbdf67bb8714ba18c9c36d50d1f5dc
11737,c375f33d72ca7161f341c2726e82d67a,9f79f7706bc6a7654ef0b8977966f69a,SO52734,105,HL-U509,3,105,0dc34ca2aaa8612cde077f1880b78b25
11738,15699e35c72c4036c71409f3f3d69528,f5933feadc49c253e4f0e77b236946e9,SO53019,48,GL-H102-L,2,48,deff8ad81a213d1110c1f409a7f40fcd
11738,15699e35c72c4036c71409f3f3d69528,f5933feadc49c253e4f0e77b236946e9,SO53019,21,TI-R092,1,21,deff8ad81a213d1110c1f409a7f40fcd
11738,15699e35c72c4036c71409f3f3d69528,f5933feadc49c253e4f0e77b236946e9,SO53019,4,TT-R982,1,4,deff8ad81a213d1110c1f409a7f40fcd
11738,9f79f7706bc6a7654ef0b8977966f69a,e2f7ff887646789ea003d03bc2025325,SO52125,48,GL-H102-M,2,48,361e2c62255e0c1887ac2139911ca300
11738,9f79f7706bc6a7654ef0b8977966f69a,e2f7ff887646789ea003d03bc2025325,SO52125,25,TI-M267,1,25,361e2c62255e0c1887ac2139911ca300
11738,c660dc308b247ce08aeecd155306bae0,e7df1b3ee078bdcfc260a877f321287d,SO59931,105,HL-U509-R,3,105,9a95fdf4e925d9cbd65f87b5aa4ac212
11738,c660dc308b247ce08aeecd155306bae0,e7df1b3ee078bdcfc260a877f321287d,SO59931,30,TI-M602,1,30,9a95fdf4e925d9cbd65f87b5aa4ac212
11738,c660dc308b247ce08aeecd155306bae0,e7df1b3ee078bdcfc260a877f321287d,SO59931,5,TT-M928,1,5,9a95fdf4e925d9cbd65f87b5aa4ac212
11738,d7f57f35d2bad1349ca24a67a2635eea,5432d51ee94799c0125bb158c8a8bd22,SO74049,150,LJ-0192-L,3,150,1ba7e8cdf85da6cf5e11554703236b52
11738,d7f57f35d2bad1349ca24a67a2635eea,5432d51ee94799c0125bb158c8a8bd22,SO74049,70,SH-W890-M,1,70,1ba7e8cdf85da6cf5e11554703236b52
11738,da9c4ba6c9a1ae8725389bfd38b5763a,3e48b2167bd86ef570e46d0b286c4f74,SO54079,2,PK-7098,1,2,9223b53f03a405f817e91392f0294f6a
11738,da9c4ba6c9a1ae8725389bfd38b5763a,3e48b2167bd86ef570e46d0b286c4f74,SO54079,35,TI-M823,1,35,9223b53f03a405f817e91392f0294f6a
11738,da9c4ba6c9a1ae8725389bfd38b5763a,3e48b2167bd86ef570e46d0b286c4f74,SO54079,5,TT-M928,1,5,9223b53f03a405f817e91392f0294f6a
11739,089c2a426c196c5ca5facb20896c90bb,bc761b2b7297029a695fbd6dd0470724,SO56329,9,BC-R205,1,9,55f9f4cb5784581a517e59904e0d5e2f
11739,089c2a426c196c5ca5facb20896c90bb,bc761b2b7297029a695fbd6dd0470724,SO56329,2384,BK-T79U-60,1,2384,55f9f4cb5784581a517e59904e0d5e2f
11739,089c2a426c196c5ca5facb20896c90bb,bc761b2b7297029a695fbd6dd0470724,SO56329,5,WB-H098,1,5,55f9f4cb5784581a517e59904e0d5e2f
11739,5dddb266d8c26eece51489fe90c9f47d,4ef92eb2724526d42848579d94bf7748,SO51443,4640,BK-M68S-38,2,4640,96a3262695f10a59b726f3dfd4782c4d
11739,5dddb266d8c26eece51489fe90c9f47d,4ef92eb2724526d42848579d94bf7748,SO51443,35,TI-M823,1,35,96a3262695f10a59b726f3dfd4782c4d
11739,5dddb266d8c26eece51489fe90c9f47d,4ef92eb2724526d42848579d94bf7748,SO51443,5,TT-M928,1,5,96a3262695f10a59b726f3dfd4782c4d
11740,0814775cfc25da756a9b4197347ab771,d76e0ba1fa041675ae9af958c5b41ae4,SO57821,35,TI-M823,1,35,de22d232bbe84481579f6252f1e7091d
11740,106dfbaf552c07a1b08d065f2c343982,3f20f21c57e09a6c071e44d1fe74b58a,SO54548,2,PK-7098,1,2,dba3e44e23a1d2c2f299811e94db7fce
11740,106dfbaf552c07a1b08d065f2c343982,3f20f21c57e09a6c071e44d1fe74b58a,SO54548,30,TI-M602,1,30,dba3e44e23a1d2c2f299811e94db7fce
11740,106dfbaf552c07a1b08d065f2c343982,3f20f21c57e09a6c071e44d1fe74b58a,SO54548,5,TT-M928,1,5,dba3e44e23a1d2c2f299811e94db7fce
11740,12092303778fcfa88ed7d284b74c6a6a,40eee601514259a9632d510ca71226cc,SO74801,10,BC-M005,1,10,6cf9e035d2f1d8ffe1b9f2f96a9e7a3a
11740,12092303778fcfa88ed7d284b74c6a6a,40eee601514259a9632d510ca71226cc,SO74801,105,HL-U509-R,3,105,6cf9e035d2f1d8ffe1b9f2f96a9e7a3a
11740,12092303778fcfa88ed7d284b74c6a6a,40eee601514259a9632d510ca71226cc,SO74801,5,WB-H098,1,5,6cf9e035d2f1d8ffe1b9f2f96a9e7a3a
11740,226d694fb4b7f71d62444f9528be8704,714597fe9448176d17876617114a65bc,SO53997,2,PK-7098,1,2,9444f850ff0c10a862b4a6a9c4ab0a74
11740,226d694fb4b7f71d62444f9528be8704,714597fe9448176d17876617114a65bc,SO53997,159,ST-1401,1,159,9444f850ff0c10a862b4a6a9c4ab0a74
11740,226d694fb4b7f71d62444f9528be8704,714597fe9448176d17876617114a65bc,SO53997,33,TI-R982,1,33,9444f850ff0c10a862b4a6a9c4ab0a74
11740,226d694fb4b7f71d62444f9528be8704,714597fe9448176d17876617114a65bc,SO53997,4,TT-R982,1,4,9444f850ff0c10a862b4a6a9c4ab0a74
11740,eea5b3bd1bd5d5c62a1d22f78d3ba263,c87874400b9f907bdf9ea37d75a4b341,SO65477,27,CA-1098,3,27,a1fedb8f5f2e08543339a5f167bee6b7
11740,eea5b3bd1bd5d5c62a1d22f78d3ba263,c87874400b9f907bdf9ea37d75a4b341,SO65477,150,LJ-0192-M,3,150,a1fedb8f5f2e08543339a5f167bee6b7
11740,eea5b3bd1bd5d5c62a1d22f78d3ba263,c87874400b9f907bdf9ea37d75a4b341,SO65477,5,WB-H098,1,5,a1fedb8f5f2e08543339a5f167bee6b7
11741,15699e35c72c4036c71409f3f3d69528,f5933feadc49c253e4f0e77b236946e9,SO53052,4640,BK-M68S-46,2,4640,deff8ad81a213d1110c1f409a7f40fcd
11741,15699e35c72c4036c71409f3f3d69528,f5933feadc49c253e4f0e77b236946e9,SO53052,22,FE-6654,1,22,deff8ad81a213d1110c1f409a7f40fcd
11741,15699e35c72c4036c71409f3f3d69528,f5933feadc49c253e4f0e77b236946e9,SO53052,159,ST-1401,1,159,deff8ad81a213d1110c1f409a7f40fcd
11741,aae455c4d64d3ffe63d05cfe29e8fcdd,a23d0c239f0a09c5342f707e8417c1ec,SO45918,3578,BK-R93R-52,1,3578,7233744a010a9a2e1f7a7eb4772ddfa5
11742,a23d0c239f0a09c5342f707e8417c1ec,a8c7d5b3aff3fa32b632b239bd18e26f,SO45842,3578,BK-R93R-56,1,3578,0e0438a8bdbea53929bd664be8421837
11742,d630b2db6e8046e30b4728ca862ba4e1,02ad1a5ca18e58629b8c1d6a6401d071,SO58456,4590,BK-M68B-42,2,4590,07b31bae17c7890b17d79a654aa230cf
11742,d630b2db6e8046e30b4728ca862ba4e1,02ad1a5ca18e58629b8c1d6a6401d071,SO58456,2,PK-7098,1,2,07b31bae17c7890b17d79a654aa230cf
11742,d630b2db6e8046e30b4728ca862ba4e1,02ad1a5ca18e58629b8c1d6a6401d071,SO58456,35,TI-M823,1,35,07b31bae17c7890b17d79a654aa230cf
11742,d630b2db6e8046e30b4728ca862ba4e1,02ad1a5ca18e58629b8c1d6a6401d071,SO58456,5,TT-M928,1,5,07b31bae17c7890b17d79a654aa230cf
11743,790ee96c1472965375882b30fc089300,a3e65268044e3e2a027f7c5bd50d1a88,SO45986,3578,BK-R93R-56,1,3578,37a5117199a38b7e31d389445dab0cef
11743,debbb2493c6588799fc787e1854bcda5,40883861f6e25a2e09e848a7891f4f38,SO58111,4640,BK-M68S-38,2,4640,0814775cfc25da756a9b4197347ab771
11744,a2c49941411089cb2a9cbf78cb803c26,73a69a5c77a7d23172e54d7ce07a638e,SO56169,2,PK-7098,1,2,39fe373cdcb4534addde73890415b660
11744,a2c49941411089cb2a9cbf78cb803c26,73a69a5c77a7d23172e54d7ce07a638e,SO56169,35,TI-M823,1,35,39fe373cdcb4534addde73890415b660
11744,ccf89c691dabb1412404274596922d90,b0241b451647f25db5f52074445d820c,SO65035,105,HL-U509-B,3,105,7299e51cfc0d5174743a6701a8a96488
11745,40883861f6e25a2e09e848a7891f4f38,eba5233d2dd8ea5031e646882335ece0,SO57469,10,BC-M005,1,10,d76e0ba1fa041675ae9af958c5b41ae4
11745,40883861f6e25a2e09e848a7891f4f38,eba5233d2dd8ea5031e646882335ece0,SO57469,4640,BK-M68S-46,2,4640,d76e0ba1fa041675ae9af958c5b41ae4
11745,40883861f6e25a2e09e848a7891f4f38,eba5233d2dd8ea5031e646882335ece0,SO57469,105,HL-U509-B,3,105,d76e0ba1fa041675ae9af958c5b41ae4
11745,40883861f6e25a2e09e848a7891f4f38,eba5233d2dd8ea5031e646882335ece0,SO57469,5,WB-H098,1,5,d76e0ba1fa041675ae9af958c5b41ae4
11745,7233744a010a9a2e1f7a7eb4772ddfa5,0e0438a8bdbea53929bd664be8421837,SO45882,3578,BK-R93R-48,1,3578,d5bc8f6048b5d9c5610a083b3df65c9e
11746,361e2c62255e0c1887ac2139911ca300,20b5e9ce0f87defd975a322149ec8cc6,SO51911,2,PK-7098,1,2,eedd9be5500334505ed9d4aef801ac3d
11746,361e2c62255e0c1887ac2139911ca300,20b5e9ce0f87defd975a322149ec8cc6,SO51911,35,TI-M823,1,35,eedd9be5500334505ed9d4aef801ac3d
11746,361e2c62255e0c1887ac2139911ca300,20b5e9ce0f87defd975a322149ec8cc6,SO51911,5,TT-M928,1,5,eedd9be5500334505ed9d4aef801ac3d
11746,e84848120190a8d0e696fbeb15647a74,fff3c307c93eda1eb91d53ca588846fe,SO70388,105,HL-U509-R,3,105,f544b472453b297a8b55709fbfd3746d
11747,0da2bc000f1fe4ea8746f9aea0bb5879,702a02712215141594ddf8e52b0a651c,SO68320,22,FE-6654,1,22,b34050290c25b0f7b52a2b8f767df87d
11747,0da2bc000f1fe4ea8746f9aea0bb5879,702a02712215141594ddf8e52b0a651c,SO68320,35,TI-M823,1,35,b34050290c25b0f7b52a2b8f767df87d
11747,0da2bc000f1fe4ea8746f9aea0bb5879,702a02712215141594ddf8e52b0a651c,SO68320,5,TT-M928,1,5,b34050290c25b0f7b52a2b8f767df87d
11747,23bd9a9b90557e9da7babfb8e3d2df22,b210069485754303767745919c328b97,SO63769,54,SJ-0194-S,1,54,a946e75bc65318721cd1e01162d392dd
11748,058af5b2a408d57b708367e5bf4e9d9c,e82ca4c6beebe812f10fa1041b97a160,SO66807,35,TI-M823,1,35,c507827aa5f4f6bbedf64058461c621b
11748,5072507e949a2c25948a591c4da194e1,a189cc17a15cdb4e39e80dfcd8374c76,SO59667,30,TI-M602,1,30,ad0b7f5ad35732646f1e5f67418d5995
11748,5072507e949a2c25948a591c4da194e1,a189cc17a15cdb4e39e80dfcd8374c76,SO59667,5,TT-M928,1,5,ad0b7f5ad35732646f1e5f67418d5995
11748,7ee641303ef8d8b10d0ed00a060c73cc,eef21e68ecca703bb338920b950f203c,SO61750,5,WB-H098,1,5,0d15ba5aa4c9ad0377b26e0cf7a86280
11748,c660dc308b247ce08aeecd155306bae0,e7df1b3ee078bdcfc260a877f321287d,SO59934,10,BC-M005,1,10,9a95fdf4e925d9cbd65f87b5aa4ac212
11748,c660dc308b247ce08aeecd155306bae0,e7df1b3ee078bdcfc260a877f321287d,SO59934,5,WB-H098,1,5,9a95fdf4e925d9cbd65f87b5aa4ac212
11748,ec24e4cf9fcc90f3bbe81b2fb3735c21,c4369eefdf9bb8a3f9115e96b40aaf17,SO69812,27,CA-1098,3,27,f06fd077b6afc2d69af6e1e548da266d
11748,ec24e4cf9fcc90f3bbe81b2fb3735c21,c4369eefdf9bb8a3f9115e96b40aaf17,SO69812,33,TI-R982,1,33,f06fd077b6afc2d69af6e1e548da266d
11749,39fe373cdcb4534addde73890415b660,41fc4cb27e0ee552c4c9247e1a476cc5,SO55879,25,TI-M267,1,25,3519c8eb4095dbc69d80eb61856d3435
11749,485ae69515bc4c60ef546ff289741f60,40ff348468b73116a7077c246985e0bf,SO57598,10,BC-M005,1,10,375bde15092f45652b6398c1dff650d0
11749,485ae69515bc4c60ef546ff289741f60,40ff348468b73116a7077c246985e0bf,SO57598,5,WB-H098,1,5,375bde15092f45652b6398c1dff650d0
11749,a1e59736d286765313b8212467dc64b2,43e2cc7ff261723f93f64f3f7e9faa8d,SO74224,8,CL-9009,1,8,ca5b8307fa5f2189fb98330a9d65927c
11750,0095a52f8a0e02a140bcad01e006d00c,609b197be8107c93f47563f68c8efa70,SO45157,3400,BK-M82S-38,1,3400,2a6250d596353ea8d83850c77e8b9ad4
11750,089c2a426c196c5ca5facb20896c90bb,bc761b2b7297029a695fbd6dd0470724,SO56322,4590,BK-M68B-46,2,4590,55f9f4cb5784581a517e59904e0d5e2f
11750,089c2a426c196c5ca5facb20896c90bb,bc761b2b7297029a695fbd6dd0470724,SO56322,55,HY-1023-70,1,55,55f9f4cb5784581a517e59904e0d5e2f
11750,702a02712215141594ddf8e52b0a651c,cd15e5f80ff20dd345bfaa51400dd0d6,SO67576,9,BC-R205,1,9,caa707f97407c07371136aaf471a91d4
11750,702a02712215141594ddf8e52b0a651c,cd15e5f80ff20dd345bfaa51400dd0d6,SO67576,2384,BK-T79U-54,1,2384,caa707f97407c07371136aaf471a91d4
11750,702a02712215141594ddf8e52b0a651c,cd15e5f80ff20dd345bfaa51400dd0d6,SO67576,5,WB-H098,1,5,caa707f97407c07371136aaf471a91d4
11751,6e5c4b769f8f70f9fd01b24ba5be9695,40e7dd73b09eac540e790daf6fac41af,SO54868,4640,BK-M68S-42,2,4640,106dfbaf552c07a1b08d065f2c343982
11751,6e5c4b769f8f70f9fd01b24ba5be9695,40e7dd73b09eac540e790daf6fac41af,SO54868,22,FE-6654,1,22,106dfbaf552c07a1b08d065f2c343982
11751,6e5c4b769f8f70f9fd01b24ba5be9695,40e7dd73b09eac540e790daf6fac41af,SO54868,54,SJ-0194-L,1,54,106dfbaf552c07a1b08d065f2c343982
11751,6e5c4b769f8f70f9fd01b24ba5be9695,40e7dd73b09eac540e790daf6fac41af,SO54868,35,TI-M823,1,35,106dfbaf552c07a1b08d065f2c343982
11751,8dd08d219271ec96c543f486de430703,d53f9d33cac0a297449a74a10d031570,SO62343,2384,BK-T79U-46,1,2384,04dbdf67bb8714ba18c9c36d50d1f5dc
11751,9b388942f77042c20d2cf762e3bde6f6,51aeb01fbbe1b86816ccd49f6e3042a1,SO45120,3400,BK-M82S-38,1,3400,4203367f75691615833ed21a18072519
11752,6d44506d59926d8d13d35f75d97f2a64,deff8ad81a213d1110c1f409a7f40fcd,SO53410,10,BC-M005,1,10,f476906875bc5d9abe836b4ea1f485c1
11752,6d44506d59926d8d13d35f75d97f2a64,deff8ad81a213d1110c1f409a7f40fcd,SO53410,27,CA-1098,3,27,f476906875bc5d9abe836b4ea1f485c1
11752,6d44506d59926d8d13d35f75d97f2a64,deff8ad81a213d1110c1f409a7f40fcd,SO53410,54,SJ-0194-S,1,54,f476906875bc5d9abe836b4ea1f485c1
11752,6d44506d59926d8d13d35f75d97f2a64,deff8ad81a213d1110c1f409a7f40fcd,SO53410,5,WB-H098,1,5,f476906875bc5d9abe836b4ea1f485c1
11752,7ee641303ef8d8b10d0ed00a060c73cc,eef21e68ecca703bb338920b950f203c,SO61733,8,CL-9009,1,8,0d15ba5aa4c9ad0377b26e0cf7a86280
11752,e366e24b8ad0b1107528f2f58cd15a81,921bc92a493b53f98f24e6a8a12801be,SO72452,22,FE-6654,1,22,c83e871e48c2716e0f28e60d166a5c98
11752,e366e24b8ad0b1107528f2f58cd15a81,921bc92a493b53f98f24e6a8a12801be,SO72452,25,TI-M267,1,25,c83e871e48c2716e0f28e60d166a5c98
11752,e366e24b8ad0b1107528f2f58cd15a81,921bc92a493b53f98f24e6a8a12801be,SO72452,5,TT-M928,1,5,c83e871e48c2716e0f28e60d166a5c98
11753,b210069485754303767745919c328b97,305c66634c155cab2b5cc3ce00351eb1,SO62822,10,BC-M005,1,10,5efefff01843f5aa3f7d8a4d44b4bf2e
11753,c135545cc3f3a739132ffdbc8096f3d4,36ab6f1df21f3c9a169c8942e981959a,SO68411,25,TI-M267,1,25,511572e8a25e86c2f48ae9e6d73a1e6a
11753,c135545cc3f3a739132ffdbc8096f3d4,36ab6f1df21f3c9a169c8942e981959a,SO68411,5,TT-M928,1,5,511572e8a25e86c2f48ae9e6d73a1e6a
11753,ed268f8f3837888893f896b7240f1254,a9cefc49af6424b430612adfc69876ee,SO56440,8,CL-9009,1,8,6353a8421ee460b64f2c988cc72a8391
11754,0abdefac8d1bd8fada12695898a16347,f5c31768618e3c8a7f1b3b755f08aa67,SO45171,3400,BK-M82S-42,1,3400,f6fc4f2618f10629bd7f83026a77c035
11754,7130adfd843cdcb6d0bcd9d13792693a,d1024973c3d10f08cb9fa1736e6ed8b7,SO63116,2384,BK-T79U-50,1,2384,f46ace11e93788e473124f7be16a19d5
11754,7130adfd843cdcb6d0bcd9d13792693a,d1024973c3d10f08cb9fa1736e6ed8b7,SO63116,48,GL-H102-L,2,48,f46ace11e93788e473124f7be16a19d5
11754,7130adfd843cdcb6d0bcd9d13792693a,d1024973c3d10f08cb9fa1736e6ed8b7,SO63116,105,HL-U509,3,105,f46ace11e93788e473124f7be16a19d5
11754,9444f850ff0c10a862b4a6a9c4ab0a74,3143ce3c6436ed5bd25398756b7b661d,SO53768,4640,BK-M68S-38,2,4640,76e3c19dbb0dadc4c6dc771d856e4676
11755,2fe1a028f9398deb2efcd536c8246fae,9913e55755fcc4267a06c1e6adbbc7fb,SO62583,2,PK-7098,1,2,8dd08d219271ec96c543f486de430703
11755,2fe1a028f9398deb2efcd536c8246fae,9913e55755fcc4267a06c1e6adbbc7fb,SO62583,5,TT-M928,1,5,8dd08d219271ec96c543f486de430703
11755,4a800301260b2639fa1ec3efafb5f86c,23f22724b430320654759f8512440ebc,SO59143,25,TI-M267,1,25,a189cc17a15cdb4e39e80dfcd8374c76
11755,4a800301260b2639fa1ec3efafb5f86c,23f22724b430320654759f8512440ebc,SO59143,5,TT-M928,1,5,a189cc17a15cdb4e39e80dfcd8374c76
11755,58f0b42da53adeeccbfa693883fea672,8c9ec1be720ee75d56d0c250d10610fa,SO64388,27,CA-1098,3,27,d4746e41b619da57ee9f1a2e2cc254e8
11756,962bae2fb03296a3b9cacabfa929322c,0da2bc000f1fe4ea8746f9aea0bb5879,SO69159,2384,BK-T79U-46,1,2384,c4369eefdf9bb8a3f9115e96b40aaf17
11756,962bae2fb03296a3b9cacabfa929322c,0da2bc000f1fe4ea8746f9aea0bb5879,SO69159,27,CA-1098,3,27,c4369eefdf9bb8a3f9115e96b40aaf17
11756,a976f17830aceaaa93d5daef0bc209a3,d9f7611cf8d29b48a1d3d8fddb8c5b2e,SO57521,10,BC-M005,1,10,0e23f371129aecc6b2033620b226f8d7
11756,a976f17830aceaaa93d5daef0bc209a3,d9f7611cf8d29b48a1d3d8fddb8c5b2e,SO57521,4590,BK-M68B-42,2,4590,0e23f371129aecc6b2033620b226f8d7
11756,a976f17830aceaaa93d5daef0bc209a3,d9f7611cf8d29b48a1d3d8fddb8c5b2e,SO57521,5,WB-H098,1,5,0e23f371129aecc6b2033620b226f8d7
11756,d7a9e1dfc11849db0f8ae23e1daaf243,0abdefac8d1bd8fada12695898a16347,SO45244,3375,BK-M82B-44,1,3375,593d65a6acc20f05e8f0ed19632bf61e
11757,38c9e5d1e366b4c5c36aae682bc960c4,8fa3bab223bec6501ad71f96bb1067b6,SO71635,2,PK-7098,1,2,58c4ce5b9433e7b6d41793d5a76d5590
11757,38c9e5d1e366b4c5c36aae682bc960c4,8fa3bab223bec6501ad71f96bb1067b6,SO71635,25,TI-M267,1,25,58c4ce5b9433e7b6d41793d5a76d5590
11757,714597fe9448176d17876617114a65bc,d6ec5bff1a0809822c740ce35792fa7a,SO53193,48,GL-H102-M,2,48,3143ce3c6436ed5bd25398756b7b661d
11757,ba19c22033aaecc6c5dad47f63e5858c,8dd08d219271ec96c543f486de430703,SO63011,2,PK-7098,1,2,16918840d98f27ce45948fe73dd5592f
11757,ba19c22033aaecc6c5dad47f63e5858c,8dd08d219271ec96c543f486de430703,SO63011,4,TT-R982,1,4,16918840d98f27ce45948fe73dd5592f
11758,921bc92a493b53f98f24e6a8a12801be,17520f5649fab40fb66771362888cb90,SO71428,2,PK-7098,1,2,6a8d7e42bb852c45fbf8610361d391a0
11758,921bc92a493b53f98f24e6a8a12801be,17520f5649fab40fb66771362888cb90,SO71428,25,TI-M267,1,25,6a8d7e42bb852c45fbf8610361d391a0
11758,9b6872ca1d80024637e967d1066bba0a,4310d0d92131e34ff2716d85e1953174,SO55337,48,GL-H102-S,2,48,7b0730955172ecda497d7cca6b1d87a1
11758,e82ca4c6beebe812f10fa1041b97a160,9d934f91c460e9947414d00048f2fa36,SO66028,2,PK-7098,1,2,6d1d8a1c7851eb5a946d45009cea6d9f
11758,e82ca4c6beebe812f10fa1041b97a160,9d934f91c460e9947414d00048f2fa36,SO66028,4,TT-R982,1,4,6d1d8a1c7851eb5a946d45009cea6d9f
11759,126a150f00133dcede50b2ccff26629d,efb944cb000716b997c2d0fb263d30ad,SO45129,3375,BK-M82B-44,1,3375,31ee28e8b3065df78e0ab30c3bde73e0
11759,922d04aa1f67bbe0270bfad98508f43e,0383d48e76cd8a3dfb9e2a890f2cac18,SO61855,2384,BK-T79Y-60,1,2384,76918877cf6ce7011018cd9708723392
11759,ac15b60491fe99190c0248790e690757,ab2e81a99745ffff6c06e2be93290d1b,SO54810,4590,BK-M68B-38,2,4590,0c8ff735cb2b05718573c08173335fd4
11760,3c8e2c51453f4d665f1050da871dead6,1f50dad3f1493a5cf408c4eb3987479e,SO55394,48,GL-H102-S,2,48,d34ba8f5d7fd7d5959a34c283fbec422
11760,59c3d64cb01cd5ad7fd25246d81a55ff,ac15b60491fe99190c0248790e690757,SO55509,55,HY-1023-70,1,55,d8a4ea0dc4237ee8690ee37b3902fd0e
11760,59c3d64cb01cd5ad7fd25246d81a55ff,ac15b60491fe99190c0248790e690757,SO55509,4,TT-R982,1,4,d8a4ea0dc4237ee8690ee37b3902fd0e
11760,59c3d64cb01cd5ad7fd25246d81a55ff,ac15b60491fe99190c0248790e690757,SO55509,64,VE-C304-L,1,64,d8a4ea0dc4237ee8690ee37b3902fd0e
11760,6a8d7e42bb852c45fbf8610361d391a0,3f72b837978dcd042b73e7270f11a4ca,SO71094,27,CA-1098,3,27,49fce086a31f1cfcf16b54e462f7cbc0
11760,6a8d7e42bb852c45fbf8610361d391a0,3f72b837978dcd042b73e7270f11a4ca,SO71094,105,HL-U509-R,3,105,49fce086a31f1cfcf16b54e462f7cbc0
11760,6a8d7e42bb852c45fbf8610361d391a0,3f72b837978dcd042b73e7270f11a4ca,SO71094,54,SJ-0194-X,1,54,49fce086a31f1cfcf16b54e462f7cbc0
11760,6a8d7e42bb852c45fbf8610361d391a0,3f72b837978dcd042b73e7270f11a4ca,SO71094,25,TI-M267,1,25,49fce086a31f1cfcf16b54e462f7cbc0
11760,6a8d7e42bb852c45fbf8610361d391a0,3f72b837978dcd042b73e7270f11a4ca,SO71094,5,TT-M928,1,5,49fce086a31f1cfcf16b54e462f7cbc0
11761,3eb2a52c6c6787843bc1ac7f25a034a0,f67ef19fd32e1f419c98c684dc9a20e0,SO45376,3400,BK-M82S-38,1,3400,c53a11f9ff0240a8c60779a9b2b3bc12
11761,ba19c22033aaecc6c5dad47f63e5858c,8dd08d219271ec96c543f486de430703,SO63058,2384,BK-T79U-60,1,2384,16918840d98f27ce45948fe73dd5592f
11761,ba19c22033aaecc6c5dad47f63e5858c,8dd08d219271ec96c543f486de430703,SO63058,27,CA-1098,3,27,16918840d98f27ce45948fe73dd5592f
11761,dba3e44e23a1d2c2f299811e94db7fce,51c449e55b4a63a16fb45beb689150d5,SO54302,10,BC-M005,1,10,226d694fb4b7f71d62444f9528be8704
11761,dba3e44e23a1d2c2f299811e94db7fce,51c449e55b4a63a16fb45beb689150d5,SO54302,4590,BK-M68B-46,2,4590,226d694fb4b7f71d62444f9528be8704
11761,dba3e44e23a1d2c2f299811e94db7fce,51c449e55b4a63a16fb45beb689150d5,SO54302,22,FE-6654,1,22,226d694fb4b7f71d62444f9528be8704
11761,dba3e44e23a1d2c2f299811e94db7fce,51c449e55b4a63a16fb45beb689150d5,SO54302,48,GL-H102-L,2,48,226d694fb4b7f71d62444f9528be8704
11761,dba3e44e23a1d2c2f299811e94db7fce,51c449e55b4a63a16fb45beb689150d5,SO54302,5,WB-H098,1,5,226d694fb4b7f71d62444f9528be8704
11762,aaa07e52f0e1bae006632f510c91ec56,e89a01c7beb66fd77ea090731710a12e,SO45392,3400,BK-M82S-38,1,3400,fa2c117fbfa874ac1c732417d5be02d3
11762,dba3e44e23a1d2c2f299811e94db7fce,51c449e55b4a63a16fb45beb689150d5,SO54303,10,BC-M005,1,10,226d694fb4b7f71d62444f9528be8704
11762,dba3e44e23a1d2c2f299811e94db7fce,51c449e55b4a63a16fb45beb689150d5,SO54303,4640,BK-M68S-42,2,4640,226d694fb4b7f71d62444f9528be8704
11762,dba3e44e23a1d2c2f299811e94db7fce,51c449e55b4a63a16fb45beb689150d5,SO54303,55,HY-1023-70,1,55,226d694fb4b7f71d62444f9528be8704
11762,dba3e44e23a1d2c2f299811e94db7fce,51c449e55b4a63a16fb45beb689150d5,SO54303,5,WB-H098,1,5,226d694fb4b7f71d62444f9528be8704
11762,f8025d3776b5f7522a6120cb4e9e0783,2d6e054ac82934d489c58cc8399a1628,SO61656,2384,BK-T79Y-60,1,2384,d945ec2aae74dbfb829453026b91c235
11762,f8025d3776b5f7522a6120cb4e9e0783,2d6e054ac82934d489c58cc8399a1628,SO61656,54,SJ-0194-X,1,54,d945ec2aae74dbfb829453026b91c235
11763,17520f5649fab40fb66771362888cb90,1faee5670542865e021595151379fe5c,SO70598,8,CL-9009,1,8,3f72b837978dcd042b73e7270f11a4ca
11763,17520f5649fab40fb66771362888cb90,1faee5670542865e021595151379fe5c,SO70598,25,TI-M267,1,25,3f72b837978dcd042b73e7270f11a4ca
11763,17520f5649fab40fb66771362888cb90,1faee5670542865e021595151379fe5c,SO70598,5,TT-M928,1,5,3f72b837978dcd042b73e7270f11a4ca
11763,63efdd3324df66c9965bd622cdebe06a,7acd252f45ad6fe668386456a673d543,SO68034,8,CL-9009,1,8,6e32728b966bb91cefefa1316da21ca8
11763,63efdd3324df66c9965bd622cdebe06a,7acd252f45ad6fe668386456a673d543,SO68034,2,PK-7098,1,2,6e32728b966bb91cefefa1316da21ca8
11763,63efdd3324df66c9965bd622cdebe06a,7acd252f45ad6fe668386456a673d543,SO68034,4,TT-R982,1,4,6e32728b966bb91cefefa1316da21ca8
11763,db2b287636ac5ebda430de4f3f643b24,7af7abc5e37d5fa2e2334b4fec2584e2,SO51975,48,GL-H102-S,2,48,bee2b842cd357511cf4c8e509f5af192
11764,2ed3972e38245b633ec6b146c2970148,6477c205c5117a9448ba863e111acf32,SO61730,2384,BK-T79Y-60,1,2384,2becb9647677a1a316b388bbad689580
11764,350462f2d0124beb0d7adf60dd79a8b8,18f7c9bb65478213b7dcd26262dde1a0,SO45653,3400,BK-M82S-48,1,3400,e326f919619dfb88508877586e312f4c
11764,d8a4ea0dc4237ee8690ee37b3902fd0e,0c8ff735cb2b05718573c08173335fd4,SO55175,10,BC-M005,1,10,fef3080ec197edd1a04bb18afd31d16d
11764,d8a4ea0dc4237ee8690ee37b3902fd0e,0c8ff735cb2b05718573c08173335fd4,SO55175,4590,BK-M68B-38,2,4590,fef3080ec197edd1a04bb18afd31d16d
11764,d8a4ea0dc4237ee8690ee37b3902fd0e,0c8ff735cb2b05718573c08173335fd4,SO55175,105,HL-U509-B,3,105,fef3080ec197edd1a04bb18afd31d16d
11764,d8a4ea0dc4237ee8690ee37b3902fd0e,0c8ff735cb2b05718573c08173335fd4,SO55175,5,WB-H098,1,5,fef3080ec197edd1a04bb18afd31d16d
11765,3f20f21c57e09a6c071e44d1fe74b58a,9b98d27287b27eeee9ebc06e1d5a9a8d,SO53915,4590,BK-M68B-38,2,4590,51c449e55b4a63a16fb45beb689150d5
11765,4f477db88196607e3dbfd0139d6028b5,f036f125fefcf3b1a561961fcdc80496,SO45676,3375,BK-M82B-42,1,3375,2707fbccd14f3db6d4c5aa0aeaa9d258
11765,b210069485754303767745919c328b97,305c66634c155cab2b5cc3ce00351eb1,SO62873,2384,BK-T79Y-60,1,2384,5efefff01843f5aa3f7d8a4d44b4bf2e
11765,b210069485754303767745919c328b97,305c66634c155cab2b5cc3ce00351eb1,SO62873,105,HL-U509-R,3,105,5efefff01843f5aa3f7d8a4d44b4bf2e
11765,b210069485754303767745919c328b97,305c66634c155cab2b5cc3ce00351eb1,SO62873,54,SJ-0194-S,1,54,5efefff01843f5aa3f7d8a4d44b4bf2e
11766,1b30ec3bcb718d69a0b3a02c36113181,2707fbccd14f3db6d4c5aa0aeaa9d258,SO45721,3400,BK-M82S-42,1,3400,97cd5e56c90f7c4d613dc94c51d72999
11766,9913e55755fcc4267a06c1e6adbbc7fb,4a70a3ec50fd16032883bf6fc79c55dd,SO61920,9,BC-R205,1,9,d53f9d33cac0a297449a74a10d031570
11766,9913e55755fcc4267a06c1e6adbbc7fb,4a70a3ec50fd16032883bf6fc79c55dd,SO61920,2384,BK-T79U-60,1,2384,d53f9d33cac0a297449a74a10d031570
11766,9913e55755fcc4267a06c1e6adbbc7fb,4a70a3ec50fd16032883bf6fc79c55dd,SO61920,27,CA-1098,3,27,d53f9d33cac0a297449a74a10d031570
11766,9913e55755fcc4267a06c1e6adbbc7fb,4a70a3ec50fd16032883bf6fc79c55dd,SO61920,54,SJ-0194-L,1,54,d53f9d33cac0a297449a74a10d031570
11766,9913e55755fcc4267a06c1e6adbbc7fb,4a70a3ec50fd16032883bf6fc79c55dd,SO61920,5,WB-H098,1,5,d53f9d33cac0a297449a74a10d031570
11766,dba3e44e23a1d2c2f299811e94db7fce,51c449e55b4a63a16fb45beb689150d5,SO54304,4640,BK-M68S-46,2,4640,226d694fb4b7f71d62444f9528be8704
11766,dba3e44e23a1d2c2f299811e94db7fce,51c449e55b4a63a16fb45beb689150d5,SO54304,48,GL-H102-S,2,48,226d694fb4b7f71d62444f9528be8704
11766,dba3e44e23a1d2c2f299811e94db7fce,51c449e55b4a63a16fb45beb689150d5,SO54304,105,HL-U509,3,105,226d694fb4b7f71d62444f9528be8704
11766,dba3e44e23a1d2c2f299811e94db7fce,51c449e55b4a63a16fb45beb689150d5,SO54304,35,TI-M823,1,35,226d694fb4b7f71d62444f9528be8704
11766,dba3e44e23a1d2c2f299811e94db7fce,51c449e55b4a63a16fb45beb689150d5,SO54304,5,TT-M928,1,5,226d694fb4b7f71d62444f9528be8704
11767,04dbdf67bb8714ba18c9c36d50d1f5dc,4cc27df81afd686c0420394e090460cb,SO62020,2384,BK-T79U-60,1,2384,2ed3972e38245b633ec6b146c2970148
11767,04dbdf67bb8714ba18c9c36d50d1f5dc,4cc27df81afd686c0420394e090460cb,SO62020,48,GL-H102-S,2,48,2ed3972e38245b633ec6b146c2970148
11767,04dbdf67bb8714ba18c9c36d50d1f5dc,4cc27df81afd686c0420394e090460cb,SO62020,105,HL-U509-R,3,105,2ed3972e38245b633ec6b146c2970148
11767,a7b6562d6af25035e375b23034715469,b072685f839bf660f163321d570bd4df,SO45712,3400,BK-M82S-44,1,3400,4f477db88196607e3dbfd0139d6028b5
11767,b8d9d66529b0a1e91f6137abcdd065dd,6d44506d59926d8d13d35f75d97f2a64,SO54240,4590,BK-M68B-46,2,4590,90c6314650a0d54fdcabe5cd5406f9af
11767,b8d9d66529b0a1e91f6137abcdd065dd,6d44506d59926d8d13d35f75d97f2a64,SO54240,22,FE-6654,1,22,90c6314650a0d54fdcabe5cd5406f9af
11767,b8d9d66529b0a1e91f6137abcdd065dd,6d44506d59926d8d13d35f75d97f2a64,SO54240,159,ST-1401,1,159,90c6314650a0d54fdcabe5cd5406f9af
11768,13af0cd214494c6df4622847478d94fe,2736db866ea3366c10431df335770c4c,SO45621,3400,BK-M82S-44,1,3400,2161780b6db40411111a69f18a2056bd
11768,1685ca8ff12ea83725a1c35e1d89c5cd,15699e35c72c4036c71409f3f3d69528,SO53865,4640,BK-M68S-38,2,4640,6d44506d59926d8d13d35f75d97f2a64
11768,305c66634c155cab2b5cc3ce00351eb1,2becb9647677a1a316b388bbad689580,SO62156,2384,BK-T79Y-60,1,2384,922d04aa1f67bbe0270bfad98508f43e
11768,305c66634c155cab2b5cc3ce00351eb1,2becb9647677a1a316b388bbad689580,SO62156,105,HL-U509,3,105,922d04aa1f67bbe0270bfad98508f43e
11769,3fbd0407b55d3a3da21388a2ddbf881c,ab4946738415af86b5e3cee69b13301f,SO57934,22,FE-6654,1,22,5abaefcc8525a8f4cfd95cba9e926532
11769,3fbd0407b55d3a3da21388a2ddbf881c,ab4946738415af86b5e3cee69b13301f,SO57934,35,TI-M823,1,35,5abaefcc8525a8f4cfd95cba9e926532
11769,3fbd0407b55d3a3da21388a2ddbf881c,ab4946738415af86b5e3cee69b13301f,SO57934,5,TT-M928,1,5,5abaefcc8525a8f4cfd95cba9e926532
11769,3fbd0407b55d3a3da21388a2ddbf881c,ab4946738415af86b5e3cee69b13301f,SO57934,64,VE-C304-M,1,64,5abaefcc8525a8f4cfd95cba9e926532
11769,58f0b42da53adeeccbfa693883fea672,8c9ec1be720ee75d56d0c250d10610fa,SO64394,2,PK-7098,1,2,d4746e41b619da57ee9f1a2e2cc254e8
11769,58f0b42da53adeeccbfa693883fea672,8c9ec1be720ee75d56d0c250d10610fa,SO64394,21,TI-R092,1,21,d4746e41b619da57ee9f1a2e2cc254e8
11769,58f0b42da53adeeccbfa693883fea672,8c9ec1be720ee75d56d0c250d10610fa,SO64394,4,TT-R982,1,4,d4746e41b619da57ee9f1a2e2cc254e8
11769,8d71482745a6a1be4fbbc5562ade4657,089c2a426c196c5ca5facb20896c90bb,SO56925,27,CA-1098,3,27,d9f7611cf8d29b48a1d3d8fddb8c5b2e
11769,8d71482745a6a1be4fbbc5562ade4657,089c2a426c196c5ca5facb20896c90bb,SO56925,70,SH-W890-M,1,70,d9f7611cf8d29b48a1d3d8fddb8c5b2e
11769,9d934f91c460e9947414d00048f2fa36,94b225b5b1f09ecd5e8ecdfb681ff04c,SO65109,48,GL-H102-L,2,48,3f0c8308e4e2e5c4ddc1b7e19304f613
11769,9d934f91c460e9947414d00048f2fa36,94b225b5b1f09ecd5e8ecdfb681ff04c,SO65109,105,HL-U509,3,105,3f0c8308e4e2e5c4ddc1b7e19304f613
11769,9d934f91c460e9947414d00048f2fa36,94b225b5b1f09ecd5e8ecdfb681ff04c,SO65109,30,TI-M602,1,30,3f0c8308e4e2e5c4ddc1b7e19304f613
11769,9d934f91c460e9947414d00048f2fa36,94b225b5b1f09ecd5e8ecdfb681ff04c,SO65109,5,TT-M928,1,5,3f0c8308e4e2e5c4ddc1b7e19304f613
11769,f88b3743a9ce1f9455b6de69380b486a,64cadfde6f66bc25043d0d69f5ae5471,SO66584,2,PK-7098,1,2,3dc63b2d6dcc8f0b6720b06b5439a0b1
11769,f88b3743a9ce1f9455b6de69380b486a,64cadfde6f66bc25043d0d69f5ae5471,SO66584,120,RA-H123,1,120,3dc63b2d6dcc8f0b6720b06b5439a0b1
11769,f88b3743a9ce1f9455b6de69380b486a,64cadfde6f66bc25043d0d69f5ae5471,SO66584,25,TI-M267,1,25,3dc63b2d6dcc8f0b6720b06b5439a0b1
11769,f88b3743a9ce1f9455b6de69380b486a,64cadfde6f66bc25043d0d69f5ae5471,SO66584,5,TT-M928,1,5,3dc63b2d6dcc8f0b6720b06b5439a0b1
11770,705fa39ab40831529471c768490339ab,63efdd3324df66c9965bd622cdebe06a,SO68827,105,HL-U509-B,3,105,4584ca349e0920f4436a3c2f36158b85
11770,99b7e934795a93975a5e0c0b9b57d9ba,870bd4f3713260418e4f342f31dc7e33,SO63858,2,PK-7098,1,2,7a8e187aeb003f6e34c02a4d5b9b153e
11770,99b7e934795a93975a5e0c0b9b57d9ba,870bd4f3713260418e4f342f31dc7e33,SO63858,35,TI-M823,1,35,7a8e187aeb003f6e34c02a4d5b9b153e
11770,99b7e934795a93975a5e0c0b9b57d9ba,870bd4f3713260418e4f342f31dc7e33,SO63858,5,TT-M928,1,5,7a8e187aeb003f6e34c02a4d5b9b153e
11771,16918840d98f27ce45948fe73dd5592f,04dbdf67bb8714ba18c9c36d50d1f5dc,SO62695,48,GL-H102-M,2,48,95103530881768b5cfc7e33970db9cd7
11771,16918840d98f27ce45948fe73dd5592f,04dbdf67bb8714ba18c9c36d50d1f5dc,SO62695,105,HL-U509-B,3,105,95103530881768b5cfc7e33970db9cd7
11771,3c8e2c51453f4d665f1050da871dead6,1f50dad3f1493a5cf408c4eb3987479e,SO55432,35,TI-M823,1,35,d34ba8f5d7fd7d5959a34c283fbec422
11772,654bc11cf88df4bb20f9816e51982e64,46b4f921be4883580ee6326a1e99fcfc,SO45867,3578,BK-R93R-48,1,3578,a23d0c239f0a09c5342f707e8417c1ec
11772,eba6cab7267f82e3b2a063d5ea445bb9,73b2264d673ee7b5b2e7e165020516ac,SO58061,10,BC-M005,1,10,02ad1a5ca18e58629b8c1d6a6401d071
11772,eba6cab7267f82e3b2a063d5ea445bb9,73b2264d673ee7b5b2e7e165020516ac,SO58061,4640,BK-M68S-46,2,4640,02ad1a5ca18e58629b8c1d6a6401d071
11772,eba6cab7267f82e3b2a063d5ea445bb9,73b2264d673ee7b5b2e7e165020516ac,SO58061,5,WB-H098,1,5,02ad1a5ca18e58629b8c1d6a6401d071
11773,0e23f371129aecc6b2033620b226f8d7,fda052162862bb845297063fd71a580c,SO57228,4640,BK-M68S-42,2,4640,40ff348468b73116a7077c246985e0bf
11773,0e23f371129aecc6b2033620b226f8d7,fda052162862bb845297063fd71a580c,SO57228,22,FE-6654,1,22,40ff348468b73116a7077c246985e0bf
11773,0e23f371129aecc6b2033620b226f8d7,fda052162862bb845297063fd71a580c,SO57228,64,VE-C304-M,1,64,40ff348468b73116a7077c246985e0bf
11773,2fdcff2fdbe32f29016778bbf2d2634c,00c0d1d4fb14e331ca9e478a9afc945d,SO45973,3578,BK-R93R-52,1,3578,1f46035fc72c89f13de95ed295e3f737
11774,59901f77a5f45f9e1a4ab8a7a016680f,f4d4667dc106e39215fdb27a09c25150,SO45994,3578,BK-R93R-44,1,3578,4539d5ac3ea4fd1548956fea790162f5
11774,c926349b55a58d87d7d5008c349fd1e9,9e8cbc3edbb5efb3f48d6afb260e4725,SO60099,4640,BK-M68S-42,2,4640,ccb91034934bb047c5f6a32eb289b95b
11774,c926349b55a58d87d7d5008c349fd1e9,9e8cbc3edbb5efb3f48d6afb260e4725,SO60099,2,PK-7098,1,2,ccb91034934bb047c5f6a32eb289b95b
11775,3ebfce6ccd7540a632ae7e6ad8100c29,d630b2db6e8046e30b4728ca862ba4e1,SO59385,4590,BK-M68B-42,2,4590,df595e3c678d4fae23ce174fe747165e
11775,3ebfce6ccd7540a632ae7e6ad8100c29,d630b2db6e8046e30b4728ca862ba4e1,SO59385,35,TI-M823,1,35,df595e3c678d4fae23ce174fe747165e
11775,3ebfce6ccd7540a632ae7e6ad8100c29,d630b2db6e8046e30b4728ca862ba4e1,SO59385,5,TT-M928,1,5,df595e3c678d4fae23ce174fe747165e
11775,a23d0c239f0a09c5342f707e8417c1ec,a8c7d5b3aff3fa32b632b239bd18e26f,SO45843,3578,BK-R93R-48,1,3578,0e0438a8bdbea53929bd664be8421837
11776,3ebfce6ccd7540a632ae7e6ad8100c29,d630b2db6e8046e30b4728ca862ba4e1,SO59383,4640,BK-M68S-46,2,4640,df595e3c678d4fae23ce174fe747165e
11776,3ebfce6ccd7540a632ae7e6ad8100c29,d630b2db6e8046e30b4728ca862ba4e1,SO59383,22,FE-6654,1,22,df595e3c678d4fae23ce174fe747165e
11776,3ebfce6ccd7540a632ae7e6ad8100c29,d630b2db6e8046e30b4728ca862ba4e1,SO59383,159,ST-1401,1,159,df595e3c678d4fae23ce174fe747165e
11776,d5bc8f6048b5d9c5610a083b3df65c9e,90b02462c4aa07aa9f640001bc1770d2,SO45850,3578,BK-R93R-62,1,3578,1f760221df457e3dd3ffaf756be2b521
11777,883b9b4170853b321c03290f64ba199f,412998e77ee121227580e3d363f75fa2,SO60682,10,BC-M005,1,10,af1457846a79173ef71dd9d5dd69805a
11777,883b9b4170853b321c03290f64ba199f,412998e77ee121227580e3d363f75fa2,SO60682,4640,BK-M68S-38,2,4640,af1457846a79173ef71dd9d5dd69805a
11777,883b9b4170853b321c03290f64ba199f,412998e77ee121227580e3d363f75fa2,SO60682,2,PK-7098,1,2,af1457846a79173ef71dd9d5dd69805a
11777,883b9b4170853b321c03290f64ba199f,412998e77ee121227580e3d363f75fa2,SO60682,5,WB-H098,1,5,af1457846a79173ef71dd9d5dd69805a
11777,f4d4667dc106e39215fdb27a09c25150,dcc3112eacc4c3fa1aaf2ea660552ee7,SO45910,3578,BK-R93R-44,1,3578,68ffff9a6ccdd4edb0a94daa1483c356
11778,4ddc8821c34bceaf3dba4a18741acca3,af1457846a79173ef71dd9d5dd69805a,SO61156,4590,BK-M68B-42,2,4590,2d6e054ac82934d489c58cc8399a1628
11778,e18c2b136f61489c334cb708a5c6d75f,aae455c4d64d3ffe63d05cfe29e8fcdd,SO46000,3578,BK-R93R-62,1,3578,02bc737163cde26453ad278829f046f2
11779,39106a04f091528b34339175a1913836,d5bc8f6048b5d9c5610a083b3df65c9e,SO45933,3578,BK-R93R-52,1,3578,0a4b6bdfa942be79610a09d2da131410
11779,e0bcd0ff3072dfe15609d6be1529b0b8,c660dc308b247ce08aeecd155306bae0,SO60735,4590,BK-M68B-38,2,4590,39ff8ac1e8a44088f96e17b846ec8baf
11780,39ff8ac1e8a44088f96e17b846ec8baf,9a95fdf4e925d9cbd65f87b5aa4ac212,SO60421,4640,BK-M68S-42,2,4640,c926349b55a58d87d7d5008c349fd1e9
11780,39ff8ac1e8a44088f96e17b846ec8baf,9a95fdf4e925d9cbd65f87b5aa4ac212,SO60421,105,HL-U509,3,105,c926349b55a58d87d7d5008c349fd1e9
11780,39ff8ac1e8a44088f96e17b846ec8baf,9a95fdf4e925d9cbd65f87b5aa4ac212,SO60421,35,TI-M823,1,35,c926349b55a58d87d7d5008c349fd1e9
11780,39ff8ac1e8a44088f96e17b846ec8baf,9a95fdf4e925d9cbd65f87b5aa4ac212,SO60421,5,TT-M928,1,5,c926349b55a58d87d7d5008c349fd1e9
11780,aae455c4d64d3ffe63d05cfe29e8fcdd,a23d0c239f0a09c5342f707e8417c1ec,SO45919,3578,BK-R93R-48,1,3578,7233744a010a9a2e1f7a7eb4772ddfa5
11781,86e0fc464cbb08ae74bd039224afec9a,38c9e5d1e366b4c5c36aae682bc960c4,SO72685,105,HL-U509,3,105,8920fd63645007b243abb750709b1172
11781,86e0fc464cbb08ae74bd039224afec9a,38c9e5d1e366b4c5c36aae682bc960c4,SO72685,35,TI-M823,1,35,8920fd63645007b243abb750709b1172
11781,86e0fc464cbb08ae74bd039224afec9a,38c9e5d1e366b4c5c36aae682bc960c4,SO72685,5,TT-M928,1,5,8920fd63645007b243abb750709b1172
11781,90c6314650a0d54fdcabe5cd5406f9af,f476906875bc5d9abe836b4ea1f485c1,SO53922,48,GL-H102-M,2,48,41464bd548f06ca845208f69df30ac82
11781,90c6314650a0d54fdcabe5cd5406f9af,f476906875bc5d9abe836b4ea1f485c1,SO53922,105,HL-U509-B,3,105,41464bd548f06ca845208f69df30ac82
11782,a946e75bc65318721cd1e01162d392dd,5efefff01843f5aa3f7d8a4d44b4bf2e,SO63432,48,GL-H102-L,2,48,3a23b248b732af434a45fce0302aa11f
11782,a946e75bc65318721cd1e01162d392dd,5efefff01843f5aa3f7d8a4d44b4bf2e,SO63432,105,HL-U509,3,105,3a23b248b732af434a45fce0302aa11f
11782,a946e75bc65318721cd1e01162d392dd,5efefff01843f5aa3f7d8a4d44b4bf2e,SO63432,150,LJ-0192-S,3,150,3a23b248b732af434a45fce0302aa11f
11782,c507827aa5f4f6bbedf64058461c621b,6d1d8a1c7851eb5a946d45009cea6d9f,SO66471,2,PK-7098,1,2,dfcee565bb2da80a7b76451a5cd314a1
11782,c507827aa5f4f6bbedf64058461c621b,6d1d8a1c7851eb5a946d45009cea6d9f,SO66471,35,TI-M823,1,35,dfcee565bb2da80a7b76451a5cd314a1
11782,c507827aa5f4f6bbedf64058461c621b,6d1d8a1c7851eb5a946d45009cea6d9f,SO66471,5,TT-M928,1,5,dfcee565bb2da80a7b76451a5cd314a1
11783,0814775cfc25da756a9b4197347ab771,d76e0ba1fa041675ae9af958c5b41ae4,SO57823,105,HL-U509-B,3,105,de22d232bbe84481579f6252f1e7091d
11783,0814775cfc25da756a9b4197347ab771,d76e0ba1fa041675ae9af958c5b41ae4,SO57823,35,TI-M823,1,35,de22d232bbe84481579f6252f1e7091d
11783,0814775cfc25da756a9b4197347ab771,d76e0ba1fa041675ae9af958c5b41ae4,SO57823,5,TT-M928,1,5,de22d232bbe84481579f6252f1e7091d
11783,fef3080ec197edd1a04bb18afd31d16d,b8d9d66529b0a1e91f6137abcdd065dd,SO54885,105,HL-U509-B,3,105,4310d0d92131e34ff2716d85e1953174
11784,18025e6a8791d350428f65c0783ebd99,3c8e2c51453f4d665f1050da871dead6,SO56099,105,HL-U509,3,105,a9cefc49af6424b430612adfc69876ee
11784,18025e6a8791d350428f65c0783ebd99,3c8e2c51453f4d665f1050da871dead6,SO56099,35,TI-M823,1,35,a9cefc49af6424b430612adfc69876ee
11784,18025e6a8791d350428f65c0783ebd99,3c8e2c51453f4d665f1050da871dead6,SO56099,5,TT-M928,1,5,a9cefc49af6424b430612adfc69876ee
11784,348f48807f500aeac729fb17d9bc97f1,5072507e949a2c25948a591c4da194e1,SO60478,70,SH-W890-L,1,70,f108e0cd2f96a0c22086f9d45ee08f19
11784,36ab6f1df21f3c9a169c8942e981959a,058af5b2a408d57b708367e5bf4e9d9c,SO67655,21,TI-R092,1,21,8e8847c1bdf012037ee13bb62da8a5c1
11784,36ab6f1df21f3c9a169c8942e981959a,058af5b2a408d57b708367e5bf4e9d9c,SO67655,4,TT-R982,1,4,8e8847c1bdf012037ee13bb62da8a5c1
11784,4c6ed4daa82e7326b84c24f4c2ae7064,b2ce0ef2540789e8a6976165b6c917d8,SO73275,105,HL-U509,3,105,aa14ddbc43aa2d3be1e6ac019bb7b5bc
11784,4c6ed4daa82e7326b84c24f4c2ae7064,b2ce0ef2540789e8a6976165b6c917d8,SO73275,30,TI-M602,1,30,aa14ddbc43aa2d3be1e6ac019bb7b5bc
11784,4c6ed4daa82e7326b84c24f4c2ae7064,b2ce0ef2540789e8a6976165b6c917d8,SO73275,5,TT-M928,1,5,aa14ddbc43aa2d3be1e6ac019bb7b5bc
11784,e5114f65ece65e14e7b721dab1e674e0,c7390752782466cfc9a3ed7d3a79e046,SO68695,2,PK-7098,1,2,fe1fd19c021e78ec395980c2e347865e
11784,e5114f65ece65e14e7b721dab1e674e0,c7390752782466cfc9a3ed7d3a79e046,SO68695,25,TI-M267,1,25,fe1fd19c021e78ec395980c2e347865e
11784,e5114f65ece65e14e7b721dab1e674e0,c7390752782466cfc9a3ed7d3a79e046,SO68695,5,TT-M928,1,5,fe1fd19c021e78ec395980c2e347865e
11785,4ceff7612cfa4420892fe23b23ca9265,5691ac18f59a9af20f9d8703772afbba,SO56543,105,HL-U509,3,105,089c2a426c196c5ca5facb20896c90bb
11785,eea5b3bd1bd5d5c62a1d22f78d3ba263,c87874400b9f907bdf9ea37d75a4b341,SO65485,35,TI-M823,1,35,a1fedb8f5f2e08543339a5f167bee6b7
11785,eea5b3bd1bd5d5c62a1d22f78d3ba263,c87874400b9f907bdf9ea37d75a4b341,SO65485,5,TT-M928,1,5,a1fedb8f5f2e08543339a5f167bee6b7
11786,08ff55594d8ca57b756a1953f77ebc89,54d3ba66c5e71d3112695b882ca2030e,SO74967,22,FE-6654,1,22,12092303778fcfa88ed7d284b74c6a6a
11786,08ff55594d8ca57b756a1953f77ebc89,54d3ba66c5e71d3112695b882ca2030e,SO74967,105,HL-U509-B,3,105,12092303778fcfa88ed7d284b74c6a6a
11786,08ff55594d8ca57b756a1953f77ebc89,54d3ba66c5e71d3112695b882ca2030e,SO74967,35,TI-M823,1,35,12092303778fcfa88ed7d284b74c6a6a
11786,d27974ca95fd620ac92cf95bf8c1d1f2,4c6ed4daa82e7326b84c24f4c2ae7064,SO74148,105,HL-U509-B,3,105,3e107cd1554225ea3056ed5010adce90
11787,0da2bc000f1fe4ea8746f9aea0bb5879,702a02712215141594ddf8e52b0a651c,SO68268,105,HL-U509,3,105,b34050290c25b0f7b52a2b8f767df87d
11787,e871b36e68b0b3d0af9c742d81fef27a,3fe686907939d07097f6c87f08025422,SO70126,105,HL-U509,3,105,1faee5670542865e021595151379fe5c
11787,e871b36e68b0b3d0af9c742d81fef27a,3fe686907939d07097f6c87f08025422,SO70126,35,TI-M823,1,35,1faee5670542865e021595151379fe5c
11787,e871b36e68b0b3d0af9c742d81fef27a,3fe686907939d07097f6c87f08025422,SO70126,5,TT-M928,1,5,1faee5670542865e021595151379fe5c
11788,5e1b952a22eccca86f7f056a9efb42a4,a8ef76a01442567fb64eb6f4408a9835,SO57725,2,PK-7098,1,2,40883861f6e25a2e09e848a7891f4f38
11788,5e1b952a22eccca86f7f056a9efb42a4,a8ef76a01442567fb64eb6f4408a9835,SO57725,159,ST-1401,1,159,40883861f6e25a2e09e848a7891f4f38
11788,5e1b952a22eccca86f7f056a9efb42a4,a8ef76a01442567fb64eb6f4408a9835,SO57725,35,TI-M823,1,35,40883861f6e25a2e09e848a7891f4f38
11788,5e1b952a22eccca86f7f056a9efb42a4,a8ef76a01442567fb64eb6f4408a9835,SO57725,5,TT-M928,1,5,40883861f6e25a2e09e848a7891f4f38
11788,a6d37e298c3042e300813f55a17e0875,99b7e934795a93975a5e0c0b9b57d9ba,SO64620,54,SJ-0194-S,1,54,b0241b451647f25db5f52074445d820c
11789,226d694fb4b7f71d62444f9528be8704,714597fe9448176d17876617114a65bc,SO53981,105,HL-U509-B,3,105,9444f850ff0c10a862b4a6a9c4ab0a74
11789,8d71482745a6a1be4fbbc5562ade4657,089c2a426c196c5ca5facb20896c90bb,SO56938,2,PK-7098,1,2,d9f7611cf8d29b48a1d3d8fddb8c5b2e
11789,8d71482745a6a1be4fbbc5562ade4657,089c2a426c196c5ca5facb20896c90bb,SO56938,35,TI-M823,1,35,d9f7611cf8d29b48a1d3d8fddb8c5b2e
11790,b8d9d66529b0a1e91f6137abcdd065dd,6d44506d59926d8d13d35f75d97f2a64,SO54232,22,FE-6654,1,22,90c6314650a0d54fdcabe5cd5406f9af
11790,b8d9d66529b0a1e91f6137abcdd065dd,6d44506d59926d8d13d35f75d97f2a64,SO54232,150,LJ-0192-L,3,150,90c6314650a0d54fdcabe5cd5406f9af
11790,b8d9d66529b0a1e91f6137abcdd065dd,6d44506d59926d8d13d35f75d97f2a64,SO54232,35,TI-M823,1,35,90c6314650a0d54fdcabe5cd5406f9af
11790,b8d9d66529b0a1e91f6137abcdd065dd,6d44506d59926d8d13d35f75d97f2a64,SO54232,5,TT-M928,1,5,90c6314650a0d54fdcabe5cd5406f9af
11790,d630b2db6e8046e30b4728ca862ba4e1,02ad1a5ca18e58629b8c1d6a6401d071,SO58418,105,HL-U509,3,105,07b31bae17c7890b17d79a654aa230cf
11791,c83e871e48c2716e0f28e60d166a5c98,6a8d7e42bb852c45fbf8610361d391a0,SO72064,105,HL-U509-R,3,105,c4c454d69a39e60a6f5cf2f97148adad
11791,c83e871e48c2716e0f28e60d166a5c98,6a8d7e42bb852c45fbf8610361d391a0,SO72064,150,LJ-0192-X,3,150,c4c454d69a39e60a6f5cf2f97148adad
11791,de5009f9bf3e9725d2381f4a5e913111,2296af5563b2061aa1d88124a37eecb7,SO67379,35,TI-M823,1,35,a1d0c0a14c6c8f8a8ef8220209c23a64
11792,4cc27df81afd686c0420394e090460cb,39ff8ac1e8a44088f96e17b846ec8baf,SO61269,105,HL-U509,3,105,6477c205c5117a9448ba863e111acf32
11792,4cc27df81afd686c0420394e090460cb,39ff8ac1e8a44088f96e17b846ec8baf,SO61269,150,LJ-0192-M,3,150,6477c205c5117a9448ba863e111acf32
11792,73b2264d673ee7b5b2e7e165020516ac,4ceff7612cfa4420892fe23b23ca9265,SO57404,35,TI-M823,1,35,8d71482745a6a1be4fbbc5562ade4657
11793,7f026edc73bd4602381834e9b850d6c2,eedd9be5500334505ed9d4aef801ac3d,SO52262,10,BC-M005,1,10,db2b287636ac5ebda430de4f3f643b24
11793,7f026edc73bd4602381834e9b850d6c2,eedd9be5500334505ed9d4aef801ac3d,SO52262,22,FE-6654,1,22,db2b287636ac5ebda430de4f3f643b24
11793,7f026edc73bd4602381834e9b850d6c2,eedd9be5500334505ed9d4aef801ac3d,SO52262,35,TI-M823,1,35,db2b287636ac5ebda430de4f3f643b24
11793,f04e53711455521533f4c5ed7dcaa287,5e9b4970006d8f02ba0bc1763fa8b9a6,SO52524,105,HL-U509,3,105,f799d104dd23bb828dcdaaefc4d25b61
11794,a9cd7a99d71cca9cb644010050374ade,3db19f5f710f10e90ecc7154c649d60a,SO71733,2,PK-7098,1,2,128ee9ff420de424a605a0ee4a6f7916
11794,a9cd7a99d71cca9cb644010050374ade,3db19f5f710f10e90ecc7154c649d60a,SO71733,35,TI-M823,1,35,128ee9ff420de424a605a0ee4a6f7916
11794,a9cd7a99d71cca9cb644010050374ade,3db19f5f710f10e90ecc7154c649d60a,SO71733,5,TT-M928,1,5,128ee9ff420de424a605a0ee4a6f7916
11794,d4ae40bdb21d7c1f4fee96082340d3a2,9a027fc72b503940a96d5137762a263e,SO75087,105,HL-U509-R,3,105,08ff55594d8ca57b756a1953f77ebc89
11795,04dbdf67bb8714ba18c9c36d50d1f5dc,4cc27df81afd686c0420394e090460cb,SO61997,35,TI-M823,1,35,2ed3972e38245b633ec6b146c2970148
11795,04dbdf67bb8714ba18c9c36d50d1f5dc,4cc27df81afd686c0420394e090460cb,SO61997,5,TT-M928,1,5,2ed3972e38245b633ec6b146c2970148
11795,d5985f40495ba672dff8a99620b879c8,a9adf65abbb865184bf924d14a93d0c4,SO71492,105,HL-U509,3,105,8f472ffe3ff3109f420ae91355ff8f3f
11796,17aa93a3dd7f6454bc0d81beb182a5e6,cdca3a374ce978208e8fe5a77e52729c,SO45927,3578,BK-R93R-48,1,3578,00c0d1d4fb14e331ca9e478a9afc945d
11796,e7df1b3ee078bdcfc260a877f321287d,4dbf892d41ae205f6e36838031cff786,SO59116,10,BC-M005,1,10,478ecc8cdaa127c33884d9f6c72c2cd5
11796,e7df1b3ee078bdcfc260a877f321287d,4dbf892d41ae205f6e36838031cff786,SO59116,4590,BK-M68B-38,2,4590,478ecc8cdaa127c33884d9f6c72c2cd5
11796,e7df1b3ee078bdcfc260a877f321287d,4dbf892d41ae205f6e36838031cff786,SO59116,22,FE-6654,1,22,478ecc8cdaa127c33884d9f6c72c2cd5
11796,e7df1b3ee078bdcfc260a877f321287d,4dbf892d41ae205f6e36838031cff786,SO59116,105,HL-U509-R,3,105,478ecc8cdaa127c33884d9f6c72c2cd5
11796,e7df1b3ee078bdcfc260a877f321287d,4dbf892d41ae205f6e36838031cff786,SO59116,150,LJ-0192-S,3,150,478ecc8cdaa127c33884d9f6c72c2cd5
11796,e7df1b3ee078bdcfc260a877f321287d,4dbf892d41ae205f6e36838031cff786,SO59116,5,WB-H098,1,5,478ecc8cdaa127c33884d9f6c72c2cd5
11797,4ddc8821c34bceaf3dba4a18741acca3,af1457846a79173ef71dd9d5dd69805a,SO61155,4590,BK-M68B-46,2,4590,2d6e054ac82934d489c58cc8399a1628
11797,4ddc8821c34bceaf3dba4a18741acca3,af1457846a79173ef71dd9d5dd69805a,SO61155,48,GL-H102-S,2,48,2d6e054ac82934d489c58cc8399a1628
11797,4ddc8821c34bceaf3dba4a18741acca3,af1457846a79173ef71dd9d5dd69805a,SO61155,105,HL-U509,3,105,2d6e054ac82934d489c58cc8399a1628
11797,4ddc8821c34bceaf3dba4a18741acca3,af1457846a79173ef71dd9d5dd69805a,SO61155,35,TI-M823,1,35,2d6e054ac82934d489c58cc8399a1628
11797,4ddc8821c34bceaf3dba4a18741acca3,af1457846a79173ef71dd9d5dd69805a,SO61155,5,TT-M928,1,5,2d6e054ac82934d489c58cc8399a1628
11797,f4d4667dc106e39215fdb27a09c25150,dcc3112eacc4c3fa1aaf2ea660552ee7,SO45911,3578,BK-R93R-56,1,3578,68ffff9a6ccdd4edb0a94daa1483c356
11798,aae455c4d64d3ffe63d05cfe29e8fcdd,a23d0c239f0a09c5342f707e8417c1ec,SO45921,3578,BK-R93R-48,1,3578,7233744a010a9a2e1f7a7eb4772ddfa5
11798,c660dc308b247ce08aeecd155306bae0,e7df1b3ee078bdcfc260a877f321287d,SO59952,4640,BK-M68S-38,2,4640,9a95fdf4e925d9cbd65f87b5aa4ac212
11798,c660dc308b247ce08aeecd155306bae0,e7df1b3ee078bdcfc260a877f321287d,SO59952,55,HY-1023-70,1,55,9a95fdf4e925d9cbd65f87b5aa4ac212
11799,7233744a010a9a2e1f7a7eb4772ddfa5,0e0438a8bdbea53929bd664be8421837,SO45883,3578,BK-R93R-52,1,3578,d5bc8f6048b5d9c5610a083b3df65c9e
11799,7983129d9883ebc3b9dce3311996b001,0df76889b3e31ccfd17b50cc73baef03,SO59805,10,BC-M005,1,10,7254e54716fe52361e62aa16ea2e0797
11799,7983129d9883ebc3b9dce3311996b001,0df76889b3e31ccfd17b50cc73baef03,SO59805,4640,BK-M68S-38,2,4640,7254e54716fe52361e62aa16ea2e0797
11799,7983129d9883ebc3b9dce3311996b001,0df76889b3e31ccfd17b50cc73baef03,SO59805,8,CL-9009,1,8,7254e54716fe52361e62aa16ea2e0797
11799,7983129d9883ebc3b9dce3311996b001,0df76889b3e31ccfd17b50cc73baef03,SO59805,5,WB-H098,1,5,7254e54716fe52361e62aa16ea2e0797
11800,56d78836c9cf0de136c4d2d37aba2280,ba19c22033aaecc6c5dad47f63e5858c,SO63976,2,PK-7098,1,2,8c9ec1be720ee75d56d0c250d10610fa
11800,56d78836c9cf0de136c4d2d37aba2280,ba19c22033aaecc6c5dad47f63e5858c,SO63976,35,TI-M823,1,35,8c9ec1be720ee75d56d0c250d10610fa
11800,56d78836c9cf0de136c4d2d37aba2280,ba19c22033aaecc6c5dad47f63e5858c,SO63976,5,TT-M928,1,5,8c9ec1be720ee75d56d0c250d10610fa
11800,abe94c2111c58e9c9672602d41bce66e,0149f124a48640c62d90840ac5760331,SO64116,105,HL-U509-R,3,105,99b7e934795a93975a5e0c0b9b57d9ba
11801,a1e59736d286765313b8212467dc64b2,43e2cc7ff261723f93f64f3f7e9faa8d,SO74248,2,PK-7098,1,2,ca5b8307fa5f2189fb98330a9d65927c
11801,a1e59736d286765313b8212467dc64b2,43e2cc7ff261723f93f64f3f7e9faa8d,SO74248,35,TI-M823,1,35,ca5b8307fa5f2189fb98330a9d65927c
11801,aa14ddbc43aa2d3be1e6ac019bb7b5bc,dcf73f840a50da0145f24e8e0169dc4b,SO72852,150,LJ-0192-M,3,150,a6f2945baeceeef4c8d541a22f6e99e9
11802,3519c8eb4095dbc69d80eb61856d3435,6e5c4b769f8f70f9fd01b24ba5be9695,SO55566,2,PK-7098,1,2,d6ab5a0eee939524352092b964d92b84
11802,3519c8eb4095dbc69d80eb61856d3435,6e5c4b769f8f70f9fd01b24ba5be9695,SO55566,21,TI-R092,1,21,d6ab5a0eee939524352092b964d92b84
11802,3519c8eb4095dbc69d80eb61856d3435,6e5c4b769f8f70f9fd01b24ba5be9695,SO55566,4,TT-R982,1,4,d6ab5a0eee939524352092b964d92b84
11802,70951886788165a5e2439adfce4d0cce,ca38f30e56a72f4d0c8d2264322c5862,SO68969,2,PK-7098,1,2,c885741a5e3e55c84950327011b70289
11802,70951886788165a5e2439adfce4d0cce,ca38f30e56a72f4d0c8d2264322c5862,SO68969,25,TI-M267,1,25,c885741a5e3e55c84950327011b70289
11802,76e3c19dbb0dadc4c6dc771d856e4676,ad4fbe0c82c7e5968d4cf22c2ad19e28,SO53308,70,SH-W890-S,1,70,15699e35c72c4036c71409f3f3d69528
11802,76e3c19dbb0dadc4c6dc771d856e4676,ad4fbe0c82c7e5968d4cf22c2ad19e28,SO53308,9,SO-R809-M,1,9,15699e35c72c4036c71409f3f3d69528
11802,9c56075241a26f6fa77eb86b15411c6e,9444f850ff0c10a862b4a6a9c4ab0a74,SO54413,9,SO-R809-L,1,9,ab2e81a99745ffff6c06e2be93290d1b
11802,9c56075241a26f6fa77eb86b15411c6e,9444f850ff0c10a862b4a6a9c4ab0a74,SO54413,35,TI-M823,1,35,ab2e81a99745ffff6c06e2be93290d1b
11802,9c56075241a26f6fa77eb86b15411c6e,9444f850ff0c10a862b4a6a9c4ab0a74,SO54413,5,TT-M928,1,5,ab2e81a99745ffff6c06e2be93290d1b
11802,c83e871e48c2716e0f28e60d166a5c98,6a8d7e42bb852c45fbf8610361d391a0,SO72083,2,PK-7098,1,2,c4c454d69a39e60a6f5cf2f97148adad
11802,c83e871e48c2716e0f28e60d166a5c98,6a8d7e42bb852c45fbf8610361d391a0,SO72083,30,TI-M602,1,30,c4c454d69a39e60a6f5cf2f97148adad
11803,128ee9ff420de424a605a0ee4a6f7916,fee8e08233f3f00450bce31967abb0f1,SO71352,48,GL-H102-M,2,48,2797a91b25bc2aa85124c99bc574dc83
11803,128ee9ff420de424a605a0ee4a6f7916,fee8e08233f3f00450bce31967abb0f1,SO71352,150,LJ-0192-S,3,150,2797a91b25bc2aa85124c99bc574dc83
11803,ba19c22033aaecc6c5dad47f63e5858c,8dd08d219271ec96c543f486de430703,SO63038,22,FE-6654,1,22,16918840d98f27ce45948fe73dd5592f
11803,ba19c22033aaecc6c5dad47f63e5858c,8dd08d219271ec96c543f486de430703,SO63038,105,HL-U509,3,105,16918840d98f27ce45948fe73dd5592f
11803,ba19c22033aaecc6c5dad47f63e5858c,8dd08d219271ec96c543f486de430703,SO63038,35,TI-M823,1,35,16918840d98f27ce45948fe73dd5592f
11803,ba19c22033aaecc6c5dad47f63e5858c,8dd08d219271ec96c543f486de430703,SO63038,64,VE-C304-L,1,64,16918840d98f27ce45948fe73dd5592f
11804,d4746e41b619da57ee9f1a2e2cc254e8,81a5d08c6beaeec9e42baae5d63dd780,SO64098,105,HL-U509-B,3,105,23bd9a9b90557e9da7babfb8e3d2df22
11804,d4746e41b619da57ee9f1a2e2cc254e8,81a5d08c6beaeec9e42baae5d63dd780,SO64098,35,TI-M823,1,35,23bd9a9b90557e9da7babfb8e3d2df22
11804,d4746e41b619da57ee9f1a2e2cc254e8,81a5d08c6beaeec9e42baae5d63dd780,SO64098,5,TT-M928,1,5,23bd9a9b90557e9da7babfb8e3d2df22
11804,df595e3c678d4fae23ce174fe747165e,07b31bae17c7890b17d79a654aa230cf,SO58840,27,CA-1098,3,27,75fe8d7dec9d2a51be64595ab37dc674
11804,df595e3c678d4fae23ce174fe747165e,07b31bae17c7890b17d79a654aa230cf,SO58840,150,LJ-0192-S,3,150,75fe8d7dec9d2a51be64595ab37dc674
11805,d9f7611cf8d29b48a1d3d8fddb8c5b2e,55f9f4cb5784581a517e59904e0d5e2f,SO56677,105,HL-U509-R,3,105,fda052162862bb845297063fd71a580c
11805,d9f7611cf8d29b48a1d3d8fddb8c5b2e,55f9f4cb5784581a517e59904e0d5e2f,SO56677,35,TI-M823,1,35,fda052162862bb845297063fd71a580c
11805,d9f7611cf8d29b48a1d3d8fddb8c5b2e,55f9f4cb5784581a517e59904e0d5e2f,SO56677,5,TT-M928,1,5,fda052162862bb845297063fd71a580c
11805,e871b36e68b0b3d0af9c742d81fef27a,3fe686907939d07097f6c87f08025422,SO70099,54,SJ-0194-X,1,54,1faee5670542865e021595151379fe5c
11806,36ab6f1df21f3c9a169c8942e981959a,058af5b2a408d57b708367e5bf4e9d9c,SO67650,54,SJ-0194-S,1,54,8e8847c1bdf012037ee13bb62da8a5c1
11806,9b98d27287b27eeee9ebc06e1d5a9a8d,0dc34ca2aaa8612cde077f1880b78b25,SO53115,2,PK-7098,1,2,18bea060239713ee5f865109f63f3a8a
11806,9b98d27287b27eeee9ebc06e1d5a9a8d,0dc34ca2aaa8612cde077f1880b78b25,SO53115,35,TI-M823,1,35,18bea060239713ee5f865109f63f3a8a
11806,9b98d27287b27eeee9ebc06e1d5a9a8d,0dc34ca2aaa8612cde077f1880b78b25,SO53115,5,TT-M928,1,5,18bea060239713ee5f865109f63f3a8a
11807,05e7920e8caf0303dc01b77666952b75,eea5b3bd1bd5d5c62a1d22f78d3ba263,SO66213,54,SJ-0194-M,1,54,3a2f313512bb520c43971e54ba834dec
11807,a2c49941411089cb2a9cbf78cb803c26,73a69a5c77a7d23172e54d7ce07a638e,SO56167,48,GL-H102-S,2,48,39fe373cdcb4534addde73890415b660
11807,a2c49941411089cb2a9cbf78cb803c26,73a69a5c77a7d23172e54d7ce07a638e,SO56167,105,HL-U509-R,3,105,39fe373cdcb4534addde73890415b660
11807,a2c49941411089cb2a9cbf78cb803c26,73a69a5c77a7d23172e54d7ce07a638e,SO56167,35,TI-M823,1,35,39fe373cdcb4534addde73890415b660
11807,a2c49941411089cb2a9cbf78cb803c26,73a69a5c77a7d23172e54d7ce07a638e,SO56167,5,TT-M928,1,5,39fe373cdcb4534addde73890415b660
11808,089c2a426c196c5ca5facb20896c90bb,bc761b2b7297029a695fbd6dd0470724,SO56293,48,GL-H102-M,2,48,55f9f4cb5784581a517e59904e0d5e2f
11808,089c2a426c196c5ca5facb20896c90bb,bc761b2b7297029a695fbd6dd0470724,SO56293,70,SH-W890-L,1,70,55f9f4cb5784581a517e59904e0d5e2f
11808,55f9f4cb5784581a517e59904e0d5e2f,9b6872ca1d80024637e967d1066bba0a,SO56036,105,HL-U509-R,3,105,1678083e7ff90bd404baad3f60bffa37
11808,55f9f4cb5784581a517e59904e0d5e2f,9b6872ca1d80024637e967d1066bba0a,SO56036,30,TI-M602,1,30,1678083e7ff90bd404baad3f60bffa37
11808,55f9f4cb5784581a517e59904e0d5e2f,9b6872ca1d80024637e967d1066bba0a,SO56036,5,TT-M928,1,5,1678083e7ff90bd404baad3f60bffa37
11808,5efefff01843f5aa3f7d8a4d44b4bf2e,922d04aa1f67bbe0270bfad98508f43e,SO62547,105,HL-U509-B,3,105,db2f6a564b6f5f41253c68874b50962b
11808,5efefff01843f5aa3f7d8a4d44b4bf2e,922d04aa1f67bbe0270bfad98508f43e,SO62547,25,TI-M267,1,25,db2f6a564b6f5f41253c68874b50962b
11808,962bae2fb03296a3b9cacabfa929322c,0da2bc000f1fe4ea8746f9aea0bb5879,SO69123,159,ST-1401,1,159,c4369eefdf9bb8a3f9115e96b40aaf17
11808,962bae2fb03296a3b9cacabfa929322c,0da2bc000f1fe4ea8746f9aea0bb5879,SO69123,35,TI-M823,1,35,c4369eefdf9bb8a3f9115e96b40aaf17
11808,962bae2fb03296a3b9cacabfa929322c,0da2bc000f1fe4ea8746f9aea0bb5879,SO69123,5,TT-M928,1,5,c4369eefdf9bb8a3f9115e96b40aaf17
11808,d34ba8f5d7fd7d5959a34c283fbec422,9c56075241a26f6fa77eb86b15411c6e,SO55044,2,PK-7098,1,2,ac15b60491fe99190c0248790e690757
11808,d34ba8f5d7fd7d5959a34c283fbec422,9c56075241a26f6fa77eb86b15411c6e,SO55044,159,ST-1401,1,159,ac15b60491fe99190c0248790e690757
11808,d34ba8f5d7fd7d5959a34c283fbec422,9c56075241a26f6fa77eb86b15411c6e,SO55044,21,TI-R092,1,21,ac15b60491fe99190c0248790e690757
11808,d34ba8f5d7fd7d5959a34c283fbec422,9c56075241a26f6fa77eb86b15411c6e,SO55044,4,TT-R982,1,4,ac15b60491fe99190c0248790e690757
11809,412998e77ee121227580e3d363f75fa2,df595e3c678d4fae23ce174fe747165e,SO59876,4640,BK-M68S-46,2,4640,254d832c83ccdb2c33eab65a4fd196ff
11809,412998e77ee121227580e3d363f75fa2,df595e3c678d4fae23ce174fe747165e,SO59876,27,CA-1098,3,27,254d832c83ccdb2c33eab65a4fd196ff
11809,412998e77ee121227580e3d363f75fa2,df595e3c678d4fae23ce174fe747165e,SO59876,22,FE-6654,1,22,254d832c83ccdb2c33eab65a4fd196ff
11809,4539d5ac3ea4fd1548956fea790162f5,68ffff9a6ccdd4edb0a94daa1483c356,SO45957,3578,BK-R93R-48,1,3578,17aa93a3dd7f6454bc0d81beb182a5e6
11810,2d6e054ac82934d489c58cc8399a1628,ce08c22f7777768ce4197eab9727516c,SO60812,4640,BK-M68S-42,2,4640,348f48807f500aeac729fb17d9bc97f1
11810,2d6e054ac82934d489c58cc8399a1628,ce08c22f7777768ce4197eab9727516c,SO60812,105,HL-U509-R,3,105,348f48807f500aeac729fb17d9bc97f1
11810,2d6e054ac82934d489c58cc8399a1628,ce08c22f7777768ce4197eab9727516c,SO60812,35,TI-M823,1,35,348f48807f500aeac729fb17d9bc97f1
11810,2d6e054ac82934d489c58cc8399a1628,ce08c22f7777768ce4197eab9727516c,SO60812,5,TT-M928,1,5,348f48807f500aeac729fb17d9bc97f1
11810,37a5117199a38b7e31d389445dab0cef,654bc11cf88df4bb20f9816e51982e64,SO45954,3578,BK-R93R-56,1,3578,aae455c4d64d3ffe63d05cfe29e8fcdd
11811,aae455c4d64d3ffe63d05cfe29e8fcdd,a23d0c239f0a09c5342f707e8417c1ec,SO45923,3578,BK-R93R-52,1,3578,7233744a010a9a2e1f7a7eb4772ddfa5
11811,af1457846a79173ef71dd9d5dd69805a,254d832c83ccdb2c33eab65a4fd196ff,SO60361,4640,BK-M68S-42,2,4640,ce08c22f7777768ce4197eab9727516c
11812,39ff8ac1e8a44088f96e17b846ec8baf,9a95fdf4e925d9cbd65f87b5aa4ac212,SO60419,4640,BK-M68S-42,2,4640,c926349b55a58d87d7d5008c349fd1e9
11812,39ff8ac1e8a44088f96e17b846ec8baf,9a95fdf4e925d9cbd65f87b5aa4ac212,SO60419,2,PK-7098,1,2,c926349b55a58d87d7d5008c349fd1e9
11812,a23d0c239f0a09c5342f707e8417c1ec,a8c7d5b3aff3fa32b632b239bd18e26f,SO45844,3578,BK-R93R-48,1,3578,0e0438a8bdbea53929bd664be8421837
11813,17aa93a3dd7f6454bc0d81beb182a5e6,cdca3a374ce978208e8fe5a77e52729c,SO45928,3578,BK-R93R-52,1,3578,00c0d1d4fb14e331ca9e478a9afc945d
11813,4a70a3ec50fd16032883bf6fc79c55dd,4804ee33768b143d9706052696f7dfbd,SO61074,4640,BK-M68S-38,2,4640,e0bcd0ff3072dfe15609d6be1529b0b8
11813,4a70a3ec50fd16032883bf6fc79c55dd,4804ee33768b143d9706052696f7dfbd,SO61074,55,HY-1023-70,1,55,e0bcd0ff3072dfe15609d6be1529b0b8
11814,6ef7b4bb93d4e54234cf965ed2334682,ccf89c691dabb1412404274596922d90,SO65992,2,PK-7098,1,2,93ddc10d6cf61153011df052aa76671f
11814,6ef7b4bb93d4e54234cf965ed2334682,ccf89c691dabb1412404274596922d90,SO65992,35,TI-M823,1,35,93ddc10d6cf61153011df052aa76671f
11814,6ef7b4bb93d4e54234cf965ed2334682,ccf89c691dabb1412404274596922d90,SO65992,5,TT-M928,1,5,93ddc10d6cf61153011df052aa76671f
11814,e0bcd0ff3072dfe15609d6be1529b0b8,c660dc308b247ce08aeecd155306bae0,SO60700,27,CA-1098,3,27,39ff8ac1e8a44088f96e17b846ec8baf
11814,e0bcd0ff3072dfe15609d6be1529b0b8,c660dc308b247ce08aeecd155306bae0,SO60700,150,LJ-0192-S,3,150,39ff8ac1e8a44088f96e17b846ec8baf
11815,3e48b2167bd86ef570e46d0b286c4f74,072bf847aeeee970f66483e596496cd9,SO53279,4590,BK-M68B-46,2,4590,3e07f09fb2edbdf0bf6a54c17634514b
11815,3e48b2167bd86ef570e46d0b286c4f74,072bf847aeeee970f66483e596496cd9,SO53279,105,HL-U509,3,105,3e07f09fb2edbdf0bf6a54c17634514b
11815,3e48b2167bd86ef570e46d0b286c4f74,072bf847aeeee970f66483e596496cd9,SO53279,35,TI-M823,1,35,3e07f09fb2edbdf0bf6a54c17634514b
11815,3e48b2167bd86ef570e46d0b286c4f74,072bf847aeeee970f66483e596496cd9,SO53279,5,TT-M928,1,5,3e07f09fb2edbdf0bf6a54c17634514b
11815,dcc3112eacc4c3fa1aaf2ea660552ee7,74cd52749cc4b84fea8b036cee2e0b9a,SO45833,3578,BK-R93R-52,1,3578,d69d5137102461b560d829e677b972db
11816,15699e35c72c4036c71409f3f3d69528,f5933feadc49c253e4f0e77b236946e9,SO53053,4640,BK-M68S-38,2,4640,deff8ad81a213d1110c1f409a7f40fcd
11816,15699e35c72c4036c71409f3f3d69528,f5933feadc49c253e4f0e77b236946e9,SO53053,105,HL-U509-B,3,105,deff8ad81a213d1110c1f409a7f40fcd
11816,dcc3112eacc4c3fa1aaf2ea660552ee7,74cd52749cc4b84fea8b036cee2e0b9a,SO45834,3578,BK-R93R-48,1,3578,d69d5137102461b560d829e677b972db
11817,072bf847aeeee970f66483e596496cd9,cfceb7490eff6e660974507be7c579c6,SO52657,4640,BK-M68S-46,2,4640,dca79d69a6b38e95c4b03bfab997796c
11817,a3e65268044e3e2a027f7c5bd50d1a88,ee0fcf6f6c7f398dea5b39f50af66f66,SO45899,3578,BK-R93R-62,1,3578,654bc11cf88df4bb20f9816e51982e64
11818,4539d5ac3ea4fd1548956fea790162f5,68ffff9a6ccdd4edb0a94daa1483c356,SO45958,3578,BK-R93R-44,1,3578,17aa93a3dd7f6454bc0d81beb182a5e6
11818,db2b287636ac5ebda430de4f3f643b24,7af7abc5e37d5fa2e2334b4fec2584e2,SO52008,4590,BK-M68B-46,2,4590,bee2b842cd357511cf4c8e509f5af192
11818,db2b287636ac5ebda430de4f3f643b24,7af7abc5e37d5fa2e2334b4fec2584e2,SO52008,22,FE-6654,1,22,bee2b842cd357511cf4c8e509f5af192
11818,db2b287636ac5ebda430de4f3f643b24,7af7abc5e37d5fa2e2334b4fec2584e2,SO52008,150,LJ-0192-M,3,150,bee2b842cd357511cf4c8e509f5af192
11818,db2b287636ac5ebda430de4f3f643b24,7af7abc5e37d5fa2e2334b4fec2584e2,SO52008,9,SO-R809-L,1,9,bee2b842cd357511cf4c8e509f5af192
11819,9a027fc72b503940a96d5137762a263e,0e000451f430d2e5b745a08b4ee7836c,SO74726,54,SJ-0194-X,1,54,54d3ba66c5e71d3112695b882ca2030e
11819,deff8ad81a213d1110c1f409a7f40fcd,b8cc77f0099ae7d3a20b9f0b74d70b12,SO52823,2,PK-7098,1,2,f04e53711455521533f4c5ed7dcaa287
11819,deff8ad81a213d1110c1f409a7f40fcd,b8cc77f0099ae7d3a20b9f0b74d70b12,SO52823,35,TI-M823,1,35,f04e53711455521533f4c5ed7dcaa287
11819,deff8ad81a213d1110c1f409a7f40fcd,b8cc77f0099ae7d3a20b9f0b74d70b12,SO52823,5,TT-M928,1,5,f04e53711455521533f4c5ed7dcaa287
11820,0dc34ca2aaa8612cde077f1880b78b25,361e2c62255e0c1887ac2139911ca300,SO52485,105,HL-U509-B,3,105,7f026edc73bd4602381834e9b850d6c2
11820,0dc34ca2aaa8612cde077f1880b78b25,361e2c62255e0c1887ac2139911ca300,SO52485,21,TI-R092,1,21,7f026edc73bd4602381834e9b850d6c2
11820,0dc34ca2aaa8612cde077f1880b78b25,361e2c62255e0c1887ac2139911ca300,SO52485,4,TT-R982,1,4,7f026edc73bd4602381834e9b850d6c2
11820,4eec6eda382b9c44e240ad4b4b5e9cc0,f75e5f8c15ca91ec5c869dc3881f574f,SO64702,70,SH-W890-S,1,70,94b225b5b1f09ecd5e8ecdfb681ff04c
11820,5072507e949a2c25948a591c4da194e1,a189cc17a15cdb4e39e80dfcd8374c76,SO59682,35,TI-M823,1,35,ad0b7f5ad35732646f1e5f67418d5995
11820,e366e24b8ad0b1107528f2f58cd15a81,921bc92a493b53f98f24e6a8a12801be,SO72454,30,TI-M602,1,30,c83e871e48c2716e0f28e60d166a5c98
11820,e366e24b8ad0b1107528f2f58cd15a81,921bc92a493b53f98f24e6a8a12801be,SO72454,5,TT-M928,1,5,c83e871e48c2716e0f28e60d166a5c98
11820,eba5233d2dd8ea5031e646882335ece0,629ffff971d10f275a79a70fae527fbc,SO56614,2,PK-7098,1,2,b988e88fd94a3b47434beeb650cff880
11820,eba5233d2dd8ea5031e646882335ece0,629ffff971d10f275a79a70fae527fbc,SO56614,25,TI-M267,1,25,b988e88fd94a3b47434beeb650cff880
11820,eba5233d2dd8ea5031e646882335ece0,629ffff971d10f275a79a70fae527fbc,SO56614,5,TT-M928,1,5,b988e88fd94a3b47434beeb650cff880
11821,7130adfd843cdcb6d0bcd9d13792693a,d1024973c3d10f08cb9fa1736e6ed8b7,SO63095,10,BC-M005,1,10,f46ace11e93788e473124f7be16a19d5
11821,7130adfd843cdcb6d0bcd9d13792693a,d1024973c3d10f08cb9fa1736e6ed8b7,SO63095,22,FE-6654,1,22,f46ace11e93788e473124f7be16a19d5
11821,7130adfd843cdcb6d0bcd9d13792693a,d1024973c3d10f08cb9fa1736e6ed8b7,SO63095,48,GL-H102-S,2,48,f46ace11e93788e473124f7be16a19d5
11821,7130adfd843cdcb6d0bcd9d13792693a,d1024973c3d10f08cb9fa1736e6ed8b7,SO63095,35,TI-M823,1,35,f46ace11e93788e473124f7be16a19d5
11821,7130adfd843cdcb6d0bcd9d13792693a,d1024973c3d10f08cb9fa1736e6ed8b7,SO63095,5,TT-M928,1,5,f46ace11e93788e473124f7be16a19d5
11821,7130adfd843cdcb6d0bcd9d13792693a,d1024973c3d10f08cb9fa1736e6ed8b7,SO63095,5,WB-H098,1,5,f46ace11e93788e473124f7be16a19d5
11821,93ddc10d6cf61153011df052aa76671f,7299e51cfc0d5174743a6701a8a96488,SO65631,150,LJ-0192-L,3,150,02b96ab6e0935145589be4e1408a1675
11822,174acf6ca4e9804d47a59a499422e621,5abaefcc8525a8f4cfd95cba9e926532,SO58322,2,PK-7098,1,2,eba6cab7267f82e3b2a063d5ea445bb9
11822,174acf6ca4e9804d47a59a499422e621,5abaefcc8525a8f4cfd95cba9e926532,SO58322,35,TI-M823,1,35,eba6cab7267f82e3b2a063d5ea445bb9
11822,a1fedb8f5f2e08543339a5f167bee6b7,8b9fe4b34e3c54f08bfcac3d9691e260,SO64948,150,LJ-0192-S,3,150,4eec6eda382b9c44e240ad4b4b5e9cc0
11823,05e7920e8caf0303dc01b77666952b75,eea5b3bd1bd5d5c62a1d22f78d3ba263,SO66228,10,BC-M005,1,10,3a2f313512bb520c43971e54ba834dec
11823,05e7920e8caf0303dc01b77666952b75,eea5b3bd1bd5d5c62a1d22f78d3ba263,SO66228,8,CL-9009,1,8,3a2f313512bb520c43971e54ba834dec
11823,05e7920e8caf0303dc01b77666952b75,eea5b3bd1bd5d5c62a1d22f78d3ba263,SO66228,55,HY-1023-70,1,55,3a2f313512bb520c43971e54ba834dec
11823,05e7920e8caf0303dc01b77666952b75,eea5b3bd1bd5d5c62a1d22f78d3ba263,SO66228,5,WB-H098,1,5,3a2f313512bb520c43971e54ba834dec
11823,08ff55594d8ca57b756a1953f77ebc89,54d3ba66c5e71d3112695b882ca2030e,SO74949,105,HL-U509,3,105,12092303778fcfa88ed7d284b74c6a6a
11823,08ff55594d8ca57b756a1953f77ebc89,54d3ba66c5e71d3112695b882ca2030e,SO74949,30,TI-M602,1,30,12092303778fcfa88ed7d284b74c6a6a
11823,08ff55594d8ca57b756a1953f77ebc89,54d3ba66c5e71d3112695b882ca2030e,SO74949,5,TT-M928,1,5,12092303778fcfa88ed7d284b74c6a6a
11823,4dbf892d41ae205f6e36838031cff786,de22d232bbe84481579f6252f1e7091d,SO58230,10,BC-M005,1,10,3fbd0407b55d3a3da21388a2ddbf881c
11823,4dbf892d41ae205f6e36838031cff786,de22d232bbe84481579f6252f1e7091d,SO58230,27,CA-1098,3,27,3fbd0407b55d3a3da21388a2ddbf881c
11823,4dbf892d41ae205f6e36838031cff786,de22d232bbe84481579f6252f1e7091d,SO58230,35,TI-M823,1,35,3fbd0407b55d3a3da21388a2ddbf881c
11823,4dbf892d41ae205f6e36838031cff786,de22d232bbe84481579f6252f1e7091d,SO58230,5,TT-M928,1,5,3fbd0407b55d3a3da21388a2ddbf881c
11823,4dbf892d41ae205f6e36838031cff786,de22d232bbe84481579f6252f1e7091d,SO58230,5,WB-H098,1,5,3fbd0407b55d3a3da21388a2ddbf881c
11823,56e52500a7f5ab963646137a401683cd,df09a3a727ac0f29208c5ef3bf7625e6,SO74668,27,CA-1098,3,27,13b7c2277967bc61802018c764b5b2a0
11823,56e52500a7f5ab963646137a401683cd,df09a3a727ac0f29208c5ef3bf7625e6,SO74668,5,WB-H098,1,5,13b7c2277967bc61802018c764b5b2a0
11823,ec24e4cf9fcc90f3bbe81b2fb3735c21,c4369eefdf9bb8a3f9115e96b40aaf17,SO69813,33,TI-R982,1,33,f06fd077b6afc2d69af6e1e548da266d
11823,ec24e4cf9fcc90f3bbe81b2fb3735c21,c4369eefdf9bb8a3f9115e96b40aaf17,SO69813,4,TT-R982,1,4,f06fd077b6afc2d69af6e1e548da266d
11824,13b7c2277967bc61802018c764b5b2a0,9c55d6518880c1abf100a24da2546368,SO74522,54,SJ-0194-S,1,54,0e000451f430d2e5b745a08b4ee7836c
11824,13b7c2277967bc61802018c764b5b2a0,9c55d6518880c1abf100a24da2546368,SO74522,5,WB-H098,1,5,0e000451f430d2e5b745a08b4ee7836c
11824,4310d0d92131e34ff2716d85e1953174,90c6314650a0d54fdcabe5cd5406f9af,SO54612,105,HL-U509,3,105,d3c54b4368c62c2ff11535bf2b677170
11824,4310d0d92131e34ff2716d85e1953174,90c6314650a0d54fdcabe5cd5406f9af,SO54612,30,TI-M602,1,30,d3c54b4368c62c2ff11535bf2b677170
11824,4310d0d92131e34ff2716d85e1953174,90c6314650a0d54fdcabe5cd5406f9af,SO54612,5,TT-M928,1,5,d3c54b4368c62c2ff11535bf2b677170
11824,501407dcfde5b685045ca3072168d5bb,41ef6b06b63ba4f6a5234245a439b157,SO73529,10,BC-M005,1,10,5432d51ee94799c0125bb158c8a8bd22
11824,caa707f97407c07371136aaf471a91d4,4efe8b2ca156042f8a3d8dd6aba54520,SO67098,48,GL-H102-L,2,48,058af5b2a408d57b708367e5bf4e9d9c
11824,caa707f97407c07371136aaf471a91d4,4efe8b2ca156042f8a3d8dd6aba54520,SO67098,33,TI-R982,1,33,058af5b2a408d57b708367e5bf4e9d9c
11824,caa707f97407c07371136aaf471a91d4,4efe8b2ca156042f8a3d8dd6aba54520,SO67098,4,TT-R982,1,4,058af5b2a408d57b708367e5bf4e9d9c
11824,f46ace11e93788e473124f7be16a19d5,5c741aa8e0753be65314a304e7b39c14,SO62798,35,TI-M823,1,35,4555f65c4664801d78b9f5477f89d8fd
11824,f46ace11e93788e473124f7be16a19d5,5c741aa8e0753be65314a304e7b39c14,SO62798,5,TT-M928,1,5,4555f65c4664801d78b9f5477f89d8fd
11825,072bf847aeeee970f66483e596496cd9,cfceb7490eff6e660974507be7c579c6,SO52658,4640,BK-M68S-46,2,4640,dca79d69a6b38e95c4b03bfab997796c
11825,072bf847aeeee970f66483e596496cd9,cfceb7490eff6e660974507be7c579c6,SO52658,2,PK-7098,1,2,dca79d69a6b38e95c4b03bfab997796c
11825,17aa93a3dd7f6454bc0d81beb182a5e6,cdca3a374ce978208e8fe5a77e52729c,SO45929,3578,BK-R93R-62,1,3578,00c0d1d4fb14e331ca9e478a9afc945d
11826,deff8ad81a213d1110c1f409a7f40fcd,b8cc77f0099ae7d3a20b9f0b74d70b12,SO52825,4640,BK-M68S-38,2,4640,f04e53711455521533f4c5ed7dcaa287
11826,e18c2b136f61489c334cb708a5c6d75f,aae455c4d64d3ffe63d05cfe29e8fcdd,SO46002,3578,BK-R93R-62,1,3578,02bc737163cde26453ad278829f046f2
11827,15699e35c72c4036c71409f3f3d69528,f5933feadc49c253e4f0e77b236946e9,SO53033,48,GL-H102-S,2,48,deff8ad81a213d1110c1f409a7f40fcd
11827,15699e35c72c4036c71409f3f3d69528,f5933feadc49c253e4f0e77b236946e9,SO53033,70,SH-W890-M,1,70,deff8ad81a213d1110c1f409a7f40fcd
11827,15699e35c72c4036c71409f3f3d69528,f5933feadc49c253e4f0e77b236946e9,SO53033,54,SJ-0194-L,1,54,deff8ad81a213d1110c1f409a7f40fcd
11827,3ebfce6ccd7540a632ae7e6ad8100c29,d630b2db6e8046e30b4728ca862ba4e1,SO59355,105,HL-U509-B,3,105,df595e3c678d4fae23ce174fe747165e
11827,3ebfce6ccd7540a632ae7e6ad8100c29,d630b2db6e8046e30b4728ca862ba4e1,SO59355,30,TI-M602,1,30,df595e3c678d4fae23ce174fe747165e
11827,3ebfce6ccd7540a632ae7e6ad8100c29,d630b2db6e8046e30b4728ca862ba4e1,SO59355,5,TT-M928,1,5,df595e3c678d4fae23ce174fe747165e
11827,86e0fc464cbb08ae74bd039224afec9a,38c9e5d1e366b4c5c36aae682bc960c4,SO72666,105,HL-U509-B,3,105,8920fd63645007b243abb750709b1172
11827,86e0fc464cbb08ae74bd039224afec9a,38c9e5d1e366b4c5c36aae682bc960c4,SO72666,25,TI-M267,1,25,8920fd63645007b243abb750709b1172
11827,86e0fc464cbb08ae74bd039224afec9a,38c9e5d1e366b4c5c36aae682bc960c4,SO72666,5,TT-M928,1,5,8920fd63645007b243abb750709b1172
11827,b322422d9a721bbdefa133133dd407c1,07b7d2aed13a63a16377587dcc0abbe8,SO66841,27,CA-1098,3,27,2296af5563b2061aa1d88124a37eecb7
11827,b322422d9a721bbdefa133133dd407c1,07b7d2aed13a63a16377587dcc0abbe8,SO66841,2,PK-7098,1,2,2296af5563b2061aa1d88124a37eecb7
11827,b322422d9a721bbdefa133133dd407c1,07b7d2aed13a63a16377587dcc0abbe8,SO66841,159,ST-1401,1,159,2296af5563b2061aa1d88124a37eecb7
11827,b322422d9a721bbdefa133133dd407c1,07b7d2aed13a63a16377587dcc0abbe8,SO66841,21,TI-R092,1,21,2296af5563b2061aa1d88124a37eecb7
11827,c87874400b9f907bdf9ea37d75a4b341,23bd9a9b90557e9da7babfb8e3d2df22,SO64576,2,PK-7098,1,2,8b9fe4b34e3c54f08bfcac3d9691e260
11827,c87874400b9f907bdf9ea37d75a4b341,23bd9a9b90557e9da7babfb8e3d2df22,SO64576,35,TI-M823,1,35,8b9fe4b34e3c54f08bfcac3d9691e260
11828,3519c8eb4095dbc69d80eb61856d3435,6e5c4b769f8f70f9fd01b24ba5be9695,SO55562,54,SJ-0194-L,1,54,d6ab5a0eee939524352092b964d92b84
11828,ed268f8f3837888893f896b7240f1254,a9cefc49af6424b430612adfc69876ee,SO56465,35,TI-M823,1,35,6353a8421ee460b64f2c988cc72a8391
11828,ed268f8f3837888893f896b7240f1254,a9cefc49af6424b430612adfc69876ee,SO56465,5,TT-M928,1,5,6353a8421ee460b64f2c988cc72a8391
11829,b21e833d3ead6056f1265f13fe1ff015,7983129d9883ebc3b9dce3311996b001,SO60601,10,BC-M005,1,10,4804ee33768b143d9706052696f7dfbd
11829,b21e833d3ead6056f1265f13fe1ff015,7983129d9883ebc3b9dce3311996b001,SO60601,22,FE-6654,1,22,4804ee33768b143d9706052696f7dfbd
11829,b21e833d3ead6056f1265f13fe1ff015,7983129d9883ebc3b9dce3311996b001,SO60601,35,TI-M823,1,35,4804ee33768b143d9706052696f7dfbd
11829,b21e833d3ead6056f1265f13fe1ff015,7983129d9883ebc3b9dce3311996b001,SO60601,5,TT-M928,1,5,4804ee33768b143d9706052696f7dfbd
11829,b21e833d3ead6056f1265f13fe1ff015,7983129d9883ebc3b9dce3311996b001,SO60601,5,WB-H098,1,5,4804ee33768b143d9706052696f7dfbd
11829,d3c54b4368c62c2ff11535bf2b677170,41464bd548f06ca845208f69df30ac82,SO54330,54,SJ-0194-M,1,54,da9c4ba6c9a1ae8725389bfd38b5763a
11830,5a9689f90da5d0d012de304d7da67a8b,a7b6562d6af25035e375b23034715469,SO45816,3578,BK-R93R-52,1,3578,7920863768d90ab95edffbd84cfca3e6
11830,db2b287636ac5ebda430de4f3f643b24,7af7abc5e37d5fa2e2334b4fec2584e2,SO52009,4590,BK-M68B-42,2,4590,bee2b842cd357511cf4c8e509f5af192
11830,db2b287636ac5ebda430de4f3f643b24,7af7abc5e37d5fa2e2334b4fec2584e2,SO52009,22,FE-6654,1,22,bee2b842cd357511cf4c8e509f5af192
11830,db2b287636ac5ebda430de4f3f643b24,7af7abc5e37d5fa2e2334b4fec2584e2,SO52009,105,HL-U509-B,3,105,bee2b842cd357511cf4c8e509f5af192
11831,e18c2b136f61489c334cb708a5c6d75f,aae455c4d64d3ffe63d05cfe29e8fcdd,SO46003,3578,BK-R93R-48,1,3578,02bc737163cde26453ad278829f046f2
11831,f04e53711455521533f4c5ed7dcaa287,5e9b4970006d8f02ba0bc1763fa8b9a6,SO52565,4640,BK-M68S-38,2,4640,f799d104dd23bb828dcdaaefc4d25b61
11831,f04e53711455521533f4c5ed7dcaa287,5e9b4970006d8f02ba0bc1763fa8b9a6,SO52565,105,HL-U509,3,105,f799d104dd23bb828dcdaaefc4d25b61
11832,3143ce3c6436ed5bd25398756b7b661d,6be9692276a308e4b872323af1ad8fe2,SO52950,105,HL-U509-R,3,105,ad4fbe0c82c7e5968d4cf22c2ad19e28
11832,3143ce3c6436ed5bd25398756b7b661d,6be9692276a308e4b872323af1ad8fe2,SO52950,35,TI-M823,1,35,ad4fbe0c82c7e5968d4cf22c2ad19e28
11832,3143ce3c6436ed5bd25398756b7b661d,6be9692276a308e4b872323af1ad8fe2,SO52950,5,TT-M928,1,5,ad4fbe0c82c7e5968d4cf22c2ad19e28
11832,e82ca4c6beebe812f10fa1041b97a160,9d934f91c460e9947414d00048f2fa36,SO66036,150,LJ-0192-L,3,150,6d1d8a1c7851eb5a946d45009cea6d9f
11833,6a8d7e42bb852c45fbf8610361d391a0,3f72b837978dcd042b73e7270f11a4ca,SO71118,10,BC-M005,1,10,49fce086a31f1cfcf16b54e462f7cbc0
11833,6dd75c28a9a8a39e02bc0a175f82a9f3,dfcee565bb2da80a7b76451a5cd314a1,SO66916,48,GL-H102-S,2,48,f88b3743a9ce1f9455b6de69380b486a
11833,6dd75c28a9a8a39e02bc0a175f82a9f3,dfcee565bb2da80a7b76451a5cd314a1,SO66916,35,TI-M823,1,35,f88b3743a9ce1f9455b6de69380b486a
11833,a1fedb8f5f2e08543339a5f167bee6b7,8b9fe4b34e3c54f08bfcac3d9691e260,SO64972,150,LJ-0192-M,3,150,4eec6eda382b9c44e240ad4b4b5e9cc0
11833,a1fedb8f5f2e08543339a5f167bee6b7,8b9fe4b34e3c54f08bfcac3d9691e260,SO64972,33,TI-R982,1,33,4eec6eda382b9c44e240ad4b4b5e9cc0
11833,a1fedb8f5f2e08543339a5f167bee6b7,8b9fe4b34e3c54f08bfcac3d9691e260,SO64972,4,TT-R982,1,4,4eec6eda382b9c44e240ad4b4b5e9cc0
11833,a9cd7a99d71cca9cb644010050374ade,3db19f5f710f10e90ecc7154c649d60a,SO71718,105,HL-U509-R,3,105,128ee9ff420de424a605a0ee4a6f7916
11833,a9cd7a99d71cca9cb644010050374ade,3db19f5f710f10e90ecc7154c649d60a,SO71718,30,TI-M602,1,30,128ee9ff420de424a605a0ee4a6f7916
11833,a9cd7a99d71cca9cb644010050374ade,3db19f5f710f10e90ecc7154c649d60a,SO71718,5,TT-M928,1,5,128ee9ff420de424a605a0ee4a6f7916
11833,ce08c22f7777768ce4197eab9727516c,4a800301260b2639fa1ec3efafb5f86c,SO60005,27,CA-1098,3,27,5072507e949a2c25948a591c4da194e1
11833,ce08c22f7777768ce4197eab9727516c,4a800301260b2639fa1ec3efafb5f86c,SO60005,5,WB-H098,1,5,5072507e949a2c25948a591c4da194e1
11834,02bc737163cde26453ad278829f046f2,7233744a010a9a2e1f7a7eb4772ddfa5,SO45968,3578,BK-R93R-44,1,3578,39106a04f091528b34339175a1913836
11834,ad4fbe0c82c7e5968d4cf22c2ad19e28,72e75576254db1afef14ecdc050391c2,SO52716,4590,BK-M68B-42,2,4590,f5933feadc49c253e4f0e77b236946e9
11834,ad4fbe0c82c7e5968d4cf22c2ad19e28,72e75576254db1afef14ecdc050391c2,SO52716,105,HL-U509,3,105,f5933feadc49c253e4f0e77b236946e9
11835,4dbf892d41ae205f6e36838031cff786,de22d232bbe84481579f6252f1e7091d,SO58247,2384,BK-T79Y-54,1,2384,3fbd0407b55d3a3da21388a2ddbf881c
11835,4dbf892d41ae205f6e36838031cff786,de22d232bbe84481579f6252f1e7091d,SO58247,105,HL-U509-B,3,105,3fbd0407b55d3a3da21388a2ddbf881c
11835,4dbf892d41ae205f6e36838031cff786,de22d232bbe84481579f6252f1e7091d,SO58247,29,TI-T723,1,29,3fbd0407b55d3a3da21388a2ddbf881c
11835,4dbf892d41ae205f6e36838031cff786,de22d232bbe84481579f6252f1e7091d,SO58247,5,TT-T092,1,5,3fbd0407b55d3a3da21388a2ddbf881c
11835,bc58efba5e800fb688b34bfde89c24bf,acc20902004de8acdd3eee04bfe5f91a,SO51397,4590,BK-M68B-38,2,4590,3500da16b6d3d0da611bc08c2b1e1c05
11835,bc58efba5e800fb688b34bfde89c24bf,acc20902004de8acdd3eee04bfe5f91a,SO51397,22,FE-6654,1,22,3500da16b6d3d0da611bc08c2b1e1c05
11835,bc58efba5e800fb688b34bfde89c24bf,acc20902004de8acdd3eee04bfe5f91a,SO51397,2,PK-7098,1,2,3500da16b6d3d0da611bc08c2b1e1c05
11836,3c4bf68562424c26986beae6ce13704a,dba3e44e23a1d2c2f299811e94db7fce,SO54942,105,HL-U509-R,3,105,1f50dad3f1493a5cf408c4eb3987479e
11836,eba5233d2dd8ea5031e646882335ece0,629ffff971d10f275a79a70fae527fbc,SO56633,35,TI-M823,1,35,b988e88fd94a3b47434beeb650cff880
11837,15699e35c72c4036c71409f3f3d69528,f5933feadc49c253e4f0e77b236946e9,SO53054,10,BC-M005,1,10,deff8ad81a213d1110c1f409a7f40fcd
11837,15699e35c72c4036c71409f3f3d69528,f5933feadc49c253e4f0e77b236946e9,SO53054,4590,BK-M68B-46,2,4590,deff8ad81a213d1110c1f409a7f40fcd
11837,15699e35c72c4036c71409f3f3d69528,f5933feadc49c253e4f0e77b236946e9,SO53054,105,HL-U509-B,3,105,deff8ad81a213d1110c1f409a7f40fcd
11837,15699e35c72c4036c71409f3f3d69528,f5933feadc49c253e4f0e77b236946e9,SO53054,5,WB-H098,1,5,deff8ad81a213d1110c1f409a7f40fcd
11837,a3e65268044e3e2a027f7c5bd50d1a88,ee0fcf6f6c7f398dea5b39f50af66f66,SO45900,3578,BK-R93R-48,1,3578,654bc11cf88df4bb20f9816e51982e64
11838,4a800301260b2639fa1ec3efafb5f86c,23f22724b430320654759f8512440ebc,SO59183,8,CL-9009,1,8,a189cc17a15cdb4e39e80dfcd8374c76
11838,4a800301260b2639fa1ec3efafb5f86c,23f22724b430320654759f8512440ebc,SO59183,2,PK-7098,1,2,a189cc17a15cdb4e39e80dfcd8374c76
11838,4a800301260b2639fa1ec3efafb5f86c,23f22724b430320654759f8512440ebc,SO59183,35,TI-M823,1,35,a189cc17a15cdb4e39e80dfcd8374c76
11838,4a800301260b2639fa1ec3efafb5f86c,23f22724b430320654759f8512440ebc,SO59183,5,TT-M928,1,5,a189cc17a15cdb4e39e80dfcd8374c76
11838,9d934f91c460e9947414d00048f2fa36,94b225b5b1f09ecd5e8ecdfb681ff04c,SO65099,105,HL-U509,3,105,3f0c8308e4e2e5c4ddc1b7e19304f613
11838,9d934f91c460e9947414d00048f2fa36,94b225b5b1f09ecd5e8ecdfb681ff04c,SO65099,150,LJ-0192-L,3,150,3f0c8308e4e2e5c4ddc1b7e19304f613
11839,59901f77a5f45f9e1a4ab8a7a016680f,f4d4667dc106e39215fdb27a09c25150,SO45996,3578,BK-R93R-48,1,3578,4539d5ac3ea4fd1548956fea790162f5
11839,ce08c22f7777768ce4197eab9727516c,4a800301260b2639fa1ec3efafb5f86c,SO60017,4640,BK-M68S-38,2,4640,5072507e949a2c25948a591c4da194e1
11839,ce08c22f7777768ce4197eab9727516c,4a800301260b2639fa1ec3efafb5f86c,SO60017,22,FE-6654,1,22,5072507e949a2c25948a591c4da194e1
11839,ce08c22f7777768ce4197eab9727516c,4a800301260b2639fa1ec3efafb5f86c,SO60017,105,HL-U509,3,105,5072507e949a2c25948a591c4da194e1
11840,0e23f371129aecc6b2033620b226f8d7,fda052162862bb845297063fd71a580c,SO57201,150,LJ-0192-L,3,150,40ff348468b73116a7077c246985e0bf
11840,40883861f6e25a2e09e848a7891f4f38,eba5233d2dd8ea5031e646882335ece0,SO57460,2,PK-7098,1,2,d76e0ba1fa041675ae9af958c5b41ae4
11840,40883861f6e25a2e09e848a7891f4f38,eba5233d2dd8ea5031e646882335ece0,SO57460,35,TI-M823,1,35,d76e0ba1fa041675ae9af958c5b41ae4
11841,174acf6ca4e9804d47a59a499422e621,5abaefcc8525a8f4cfd95cba9e926532,SO58309,70,SH-W890-L,1,70,eba6cab7267f82e3b2a063d5ea445bb9
11841,86bfb8ffc7a79e52d833cedce4d275bf,962bae2fb03296a3b9cacabfa929322c,SO70206,2,PK-7098,1,2,ec24e4cf9fcc90f3bbe81b2fb3735c21
11841,86bfb8ffc7a79e52d833cedce4d275bf,962bae2fb03296a3b9cacabfa929322c,SO70206,35,TI-M823,1,35,ec24e4cf9fcc90f3bbe81b2fb3735c21
11841,86bfb8ffc7a79e52d833cedce4d275bf,962bae2fb03296a3b9cacabfa929322c,SO70206,5,TT-M928,1,5,ec24e4cf9fcc90f3bbe81b2fb3735c21
11841,c135545cc3f3a739132ffdbc8096f3d4,36ab6f1df21f3c9a169c8942e981959a,SO68420,22,FE-6654,1,22,511572e8a25e86c2f48ae9e6d73a1e6a
11841,c135545cc3f3a739132ffdbc8096f3d4,36ab6f1df21f3c9a169c8942e981959a,SO68420,150,LJ-0192-L,3,150,511572e8a25e86c2f48ae9e6d73a1e6a
11841,c135545cc3f3a739132ffdbc8096f3d4,36ab6f1df21f3c9a169c8942e981959a,SO68420,25,TI-M267,1,25,511572e8a25e86c2f48ae9e6d73a1e6a
11841,c135545cc3f3a739132ffdbc8096f3d4,36ab6f1df21f3c9a169c8942e981959a,SO68420,5,TT-M928,1,5,511572e8a25e86c2f48ae9e6d73a1e6a
11841,ccb91034934bb047c5f6a32eb289b95b,640540d73b85c3ecd2e3bf5541686e87,SO59719,105,HL-U509-B,3,105,3ebfce6ccd7540a632ae7e6ad8100c29
11841,ccb91034934bb047c5f6a32eb289b95b,640540d73b85c3ecd2e3bf5541686e87,SO59719,30,TI-M602,1,30,3ebfce6ccd7540a632ae7e6ad8100c29
11841,ccb91034934bb047c5f6a32eb289b95b,640540d73b85c3ecd2e3bf5541686e87,SO59719,5,TT-M928,1,5,3ebfce6ccd7540a632ae7e6ad8100c29
11841,f88b3743a9ce1f9455b6de69380b486a,64cadfde6f66bc25043d0d69f5ae5471,SO66582,2,PK-7098,1,2,3dc63b2d6dcc8f0b6720b06b5439a0b1
11841,f88b3743a9ce1f9455b6de69380b486a,64cadfde6f66bc25043d0d69f5ae5471,SO66582,21,TI-R092,1,21,3dc63b2d6dcc8f0b6720b06b5439a0b1
11842,8920fd63645007b243abb750709b1172,58c4ce5b9433e7b6d41793d5a76d5590,SO72288,27,CA-1098,3,27,0d3057f268050d468f468434f8ec809a
11842,8920fd63645007b243abb750709b1172,58c4ce5b9433e7b6d41793d5a76d5590,SO72288,150,LJ-0192-L,3,150,0d3057f268050d468f468434f8ec809a
11842,ef5bad66aa19ccfb82cacb73584b83ea,0e23f371129aecc6b2033620b226f8d7,SO57885,35,TI-M823,1,35,485ae69515bc4c60ef546ff289741f60
11842,ef5bad66aa19ccfb82cacb73584b83ea,0e23f371129aecc6b2033620b226f8d7,SO57885,5,TT-M928,1,5,485ae69515bc4c60ef546ff289741f60
11843,da9c4ba6c9a1ae8725389bfd38b5763a,3e48b2167bd86ef570e46d0b286c4f74,SO54080,2,PK-7098,1,2,9223b53f03a405f817e91392f0294f6a
11843,da9c4ba6c9a1ae8725389bfd38b5763a,3e48b2167bd86ef570e46d0b286c4f74,SO54080,35,TI-M823,1,35,9223b53f03a405f817e91392f0294f6a
11843,da9c4ba6c9a1ae8725389bfd38b5763a,3e48b2167bd86ef570e46d0b286c4f74,SO54080,5,TT-M928,1,5,9223b53f03a405f817e91392f0294f6a
11843,dca79d69a6b38e95c4b03bfab997796c,e5bf4a4a03e320ed76cf2ca68fa5b4c0,SO52376,48,GL-H102-L,2,48,9f79f7706bc6a7654ef0b8977966f69a
11843,dca79d69a6b38e95c4b03bfab997796c,e5bf4a4a03e320ed76cf2ca68fa5b4c0,SO52376,150,LJ-0192-M,3,150,9f79f7706bc6a7654ef0b8977966f69a
11844,54d3ba66c5e71d3112695b882ca2030e,e4b40b4ba619c72ec5a69caad258d393,SO74582,105,HL-U509-B,3,105,40eee601514259a9632d510ca71226cc
11844,54d3ba66c5e71d3112695b882ca2030e,e4b40b4ba619c72ec5a69caad258d393,SO74582,35,TI-M823,1,35,40eee601514259a9632d510ca71226cc
11844,54d3ba66c5e71d3112695b882ca2030e,e4b40b4ba619c72ec5a69caad258d393,SO74582,5,TT-M928,1,5,40eee601514259a9632d510ca71226cc
11844,691ad1b0dca3643b923973defd014d47,6dd75c28a9a8a39e02bc0a175f82a9f3,SO67784,150,LJ-0192-M,3,150,9f1ff00ea8fd9fd8f2d421ba5ec45a18
11845,4310d0d92131e34ff2716d85e1953174,90c6314650a0d54fdcabe5cd5406f9af,SO54636,2,PK-7098,1,2,d3c54b4368c62c2ff11535bf2b677170
11845,4310d0d92131e34ff2716d85e1953174,90c6314650a0d54fdcabe5cd5406f9af,SO54636,35,TI-M823,1,35,d3c54b4368c62c2ff11535bf2b677170
11845,4310d0d92131e34ff2716d85e1953174,90c6314650a0d54fdcabe5cd5406f9af,SO54636,5,TT-M928,1,5,d3c54b4368c62c2ff11535bf2b677170
11845,511572e8a25e86c2f48ae9e6d73a1e6a,8e8847c1bdf012037ee13bb62da8a5c1,SO68107,105,HL-U509-B,3,105,691ad1b0dca3643b923973defd014d47
11845,511572e8a25e86c2f48ae9e6d73a1e6a,8e8847c1bdf012037ee13bb62da8a5c1,SO68107,25,TI-M267,1,25,691ad1b0dca3643b923973defd014d47
11845,511572e8a25e86c2f48ae9e6d73a1e6a,8e8847c1bdf012037ee13bb62da8a5c1,SO68107,5,TT-M928,1,5,691ad1b0dca3643b923973defd014d47
11845,86e0fc464cbb08ae74bd039224afec9a,38c9e5d1e366b4c5c36aae682bc960c4,SO72669,10,BC-M005,1,10,8920fd63645007b243abb750709b1172
11845,86e0fc464cbb08ae74bd039224afec9a,38c9e5d1e366b4c5c36aae682bc960c4,SO72669,105,HL-U509-B,3,105,8920fd63645007b243abb750709b1172
11845,86e0fc464cbb08ae74bd039224afec9a,38c9e5d1e366b4c5c36aae682bc960c4,SO72669,5,WB-H098,1,5,8920fd63645007b243abb750709b1172
11845,ad4fbe0c82c7e5968d4cf22c2ad19e28,72e75576254db1afef14ecdc050391c2,SO52683,105,HL-U509-B,3,105,f5933feadc49c253e4f0e77b236946e9
11845,ad4fbe0c82c7e5968d4cf22c2ad19e28,72e75576254db1afef14ecdc050391c2,SO52683,5,TT-T092,1,5,f5933feadc49c253e4f0e77b236946e9
11846,8d71482745a6a1be4fbbc5562ade4657,089c2a426c196c5ca5facb20896c90bb,SO56939,35,TI-M823,1,35,d9f7611cf8d29b48a1d3d8fddb8c5b2e
11846,9913e55755fcc4267a06c1e6adbbc7fb,4a70a3ec50fd16032883bf6fc79c55dd,SO61863,150,LJ-0192-L,3,150,d53f9d33cac0a297449a74a10d031570
11847,4a70a3ec50fd16032883bf6fc79c55dd,4804ee33768b143d9706052696f7dfbd,SO61071,105,HL-U509,3,105,e0bcd0ff3072dfe15609d6be1529b0b8
11847,4a70a3ec50fd16032883bf6fc79c55dd,4804ee33768b143d9706052696f7dfbd,SO61071,35,TI-M823,1,35,e0bcd0ff3072dfe15609d6be1529b0b8
11847,4a70a3ec50fd16032883bf6fc79c55dd,4804ee33768b143d9706052696f7dfbd,SO61071,5,TT-M928,1,5,e0bcd0ff3072dfe15609d6be1529b0b8
11847,8fa3bab223bec6501ad71f96bb1067b6,b95a9f47dd73bb9b799a31ae04ee7da1,SO70833,150,LJ-0192-L,3,150,1556bafff387fc8f2f6fef64c1daa6bc
11848,870bd4f3713260418e4f342f31dc7e33,94c60e0b5e2b0f78b919a5d4c67d70a2,SO62890,150,LJ-0192-X,3,150,2fe1a028f9398deb2efcd536c8246fae
11848,e366e24b8ad0b1107528f2f58cd15a81,921bc92a493b53f98f24e6a8a12801be,SO72477,2,PK-7098,1,2,c83e871e48c2716e0f28e60d166a5c98
11848,e366e24b8ad0b1107528f2f58cd15a81,921bc92a493b53f98f24e6a8a12801be,SO72477,35,TI-M823,1,35,c83e871e48c2716e0f28e60d166a5c98
11848,e366e24b8ad0b1107528f2f58cd15a81,921bc92a493b53f98f24e6a8a12801be,SO72477,5,TT-M928,1,5,c83e871e48c2716e0f28e60d166a5c98
11849,38c9e5d1e366b4c5c36aae682bc960c4,8fa3bab223bec6501ad71f96bb1067b6,SO71636,27,CA-1098,3,27,58c4ce5b9433e7b6d41793d5a76d5590
11849,38c9e5d1e366b4c5c36aae682bc960c4,8fa3bab223bec6501ad71f96bb1067b6,SO71636,150,LJ-0192-M,3,150,58c4ce5b9433e7b6d41793d5a76d5590
11849,54d3ba66c5e71d3112695b882ca2030e,e4b40b4ba619c72ec5a69caad258d393,SO74580,159,ST-1401,1,159,40eee601514259a9632d510ca71226cc
11849,54d3ba66c5e71d3112695b882ca2030e,e4b40b4ba619c72ec5a69caad258d393,SO74580,35,TI-M823,1,35,40eee601514259a9632d510ca71226cc
11849,54d3ba66c5e71d3112695b882ca2030e,e4b40b4ba619c72ec5a69caad258d393,SO74580,5,TT-M928,1,5,40eee601514259a9632d510ca71226cc
11850,39fe373cdcb4534addde73890415b660,41fc4cb27e0ee552c4c9247e1a476cc5,SO55906,48,GL-H102-M,2,48,3519c8eb4095dbc69d80eb61856d3435
11850,39fe373cdcb4534addde73890415b660,41fc4cb27e0ee552c4c9247e1a476cc5,SO55906,105,HL-U509,3,105,3519c8eb4095dbc69d80eb61856d3435
11850,39fe373cdcb4534addde73890415b660,41fc4cb27e0ee552c4c9247e1a476cc5,SO55906,35,TI-M823,1,35,3519c8eb4095dbc69d80eb61856d3435
11850,39fe373cdcb4534addde73890415b660,41fc4cb27e0ee552c4c9247e1a476cc5,SO55906,5,TT-M928,1,5,3519c8eb4095dbc69d80eb61856d3435
11850,3ebfce6ccd7540a632ae7e6ad8100c29,d630b2db6e8046e30b4728ca862ba4e1,SO59349,150,LJ-0192-X,3,150,df595e3c678d4fae23ce174fe747165e
11851,4804ee33768b143d9706052696f7dfbd,7254e54716fe52361e62aa16ea2e0797,SO60264,150,LJ-0192-L,3,150,c660dc308b247ce08aeecd155306bae0
11851,b2ce0ef2540789e8a6976165b6c917d8,128ee9ff420de424a605a0ee4a6f7916,SO72391,35,TI-M823,1,35,dcf73f840a50da0145f24e8e0169dc4b
11852,9913e55755fcc4267a06c1e6adbbc7fb,4a70a3ec50fd16032883bf6fc79c55dd,SO61896,105,HL-U509-B,3,105,d53f9d33cac0a297449a74a10d031570
11852,9913e55755fcc4267a06c1e6adbbc7fb,4a70a3ec50fd16032883bf6fc79c55dd,SO61896,35,TI-M823,1,35,d53f9d33cac0a297449a74a10d031570
11852,9913e55755fcc4267a06c1e6adbbc7fb,4a70a3ec50fd16032883bf6fc79c55dd,SO61896,5,TT-M928,1,5,d53f9d33cac0a297449a74a10d031570
11852,e2f0a420a4c1a9e8e292761f835e0489,4eec6eda382b9c44e240ad4b4b5e9cc0,SO65564,150,LJ-0192-M,3,150,9d934f91c460e9947414d00048f2fa36
11853,013f173c58073e845f675d26fdde1918,ccb91034934bb047c5f6a32eb289b95b,SO60546,35,TI-M823,1,35,d6fb379288416774d139632beb88e26b
11853,013f173c58073e845f675d26fdde1918,ccb91034934bb047c5f6a32eb289b95b,SO60546,5,TT-M928,1,5,d6fb379288416774d139632beb88e26b
11853,02ad1a5ca18e58629b8c1d6a6401d071,8d71482745a6a1be4fbbc5562ade4657,SO57748,150,LJ-0192-X,3,150,a976f17830aceaaa93d5daef0bc209a3
11854,790ee96c1472965375882b30fc089300,a3e65268044e3e2a027f7c5bd50d1a88,SO45987,3578,BK-R93R-62,1,3578,37a5117199a38b7e31d389445dab0cef
11854,d6fb379288416774d139632beb88e26b,3ebfce6ccd7540a632ae7e6ad8100c29,SO60233,10,BC-M005,1,10,412998e77ee121227580e3d363f75fa2
11854,d6fb379288416774d139632beb88e26b,3ebfce6ccd7540a632ae7e6ad8100c29,SO60233,4590,BK-M68B-38,2,4590,412998e77ee121227580e3d363f75fa2
11854,d6fb379288416774d139632beb88e26b,3ebfce6ccd7540a632ae7e6ad8100c29,SO60233,22,FE-6654,1,22,412998e77ee121227580e3d363f75fa2
11854,d6fb379288416774d139632beb88e26b,3ebfce6ccd7540a632ae7e6ad8100c29,SO60233,105,HL-U509,3,105,412998e77ee121227580e3d363f75fa2
11854,d6fb379288416774d139632beb88e26b,3ebfce6ccd7540a632ae7e6ad8100c29,SO60233,35,TI-M823,1,35,412998e77ee121227580e3d363f75fa2
11854,d6fb379288416774d139632beb88e26b,3ebfce6ccd7540a632ae7e6ad8100c29,SO60233,5,TT-M928,1,5,412998e77ee121227580e3d363f75fa2
11854,d6fb379288416774d139632beb88e26b,3ebfce6ccd7540a632ae7e6ad8100c29,SO60233,5,WB-H098,1,5,412998e77ee121227580e3d363f75fa2
11855,a8ef76a01442567fb64eb6f4408a9835,427ed6396fba4ed8ead9ec3229517d2b,SO56889,35,TI-M823,1,35,eba5233d2dd8ea5031e646882335ece0
11855,a8ef76a01442567fb64eb6f4408a9835,427ed6396fba4ed8ead9ec3229517d2b,SO56889,5,TT-M928,1,5,eba5233d2dd8ea5031e646882335ece0
11855,dfcee565bb2da80a7b76451a5cd314a1,6582aa26281b9a92ad60e6a03e274c00,SO66156,150,LJ-0192-L,3,150,64cadfde6f66bc25043d0d69f5ae5471
11856,0d3057f268050d468f468434f8ec809a,fd5ba6fdeb81e07b2caf0b103489bd8d,SO71954,27,CA-1098,3,27,921bc92a493b53f98f24e6a8a12801be
11856,0d3057f268050d468f468434f8ec809a,fd5ba6fdeb81e07b2caf0b103489bd8d,SO71954,150,LJ-0192-S,3,150,921bc92a493b53f98f24e6a8a12801be
11856,a1e59736d286765313b8212467dc64b2,43e2cc7ff261723f93f64f3f7e9faa8d,SO74251,105,HL-U509,3,105,ca5b8307fa5f2189fb98330a9d65927c
11856,a1e59736d286765313b8212467dc64b2,43e2cc7ff261723f93f64f3f7e9faa8d,SO74251,35,TI-M823,1,35,ca5b8307fa5f2189fb98330a9d65927c
11856,a1e59736d286765313b8212467dc64b2,43e2cc7ff261723f93f64f3f7e9faa8d,SO74251,5,TT-M928,1,5,ca5b8307fa5f2189fb98330a9d65927c
11857,7e15f50bd26e439e6a22f5205a8064db,a1d0c0a14c6c8f8a8ef8220209c23a64,SO67840,150,LJ-0192-M,3,150,702a02712215141594ddf8e52b0a651c
11857,b2ce0ef2540789e8a6976165b6c917d8,128ee9ff420de424a605a0ee4a6f7916,SO72392,105,HL-U509-R,3,105,dcf73f840a50da0145f24e8e0169dc4b
11857,b2ce0ef2540789e8a6976165b6c917d8,128ee9ff420de424a605a0ee4a6f7916,SO72392,35,TI-M823,1,35,dcf73f840a50da0145f24e8e0169dc4b
11857,b2ce0ef2540789e8a6976165b6c917d8,128ee9ff420de424a605a0ee4a6f7916,SO72392,5,TT-M928,1,5,dcf73f840a50da0145f24e8e0169dc4b
11858,04dbdf67bb8714ba18c9c36d50d1f5dc,4cc27df81afd686c0420394e090460cb,SO61998,35,TI-M823,1,35,2ed3972e38245b633ec6b146c2970148
11858,41fc4cb27e0ee552c4c9247e1a476cc5,6d338b8c41c717c4336ad0084a80dca4,SO55094,150,LJ-0192-L,3,150,6e5c4b769f8f70f9fd01b24ba5be9695
11859,c83e871e48c2716e0f28e60d166a5c98,6a8d7e42bb852c45fbf8610361d391a0,SO72075,105,HL-U509-R,3,105,c4c454d69a39e60a6f5cf2f97148adad
11859,eba5233d2dd8ea5031e646882335ece0,629ffff971d10f275a79a70fae527fbc,SO56635,2,PK-7098,1,2,b988e88fd94a3b47434beeb650cff880
11859,eba5233d2dd8ea5031e646882335ece0,629ffff971d10f275a79a70fae527fbc,SO56635,35,TI-M823,1,35,b988e88fd94a3b47434beeb650cff880
11860,0d15ba5aa4c9ad0377b26e0cf7a86280,b21e833d3ead6056f1265f13fe1ff015,SO61463,35,TI-M823,1,35,4a70a3ec50fd16032883bf6fc79c55dd
11860,17520f5649fab40fb66771362888cb90,1faee5670542865e021595151379fe5c,SO70605,105,HL-U509-B,3,105,3f72b837978dcd042b73e7270f11a4ca
11861,1ba7e8cdf85da6cf5e11554703236b52,9592b44e2c3f304a9875f45537bec6eb,SO73667,30,TI-M602,1,30,4c6ed4daa82e7326b84c24f4c2ae7064
11861,1ba7e8cdf85da6cf5e11554703236b52,9592b44e2c3f304a9875f45537bec6eb,SO73667,5,TT-M928,1,5,4c6ed4daa82e7326b84c24f4c2ae7064
11861,1ba7e8cdf85da6cf5e11554703236b52,9592b44e2c3f304a9875f45537bec6eb,SO73667,64,VE-C304-L,1,64,4c6ed4daa82e7326b84c24f4c2ae7064
11861,38c9e5d1e366b4c5c36aae682bc960c4,8fa3bab223bec6501ad71f96bb1067b6,SO71641,33,TI-R982,1,33,58c4ce5b9433e7b6d41793d5a76d5590
11861,38c9e5d1e366b4c5c36aae682bc960c4,8fa3bab223bec6501ad71f96bb1067b6,SO71641,4,TT-R982,1,4,58c4ce5b9433e7b6d41793d5a76d5590
11861,a9cd7a99d71cca9cb644010050374ade,3db19f5f710f10e90ecc7154c649d60a,SO71721,10,BC-M005,1,10,128ee9ff420de424a605a0ee4a6f7916
11861,a9cd7a99d71cca9cb644010050374ade,3db19f5f710f10e90ecc7154c649d60a,SO71721,105,HL-U509-R,3,105,128ee9ff420de424a605a0ee4a6f7916
11861,a9cd7a99d71cca9cb644010050374ade,3db19f5f710f10e90ecc7154c649d60a,SO71721,5,WB-H098,1,5,128ee9ff420de424a605a0ee4a6f7916
11861,b0b2c17e5682f78d8fc262463fd0a4f3,375bde15092f45652b6398c1dff650d0,SO57993,2,PK-7098,1,2,5e1b952a22eccca86f7f056a9efb42a4
11861,b0b2c17e5682f78d8fc262463fd0a4f3,375bde15092f45652b6398c1dff650d0,SO57993,35,TI-M823,1,35,5e1b952a22eccca86f7f056a9efb42a4
11861,b0b2c17e5682f78d8fc262463fd0a4f3,375bde15092f45652b6398c1dff650d0,SO57993,5,TT-M928,1,5,5e1b952a22eccca86f7f056a9efb42a4
11861,ccb91034934bb047c5f6a32eb289b95b,640540d73b85c3ecd2e3bf5541686e87,SO59733,54,SJ-0194-S,1,54,3ebfce6ccd7540a632ae7e6ad8100c29
11861,ccb91034934bb047c5f6a32eb289b95b,640540d73b85c3ecd2e3bf5541686e87,SO59733,5,WB-H098,1,5,3ebfce6ccd7540a632ae7e6ad8100c29
11862,70951886788165a5e2439adfce4d0cce,ca38f30e56a72f4d0c8d2264322c5862,SO68994,2,PK-7098,1,2,c885741a5e3e55c84950327011b70289
11862,70951886788165a5e2439adfce4d0cce,ca38f30e56a72f4d0c8d2264322c5862,SO68994,35,TI-M823,1,35,c885741a5e3e55c84950327011b70289
11862,70951886788165a5e2439adfce4d0cce,ca38f30e56a72f4d0c8d2264322c5862,SO68994,5,TT-M928,1,5,c885741a5e3e55c84950327011b70289
11862,debbb2493c6588799fc787e1854bcda5,40883861f6e25a2e09e848a7891f4f38,SO58074,8,CL-9009,1,8,0814775cfc25da756a9b4197347ab771
11862,debbb2493c6588799fc787e1854bcda5,40883861f6e25a2e09e848a7891f4f38,SO58074,159,ST-1401,1,159,0814775cfc25da756a9b4197347ab771
11863,6d1d8a1c7851eb5a946d45009cea6d9f,3f0c8308e4e2e5c4ddc1b7e19304f613,SO65718,35,TI-M823,1,35,6582aa26281b9a92ad60e6a03e274c00
11863,6d1d8a1c7851eb5a946d45009cea6d9f,3f0c8308e4e2e5c4ddc1b7e19304f613,SO65718,5,TT-M928,1,5,6582aa26281b9a92ad60e6a03e274c00
11863,93ddc10d6cf61153011df052aa76671f,7299e51cfc0d5174743a6701a8a96488,SO65629,8,CL-9009,1,8,02b96ab6e0935145589be4e1408a1675
11864,41464bd548f06ca845208f69df30ac82,15aceb75d86814cb479f1b1a9487c3d4,SO53701,35,TI-M823,1,35,3e48b2167bd86ef570e46d0b286c4f74
11864,41464bd548f06ca845208f69df30ac82,15aceb75d86814cb479f1b1a9487c3d4,SO53701,5,TT-M928,1,5,3e48b2167bd86ef570e46d0b286c4f74
11864,9a95fdf4e925d9cbd65f87b5aa4ac212,478ecc8cdaa127c33884d9f6c72c2cd5,SO59581,8,CL-9009,1,8,9e8cbc3edbb5efb3f48d6afb260e4725
11865,15aceb75d86814cb479f1b1a9487c3d4,f799d104dd23bb828dcdaaefc4d25b61,SO52918,22,FE-6654,1,22,072bf847aeeee970f66483e596496cd9
11865,15aceb75d86814cb479f1b1a9487c3d4,f799d104dd23bb828dcdaaefc4d25b61,SO52918,150,LJ-0192-M,3,150,072bf847aeeee970f66483e596496cd9
11865,15aceb75d86814cb479f1b1a9487c3d4,f799d104dd23bb828dcdaaefc4d25b61,SO52918,35,TI-M823,1,35,072bf847aeeee970f66483e596496cd9
11865,7e15f50bd26e439e6a22f5205a8064db,a1d0c0a14c6c8f8a8ef8220209c23a64,SO67839,8,CL-9009,1,8,702a02712215141594ddf8e52b0a651c
11866,3143ce3c6436ed5bd25398756b7b661d,6be9692276a308e4b872323af1ad8fe2,SO52931,8,CL-9009,1,8,ad4fbe0c82c7e5968d4cf22c2ad19e28
11866,a8ef76a01442567fb64eb6f4408a9835,427ed6396fba4ed8ead9ec3229517d2b,SO56891,35,TI-M823,1,35,eba5233d2dd8ea5031e646882335ece0
11867,70951886788165a5e2439adfce4d0cce,ca38f30e56a72f4d0c8d2264322c5862,SO68953,8,CL-9009,1,8,c885741a5e3e55c84950327011b70289
11867,7254e54716fe52361e62aa16ea2e0797,6eaadc1181f307997dc853d9ed40db36,SO59444,105,HL-U509-R,3,105,e7df1b3ee078bdcfc260a877f321287d
11867,7254e54716fe52361e62aa16ea2e0797,6eaadc1181f307997dc853d9ed40db36,SO59444,35,TI-M823,1,35,e7df1b3ee078bdcfc260a877f321287d
11867,7254e54716fe52361e62aa16ea2e0797,6eaadc1181f307997dc853d9ed40db36,SO59444,5,TT-M928,1,5,e7df1b3ee078bdcfc260a877f321287d
11868,331afa0aff1b1cfbf3d24944ab38c9d2,c885741a5e3e55c84950327011b70289,SO69677,105,HL-U509-B,3,105,962bae2fb03296a3b9cacabfa929322c
11868,331afa0aff1b1cfbf3d24944ab38c9d2,c885741a5e3e55c84950327011b70289,SO69677,33,TI-R982,1,33,962bae2fb03296a3b9cacabfa929322c
11868,331afa0aff1b1cfbf3d24944ab38c9d2,c885741a5e3e55c84950327011b70289,SO69677,4,TT-R982,1,4,962bae2fb03296a3b9cacabfa929322c
11868,4c6ed4daa82e7326b84c24f4c2ae7064,b2ce0ef2540789e8a6976165b6c917d8,SO73277,30,TI-M602,1,30,aa14ddbc43aa2d3be1e6ac019bb7b5bc
11868,4c6ed4daa82e7326b84c24f4c2ae7064,b2ce0ef2540789e8a6976165b6c917d8,SO73277,64,VE-C304-S,1,64,aa14ddbc43aa2d3be1e6ac019bb7b5bc
11868,73b2264d673ee7b5b2e7e165020516ac,4ceff7612cfa4420892fe23b23ca9265,SO57392,10,BC-M005,1,10,8d71482745a6a1be4fbbc5562ade4657
11868,73b2264d673ee7b5b2e7e165020516ac,4ceff7612cfa4420892fe23b23ca9265,SO57392,5,WB-H098,1,5,8d71482745a6a1be4fbbc5562ade4657
11868,9f79f7706bc6a7654ef0b8977966f69a,e2f7ff887646789ea003d03bc2025325,SO52144,22,FE-6654,1,22,361e2c62255e0c1887ac2139911ca300
11868,9f79f7706bc6a7654ef0b8977966f69a,e2f7ff887646789ea003d03bc2025325,SO52144,35,TI-M823,1,35,361e2c62255e0c1887ac2139911ca300
11868,9f79f7706bc6a7654ef0b8977966f69a,e2f7ff887646789ea003d03bc2025325,SO52144,5,TT-M928,1,5,361e2c62255e0c1887ac2139911ca300
11868,f108e0cd2f96a0c22086f9d45ee08f19,ad0b7f5ad35732646f1e5f67418d5995,SO60146,5,WB-H098,1,5,7983129d9883ebc3b9dce3311996b001
11869,3a2f313512bb520c43971e54ba834dec,a1fedb8f5f2e08543339a5f167bee6b7,SO65898,10,BC-M005,1,10,e2f0a420a4c1a9e8e292761f835e0489
11869,3a2f313512bb520c43971e54ba834dec,a1fedb8f5f2e08543339a5f167bee6b7,SO65898,54,SJ-0194-L,1,54,e2f0a420a4c1a9e8e292761f835e0489
11869,3a2f313512bb520c43971e54ba834dec,a1fedb8f5f2e08543339a5f167bee6b7,SO65898,5,WB-H098,1,5,e2f0a420a4c1a9e8e292761f835e0489
11869,5a06908cc28b799b04fc1c47664462e6,da9c4ba6c9a1ae8725389bfd38b5763a,SO54729,2,PK-7098,1,2,6d338b8c41c717c4336ad0084a80dca4
11869,5a06908cc28b799b04fc1c47664462e6,da9c4ba6c9a1ae8725389bfd38b5763a,SO54729,30,TI-M602,1,30,6d338b8c41c717c4336ad0084a80dca4
11869,5a06908cc28b799b04fc1c47664462e6,da9c4ba6c9a1ae8725389bfd38b5763a,SO54729,5,TT-M928,1,5,6d338b8c41c717c4336ad0084a80dca4
11869,9913e55755fcc4267a06c1e6adbbc7fb,4a70a3ec50fd16032883bf6fc79c55dd,SO61895,2,PK-7098,1,2,d53f9d33cac0a297449a74a10d031570
11869,9913e55755fcc4267a06c1e6adbbc7fb,4a70a3ec50fd16032883bf6fc79c55dd,SO61895,35,TI-M823,1,35,d53f9d33cac0a297449a74a10d031570
11869,9a027fc72b503940a96d5137762a263e,0e000451f430d2e5b745a08b4ee7836c,SO74736,48,GL-H102-L,2,48,54d3ba66c5e71d3112695b882ca2030e
11869,9a027fc72b503940a96d5137762a263e,0e000451f430d2e5b745a08b4ee7836c,SO74736,5,WB-H098,1,5,54d3ba66c5e71d3112695b882ca2030e
11869,fee8e08233f3f00450bce31967abb0f1,331afa0aff1b1cfbf3d24944ab38c9d2,SO70538,48,GL-H102-S,2,48,86bfb8ffc7a79e52d833cedce4d275bf
11869,fee8e08233f3f00450bce31967abb0f1,331afa0aff1b1cfbf3d24944ab38c9d2,SO70538,105,HL-U509-R,3,105,86bfb8ffc7a79e52d833cedce4d275bf
11869,fee8e08233f3f00450bce31967abb0f1,331afa0aff1b1cfbf3d24944ab38c9d2,SO70538,33,TI-R982,1,33,86bfb8ffc7a79e52d833cedce4d275bf
11869,fee8e08233f3f00450bce31967abb0f1,331afa0aff1b1cfbf3d24944ab38c9d2,SO70538,4,TT-R982,1,4,86bfb8ffc7a79e52d833cedce4d275bf
11870,4555f65c4664801d78b9f5477f89d8fd,7ee641303ef8d8b10d0ed00a060c73cc,SO62483,105,HL-U509,3,105,94c60e0b5e2b0f78b919a5d4c67d70a2
11870,bb858b10001c01aea17b4e635d0662a2,d612b5fb3f6011688fb0c9927693365a,SO74779,150,LJ-0192-L,3,150,2fb09097185e604aaadbfde958fd6262
11870,bb858b10001c01aea17b4e635d0662a2,d612b5fb3f6011688fb0c9927693365a,SO74779,2,PK-7098,1,2,2fb09097185e604aaadbfde958fd6262
11870,bb858b10001c01aea17b4e635d0662a2,d612b5fb3f6011688fb0c9927693365a,SO74779,120,RA-H123,1,120,2fb09097185e604aaadbfde958fd6262
11870,bb858b10001c01aea17b4e635d0662a2,d612b5fb3f6011688fb0c9927693365a,SO74779,35,TI-M823,1,35,2fb09097185e604aaadbfde958fd6262
11871,714597fe9448176d17876617114a65bc,d6ec5bff1a0809822c740ce35792fa7a,SO53197,105,HL-U509-B,3,105,3143ce3c6436ed5bd25398756b7b661d
11871,df595e3c678d4fae23ce174fe747165e,07b31bae17c7890b17d79a654aa230cf,SO58880,35,TI-M823,1,35,75fe8d7dec9d2a51be64595ab37dc674
11872,4539d5ac3ea4fd1548956fea790162f5,68ffff9a6ccdd4edb0a94daa1483c356,SO45959,3578,BK-R93R-44,1,3578,17aa93a3dd7f6454bc0d81beb182a5e6
11872,6477c205c5117a9448ba863e111acf32,c926349b55a58d87d7d5008c349fd1e9,SO60874,4590,BK-M68B-46,2,4590,013f173c58073e845f675d26fdde1918
11872,6477c205c5117a9448ba863e111acf32,c926349b55a58d87d7d5008c349fd1e9,SO60874,105,HL-U509-R,3,105,013f173c58073e845f675d26fdde1918
11872,6477c205c5117a9448ba863e111acf32,c926349b55a58d87d7d5008c349fd1e9,SO60874,35,TI-M823,1,35,013f173c58073e845f675d26fdde1918
11872,6477c205c5117a9448ba863e111acf32,c926349b55a58d87d7d5008c349fd1e9,SO60874,5,TT-M928,1,5,013f173c58073e845f675d26fdde1918
11873,88e79d6e34505f780b4021e0777bcdc0,e7445efc9c2e5f55aee8a2c2b02c9b7a,SO45863,3578,BK-R93R-56,1,3578,dcc3112eacc4c3fa1aaf2ea660552ee7
11873,9a95fdf4e925d9cbd65f87b5aa4ac212,478ecc8cdaa127c33884d9f6c72c2cd5,SO59622,10,BC-M005,1,10,9e8cbc3edbb5efb3f48d6afb260e4725
11873,9a95fdf4e925d9cbd65f87b5aa4ac212,478ecc8cdaa127c33884d9f6c72c2cd5,SO59622,4590,BK-M68B-38,2,4590,9e8cbc3edbb5efb3f48d6afb260e4725
11873,9a95fdf4e925d9cbd65f87b5aa4ac212,478ecc8cdaa127c33884d9f6c72c2cd5,SO59622,105,HL-U509,3,105,9e8cbc3edbb5efb3f48d6afb260e4725
11873,9a95fdf4e925d9cbd65f87b5aa4ac212,478ecc8cdaa127c33884d9f6c72c2cd5,SO59622,5,WB-H098,1,5,9e8cbc3edbb5efb3f48d6afb260e4725
11874,12092303778fcfa88ed7d284b74c6a6a,40eee601514259a9632d510ca71226cc,SO74785,8,CL-9009,1,8,6cf9e035d2f1d8ffe1b9f2f96a9e7a3a
11874,95103530881768b5cfc7e33970db9cd7,2ed3972e38245b633ec6b146c2970148,SO62438,22,FE-6654,1,22,305c66634c155cab2b5cc3ce00351eb1
11874,95103530881768b5cfc7e33970db9cd7,2ed3972e38245b633ec6b146c2970148,SO62438,2,PK-7098,1,2,305c66634c155cab2b5cc3ce00351eb1
11874,95103530881768b5cfc7e33970db9cd7,2ed3972e38245b633ec6b146c2970148,SO62438,35,TI-M823,1,35,305c66634c155cab2b5cc3ce00351eb1
11874,95103530881768b5cfc7e33970db9cd7,2ed3972e38245b633ec6b146c2970148,SO62438,5,TT-M928,1,5,305c66634c155cab2b5cc3ce00351eb1
11875,31c99d724c1f182c60edb82eb4740277,e84848120190a8d0e696fbeb15647a74,SO71236,55,HY-1023-70,1,55,3db19f5f710f10e90ecc7154c649d60a
11875,31c99d724c1f182c60edb82eb4740277,e84848120190a8d0e696fbeb15647a74,SO71236,30,TI-M602,1,30,3db19f5f710f10e90ecc7154c649d60a
11875,31c99d724c1f182c60edb82eb4740277,e84848120190a8d0e696fbeb15647a74,SO71236,5,TT-M928,1,5,3db19f5f710f10e90ecc7154c649d60a
11875,60b901e6d879ccf3b3246e54133acee5,01e8942a5792053a553c4612bd6c06a6,SO75073,2,PK-7098,1,2,021d7f51f97fea2b23b069288066b34d
11875,60b901e6d879ccf3b3246e54133acee5,01e8942a5792053a553c4612bd6c06a6,SO75073,25,TI-M267,1,25,021d7f51f97fea2b23b069288066b34d
11875,7acd252f45ad6fe668386456a673d543,0120f4004ede1143c3be6caa4227affe,SO67178,105,HL-U509-R,3,105,b322422d9a721bbdefa133133dd407c1
11875,7acd252f45ad6fe668386456a673d543,0120f4004ede1143c3be6caa4227affe,SO67178,35,TI-M823,1,35,b322422d9a721bbdefa133133dd407c1
11875,7acd252f45ad6fe668386456a673d543,0120f4004ede1143c3be6caa4227affe,SO67178,5,TT-M928,1,5,b322422d9a721bbdefa133133dd407c1
11875,830e779850b1d58733a7ad711bf6b83f,39fe373cdcb4534addde73890415b660,SO56498,21,TI-R092,1,21,427ed6396fba4ed8ead9ec3229517d2b
11875,f108e0cd2f96a0c22086f9d45ee08f19,ad0b7f5ad35732646f1e5f67418d5995,SO60145,27,CA-1098,3,27,7983129d9883ebc3b9dce3311996b001
11875,f108e0cd2f96a0c22086f9d45ee08f19,ad0b7f5ad35732646f1e5f67418d5995,SO60145,70,SH-W890-L,1,70,7983129d9883ebc3b9dce3311996b001
11876,348f48807f500aeac729fb17d9bc97f1,5072507e949a2c25948a591c4da194e1,SO60458,8,CL-9009,1,8,f108e0cd2f96a0c22086f9d45ee08f19
11876,a1d0c0a14c6c8f8a8ef8220209c23a64,05e7920e8caf0303dc01b77666952b75,SO66989,105,HL-U509-B,3,105,cd15e5f80ff20dd345bfaa51400dd0d6
11876,a1d0c0a14c6c8f8a8ef8220209c23a64,05e7920e8caf0303dc01b77666952b75,SO66989,35,TI-M823,1,35,cd15e5f80ff20dd345bfaa51400dd0d6
11876,a1d0c0a14c6c8f8a8ef8220209c23a64,05e7920e8caf0303dc01b77666952b75,SO66989,5,TT-M928,1,5,cd15e5f80ff20dd345bfaa51400dd0d6
11877,691ad1b0dca3643b923973defd014d47,6dd75c28a9a8a39e02bc0a175f82a9f3,SO67814,35,TI-M823,1,35,9f1ff00ea8fd9fd8f2d421ba5ec45a18
11877,9c55d6518880c1abf100a24da2546368,47a161474962a6dcc03cfa64127a641f,SO74096,8,CL-9009,1,8,9795c57676ee8b8b6ba9a6f9014a520b
11878,aa14ddbc43aa2d3be1e6ac019bb7b5bc,dcf73f840a50da0145f24e8e0169dc4b,SO72902,105,HL-U509,3,105,a6f2945baeceeef4c8d541a22f6e99e9
11878,aa14ddbc43aa2d3be1e6ac019bb7b5bc,dcf73f840a50da0145f24e8e0169dc4b,SO72902,35,TI-M823,1,35,a6f2945baeceeef4c8d541a22f6e99e9
11878,aa14ddbc43aa2d3be1e6ac019bb7b5bc,dcf73f840a50da0145f24e8e0169dc4b,SO72902,5,TT-M928,1,5,a6f2945baeceeef4c8d541a22f6e99e9
11878,dcf73f840a50da0145f24e8e0169dc4b,2797a91b25bc2aa85124c99bc574dc83,SO72001,8,CL-9009,1,8,d5985f40495ba672dff8a99620b879c8
11879,6d44506d59926d8d13d35f75d97f2a64,deff8ad81a213d1110c1f409a7f40fcd,SO53401,8,CL-9009,1,8,f476906875bc5d9abe836b4ea1f485c1
11879,99c8f306659fd98cbb9d7f03ec0c2a7a,705fa39ab40831529471c768490339ab,SO69907,48,GL-H102-S,2,48,fff3c307c93eda1eb91d53ca588846fe
11879,99c8f306659fd98cbb9d7f03ec0c2a7a,705fa39ab40831529471c768490339ab,SO69907,105,HL-U509-B,3,105,fff3c307c93eda1eb91d53ca588846fe
11879,99c8f306659fd98cbb9d7f03ec0c2a7a,705fa39ab40831529471c768490339ab,SO69907,35,TI-M823,1,35,fff3c307c93eda1eb91d53ca588846fe
11879,99c8f306659fd98cbb9d7f03ec0c2a7a,705fa39ab40831529471c768490339ab,SO69907,5,TT-M928,1,5,fff3c307c93eda1eb91d53ca588846fe
11880,629ffff971d10f275a79a70fae527fbc,d6ab5a0eee939524352092b964d92b84,SO55971,8,CL-9009,1,8,3c1811b546060d91957cc446aabc4a3c
11880,b95a9f47dd73bb9b799a31ae04ee7da1,175a5d217fad85df9f6639d7ced1e5d9,SO69977,2,PK-7098,1,2,8728a5e296f39e49d2fa74c31820e99f
11880,b95a9f47dd73bb9b799a31ae04ee7da1,175a5d217fad85df9f6639d7ced1e5d9,SO69977,35,TI-M823,1,35,8728a5e296f39e49d2fa74c31820e99f
11880,b95a9f47dd73bb9b799a31ae04ee7da1,175a5d217fad85df9f6639d7ced1e5d9,SO69977,5,TT-M928,1,5,8728a5e296f39e49d2fa74c31820e99f
11881,4c6ed4daa82e7326b84c24f4c2ae7064,b2ce0ef2540789e8a6976165b6c917d8,SO73258,8,CL-9009,1,8,aa14ddbc43aa2d3be1e6ac019bb7b5bc
11881,95a2a9aefc393f8630e934768cacf4cd,8f472ffe3ff3109f420ae91355ff8f3f,SO72160,10,BC-M005,1,10,38c9e5d1e366b4c5c36aae682bc960c4
11881,95a2a9aefc393f8630e934768cacf4cd,8f472ffe3ff3109f420ae91355ff8f3f,SO72160,22,FE-6654,1,22,38c9e5d1e366b4c5c36aae682bc960c4
11881,95a2a9aefc393f8630e934768cacf4cd,8f472ffe3ff3109f420ae91355ff8f3f,SO72160,35,TI-M823,1,35,38c9e5d1e366b4c5c36aae682bc960c4
11881,95a2a9aefc393f8630e934768cacf4cd,8f472ffe3ff3109f420ae91355ff8f3f,SO72160,5,TT-M928,1,5,38c9e5d1e366b4c5c36aae682bc960c4
11881,95a2a9aefc393f8630e934768cacf4cd,8f472ffe3ff3109f420ae91355ff8f3f,SO72160,64,VE-C304-L,1,64,38c9e5d1e366b4c5c36aae682bc960c4
11881,95a2a9aefc393f8630e934768cacf4cd,8f472ffe3ff3109f420ae91355ff8f3f,SO72160,5,WB-H098,1,5,38c9e5d1e366b4c5c36aae682bc960c4
11882,04dbdf67bb8714ba18c9c36d50d1f5dc,4cc27df81afd686c0420394e090460cb,SO61972,8,CL-9009,1,8,2ed3972e38245b633ec6b146c2970148
11882,15aceb75d86814cb479f1b1a9487c3d4,f799d104dd23bb828dcdaaefc4d25b61,SO52914,35,TI-M823,1,35,072bf847aeeee970f66483e596496cd9
11882,15aceb75d86814cb479f1b1a9487c3d4,f799d104dd23bb828dcdaaefc4d25b61,SO52914,5,TT-M928,1,5,072bf847aeeee970f66483e596496cd9
11883,49fce086a31f1cfcf16b54e462f7cbc0,99c8f306659fd98cbb9d7f03ec0c2a7a,SO70768,105,HL-U509-R,3,105,e84848120190a8d0e696fbeb15647a74
11883,9b98d27287b27eeee9ebc06e1d5a9a8d,0dc34ca2aaa8612cde077f1880b78b25,SO53116,2,PK-7098,1,2,18bea060239713ee5f865109f63f3a8a
11883,9b98d27287b27eeee9ebc06e1d5a9a8d,0dc34ca2aaa8612cde077f1880b78b25,SO53116,35,TI-M823,1,35,18bea060239713ee5f865109f63f3a8a
11883,9b98d27287b27eeee9ebc06e1d5a9a8d,0dc34ca2aaa8612cde077f1880b78b25,SO53116,5,TT-M928,1,5,18bea060239713ee5f865109f63f3a8a
11884,15aceb75d86814cb479f1b1a9487c3d4,f799d104dd23bb828dcdaaefc4d25b61,SO52915,105,HL-U509-R,3,105,072bf847aeeee970f66483e596496cd9
11884,15aceb75d86814cb479f1b1a9487c3d4,f799d104dd23bb828dcdaaefc4d25b61,SO52915,35,TI-M823,1,35,072bf847aeeee970f66483e596496cd9
11884,15aceb75d86814cb479f1b1a9487c3d4,f799d104dd23bb828dcdaaefc4d25b61,SO52915,5,TT-M928,1,5,072bf847aeeee970f66483e596496cd9
11884,d27974ca95fd620ac92cf95bf8c1d1f2,4c6ed4daa82e7326b84c24f4c2ae7064,SO74157,105,HL-U509-R,3,105,3e107cd1554225ea3056ed5010adce90
11885,7f026edc73bd4602381834e9b850d6c2,eedd9be5500334505ed9d4aef801ac3d,SO52266,4640,BK-M68S-46,2,4640,db2b287636ac5ebda430de4f3f643b24
11885,7f026edc73bd4602381834e9b850d6c2,eedd9be5500334505ed9d4aef801ac3d,SO52266,2,PK-7098,1,2,db2b287636ac5ebda430de4f3f643b24
11885,cf4f13c16dae1f2408e65c290fefcbaa,17aa93a3dd7f6454bc0d81beb182a5e6,SO46016,3578,BK-R93R-48,1,3578,2fdcff2fdbe32f29016778bbf2d2634c
11886,af1457846a79173ef71dd9d5dd69805a,254d832c83ccdb2c33eab65a4fd196ff,SO60359,4590,BK-M68B-46,2,4590,ce08c22f7777768ce4197eab9727516c
11886,af1457846a79173ef71dd9d5dd69805a,254d832c83ccdb2c33eab65a4fd196ff,SO60359,22,FE-6654,1,22,ce08c22f7777768ce4197eab9727516c
11886,af1457846a79173ef71dd9d5dd69805a,254d832c83ccdb2c33eab65a4fd196ff,SO60359,2,PK-7098,1,2,ce08c22f7777768ce4197eab9727516c
11886,cf4f13c16dae1f2408e65c290fefcbaa,17aa93a3dd7f6454bc0d81beb182a5e6,SO46017,3578,BK-R93R-56,1,3578,2fdcff2fdbe32f29016778bbf2d2634c
11887,0383d48e76cd8a3dfb9e2a890f2cac18,d6fb379288416774d139632beb88e26b,SO61000,105,HL-U509-R,3,105,883b9b4170853b321c03290f64ba199f
11887,0383d48e76cd8a3dfb9e2a890f2cac18,d6fb379288416774d139632beb88e26b,SO61000,35,TI-M823,1,35,883b9b4170853b321c03290f64ba199f
11887,0383d48e76cd8a3dfb9e2a890f2cac18,d6fb379288416774d139632beb88e26b,SO61000,5,TT-M928,1,5,883b9b4170853b321c03290f64ba199f
11887,0df76889b3e31ccfd17b50cc73baef03,debbb2493c6588799fc787e1854bcda5,SO58777,8,CL-9009,1,8,6eaadc1181f307997dc853d9ed40db36
11888,4310d0d92131e34ff2716d85e1953174,90c6314650a0d54fdcabe5cd5406f9af,SO54648,4640,BK-M68S-42,2,4640,d3c54b4368c62c2ff11535bf2b677170
11888,4310d0d92131e34ff2716d85e1953174,90c6314650a0d54fdcabe5cd5406f9af,SO54648,22,FE-6654,1,22,d3c54b4368c62c2ff11535bf2b677170
11888,4310d0d92131e34ff2716d85e1953174,90c6314650a0d54fdcabe5cd5406f9af,SO54648,105,HL-U509-R,3,105,d3c54b4368c62c2ff11535bf2b677170
11889,1685ca8ff12ea83725a1c35e1d89c5cd,15699e35c72c4036c71409f3f3d69528,SO53831,8,CL-9009,1,8,6d44506d59926d8d13d35f75d97f2a64
11889,714597fe9448176d17876617114a65bc,d6ec5bff1a0809822c740ce35792fa7a,SO53228,2,PK-7098,1,2,3143ce3c6436ed5bd25398756b7b661d
11889,714597fe9448176d17876617114a65bc,d6ec5bff1a0809822c740ce35792fa7a,SO53228,35,TI-M823,1,35,3143ce3c6436ed5bd25398756b7b661d
11889,714597fe9448176d17876617114a65bc,d6ec5bff1a0809822c740ce35792fa7a,SO53228,5,TT-M928,1,5,3143ce3c6436ed5bd25398756b7b661d
11890,d53f9d33cac0a297449a74a10d031570,e0bcd0ff3072dfe15609d6be1529b0b8,SO61551,48,GL-H102-S,2,48,4cc27df81afd686c0420394e090460cb
11890,d53f9d33cac0a297449a74a10d031570,e0bcd0ff3072dfe15609d6be1529b0b8,SO61551,105,HL-U509-R,3,105,4cc27df81afd686c0420394e090460cb
11890,d6ab5a0eee939524352092b964d92b84,106dfbaf552c07a1b08d065f2c343982,SO55217,22,FE-6654,1,22,3c4bf68562424c26986beae6ce13704a
11890,d6ab5a0eee939524352092b964d92b84,106dfbaf552c07a1b08d065f2c343982,SO55217,9,SO-R809-M,1,9,3c4bf68562424c26986beae6ce13704a
11890,d6ab5a0eee939524352092b964d92b84,106dfbaf552c07a1b08d065f2c343982,SO55217,35,TI-M823,1,35,3c4bf68562424c26986beae6ce13704a
11890,d6ab5a0eee939524352092b964d92b84,106dfbaf552c07a1b08d065f2c343982,SO55217,5,TT-M928,1,5,3c4bf68562424c26986beae6ce13704a
11891,226d694fb4b7f71d62444f9528be8704,714597fe9448176d17876617114a65bc,SO54019,105,HL-U509-B,3,105,9444f850ff0c10a862b4a6a9c4ab0a74
11891,226d694fb4b7f71d62444f9528be8704,714597fe9448176d17876617114a65bc,SO54019,35,TI-M823,1,35,9444f850ff0c10a862b4a6a9c4ab0a74
11891,226d694fb4b7f71d62444f9528be8704,714597fe9448176d17876617114a65bc,SO54019,5,TT-M928,1,5,9444f850ff0c10a862b4a6a9c4ab0a74
11891,4cc27df81afd686c0420394e090460cb,39ff8ac1e8a44088f96e17b846ec8baf,SO61280,105,HL-U509-R,3,105,6477c205c5117a9448ba863e111acf32
11892,2fe1a028f9398deb2efcd536c8246fae,9913e55755fcc4267a06c1e6adbbc7fb,SO62626,2384,BK-T79U-50,1,2384,8dd08d219271ec96c543f486de430703
11892,d8a4ea0dc4237ee8690ee37b3902fd0e,0c8ff735cb2b05718573c08173335fd4,SO55176,10,BC-M005,1,10,fef3080ec197edd1a04bb18afd31d16d
11892,d8a4ea0dc4237ee8690ee37b3902fd0e,0c8ff735cb2b05718573c08173335fd4,SO55176,4640,BK-M68S-38,2,4640,fef3080ec197edd1a04bb18afd31d16d
11892,d8a4ea0dc4237ee8690ee37b3902fd0e,0c8ff735cb2b05718573c08173335fd4,SO55176,5,WB-H098,1,5,fef3080ec197edd1a04bb18afd31d16d
11892,e326f919619dfb88508877586e312f4c,bf88ef1a27a7c08ac5123685d7229944,SO45629,3400,BK-M82S-48,1,3400,fc818380249389b9a3c3d3305d0d92a5
11893,290499d9b8e65db426ba9b842714eb6d,606ed413481267c98754e3351f662859,SO62693,2384,BK-T79U-54,1,2384,d1024973c3d10f08cb9fa1736e6ed8b7
11893,290499d9b8e65db426ba9b842714eb6d,606ed413481267c98754e3351f662859,SO62693,105,HL-U509-R,3,105,d1024973c3d10f08cb9fa1736e6ed8b7
11893,290499d9b8e65db426ba9b842714eb6d,606ed413481267c98754e3351f662859,SO62693,9,SO-R809-L,1,9,d1024973c3d10f08cb9fa1736e6ed8b7
11893,d3c54b4368c62c2ff11535bf2b677170,41464bd548f06ca845208f69df30ac82,SO54365,4640,BK-M68S-42,2,4640,da9c4ba6c9a1ae8725389bfd38b5763a
11893,f036f125fefcf3b1a561961fcdc80496,d3f5e9e78b4eff50303cc34a8bd9fa20,SO45601,3375,BK-M82B-38,1,3375,46ceb00d77d3de79a22e210dbcfc6a93
11894,41464bd548f06ca845208f69df30ac82,15aceb75d86814cb479f1b1a9487c3d4,SO53713,4640,BK-M68S-42,2,4640,3e48b2167bd86ef570e46d0b286c4f74
11894,41464bd548f06ca845208f69df30ac82,15aceb75d86814cb479f1b1a9487c3d4,SO53713,105,HL-U509-B,3,105,3e48b2167bd86ef570e46d0b286c4f74
11894,41464bd548f06ca845208f69df30ac82,15aceb75d86814cb479f1b1a9487c3d4,SO53713,35,TI-M823,1,35,3e48b2167bd86ef570e46d0b286c4f74
11894,41464bd548f06ca845208f69df30ac82,15aceb75d86814cb479f1b1a9487c3d4,SO53713,5,TT-M928,1,5,3e48b2167bd86ef570e46d0b286c4f74
11894,eee133049110ff4a6a9e42b5bf263b11,2e19cf4ec5f6b0d897c8d5b873a164e5,SO45744,3375,BK-M82B-48,1,3375,a7b6562d6af25035e375b23034715469
11894,f8025d3776b5f7522a6120cb4e9e0783,2d6e054ac82934d489c58cc8399a1628,SO61654,2384,BK-T79Y-46,1,2384,d945ec2aae74dbfb829453026b91c235
11894,f8025d3776b5f7522a6120cb4e9e0783,2d6e054ac82934d489c58cc8399a1628,SO61654,105,HL-U509-R,3,105,d945ec2aae74dbfb829453026b91c235
11894,f8025d3776b5f7522a6120cb4e9e0783,2d6e054ac82934d489c58cc8399a1628,SO61654,29,TI-T723,1,29,d945ec2aae74dbfb829453026b91c235
11894,f8025d3776b5f7522a6120cb4e9e0783,2d6e054ac82934d489c58cc8399a1628,SO61654,5,TT-T092,1,5,d945ec2aae74dbfb829453026b91c235
11895,4f477db88196607e3dbfd0139d6028b5,f036f125fefcf3b1a561961fcdc80496,SO45677,3375,BK-M82B-38,1,3375,2707fbccd14f3db6d4c5aa0aeaa9d258
11895,6e5c4b769f8f70f9fd01b24ba5be9695,40e7dd73b09eac540e790daf6fac41af,SO54870,4640,BK-M68S-42,2,4640,106dfbaf552c07a1b08d065f2c343982
11895,6e5c4b769f8f70f9fd01b24ba5be9695,40e7dd73b09eac540e790daf6fac41af,SO54870,35,TI-M823,1,35,106dfbaf552c07a1b08d065f2c343982
11895,f46ace11e93788e473124f7be16a19d5,5c741aa8e0753be65314a304e7b39c14,SO62815,2384,BK-T79U-54,1,2384,4555f65c4664801d78b9f5477f89d8fd
11895,f46ace11e93788e473124f7be16a19d5,5c741aa8e0753be65314a304e7b39c14,SO62815,105,HL-U509,3,105,4555f65c4664801d78b9f5477f89d8fd
11896,606ed413481267c98754e3351f662859,4ddc8821c34bceaf3dba4a18741acca3,SO61968,9,BC-R205,1,9,f8025d3776b5f7522a6120cb4e9e0783
11896,606ed413481267c98754e3351f662859,4ddc8821c34bceaf3dba4a18741acca3,SO61968,2384,BK-T79U-60,1,2384,f8025d3776b5f7522a6120cb4e9e0783
11896,606ed413481267c98754e3351f662859,4ddc8821c34bceaf3dba4a18741acca3,SO61968,8,CL-9009,1,8,f8025d3776b5f7522a6120cb4e9e0783
11896,b673025477c2a9a0524b27adc18ee543,2e2f00bd76bf684c963392e80aa33f5c,SO45608,3375,BK-M82B-42,1,3375,4aed0f4e82a51c3f853b8a3df8d808eb
11896,d6ab5a0eee939524352092b964d92b84,106dfbaf552c07a1b08d065f2c343982,SO55228,4640,BK-M68S-42,2,4640,3c4bf68562424c26986beae6ce13704a
11896,d6ab5a0eee939524352092b964d92b84,106dfbaf552c07a1b08d065f2c343982,SO55228,22,FE-6654,1,22,3c4bf68562424c26986beae6ce13704a
11897,40883861f6e25a2e09e848a7891f4f38,eba5233d2dd8ea5031e646882335ece0,SO57474,4590,BK-M68B-42,2,4590,d76e0ba1fa041675ae9af958c5b41ae4
11897,40883861f6e25a2e09e848a7891f4f38,eba5233d2dd8ea5031e646882335ece0,SO57474,105,HL-U509,3,105,d76e0ba1fa041675ae9af958c5b41ae4
11897,fc818380249389b9a3c3d3305d0d92a5,202be13b3d9b1d0ed9abbfdb2f26a9a4,SO45592,3400,BK-M82S-42,1,3400,ddb42f46f96f9e6cff404ed309f79051
11897,fe1fd19c021e78ec395980c2e347865e,16e364d19895243407b256ec272d5394,SO68401,2384,BK-T79Y-54,1,2384,63efdd3324df66c9965bd622cdebe06a
11897,fe1fd19c021e78ec395980c2e347865e,16e364d19895243407b256ec272d5394,SO68401,105,HL-U509,3,105,63efdd3324df66c9965bd622cdebe06a
11897,fe1fd19c021e78ec395980c2e347865e,16e364d19895243407b256ec272d5394,SO68401,54,SJ-0194-L,1,54,63efdd3324df66c9965bd622cdebe06a
11898,290499d9b8e65db426ba9b842714eb6d,606ed413481267c98754e3351f662859,SO62691,2384,BK-T79U-50,1,2384,d1024973c3d10f08cb9fa1736e6ed8b7
11898,41fc4cb27e0ee552c4c9247e1a476cc5,6d338b8c41c717c4336ad0084a80dca4,SO55134,4640,BK-M68S-46,2,4640,6e5c4b769f8f70f9fd01b24ba5be9695
11898,41fc4cb27e0ee552c4c9247e1a476cc5,6d338b8c41c717c4336ad0084a80dca4,SO55134,105,HL-U509,3,105,6e5c4b769f8f70f9fd01b24ba5be9695
11898,41fc4cb27e0ee552c4c9247e1a476cc5,6d338b8c41c717c4336ad0084a80dca4,SO55134,35,TI-M823,1,35,6e5c4b769f8f70f9fd01b24ba5be9695
11898,41fc4cb27e0ee552c4c9247e1a476cc5,6d338b8c41c717c4336ad0084a80dca4,SO55134,5,TT-M928,1,5,6e5c4b769f8f70f9fd01b24ba5be9695
11898,97cd5e56c90f7c4d613dc94c51d72999,01fa6f8199200216ae5fb86e25570605,SO45691,3400,BK-M82S-38,1,3400,350462f2d0124beb0d7adf60dd79a8b8
11899,3f20f21c57e09a6c071e44d1fe74b58a,9b98d27287b27eeee9ebc06e1d5a9a8d,SO53916,4590,BK-M68B-38,2,4590,51c449e55b4a63a16fb45beb689150d5
11899,3f20f21c57e09a6c071e44d1fe74b58a,9b98d27287b27eeee9ebc06e1d5a9a8d,SO53916,22,FE-6654,1,22,51c449e55b4a63a16fb45beb689150d5
11899,3f20f21c57e09a6c071e44d1fe74b58a,9b98d27287b27eeee9ebc06e1d5a9a8d,SO53916,48,GL-H102-M,2,48,51c449e55b4a63a16fb45beb689150d5
11899,3f20f21c57e09a6c071e44d1fe74b58a,9b98d27287b27eeee9ebc06e1d5a9a8d,SO53916,54,SJ-0194-S,1,54,51c449e55b4a63a16fb45beb689150d5
11899,7ee641303ef8d8b10d0ed00a060c73cc,eef21e68ecca703bb338920b950f203c,SO61781,2384,BK-T79Y-46,1,2384,0d15ba5aa4c9ad0377b26e0cf7a86280
11899,7ee641303ef8d8b10d0ed00a060c73cc,eef21e68ecca703bb338920b950f203c,SO61781,105,HL-U509-R,3,105,0d15ba5aa4c9ad0377b26e0cf7a86280
11899,e326f919619dfb88508877586e312f4c,bf88ef1a27a7c08ac5123685d7229944,SO45630,3375,BK-M82B-48,1,3375,fc818380249389b9a3c3d3305d0d92a5
11900,606ed413481267c98754e3351f662859,4ddc8821c34bceaf3dba4a18741acca3,SO61969,2384,BK-T79U-46,1,2384,f8025d3776b5f7522a6120cb4e9e0783
11900,606ed413481267c98754e3351f662859,4ddc8821c34bceaf3dba4a18741acca3,SO61969,27,CA-1098,3,27,f8025d3776b5f7522a6120cb4e9e0783
11900,606ed413481267c98754e3351f662859,4ddc8821c34bceaf3dba4a18741acca3,SO61969,105,HL-U509-B,3,105,f8025d3776b5f7522a6120cb4e9e0783
11900,606ed413481267c98754e3351f662859,4ddc8821c34bceaf3dba4a18741acca3,SO61969,54,SJ-0194-M,1,54,f8025d3776b5f7522a6120cb4e9e0783
11900,a8c7d5b3aff3fa32b632b239bd18e26f,350462f2d0124beb0d7adf60dd79a8b8,SO45738,3400,BK-M82S-44,1,3400,e52d77ff6cfc92babed59c52d26cc727
11900,da9c4ba6c9a1ae8725389bfd38b5763a,3e48b2167bd86ef570e46d0b286c4f74,SO54097,4640,BK-M68S-38,2,4640,9223b53f03a405f817e91392f0294f6a
11900,da9c4ba6c9a1ae8725389bfd38b5763a,3e48b2167bd86ef570e46d0b286c4f74,SO54097,55,HY-1023-70,1,55,9223b53f03a405f817e91392f0294f6a
11901,2e19cf4ec5f6b0d897c8d5b873a164e5,2161780b6db40411111a69f18a2056bd,SO45663,3400,BK-M82S-48,1,3400,b072685f839bf660f163321d570bd4df
11901,4dbf892d41ae205f6e36838031cff786,de22d232bbe84481579f6252f1e7091d,SO58243,4640,BK-M68S-46,2,4640,3fbd0407b55d3a3da21388a2ddbf881c
11901,4dbf892d41ae205f6e36838031cff786,de22d232bbe84481579f6252f1e7091d,SO58243,55,HY-1023-70,1,55,3fbd0407b55d3a3da21388a2ddbf881c
11901,e84848120190a8d0e696fbeb15647a74,fff3c307c93eda1eb91d53ca588846fe,SO70450,2384,BK-T79U-46,1,2384,f544b472453b297a8b55709fbfd3746d
11901,e84848120190a8d0e696fbeb15647a74,fff3c307c93eda1eb91d53ca588846fe,SO70450,55,HY-1023-70,1,55,f544b472453b297a8b55709fbfd3746d
11901,e84848120190a8d0e696fbeb15647a74,fff3c307c93eda1eb91d53ca588846fe,SO70450,29,TI-T723,1,29,f544b472453b297a8b55709fbfd3746d
11901,e84848120190a8d0e696fbeb15647a74,fff3c307c93eda1eb91d53ca588846fe,SO70450,5,TT-T092,1,5,f544b472453b297a8b55709fbfd3746d
11902,2fe1a028f9398deb2efcd536c8246fae,9913e55755fcc4267a06c1e6adbbc7fb,SO62581,2,PK-7098,1,2,8dd08d219271ec96c543f486de430703
11902,2fe1a028f9398deb2efcd536c8246fae,9913e55755fcc4267a06c1e6adbbc7fb,SO62581,25,TI-M267,1,25,8dd08d219271ec96c543f486de430703
11902,2fe1a028f9398deb2efcd536c8246fae,9913e55755fcc4267a06c1e6adbbc7fb,SO62581,5,TT-M928,1,5,8dd08d219271ec96c543f486de430703
11902,9b98d27287b27eeee9ebc06e1d5a9a8d,0dc34ca2aaa8612cde077f1880b78b25,SO53078,2,PK-7098,1,2,18bea060239713ee5f865109f63f3a8a
11902,9b98d27287b27eeee9ebc06e1d5a9a8d,0dc34ca2aaa8612cde077f1880b78b25,SO53078,4,TT-R982,1,4,18bea060239713ee5f865109f63f3a8a
11902,d27974ca95fd620ac92cf95bf8c1d1f2,4c6ed4daa82e7326b84c24f4c2ae7064,SO74154,48,GL-H102-M,2,48,3e107cd1554225ea3056ed5010adce90
11903,5c741aa8e0753be65314a304e7b39c14,d945ec2aae74dbfb829453026b91c235,SO62084,2384,BK-T79U-54,1,2384,7ee641303ef8d8b10d0ed00a060c73cc
11903,5c741aa8e0753be65314a304e7b39c14,d945ec2aae74dbfb829453026b91c235,SO62084,54,SJ-0194-M,1,54,7ee641303ef8d8b10d0ed00a060c73cc
11903,9c56075241a26f6fa77eb86b15411c6e,9444f850ff0c10a862b4a6a9c4ab0a74,SO54423,4590,BK-M68B-42,2,4590,ab2e81a99745ffff6c06e2be93290d1b
11903,a8c7d5b3aff3fa32b632b239bd18e26f,350462f2d0124beb0d7adf60dd79a8b8,SO45739,3375,BK-M82B-38,1,3375,e52d77ff6cfc92babed59c52d26cc727
11904,a7b6562d6af25035e375b23034715469,b072685f839bf660f163321d570bd4df,SO45707,3400,BK-M82S-42,1,3400,4f477db88196607e3dbfd0139d6028b5
11904,d34ba8f5d7fd7d5959a34c283fbec422,9c56075241a26f6fa77eb86b15411c6e,SO55084,4590,BK-M68B-46,2,4590,ac15b60491fe99190c0248790e690757
11904,d34ba8f5d7fd7d5959a34c283fbec422,9c56075241a26f6fa77eb86b15411c6e,SO55084,22,FE-6654,1,22,ac15b60491fe99190c0248790e690757
11904,d34ba8f5d7fd7d5959a34c283fbec422,9c56075241a26f6fa77eb86b15411c6e,SO55084,48,GL-H102-S,2,48,ac15b60491fe99190c0248790e690757
11904,d34ba8f5d7fd7d5959a34c283fbec422,9c56075241a26f6fa77eb86b15411c6e,SO55084,54,SJ-0194-X,1,54,ac15b60491fe99190c0248790e690757
11904,d945ec2aae74dbfb829453026b91c235,348f48807f500aeac729fb17d9bc97f1,SO61368,2384,BK-T79U-60,1,2384,eef21e68ecca703bb338920b950f203c
11904,d945ec2aae74dbfb829453026b91c235,348f48807f500aeac729fb17d9bc97f1,SO61368,105,HL-U509-B,3,105,eef21e68ecca703bb338920b950f203c
11905,2161780b6db40411111a69f18a2056bd,4500e4039ea772ebac51a9263a2eda7f,SO45585,3375,BK-M82B-48,1,3375,ee7b4e75b13596004256c5044792aa3c
11905,d34ba8f5d7fd7d5959a34c283fbec422,9c56075241a26f6fa77eb86b15411c6e,SO55085,4640,BK-M68S-38,2,4640,ac15b60491fe99190c0248790e690757
11905,d34ba8f5d7fd7d5959a34c283fbec422,9c56075241a26f6fa77eb86b15411c6e,SO55085,8,CL-9009,1,8,ac15b60491fe99190c0248790e690757
11905,d34ba8f5d7fd7d5959a34c283fbec422,9c56075241a26f6fa77eb86b15411c6e,SO55085,35,TI-M823,1,35,ac15b60491fe99190c0248790e690757
11905,d34ba8f5d7fd7d5959a34c283fbec422,9c56075241a26f6fa77eb86b15411c6e,SO55085,5,TT-M928,1,5,ac15b60491fe99190c0248790e690757
11905,f8025d3776b5f7522a6120cb4e9e0783,2d6e054ac82934d489c58cc8399a1628,SO61655,2384,BK-T79Y-46,1,2384,d945ec2aae74dbfb829453026b91c235
11905,f8025d3776b5f7522a6120cb4e9e0783,2d6e054ac82934d489c58cc8399a1628,SO61655,29,TI-T723,1,29,d945ec2aae74dbfb829453026b91c235
11906,04dbdf67bb8714ba18c9c36d50d1f5dc,4cc27df81afd686c0420394e090460cb,SO62018,2384,BK-T79U-54,1,2384,2ed3972e38245b633ec6b146c2970148
11906,106dfbaf552c07a1b08d065f2c343982,3f20f21c57e09a6c071e44d1fe74b58a,SO54582,10,BC-M005,1,10,dba3e44e23a1d2c2f299811e94db7fce
11906,106dfbaf552c07a1b08d065f2c343982,3f20f21c57e09a6c071e44d1fe74b58a,SO54582,4640,BK-M68S-46,2,4640,dba3e44e23a1d2c2f299811e94db7fce
11906,106dfbaf552c07a1b08d065f2c343982,3f20f21c57e09a6c071e44d1fe74b58a,SO54582,22,FE-6654,1,22,dba3e44e23a1d2c2f299811e94db7fce
11906,106dfbaf552c07a1b08d065f2c343982,3f20f21c57e09a6c071e44d1fe74b58a,SO54582,105,HL-U509-B,3,105,dba3e44e23a1d2c2f299811e94db7fce
11906,106dfbaf552c07a1b08d065f2c343982,3f20f21c57e09a6c071e44d1fe74b58a,SO54582,5,WB-H098,1,5,dba3e44e23a1d2c2f299811e94db7fce
11906,2e19cf4ec5f6b0d897c8d5b873a164e5,2161780b6db40411111a69f18a2056bd,SO45662,3375,BK-M82B-44,1,3375,b072685f839bf660f163321d570bd4df
11907,0e0438a8bdbea53929bd664be8421837,e52d77ff6cfc92babed59c52d26cc727,SO45777,3400,BK-M82S-44,1,3400,90b02462c4aa07aa9f640001bc1770d2
11907,226d694fb4b7f71d62444f9528be8704,714597fe9448176d17876617114a65bc,SO54031,4590,BK-M68B-42,2,4590,9444f850ff0c10a862b4a6a9c4ab0a74
11907,226d694fb4b7f71d62444f9528be8704,714597fe9448176d17876617114a65bc,SO54031,2,PK-7098,1,2,9444f850ff0c10a862b4a6a9c4ab0a74
11907,4555f65c4664801d78b9f5477f89d8fd,7ee641303ef8d8b10d0ed00a060c73cc,SO62530,2384,BK-T79U-46,1,2384,94c60e0b5e2b0f78b919a5d4c67d70a2
11907,4555f65c4664801d78b9f5477f89d8fd,7ee641303ef8d8b10d0ed00a060c73cc,SO62530,54,SJ-0194-M,1,54,94c60e0b5e2b0f78b919a5d4c67d70a2
11908,1b30ec3bcb718d69a0b3a02c36113181,2707fbccd14f3db6d4c5aa0aeaa9d258,SO45722,3375,BK-M82B-48,1,3375,97cd5e56c90f7c4d613dc94c51d72999
11908,3f0c8308e4e2e5c4ddc1b7e19304f613,61e00b038efd34bdf9c747596273cbcf,SO64849,2384,BK-T79Y-46,1,2384,232e830f1ac667c081eaaca23cdf9b5f
11908,51c449e55b4a63a16fb45beb689150d5,18bea060239713ee5f865109f63f3a8a,SO53656,4640,BK-M68S-42,2,4640,714597fe9448176d17876617114a65bc
11909,0149f124a48640c62d90840ac5760331,4555f65c4664801d78b9f5477f89d8fd,SO63423,9,BC-R205,1,9,870bd4f3713260418e4f342f31dc7e33
11909,0149f124a48640c62d90840ac5760331,4555f65c4664801d78b9f5477f89d8fd,SO63423,2384,BK-T79U-54,1,2384,870bd4f3713260418e4f342f31dc7e33
11909,0149f124a48640c62d90840ac5760331,4555f65c4664801d78b9f5477f89d8fd,SO63423,105,HL-U509,3,105,870bd4f3713260418e4f342f31dc7e33
11909,0149f124a48640c62d90840ac5760331,4555f65c4664801d78b9f5477f89d8fd,SO63423,5,WB-H098,1,5,870bd4f3713260418e4f342f31dc7e33
11909,74cd52749cc4b84fea8b036cee2e0b9a,4e1880c62d1a2a8c16dbea8fe88f6340,SO45727,3375,BK-M82B-44,1,3375,65e68a57e397cec5452983179d80edc2
11909,7b0730955172ecda497d7cca6b1d87a1,d3c54b4368c62c2ff11535bf2b677170,SO55026,4590,BK-M68B-42,2,4590,5a06908cc28b799b04fc1c47664462e6
11909,7b0730955172ecda497d7cca6b1d87a1,d3c54b4368c62c2ff11535bf2b677170,SO55026,2,PK-7098,1,2,5a06908cc28b799b04fc1c47664462e6
11910,68ffff9a6ccdd4edb0a94daa1483c356,d69d5137102461b560d829e677b972db,SO45877,3375,BK-M82B-48,1,3375,cdca3a374ce978208e8fe5a77e52729c
11910,7a8e187aeb003f6e34c02a4d5b9b153e,2fe1a028f9398deb2efcd536c8246fae,SO63547,2384,BK-T79U-46,1,2384,ba19c22033aaecc6c5dad47f63e5858c
11910,7a8e187aeb003f6e34c02a4d5b9b153e,2fe1a028f9398deb2efcd536c8246fae,SO63547,29,TI-T723,1,29,ba19c22033aaecc6c5dad47f63e5858c
11910,7a8e187aeb003f6e34c02a4d5b9b153e,2fe1a028f9398deb2efcd536c8246fae,SO63547,5,TT-T092,1,5,ba19c22033aaecc6c5dad47f63e5858c
11910,dba3e44e23a1d2c2f299811e94db7fce,51c449e55b4a63a16fb45beb689150d5,SO54306,4640,BK-M68S-42,2,4640,226d694fb4b7f71d62444f9528be8704
11911,2ed3972e38245b633ec6b146c2970148,6477c205c5117a9448ba863e111acf32,SO61664,48,GL-H102-M,2,48,2becb9647677a1a316b388bbad689580
11911,5cbbe853aa1a5a1370f9a614904c4b15,86e0fc464cbb08ae74bd039224afec9a,SO73582,25,TI-M267,1,25,47a161474962a6dcc03cfa64127a641f
11911,9e8cbc3edbb5efb3f48d6afb260e4725,174acf6ca4e9804d47a59a499422e621,SO59215,9,SO-R809-M,1,9,640540d73b85c3ecd2e3bf5541686e87
11911,9e8cbc3edbb5efb3f48d6afb260e4725,174acf6ca4e9804d47a59a499422e621,SO59215,4,TT-R982,1,4,640540d73b85c3ecd2e3bf5541686e87
11912,58c4ce5b9433e7b6d41793d5a76d5590,1556bafff387fc8f2f6fef64c1daa6bc,SO71348,9,BC-R205,1,9,fd5ba6fdeb81e07b2caf0b103489bd8d
11912,58c4ce5b9433e7b6d41793d5a76d5590,1556bafff387fc8f2f6fef64c1daa6bc,SO71348,2384,BK-T79U-50,1,2384,fd5ba6fdeb81e07b2caf0b103489bd8d
11912,58c4ce5b9433e7b6d41793d5a76d5590,1556bafff387fc8f2f6fef64c1daa6bc,SO71348,2,PK-7098,1,2,fd5ba6fdeb81e07b2caf0b103489bd8d
11912,58c4ce5b9433e7b6d41793d5a76d5590,1556bafff387fc8f2f6fef64c1daa6bc,SO71348,5,WB-H098,1,5,fd5ba6fdeb81e07b2caf0b103489bd8d
11912,75fe8d7dec9d2a51be64595ab37dc674,ef5bad66aa19ccfb82cacb73584b83ea,SO58574,4640,BK-M68S-38,2,4640,23f22724b430320654759f8512440ebc
11912,e18c2b136f61489c334cb708a5c6d75f,aae455c4d64d3ffe63d05cfe29e8fcdd,SO46008,3375,BK-M82B-38,1,3375,02bc737163cde26453ad278829f046f2
11913,545a3d56d20b22e09aa85bfa5ed8738d,31c99d724c1f182c60edb82eb4740277,SO72188,25,TI-M267,1,25,a9cd7a99d71cca9cb644010050374ade
11913,c5ed53572c667b119dde2fc0f54de602,0d3057f268050d468f468434f8ec809a,SO72792,27,CA-1098,3,27,e366e24b8ad0b1107528f2f58cd15a81
11913,ca5b8307fa5f2189fb98330a9d65927c,88077cf01a3e17831c2d0bcca5897c5b,SO73948,2,PK-7098,1,2,5cbbe853aa1a5a1370f9a614904c4b15
11913,ca5b8307fa5f2189fb98330a9d65927c,88077cf01a3e17831c2d0bcca5897c5b,SO73948,5,TT-M928,1,5,5cbbe853aa1a5a1370f9a614904c4b15
11914,1f46035fc72c89f13de95ed295e3f737,e1c989a8683174b4fd778fa463ff0253,SO45946,3375,BK-M82B-44,1,3375,a3e65268044e3e2a027f7c5bd50d1a88
11914,3f0c8308e4e2e5c4ddc1b7e19304f613,61e00b038efd34bdf9c747596273cbcf,SO64850,9,BC-R205,1,9,232e830f1ac667c081eaaca23cdf9b5f
11914,3f0c8308e4e2e5c4ddc1b7e19304f613,61e00b038efd34bdf9c747596273cbcf,SO64850,2384,BK-T79Y-60,1,2384,232e830f1ac667c081eaaca23cdf9b5f
11914,3f0c8308e4e2e5c4ddc1b7e19304f613,61e00b038efd34bdf9c747596273cbcf,SO64850,8,CL-9009,1,8,232e830f1ac667c081eaaca23cdf9b5f
11914,3f0c8308e4e2e5c4ddc1b7e19304f613,61e00b038efd34bdf9c747596273cbcf,SO64850,55,HY-1023-70,1,55,232e830f1ac667c081eaaca23cdf9b5f
11914,3f0c8308e4e2e5c4ddc1b7e19304f613,61e00b038efd34bdf9c747596273cbcf,SO64850,5,WB-H098,1,5,232e830f1ac667c081eaaca23cdf9b5f
11914,6e5c4b769f8f70f9fd01b24ba5be9695,40e7dd73b09eac540e790daf6fac41af,SO54869,4590,BK-M68B-46,2,4590,106dfbaf552c07a1b08d065f2c343982
11914,6e5c4b769f8f70f9fd01b24ba5be9695,40e7dd73b09eac540e790daf6fac41af,SO54869,105,HL-U509-B,3,105,106dfbaf552c07a1b08d065f2c343982
11915,1685ca8ff12ea83725a1c35e1d89c5cd,15699e35c72c4036c71409f3f3d69528,SO53866,10,BC-M005,1,10,6d44506d59926d8d13d35f75d97f2a64
11915,1685ca8ff12ea83725a1c35e1d89c5cd,15699e35c72c4036c71409f3f3d69528,SO53866,4640,BK-M68S-38,2,4640,6d44506d59926d8d13d35f75d97f2a64
11915,1685ca8ff12ea83725a1c35e1d89c5cd,15699e35c72c4036c71409f3f3d69528,SO53866,105,HL-U509,3,105,6d44506d59926d8d13d35f75d97f2a64
11915,1685ca8ff12ea83725a1c35e1d89c5cd,15699e35c72c4036c71409f3f3d69528,SO53866,5,WB-H098,1,5,6d44506d59926d8d13d35f75d97f2a64
11915,b68fd63ca41d49bfc1b18251202c053f,d4746e41b619da57ee9f1a2e2cc254e8,SO64896,9,BC-R205,1,9,c87874400b9f907bdf9ea37d75a4b341
11915,b68fd63ca41d49bfc1b18251202c053f,d4746e41b619da57ee9f1a2e2cc254e8,SO64896,2384,BK-T79Y-46,1,2384,c87874400b9f907bdf9ea37d75a4b341
11915,b68fd63ca41d49bfc1b18251202c053f,d4746e41b619da57ee9f1a2e2cc254e8,SO64896,5,WB-H098,1,5,c87874400b9f907bdf9ea37d75a4b341
11915,dcc3112eacc4c3fa1aaf2ea660552ee7,74cd52749cc4b84fea8b036cee2e0b9a,SO45839,3375,BK-M82B-42,1,3375,d69d5137102461b560d829e677b972db
11916,4eec6eda382b9c44e240ad4b4b5e9cc0,f75e5f8c15ca91ec5c869dc3881f574f,SO64727,9,BC-R205,1,9,94b225b5b1f09ecd5e8ecdfb681ff04c
11916,4eec6eda382b9c44e240ad4b4b5e9cc0,f75e5f8c15ca91ec5c869dc3881f574f,SO64727,2384,BK-T79Y-50,1,2384,94b225b5b1f09ecd5e8ecdfb681ff04c
11916,4eec6eda382b9c44e240ad4b4b5e9cc0,f75e5f8c15ca91ec5c869dc3881f574f,SO64727,5,WB-H098,1,5,94b225b5b1f09ecd5e8ecdfb681ff04c
11916,9223b53f03a405f817e91392f0294f6a,3e07f09fb2edbdf0bf6a54c17634514b,SO53824,4640,BK-M68S-46,2,4640,14e4b13c27fb9bce9938ce35b6597eca
11916,9223b53f03a405f817e91392f0294f6a,3e07f09fb2edbdf0bf6a54c17634514b,SO53824,22,FE-6654,1,22,14e4b13c27fb9bce9938ce35b6597eca
11916,9223b53f03a405f817e91392f0294f6a,3e07f09fb2edbdf0bf6a54c17634514b,SO53824,64,VE-C304-M,1,64,14e4b13c27fb9bce9938ce35b6597eca
11916,ee0fcf6f6c7f398dea5b39f50af66f66,1b30ec3bcb718d69a0b3a02c36113181,SO45832,3375,BK-M82B-48,1,3375,46b4f921be4883580ee6326a1e99fcfc
11917,9444f850ff0c10a862b4a6a9c4ab0a74,3143ce3c6436ed5bd25398756b7b661d,SO53769,4590,BK-M68B-46,2,4590,76e3c19dbb0dadc4c6dc771d856e4676
11917,9444f850ff0c10a862b4a6a9c4ab0a74,3143ce3c6436ed5bd25398756b7b661d,SO53769,2,PK-7098,1,2,76e3c19dbb0dadc4c6dc771d856e4676
11917,9444f850ff0c10a862b4a6a9c4ab0a74,3143ce3c6436ed5bd25398756b7b661d,SO53769,35,TI-M823,1,35,76e3c19dbb0dadc4c6dc771d856e4676
11917,9444f850ff0c10a862b4a6a9c4ab0a74,3143ce3c6436ed5bd25398756b7b661d,SO53769,5,TT-M928,1,5,76e3c19dbb0dadc4c6dc771d856e4676
11917,c87874400b9f907bdf9ea37d75a4b341,23bd9a9b90557e9da7babfb8e3d2df22,SO64611,2384,BK-T79Y-54,1,2384,8b9fe4b34e3c54f08bfcac3d9691e260
11917,e18c2b136f61489c334cb708a5c6d75f,aae455c4d64d3ffe63d05cfe29e8fcdd,SO46009,3400,BK-M82S-38,1,3400,02bc737163cde26453ad278829f046f2
11918,5abaefcc8525a8f4cfd95cba9e926532,fde67888c64f701b59876ec559099b3e,SO57675,10,BC-M005,1,10,73b2264d673ee7b5b2e7e165020516ac
11918,5abaefcc8525a8f4cfd95cba9e926532,fde67888c64f701b59876ec559099b3e,SO57675,4640,BK-M68S-46,2,4640,73b2264d673ee7b5b2e7e165020516ac
11918,5abaefcc8525a8f4cfd95cba9e926532,fde67888c64f701b59876ec559099b3e,SO57675,22,FE-6654,1,22,73b2264d673ee7b5b2e7e165020516ac
11918,5abaefcc8525a8f4cfd95cba9e926532,fde67888c64f701b59876ec559099b3e,SO57675,55,HY-1023-70,1,55,73b2264d673ee7b5b2e7e165020516ac
11918,5abaefcc8525a8f4cfd95cba9e926532,fde67888c64f701b59876ec559099b3e,SO57675,5,WB-H098,1,5,73b2264d673ee7b5b2e7e165020516ac
11918,a3e65268044e3e2a027f7c5bd50d1a88,ee0fcf6f6c7f398dea5b39f50af66f66,SO45908,3400,BK-M82S-48,1,3400,654bc11cf88df4bb20f9816e51982e64
11918,d5985f40495ba672dff8a99620b879c8,a9adf65abbb865184bf924d14a93d0c4,SO71555,2384,BK-T79Y-46,1,2384,8f472ffe3ff3109f420ae91355ff8f3f
11918,d5985f40495ba672dff8a99620b879c8,a9adf65abbb865184bf924d14a93d0c4,SO71555,27,CA-1098,3,27,8f472ffe3ff3109f420ae91355ff8f3f
11919,5cbbe853aa1a5a1370f9a614904c4b15,86e0fc464cbb08ae74bd039224afec9a,SO73641,9,BC-R205,1,9,47a161474962a6dcc03cfa64127a641f
11919,5cbbe853aa1a5a1370f9a614904c4b15,86e0fc464cbb08ae74bd039224afec9a,SO73641,2384,BK-T79Y-54,1,2384,47a161474962a6dcc03cfa64127a641f
11919,5cbbe853aa1a5a1370f9a614904c4b15,86e0fc464cbb08ae74bd039224afec9a,SO73641,64,VE-C304-L,1,64,47a161474962a6dcc03cfa64127a641f
11919,5cbbe853aa1a5a1370f9a614904c4b15,86e0fc464cbb08ae74bd039224afec9a,SO73641,5,WB-H098,1,5,47a161474962a6dcc03cfa64127a641f
11919,a189cc17a15cdb4e39e80dfcd8374c76,b0b2c17e5682f78d8fc262463fd0a4f3,SO58690,4590,BK-M68B-42,2,4590,244cede513841376c37dc856f2f5e7b9
11919,a189cc17a15cdb4e39e80dfcd8374c76,b0b2c17e5682f78d8fc262463fd0a4f3,SO58690,35,TI-M823,1,35,244cede513841376c37dc856f2f5e7b9
11919,a189cc17a15cdb4e39e80dfcd8374c76,b0b2c17e5682f78d8fc262463fd0a4f3,SO58690,5,TT-M928,1,5,244cede513841376c37dc856f2f5e7b9
11919,d5bc8f6048b5d9c5610a083b3df65c9e,90b02462c4aa07aa9f640001bc1770d2,SO45857,3375,BK-M82B-48,1,3375,1f760221df457e3dd3ffaf756be2b521
11920,7233744a010a9a2e1f7a7eb4772ddfa5,0e0438a8bdbea53929bd664be8421837,SO45889,3375,BK-M82B-44,1,3375,d5bc8f6048b5d9c5610a083b3df65c9e
11920,a189cc17a15cdb4e39e80dfcd8374c76,b0b2c17e5682f78d8fc262463fd0a4f3,SO58691,4640,BK-M68S-38,2,4640,244cede513841376c37dc856f2f5e7b9
11920,a189cc17a15cdb4e39e80dfcd8374c76,b0b2c17e5682f78d8fc262463fd0a4f3,SO58691,2,PK-7098,1,2,244cede513841376c37dc856f2f5e7b9
11920,a189cc17a15cdb4e39e80dfcd8374c76,b0b2c17e5682f78d8fc262463fd0a4f3,SO58691,35,TI-M823,1,35,244cede513841376c37dc856f2f5e7b9
11920,a189cc17a15cdb4e39e80dfcd8374c76,b0b2c17e5682f78d8fc262463fd0a4f3,SO58691,5,TT-M928,1,5,244cede513841376c37dc856f2f5e7b9
11920,c5ed53572c667b119dde2fc0f54de602,0d3057f268050d468f468434f8ec809a,SO72849,2384,BK-T79Y-60,1,2384,e366e24b8ad0b1107528f2f58cd15a81
11920,c5ed53572c667b119dde2fc0f54de602,0d3057f268050d468f468434f8ec809a,SO72849,105,HL-U509-B,3,105,e366e24b8ad0b1107528f2f58cd15a81
11921,128ee9ff420de424a605a0ee4a6f7916,fee8e08233f3f00450bce31967abb0f1,SO71362,27,CA-1098,3,27,2797a91b25bc2aa85124c99bc574dc83
11921,c4369eefdf9bb8a3f9115e96b40aaf17,b34050290c25b0f7b52a2b8f767df87d,SO68741,22,FE-6654,1,22,c135545cc3f3a739132ffdbc8096f3d4
11921,c4369eefdf9bb8a3f9115e96b40aaf17,b34050290c25b0f7b52a2b8f767df87d,SO68741,5,TT-M928,1,5,c135545cc3f3a739132ffdbc8096f3d4
11921,cd15e5f80ff20dd345bfaa51400dd0d6,3a2f313512bb520c43971e54ba834dec,SO66655,2,PK-7098,1,2,4efe8b2ca156042f8a3d8dd6aba54520
11921,cd15e5f80ff20dd345bfaa51400dd0d6,3a2f313512bb520c43971e54ba834dec,SO66655,25,TI-M267,1,25,4efe8b2ca156042f8a3d8dd6aba54520
11922,70951886788165a5e2439adfce4d0cce,ca38f30e56a72f4d0c8d2264322c5862,SO68974,10,BC-M005,1,10,c885741a5e3e55c84950327011b70289
11922,70951886788165a5e2439adfce4d0cce,ca38f30e56a72f4d0c8d2264322c5862,SO68974,5,WB-H098,1,5,c885741a5e3e55c84950327011b70289
11922,95103530881768b5cfc7e33970db9cd7,2ed3972e38245b633ec6b146c2970148,SO62437,105,HL-U509,3,105,305c66634c155cab2b5cc3ce00351eb1
11922,95103530881768b5cfc7e33970db9cd7,2ed3972e38245b633ec6b146c2970148,SO62437,54,SJ-0194-S,1,54,305c66634c155cab2b5cc3ce00351eb1
11922,95103530881768b5cfc7e33970db9cd7,2ed3972e38245b633ec6b146c2970148,SO62437,35,TI-M823,1,35,305c66634c155cab2b5cc3ce00351eb1
11922,95103530881768b5cfc7e33970db9cd7,2ed3972e38245b633ec6b146c2970148,SO62437,5,TT-M928,1,5,305c66634c155cab2b5cc3ce00351eb1
11922,a8ef76a01442567fb64eb6f4408a9835,427ed6396fba4ed8ead9ec3229517d2b,SO56874,55,HY-1023-70,1,55,eba5233d2dd8ea5031e646882335ece0
11922,a8ef76a01442567fb64eb6f4408a9835,427ed6396fba4ed8ead9ec3229517d2b,SO56874,5,WB-H098,1,5,eba5233d2dd8ea5031e646882335ece0
11922,deff8ad81a213d1110c1f409a7f40fcd,b8cc77f0099ae7d3a20b9f0b74d70b12,SO52793,30,TI-M602,1,30,f04e53711455521533f4c5ed7dcaa287
11922,deff8ad81a213d1110c1f409a7f40fcd,b8cc77f0099ae7d3a20b9f0b74d70b12,SO52793,5,TT-M928,1,5,f04e53711455521533f4c5ed7dcaa287
11922,e7df1b3ee078bdcfc260a877f321287d,4dbf892d41ae205f6e36838031cff786,SO59095,33,TI-R982,1,33,478ecc8cdaa127c33884d9f6c72c2cd5
11922,e7df1b3ee078bdcfc260a877f321287d,4dbf892d41ae205f6e36838031cff786,SO59095,4,TT-R982,1,4,478ecc8cdaa127c33884d9f6c72c2cd5
11923,072bf847aeeee970f66483e596496cd9,cfceb7490eff6e660974507be7c579c6,SO52652,35,TI-M823,1,35,dca79d69a6b38e95c4b03bfab997796c
11923,13b7c2277967bc61802018c764b5b2a0,9c55d6518880c1abf100a24da2546368,SO74503,8,CL-9009,1,8,0e000451f430d2e5b745a08b4ee7836c
11924,348f48807f500aeac729fb17d9bc97f1,5072507e949a2c25948a591c4da194e1,SO60492,10,BC-M005,1,10,f108e0cd2f96a0c22086f9d45ee08f19
11924,348f48807f500aeac729fb17d9bc97f1,5072507e949a2c25948a591c4da194e1,SO60492,4590,BK-M68B-38,2,4590,f108e0cd2f96a0c22086f9d45ee08f19
11924,348f48807f500aeac729fb17d9bc97f1,5072507e949a2c25948a591c4da194e1,SO60492,27,CA-1098,3,27,f108e0cd2f96a0c22086f9d45ee08f19
11924,348f48807f500aeac729fb17d9bc97f1,5072507e949a2c25948a591c4da194e1,SO60492,5,WB-H098,1,5,f108e0cd2f96a0c22086f9d45ee08f19
11924,59901f77a5f45f9e1a4ab8a7a016680f,f4d4667dc106e39215fdb27a09c25150,SO45993,3578,BK-R93R-52,1,3578,4539d5ac3ea4fd1548956fea790162f5
11925,348f48807f500aeac729fb17d9bc97f1,5072507e949a2c25948a591c4da194e1,SO60496,10,BC-M005,1,10,f108e0cd2f96a0c22086f9d45ee08f19
11925,348f48807f500aeac729fb17d9bc97f1,5072507e949a2c25948a591c4da194e1,SO60496,4640,BK-M68S-42,2,4640,f108e0cd2f96a0c22086f9d45ee08f19
11925,348f48807f500aeac729fb17d9bc97f1,5072507e949a2c25948a591c4da194e1,SO60496,55,HY-1023-70,1,55,f108e0cd2f96a0c22086f9d45ee08f19
11925,348f48807f500aeac729fb17d9bc97f1,5072507e949a2c25948a591c4da194e1,SO60496,5,WB-H098,1,5,f108e0cd2f96a0c22086f9d45ee08f19
11925,68ffff9a6ccdd4edb0a94daa1483c356,d69d5137102461b560d829e677b972db,SO45873,3578,BK-R93R-56,1,3578,cdca3a374ce978208e8fe5a77e52729c
11926,39ff8ac1e8a44088f96e17b846ec8baf,9a95fdf4e925d9cbd65f87b5aa4ac212,SO60413,35,TI-M823,1,35,c926349b55a58d87d7d5008c349fd1e9
11926,39ff8ac1e8a44088f96e17b846ec8baf,9a95fdf4e925d9cbd65f87b5aa4ac212,SO60413,5,TT-M928,1,5,c926349b55a58d87d7d5008c349fd1e9
11926,40883861f6e25a2e09e848a7891f4f38,eba5233d2dd8ea5031e646882335ece0,SO57429,8,CL-9009,1,8,d76e0ba1fa041675ae9af958c5b41ae4
11927,13b7c2277967bc61802018c764b5b2a0,9c55d6518880c1abf100a24da2546368,SO74529,35,TI-M823,1,35,0e000451f430d2e5b745a08b4ee7836c
11927,d4ae40bdb21d7c1f4fee96082340d3a2,9a027fc72b503940a96d5137762a263e,SO75085,27,CA-1098,3,27,08ff55594d8ca57b756a1953f77ebc89
11927,d4ae40bdb21d7c1f4fee96082340d3a2,9a027fc72b503940a96d5137762a263e,SO75085,8,CL-9009,1,8,08ff55594d8ca57b756a1953f77ebc89
11928,4a800301260b2639fa1ec3efafb5f86c,23f22724b430320654759f8512440ebc,SO59182,35,TI-M823,1,35,a189cc17a15cdb4e39e80dfcd8374c76
11928,4a800301260b2639fa1ec3efafb5f86c,23f22724b430320654759f8512440ebc,SO59182,5,TT-M928,1,5,a189cc17a15cdb4e39e80dfcd8374c76
11928,a048b8d5f3f9178f163e2be055f0138b,c83e871e48c2716e0f28e60d166a5c98,SO72955,8,CL-9009,1,8,41ef6b06b63ba4f6a5234245a439b157
11929,0d3057f268050d468f468434f8ec809a,fd5ba6fdeb81e07b2caf0b103489bd8d,SO71997,9,BC-R205,1,9,921bc92a493b53f98f24e6a8a12801be
11929,0d3057f268050d468f468434f8ec809a,fd5ba6fdeb81e07b2caf0b103489bd8d,SO71997,742,BK-T18Y-58,1,742,921bc92a493b53f98f24e6a8a12801be
11929,0d3057f268050d468f468434f8ec809a,fd5ba6fdeb81e07b2caf0b103489bd8d,SO71997,150,LJ-0192-S,3,150,921bc92a493b53f98f24e6a8a12801be
11929,0d3057f268050d468f468434f8ec809a,fd5ba6fdeb81e07b2caf0b103489bd8d,SO71997,5,WB-H098,1,5,921bc92a493b53f98f24e6a8a12801be
11929,4c6ed4daa82e7326b84c24f4c2ae7064,b2ce0ef2540789e8a6976165b6c917d8,SO73313,10,BC-M005,1,10,aa14ddbc43aa2d3be1e6ac019bb7b5bc
11929,4c6ed4daa82e7326b84c24f4c2ae7064,b2ce0ef2540789e8a6976165b6c917d8,SO73313,769,BK-M38S-46,1,769,aa14ddbc43aa2d3be1e6ac019bb7b5bc
11929,4c6ed4daa82e7326b84c24f4c2ae7064,b2ce0ef2540789e8a6976165b6c917d8,SO73313,5,WB-H098,1,5,aa14ddbc43aa2d3be1e6ac019bb7b5bc
11929,f4d4667dc106e39215fdb27a09c25150,dcc3112eacc4c3fa1aaf2ea660552ee7,SO45914,3375,BK-M82B-42,1,3375,68ffff9a6ccdd4edb0a94daa1483c356
11930,47a161474962a6dcc03cfa64127a641f,8920fd63645007b243abb750709b1172,SO73253,742,BK-T18Y-44,1,742,c5ed53572c667b119dde2fc0f54de602
11930,95a2a9aefc393f8630e934768cacf4cd,8f472ffe3ff3109f420ae91355ff8f3f,SO72171,769,BK-M38S-46,1,769,38c9e5d1e366b4c5c36aae682bc960c4
11930,95a2a9aefc393f8630e934768cacf4cd,8f472ffe3ff3109f420ae91355ff8f3f,SO72171,70,SH-W890-S,1,70,38c9e5d1e366b4c5c36aae682bc960c4
11930,95a2a9aefc393f8630e934768cacf4cd,8f472ffe3ff3109f420ae91355ff8f3f,SO72171,54,SJ-0194-X,1,54,38c9e5d1e366b4c5c36aae682bc960c4
11930,f4d4667dc106e39215fdb27a09c25150,dcc3112eacc4c3fa1aaf2ea660552ee7,SO45915,3400,BK-M82S-48,1,3400,68ffff9a6ccdd4edb0a94daa1483c356
11931,18bea060239713ee5f865109f63f3a8a,7f026edc73bd4602381834e9b850d6c2,SO52852,105,HL-U509,3,105,d6ec5bff1a0809822c740ce35792fa7a
11931,18bea060239713ee5f865109f63f3a8a,7f026edc73bd4602381834e9b850d6c2,SO52852,150,LJ-0192-S,3,150,d6ec5bff1a0809822c740ce35792fa7a
11931,b95a9f47dd73bb9b799a31ae04ee7da1,175a5d217fad85df9f6639d7ced1e5d9,SO69978,48,GL-H102-S,2,48,8728a5e296f39e49d2fa74c31820e99f
11931,b95a9f47dd73bb9b799a31ae04ee7da1,175a5d217fad85df9f6639d7ced1e5d9,SO69978,105,HL-U509-R,3,105,8728a5e296f39e49d2fa74c31820e99f
11931,b95a9f47dd73bb9b799a31ae04ee7da1,175a5d217fad85df9f6639d7ced1e5d9,SO69978,150,LJ-0192-L,3,150,8728a5e296f39e49d2fa74c31820e99f
11931,b95a9f47dd73bb9b799a31ae04ee7da1,175a5d217fad85df9f6639d7ced1e5d9,SO69978,35,TI-M823,1,35,8728a5e296f39e49d2fa74c31820e99f
11931,b95a9f47dd73bb9b799a31ae04ee7da1,175a5d217fad85df9f6639d7ced1e5d9,SO69978,5,TT-M928,1,5,8728a5e296f39e49d2fa74c31820e99f
11932,d76e0ba1fa041675ae9af958c5b41ae4,b988e88fd94a3b47434beeb650cff880,SO56993,2,PK-7098,1,2,cae5717327bee7d74e261c550aa5081f
11932,d76e0ba1fa041675ae9af958c5b41ae4,b988e88fd94a3b47434beeb650cff880,SO56993,35,TI-M823,1,35,cae5717327bee7d74e261c550aa5081f
11932,d76e0ba1fa041675ae9af958c5b41ae4,b988e88fd94a3b47434beeb650cff880,SO56993,5,TT-M928,1,5,cae5717327bee7d74e261c550aa5081f
11932,f46ace11e93788e473124f7be16a19d5,5c741aa8e0753be65314a304e7b39c14,SO62751,27,CA-1098,3,27,4555f65c4664801d78b9f5477f89d8fd
11932,f46ace11e93788e473124f7be16a19d5,5c741aa8e0753be65314a304e7b39c14,SO62751,105,HL-U509-R,3,105,4555f65c4664801d78b9f5477f89d8fd
11932,f46ace11e93788e473124f7be16a19d5,5c741aa8e0753be65314a304e7b39c14,SO62751,150,LJ-0192-L,3,150,4555f65c4664801d78b9f5477f89d8fd
11933,0383d48e76cd8a3dfb9e2a890f2cac18,d6fb379288416774d139632beb88e26b,SO61015,4640,BK-M68S-46,2,4640,883b9b4170853b321c03290f64ba199f
11933,0383d48e76cd8a3dfb9e2a890f2cac18,d6fb379288416774d139632beb88e26b,SO61015,35,TI-M823,1,35,883b9b4170853b321c03290f64ba199f
11933,a3e65268044e3e2a027f7c5bd50d1a88,ee0fcf6f6c7f398dea5b39f50af66f66,SO45897,3578,BK-R93R-52,1,3578,654bc11cf88df4bb20f9816e51982e64
11934,412998e77ee121227580e3d363f75fa2,df595e3c678d4fae23ce174fe747165e,SO59878,4640,BK-M68S-46,2,4640,254d832c83ccdb2c33eab65a4fd196ff
11934,412998e77ee121227580e3d363f75fa2,df595e3c678d4fae23ce174fe747165e,SO59878,22,FE-6654,1,22,254d832c83ccdb2c33eab65a4fd196ff
11934,412998e77ee121227580e3d363f75fa2,df595e3c678d4fae23ce174fe747165e,SO59878,48,GL-H102-L,2,48,254d832c83ccdb2c33eab65a4fd196ff
11934,412998e77ee121227580e3d363f75fa2,df595e3c678d4fae23ce174fe747165e,SO59878,150,LJ-0192-L,3,150,254d832c83ccdb2c33eab65a4fd196ff
11934,a27fb9d8ace734e3b4395ec342ddb35c,f3cf78cac8ecb957d2c84eb7ec1a9c3c,SO46265,3578,BK-R93R-48,1,3578,4e6174091aa6704e09467a0839dac801
11935,9a95fdf4e925d9cbd65f87b5aa4ac212,478ecc8cdaa127c33884d9f6c72c2cd5,SO59612,35,TI-M823,1,35,9e8cbc3edbb5efb3f48d6afb260e4725
11936,3c1811b546060d91957cc446aabc4a3c,3c4bf68562424c26986beae6ce13704a,SO55716,2,PK-7098,1,2,3c8e2c51453f4d665f1050da871dead6
11936,3c1811b546060d91957cc446aabc4a3c,3c4bf68562424c26986beae6ce13704a,SO55716,35,TI-M823,1,35,3c8e2c51453f4d665f1050da871dead6
11936,3c1811b546060d91957cc446aabc4a3c,3c4bf68562424c26986beae6ce13704a,SO55716,5,TT-M928,1,5,3c8e2c51453f4d665f1050da871dead6
11937,2becb9647677a1a316b388bbad689580,013f173c58073e845f675d26fdde1918,SO61413,10,BC-M005,1,10,0383d48e76cd8a3dfb9e2a890f2cac18
11937,2becb9647677a1a316b388bbad689580,013f173c58073e845f675d26fdde1918,SO61413,4590,BK-M68B-46,2,4590,0383d48e76cd8a3dfb9e2a890f2cac18
11937,2becb9647677a1a316b388bbad689580,013f173c58073e845f675d26fdde1918,SO61413,5,WB-H098,1,5,0383d48e76cd8a3dfb9e2a890f2cac18
11937,d67506f7b78a628b8ca297a62df67cd7,39106a04f091528b34339175a1913836,SO46111,3578,BK-R93R-44,1,3578,c662479358c8f228c7b04ddb926eb524
11938,13b7c2277967bc61802018c764b5b2a0,9c55d6518880c1abf100a24da2546368,SO74530,35,TI-M823,1,35,0e000451f430d2e5b745a08b4ee7836c
11938,226d694fb4b7f71d62444f9528be8704,714597fe9448176d17876617114a65bc,SO53980,8,CL-9009,1,8,9444f850ff0c10a862b4a6a9c4ab0a74
11939,348f48807f500aeac729fb17d9bc97f1,5072507e949a2c25948a591c4da194e1,SO60497,10,BC-M005,1,10,f108e0cd2f96a0c22086f9d45ee08f19
11939,348f48807f500aeac729fb17d9bc97f1,5072507e949a2c25948a591c4da194e1,SO60497,4640,BK-M68S-46,2,4640,f108e0cd2f96a0c22086f9d45ee08f19
11939,348f48807f500aeac729fb17d9bc97f1,5072507e949a2c25948a591c4da194e1,SO60497,64,VE-C304-L,1,64,f108e0cd2f96a0c22086f9d45ee08f19
11939,348f48807f500aeac729fb17d9bc97f1,5072507e949a2c25948a591c4da194e1,SO60497,5,WB-H098,1,5,f108e0cd2f96a0c22086f9d45ee08f19
11939,5c70f2bf0cb9e8d72491348c6d6d9b06,d67506f7b78a628b8ca297a62df67cd7,SO46194,3578,BK-R93R-52,1,3578,0be9b4cec5bf5b809cc2e222c24ee42b
11940,8babade0595c11e14dd89058a850f2cd,a048b8d5f3f9178f163e2be055f0138b,SO73905,35,TI-M823,1,35,501407dcfde5b685045ca3072168d5bb
11940,a946e75bc65318721cd1e01162d392dd,5efefff01843f5aa3f7d8a4d44b4bf2e,SO63430,105,HL-U509,3,105,3a23b248b732af434a45fce0302aa11f
11941,23bd9a9b90557e9da7babfb8e3d2df22,b210069485754303767745919c328b97,SO63788,35,TI-M823,1,35,a946e75bc65318721cd1e01162d392dd
11941,23bd9a9b90557e9da7babfb8e3d2df22,b210069485754303767745919c328b97,SO63788,5,TT-M928,1,5,a946e75bc65318721cd1e01162d392dd
11941,99c8f306659fd98cbb9d7f03ec0c2a7a,705fa39ab40831529471c768490339ab,SO69867,9,BC-R205,1,9,fff3c307c93eda1eb91d53ca588846fe
11941,99c8f306659fd98cbb9d7f03ec0c2a7a,705fa39ab40831529471c768490339ab,SO69867,55,HY-1023-70,1,55,fff3c307c93eda1eb91d53ca588846fe
11941,99c8f306659fd98cbb9d7f03ec0c2a7a,705fa39ab40831529471c768490339ab,SO69867,5,WB-H098,1,5,fff3c307c93eda1eb91d53ca588846fe
11942,0990769bd233255d308a2f2137e95214,4b74d4eac4c3a33d22d34af93569c011,SO51387,10,BC-M005,1,10,9bbc713be22755b8ea8e3b596e06edd2
11942,0990769bd233255d308a2f2137e95214,4b74d4eac4c3a33d22d34af93569c011,SO51387,565,BK-M18S-40,1,565,9bbc713be22755b8ea8e3b596e06edd2
11942,0990769bd233255d308a2f2137e95214,4b74d4eac4c3a33d22d34af93569c011,SO51387,105,HL-U509-B,6,210,9bbc713be22755b8ea8e3b596e06edd2
11942,0990769bd233255d308a2f2137e95214,4b74d4eac4c3a33d22d34af93569c011,SO51387,5,WB-H098,1,5,9bbc713be22755b8ea8e3b596e06edd2
11942,43e2cc7ff261723f93f64f3f7e9faa8d,a6f2945baeceeef4c8d541a22f6e99e9,SO73498,742,BK-T18U-50,1,742,88077cf01a3e17831c2d0bcca5897c5b
11942,43e2cc7ff261723f93f64f3f7e9faa8d,a6f2945baeceeef4c8d541a22f6e99e9,SO73498,105,HL-U509-B,3,105,88077cf01a3e17831c2d0bcca5897c5b
11942,aae455c4d64d3ffe63d05cfe29e8fcdd,a23d0c239f0a09c5342f707e8417c1ec,SO45925,3400,BK-M82S-48,1,3400,7233744a010a9a2e1f7a7eb4772ddfa5
11943,1f46035fc72c89f13de95ed295e3f737,e1c989a8683174b4fd778fa463ff0253,SO45947,3375,BK-M82B-48,1,3375,a3e65268044e3e2a027f7c5bd50d1a88
11943,78cee6501c10922e466c02f814c8627b,892aa61c5dad53571248cc492fa50176,SO51218,540,BK-M18B-40,1,540,109423a52128e234487abcd717f01458
11943,a048b8d5f3f9178f163e2be055f0138b,c83e871e48c2716e0f28e60d166a5c98,SO73031,9,BC-R205,1,9,41ef6b06b63ba4f6a5234245a439b157
11943,a048b8d5f3f9178f163e2be055f0138b,c83e871e48c2716e0f28e60d166a5c98,SO73031,742,BK-T18U-50,1,742,41ef6b06b63ba4f6a5234245a439b157
11943,a048b8d5f3f9178f163e2be055f0138b,c83e871e48c2716e0f28e60d166a5c98,SO73031,27,CA-1098,3,27,41ef6b06b63ba4f6a5234245a439b157
11943,a048b8d5f3f9178f163e2be055f0138b,c83e871e48c2716e0f28e60d166a5c98,SO73031,54,SJ-0194-S,1,54,41ef6b06b63ba4f6a5234245a439b157
11943,a048b8d5f3f9178f163e2be055f0138b,c83e871e48c2716e0f28e60d166a5c98,SO73031,5,WB-H098,1,5,41ef6b06b63ba4f6a5234245a439b157
11944,501407dcfde5b685045ca3072168d5bb,41ef6b06b63ba4f6a5234245a439b157,SO73577,9,BC-R205,1,9,5432d51ee94799c0125bb158c8a8bd22
11944,501407dcfde5b685045ca3072168d5bb,41ef6b06b63ba4f6a5234245a439b157,SO73577,742,BK-T18U-62,1,742,5432d51ee94799c0125bb158c8a8bd22
11944,501407dcfde5b685045ca3072168d5bb,41ef6b06b63ba4f6a5234245a439b157,SO73577,105,HL-U509-R,3,105,5432d51ee94799c0125bb158c8a8bd22
11944,501407dcfde5b685045ca3072168d5bb,41ef6b06b63ba4f6a5234245a439b157,SO73577,5,WB-H098,1,5,5432d51ee94799c0125bb158c8a8bd22
11944,76e3c19dbb0dadc4c6dc771d856e4676,ad4fbe0c82c7e5968d4cf22c2ad19e28,SO53337,10,BC-M005,1,10,15699e35c72c4036c71409f3f3d69528
11944,76e3c19dbb0dadc4c6dc771d856e4676,ad4fbe0c82c7e5968d4cf22c2ad19e28,SO53337,540,BK-M18B-40,1,540,15699e35c72c4036c71409f3f3d69528
11944,76e3c19dbb0dadc4c6dc771d856e4676,ad4fbe0c82c7e5968d4cf22c2ad19e28,SO53337,55,HY-1023-70,1,55,15699e35c72c4036c71409f3f3d69528
11944,76e3c19dbb0dadc4c6dc771d856e4676,ad4fbe0c82c7e5968d4cf22c2ad19e28,SO53337,5,WB-H098,1,5,15699e35c72c4036c71409f3f3d69528
11944,f369f42c17ebb621a3f39d4f45bb3068,88e79d6e34505f780b4021e0777bcdc0,SO45951,3375,BK-M82B-38,1,3375,f4d4667dc106e39215fdb27a09c25150
11945,8e8847c1bdf012037ee13bb62da8a5c1,c507827aa5f4f6bbedf64058461c621b,SO67241,4590,BK-M68B-38,2,4590,6dd75c28a9a8a39e02bc0a175f82a9f3
11945,8e8847c1bdf012037ee13bb62da8a5c1,c507827aa5f4f6bbedf64058461c621b,SO67241,2,PK-7098,1,2,6dd75c28a9a8a39e02bc0a175f82a9f3
11945,8e8847c1bdf012037ee13bb62da8a5c1,c507827aa5f4f6bbedf64058461c621b,SO67241,35,TI-M823,1,35,6dd75c28a9a8a39e02bc0a175f82a9f3
11945,d67506f7b78a628b8ca297a62df67cd7,39106a04f091528b34339175a1913836,SO46112,3578,BK-R93R-48,1,3578,c662479358c8f228c7b04ddb926eb524
11946,0dc34ca2aaa8612cde077f1880b78b25,361e2c62255e0c1887ac2139911ca300,SO52516,10,BC-M005,1,10,7f026edc73bd4602381834e9b850d6c2
11946,0dc34ca2aaa8612cde077f1880b78b25,361e2c62255e0c1887ac2139911ca300,SO52516,540,BK-M18B-42,1,540,7f026edc73bd4602381834e9b850d6c2
11946,0dc34ca2aaa8612cde077f1880b78b25,361e2c62255e0c1887ac2139911ca300,SO52516,5,WB-H098,1,5,7f026edc73bd4602381834e9b850d6c2
11946,1ba7e8cdf85da6cf5e11554703236b52,9592b44e2c3f304a9875f45537bec6eb,SO73711,742,BK-T18U-44,1,742,4c6ed4daa82e7326b84c24f4c2ae7064
11946,4539d5ac3ea4fd1548956fea790162f5,68ffff9a6ccdd4edb0a94daa1483c356,SO45966,3400,BK-M82S-42,1,3400,17aa93a3dd7f6454bc0d81beb182a5e6
11947,7f026edc73bd4602381834e9b850d6c2,eedd9be5500334505ed9d4aef801ac3d,SO52270,565,BK-M18S-40,1,565,db2b287636ac5ebda430de4f3f643b24
11947,7f026edc73bd4602381834e9b850d6c2,eedd9be5500334505ed9d4aef801ac3d,SO52270,105,HL-U509,3,105,db2b287636ac5ebda430de4f3f643b24
11947,7f026edc73bd4602381834e9b850d6c2,eedd9be5500334505ed9d4aef801ac3d,SO52270,25,TI-M267,1,25,db2b287636ac5ebda430de4f3f643b24
11947,7f026edc73bd4602381834e9b850d6c2,eedd9be5500334505ed9d4aef801ac3d,SO52270,5,TT-M928,1,5,db2b287636ac5ebda430de4f3f643b24
11947,a3e65268044e3e2a027f7c5bd50d1a88,ee0fcf6f6c7f398dea5b39f50af66f66,SO45909,3375,BK-M82B-42,1,3375,654bc11cf88df4bb20f9816e51982e64
11947,d7f57f35d2bad1349ca24a67a2635eea,5432d51ee94799c0125bb158c8a8bd22,SO74093,742,BK-T18U-58,1,742,1ba7e8cdf85da6cf5e11554703236b52
11948,64cadfde6f66bc25043d0d69f5ae5471,18f358e551b5b85912bc952ab9894c0d,SO65812,150,LJ-0192-X,3,150,8d1d4829b2e801ba4e41ba48f5a549d4
11948,7e15f50bd26e439e6a22f5205a8064db,a1d0c0a14c6c8f8a8ef8220209c23a64,SO67841,2,PK-7098,1,2,702a02712215141594ddf8e52b0a651c
11948,7e15f50bd26e439e6a22f5205a8064db,a1d0c0a14c6c8f8a8ef8220209c23a64,SO67841,25,TI-M267,1,25,702a02712215141594ddf8e52b0a651c
11948,7e15f50bd26e439e6a22f5205a8064db,a1d0c0a14c6c8f8a8ef8220209c23a64,SO67841,5,TT-M928,1,5,702a02712215141594ddf8e52b0a651c
11949,a1d0c0a14c6c8f8a8ef8220209c23a64,05e7920e8caf0303dc01b77666952b75,SO66987,35,TI-M823,1,35,cd15e5f80ff20dd345bfaa51400dd0d6
11949,db2f6a564b6f5f41253c68874b50962b,76918877cf6ce7011018cd9708723392,SO62233,105,HL-U509-B,3,105,606ed413481267c98754e3351f662859
11950,15aceb75d86814cb479f1b1a9487c3d4,f799d104dd23bb828dcdaaefc4d25b61,SO52916,105,HL-U509,3,105,072bf847aeeee970f66483e596496cd9
11950,15aceb75d86814cb479f1b1a9487c3d4,f799d104dd23bb828dcdaaefc4d25b61,SO52916,35,TI-M823,1,35,072bf847aeeee970f66483e596496cd9
11950,15aceb75d86814cb479f1b1a9487c3d4,f799d104dd23bb828dcdaaefc4d25b61,SO52916,5,TT-M928,1,5,072bf847aeeee970f66483e596496cd9
11950,3f72b837978dcd042b73e7270f11a4ca,83d1ed00595e79ee5ea3797e97970fe8,SO70250,105,HL-U509-B,3,105,99c8f306659fd98cbb9d7f03ec0c2a7a
11951,17520f5649fab40fb66771362888cb90,1faee5670542865e021595151379fe5c,SO70600,27,CA-1098,3,27,3f72b837978dcd042b73e7270f11a4ca
11951,2296af5563b2061aa1d88124a37eecb7,6866da5d40f1aad2d82129d5ffa25bda,SO66511,2,PK-7098,1,2,05e7920e8caf0303dc01b77666952b75
11951,2296af5563b2061aa1d88124a37eecb7,6866da5d40f1aad2d82129d5ffa25bda,SO66511,5,TT-M928,1,5,05e7920e8caf0303dc01b77666952b75
11951,a6d37e298c3042e300813f55a17e0875,99b7e934795a93975a5e0c0b9b57d9ba,SO64622,10,BC-M005,1,10,b0241b451647f25db5f52074445d820c
11951,a6d37e298c3042e300813f55a17e0875,99b7e934795a93975a5e0c0b9b57d9ba,SO64622,2,PK-7098,1,2,b0241b451647f25db5f52074445d820c
11951,a6d37e298c3042e300813f55a17e0875,99b7e934795a93975a5e0c0b9b57d9ba,SO64622,25,TI-M267,1,25,b0241b451647f25db5f52074445d820c
11951,a6d37e298c3042e300813f55a17e0875,99b7e934795a93975a5e0c0b9b57d9ba,SO64622,5,TT-M928,1,5,b0241b451647f25db5f52074445d820c
11951,a6d37e298c3042e300813f55a17e0875,99b7e934795a93975a5e0c0b9b57d9ba,SO64622,5,WB-H098,1,5,b0241b451647f25db5f52074445d820c
11952,23bd9a9b90557e9da7babfb8e3d2df22,b210069485754303767745919c328b97,SO63817,9,BC-R205,1,9,a946e75bc65318721cd1e01162d392dd
11952,23bd9a9b90557e9da7babfb8e3d2df22,b210069485754303767745919c328b97,SO63817,2384,BK-T79U-60,1,2384,a946e75bc65318721cd1e01162d392dd
11952,23bd9a9b90557e9da7babfb8e3d2df22,b210069485754303767745919c328b97,SO63817,5,WB-H098,1,5,a946e75bc65318721cd1e01162d392dd
11952,b8d9d66529b0a1e91f6137abcdd065dd,6d44506d59926d8d13d35f75d97f2a64,SO54241,4640,BK-M68S-38,2,4640,90c6314650a0d54fdcabe5cd5406f9af
11952,b8d9d66529b0a1e91f6137abcdd065dd,6d44506d59926d8d13d35f75d97f2a64,SO54241,22,FE-6654,1,22,90c6314650a0d54fdcabe5cd5406f9af
11952,b8d9d66529b0a1e91f6137abcdd065dd,6d44506d59926d8d13d35f75d97f2a64,SO54241,54,SJ-0194-L,1,54,90c6314650a0d54fdcabe5cd5406f9af
11952,d5bc8f6048b5d9c5610a083b3df65c9e,90b02462c4aa07aa9f640001bc1770d2,SO45858,3375,BK-M82B-44,1,3375,1f760221df457e3dd3ffaf756be2b521
11953,0dc34ca2aaa8612cde077f1880b78b25,361e2c62255e0c1887ac2139911ca300,SO52471,9,BC-R205,1,9,7f026edc73bd4602381834e9b850d6c2
11953,0dc34ca2aaa8612cde077f1880b78b25,361e2c62255e0c1887ac2139911ca300,SO52471,27,CA-1098,3,27,7f026edc73bd4602381834e9b850d6c2
11953,0dc34ca2aaa8612cde077f1880b78b25,361e2c62255e0c1887ac2139911ca300,SO52471,5,WB-H098,1,5,7f026edc73bd4602381834e9b850d6c2
11953,c507827aa5f4f6bbedf64058461c621b,6d1d8a1c7851eb5a946d45009cea6d9f,SO66473,2,PK-7098,1,2,dfcee565bb2da80a7b76451a5cd314a1
11953,c507827aa5f4f6bbedf64058461c621b,6d1d8a1c7851eb5a946d45009cea6d9f,SO66473,35,TI-M823,1,35,dfcee565bb2da80a7b76451a5cd314a1
11953,c507827aa5f4f6bbedf64058461c621b,6d1d8a1c7851eb5a946d45009cea6d9f,SO66473,5,TT-M928,1,5,dfcee565bb2da80a7b76451a5cd314a1
11954,39ff8ac1e8a44088f96e17b846ec8baf,9a95fdf4e925d9cbd65f87b5aa4ac212,SO60422,4590,BK-M68B-46,2,4590,c926349b55a58d87d7d5008c349fd1e9
11954,39ff8ac1e8a44088f96e17b846ec8baf,9a95fdf4e925d9cbd65f87b5aa4ac212,SO60422,2,PK-7098,1,2,c926349b55a58d87d7d5008c349fd1e9
11954,39ff8ac1e8a44088f96e17b846ec8baf,9a95fdf4e925d9cbd65f87b5aa4ac212,SO60422,35,TI-M823,1,35,c926349b55a58d87d7d5008c349fd1e9
11954,564f7f85bc0f9399a0ce2e5f21901984,37a5117199a38b7e31d389445dab0cef,SO46131,3578,BK-R93R-48,1,3578,e18c2b136f61489c334cb708a5c6d75f
11955,4a70a3ec50fd16032883bf6fc79c55dd,4804ee33768b143d9706052696f7dfbd,SO61076,4640,BK-M68S-42,2,4640,e0bcd0ff3072dfe15609d6be1529b0b8
11955,4a70a3ec50fd16032883bf6fc79c55dd,4804ee33768b143d9706052696f7dfbd,SO61076,55,HY-1023-70,1,55,e0bcd0ff3072dfe15609d6be1529b0b8
11955,d67506f7b78a628b8ca297a62df67cd7,39106a04f091528b34339175a1913836,SO46113,3578,BK-R93R-62,1,3578,c662479358c8f228c7b04ddb926eb524
11956,5740ddd9cc89a58039f5790a932ada9b,f369f42c17ebb621a3f39d4f45bb3068,SO46125,3578,BK-R93R-62,1,3578,59901f77a5f45f9e1a4ab8a7a016680f
11956,9e8cbc3edbb5efb3f48d6afb260e4725,174acf6ca4e9804d47a59a499422e621,SO59249,4590,BK-M68B-38,2,4590,640540d73b85c3ecd2e3bf5541686e87
11957,072bf847aeeee970f66483e596496cd9,cfceb7490eff6e660974507be7c579c6,SO52617,9,BC-R205,1,9,dca79d69a6b38e95c4b03bfab997796c
11957,072bf847aeeee970f66483e596496cd9,cfceb7490eff6e660974507be7c579c6,SO52617,105,HL-U509-B,3,105,dca79d69a6b38e95c4b03bfab997796c
11957,072bf847aeeee970f66483e596496cd9,cfceb7490eff6e660974507be7c579c6,SO52617,5,WB-H098,1,5,dca79d69a6b38e95c4b03bfab997796c
11957,db10519e66d9a7b809b91935ad1a696d,d7f57f35d2bad1349ca24a67a2635eea,SO74501,2,PK-7098,1,2,6583882ca853d66524856501b27519f5
11957,db10519e66d9a7b809b91935ad1a696d,d7f57f35d2bad1349ca24a67a2635eea,SO74501,35,TI-M823,1,35,6583882ca853d66524856501b27519f5
11957,db10519e66d9a7b809b91935ad1a696d,d7f57f35d2bad1349ca24a67a2635eea,SO74501,5,TT-M928,1,5,6583882ca853d66524856501b27519f5
11958,1556bafff387fc8f2f6fef64c1daa6bc,8728a5e296f39e49d2fa74c31820e99f,SO70453,105,HL-U509-B,3,105,e871b36e68b0b3d0af9c742d81fef27a
11958,1556bafff387fc8f2f6fef64c1daa6bc,8728a5e296f39e49d2fa74c31820e99f,SO70453,150,LJ-0192-M,3,150,e871b36e68b0b3d0af9c742d81fef27a
11958,4804ee33768b143d9706052696f7dfbd,7254e54716fe52361e62aa16ea2e0797,SO60283,105,HL-U509-R,3,105,c660dc308b247ce08aeecd155306bae0
11958,4804ee33768b143d9706052696f7dfbd,7254e54716fe52361e62aa16ea2e0797,SO60283,35,TI-M823,1,35,c660dc308b247ce08aeecd155306bae0
11958,4804ee33768b143d9706052696f7dfbd,7254e54716fe52361e62aa16ea2e0797,SO60283,5,TT-M928,1,5,c660dc308b247ce08aeecd155306bae0
11959,1556bafff387fc8f2f6fef64c1daa6bc,8728a5e296f39e49d2fa74c31820e99f,SO70498,35,TI-M823,1,35,e871b36e68b0b3d0af9c742d81fef27a
11959,1556bafff387fc8f2f6fef64c1daa6bc,8728a5e296f39e49d2fa74c31820e99f,SO70498,5,TT-M928,1,5,e871b36e68b0b3d0af9c742d81fef27a
11959,1556bafff387fc8f2f6fef64c1daa6bc,8728a5e296f39e49d2fa74c31820e99f,SO70498,64,VE-C304-S,1,64,e871b36e68b0b3d0af9c742d81fef27a
11959,fef3080ec197edd1a04bb18afd31d16d,b8d9d66529b0a1e91f6137abcdd065dd,SO54884,105,HL-U509-B,3,105,4310d0d92131e34ff2716d85e1953174
11960,3a23b248b732af434a45fce0302aa11f,db2f6a564b6f5f41253c68874b50962b,SO62946,105,HL-U509-R,3,105,290499d9b8e65db426ba9b842714eb6d
11960,7b0730955172ecda497d7cca6b1d87a1,d3c54b4368c62c2ff11535bf2b677170,SO55012,35,TI-M823,1,35,5a06908cc28b799b04fc1c47664462e6
11960,7b0730955172ecda497d7cca6b1d87a1,d3c54b4368c62c2ff11535bf2b677170,SO55012,5,TT-M928,1,5,5a06908cc28b799b04fc1c47664462e6
11961,b34050290c25b0f7b52a2b8f767df87d,caa707f97407c07371136aaf471a91d4,SO68003,2,PK-7098,1,2,36ab6f1df21f3c9a169c8942e981959a
11961,b34050290c25b0f7b52a2b8f767df87d,caa707f97407c07371136aaf471a91d4,SO68003,35,TI-M823,1,35,36ab6f1df21f3c9a169c8942e981959a
11961,d6ec5bff1a0809822c740ce35792fa7a,db2b287636ac5ebda430de4f3f643b24,SO52578,105,HL-U509,3,105,6be9692276a308e4b872323af1ad8fe2
11962,61e00b038efd34bdf9c747596273cbcf,7130adfd843cdcb6d0bcd9d13792693a,SO63998,9,BC-R205,1,9,4b5c3229e0725ef8d303f494db9faec8
11962,61e00b038efd34bdf9c747596273cbcf,7130adfd843cdcb6d0bcd9d13792693a,SO63998,54,SJ-0194-X,1,54,4b5c3229e0725ef8d303f494db9faec8
11962,61e00b038efd34bdf9c747596273cbcf,7130adfd843cdcb6d0bcd9d13792693a,SO63998,5,WB-H098,1,5,4b5c3229e0725ef8d303f494db9faec8
11962,94b225b5b1f09ecd5e8ecdfb681ff04c,03bf7d2a8718ee9aca4bd2f37e962fc4,SO64348,35,TI-M823,1,35,61e00b038efd34bdf9c747596273cbcf
11963,02bc737163cde26453ad278829f046f2,7233744a010a9a2e1f7a7eb4772ddfa5,SO45970,3375,BK-M82B-38,1,3375,39106a04f091528b34339175a1913836
11963,3f0c8308e4e2e5c4ddc1b7e19304f613,61e00b038efd34bdf9c747596273cbcf,SO64851,9,BC-R205,1,9,232e830f1ac667c081eaaca23cdf9b5f
11963,3f0c8308e4e2e5c4ddc1b7e19304f613,61e00b038efd34bdf9c747596273cbcf,SO64851,2384,BK-T79Y-50,1,2384,232e830f1ac667c081eaaca23cdf9b5f
11963,3f0c8308e4e2e5c4ddc1b7e19304f613,61e00b038efd34bdf9c747596273cbcf,SO64851,5,WB-H098,1,5,232e830f1ac667c081eaaca23cdf9b5f
11963,90c6314650a0d54fdcabe5cd5406f9af,f476906875bc5d9abe836b4ea1f485c1,SO53972,4590,BK-M68B-38,2,4590,41464bd548f06ca845208f69df30ac82
11964,d34ba8f5d7fd7d5959a34c283fbec422,9c56075241a26f6fa77eb86b15411c6e,SO55083,4590,BK-M68B-38,2,4590,ac15b60491fe99190c0248790e690757
11964,d34ba8f5d7fd7d5959a34c283fbec422,9c56075241a26f6fa77eb86b15411c6e,SO55083,35,TI-M823,1,35,ac15b60491fe99190c0248790e690757
11964,f4d4667dc106e39215fdb27a09c25150,dcc3112eacc4c3fa1aaf2ea660552ee7,SO45916,3400,BK-M82S-44,1,3400,68ffff9a6ccdd4edb0a94daa1483c356
11964,f75e5f8c15ca91ec5c869dc3881f574f,3a23b248b732af434a45fce0302aa11f,SO63944,2384,BK-T79U-46,1,2384,03bf7d2a8718ee9aca4bd2f37e962fc4
11964,f75e5f8c15ca91ec5c869dc3881f574f,3a23b248b732af434a45fce0302aa11f,SO63944,48,GL-H102-M,2,48,03bf7d2a8718ee9aca4bd2f37e962fc4
11964,f75e5f8c15ca91ec5c869dc3881f574f,3a23b248b732af434a45fce0302aa11f,SO63944,105,HL-U509-R,3,105,03bf7d2a8718ee9aca4bd2f37e962fc4
11965,3e07f09fb2edbdf0bf6a54c17634514b,dca79d69a6b38e95c4b03bfab997796c,SO52969,2,PK-7098,1,2,c375f33d72ca7161f341c2726e82d67a
11965,3e07f09fb2edbdf0bf6a54c17634514b,dca79d69a6b38e95c4b03bfab997796c,SO52969,25,TI-M267,1,25,c375f33d72ca7161f341c2726e82d67a
11965,c83e871e48c2716e0f28e60d166a5c98,6a8d7e42bb852c45fbf8610361d391a0,SO72066,48,GL-H102-M,2,48,c4c454d69a39e60a6f5cf2f97148adad
11965,f04e53711455521533f4c5ed7dcaa287,5e9b4970006d8f02ba0bc1763fa8b9a6,SO52531,27,CA-1098,3,27,f799d104dd23bb828dcdaaefc4d25b61
11965,f04e53711455521533f4c5ed7dcaa287,5e9b4970006d8f02ba0bc1763fa8b9a6,SO52531,54,SJ-0194-L,1,54,f799d104dd23bb828dcdaaefc4d25b61
11965,f04e53711455521533f4c5ed7dcaa287,5e9b4970006d8f02ba0bc1763fa8b9a6,SO52531,4,TT-R982,1,4,f799d104dd23bb828dcdaaefc4d25b61
11966,38c9e5d1e366b4c5c36aae682bc960c4,8fa3bab223bec6501ad71f96bb1067b6,SO71628,2,PK-7098,1,2,58c4ce5b9433e7b6d41793d5a76d5590
11966,38c9e5d1e366b4c5c36aae682bc960c4,8fa3bab223bec6501ad71f96bb1067b6,SO71628,4,TT-R982,1,4,58c4ce5b9433e7b6d41793d5a76d5590
11966,b0950d12c62d3aeda81b2e8d06f2aef4,e366e24b8ad0b1107528f2f58cd15a81,SO73346,48,GL-H102-M,2,48,a048b8d5f3f9178f163e2be055f0138b
11966,ec24e4cf9fcc90f3bbe81b2fb3735c21,c4369eefdf9bb8a3f9115e96b40aaf17,SO69796,25,TI-M267,1,25,f06fd077b6afc2d69af6e1e548da266d
11967,23bd9a9b90557e9da7babfb8e3d2df22,b210069485754303767745919c328b97,SO63820,2384,BK-T79U-50,1,2384,a946e75bc65318721cd1e01162d392dd
11967,23bd9a9b90557e9da7babfb8e3d2df22,b210069485754303767745919c328b97,SO63820,105,HL-U509,3,105,a946e75bc65318721cd1e01162d392dd
11967,2fdcff2fdbe32f29016778bbf2d2634c,00c0d1d4fb14e331ca9e478a9afc945d,SO45978,3375,BK-M82B-44,1,3375,1f46035fc72c89f13de95ed295e3f737
11967,41fc4cb27e0ee552c4c9247e1a476cc5,6d338b8c41c717c4336ad0084a80dca4,SO55133,4590,BK-M68B-42,2,4590,6e5c4b769f8f70f9fd01b24ba5be9695
11967,41fc4cb27e0ee552c4c9247e1a476cc5,6d338b8c41c717c4336ad0084a80dca4,SO55133,27,CA-1098,3,27,6e5c4b769f8f70f9fd01b24ba5be9695
11967,41fc4cb27e0ee552c4c9247e1a476cc5,6d338b8c41c717c4336ad0084a80dca4,SO55133,55,HY-1023-70,1,55,6e5c4b769f8f70f9fd01b24ba5be9695
11968,58f0b42da53adeeccbfa693883fea672,8c9ec1be720ee75d56d0c250d10610fa,SO64451,2384,BK-T79Y-46,1,2384,d4746e41b619da57ee9f1a2e2cc254e8
11968,cf4f13c16dae1f2408e65c290fefcbaa,17aa93a3dd7f6454bc0d81beb182a5e6,SO46022,3400,BK-M82S-44,1,3400,2fdcff2fdbe32f29016778bbf2d2634c
11968,d3c54b4368c62c2ff11535bf2b677170,41464bd548f06ca845208f69df30ac82,SO54366,4590,BK-M68B-46,2,4590,da9c4ba6c9a1ae8725389bfd38b5763a
11969,94b225b5b1f09ecd5e8ecdfb681ff04c,03bf7d2a8718ee9aca4bd2f37e962fc4,SO64376,9,BC-R205,1,9,61e00b038efd34bdf9c747596273cbcf
11969,94b225b5b1f09ecd5e8ecdfb681ff04c,03bf7d2a8718ee9aca4bd2f37e962fc4,SO64376,2384,BK-T79Y-46,1,2384,61e00b038efd34bdf9c747596273cbcf
11969,94b225b5b1f09ecd5e8ecdfb681ff04c,03bf7d2a8718ee9aca4bd2f37e962fc4,SO64376,55,HY-1023-70,1,55,61e00b038efd34bdf9c747596273cbcf
11969,94b225b5b1f09ecd5e8ecdfb681ff04c,03bf7d2a8718ee9aca4bd2f37e962fc4,SO64376,5,WB-H098,1,5,61e00b038efd34bdf9c747596273cbcf
11969,f369f42c17ebb621a3f39d4f45bb3068,88e79d6e34505f780b4021e0777bcdc0,SO45952,3400,BK-M82S-48,1,3400,f4d4667dc106e39215fdb27a09c25150
11969,fef3080ec197edd1a04bb18afd31d16d,b8d9d66529b0a1e91f6137abcdd065dd,SO54927,4640,BK-M68S-46,2,4640,4310d0d92131e34ff2716d85e1953174
11970,058af5b2a408d57b708367e5bf4e9d9c,e82ca4c6beebe812f10fa1041b97a160,SO66808,105,HL-U509-B,3,105,c507827aa5f4f6bbedf64058461c621b
11970,058af5b2a408d57b708367e5bf4e9d9c,e82ca4c6beebe812f10fa1041b97a160,SO66808,35,TI-M823,1,35,c507827aa5f4f6bbedf64058461c621b
11970,058af5b2a408d57b708367e5bf4e9d9c,e82ca4c6beebe812f10fa1041b97a160,SO66808,5,TT-M928,1,5,c507827aa5f4f6bbedf64058461c621b
11970,478ecc8cdaa127c33884d9f6c72c2cd5,3fbd0407b55d3a3da21388a2ddbf881c,SO58589,105,HL-U509-B,3,105,174acf6ca4e9804d47a59a499422e621
11971,427ed6396fba4ed8ead9ec3229517d2b,3519c8eb4095dbc69d80eb61856d3435,SO56255,105,HL-U509-R,3,105,629ffff971d10f275a79a70fae527fbc
11971,427ed6396fba4ed8ead9ec3229517d2b,3519c8eb4095dbc69d80eb61856d3435,SO56255,35,TI-M823,1,35,629ffff971d10f275a79a70fae527fbc
11971,427ed6396fba4ed8ead9ec3229517d2b,3519c8eb4095dbc69d80eb61856d3435,SO56255,5,TT-M928,1,5,629ffff971d10f275a79a70fae527fbc
11971,d5985f40495ba672dff8a99620b879c8,a9adf65abbb865184bf924d14a93d0c4,SO71491,48,GL-H102-L,2,48,8f472ffe3ff3109f420ae91355ff8f3f
11971,d5985f40495ba672dff8a99620b879c8,a9adf65abbb865184bf924d14a93d0c4,SO71491,105,HL-U509,3,105,8f472ffe3ff3109f420ae91355ff8f3f
11972,1ba7e8cdf85da6cf5e11554703236b52,9592b44e2c3f304a9875f45537bec6eb,SO73643,9,BC-R205,1,9,4c6ed4daa82e7326b84c24f4c2ae7064
11972,1ba7e8cdf85da6cf5e11554703236b52,9592b44e2c3f304a9875f45537bec6eb,SO73643,27,CA-1098,3,27,4c6ed4daa82e7326b84c24f4c2ae7064
11972,1ba7e8cdf85da6cf5e11554703236b52,9592b44e2c3f304a9875f45537bec6eb,SO73643,5,WB-H098,1,5,4c6ed4daa82e7326b84c24f4c2ae7064
11972,e84848120190a8d0e696fbeb15647a74,fff3c307c93eda1eb91d53ca588846fe,SO70418,2,PK-7098,1,2,f544b472453b297a8b55709fbfd3746d
11972,e84848120190a8d0e696fbeb15647a74,fff3c307c93eda1eb91d53ca588846fe,SO70418,35,TI-M823,1,35,f544b472453b297a8b55709fbfd3746d
11972,e84848120190a8d0e696fbeb15647a74,fff3c307c93eda1eb91d53ca588846fe,SO70418,5,TT-M928,1,5,f544b472453b297a8b55709fbfd3746d
11973,40e7dd73b09eac540e790daf6fac41af,14e4b13c27fb9bce9938ce35b6597eca,SO54170,105,HL-U509-B,3,105,3f20f21c57e09a6c071e44d1fe74b58a
11973,40e7dd73b09eac540e790daf6fac41af,14e4b13c27fb9bce9938ce35b6597eca,SO54170,35,TI-M823,1,35,3f20f21c57e09a6c071e44d1fe74b58a
11973,40e7dd73b09eac540e790daf6fac41af,14e4b13c27fb9bce9938ce35b6597eca,SO54170,5,TT-M928,1,5,3f20f21c57e09a6c071e44d1fe74b58a
11973,6d44506d59926d8d13d35f75d97f2a64,deff8ad81a213d1110c1f409a7f40fcd,SO53400,9,BC-R205,1,9,f476906875bc5d9abe836b4ea1f485c1
11973,6d44506d59926d8d13d35f75d97f2a64,deff8ad81a213d1110c1f409a7f40fcd,SO53400,5,WB-H098,1,5,f476906875bc5d9abe836b4ea1f485c1
11974,331afa0aff1b1cfbf3d24944ab38c9d2,c885741a5e3e55c84950327011b70289,SO69659,9,BC-R205,1,9,962bae2fb03296a3b9cacabfa929322c
11974,331afa0aff1b1cfbf3d24944ab38c9d2,c885741a5e3e55c84950327011b70289,SO69659,48,GL-H102-M,2,48,962bae2fb03296a3b9cacabfa929322c
11974,331afa0aff1b1cfbf3d24944ab38c9d2,c885741a5e3e55c84950327011b70289,SO69659,5,WB-H098,1,5,962bae2fb03296a3b9cacabfa929322c
11974,b2ce0ef2540789e8a6976165b6c917d8,128ee9ff420de424a605a0ee4a6f7916,SO72390,105,HL-U509,3,105,dcf73f840a50da0145f24e8e0169dc4b
11974,b2ce0ef2540789e8a6976165b6c917d8,128ee9ff420de424a605a0ee4a6f7916,SO72390,35,TI-M823,1,35,dcf73f840a50da0145f24e8e0169dc4b
11974,b2ce0ef2540789e8a6976165b6c917d8,128ee9ff420de424a605a0ee4a6f7916,SO72390,5,TT-M928,1,5,dcf73f840a50da0145f24e8e0169dc4b
11975,8dd08d219271ec96c543f486de430703,d53f9d33cac0a297449a74a10d031570,SO62328,120,RA-H123,1,120,04dbdf67bb8714ba18c9c36d50d1f5dc
11975,8dd08d219271ec96c543f486de430703,d53f9d33cac0a297449a74a10d031570,SO62328,35,TI-M823,1,35,04dbdf67bb8714ba18c9c36d50d1f5dc
11975,8dd08d219271ec96c543f486de430703,d53f9d33cac0a297449a74a10d031570,SO62328,5,TT-M928,1,5,04dbdf67bb8714ba18c9c36d50d1f5dc
11975,fe1fd19c021e78ec395980c2e347865e,16e364d19895243407b256ec272d5394,SO68342,9,BC-R205,1,9,63efdd3324df66c9965bd622cdebe06a
11975,fe1fd19c021e78ec395980c2e347865e,16e364d19895243407b256ec272d5394,SO68342,105,HL-U509,3,105,63efdd3324df66c9965bd622cdebe06a
11975,fe1fd19c021e78ec395980c2e347865e,16e364d19895243407b256ec272d5394,SO68342,5,WB-H098,1,5,63efdd3324df66c9965bd622cdebe06a
11976,18f358e551b5b85912bc952ab9894c0d,abe94c2111c58e9c9672602d41bce66e,SO64947,2384,BK-T79Y-60,1,2384,a6d37e298c3042e300813f55a17e0875
11976,18f358e551b5b85912bc952ab9894c0d,abe94c2111c58e9c9672602d41bce66e,SO64947,27,CA-1098,3,27,a6d37e298c3042e300813f55a17e0875
11976,790ee96c1472965375882b30fc089300,a3e65268044e3e2a027f7c5bd50d1a88,SO45991,3375,BK-M82B-48,1,3375,37a5117199a38b7e31d389445dab0cef
11976,b8d9d66529b0a1e91f6137abcdd065dd,6d44506d59926d8d13d35f75d97f2a64,SO54242,4590,BK-M68B-42,2,4590,90c6314650a0d54fdcabe5cd5406f9af
11976,b8d9d66529b0a1e91f6137abcdd065dd,6d44506d59926d8d13d35f75d97f2a64,SO54242,22,FE-6654,1,22,90c6314650a0d54fdcabe5cd5406f9af
11976,b8d9d66529b0a1e91f6137abcdd065dd,6d44506d59926d8d13d35f75d97f2a64,SO54242,2,PK-7098,1,2,90c6314650a0d54fdcabe5cd5406f9af
11977,3519c8eb4095dbc69d80eb61856d3435,6e5c4b769f8f70f9fd01b24ba5be9695,SO55607,4640,BK-M68S-38,2,4640,d6ab5a0eee939524352092b964d92b84
11977,3519c8eb4095dbc69d80eb61856d3435,6e5c4b769f8f70f9fd01b24ba5be9695,SO55607,22,FE-6654,1,22,d6ab5a0eee939524352092b964d92b84
11977,3519c8eb4095dbc69d80eb61856d3435,6e5c4b769f8f70f9fd01b24ba5be9695,SO55607,9,SO-R809-M,1,9,d6ab5a0eee939524352092b964d92b84
11977,564f7f85bc0f9399a0ce2e5f21901984,37a5117199a38b7e31d389445dab0cef,SO46139,3400,BK-M82S-48,1,3400,e18c2b136f61489c334cb708a5c6d75f
11977,b0241b451647f25db5f52074445d820c,7a8e187aeb003f6e34c02a4d5b9b153e,SO64294,9,BC-R205,1,9,56d78836c9cf0de136c4d2d37aba2280
11977,b0241b451647f25db5f52074445d820c,7a8e187aeb003f6e34c02a4d5b9b153e,SO64294,2384,BK-T79U-46,1,2384,56d78836c9cf0de136c4d2d37aba2280
11977,b0241b451647f25db5f52074445d820c,7a8e187aeb003f6e34c02a4d5b9b153e,SO64294,64,VE-C304-S,1,64,56d78836c9cf0de136c4d2d37aba2280
11977,b0241b451647f25db5f52074445d820c,7a8e187aeb003f6e34c02a4d5b9b153e,SO64294,5,WB-H098,1,5,56d78836c9cf0de136c4d2d37aba2280
11978,a9adf65abbb865184bf924d14a93d0c4,ec24e4cf9fcc90f3bbe81b2fb3735c21,SO70703,35,TI-M823,1,35,e0cd1349b4c6e1b5f14ed427e358c2d0
11978,a9adf65abbb865184bf924d14a93d0c4,ec24e4cf9fcc90f3bbe81b2fb3735c21,SO70703,5,TT-M928,1,5,e0cd1349b4c6e1b5f14ed427e358c2d0
11978,b8cc77f0099ae7d3a20b9f0b74d70b12,70ad7386c1fe794c57fa3908ff22435d,SO52163,105,HL-U509-R,3,105,5e9b4970006d8f02ba0bc1763fa8b9a6
11979,5abaefcc8525a8f4cfd95cba9e926532,fde67888c64f701b59876ec559099b3e,SO57679,9,BC-R205,1,9,73b2264d673ee7b5b2e7e165020516ac
11979,5abaefcc8525a8f4cfd95cba9e926532,fde67888c64f701b59876ec559099b3e,SO57679,2384,BK-T79U-60,1,2384,73b2264d673ee7b5b2e7e165020516ac
11979,5abaefcc8525a8f4cfd95cba9e926532,fde67888c64f701b59876ec559099b3e,SO57679,64,VE-C304-L,1,64,73b2264d673ee7b5b2e7e165020516ac
11979,5abaefcc8525a8f4cfd95cba9e926532,fde67888c64f701b59876ec559099b3e,SO57679,5,WB-H098,1,5,73b2264d673ee7b5b2e7e165020516ac
11979,c375f33d72ca7161f341c2726e82d67a,9f79f7706bc6a7654ef0b8977966f69a,SO52761,4640,BK-M68S-38,2,4640,0dc34ca2aaa8612cde077f1880b78b25
11979,c375f33d72ca7161f341c2726e82d67a,9f79f7706bc6a7654ef0b8977966f69a,SO52761,8,CL-9009,1,8,0dc34ca2aaa8612cde077f1880b78b25
11979,c375f33d72ca7161f341c2726e82d67a,9f79f7706bc6a7654ef0b8977966f69a,SO52761,22,FE-6654,1,22,0dc34ca2aaa8612cde077f1880b78b25
11979,c375f33d72ca7161f341c2726e82d67a,9f79f7706bc6a7654ef0b8977966f69a,SO52761,2,PK-7098,1,2,0dc34ca2aaa8612cde077f1880b78b25
11980,6dd75c28a9a8a39e02bc0a175f82a9f3,dfcee565bb2da80a7b76451a5cd314a1,SO66889,9,BC-R205,1,9,f88b3743a9ce1f9455b6de69380b486a
11980,a9cd7a99d71cca9cb644010050374ade,3db19f5f710f10e90ecc7154c649d60a,SO71735,48,GL-H102-L,2,48,128ee9ff420de424a605a0ee4a6f7916
11980,a9cd7a99d71cca9cb644010050374ade,3db19f5f710f10e90ecc7154c649d60a,SO71735,105,HL-U509-R,3,105,128ee9ff420de424a605a0ee4a6f7916
11980,a9cd7a99d71cca9cb644010050374ade,3db19f5f710f10e90ecc7154c649d60a,SO71735,35,TI-M823,1,35,128ee9ff420de424a605a0ee4a6f7916
11980,a9cd7a99d71cca9cb644010050374ade,3db19f5f710f10e90ecc7154c649d60a,SO71735,5,TT-M928,1,5,128ee9ff420de424a605a0ee4a6f7916
11981,5691ac18f59a9af20f9d8703772afbba,d8a4ea0dc4237ee8690ee37b3902fd0e,SO55927,9,BC-R205,1,9,bc761b2b7297029a695fbd6dd0470724
11981,5691ac18f59a9af20f9d8703772afbba,d8a4ea0dc4237ee8690ee37b3902fd0e,SO55927,64,VE-C304-L,1,64,bc761b2b7297029a695fbd6dd0470724
11981,5691ac18f59a9af20f9d8703772afbba,d8a4ea0dc4237ee8690ee37b3902fd0e,SO55927,5,WB-H098,1,5,bc761b2b7297029a695fbd6dd0470724
11981,d4ae40bdb21d7c1f4fee96082340d3a2,9a027fc72b503940a96d5137762a263e,SO75119,2,PK-7098,1,2,08ff55594d8ca57b756a1953f77ebc89
11981,d4ae40bdb21d7c1f4fee96082340d3a2,9a027fc72b503940a96d5137762a263e,SO75119,35,TI-M823,1,35,08ff55594d8ca57b756a1953f77ebc89
11981,d4ae40bdb21d7c1f4fee96082340d3a2,9a027fc72b503940a96d5137762a263e,SO75119,5,TT-M928,1,5,08ff55594d8ca57b756a1953f77ebc89
11982,16e364d19895243407b256ec272d5394,4004a117f65dfd3221a9cce8fce5a45f,SO67616,2,PK-7098,1,2,7acd252f45ad6fe668386456a673d543
11982,16e364d19895243407b256ec272d5394,4004a117f65dfd3221a9cce8fce5a45f,SO67616,35,TI-M823,1,35,7acd252f45ad6fe668386456a673d543
11982,58f0b42da53adeeccbfa693883fea672,8c9ec1be720ee75d56d0c250d10610fa,SO64378,9,BC-R205,1,9,d4746e41b619da57ee9f1a2e2cc254e8
11982,58f0b42da53adeeccbfa693883fea672,8c9ec1be720ee75d56d0c250d10610fa,SO64378,54,SJ-0194-M,1,54,d4746e41b619da57ee9f1a2e2cc254e8
11982,58f0b42da53adeeccbfa693883fea672,8c9ec1be720ee75d56d0c250d10610fa,SO64378,5,WB-H098,1,5,d4746e41b619da57ee9f1a2e2cc254e8
11983,5bdc8cd31bb1859c6d9dd782c52a85ae,e18c2b136f61489c334cb708a5c6d75f,SO46179,3578,BK-R93R-52,1,3578,cb1acef92aa40abf6c8b8044d9ed1309
11983,9b98d27287b27eeee9ebc06e1d5a9a8d,0dc34ca2aaa8612cde077f1880b78b25,SO53119,4590,BK-M68B-42,2,4590,18bea060239713ee5f865109f63f3a8a
11984,de22d232bbe84481579f6252f1e7091d,cae5717327bee7d74e261c550aa5081f,SO57587,9,BC-R205,1,9,ab4946738415af86b5e3cee69b13301f
11984,de22d232bbe84481579f6252f1e7091d,cae5717327bee7d74e261c550aa5081f,SO57587,2384,BK-T79U-50,1,2384,ab4946738415af86b5e3cee69b13301f
11984,de22d232bbe84481579f6252f1e7091d,cae5717327bee7d74e261c550aa5081f,SO57587,2,PK-7098,1,2,ab4946738415af86b5e3cee69b13301f
11984,de22d232bbe84481579f6252f1e7091d,cae5717327bee7d74e261c550aa5081f,SO57587,5,WB-H098,1,5,ab4946738415af86b5e3cee69b13301f
11984,deff8ad81a213d1110c1f409a7f40fcd,b8cc77f0099ae7d3a20b9f0b74d70b12,SO52829,4590,BK-M68B-42,2,4590,f04e53711455521533f4c5ed7dcaa287
11984,deff8ad81a213d1110c1f409a7f40fcd,b8cc77f0099ae7d3a20b9f0b74d70b12,SO52829,105,HL-U509,3,105,f04e53711455521533f4c5ed7dcaa287
11985,6d44506d59926d8d13d35f75d97f2a64,deff8ad81a213d1110c1f409a7f40fcd,SO53402,150,LJ-0192-S,3,150,f476906875bc5d9abe836b4ea1f485c1
11985,d612b5fb3f6011688fb0c9927693365a,3e107cd1554225ea3056ed5010adce90,SO74410,35,TI-M823,1,35,a1e59736d286765313b8212467dc64b2
11985,d612b5fb3f6011688fb0c9927693365a,3e107cd1554225ea3056ed5010adce90,SO74410,5,TT-M928,1,5,a1e59736d286765313b8212467dc64b2
11986,830e779850b1d58733a7ad711bf6b83f,39fe373cdcb4534addde73890415b660,SO56533,4640,BK-M68S-38,2,4640,427ed6396fba4ed8ead9ec3229517d2b
11986,830e779850b1d58733a7ad711bf6b83f,39fe373cdcb4534addde73890415b660,SO56533,8,CL-9009,1,8,427ed6396fba4ed8ead9ec3229517d2b
11986,830e779850b1d58733a7ad711bf6b83f,39fe373cdcb4534addde73890415b660,SO56533,22,FE-6654,1,22,427ed6396fba4ed8ead9ec3229517d2b
11986,830e779850b1d58733a7ad711bf6b83f,39fe373cdcb4534addde73890415b660,SO56533,2,PK-7098,1,2,427ed6396fba4ed8ead9ec3229517d2b
11986,830e779850b1d58733a7ad711bf6b83f,39fe373cdcb4534addde73890415b660,SO56533,35,TI-M823,1,35,427ed6396fba4ed8ead9ec3229517d2b
11986,830e779850b1d58733a7ad711bf6b83f,39fe373cdcb4534addde73890415b660,SO56533,5,TT-M928,1,5,427ed6396fba4ed8ead9ec3229517d2b
11986,ccf89c691dabb1412404274596922d90,b0241b451647f25db5f52074445d820c,SO65087,9,BC-R205,1,9,7299e51cfc0d5174743a6701a8a96488
11986,ccf89c691dabb1412404274596922d90,b0241b451647f25db5f52074445d820c,SO65087,2384,BK-T79U-60,1,2384,7299e51cfc0d5174743a6701a8a96488
11986,ccf89c691dabb1412404274596922d90,b0241b451647f25db5f52074445d820c,SO65087,55,HY-1023-70,1,55,7299e51cfc0d5174743a6701a8a96488
11986,ccf89c691dabb1412404274596922d90,b0241b451647f25db5f52074445d820c,SO65087,5,WB-H098,1,5,7299e51cfc0d5174743a6701a8a96488
11986,ec3807bc691cff8019155b6bd6a3a85d,5c70f2bf0cb9e8d72491348c6d6d9b06,SO46294,3400,BK-M82S-42,1,3400,671cb8c9b19c0247af30375f5adaed12
11987,1556bafff387fc8f2f6fef64c1daa6bc,8728a5e296f39e49d2fa74c31820e99f,SO70456,48,GL-H102-M,2,48,e871b36e68b0b3d0af9c742d81fef27a
11987,1556bafff387fc8f2f6fef64c1daa6bc,8728a5e296f39e49d2fa74c31820e99f,SO70456,105,HL-U509-B,3,105,e871b36e68b0b3d0af9c742d81fef27a
11987,1556bafff387fc8f2f6fef64c1daa6bc,8728a5e296f39e49d2fa74c31820e99f,SO70456,25,TI-M267,1,25,e871b36e68b0b3d0af9c742d81fef27a
11987,1556bafff387fc8f2f6fef64c1daa6bc,8728a5e296f39e49d2fa74c31820e99f,SO70456,5,TT-M928,1,5,e871b36e68b0b3d0af9c742d81fef27a
11987,3dc63b2d6dcc8f0b6720b06b5439a0b1,8d1d4829b2e801ba4e41ba48f5a549d4,SO66270,48,GL-H102-M,2,48,6ef7b4bb93d4e54234cf965ed2334682
11987,af1457846a79173ef71dd9d5dd69805a,254d832c83ccdb2c33eab65a4fd196ff,SO60331,2,PK-7098,1,2,ce08c22f7777768ce4197eab9727516c
11987,af1457846a79173ef71dd9d5dd69805a,254d832c83ccdb2c33eab65a4fd196ff,SO60331,159,ST-1401,1,159,ce08c22f7777768ce4197eab9727516c
11987,af1457846a79173ef71dd9d5dd69805a,254d832c83ccdb2c33eab65a4fd196ff,SO60331,4,TT-R982,1,4,ce08c22f7777768ce4197eab9727516c
11988,4b5c3229e0725ef8d303f494db9faec8,f46ace11e93788e473124f7be16a19d5,SO63750,2384,BK-T79Y-54,1,2384,0149f124a48640c62d90840ac5760331
11988,4b5c3229e0725ef8d303f494db9faec8,f46ace11e93788e473124f7be16a19d5,SO63750,27,CA-1098,3,27,0149f124a48640c62d90840ac5760331
11988,5c70f2bf0cb9e8d72491348c6d6d9b06,d67506f7b78a628b8ca297a62df67cd7,SO46204,3375,BK-M82B-38,1,3375,0be9b4cec5bf5b809cc2e222c24ee42b
11988,bc761b2b7297029a695fbd6dd0470724,fef3080ec197edd1a04bb18afd31d16d,SO55670,10,BC-M005,1,10,9b6872ca1d80024637e967d1066bba0a
11988,bc761b2b7297029a695fbd6dd0470724,fef3080ec197edd1a04bb18afd31d16d,SO55670,4590,BK-M68B-38,2,4590,9b6872ca1d80024637e967d1066bba0a
11988,bc761b2b7297029a695fbd6dd0470724,fef3080ec197edd1a04bb18afd31d16d,SO55670,5,WB-H098,1,5,9b6872ca1d80024637e967d1066bba0a
11989,4b5c3229e0725ef8d303f494db9faec8,f46ace11e93788e473124f7be16a19d5,SO63751,2384,BK-T79U-54,1,2384,0149f124a48640c62d90840ac5760331
11989,629ffff971d10f275a79a70fae527fbc,d6ab5a0eee939524352092b964d92b84,SO56010,4590,BK-M68B-42,2,4590,3c1811b546060d91957cc446aabc4a3c
11989,629ffff971d10f275a79a70fae527fbc,d6ab5a0eee939524352092b964d92b84,SO56010,22,FE-6654,1,22,3c1811b546060d91957cc446aabc4a3c
11989,629ffff971d10f275a79a70fae527fbc,d6ab5a0eee939524352092b964d92b84,SO56010,64,VE-C304-L,1,64,3c1811b546060d91957cc446aabc4a3c
11989,cb1acef92aa40abf6c8b8044d9ed1309,02bc737163cde26453ad278829f046f2,SO46154,3375,BK-M82B-42,1,3375,d67506f7b78a628b8ca297a62df67cd7
11990,167c301692e8c30daa0602fbcbeb02b6,564f7f85bc0f9399a0ce2e5f21901984,SO46227,3375,BK-M82B-48,1,3375,5bdc8cd31bb1859c6d9dd782c52a85ae
11990,7299e51cfc0d5174743a6701a8a96488,56d78836c9cf0de136c4d2d37aba2280,SO64786,2384,BK-T79U-54,1,2384,58f0b42da53adeeccbfa693883fea672
11990,7299e51cfc0d5174743a6701a8a96488,56d78836c9cf0de136c4d2d37aba2280,SO64786,105,HL-U509-B,3,105,58f0b42da53adeeccbfa693883fea672
11990,b988e88fd94a3b47434beeb650cff880,3c1811b546060d91957cc446aabc4a3c,SO56371,10,BC-M005,1,10,18025e6a8791d350428f65c0783ebd99
11990,b988e88fd94a3b47434beeb650cff880,3c1811b546060d91957cc446aabc4a3c,SO56371,4640,BK-M68S-42,2,4640,18025e6a8791d350428f65c0783ebd99
11990,b988e88fd94a3b47434beeb650cff880,3c1811b546060d91957cc446aabc4a3c,SO56371,105,HL-U509-B,3,105,18025e6a8791d350428f65c0783ebd99
11990,b988e88fd94a3b47434beeb650cff880,3c1811b546060d91957cc446aabc4a3c,SO56371,5,WB-H098,1,5,18025e6a8791d350428f65c0783ebd99
11991,43e2cc7ff261723f93f64f3f7e9faa8d,a6f2945baeceeef4c8d541a22f6e99e9,SO73503,9,BC-R205,1,9,88077cf01a3e17831c2d0bcca5897c5b
11991,43e2cc7ff261723f93f64f3f7e9faa8d,a6f2945baeceeef4c8d541a22f6e99e9,SO73503,2384,BK-T79U-60,1,2384,88077cf01a3e17831c2d0bcca5897c5b
11991,43e2cc7ff261723f93f64f3f7e9faa8d,a6f2945baeceeef4c8d541a22f6e99e9,SO73503,105,HL-U509-B,3,105,88077cf01a3e17831c2d0bcca5897c5b
11991,43e2cc7ff261723f93f64f3f7e9faa8d,a6f2945baeceeef4c8d541a22f6e99e9,SO73503,5,WB-H098,1,5,88077cf01a3e17831c2d0bcca5897c5b
11991,564f7f85bc0f9399a0ce2e5f21901984,37a5117199a38b7e31d389445dab0cef,SO46140,3375,BK-M82B-44,1,3375,e18c2b136f61489c334cb708a5c6d75f
11991,9913e55755fcc4267a06c1e6adbbc7fb,4a70a3ec50fd16032883bf6fc79c55dd,SO61913,4640,BK-M68S-46,2,4640,d53f9d33cac0a297449a74a10d031570
11992,5c741aa8e0753be65314a304e7b39c14,d945ec2aae74dbfb829453026b91c235,SO62078,10,BC-M005,1,10,7ee641303ef8d8b10d0ed00a060c73cc
11992,5c741aa8e0753be65314a304e7b39c14,d945ec2aae74dbfb829453026b91c235,SO62078,4640,BK-M68S-42,2,4640,7ee641303ef8d8b10d0ed00a060c73cc
11992,671cb8c9b19c0247af30375f5adaed12,0be9b4cec5bf5b809cc2e222c24ee42b,SO46257,3400,BK-M82S-44,1,3400,58fb574c0b80d76f62690df366352487
11992,c5ed53572c667b119dde2fc0f54de602,0d3057f268050d468f468434f8ec809a,SO72845,2384,BK-T79Y-60,1,2384,e366e24b8ad0b1107528f2f58cd15a81
11992,c5ed53572c667b119dde2fc0f54de602,0d3057f268050d468f468434f8ec809a,SO72845,27,CA-1098,3,27,e366e24b8ad0b1107528f2f58cd15a81
11993,167c301692e8c30daa0602fbcbeb02b6,564f7f85bc0f9399a0ce2e5f21901984,SO46228,3375,BK-M82B-42,1,3375,5bdc8cd31bb1859c6d9dd782c52a85ae
11993,9795c57676ee8b8b6ba9a6f9014a520b,c5ed53572c667b119dde2fc0f54de602,SO73785,2384,BK-T79U-60,1,2384,b0950d12c62d3aeda81b2e8d06f2aef4
11993,9795c57676ee8b8b6ba9a6f9014a520b,c5ed53572c667b119dde2fc0f54de602,SO73785,105,HL-U509,3,105,b0950d12c62d3aeda81b2e8d06f2aef4
11993,abe94c2111c58e9c9672602d41bce66e,0149f124a48640c62d90840ac5760331,SO64165,4590,BK-M68B-42,2,4590,99b7e934795a93975a5e0c0b9b57d9ba
11993,abe94c2111c58e9c9672602d41bce66e,0149f124a48640c62d90840ac5760331,SO64165,2,PK-7098,1,2,99b7e934795a93975a5e0c0b9b57d9ba
11993,abe94c2111c58e9c9672602d41bce66e,0149f124a48640c62d90840ac5760331,SO64165,35,TI-M823,1,35,99b7e934795a93975a5e0c0b9b57d9ba
11993,abe94c2111c58e9c9672602d41bce66e,0149f124a48640c62d90840ac5760331,SO64165,5,TT-M928,1,5,99b7e934795a93975a5e0c0b9b57d9ba
11994,3f0c8308e4e2e5c4ddc1b7e19304f613,61e00b038efd34bdf9c747596273cbcf,SO64852,2384,BK-T79U-50,1,2384,232e830f1ac667c081eaaca23cdf9b5f
11994,3f0c8308e4e2e5c4ddc1b7e19304f613,61e00b038efd34bdf9c747596273cbcf,SO64852,105,HL-U509,3,105,232e830f1ac667c081eaaca23cdf9b5f
11994,62876ffab17a368f47277b256f840157,167c301692e8c30daa0602fbcbeb02b6,SO46309,3375,BK-M82B-44,1,3375,a7e2e75e7fa681dcfa6bb6bfc7fc5cff
11994,cae5717327bee7d74e261c550aa5081f,18025e6a8791d350428f65c0783ebd99,SO56752,4640,BK-M68S-42,2,4640,ed268f8f3837888893f896b7240f1254
11994,cae5717327bee7d74e261c550aa5081f,18025e6a8791d350428f65c0783ebd99,SO56752,55,HY-1023-70,1,55,ed268f8f3837888893f896b7240f1254
11995,4b5c3229e0725ef8d303f494db9faec8,f46ace11e93788e473124f7be16a19d5,SO63736,4640,BK-M68S-38,2,4640,0149f124a48640c62d90840ac5760331
11995,4b5c3229e0725ef8d303f494db9faec8,f46ace11e93788e473124f7be16a19d5,SO63736,22,FE-6654,1,22,0149f124a48640c62d90840ac5760331
11995,4b5c3229e0725ef8d303f494db9faec8,f46ace11e93788e473124f7be16a19d5,SO63736,64,VE-C304-M,1,64,0149f124a48640c62d90840ac5760331
11995,5bdc8cd31bb1859c6d9dd782c52a85ae,e18c2b136f61489c334cb708a5c6d75f,SO46182,3400,BK-M82S-44,1,3400,cb1acef92aa40abf6c8b8044d9ed1309
11995,9592b44e2c3f304a9875f45537bec6eb,a9cd7a99d71cca9cb644010050374ade,SO72786,2384,BK-T79U-54,1,2384,b2ce0ef2540789e8a6976165b6c917d8
11995,9592b44e2c3f304a9875f45537bec6eb,a9cd7a99d71cca9cb644010050374ade,SO72786,48,GL-H102-S,2,48,b2ce0ef2540789e8a6976165b6c917d8
11995,9592b44e2c3f304a9875f45537bec6eb,a9cd7a99d71cca9cb644010050374ade,SO72786,105,HL-U509-R,3,105,b2ce0ef2540789e8a6976165b6c917d8
11996,a946e75bc65318721cd1e01162d392dd,5efefff01843f5aa3f7d8a4d44b4bf2e,SO63484,10,BC-M005,1,10,3a23b248b732af434a45fce0302aa11f
11996,a946e75bc65318721cd1e01162d392dd,5efefff01843f5aa3f7d8a4d44b4bf2e,SO63484,4640,BK-M68S-46,2,4640,3a23b248b732af434a45fce0302aa11f
11996,a946e75bc65318721cd1e01162d392dd,5efefff01843f5aa3f7d8a4d44b4bf2e,SO63484,22,FE-6654,1,22,3a23b248b732af434a45fce0302aa11f
11996,a946e75bc65318721cd1e01162d392dd,5efefff01843f5aa3f7d8a4d44b4bf2e,SO63484,105,HL-U509,3,105,3a23b248b732af434a45fce0302aa11f
11996,a946e75bc65318721cd1e01162d392dd,5efefff01843f5aa3f7d8a4d44b4bf2e,SO63484,5,WB-H098,1,5,3a23b248b732af434a45fce0302aa11f
11996,b8cc77f0099ae7d3a20b9f0b74d70b12,70ad7386c1fe794c57fa3908ff22435d,SO52159,9,BC-R205,1,9,5e9b4970006d8f02ba0bc1763fa8b9a6
11996,b8cc77f0099ae7d3a20b9f0b74d70b12,70ad7386c1fe794c57fa3908ff22435d,SO52159,1215,BK-T44U-50,1,1215,5e9b4970006d8f02ba0bc1763fa8b9a6
11996,b8cc77f0099ae7d3a20b9f0b74d70b12,70ad7386c1fe794c57fa3908ff22435d,SO52159,8,CL-9009,1,8,5e9b4970006d8f02ba0bc1763fa8b9a6
11996,b8cc77f0099ae7d3a20b9f0b74d70b12,70ad7386c1fe794c57fa3908ff22435d,SO52159,55,HY-1023-70,1,55,5e9b4970006d8f02ba0bc1763fa8b9a6
11996,b8cc77f0099ae7d3a20b9f0b74d70b12,70ad7386c1fe794c57fa3908ff22435d,SO52159,5,WB-H098,1,5,5e9b4970006d8f02ba0bc1763fa8b9a6
11996,dd323e11c7806b56c8b4104210bb4235,2fdcff2fdbe32f29016778bbf2d2634c,SO46159,3375,BK-M82B-48,1,3375,c33c6976b463bb3c89443e51c98853bd
11997,0be9b4cec5bf5b809cc2e222c24ee42b,c662479358c8f228c7b04ddb926eb524,SO46167,3400,BK-M82S-48,1,3400,5740ddd9cc89a58039f5790a932ada9b
11997,8b9fe4b34e3c54f08bfcac3d9691e260,a946e75bc65318721cd1e01162d392dd,SO64229,4590,BK-M68B-38,2,4590,f75e5f8c15ca91ec5c869dc3881f574f
11997,8b9fe4b34e3c54f08bfcac3d9691e260,a946e75bc65318721cd1e01162d392dd,SO64229,27,CA-1098,3,27,f75e5f8c15ca91ec5c869dc3881f574f
11997,8b9fe4b34e3c54f08bfcac3d9691e260,a946e75bc65318721cd1e01162d392dd,SO64229,22,FE-6654,1,22,f75e5f8c15ca91ec5c869dc3881f574f
11997,8b9fe4b34e3c54f08bfcac3d9691e260,a946e75bc65318721cd1e01162d392dd,SO64229,54,SJ-0194-X,1,54,f75e5f8c15ca91ec5c869dc3881f574f
11997,f476906875bc5d9abe836b4ea1f485c1,f04e53711455521533f4c5ed7dcaa287,SO53133,1215,BK-T44U-46,1,1215,15aceb75d86814cb479f1b1a9487c3d4
11997,f476906875bc5d9abe836b4ea1f485c1,f04e53711455521533f4c5ed7dcaa287,SO53133,105,HL-U509-B,3,105,15aceb75d86814cb479f1b1a9487c3d4
11998,18bea060239713ee5f865109f63f3a8a,7f026edc73bd4602381834e9b850d6c2,SO52844,1215,BK-T44U-50,1,1215,d6ec5bff1a0809822c740ce35792fa7a
11998,18bea060239713ee5f865109f63f3a8a,7f026edc73bd4602381834e9b850d6c2,SO52844,105,HL-U509-R,3,105,d6ec5bff1a0809822c740ce35792fa7a
11998,9d934f91c460e9947414d00048f2fa36,94b225b5b1f09ecd5e8ecdfb681ff04c,SO65143,4590,BK-M68B-38,2,4590,3f0c8308e4e2e5c4ddc1b7e19304f613
11998,9d934f91c460e9947414d00048f2fa36,94b225b5b1f09ecd5e8ecdfb681ff04c,SO65143,2,PK-7098,1,2,3f0c8308e4e2e5c4ddc1b7e19304f613
11998,9d934f91c460e9947414d00048f2fa36,94b225b5b1f09ecd5e8ecdfb681ff04c,SO65143,35,TI-M823,1,35,3f0c8308e4e2e5c4ddc1b7e19304f613
11998,9d934f91c460e9947414d00048f2fa36,94b225b5b1f09ecd5e8ecdfb681ff04c,SO65143,5,TT-M928,1,5,3f0c8308e4e2e5c4ddc1b7e19304f613
11998,ef75419eb8c7f979c453315a1853bedc,dd323e11c7806b56c8b4104210bb4235,SO46251,3375,BK-M82B-44,1,3375,755330dee3da0e4fcef37002a479e564
11999,5c70f2bf0cb9e8d72491348c6d6d9b06,d67506f7b78a628b8ca297a62df67cd7,SO46203,3400,BK-M82S-44,1,3400,0be9b4cec5bf5b809cc2e222c24ee42b
11999,a946e75bc65318721cd1e01162d392dd,5efefff01843f5aa3f7d8a4d44b4bf2e,SO63483,10,BC-M005,1,10,3a23b248b732af434a45fce0302aa11f
11999,a946e75bc65318721cd1e01162d392dd,5efefff01843f5aa3f7d8a4d44b4bf2e,SO63483,4640,BK-M68S-42,2,4640,3a23b248b732af434a45fce0302aa11f
11999,a946e75bc65318721cd1e01162d392dd,5efefff01843f5aa3f7d8a4d44b4bf2e,SO63483,5,WB-H098,1,5,3a23b248b732af434a45fce0302aa11f
11999,d8a4ea0dc4237ee8690ee37b3902fd0e,0c8ff735cb2b05718573c08173335fd4,SO55140,1215,BK-T44U-46,1,1215,fef3080ec197edd1a04bb18afd31d16d
11999,d8a4ea0dc4237ee8690ee37b3902fd0e,0c8ff735cb2b05718573c08173335fd4,SO55140,48,GL-H102-L,2,48,fef3080ec197edd1a04bb18afd31d16d
11999,d8a4ea0dc4237ee8690ee37b3902fd0e,0c8ff735cb2b05718573c08173335fd4,SO55140,105,HL-U509-R,3,105,fef3080ec197edd1a04bb18afd31d16d
11999,d8a4ea0dc4237ee8690ee37b3902fd0e,0c8ff735cb2b05718573c08173335fd4,SO55140,29,TI-T723,1,29,fef3080ec197edd1a04bb18afd31d16d
11999,d8a4ea0dc4237ee8690ee37b3902fd0e,0c8ff735cb2b05718573c08173335fd4,SO55140,5,TT-T092,1,5,fef3080ec197edd1a04bb18afd31d16d
12000,5691ac18f59a9af20f9d8703772afbba,d8a4ea0dc4237ee8690ee37b3902fd0e,SO55961,10,BC-M005,1,10,bc761b2b7297029a695fbd6dd0470724
12000,5691ac18f59a9af20f9d8703772afbba,d8a4ea0dc4237ee8690ee37b3902fd0e,SO55961,4590,BK-M68B-46,2,4590,bc761b2b7297029a695fbd6dd0470724
12000,5691ac18f59a9af20f9d8703772afbba,d8a4ea0dc4237ee8690ee37b3902fd0e,SO55961,5,WB-H098,1,5,bc761b2b7297029a695fbd6dd0470724
12000,b0241b451647f25db5f52074445d820c,7a8e187aeb003f6e34c02a4d5b9b153e,SO64296,2384,BK-T79Y-50,1,2384,56d78836c9cf0de136c4d2d37aba2280
12000,b0241b451647f25db5f52074445d820c,7a8e187aeb003f6e34c02a4d5b9b153e,SO64296,55,HY-1023-70,1,55,56d78836c9cf0de136c4d2d37aba2280
12000,b0241b451647f25db5f52074445d820c,7a8e187aeb003f6e34c02a4d5b9b153e,SO64296,29,TI-T723,1,29,56d78836c9cf0de136c4d2d37aba2280
12000,b0241b451647f25db5f52074445d820c,7a8e187aeb003f6e34c02a4d5b9b153e,SO64296,5,TT-T092,1,5,56d78836c9cf0de136c4d2d37aba2280
12000,ef75419eb8c7f979c453315a1853bedc,dd323e11c7806b56c8b4104210bb4235,SO46249,3400,BK-M82S-48,1,3400,755330dee3da0e4fcef37002a479e564
12001,089c2a426c196c5ca5facb20896c90bb,bc761b2b7297029a695fbd6dd0470724,SO56327,10,BC-M005,1,10,55f9f4cb5784581a517e59904e0d5e2f
12001,089c2a426c196c5ca5facb20896c90bb,bc761b2b7297029a695fbd6dd0470724,SO56327,4590,BK-M68B-42,2,4590,55f9f4cb5784581a517e59904e0d5e2f
12001,089c2a426c196c5ca5facb20896c90bb,bc761b2b7297029a695fbd6dd0470724,SO56327,27,CA-1098,3,27,55f9f4cb5784581a517e59904e0d5e2f
12001,089c2a426c196c5ca5facb20896c90bb,bc761b2b7297029a695fbd6dd0470724,SO56327,5,WB-H098,1,5,55f9f4cb5784581a517e59904e0d5e2f
12001,4e6174091aa6704e09467a0839dac801,3c6f36b5b624fc10e0e7fb916bc9e67a,SO46236,3375,BK-M82B-44,1,3375,ab121e91b47aaffbbc247dca4687f0f0
12001,8b9fe4b34e3c54f08bfcac3d9691e260,a946e75bc65318721cd1e01162d392dd,SO64244,2384,BK-T79Y-50,1,2384,f75e5f8c15ca91ec5c869dc3881f574f
12001,8b9fe4b34e3c54f08bfcac3d9691e260,a946e75bc65318721cd1e01162d392dd,SO64244,105,HL-U509,3,105,f75e5f8c15ca91ec5c869dc3881f574f
12002,5691ac18f59a9af20f9d8703772afbba,d8a4ea0dc4237ee8690ee37b3902fd0e,SO55962,4640,BK-M68S-38,2,4640,bc761b2b7297029a695fbd6dd0470724
12002,5691ac18f59a9af20f9d8703772afbba,d8a4ea0dc4237ee8690ee37b3902fd0e,SO55962,2,PK-7098,1,2,bc761b2b7297029a695fbd6dd0470724
12002,5691ac18f59a9af20f9d8703772afbba,d8a4ea0dc4237ee8690ee37b3902fd0e,SO55962,35,TI-M823,1,35,bc761b2b7297029a695fbd6dd0470724
12002,7a8e187aeb003f6e34c02a4d5b9b153e,2fe1a028f9398deb2efcd536c8246fae,SO63549,2384,BK-T79U-54,1,2384,ba19c22033aaecc6c5dad47f63e5858c
12002,7a8e187aeb003f6e34c02a4d5b9b153e,2fe1a028f9398deb2efcd536c8246fae,SO63549,29,TI-T723,1,29,ba19c22033aaecc6c5dad47f63e5858c
12002,f87821540a577f1c9a7d3e6ff2e77222,58fb574c0b80d76f62690df366352487,SO46304,3375,BK-M82B-44,1,3375,a27fb9d8ace734e3b4395ec342ddb35c
12003,3c8e2c51453f4d665f1050da871dead6,1f50dad3f1493a5cf408c4eb3987479e,SO55449,4640,BK-M68S-38,2,4640,d34ba8f5d7fd7d5959a34c283fbec422
12003,3c8e2c51453f4d665f1050da871dead6,1f50dad3f1493a5cf408c4eb3987479e,SO55449,48,GL-H102-L,2,48,d34ba8f5d7fd7d5959a34c283fbec422
12003,3c8e2c51453f4d665f1050da871dead6,1f50dad3f1493a5cf408c4eb3987479e,SO55449,55,HY-1023-70,1,55,d34ba8f5d7fd7d5959a34c283fbec422
12003,56d78836c9cf0de136c4d2d37aba2280,ba19c22033aaecc6c5dad47f63e5858c,SO63995,2384,BK-T79U-50,1,2384,8c9ec1be720ee75d56d0c250d10610fa
12003,56d78836c9cf0de136c4d2d37aba2280,ba19c22033aaecc6c5dad47f63e5858c,SO63995,27,CA-1098,3,27,8c9ec1be720ee75d56d0c250d10610fa
12003,56d78836c9cf0de136c4d2d37aba2280,ba19c22033aaecc6c5dad47f63e5858c,SO63995,105,HL-U509-B,3,105,8c9ec1be720ee75d56d0c250d10610fa
12003,56d78836c9cf0de136c4d2d37aba2280,ba19c22033aaecc6c5dad47f63e5858c,SO63995,54,SJ-0194-M,1,54,8c9ec1be720ee75d56d0c250d10610fa
12003,8432e9be3a7a8a9212201edf8ef07c9f,790ee96c1472965375882b30fc089300,SO46175,3375,BK-M82B-42,1,3375,564f7f85bc0f9399a0ce2e5f21901984
12004,5bdc8cd31bb1859c6d9dd782c52a85ae,e18c2b136f61489c334cb708a5c6d75f,SO46181,3375,BK-M82B-38,1,3375,cb1acef92aa40abf6c8b8044d9ed1309
12004,99b7e934795a93975a5e0c0b9b57d9ba,870bd4f3713260418e4f342f31dc7e33,SO63878,2384,BK-T79U-54,1,2384,7a8e187aeb003f6e34c02a4d5b9b153e
12004,99b7e934795a93975a5e0c0b9b57d9ba,870bd4f3713260418e4f342f31dc7e33,SO63878,105,HL-U509-B,3,105,7a8e187aeb003f6e34c02a4d5b9b153e
12004,a8ef76a01442567fb64eb6f4408a9835,427ed6396fba4ed8ead9ec3229517d2b,SO56902,4640,BK-M68S-46,2,4640,eba5233d2dd8ea5031e646882335ece0
12005,58f0b42da53adeeccbfa693883fea672,8c9ec1be720ee75d56d0c250d10610fa,SO64433,4590,BK-M68B-42,2,4590,d4746e41b619da57ee9f1a2e2cc254e8
12005,58f0b42da53adeeccbfa693883fea672,8c9ec1be720ee75d56d0c250d10610fa,SO64433,105,HL-U509-B,3,105,d4746e41b619da57ee9f1a2e2cc254e8
12005,58f0b42da53adeeccbfa693883fea672,8c9ec1be720ee75d56d0c250d10610fa,SO64433,35,TI-M823,1,35,d4746e41b619da57ee9f1a2e2cc254e8
12005,58f0b42da53adeeccbfa693883fea672,8c9ec1be720ee75d56d0c250d10610fa,SO64433,5,TT-M928,1,5,d4746e41b619da57ee9f1a2e2cc254e8
12005,b34f038fa8756c7f3677882d150ade23,ab121e91b47aaffbbc247dca4687f0f0,SO46285,3400,BK-M82S-44,1,3400,ef75419eb8c7f979c453315a1853bedc
12005,b988e88fd94a3b47434beeb650cff880,3c1811b546060d91957cc446aabc4a3c,SO56338,1215,BK-T44U-46,1,1215,18025e6a8791d350428f65c0783ebd99
12006,4804ee33768b143d9706052696f7dfbd,7254e54716fe52361e62aa16ea2e0797,SO60253,2,PK-7098,1,2,c660dc308b247ce08aeecd155306bae0
12006,4804ee33768b143d9706052696f7dfbd,7254e54716fe52361e62aa16ea2e0797,SO60253,25,TI-M267,1,25,c660dc308b247ce08aeecd155306bae0
12006,a976f17830aceaaa93d5daef0bc209a3,d9f7611cf8d29b48a1d3d8fddb8c5b2e,SO57485,105,HL-U509,3,105,0e23f371129aecc6b2033620b226f8d7
12006,a976f17830aceaaa93d5daef0bc209a3,d9f7611cf8d29b48a1d3d8fddb8c5b2e,SO57485,54,SJ-0194-M,1,54,0e23f371129aecc6b2033620b226f8d7
12006,a976f17830aceaaa93d5daef0bc209a3,d9f7611cf8d29b48a1d3d8fddb8c5b2e,SO57485,4,TT-R982,1,4,0e23f371129aecc6b2033620b226f8d7
12006,ba19c22033aaecc6c5dad47f63e5858c,8dd08d219271ec96c543f486de430703,SO63013,48,GL-H102-M,2,48,16918840d98f27ce45948fe73dd5592f
12007,058af5b2a408d57b708367e5bf4e9d9c,e82ca4c6beebe812f10fa1041b97a160,SO66821,10,BC-M005,1,10,c507827aa5f4f6bbedf64058461c621b
12007,058af5b2a408d57b708367e5bf4e9d9c,e82ca4c6beebe812f10fa1041b97a160,SO66821,4590,BK-M68B-42,2,4590,c507827aa5f4f6bbedf64058461c621b
12007,058af5b2a408d57b708367e5bf4e9d9c,e82ca4c6beebe812f10fa1041b97a160,SO66821,105,HL-U509,3,105,c507827aa5f4f6bbedf64058461c621b
12007,0a2fc1bbcd813bb0c58bfba89e3844f8,62876ffab17a368f47277b256f840157,SO46449,3400,BK-M82S-42,1,3400,dee9eae0b6c5fbb75435e16238307e35
12007,5691ac18f59a9af20f9d8703772afbba,d8a4ea0dc4237ee8690ee37b3902fd0e,SO55926,1215,BK-T44U-46,1,1215,bc761b2b7297029a695fbd6dd0470724
12007,5691ac18f59a9af20f9d8703772afbba,d8a4ea0dc4237ee8690ee37b3902fd0e,SO55926,105,HL-U509,3,105,bc761b2b7297029a695fbd6dd0470724
12007,5691ac18f59a9af20f9d8703772afbba,d8a4ea0dc4237ee8690ee37b3902fd0e,SO55926,29,TI-T723,1,29,bc761b2b7297029a695fbd6dd0470724
12007,5691ac18f59a9af20f9d8703772afbba,d8a4ea0dc4237ee8690ee37b3902fd0e,SO55926,5,TT-T092,1,5,bc761b2b7297029a695fbd6dd0470724
12008,412998e77ee121227580e3d363f75fa2,df595e3c678d4fae23ce174fe747165e,SO59842,2,PK-7098,1,2,254d832c83ccdb2c33eab65a4fd196ff
12008,412998e77ee121227580e3d363f75fa2,df595e3c678d4fae23ce174fe747165e,SO59842,4,TT-R982,1,4,254d832c83ccdb2c33eab65a4fd196ff
12008,43e2cc7ff261723f93f64f3f7e9faa8d,a6f2945baeceeef4c8d541a22f6e99e9,SO73413,48,GL-H102-L,2,48,88077cf01a3e17831c2d0bcca5897c5b
12008,43e2cc7ff261723f93f64f3f7e9faa8d,a6f2945baeceeef4c8d541a22f6e99e9,SO73413,25,TI-M267,1,25,88077cf01a3e17831c2d0bcca5897c5b
12008,5728955fc583cbfd901d0ba25cb20f92,db10519e66d9a7b809b91935ad1a696d,SO74854,48,GL-H102-M,2,48,01e8942a5792053a553c4612bd6c06a6
12009,40ff348468b73116a7077c246985e0bf,a2c49941411089cb2a9cbf78cb803c26,SO56788,4590,BK-M68B-46,2,4590,830e779850b1d58733a7ad711bf6b83f
12009,40ff348468b73116a7077c246985e0bf,a2c49941411089cb2a9cbf78cb803c26,SO56788,22,FE-6654,1,22,830e779850b1d58733a7ad711bf6b83f
12009,40ff348468b73116a7077c246985e0bf,a2c49941411089cb2a9cbf78cb803c26,SO56788,48,GL-H102-S,2,48,830e779850b1d58733a7ad711bf6b83f
12009,40ff348468b73116a7077c246985e0bf,a2c49941411089cb2a9cbf78cb803c26,SO56788,105,HL-U509,3,105,830e779850b1d58733a7ad711bf6b83f
12009,abe94c2111c58e9c9672602d41bce66e,0149f124a48640c62d90840ac5760331,SO64177,2384,BK-T79Y-60,1,2384,99b7e934795a93975a5e0c0b9b57d9ba
12009,abe94c2111c58e9c9672602d41bce66e,0149f124a48640c62d90840ac5760331,SO64177,105,HL-U509-B,3,105,99b7e934795a93975a5e0c0b9b57d9ba
12009,f5f4a24c43cdbbee05aff7941a939ee5,e0f48f5bd9667361697fd7895dbec731,SO46477,3400,BK-M82S-44,1,3400,7c3142db91e31857b37800499bf69b43
12010,4b5c3229e0725ef8d303f494db9faec8,f46ace11e93788e473124f7be16a19d5,SO63755,2384,BK-T79Y-54,1,2384,0149f124a48640c62d90840ac5760331
12010,4b5c3229e0725ef8d303f494db9faec8,f46ace11e93788e473124f7be16a19d5,SO63755,48,GL-H102-M,2,48,0149f124a48640c62d90840ac5760331
12010,4b5c3229e0725ef8d303f494db9faec8,f46ace11e93788e473124f7be16a19d5,SO63755,105,HL-U509-B,3,105,0149f124a48640c62d90840ac5760331
12010,b0d346be9fa7508e21d5c500b97e6b7a,e0ff70a5e22e7449dab732c95d815720,SO46555,3375,BK-M82B-48,1,3375,23e53557c4c2300cb2511c53082467bb
12010,bc761b2b7297029a695fbd6dd0470724,fef3080ec197edd1a04bb18afd31d16d,SO55669,10,BC-M005,1,10,9b6872ca1d80024637e967d1066bba0a
12010,bc761b2b7297029a695fbd6dd0470724,fef3080ec197edd1a04bb18afd31d16d,SO55669,4640,BK-M68S-42,2,4640,9b6872ca1d80024637e967d1066bba0a
12010,bc761b2b7297029a695fbd6dd0470724,fef3080ec197edd1a04bb18afd31d16d,SO55669,150,LJ-0192-L,3,150,9b6872ca1d80024637e967d1066bba0a
12010,bc761b2b7297029a695fbd6dd0470724,fef3080ec197edd1a04bb18afd31d16d,SO55669,5,WB-H098,1,5,9b6872ca1d80024637e967d1066bba0a
12011,15699e35c72c4036c71409f3f3d69528,f5933feadc49c253e4f0e77b236946e9,SO53062,10,BC-M005,1,10,deff8ad81a213d1110c1f409a7f40fcd
12011,15699e35c72c4036c71409f3f3d69528,f5933feadc49c253e4f0e77b236946e9,SO53062,540,BK-M18B-48,1,540,deff8ad81a213d1110c1f409a7f40fcd
12011,15699e35c72c4036c71409f3f3d69528,f5933feadc49c253e4f0e77b236946e9,SO53062,64,VE-C304-L,1,64,deff8ad81a213d1110c1f409a7f40fcd
12011,15699e35c72c4036c71409f3f3d69528,f5933feadc49c253e4f0e77b236946e9,SO53062,5,WB-H098,1,5,deff8ad81a213d1110c1f409a7f40fcd
12011,5432d51ee94799c0125bb158c8a8bd22,545a3d56d20b22e09aa85bfa5ed8738d,SO73178,742,BK-T18Y-44,1,742,9592b44e2c3f304a9875f45537bec6eb
12011,901d3c97008878679a99b7d12df8ecda,a27fb9d8ace734e3b4395ec342ddb35c,SO46408,3375,BK-M82B-48,1,3375,33bb097d269ab64d47a26edc82a3fbb4
12012,ad4fbe0c82c7e5968d4cf22c2ad19e28,72e75576254db1afef14ecdc050391c2,SO52676,27,CA-1098,3,27,f5933feadc49c253e4f0e77b236946e9
12012,d4746e41b619da57ee9f1a2e2cc254e8,81a5d08c6beaeec9e42baae5d63dd780,SO64073,25,TI-M267,1,25,23bd9a9b90557e9da7babfb8e3d2df22
12012,db2f6a564b6f5f41253c68874b50962b,76918877cf6ce7011018cd9708723392,SO62235,105,HL-U509-R,3,105,606ed413481267c98754e3351f662859
12012,db2f6a564b6f5f41253c68874b50962b,76918877cf6ce7011018cd9708723392,SO62235,5,TT-M928,1,5,606ed413481267c98754e3351f662859
12013,ab2e81a99745ffff6c06e2be93290d1b,76e3c19dbb0dadc4c6dc771d856e4676,SO54140,10,BC-M005,1,10,1685ca8ff12ea83725a1c35e1d89c5cd
12013,ab2e81a99745ffff6c06e2be93290d1b,76e3c19dbb0dadc4c6dc771d856e4676,SO54140,540,BK-M18B-40,1,540,1685ca8ff12ea83725a1c35e1d89c5cd
12013,e0ff70a5e22e7449dab732c95d815720,7a3cb5f97544c8ef7fd51c4b10455880,SO46462,3400,BK-M82S-42,1,3400,d0f6d44eeb1872b3e00d9f219db7d91c
12014,df595e3c678d4fae23ce174fe747165e,07b31bae17c7890b17d79a654aa230cf,SO58891,10,BC-M005,1,10,75fe8d7dec9d2a51be64595ab37dc674
12014,df595e3c678d4fae23ce174fe747165e,07b31bae17c7890b17d79a654aa230cf,SO58891,540,BK-M18B-44,1,540,75fe8d7dec9d2a51be64595ab37dc674
12014,eb89b77c8ab43407829a31ec1c84f649,33bb097d269ab64d47a26edc82a3fbb4,SO46456,3400,BK-M82S-44,1,3400,7fe55f4f2e51708bd160778e5ef08685
12015,eba5233d2dd8ea5031e646882335ece0,629ffff971d10f275a79a70fae527fbc,SO56634,22,FE-6654,1,22,b988e88fd94a3b47434beeb650cff880
12015,eba5233d2dd8ea5031e646882335ece0,629ffff971d10f275a79a70fae527fbc,SO56634,35,TI-M823,1,35,b988e88fd94a3b47434beeb650cff880
12015,eba5233d2dd8ea5031e646882335ece0,629ffff971d10f275a79a70fae527fbc,SO56634,5,TT-M928,1,5,b988e88fd94a3b47434beeb650cff880
12016,4e6174091aa6704e09467a0839dac801,3c6f36b5b624fc10e0e7fb916bc9e67a,SO46231,3578,BK-R93R-62,1,3578,ab121e91b47aaffbbc247dca4687f0f0
12016,9e8cbc3edbb5efb3f48d6afb260e4725,174acf6ca4e9804d47a59a499422e621,SO59248,10,BC-M005,1,10,640540d73b85c3ecd2e3bf5541686e87
12016,9e8cbc3edbb5efb3f48d6afb260e4725,174acf6ca4e9804d47a59a499422e621,SO59248,4640,BK-M68S-38,2,4640,640540d73b85c3ecd2e3bf5541686e87
12016,9e8cbc3edbb5efb3f48d6afb260e4725,174acf6ca4e9804d47a59a499422e621,SO59248,5,WB-H098,1,5,640540d73b85c3ecd2e3bf5541686e87
12017,5a06908cc28b799b04fc1c47664462e6,da9c4ba6c9a1ae8725389bfd38b5763a,SO54757,10,BC-M005,1,10,6d338b8c41c717c4336ad0084a80dca4
12017,5a06908cc28b799b04fc1c47664462e6,da9c4ba6c9a1ae8725389bfd38b5763a,SO54757,4590,BK-M68B-38,2,4590,6d338b8c41c717c4336ad0084a80dca4
12017,5a06908cc28b799b04fc1c47664462e6,da9c4ba6c9a1ae8725389bfd38b5763a,SO54757,105,HL-U509,3,105,6d338b8c41c717c4336ad0084a80dca4
12018,a1d0c0a14c6c8f8a8ef8220209c23a64,05e7920e8caf0303dc01b77666952b75,SO66995,4590,BK-M68B-46,2,4590,cd15e5f80ff20dd345bfaa51400dd0d6
12018,a1d0c0a14c6c8f8a8ef8220209c23a64,05e7920e8caf0303dc01b77666952b75,SO66995,105,HL-U509-B,3,105,cd15e5f80ff20dd345bfaa51400dd0d6
12018,a1d0c0a14c6c8f8a8ef8220209c23a64,05e7920e8caf0303dc01b77666952b75,SO66995,35,TI-M823,1,35,cd15e5f80ff20dd345bfaa51400dd0d6
12018,a1d0c0a14c6c8f8a8ef8220209c23a64,05e7920e8caf0303dc01b77666952b75,SO66995,5,TT-M928,1,5,cd15e5f80ff20dd345bfaa51400dd0d6
12018,a1d0c0a14c6c8f8a8ef8220209c23a64,05e7920e8caf0303dc01b77666952b75,SO66995,64,VE-C304-S,1,64,cd15e5f80ff20dd345bfaa51400dd0d6
12018,d67506f7b78a628b8ca297a62df67cd7,39106a04f091528b34339175a1913836,SO46108,3578,BK-R93R-62,1,3578,c662479358c8f228c7b04ddb926eb524
12019,0001ffe4d82d0d8f9fec5ab0b4faa2db,3dc63b2d6dcc8f0b6720b06b5439a0b1,SO67058,105,HL-U509,3,105,4004a117f65dfd3221a9cce8fce5a45f
12019,0001ffe4d82d0d8f9fec5ab0b4faa2db,3dc63b2d6dcc8f0b6720b06b5439a0b1,SO67058,35,TI-M823,1,35,4004a117f65dfd3221a9cce8fce5a45f
12019,0001ffe4d82d0d8f9fec5ab0b4faa2db,3dc63b2d6dcc8f0b6720b06b5439a0b1,SO67058,5,TT-M928,1,5,4004a117f65dfd3221a9cce8fce5a45f
12020,8eb7a1b0dba9fdd5f4248b9cb6b9119b,9f1ff00ea8fd9fd8f2d421ba5ec45a18,SO68243,769,BK-M38S-38,1,769,c7390752782466cfc9a3ed7d3a79e046
12020,8eb7a1b0dba9fdd5f4248b9cb6b9119b,9f1ff00ea8fd9fd8f2d421ba5ec45a18,SO68243,30,TI-M602,1,30,c7390752782466cfc9a3ed7d3a79e046
12020,8eb7a1b0dba9fdd5f4248b9cb6b9119b,9f1ff00ea8fd9fd8f2d421ba5ec45a18,SO68243,5,TT-M928,1,5,c7390752782466cfc9a3ed7d3a79e046
12021,3fbd0407b55d3a3da21388a2ddbf881c,ab4946738415af86b5e3cee69b13301f,SO57945,10,BC-M005,1,10,5abaefcc8525a8f4cfd95cba9e926532
12021,3fbd0407b55d3a3da21388a2ddbf881c,ab4946738415af86b5e3cee69b13301f,SO57945,565,BK-M18S-42,1,565,5abaefcc8525a8f4cfd95cba9e926532
12021,3fbd0407b55d3a3da21388a2ddbf881c,ab4946738415af86b5e3cee69b13301f,SO57945,64,VE-C304-L,1,64,5abaefcc8525a8f4cfd95cba9e926532
12021,3fbd0407b55d3a3da21388a2ddbf881c,ab4946738415af86b5e3cee69b13301f,SO57945,5,WB-H098,1,5,5abaefcc8525a8f4cfd95cba9e926532
12021,7fe55f4f2e51708bd160778e5ef08685,b34f038fa8756c7f3677882d150ade23,SO46419,3400,BK-M82S-38,1,3400,3a5d59e0d6a1a261f70c276f78a569eb
12022,94b225b5b1f09ecd5e8ecdfb681ff04c,03bf7d2a8718ee9aca4bd2f37e962fc4,SO64349,2,PK-7098,1,2,61e00b038efd34bdf9c747596273cbcf
12022,94b225b5b1f09ecd5e8ecdfb681ff04c,03bf7d2a8718ee9aca4bd2f37e962fc4,SO64349,35,TI-M823,1,35,61e00b038efd34bdf9c747596273cbcf
12022,e2f0a420a4c1a9e8e292761f835e0489,4eec6eda382b9c44e240ad4b4b5e9cc0,SO65563,9,BC-R205,1,9,9d934f91c460e9947414d00048f2fa36
12022,e2f0a420a4c1a9e8e292761f835e0489,4eec6eda382b9c44e240ad4b4b5e9cc0,SO65563,105,HL-U509-R,3,105,9d934f91c460e9947414d00048f2fa36
12022,e2f0a420a4c1a9e8e292761f835e0489,4eec6eda382b9c44e240ad4b4b5e9cc0,SO65563,150,LJ-0192-L,3,150,9d934f91c460e9947414d00048f2fa36
12022,e2f0a420a4c1a9e8e292761f835e0489,4eec6eda382b9c44e240ad4b4b5e9cc0,SO65563,5,WB-H098,1,5,9d934f91c460e9947414d00048f2fa36
12023,36ab6f1df21f3c9a169c8942e981959a,058af5b2a408d57b708367e5bf4e9d9c,SO67683,4640,BK-M68S-38,2,4640,8e8847c1bdf012037ee13bb62da8a5c1
12023,36ab6f1df21f3c9a169c8942e981959a,058af5b2a408d57b708367e5bf4e9d9c,SO67683,35,TI-M823,1,35,8e8847c1bdf012037ee13bb62da8a5c1
12023,c33c6976b463bb3c89443e51c98853bd,1f46035fc72c89f13de95ed295e3f737,SO46120,3578,BK-R93R-52,1,3578,790ee96c1472965375882b30fc089300
12024,58f0b42da53adeeccbfa693883fea672,8c9ec1be720ee75d56d0c250d10610fa,SO64418,105,HL-U509,3,105,d4746e41b619da57ee9f1a2e2cc254e8
12024,58f0b42da53adeeccbfa693883fea672,8c9ec1be720ee75d56d0c250d10610fa,SO64418,35,TI-M823,1,35,d4746e41b619da57ee9f1a2e2cc254e8
12024,58f0b42da53adeeccbfa693883fea672,8c9ec1be720ee75d56d0c250d10610fa,SO64418,5,TT-M928,1,5,d4746e41b619da57ee9f1a2e2cc254e8
12024,714597fe9448176d17876617114a65bc,d6ec5bff1a0809822c740ce35792fa7a,SO53185,27,CA-1098,3,27,3143ce3c6436ed5bd25398756b7b661d
12025,9c1231676f7d0735ca17dcc3b53881c6,8432e9be3a7a8a9212201edf8ef07c9f,SO46259,3578,BK-R93R-52,1,3578,167c301692e8c30daa0602fbcbeb02b6
12025,c926349b55a58d87d7d5008c349fd1e9,9e8cbc3edbb5efb3f48d6afb260e4725,SO60095,4590,BK-M68B-38,2,4590,ccb91034934bb047c5f6a32eb289b95b
12025,c926349b55a58d87d7d5008c349fd1e9,9e8cbc3edbb5efb3f48d6afb260e4725,SO60095,2,PK-7098,1,2,ccb91034934bb047c5f6a32eb289b95b
12025,c926349b55a58d87d7d5008c349fd1e9,9e8cbc3edbb5efb3f48d6afb260e4725,SO60095,35,TI-M823,1,35,ccb91034934bb047c5f6a32eb289b95b
12026,9e8cbc3edbb5efb3f48d6afb260e4725,174acf6ca4e9804d47a59a499422e621,SO59250,10,BC-M005,1,10,640540d73b85c3ecd2e3bf5541686e87
12026,9e8cbc3edbb5efb3f48d6afb260e4725,174acf6ca4e9804d47a59a499422e621,SO59250,4640,BK-M68S-46,2,4640,640540d73b85c3ecd2e3bf5541686e87
12026,9e8cbc3edbb5efb3f48d6afb260e4725,174acf6ca4e9804d47a59a499422e621,SO59250,64,VE-C304-L,1,64,640540d73b85c3ecd2e3bf5541686e87
12026,9e8cbc3edbb5efb3f48d6afb260e4725,174acf6ca4e9804d47a59a499422e621,SO59250,5,WB-H098,1,5,640540d73b85c3ecd2e3bf5541686e87
12026,ec3807bc691cff8019155b6bd6a3a85d,5c70f2bf0cb9e8d72491348c6d6d9b06,SO46287,3578,BK-R93R-48,1,3578,671cb8c9b19c0247af30375f5adaed12
12027,5c70f2bf0cb9e8d72491348c6d6d9b06,d67506f7b78a628b8ca297a62df67cd7,SO46195,3578,BK-R93R-56,1,3578,0be9b4cec5bf5b809cc2e222c24ee42b
12027,b210069485754303767745919c328b97,305c66634c155cab2b5cc3ce00351eb1,SO62857,10,BC-M005,1,10,5efefff01843f5aa3f7d8a4d44b4bf2e
12027,b210069485754303767745919c328b97,305c66634c155cab2b5cc3ce00351eb1,SO62857,4640,BK-M68S-38,2,4640,5efefff01843f5aa3f7d8a4d44b4bf2e
12027,b210069485754303767745919c328b97,305c66634c155cab2b5cc3ce00351eb1,SO62857,5,WB-H098,1,5,5efefff01843f5aa3f7d8a4d44b4bf2e
12028,caa707f97407c07371136aaf471a91d4,4efe8b2ca156042f8a3d8dd6aba54520,SO67124,35,TI-M823,1,35,058af5b2a408d57b708367e5bf4e9d9c
12028,caa707f97407c07371136aaf471a91d4,4efe8b2ca156042f8a3d8dd6aba54520,SO67124,5,TT-M928,1,5,058af5b2a408d57b708367e5bf4e9d9c
12029,a946e75bc65318721cd1e01162d392dd,5efefff01843f5aa3f7d8a4d44b4bf2e,SO63467,10,BC-M005,1,10,3a23b248b732af434a45fce0302aa11f
12029,a946e75bc65318721cd1e01162d392dd,5efefff01843f5aa3f7d8a4d44b4bf2e,SO63467,35,TI-M823,1,35,3a23b248b732af434a45fce0302aa11f
12029,a946e75bc65318721cd1e01162d392dd,5efefff01843f5aa3f7d8a4d44b4bf2e,SO63467,5,TT-M928,1,5,3a23b248b732af434a45fce0302aa11f
12029,a946e75bc65318721cd1e01162d392dd,5efefff01843f5aa3f7d8a4d44b4bf2e,SO63467,5,WB-H098,1,5,3a23b248b732af434a45fce0302aa11f
12030,8432e9be3a7a8a9212201edf8ef07c9f,790ee96c1472965375882b30fc089300,SO46172,3578,BK-R93R-62,1,3578,564f7f85bc0f9399a0ce2e5f21901984
12030,b210069485754303767745919c328b97,305c66634c155cab2b5cc3ce00351eb1,SO62858,4640,BK-M68S-42,2,4640,5efefff01843f5aa3f7d8a4d44b4bf2e
12030,b210069485754303767745919c328b97,305c66634c155cab2b5cc3ce00351eb1,SO62858,22,FE-6654,1,22,5efefff01843f5aa3f7d8a4d44b4bf2e
12030,b210069485754303767745919c328b97,305c66634c155cab2b5cc3ce00351eb1,SO62858,150,LJ-0192-S,3,150,5efefff01843f5aa3f7d8a4d44b4bf2e
12031,86bfb8ffc7a79e52d833cedce4d275bf,962bae2fb03296a3b9cacabfa929322c,SO70216,769,BK-M38S-42,1,769,ec24e4cf9fcc90f3bbe81b2fb3735c21
12032,15699e35c72c4036c71409f3f3d69528,f5933feadc49c253e4f0e77b236946e9,SO53048,10,BC-M005,1,10,deff8ad81a213d1110c1f409a7f40fcd
12032,15699e35c72c4036c71409f3f3d69528,f5933feadc49c253e4f0e77b236946e9,SO53048,565,BK-M18S-40,1,565,deff8ad81a213d1110c1f409a7f40fcd
12032,15699e35c72c4036c71409f3f3d69528,f5933feadc49c253e4f0e77b236946e9,SO53048,105,HL-U509,3,105,deff8ad81a213d1110c1f409a7f40fcd
12032,15699e35c72c4036c71409f3f3d69528,f5933feadc49c253e4f0e77b236946e9,SO53048,5,WB-H098,1,5,deff8ad81a213d1110c1f409a7f40fcd
12033,5c741aa8e0753be65314a304e7b39c14,d945ec2aae74dbfb829453026b91c235,SO62073,4590,BK-M68B-42,2,4590,7ee641303ef8d8b10d0ed00a060c73cc
12033,5c741aa8e0753be65314a304e7b39c14,d945ec2aae74dbfb829453026b91c235,SO62073,22,FE-6654,1,22,7ee641303ef8d8b10d0ed00a060c73cc
12033,5c741aa8e0753be65314a304e7b39c14,d945ec2aae74dbfb829453026b91c235,SO62073,54,SJ-0194-S,1,54,7ee641303ef8d8b10d0ed00a060c73cc
12033,79aec4feadc6bb77df978e9aecbf488e,755330dee3da0e4fcef37002a479e564,SO46297,3578,BK-R93R-52,1,3578,9c1231676f7d0735ca17dcc3b53881c6
12034,5728955fc583cbfd901d0ba25cb20f92,db10519e66d9a7b809b91935ad1a696d,SO74851,2,PK-7098,1,2,01e8942a5792053a553c4612bd6c06a6
12034,6dd75c28a9a8a39e02bc0a175f82a9f3,dfcee565bb2da80a7b76451a5cd314a1,SO66890,105,HL-U509-B,3,105,f88b3743a9ce1f9455b6de69380b486a
12034,6dd75c28a9a8a39e02bc0a175f82a9f3,dfcee565bb2da80a7b76451a5cd314a1,SO66890,5,TT-M928,1,5,f88b3743a9ce1f9455b6de69380b486a
12034,a1d0c0a14c6c8f8a8ef8220209c23a64,05e7920e8caf0303dc01b77666952b75,SO66958,2,PK-7098,1,2,cd15e5f80ff20dd345bfaa51400dd0d6
12034,a1d0c0a14c6c8f8a8ef8220209c23a64,05e7920e8caf0303dc01b77666952b75,SO66958,25,TI-M267,1,25,cd15e5f80ff20dd345bfaa51400dd0d6
12034,a1d0c0a14c6c8f8a8ef8220209c23a64,05e7920e8caf0303dc01b77666952b75,SO66958,5,TT-M928,1,5,cd15e5f80ff20dd345bfaa51400dd0d6
12035,b0b2c17e5682f78d8fc262463fd0a4f3,375bde15092f45652b6398c1dff650d0,SO57962,2,PK-7098,1,2,5e1b952a22eccca86f7f056a9efb42a4
12035,dca79d69a6b38e95c4b03bfab997796c,e5bf4a4a03e320ed76cf2ca68fa5b4c0,SO52373,105,HL-U509-B,3,105,9f79f7706bc6a7654ef0b8977966f69a
12035,dca79d69a6b38e95c4b03bfab997796c,e5bf4a4a03e320ed76cf2ca68fa5b4c0,SO52373,25,TI-M267,1,25,9f79f7706bc6a7654ef0b8977966f69a
12035,dca79d69a6b38e95c4b03bfab997796c,e5bf4a4a03e320ed76cf2ca68fa5b4c0,SO52373,5,TT-M928,1,5,9f79f7706bc6a7654ef0b8977966f69a
12035,ed268f8f3837888893f896b7240f1254,a9cefc49af6424b430612adfc69876ee,SO56436,9,SO-R809-M,1,9,6353a8421ee460b64f2c988cc72a8391
12035,ed268f8f3837888893f896b7240f1254,a9cefc49af6424b430612adfc69876ee,SO56436,5,TT-M928,1,5,6353a8421ee460b64f2c988cc72a8391
12036,3ebfce6ccd7540a632ae7e6ad8100c29,d630b2db6e8046e30b4728ca862ba4e1,SO59343,2,PK-7098,1,2,df595e3c678d4fae23ce174fe747165e
12036,3ebfce6ccd7540a632ae7e6ad8100c29,d630b2db6e8046e30b4728ca862ba4e1,SO59343,25,TI-M267,1,25,df595e3c678d4fae23ce174fe747165e
12036,4310d0d92131e34ff2716d85e1953174,90c6314650a0d54fdcabe5cd5406f9af,SO54596,2,PK-7098,1,2,d3c54b4368c62c2ff11535bf2b677170
12036,b34050290c25b0f7b52a2b8f767df87d,caa707f97407c07371136aaf471a91d4,SO67968,105,HL-U509-B,3,105,36ab6f1df21f3c9a169c8942e981959a
12036,b34050290c25b0f7b52a2b8f767df87d,caa707f97407c07371136aaf471a91d4,SO67968,5,TT-M928,1,5,36ab6f1df21f3c9a169c8942e981959a
12037,4593d632f4e33a6fedc30d17cbdc0c29,c7ba73dc38a0064ac7ceeef22463d8d7,SO46596,3375,BK-M82B-42,1,3375,2f6f8a5ec1c6c4b60d2ceb4eb5ad9c78
12037,629ffff971d10f275a79a70fae527fbc,d6ab5a0eee939524352092b964d92b84,SO56019,1215,BK-T44U-50,1,1215,3c1811b546060d91957cc446aabc4a3c
12037,629ffff971d10f275a79a70fae527fbc,d6ab5a0eee939524352092b964d92b84,SO56019,105,HL-U509,3,105,3c1811b546060d91957cc446aabc4a3c
12037,e82ca4c6beebe812f10fa1041b97a160,9d934f91c460e9947414d00048f2fa36,SO66063,4640,BK-M68S-38,2,4640,6d1d8a1c7851eb5a946d45009cea6d9f
12037,e82ca4c6beebe812f10fa1041b97a160,9d934f91c460e9947414d00048f2fa36,SO66063,2,PK-7098,1,2,6d1d8a1c7851eb5a946d45009cea6d9f
12037,e82ca4c6beebe812f10fa1041b97a160,9d934f91c460e9947414d00048f2fa36,SO66063,120,RA-H123,1,120,6d1d8a1c7851eb5a946d45009cea6d9f
12037,e82ca4c6beebe812f10fa1041b97a160,9d934f91c460e9947414d00048f2fa36,SO66063,35,TI-M823,1,35,6d1d8a1c7851eb5a946d45009cea6d9f
12037,e82ca4c6beebe812f10fa1041b97a160,9d934f91c460e9947414d00048f2fa36,SO66063,5,TT-M928,1,5,6d1d8a1c7851eb5a946d45009cea6d9f
12038,04dbdf67bb8714ba18c9c36d50d1f5dc,4cc27df81afd686c0420394e090460cb,SO61976,48,GL-H102-S,2,48,2ed3972e38245b633ec6b146c2970148
12038,04dbdf67bb8714ba18c9c36d50d1f5dc,4cc27df81afd686c0420394e090460cb,SO61976,105,HL-U509-B,3,105,2ed3972e38245b633ec6b146c2970148
12038,04dbdf67bb8714ba18c9c36d50d1f5dc,4cc27df81afd686c0420394e090460cb,SO61976,5,TT-M928,1,5,2ed3972e38245b633ec6b146c2970148
12038,40883861f6e25a2e09e848a7891f4f38,eba5233d2dd8ea5031e646882335ece0,SO57434,2,PK-7098,1,2,d76e0ba1fa041675ae9af958c5b41ae4
12038,4c9ae581a14adbccc0bcd009c17b6cbe,56e52500a7f5ab963646137a401683cd,SO75030,25,TI-M267,1,25,838eec1f117f2cab9e9c306f7efbff28
12039,4593d632f4e33a6fedc30d17cbdc0c29,c7ba73dc38a0064ac7ceeef22463d8d7,SO46597,3375,BK-M82B-38,1,3375,2f6f8a5ec1c6c4b60d2ceb4eb5ad9c78
12039,4b5c3229e0725ef8d303f494db9faec8,f46ace11e93788e473124f7be16a19d5,SO63756,2384,BK-T79U-54,1,2384,0149f124a48640c62d90840ac5760331
12039,4b5c3229e0725ef8d303f494db9faec8,f46ace11e93788e473124f7be16a19d5,SO63756,48,GL-H102-S,2,48,0149f124a48640c62d90840ac5760331
12039,4b5c3229e0725ef8d303f494db9faec8,f46ace11e93788e473124f7be16a19d5,SO63756,105,HL-U509,3,105,0149f124a48640c62d90840ac5760331
12039,59c3d64cb01cd5ad7fd25246d81a55ff,ac15b60491fe99190c0248790e690757,SO55543,4590,BK-M68B-38,2,4590,d8a4ea0dc4237ee8690ee37b3902fd0e
12039,59c3d64cb01cd5ad7fd25246d81a55ff,ac15b60491fe99190c0248790e690757,SO55543,48,GL-H102-S,2,48,d8a4ea0dc4237ee8690ee37b3902fd0e
12039,59c3d64cb01cd5ad7fd25246d81a55ff,ac15b60491fe99190c0248790e690757,SO55543,105,HL-U509-R,3,105,d8a4ea0dc4237ee8690ee37b3902fd0e
12039,59c3d64cb01cd5ad7fd25246d81a55ff,ac15b60491fe99190c0248790e690757,SO55543,35,TI-M823,1,35,d8a4ea0dc4237ee8690ee37b3902fd0e
12039,59c3d64cb01cd5ad7fd25246d81a55ff,ac15b60491fe99190c0248790e690757,SO55543,5,TT-M928,1,5,d8a4ea0dc4237ee8690ee37b3902fd0e
12040,40eee601514259a9632d510ca71226cc,8babade0595c11e14dd89058a850f2cd,SO74416,27,CA-1098,3,27,982b3b4109cce5d4e5bf1fcbe0ae259b
12040,ad4fbe0c82c7e5968d4cf22c2ad19e28,72e75576254db1afef14ecdc050391c2,SO52710,2,PK-7098,1,2,f5933feadc49c253e4f0e77b236946e9
12040,ad4fbe0c82c7e5968d4cf22c2ad19e28,72e75576254db1afef14ecdc050391c2,SO52710,35,TI-M823,1,35,f5933feadc49c253e4f0e77b236946e9
12040,ad4fbe0c82c7e5968d4cf22c2ad19e28,72e75576254db1afef14ecdc050391c2,SO52710,5,TT-M928,1,5,f5933feadc49c253e4f0e77b236946e9
12041,ab121e91b47aaffbbc247dca4687f0f0,cf4f13c16dae1f2408e65c290fefcbaa,SO46186,3578,BK-R93R-62,1,3578,dd323e11c7806b56c8b4104210bb4235
12041,d945ec2aae74dbfb829453026b91c235,348f48807f500aeac729fb17d9bc97f1,SO61360,4590,BK-M68B-38,2,4590,eef21e68ecca703bb338920b950f203c
12041,d945ec2aae74dbfb829453026b91c235,348f48807f500aeac729fb17d9bc97f1,SO61360,105,HL-U509-B,3,105,eef21e68ecca703bb338920b950f203c
12041,d945ec2aae74dbfb829453026b91c235,348f48807f500aeac729fb17d9bc97f1,SO61360,150,LJ-0192-X,3,150,eef21e68ecca703bb338920b950f203c
12041,d945ec2aae74dbfb829453026b91c235,348f48807f500aeac729fb17d9bc97f1,SO61360,35,TI-M823,1,35,eef21e68ecca703bb338920b950f203c
12041,d945ec2aae74dbfb829453026b91c235,348f48807f500aeac729fb17d9bc97f1,SO61360,5,TT-M928,1,5,eef21e68ecca703bb338920b950f203c
12042,04dbdf67bb8714ba18c9c36d50d1f5dc,4cc27df81afd686c0420394e090460cb,SO62005,4640,BK-M68S-46,2,4640,2ed3972e38245b633ec6b146c2970148
12042,04dbdf67bb8714ba18c9c36d50d1f5dc,4cc27df81afd686c0420394e090460cb,SO62005,22,FE-6654,1,22,2ed3972e38245b633ec6b146c2970148
12042,04dbdf67bb8714ba18c9c36d50d1f5dc,4cc27df81afd686c0420394e090460cb,SO62005,55,HY-1023-70,1,55,2ed3972e38245b633ec6b146c2970148
12042,0be9b4cec5bf5b809cc2e222c24ee42b,c662479358c8f228c7b04ddb926eb524,SO46163,3578,BK-R93R-48,1,3578,5740ddd9cc89a58039f5790a932ada9b
12043,058af5b2a408d57b708367e5bf4e9d9c,e82ca4c6beebe812f10fa1041b97a160,SO66809,55,HY-1023-70,1,55,c507827aa5f4f6bbedf64058461c621b
12043,058af5b2a408d57b708367e5bf4e9d9c,e82ca4c6beebe812f10fa1041b97a160,SO66809,35,TI-M823,1,35,c507827aa5f4f6bbedf64058461c621b
12043,058af5b2a408d57b708367e5bf4e9d9c,e82ca4c6beebe812f10fa1041b97a160,SO66809,5,TT-M928,1,5,c507827aa5f4f6bbedf64058461c621b
12043,a048b8d5f3f9178f163e2be055f0138b,c83e871e48c2716e0f28e60d166a5c98,SO72954,27,CA-1098,3,27,41ef6b06b63ba4f6a5234245a439b157
12044,2797a91b25bc2aa85124c99bc574dc83,86bfb8ffc7a79e52d833cedce4d275bf,SO71056,22,FE-6654,1,22,a9adf65abbb865184bf924d14a93d0c4
12044,2797a91b25bc2aa85124c99bc574dc83,86bfb8ffc7a79e52d833cedce4d275bf,SO71056,105,HL-U509-R,3,105,a9adf65abbb865184bf924d14a93d0c4
12044,2797a91b25bc2aa85124c99bc574dc83,86bfb8ffc7a79e52d833cedce4d275bf,SO71056,35,TI-M823,1,35,a9adf65abbb865184bf924d14a93d0c4
12044,2797a91b25bc2aa85124c99bc574dc83,86bfb8ffc7a79e52d833cedce4d275bf,SO71056,5,TT-M928,1,5,a9adf65abbb865184bf924d14a93d0c4
12044,c83e871e48c2716e0f28e60d166a5c98,6a8d7e42bb852c45fbf8610361d391a0,SO72063,27,CA-1098,3,27,c4c454d69a39e60a6f5cf2f97148adad
12045,174acf6ca4e9804d47a59a499422e621,5abaefcc8525a8f4cfd95cba9e926532,SO58326,22,FE-6654,1,22,eba6cab7267f82e3b2a063d5ea445bb9
12045,174acf6ca4e9804d47a59a499422e621,5abaefcc8525a8f4cfd95cba9e926532,SO58326,35,TI-M823,1,35,eba6cab7267f82e3b2a063d5ea445bb9
12045,99c8f306659fd98cbb9d7f03ec0c2a7a,705fa39ab40831529471c768490339ab,SO69866,27,CA-1098,3,27,fff3c307c93eda1eb91d53ca588846fe
12046,15aceb75d86814cb479f1b1a9487c3d4,f799d104dd23bb828dcdaaefc4d25b61,SO52883,27,CA-1098,3,27,072bf847aeeee970f66483e596496cd9
12046,fda052162862bb845297063fd71a580c,1678083e7ff90bd404baad3f60bffa37,SO56416,35,TI-M823,1,35,a2c49941411089cb2a9cbf78cb803c26
12047,375bde15092f45652b6398c1dff650d0,830e779850b1d58733a7ad711bf6b83f,SO57344,35,TI-M823,1,35,a8ef76a01442567fb64eb6f4408a9835
12047,66e56e10b0f528b66a45e307ecdf4774,691ad1b0dca3643b923973defd014d47,SO68540,27,CA-1098,3,27,8eb7a1b0dba9fdd5f4248b9cb6b9119b
12048,c4c454d69a39e60a6f5cf2f97148adad,49fce086a31f1cfcf16b54e462f7cbc0,SO71594,105,HL-U509-R,3,105,31c99d724c1f182c60edb82eb4740277
12048,c4c454d69a39e60a6f5cf2f97148adad,49fce086a31f1cfcf16b54e462f7cbc0,SO71594,35,TI-M823,1,35,31c99d724c1f182c60edb82eb4740277
12048,c4c454d69a39e60a6f5cf2f97148adad,49fce086a31f1cfcf16b54e462f7cbc0,SO71594,5,TT-M928,1,5,31c99d724c1f182c60edb82eb4740277
12048,dfcee565bb2da80a7b76451a5cd314a1,6582aa26281b9a92ad60e6a03e274c00,SO66155,27,CA-1098,3,27,64cadfde6f66bc25043d0d69f5ae5471
12048,dfcee565bb2da80a7b76451a5cd314a1,6582aa26281b9a92ad60e6a03e274c00,SO66155,150,LJ-0192-X,3,150,64cadfde6f66bc25043d0d69f5ae5471
12049,c87874400b9f907bdf9ea37d75a4b341,23bd9a9b90557e9da7babfb8e3d2df22,SO64574,22,FE-6654,1,22,8b9fe4b34e3c54f08bfcac3d9691e260
12049,c87874400b9f907bdf9ea37d75a4b341,23bd9a9b90557e9da7babfb8e3d2df22,SO64574,105,HL-U509-B,3,105,8b9fe4b34e3c54f08bfcac3d9691e260
12049,c87874400b9f907bdf9ea37d75a4b341,23bd9a9b90557e9da7babfb8e3d2df22,SO64574,35,TI-M823,1,35,8b9fe4b34e3c54f08bfcac3d9691e260
12049,c87874400b9f907bdf9ea37d75a4b341,23bd9a9b90557e9da7babfb8e3d2df22,SO64574,5,TT-M928,1,5,8b9fe4b34e3c54f08bfcac3d9691e260
12049,e84848120190a8d0e696fbeb15647a74,fff3c307c93eda1eb91d53ca588846fe,SO70378,48,GL-H102-M,2,48,f544b472453b297a8b55709fbfd3746d
12049,e84848120190a8d0e696fbeb15647a74,fff3c307c93eda1eb91d53ca588846fe,SO70378,150,LJ-0192-M,3,150,f544b472453b297a8b55709fbfd3746d
12050,58fb574c0b80d76f62690df366352487,5740ddd9cc89a58039f5790a932ada9b,SO46213,3578,BK-R93R-56,1,3578,f3cf78cac8ecb957d2c84eb7ec1a9c3c
12050,6be9692276a308e4b872323af1ad8fe2,bee2b842cd357511cf4c8e509f5af192,SO52360,4640,BK-M68S-42,2,4640,72e75576254db1afef14ecdc050391c2
12050,6be9692276a308e4b872323af1ad8fe2,bee2b842cd357511cf4c8e509f5af192,SO52360,22,FE-6654,1,22,72e75576254db1afef14ecdc050391c2
12050,6be9692276a308e4b872323af1ad8fe2,bee2b842cd357511cf4c8e509f5af192,SO52360,35,TI-M823,1,35,72e75576254db1afef14ecdc050391c2
12050,6be9692276a308e4b872323af1ad8fe2,bee2b842cd357511cf4c8e509f5af192,SO52360,5,TT-M928,1,5,72e75576254db1afef14ecdc050391c2
12050,6be9692276a308e4b872323af1ad8fe2,bee2b842cd357511cf4c8e509f5af192,SO52360,64,VE-C304-S,1,64,72e75576254db1afef14ecdc050391c2
12051,4a800301260b2639fa1ec3efafb5f86c,23f22724b430320654759f8512440ebc,SO59152,150,LJ-0192-X,3,150,a189cc17a15cdb4e39e80dfcd8374c76
12051,714597fe9448176d17876617114a65bc,d6ec5bff1a0809822c740ce35792fa7a,SO53230,35,TI-M823,1,35,3143ce3c6436ed5bd25398756b7b661d
12051,714597fe9448176d17876617114a65bc,d6ec5bff1a0809822c740ce35792fa7a,SO53230,5,TT-M928,1,5,3143ce3c6436ed5bd25398756b7b661d
12052,0dc34ca2aaa8612cde077f1880b78b25,361e2c62255e0c1887ac2139911ca300,SO52515,4640,BK-M68S-42,2,4640,7f026edc73bd4602381834e9b850d6c2
12052,0dc34ca2aaa8612cde077f1880b78b25,361e2c62255e0c1887ac2139911ca300,SO52515,2,PK-7098,1,2,7f026edc73bd4602381834e9b850d6c2
12052,0dc34ca2aaa8612cde077f1880b78b25,361e2c62255e0c1887ac2139911ca300,SO52515,35,TI-M823,1,35,7f026edc73bd4602381834e9b850d6c2
12052,cb1acef92aa40abf6c8b8044d9ed1309,02bc737163cde26453ad278829f046f2,SO46148,3578,BK-R93R-62,1,3578,d67506f7b78a628b8ca297a62df67cd7
12053,d67506f7b78a628b8ca297a62df67cd7,39106a04f091528b34339175a1913836,SO46114,3578,BK-R93R-52,1,3578,c662479358c8f228c7b04ddb926eb524
12053,db2b287636ac5ebda430de4f3f643b24,7af7abc5e37d5fa2e2334b4fec2584e2,SO52011,4640,BK-M68S-38,2,4640,bee2b842cd357511cf4c8e509f5af192
12053,db2b287636ac5ebda430de4f3f643b24,7af7abc5e37d5fa2e2334b4fec2584e2,SO52011,105,HL-U509-R,3,105,bee2b842cd357511cf4c8e509f5af192
12053,db2b287636ac5ebda430de4f3f643b24,7af7abc5e37d5fa2e2334b4fec2584e2,SO52011,35,TI-M823,1,35,bee2b842cd357511cf4c8e509f5af192
12053,db2b287636ac5ebda430de4f3f643b24,7af7abc5e37d5fa2e2334b4fec2584e2,SO52011,5,TT-M928,1,5,bee2b842cd357511cf4c8e509f5af192
12054,4c6ed4daa82e7326b84c24f4c2ae7064,b2ce0ef2540789e8a6976165b6c917d8,SO73276,105,HL-U509-R,3,105,aa14ddbc43aa2d3be1e6ac019bb7b5bc
12054,4c6ed4daa82e7326b84c24f4c2ae7064,b2ce0ef2540789e8a6976165b6c917d8,SO73276,30,TI-M602,1,30,aa14ddbc43aa2d3be1e6ac019bb7b5bc
12054,4c6ed4daa82e7326b84c24f4c2ae7064,b2ce0ef2540789e8a6976165b6c917d8,SO73276,5,TT-M928,1,5,aa14ddbc43aa2d3be1e6ac019bb7b5bc
12054,5e9b4970006d8f02ba0bc1763fa8b9a6,b2e85aa5f9c095607e638c7e6e2c694b,SO51946,120,RA-H123,1,120,ca510b577b53d588f80b4fc76030ea52
12054,5e9b4970006d8f02ba0bc1763fa8b9a6,b2e85aa5f9c095607e638c7e6e2c694b,SO51946,5,WB-H098,1,5,ca510b577b53d588f80b4fc76030ea52
12054,5efefff01843f5aa3f7d8a4d44b4bf2e,922d04aa1f67bbe0270bfad98508f43e,SO62550,120,RA-H123,1,120,db2f6a564b6f5f41253c68874b50962b
12054,5efefff01843f5aa3f7d8a4d44b4bf2e,922d04aa1f67bbe0270bfad98508f43e,SO62550,33,TI-R982,1,33,db2f6a564b6f5f41253c68874b50962b
12054,c375f33d72ca7161f341c2726e82d67a,9f79f7706bc6a7654ef0b8977966f69a,SO52741,10,BC-M005,1,10,0dc34ca2aaa8612cde077f1880b78b25
12054,c375f33d72ca7161f341c2726e82d67a,9f79f7706bc6a7654ef0b8977966f69a,SO52741,5,WB-H098,1,5,0dc34ca2aaa8612cde077f1880b78b25
12054,c87874400b9f907bdf9ea37d75a4b341,23bd9a9b90557e9da7babfb8e3d2df22,SO64577,35,TI-M823,1,35,8b9fe4b34e3c54f08bfcac3d9691e260
12054,c87874400b9f907bdf9ea37d75a4b341,23bd9a9b90557e9da7babfb8e3d2df22,SO64577,5,TT-M928,1,5,8b9fe4b34e3c54f08bfcac3d9691e260
12055,90c6314650a0d54fdcabe5cd5406f9af,f476906875bc5d9abe836b4ea1f485c1,SO53945,5,WB-H098,1,5,41464bd548f06ca845208f69df30ac82
12055,9a027fc72b503940a96d5137762a263e,0e000451f430d2e5b745a08b4ee7836c,SO74751,8,CL-9009,1,8,54d3ba66c5e71d3112695b882ca2030e
12055,9a027fc72b503940a96d5137762a263e,0e000451f430d2e5b745a08b4ee7836c,SO74751,2,PK-7098,1,2,54d3ba66c5e71d3112695b882ca2030e
12055,9a027fc72b503940a96d5137762a263e,0e000451f430d2e5b745a08b4ee7836c,SO74751,35,TI-M823,1,35,54d3ba66c5e71d3112695b882ca2030e
12055,9b98d27287b27eeee9ebc06e1d5a9a8d,0dc34ca2aaa8612cde077f1880b78b25,SO53094,30,TI-M602,1,30,18bea060239713ee5f865109f63f3a8a
12055,e4b40b4ba619c72ec5a69caad258d393,b0950d12c62d3aeda81b2e8d06f2aef4,SO74200,10,BC-M005,1,10,8babade0595c11e14dd89058a850f2cd
12055,e4b40b4ba619c72ec5a69caad258d393,b0950d12c62d3aeda81b2e8d06f2aef4,SO74200,27,CA-1098,3,27,8babade0595c11e14dd89058a850f2cd
12055,e4b40b4ba619c72ec5a69caad258d393,b0950d12c62d3aeda81b2e8d06f2aef4,SO74200,5,WB-H098,1,5,8babade0595c11e14dd89058a850f2cd
12056,6583882ca853d66524856501b27519f5,1ba7e8cdf85da6cf5e11554703236b52,SO74323,105,HL-U509-B,3,105,d27974ca95fd620ac92cf95bf8c1d1f2
12056,6583882ca853d66524856501b27519f5,1ba7e8cdf85da6cf5e11554703236b52,SO74323,5,WB-H098,1,5,d27974ca95fd620ac92cf95bf8c1d1f2
12056,7130adfd843cdcb6d0bcd9d13792693a,d1024973c3d10f08cb9fa1736e6ed8b7,SO63077,105,HL-U509,3,105,f46ace11e93788e473124f7be16a19d5
12056,7130adfd843cdcb6d0bcd9d13792693a,d1024973c3d10f08cb9fa1736e6ed8b7,SO63077,30,TI-M602,1,30,f46ace11e93788e473124f7be16a19d5
12056,7130adfd843cdcb6d0bcd9d13792693a,d1024973c3d10f08cb9fa1736e6ed8b7,SO63077,5,TT-M928,1,5,f46ace11e93788e473124f7be16a19d5
12056,aa14ddbc43aa2d3be1e6ac019bb7b5bc,dcf73f840a50da0145f24e8e0169dc4b,SO72900,105,HL-U509-B,3,105,a6f2945baeceeef4c8d541a22f6e99e9
12056,aa14ddbc43aa2d3be1e6ac019bb7b5bc,dcf73f840a50da0145f24e8e0169dc4b,SO72900,35,TI-M823,1,35,a6f2945baeceeef4c8d541a22f6e99e9
12056,aa14ddbc43aa2d3be1e6ac019bb7b5bc,dcf73f840a50da0145f24e8e0169dc4b,SO72900,5,TT-M928,1,5,a6f2945baeceeef4c8d541a22f6e99e9
12056,f108e0cd2f96a0c22086f9d45ee08f19,ad0b7f5ad35732646f1e5f67418d5995,SO60142,10,BC-M005,1,10,7983129d9883ebc3b9dce3311996b001
12056,f108e0cd2f96a0c22086f9d45ee08f19,ad0b7f5ad35732646f1e5f67418d5995,SO60142,54,SJ-0194-X,1,54,7983129d9883ebc3b9dce3311996b001
12056,f108e0cd2f96a0c22086f9d45ee08f19,ad0b7f5ad35732646f1e5f67418d5995,SO60142,5,WB-H098,1,5,7983129d9883ebc3b9dce3311996b001
12057,14e4b13c27fb9bce9938ce35b6597eca,c375f33d72ca7161f341c2726e82d67a,SO53362,150,LJ-0192-X,3,150,9b98d27287b27eeee9ebc06e1d5a9a8d
12057,2ed3972e38245b633ec6b146c2970148,6477c205c5117a9448ba863e111acf32,SO61706,2,PK-7098,1,2,2becb9647677a1a316b388bbad689580
12057,2ed3972e38245b633ec6b146c2970148,6477c205c5117a9448ba863e111acf32,SO61706,35,TI-M823,1,35,2becb9647677a1a316b388bbad689580
12058,4e6174091aa6704e09467a0839dac801,3c6f36b5b624fc10e0e7fb916bc9e67a,SO46232,3578,BK-R93R-44,1,3578,ab121e91b47aaffbbc247dca4687f0f0
12058,b8cc77f0099ae7d3a20b9f0b74d70b12,70ad7386c1fe794c57fa3908ff22435d,SO52203,4590,BK-M68B-42,2,4590,5e9b4970006d8f02ba0bc1763fa8b9a6
12058,b8cc77f0099ae7d3a20b9f0b74d70b12,70ad7386c1fe794c57fa3908ff22435d,SO52203,8,CL-9009,1,8,5e9b4970006d8f02ba0bc1763fa8b9a6
12058,b8cc77f0099ae7d3a20b9f0b74d70b12,70ad7386c1fe794c57fa3908ff22435d,SO52203,55,HY-1023-70,1,55,5e9b4970006d8f02ba0bc1763fa8b9a6
12059,ec3807bc691cff8019155b6bd6a3a85d,5c70f2bf0cb9e8d72491348c6d6d9b06,SO46288,3578,BK-R93R-44,1,3578,671cb8c9b19c0247af30375f5adaed12
12059,f476906875bc5d9abe836b4ea1f485c1,f04e53711455521533f4c5ed7dcaa287,SO53170,4590,BK-M68B-46,2,4590,15aceb75d86814cb479f1b1a9487c3d4
12059,f476906875bc5d9abe836b4ea1f485c1,f04e53711455521533f4c5ed7dcaa287,SO53170,22,FE-6654,1,22,15aceb75d86814cb479f1b1a9487c3d4
12059,f476906875bc5d9abe836b4ea1f485c1,f04e53711455521533f4c5ed7dcaa287,SO53170,105,HL-U509-R,3,105,15aceb75d86814cb479f1b1a9487c3d4
12060,6477c205c5117a9448ba863e111acf32,c926349b55a58d87d7d5008c349fd1e9,SO60887,2384,BK-T79U-46,1,2384,013f173c58073e845f675d26fdde1918
12060,6477c205c5117a9448ba863e111acf32,c926349b55a58d87d7d5008c349fd1e9,SO60887,9,SO-R809-L,1,9,013f173c58073e845f675d26fdde1918
12060,cfceb7490eff6e660974507be7c579c6,01eb8a9956865747637639482336f5f8,SO52057,4640,BK-M68S-38,2,4640,e5bf4a4a03e320ed76cf2ca68fa5b4c0
12060,cfceb7490eff6e660974507be7c579c6,01eb8a9956865747637639482336f5f8,SO52057,105,HL-U509,3,105,e5bf4a4a03e320ed76cf2ca68fa5b4c0
12060,cfceb7490eff6e660974507be7c579c6,01eb8a9956865747637639482336f5f8,SO52057,64,VE-C304-M,1,64,e5bf4a4a03e320ed76cf2ca68fa5b4c0
12061,5e9b4970006d8f02ba0bc1763fa8b9a6,b2e85aa5f9c095607e638c7e6e2c694b,SO51957,105,HL-U509-R,3,105,ca510b577b53d588f80b4fc76030ea52
12061,5e9b4970006d8f02ba0bc1763fa8b9a6,b2e85aa5f9c095607e638c7e6e2c694b,SO51957,35,TI-M823,1,35,ca510b577b53d588f80b4fc76030ea52
12061,5e9b4970006d8f02ba0bc1763fa8b9a6,b2e85aa5f9c095607e638c7e6e2c694b,SO51957,5,TT-M928,1,5,ca510b577b53d588f80b4fc76030ea52
12061,dca79d69a6b38e95c4b03bfab997796c,e5bf4a4a03e320ed76cf2ca68fa5b4c0,SO52381,2,PK-7098,1,2,9f79f7706bc6a7654ef0b8977966f69a
12061,dca79d69a6b38e95c4b03bfab997796c,e5bf4a4a03e320ed76cf2ca68fa5b4c0,SO52381,30,TI-M602,1,30,9f79f7706bc6a7654ef0b8977966f69a
12061,dca79d69a6b38e95c4b03bfab997796c,e5bf4a4a03e320ed76cf2ca68fa5b4c0,SO52381,5,TT-M928,1,5,9f79f7706bc6a7654ef0b8977966f69a
12061,de5009f9bf3e9725d2381f4a5e913111,2296af5563b2061aa1d88124a37eecb7,SO67366,10,BC-M005,1,10,a1d0c0a14c6c8f8a8ef8220209c23a64
12061,de5009f9bf3e9725d2381f4a5e913111,2296af5563b2061aa1d88124a37eecb7,SO67366,5,WB-H098,1,5,a1d0c0a14c6c8f8a8ef8220209c23a64
12061,ed268f8f3837888893f896b7240f1254,a9cefc49af6424b430612adfc69876ee,SO56457,8,CL-9009,1,8,6353a8421ee460b64f2c988cc72a8391
12061,ed268f8f3837888893f896b7240f1254,a9cefc49af6424b430612adfc69876ee,SO56457,5,WB-H098,1,5,6353a8421ee460b64f2c988cc72a8391
12062,3e48b2167bd86ef570e46d0b286c4f74,072bf847aeeee970f66483e596496cd9,SO53275,2,PK-7098,1,2,3e07f09fb2edbdf0bf6a54c17634514b
12062,3e48b2167bd86ef570e46d0b286c4f74,072bf847aeeee970f66483e596496cd9,SO53275,35,TI-M823,1,35,3e07f09fb2edbdf0bf6a54c17634514b
12062,6cf9e035d2f1d8ffe1b9f2f96a9e7a3a,982b3b4109cce5d4e5bf1fcbe0ae259b,SO74626,150,LJ-0192-S,3,150,db10519e66d9a7b809b91935ad1a696d
12063,07b7d2aed13a63a16377587dcc0abbe8,02b96ab6e0935145589be4e1408a1675,SO66096,150,LJ-0192-S,3,150,6866da5d40f1aad2d82129d5ffa25bda
12063,a9adf65abbb865184bf924d14a93d0c4,ec24e4cf9fcc90f3bbe81b2fb3735c21,SO70708,35,TI-M823,1,35,e0cd1349b4c6e1b5f14ed427e358c2d0
12064,4310d0d92131e34ff2716d85e1953174,90c6314650a0d54fdcabe5cd5406f9af,SO54607,48,GL-H102-S,2,48,d3c54b4368c62c2ff11535bf2b677170
12064,4310d0d92131e34ff2716d85e1953174,90c6314650a0d54fdcabe5cd5406f9af,SO54607,150,LJ-0192-M,3,150,d3c54b4368c62c2ff11535bf2b677170
12064,a9cd7a99d71cca9cb644010050374ade,3db19f5f710f10e90ecc7154c649d60a,SO71734,8,CL-9009,1,8,128ee9ff420de424a605a0ee4a6f7916
12064,a9cd7a99d71cca9cb644010050374ade,3db19f5f710f10e90ecc7154c649d60a,SO71734,35,TI-M823,1,35,128ee9ff420de424a605a0ee4a6f7916
12064,a9cd7a99d71cca9cb644010050374ade,3db19f5f710f10e90ecc7154c649d60a,SO71734,5,TT-M928,1,5,128ee9ff420de424a605a0ee4a6f7916
12065,73a69a5c77a7d23172e54d7ce07a638e,5a06908cc28b799b04fc1c47664462e6,SO55487,2,PK-7098,1,2,41fc4cb27e0ee552c4c9247e1a476cc5
12065,73a69a5c77a7d23172e54d7ce07a638e,5a06908cc28b799b04fc1c47664462e6,SO55487,35,TI-M823,1,35,41fc4cb27e0ee552c4c9247e1a476cc5
12065,73a69a5c77a7d23172e54d7ce07a638e,5a06908cc28b799b04fc1c47664462e6,SO55487,5,TT-M928,1,5,41fc4cb27e0ee552c4c9247e1a476cc5
12065,90c6314650a0d54fdcabe5cd5406f9af,f476906875bc5d9abe836b4ea1f485c1,SO53931,150,LJ-0192-X,3,150,41464bd548f06ca845208f69df30ac82
12066,41464bd548f06ca845208f69df30ac82,15aceb75d86814cb479f1b1a9487c3d4,SO53700,35,TI-M823,1,35,3e48b2167bd86ef570e46d0b286c4f74
12066,f88b3743a9ce1f9455b6de69380b486a,64cadfde6f66bc25043d0d69f5ae5471,SO66581,150,LJ-0192-X,3,150,3dc63b2d6dcc8f0b6720b06b5439a0b1
12067,b210069485754303767745919c328b97,305c66634c155cab2b5cc3ce00351eb1,SO62850,105,HL-U509-R,3,105,5efefff01843f5aa3f7d8a4d44b4bf2e
12067,b210069485754303767745919c328b97,305c66634c155cab2b5cc3ce00351eb1,SO62850,35,TI-M823,1,35,5efefff01843f5aa3f7d8a4d44b4bf2e
12067,b210069485754303767745919c328b97,305c66634c155cab2b5cc3ce00351eb1,SO62850,5,TT-M928,1,5,5efefff01843f5aa3f7d8a4d44b4bf2e
12067,cae5717327bee7d74e261c550aa5081f,18025e6a8791d350428f65c0783ebd99,SO56707,27,CA-1098,3,27,ed268f8f3837888893f896b7240f1254
12067,cae5717327bee7d74e261c550aa5081f,18025e6a8791d350428f65c0783ebd99,SO56707,150,LJ-0192-X,3,150,ed268f8f3837888893f896b7240f1254
12068,c4c454d69a39e60a6f5cf2f97148adad,49fce086a31f1cfcf16b54e462f7cbc0,SO71595,35,TI-M823,1,35,31c99d724c1f182c60edb82eb4740277
12068,d53f9d33cac0a297449a74a10d031570,e0bcd0ff3072dfe15609d6be1529b0b8,SO61553,27,CA-1098,3,27,4cc27df81afd686c0420394e090460cb
12068,d53f9d33cac0a297449a74a10d031570,e0bcd0ff3072dfe15609d6be1529b0b8,SO61553,150,LJ-0192-M,3,150,4cc27df81afd686c0420394e090460cb
12069,6d44506d59926d8d13d35f75d97f2a64,deff8ad81a213d1110c1f409a7f40fcd,SO53438,4590,BK-M68B-46,2,4590,f476906875bc5d9abe836b4ea1f485c1
12069,6d44506d59926d8d13d35f75d97f2a64,deff8ad81a213d1110c1f409a7f40fcd,SO53438,22,FE-6654,1,22,f476906875bc5d9abe836b4ea1f485c1
12069,6d44506d59926d8d13d35f75d97f2a64,deff8ad81a213d1110c1f409a7f40fcd,SO53438,2,PK-7098,1,2,f476906875bc5d9abe836b4ea1f485c1
12069,c33c6976b463bb3c89443e51c98853bd,1f46035fc72c89f13de95ed295e3f737,SO46121,3578,BK-R93R-48,1,3578,790ee96c1472965375882b30fc089300
12070,38c9e5d1e366b4c5c36aae682bc960c4,8fa3bab223bec6501ad71f96bb1067b6,SO71662,35,TI-M823,1,35,58c4ce5b9433e7b6d41793d5a76d5590
12070,ca5b8307fa5f2189fb98330a9d65927c,88077cf01a3e17831c2d0bcca5897c5b,SO73959,150,LJ-0192-S,3,150,5cbbe853aa1a5a1370f9a614904c4b15
12071,15aceb75d86814cb479f1b1a9487c3d4,f799d104dd23bb828dcdaaefc4d25b61,SO52922,4640,BK-M68S-38,2,4640,072bf847aeeee970f66483e596496cd9
12071,15aceb75d86814cb479f1b1a9487c3d4,f799d104dd23bb828dcdaaefc4d25b61,SO52922,105,HL-U509-B,3,105,072bf847aeeee970f66483e596496cd9
12071,15aceb75d86814cb479f1b1a9487c3d4,f799d104dd23bb828dcdaaefc4d25b61,SO52922,35,TI-M823,1,35,072bf847aeeee970f66483e596496cd9
12071,15aceb75d86814cb479f1b1a9487c3d4,f799d104dd23bb828dcdaaefc4d25b61,SO52922,5,TT-M928,1,5,072bf847aeeee970f66483e596496cd9
12071,79aec4feadc6bb77df978e9aecbf488e,755330dee3da0e4fcef37002a479e564,SO46298,3578,BK-R93R-56,1,3578,9c1231676f7d0735ca17dcc3b53881c6
12072,58fb574c0b80d76f62690df366352487,5740ddd9cc89a58039f5790a932ada9b,SO46214,3578,BK-R93R-44,1,3578,f3cf78cac8ecb957d2c84eb7ec1a9c3c
12072,dba3e44e23a1d2c2f299811e94db7fce,51c449e55b4a63a16fb45beb689150d5,SO54299,10,BC-M005,1,10,226d694fb4b7f71d62444f9528be8704
12072,dba3e44e23a1d2c2f299811e94db7fce,51c449e55b4a63a16fb45beb689150d5,SO54299,4590,BK-M68B-46,2,4590,226d694fb4b7f71d62444f9528be8704
12072,dba3e44e23a1d2c2f299811e94db7fce,51c449e55b4a63a16fb45beb689150d5,SO54299,8,CL-9009,1,8,226d694fb4b7f71d62444f9528be8704
12072,dba3e44e23a1d2c2f299811e94db7fce,51c449e55b4a63a16fb45beb689150d5,SO54299,55,HY-1023-70,1,55,226d694fb4b7f71d62444f9528be8704
12072,dba3e44e23a1d2c2f299811e94db7fce,51c449e55b4a63a16fb45beb689150d5,SO54299,5,WB-H098,1,5,226d694fb4b7f71d62444f9528be8704
12073,40ff348468b73116a7077c246985e0bf,a2c49941411089cb2a9cbf78cb803c26,SO56765,27,CA-1098,3,27,830e779850b1d58733a7ad711bf6b83f
12073,40ff348468b73116a7077c246985e0bf,a2c49941411089cb2a9cbf78cb803c26,SO56765,150,LJ-0192-L,3,150,830e779850b1d58733a7ad711bf6b83f
12073,90c6314650a0d54fdcabe5cd5406f9af,f476906875bc5d9abe836b4ea1f485c1,SO53959,105,HL-U509-B,3,105,41464bd548f06ca845208f69df30ac82
12073,90c6314650a0d54fdcabe5cd5406f9af,f476906875bc5d9abe836b4ea1f485c1,SO53959,35,TI-M823,1,35,41464bd548f06ca845208f69df30ac82
12073,90c6314650a0d54fdcabe5cd5406f9af,f476906875bc5d9abe836b4ea1f485c1,SO53959,5,TT-M928,1,5,41464bd548f06ca845208f69df30ac82
12074,4584ca349e0920f4436a3c2f36158b85,6e32728b966bb91cefefa1316da21ca8,SO68487,105,HL-U509,3,105,ca38f30e56a72f4d0c8d2264322c5862
12074,4584ca349e0920f4436a3c2f36158b85,6e32728b966bb91cefefa1316da21ca8,SO68487,30,TI-M602,1,30,ca38f30e56a72f4d0c8d2264322c5862
12074,4584ca349e0920f4436a3c2f36158b85,6e32728b966bb91cefefa1316da21ca8,SO68487,5,TT-M928,1,5,ca38f30e56a72f4d0c8d2264322c5862
12074,4584ca349e0920f4436a3c2f36158b85,6e32728b966bb91cefefa1316da21ca8,SO68496,27,CA-1098,3,27,ca38f30e56a72f4d0c8d2264322c5862
12074,4584ca349e0920f4436a3c2f36158b85,6e32728b966bb91cefefa1316da21ca8,SO68496,5,WB-H098,1,5,ca38f30e56a72f4d0c8d2264322c5862
12074,61e00b038efd34bdf9c747596273cbcf,7130adfd843cdcb6d0bcd9d13792693a,SO64021,10,BC-M005,1,10,4b5c3229e0725ef8d303f494db9faec8
12074,61e00b038efd34bdf9c747596273cbcf,7130adfd843cdcb6d0bcd9d13792693a,SO64021,27,CA-1098,3,27,4b5c3229e0725ef8d303f494db9faec8
12074,61e00b038efd34bdf9c747596273cbcf,7130adfd843cdcb6d0bcd9d13792693a,SO64021,54,SJ-0194-M,1,54,4b5c3229e0725ef8d303f494db9faec8
12074,61e00b038efd34bdf9c747596273cbcf,7130adfd843cdcb6d0bcd9d13792693a,SO64021,5,WB-H098,1,5,4b5c3229e0725ef8d303f494db9faec8
12074,83d1ed00595e79ee5ea3797e97970fe8,fe1fd19c021e78ec395980c2e347865e,SO69209,48,GL-H102-L,2,48,705fa39ab40831529471c768490339ab
12074,83d1ed00595e79ee5ea3797e97970fe8,fe1fd19c021e78ec395980c2e347865e,SO69209,105,HL-U509-B,3,105,705fa39ab40831529471c768490339ab
12074,83d1ed00595e79ee5ea3797e97970fe8,fe1fd19c021e78ec395980c2e347865e,SO69209,35,TI-M823,1,35,705fa39ab40831529471c768490339ab
12074,83d1ed00595e79ee5ea3797e97970fe8,fe1fd19c021e78ec395980c2e347865e,SO69209,5,TT-M928,1,5,705fa39ab40831529471c768490339ab
12075,ec3807bc691cff8019155b6bd6a3a85d,5c70f2bf0cb9e8d72491348c6d6d9b06,SO46289,3578,BK-R93R-52,1,3578,671cb8c9b19c0247af30375f5adaed12
12075,f46ace11e93788e473124f7be16a19d5,5c741aa8e0753be65314a304e7b39c14,SO62805,4640,BK-M68S-46,2,4640,4555f65c4664801d78b9f5477f89d8fd
12075,f46ace11e93788e473124f7be16a19d5,5c741aa8e0753be65314a304e7b39c14,SO62805,35,TI-M823,1,35,4555f65c4664801d78b9f5477f89d8fd
12076,6d338b8c41c717c4336ad0084a80dca4,9223b53f03a405f817e91392f0294f6a,SO54469,4590,BK-M68B-42,2,4590,40e7dd73b09eac540e790daf6fac41af
12076,dd323e11c7806b56c8b4104210bb4235,2fdcff2fdbe32f29016778bbf2d2634c,SO46155,3578,BK-R93R-62,1,3578,c33c6976b463bb3c89443e51c98853bd
12077,12092303778fcfa88ed7d284b74c6a6a,40eee601514259a9632d510ca71226cc,SO74799,30,TI-M602,1,30,6cf9e035d2f1d8ffe1b9f2f96a9e7a3a
12077,5e9b4970006d8f02ba0bc1763fa8b9a6,b2e85aa5f9c095607e638c7e6e2c694b,SO51943,10,BC-M005,1,10,ca510b577b53d588f80b4fc76030ea52
12077,5e9b4970006d8f02ba0bc1763fa8b9a6,b2e85aa5f9c095607e638c7e6e2c694b,SO51943,48,GL-H102-S,2,48,ca510b577b53d588f80b4fc76030ea52
12077,5e9b4970006d8f02ba0bc1763fa8b9a6,b2e85aa5f9c095607e638c7e6e2c694b,SO51943,55,HY-1023-70,1,55,ca510b577b53d588f80b4fc76030ea52
12077,7130adfd843cdcb6d0bcd9d13792693a,d1024973c3d10f08cb9fa1736e6ed8b7,SO63094,8,CL-9009,1,8,f46ace11e93788e473124f7be16a19d5
12077,7130adfd843cdcb6d0bcd9d13792693a,d1024973c3d10f08cb9fa1736e6ed8b7,SO63094,2,PK-7098,1,2,f46ace11e93788e473124f7be16a19d5
12077,7130adfd843cdcb6d0bcd9d13792693a,d1024973c3d10f08cb9fa1736e6ed8b7,SO63094,35,TI-M823,1,35,f46ace11e93788e473124f7be16a19d5
12077,7130adfd843cdcb6d0bcd9d13792693a,d1024973c3d10f08cb9fa1736e6ed8b7,SO63094,5,TT-M928,1,5,f46ace11e93788e473124f7be16a19d5
12077,9b98d27287b27eeee9ebc06e1d5a9a8d,0dc34ca2aaa8612cde077f1880b78b25,SO53102,5,WB-H098,1,5,18bea060239713ee5f865109f63f3a8a
12078,76918877cf6ce7011018cd9708723392,883b9b4170853b321c03290f64ba199f,SO61520,4640,BK-M68S-46,2,4640,4ddc8821c34bceaf3dba4a18741acca3
12078,76918877cf6ce7011018cd9708723392,883b9b4170853b321c03290f64ba199f,SO61520,22,FE-6654,1,22,4ddc8821c34bceaf3dba4a18741acca3
12078,76918877cf6ce7011018cd9708723392,883b9b4170853b321c03290f64ba199f,SO61520,55,HY-1023-70,1,55,4ddc8821c34bceaf3dba4a18741acca3
12078,7a3cb5f97544c8ef7fd51c4b10455880,0b2223e9289eb4a053913fe2c44e1359,SO46313,3578,BK-R93R-52,1,3578,ec3807bc691cff8019155b6bd6a3a85d
12079,0be9b4cec5bf5b809cc2e222c24ee42b,c662479358c8f228c7b04ddb926eb524,SO46164,3578,BK-R93R-48,1,3578,5740ddd9cc89a58039f5790a932ada9b
12079,2becb9647677a1a316b388bbad689580,013f173c58073e845f675d26fdde1918,SO61412,10,BC-M005,1,10,0383d48e76cd8a3dfb9e2a890f2cac18
12079,2becb9647677a1a316b388bbad689580,013f173c58073e845f675d26fdde1918,SO61412,4590,BK-M68B-46,2,4590,0383d48e76cd8a3dfb9e2a890f2cac18
12079,2becb9647677a1a316b388bbad689580,013f173c58073e845f675d26fdde1918,SO61412,27,CA-1098,3,27,0383d48e76cd8a3dfb9e2a890f2cac18
12079,2becb9647677a1a316b388bbad689580,013f173c58073e845f675d26fdde1918,SO61412,22,FE-6654,1,22,0383d48e76cd8a3dfb9e2a890f2cac18
12079,2becb9647677a1a316b388bbad689580,013f173c58073e845f675d26fdde1918,SO61412,54,SJ-0194-S,1,54,0383d48e76cd8a3dfb9e2a890f2cac18
12079,2becb9647677a1a316b388bbad689580,013f173c58073e845f675d26fdde1918,SO61412,35,TI-M823,1,35,0383d48e76cd8a3dfb9e2a890f2cac18
12079,2becb9647677a1a316b388bbad689580,013f173c58073e845f675d26fdde1918,SO61412,5,WB-H098,1,5,0383d48e76cd8a3dfb9e2a890f2cac18
12080,3c8e2c51453f4d665f1050da871dead6,1f50dad3f1493a5cf408c4eb3987479e,SO55440,4640,BK-M68S-46,2,4640,d34ba8f5d7fd7d5959a34c283fbec422
12080,3c8e2c51453f4d665f1050da871dead6,1f50dad3f1493a5cf408c4eb3987479e,SO55440,35,TI-M823,1,35,d34ba8f5d7fd7d5959a34c283fbec422
12081,5abaefcc8525a8f4cfd95cba9e926532,fde67888c64f701b59876ec559099b3e,SO57667,4590,BK-M68B-38,2,4590,73b2264d673ee7b5b2e7e165020516ac
12081,5abaefcc8525a8f4cfd95cba9e926532,fde67888c64f701b59876ec559099b3e,SO57667,22,FE-6654,1,22,73b2264d673ee7b5b2e7e165020516ac
12081,5abaefcc8525a8f4cfd95cba9e926532,fde67888c64f701b59876ec559099b3e,SO57667,150,LJ-0192-M,3,150,73b2264d673ee7b5b2e7e165020516ac
12082,671cb8c9b19c0247af30375f5adaed12,0be9b4cec5bf5b809cc2e222c24ee42b,SO46253,3578,BK-R93R-44,1,3578,58fb574c0b80d76f62690df366352487
12082,7b0730955172ecda497d7cca6b1d87a1,d3c54b4368c62c2ff11535bf2b677170,SO55020,10,BC-M005,1,10,5a06908cc28b799b04fc1c47664462e6
12082,7b0730955172ecda497d7cca6b1d87a1,d3c54b4368c62c2ff11535bf2b677170,SO55020,4640,BK-M68S-42,2,4640,5a06908cc28b799b04fc1c47664462e6
12082,7b0730955172ecda497d7cca6b1d87a1,d3c54b4368c62c2ff11535bf2b677170,SO55020,5,WB-H098,1,5,5a06908cc28b799b04fc1c47664462e6
12083,9444f850ff0c10a862b4a6a9c4ab0a74,3143ce3c6436ed5bd25398756b7b661d,SO53762,4590,BK-M68B-46,2,4590,76e3c19dbb0dadc4c6dc771d856e4676
12083,9444f850ff0c10a862b4a6a9c4ab0a74,3143ce3c6436ed5bd25398756b7b661d,SO53762,120,RA-H123,1,120,76e3c19dbb0dadc4c6dc771d856e4676
12083,f87821540a577f1c9a7d3e6ff2e77222,58fb574c0b80d76f62690df366352487,SO46302,3578,BK-R93R-62,1,3578,a27fb9d8ace734e3b4395ec342ddb35c
12084,5bdc8cd31bb1859c6d9dd782c52a85ae,e18c2b136f61489c334cb708a5c6d75f,SO46180,3578,BK-R93R-62,1,3578,cb1acef92aa40abf6c8b8044d9ed1309
12084,95103530881768b5cfc7e33970db9cd7,2ed3972e38245b633ec6b146c2970148,SO62445,10,BC-M005,1,10,305c66634c155cab2b5cc3ce00351eb1
12084,95103530881768b5cfc7e33970db9cd7,2ed3972e38245b633ec6b146c2970148,SO62445,4640,BK-M68S-38,2,4640,305c66634c155cab2b5cc3ce00351eb1
12084,95103530881768b5cfc7e33970db9cd7,2ed3972e38245b633ec6b146c2970148,SO62445,22,FE-6654,1,22,305c66634c155cab2b5cc3ce00351eb1
12084,95103530881768b5cfc7e33970db9cd7,2ed3972e38245b633ec6b146c2970148,SO62445,150,LJ-0192-L,3,150,305c66634c155cab2b5cc3ce00351eb1
12084,95103530881768b5cfc7e33970db9cd7,2ed3972e38245b633ec6b146c2970148,SO62445,5,WB-H098,1,5,305c66634c155cab2b5cc3ce00351eb1
12085,b21e833d3ead6056f1265f13fe1ff015,7983129d9883ebc3b9dce3311996b001,SO60563,27,CA-1098,3,27,4804ee33768b143d9706052696f7dfbd
12085,b68fd63ca41d49bfc1b18251202c053f,d4746e41b619da57ee9f1a2e2cc254e8,SO64883,48,GL-H102-L,2,48,c87874400b9f907bdf9ea37d75a4b341
12085,b68fd63ca41d49bfc1b18251202c053f,d4746e41b619da57ee9f1a2e2cc254e8,SO64883,105,HL-U509-R,3,105,c87874400b9f907bdf9ea37d75a4b341
12085,b68fd63ca41d49bfc1b18251202c053f,d4746e41b619da57ee9f1a2e2cc254e8,SO64883,35,TI-M823,1,35,c87874400b9f907bdf9ea37d75a4b341
12085,b68fd63ca41d49bfc1b18251202c053f,d4746e41b619da57ee9f1a2e2cc254e8,SO64883,5,TT-M928,1,5,c87874400b9f907bdf9ea37d75a4b341
12086,b0b2c17e5682f78d8fc262463fd0a4f3,375bde15092f45652b6398c1dff650d0,SO58002,4590,BK-M68B-46,2,4590,5e1b952a22eccca86f7f056a9efb42a4
12087,01e8942a5792053a553c4612bd6c06a6,6583882ca853d66524856501b27519f5,SO74715,2,PK-7098,1,2,722dc621a1a56555843f574144bfcdf0
12087,01e8942a5792053a553c4612bd6c06a6,6583882ca853d66524856501b27519f5,SO74715,35,TI-M823,1,35,722dc621a1a56555843f574144bfcdf0
12087,01e8942a5792053a553c4612bd6c06a6,6583882ca853d66524856501b27519f5,SO74715,5,TT-M928,1,5,722dc621a1a56555843f574144bfcdf0
12087,511572e8a25e86c2f48ae9e6d73a1e6a,8e8847c1bdf012037ee13bb62da8a5c1,SO68090,150,LJ-0192-X,3,150,691ad1b0dca3643b923973defd014d47
12088,77a2a0387f57f7477e6ad3b5f0bb3093,6cf9e035d2f1d8ffe1b9f2f96a9e7a3a,SO75029,22,FE-6654,1,22,5728955fc583cbfd901d0ba25cb20f92
12088,77a2a0387f57f7477e6ad3b5f0bb3093,6cf9e035d2f1d8ffe1b9f2f96a9e7a3a,SO75029,150,LJ-0192-M,3,150,5728955fc583cbfd901d0ba25cb20f92
12088,77a2a0387f57f7477e6ad3b5f0bb3093,6cf9e035d2f1d8ffe1b9f2f96a9e7a3a,SO75029,35,TI-M823,1,35,5728955fc583cbfd901d0ba25cb20f92
12088,77a2a0387f57f7477e6ad3b5f0bb3093,6cf9e035d2f1d8ffe1b9f2f96a9e7a3a,SO75029,5,TT-M928,1,5,5728955fc583cbfd901d0ba25cb20f92
12088,ca5b8307fa5f2189fb98330a9d65927c,88077cf01a3e17831c2d0bcca5897c5b,SO73941,150,LJ-0192-M,3,150,5cbbe853aa1a5a1370f9a614904c4b15
12088,ca5b8307fa5f2189fb98330a9d65927c,88077cf01a3e17831c2d0bcca5897c5b,SO73941,9,SO-R809-L,1,9,5cbbe853aa1a5a1370f9a614904c4b15
12089,348f48807f500aeac729fb17d9bc97f1,5072507e949a2c25948a591c4da194e1,SO60508,2384,BK-T79U-60,1,2384,f108e0cd2f96a0c22086f9d45ee08f19
12089,348f48807f500aeac729fb17d9bc97f1,5072507e949a2c25948a591c4da194e1,SO60508,27,CA-1098,3,27,f108e0cd2f96a0c22086f9d45ee08f19
12089,9f79f7706bc6a7654ef0b8977966f69a,e2f7ff887646789ea003d03bc2025325,SO52146,4590,BK-M68B-46,2,4590,361e2c62255e0c1887ac2139911ca300
12089,9f79f7706bc6a7654ef0b8977966f69a,e2f7ff887646789ea003d03bc2025325,SO52146,22,FE-6654,1,22,361e2c62255e0c1887ac2139911ca300
12090,5abaefcc8525a8f4cfd95cba9e926532,fde67888c64f701b59876ec559099b3e,SO57668,4640,BK-M68S-46,2,4640,73b2264d673ee7b5b2e7e165020516ac
12090,5abaefcc8525a8f4cfd95cba9e926532,fde67888c64f701b59876ec559099b3e,SO57668,27,CA-1098,3,27,73b2264d673ee7b5b2e7e165020516ac
12090,5abaefcc8525a8f4cfd95cba9e926532,fde67888c64f701b59876ec559099b3e,SO57668,22,FE-6654,1,22,73b2264d673ee7b5b2e7e165020516ac
12091,e2f0a420a4c1a9e8e292761f835e0489,4eec6eda382b9c44e240ad4b4b5e9cc0,SO65598,105,HL-U509,3,105,9d934f91c460e9947414d00048f2fa36
12091,e2f0a420a4c1a9e8e292761f835e0489,4eec6eda382b9c44e240ad4b4b5e9cc0,SO65598,35,TI-M823,1,35,9d934f91c460e9947414d00048f2fa36
12091,e2f0a420a4c1a9e8e292761f835e0489,4eec6eda382b9c44e240ad4b4b5e9cc0,SO65598,5,TT-M928,1,5,9d934f91c460e9947414d00048f2fa36
12091,f799d104dd23bb828dcdaaefc4d25b61,ca510b577b53d588f80b4fc76030ea52,SO52283,27,CA-1098,3,27,cfceb7490eff6e660974507be7c579c6
12092,375bde15092f45652b6398c1dff650d0,830e779850b1d58733a7ad711bf6b83f,SO57317,27,CA-1098,3,27,a8ef76a01442567fb64eb6f4408a9835
12092,3ebfce6ccd7540a632ae7e6ad8100c29,d630b2db6e8046e30b4728ca862ba4e1,SO59370,2,PK-7098,1,2,df595e3c678d4fae23ce174fe747165e
12092,3ebfce6ccd7540a632ae7e6ad8100c29,d630b2db6e8046e30b4728ca862ba4e1,SO59370,35,TI-M823,1,35,df595e3c678d4fae23ce174fe747165e
12092,3ebfce6ccd7540a632ae7e6ad8100c29,d630b2db6e8046e30b4728ca862ba4e1,SO59370,5,TT-M928,1,5,df595e3c678d4fae23ce174fe747165e
12093,021d7f51f97fea2b23b069288066b34d,722dc621a1a56555843f574144bfcdf0,SO74918,27,CA-1098,3,27,bb858b10001c01aea17b4e635d0662a2
12093,e871b36e68b0b3d0af9c742d81fef27a,3fe686907939d07097f6c87f08025422,SO70127,2,PK-7098,1,2,1faee5670542865e021595151379fe5c
12093,e871b36e68b0b3d0af9c742d81fef27a,3fe686907939d07097f6c87f08025422,SO70127,35,TI-M823,1,35,1faee5670542865e021595151379fe5c
12094,0be9b4cec5bf5b809cc2e222c24ee42b,c662479358c8f228c7b04ddb926eb524,SO46169,3578,BK-R93R-52,1,3578,5740ddd9cc89a58039f5790a932ada9b
12094,f46ace11e93788e473124f7be16a19d5,5c741aa8e0753be65314a304e7b39c14,SO62804,4640,BK-M68S-38,2,4640,4555f65c4664801d78b9f5477f89d8fd
12094,f46ace11e93788e473124f7be16a19d5,5c741aa8e0753be65314a304e7b39c14,SO62804,22,FE-6654,1,22,4555f65c4664801d78b9f5477f89d8fd
12094,f46ace11e93788e473124f7be16a19d5,5c741aa8e0753be65314a304e7b39c14,SO62804,2,PK-7098,1,2,4555f65c4664801d78b9f5477f89d8fd
12094,f46ace11e93788e473124f7be16a19d5,5c741aa8e0753be65314a304e7b39c14,SO62804,35,TI-M823,1,35,4555f65c4664801d78b9f5477f89d8fd
12094,f46ace11e93788e473124f7be16a19d5,5c741aa8e0753be65314a304e7b39c14,SO62804,5,TT-M928,1,5,4555f65c4664801d78b9f5477f89d8fd
12095,375bde15092f45652b6398c1dff650d0,830e779850b1d58733a7ad711bf6b83f,SO57341,8,CL-9009,1,8,a8ef76a01442567fb64eb6f4408a9835
12095,375bde15092f45652b6398c1dff650d0,830e779850b1d58733a7ad711bf6b83f,SO57341,35,TI-M823,1,35,a8ef76a01442567fb64eb6f4408a9835
12095,375bde15092f45652b6398c1dff650d0,830e779850b1d58733a7ad711bf6b83f,SO57341,5,TT-M928,1,5,a8ef76a01442567fb64eb6f4408a9835
12095,7a8e187aeb003f6e34c02a4d5b9b153e,2fe1a028f9398deb2efcd536c8246fae,SO63507,27,CA-1098,3,27,ba19c22033aaecc6c5dad47f63e5858c
12096,4555f65c4664801d78b9f5477f89d8fd,7ee641303ef8d8b10d0ed00a060c73cc,SO62511,4640,BK-M68S-38,2,4640,94c60e0b5e2b0f78b919a5d4c67d70a2
12096,4555f65c4664801d78b9f5477f89d8fd,7ee641303ef8d8b10d0ed00a060c73cc,SO62511,2,PK-7098,1,2,94c60e0b5e2b0f78b919a5d4c67d70a2
12096,671cb8c9b19c0247af30375f5adaed12,0be9b4cec5bf5b809cc2e222c24ee42b,SO46254,3578,BK-R93R-62,1,3578,58fb574c0b80d76f62690df366352487
12097,244cede513841376c37dc856f2f5e7b9,5e1b952a22eccca86f7f056a9efb42a4,SO58372,105,HL-U509-R,3,105,debbb2493c6588799fc787e1854bcda5
12097,244cede513841376c37dc856f2f5e7b9,5e1b952a22eccca86f7f056a9efb42a4,SO58372,30,TI-M602,1,30,debbb2493c6588799fc787e1854bcda5
12097,244cede513841376c37dc856f2f5e7b9,5e1b952a22eccca86f7f056a9efb42a4,SO58372,5,TT-M928,1,5,debbb2493c6588799fc787e1854bcda5
12097,8592725b85eec4822018b8728dd5b88d,88d8e3ff674b1514a19b24621707f0d9,SO74824,27,CA-1098,3,27,56e52500a7f5ab963646137a401683cd
12097,8592725b85eec4822018b8728dd5b88d,88d8e3ff674b1514a19b24621707f0d9,SO74824,70,SH-W890-L,1,70,56e52500a7f5ab963646137a401683cd
12097,883b9b4170853b321c03290f64ba199f,412998e77ee121227580e3d363f75fa2,SO60673,22,FE-6654,1,22,af1457846a79173ef71dd9d5dd69805a
12097,883b9b4170853b321c03290f64ba199f,412998e77ee121227580e3d363f75fa2,SO60673,35,TI-M823,1,35,af1457846a79173ef71dd9d5dd69805a
12097,e2f0a420a4c1a9e8e292761f835e0489,4eec6eda382b9c44e240ad4b4b5e9cc0,SO65573,2,PK-7098,1,2,9d934f91c460e9947414d00048f2fa36
12097,e2f0a420a4c1a9e8e292761f835e0489,4eec6eda382b9c44e240ad4b4b5e9cc0,SO65573,25,TI-M267,1,25,9d934f91c460e9947414d00048f2fa36
12097,e2f0a420a4c1a9e8e292761f835e0489,4eec6eda382b9c44e240ad4b4b5e9cc0,SO65573,5,TT-M928,1,5,9d934f91c460e9947414d00048f2fa36
12098,5e9b4970006d8f02ba0bc1763fa8b9a6,b2e85aa5f9c095607e638c7e6e2c694b,SO51932,27,CA-1098,3,27,ca510b577b53d588f80b4fc76030ea52
12098,c5ed53572c667b119dde2fc0f54de602,0d3057f268050d468f468434f8ec809a,SO72818,105,HL-U509-R,3,105,e366e24b8ad0b1107528f2f58cd15a81
12098,c5ed53572c667b119dde2fc0f54de602,0d3057f268050d468f468434f8ec809a,SO72818,35,TI-M823,1,35,e366e24b8ad0b1107528f2f58cd15a81
12098,c5ed53572c667b119dde2fc0f54de602,0d3057f268050d468f468434f8ec809a,SO72818,5,TT-M928,1,5,e366e24b8ad0b1107528f2f58cd15a81
12099,55f9f4cb5784581a517e59904e0d5e2f,9b6872ca1d80024637e967d1066bba0a,SO56049,35,TI-M823,1,35,1678083e7ff90bd404baad3f60bffa37
12099,e871b36e68b0b3d0af9c742d81fef27a,3fe686907939d07097f6c87f08025422,SO70100,27,CA-1098,3,27,1faee5670542865e021595151379fe5c
12100,2296af5563b2061aa1d88124a37eecb7,6866da5d40f1aad2d82129d5ffa25bda,SO66522,27,CA-1098,3,27,05e7920e8caf0303dc01b77666952b75
12100,abe94c2111c58e9c9672602d41bce66e,0149f124a48640c62d90840ac5760331,SO64151,22,FE-6654,1,22,99b7e934795a93975a5e0c0b9b57d9ba
12100,abe94c2111c58e9c9672602d41bce66e,0149f124a48640c62d90840ac5760331,SO64151,35,TI-M823,1,35,99b7e934795a93975a5e0c0b9b57d9ba
12100,abe94c2111c58e9c9672602d41bce66e,0149f124a48640c62d90840ac5760331,SO64151,64,VE-C304-L,1,64,99b7e934795a93975a5e0c0b9b57d9ba
12101,9a95fdf4e925d9cbd65f87b5aa4ac212,478ecc8cdaa127c33884d9f6c72c2cd5,SO59620,2,PK-7098,1,2,9e8cbc3edbb5efb3f48d6afb260e4725
12101,9a95fdf4e925d9cbd65f87b5aa4ac212,478ecc8cdaa127c33884d9f6c72c2cd5,SO59620,35,TI-M823,1,35,9e8cbc3edbb5efb3f48d6afb260e4725
12101,9a95fdf4e925d9cbd65f87b5aa4ac212,478ecc8cdaa127c33884d9f6c72c2cd5,SO59620,5,TT-M928,1,5,9e8cbc3edbb5efb3f48d6afb260e4725
12101,9c56075241a26f6fa77eb86b15411c6e,9444f850ff0c10a862b4a6a9c4ab0a74,SO54380,150,LJ-0192-S,3,150,ab2e81a99745ffff6c06e2be93290d1b
12102,51c449e55b4a63a16fb45beb689150d5,18bea060239713ee5f865109f63f3a8a,SO53651,4590,BK-M68B-38,2,4590,714597fe9448176d17876617114a65bc
12102,51c449e55b4a63a16fb45beb689150d5,18bea060239713ee5f865109f63f3a8a,SO53651,8,CL-9009,1,8,714597fe9448176d17876617114a65bc
12102,51c449e55b4a63a16fb45beb689150d5,18bea060239713ee5f865109f63f3a8a,SO53651,22,FE-6654,1,22,714597fe9448176d17876617114a65bc
12102,f3cf78cac8ecb957d2c84eb7ec1a9c3c,59901f77a5f45f9e1a4ab8a7a016680f,SO46177,3578,BK-R93R-48,1,3578,3c6f36b5b624fc10e0e7fb916bc9e67a
12103,3a5d59e0d6a1a261f70c276f78a569eb,ef75419eb8c7f979c453315a1853bedc,SO46319,3578,BK-R93R-44,1,3578,79aec4feadc6bb77df978e9aecbf488e
12103,ac15b60491fe99190c0248790e690757,ab2e81a99745ffff6c06e2be93290d1b,SO54803,4640,BK-M68S-42,2,4640,0c8ff735cb2b05718573c08173335fd4
12103,ac15b60491fe99190c0248790e690757,ab2e81a99745ffff6c06e2be93290d1b,SO54803,48,GL-H102-M,2,48,0c8ff735cb2b05718573c08173335fd4
12103,ac15b60491fe99190c0248790e690757,ab2e81a99745ffff6c06e2be93290d1b,SO54803,105,HL-U509-R,3,105,0c8ff735cb2b05718573c08173335fd4
12103,ac15b60491fe99190c0248790e690757,ab2e81a99745ffff6c06e2be93290d1b,SO54803,35,TI-M823,1,35,0c8ff735cb2b05718573c08173335fd4
12103,ac15b60491fe99190c0248790e690757,ab2e81a99745ffff6c06e2be93290d1b,SO54803,5,TT-M928,1,5,0c8ff735cb2b05718573c08173335fd4
12104,d67506f7b78a628b8ca297a62df67cd7,39106a04f091528b34339175a1913836,SO46115,3578,BK-R93R-48,1,3578,c662479358c8f228c7b04ddb926eb524
12104,da9c4ba6c9a1ae8725389bfd38b5763a,3e48b2167bd86ef570e46d0b286c4f74,SO54093,4590,BK-M68B-46,2,4590,9223b53f03a405f817e91392f0294f6a
12104,da9c4ba6c9a1ae8725389bfd38b5763a,3e48b2167bd86ef570e46d0b286c4f74,SO54093,105,HL-U509,3,105,9223b53f03a405f817e91392f0294f6a
12105,1685ca8ff12ea83725a1c35e1d89c5cd,15699e35c72c4036c71409f3f3d69528,SO53856,4590,BK-M68B-46,2,4590,6d44506d59926d8d13d35f75d97f2a64
12105,1685ca8ff12ea83725a1c35e1d89c5cd,15699e35c72c4036c71409f3f3d69528,SO53856,120,RA-H123,1,120,6d44506d59926d8d13d35f75d97f2a64
12105,564f7f85bc0f9399a0ce2e5f21901984,37a5117199a38b7e31d389445dab0cef,SO46133,3578,BK-R93R-48,1,3578,e18c2b136f61489c334cb708a5c6d75f
12106,8eb7a1b0dba9fdd5f4248b9cb6b9119b,9f1ff00ea8fd9fd8f2d421ba5ec45a18,SO68214,2,PK-7098,1,2,c7390752782466cfc9a3ed7d3a79e046
12106,8eb7a1b0dba9fdd5f4248b9cb6b9119b,9f1ff00ea8fd9fd8f2d421ba5ec45a18,SO68214,30,TI-M602,1,30,c7390752782466cfc9a3ed7d3a79e046
12106,8eb7a1b0dba9fdd5f4248b9cb6b9119b,9f1ff00ea8fd9fd8f2d421ba5ec45a18,SO68214,5,TT-M928,1,5,c7390752782466cfc9a3ed7d3a79e046
12106,b68fd63ca41d49bfc1b18251202c053f,d4746e41b619da57ee9f1a2e2cc254e8,SO64871,70,SH-W890-S,1,70,c87874400b9f907bdf9ea37d75a4b341
12106,c7390752782466cfc9a3ed7d3a79e046,0001ffe4d82d0d8f9fec5ab0b4faa2db,SO67915,25,TI-M267,1,25,16e364d19895243407b256ec272d5394
12106,c926349b55a58d87d7d5008c349fd1e9,9e8cbc3edbb5efb3f48d6afb260e4725,SO60090,2,PK-7098,1,2,ccb91034934bb047c5f6a32eb289b95b
12106,c926349b55a58d87d7d5008c349fd1e9,9e8cbc3edbb5efb3f48d6afb260e4725,SO60090,35,TI-M823,1,35,ccb91034934bb047c5f6a32eb289b95b
12107,4a800301260b2639fa1ec3efafb5f86c,23f22724b430320654759f8512440ebc,SO59166,150,LJ-0192-L,3,150,a189cc17a15cdb4e39e80dfcd8374c76
12107,4a800301260b2639fa1ec3efafb5f86c,23f22724b430320654759f8512440ebc,SO59166,70,SH-W890-S,1,70,a189cc17a15cdb4e39e80dfcd8374c76
12107,51c449e55b4a63a16fb45beb689150d5,18bea060239713ee5f865109f63f3a8a,SO53631,2,PK-7098,1,2,714597fe9448176d17876617114a65bc
12107,51c449e55b4a63a16fb45beb689150d5,18bea060239713ee5f865109f63f3a8a,SO53631,25,TI-M267,1,25,714597fe9448176d17876617114a65bc
12107,51c449e55b4a63a16fb45beb689150d5,18bea060239713ee5f865109f63f3a8a,SO53631,5,TT-M928,1,5,714597fe9448176d17876617114a65bc
12107,ba19c22033aaecc6c5dad47f63e5858c,8dd08d219271ec96c543f486de430703,SO63020,30,TI-M602,1,30,16918840d98f27ce45948fe73dd5592f
12107,ba19c22033aaecc6c5dad47f63e5858c,8dd08d219271ec96c543f486de430703,SO63020,5,TT-M928,1,5,16918840d98f27ce45948fe73dd5592f
12107,d76e0ba1fa041675ae9af958c5b41ae4,b988e88fd94a3b47434beeb650cff880,SO56992,35,TI-M823,1,35,cae5717327bee7d74e261c550aa5081f
12108,7ee641303ef8d8b10d0ed00a060c73cc,eef21e68ecca703bb338920b950f203c,SO61769,4640,BK-M68S-46,2,4640,0d15ba5aa4c9ad0377b26e0cf7a86280
12108,7ee641303ef8d8b10d0ed00a060c73cc,eef21e68ecca703bb338920b950f203c,SO61769,8,CL-9009,1,8,0d15ba5aa4c9ad0377b26e0cf7a86280
12108,7ee641303ef8d8b10d0ed00a060c73cc,eef21e68ecca703bb338920b950f203c,SO61769,35,TI-M823,1,35,0d15ba5aa4c9ad0377b26e0cf7a86280
12108,7ee641303ef8d8b10d0ed00a060c73cc,eef21e68ecca703bb338920b950f203c,SO61769,5,TT-M928,1,5,0d15ba5aa4c9ad0377b26e0cf7a86280
12108,9c1231676f7d0735ca17dcc3b53881c6,8432e9be3a7a8a9212201edf8ef07c9f,SO46260,3578,BK-R93R-62,1,3578,167c301692e8c30daa0602fbcbeb02b6
12109,5c70f2bf0cb9e8d72491348c6d6d9b06,d67506f7b78a628b8ca297a62df67cd7,SO46196,3578,BK-R93R-62,1,3578,0be9b4cec5bf5b809cc2e222c24ee42b
12109,5c741aa8e0753be65314a304e7b39c14,d945ec2aae74dbfb829453026b91c235,SO62070,4590,BK-M68B-38,2,4590,7ee641303ef8d8b10d0ed00a060c73cc
12109,5c741aa8e0753be65314a304e7b39c14,d945ec2aae74dbfb829453026b91c235,SO62070,22,FE-6654,1,22,7ee641303ef8d8b10d0ed00a060c73cc
12109,5c741aa8e0753be65314a304e7b39c14,d945ec2aae74dbfb829453026b91c235,SO62070,105,HL-U509,3,105,7ee641303ef8d8b10d0ed00a060c73cc
12110,4e6174091aa6704e09467a0839dac801,3c6f36b5b624fc10e0e7fb916bc9e67a,SO46234,3578,BK-R93R-48,1,3578,ab121e91b47aaffbbc247dca4687f0f0
12110,870bd4f3713260418e4f342f31dc7e33,94c60e0b5e2b0f78b919a5d4c67d70a2,SO62923,10,BC-M005,1,10,2fe1a028f9398deb2efcd536c8246fae
12110,870bd4f3713260418e4f342f31dc7e33,94c60e0b5e2b0f78b919a5d4c67d70a2,SO62923,4590,BK-M68B-46,2,4590,2fe1a028f9398deb2efcd536c8246fae
12110,870bd4f3713260418e4f342f31dc7e33,94c60e0b5e2b0f78b919a5d4c67d70a2,SO62923,5,WB-H098,1,5,2fe1a028f9398deb2efcd536c8246fae
12111,6dd75c28a9a8a39e02bc0a175f82a9f3,dfcee565bb2da80a7b76451a5cd314a1,SO66896,120,RA-H123,1,120,f88b3743a9ce1f9455b6de69380b486a
12111,9913e55755fcc4267a06c1e6adbbc7fb,4a70a3ec50fd16032883bf6fc79c55dd,SO61894,105,HL-U509-R,3,105,d53f9d33cac0a297449a74a10d031570
12111,9913e55755fcc4267a06c1e6adbbc7fb,4a70a3ec50fd16032883bf6fc79c55dd,SO61894,35,TI-M823,1,35,d53f9d33cac0a297449a74a10d031570
12111,9913e55755fcc4267a06c1e6adbbc7fb,4a70a3ec50fd16032883bf6fc79c55dd,SO61894,5,TT-M928,1,5,d53f9d33cac0a297449a74a10d031570
12112,4310d0d92131e34ff2716d85e1953174,90c6314650a0d54fdcabe5cd5406f9af,SO54647,4590,BK-M68B-46,2,4590,d3c54b4368c62c2ff11535bf2b677170
12112,4310d0d92131e34ff2716d85e1953174,90c6314650a0d54fdcabe5cd5406f9af,SO54647,22,FE-6654,1,22,d3c54b4368c62c2ff11535bf2b677170
12112,4310d0d92131e34ff2716d85e1953174,90c6314650a0d54fdcabe5cd5406f9af,SO54647,105,HL-U509-R,3,105,d3c54b4368c62c2ff11535bf2b677170
12112,7a3cb5f97544c8ef7fd51c4b10455880,0b2223e9289eb4a053913fe2c44e1359,SO46314,3578,BK-R93R-48,1,3578,ec3807bc691cff8019155b6bd6a3a85d
12113,3e07f09fb2edbdf0bf6a54c17634514b,dca79d69a6b38e95c4b03bfab997796c,SO52999,4590,BK-M68B-42,2,4590,c375f33d72ca7161f341c2726e82d67a
12113,9e8cbc3edbb5efb3f48d6afb260e4725,174acf6ca4e9804d47a59a499422e621,SO59259,2384,BK-T79Y-54,1,2384,640540d73b85c3ecd2e3bf5541686e87
12113,9e8cbc3edbb5efb3f48d6afb260e4725,174acf6ca4e9804d47a59a499422e621,SO59259,48,GL-H102-M,2,48,640540d73b85c3ecd2e3bf5541686e87
12113,9e8cbc3edbb5efb3f48d6afb260e4725,174acf6ca4e9804d47a59a499422e621,SO59259,29,TI-T723,1,29,640540d73b85c3ecd2e3bf5541686e87
12113,9e8cbc3edbb5efb3f48d6afb260e4725,174acf6ca4e9804d47a59a499422e621,SO59259,5,TT-T092,1,5,640540d73b85c3ecd2e3bf5541686e87
12114,4a70a3ec50fd16032883bf6fc79c55dd,4804ee33768b143d9706052696f7dfbd,SO61082,9,BC-R205,1,9,e0bcd0ff3072dfe15609d6be1529b0b8
12114,4a70a3ec50fd16032883bf6fc79c55dd,4804ee33768b143d9706052696f7dfbd,SO61082,2384,BK-T79U-60,1,2384,e0bcd0ff3072dfe15609d6be1529b0b8
12114,9444f850ff0c10a862b4a6a9c4ab0a74,3143ce3c6436ed5bd25398756b7b661d,SO53761,4590,BK-M68B-42,2,4590,76e3c19dbb0dadc4c6dc771d856e4676
12114,9444f850ff0c10a862b4a6a9c4ab0a74,3143ce3c6436ed5bd25398756b7b661d,SO53761,22,FE-6654,1,22,76e3c19dbb0dadc4c6dc771d856e4676
12114,9444f850ff0c10a862b4a6a9c4ab0a74,3143ce3c6436ed5bd25398756b7b661d,SO53761,9,SO-R809-M,1,9,76e3c19dbb0dadc4c6dc771d856e4676
12115,254d832c83ccdb2c33eab65a4fd196ff,75fe8d7dec9d2a51be64595ab37dc674,SO59537,35,TI-M823,1,35,4a800301260b2639fa1ec3efafb5f86c
12115,254d832c83ccdb2c33eab65a4fd196ff,75fe8d7dec9d2a51be64595ab37dc674,SO59537,5,TT-M928,1,5,4a800301260b2639fa1ec3efafb5f86c
12115,b21e833d3ead6056f1265f13fe1ff015,7983129d9883ebc3b9dce3311996b001,SO60564,150,LJ-0192-X,3,150,4804ee33768b143d9706052696f7dfbd
12116,6e5c4b769f8f70f9fd01b24ba5be9695,40e7dd73b09eac540e790daf6fac41af,SO54864,4640,BK-M68S-42,2,4640,106dfbaf552c07a1b08d065f2c343982
12116,6e5c4b769f8f70f9fd01b24ba5be9695,40e7dd73b09eac540e790daf6fac41af,SO54864,105,HL-U509-B,3,105,106dfbaf552c07a1b08d065f2c343982
12116,a7e2e75e7fa681dcfa6bb6bfc7fc5cff,5bdc8cd31bb1859c6d9dd782c52a85ae,SO46272,3578,BK-R93R-44,1,3578,0b2223e9289eb4a053913fe2c44e1359
12117,7a8e187aeb003f6e34c02a4d5b9b153e,2fe1a028f9398deb2efcd536c8246fae,SO63508,120,RA-H123,1,120,ba19c22033aaecc6c5dad47f63e5858c
12117,b0950d12c62d3aeda81b2e8d06f2aef4,e366e24b8ad0b1107528f2f58cd15a81,SO73376,35,TI-M823,1,35,a048b8d5f3f9178f163e2be055f0138b
12117,b0950d12c62d3aeda81b2e8d06f2aef4,e366e24b8ad0b1107528f2f58cd15a81,SO73376,5,TT-M928,1,5,a048b8d5f3f9178f163e2be055f0138b
12118,3a23b248b732af434a45fce0302aa11f,db2f6a564b6f5f41253c68874b50962b,SO62984,10,BC-M005,1,10,290499d9b8e65db426ba9b842714eb6d
12118,3a23b248b732af434a45fce0302aa11f,db2f6a564b6f5f41253c68874b50962b,SO62984,4590,BK-M68B-38,2,4590,290499d9b8e65db426ba9b842714eb6d
12118,3a23b248b732af434a45fce0302aa11f,db2f6a564b6f5f41253c68874b50962b,SO62984,22,FE-6654,1,22,290499d9b8e65db426ba9b842714eb6d
12118,3a23b248b732af434a45fce0302aa11f,db2f6a564b6f5f41253c68874b50962b,SO62984,150,LJ-0192-S,3,150,290499d9b8e65db426ba9b842714eb6d
12118,3a23b248b732af434a45fce0302aa11f,db2f6a564b6f5f41253c68874b50962b,SO62984,9,SO-R809-M,1,9,290499d9b8e65db426ba9b842714eb6d
12118,3a23b248b732af434a45fce0302aa11f,db2f6a564b6f5f41253c68874b50962b,SO62984,35,TI-M823,1,35,290499d9b8e65db426ba9b842714eb6d
12118,3a23b248b732af434a45fce0302aa11f,db2f6a564b6f5f41253c68874b50962b,SO62984,5,WB-H098,1,5,290499d9b8e65db426ba9b842714eb6d
12118,dd323e11c7806b56c8b4104210bb4235,2fdcff2fdbe32f29016778bbf2d2634c,SO46156,3578,BK-R93R-56,1,3578,c33c6976b463bb3c89443e51c98853bd
12119,a976f17830aceaaa93d5daef0bc209a3,d9f7611cf8d29b48a1d3d8fddb8c5b2e,SO57492,120,RA-H123,1,120,0e23f371129aecc6b2033620b226f8d7
12119,e871b36e68b0b3d0af9c742d81fef27a,3fe686907939d07097f6c87f08025422,SO70128,2,PK-7098,1,2,1faee5670542865e021595151379fe5c
12119,e871b36e68b0b3d0af9c742d81fef27a,3fe686907939d07097f6c87f08025422,SO70128,35,TI-M823,1,35,1faee5670542865e021595151379fe5c
12119,e871b36e68b0b3d0af9c742d81fef27a,3fe686907939d07097f6c87f08025422,SO70128,5,TT-M928,1,5,1faee5670542865e021595151379fe5c
12120,ba19c22033aaecc6c5dad47f63e5858c,8dd08d219271ec96c543f486de430703,SO63042,4590,BK-M68B-42,2,4590,16918840d98f27ce45948fe73dd5592f
12120,ba19c22033aaecc6c5dad47f63e5858c,8dd08d219271ec96c543f486de430703,SO63042,35,TI-M823,1,35,16918840d98f27ce45948fe73dd5592f
12120,cb1acef92aa40abf6c8b8044d9ed1309,02bc737163cde26453ad278829f046f2,SO46149,3578,BK-R93R-44,1,3578,d67506f7b78a628b8ca297a62df67cd7
12121,b34f038fa8756c7f3677882d150ade23,ab121e91b47aaffbbc247dca4687f0f0,SO46280,3578,BK-R93R-44,1,3578,ef75419eb8c7f979c453315a1853bedc
12121,ba19c22033aaecc6c5dad47f63e5858c,8dd08d219271ec96c543f486de430703,SO63043,4640,BK-M68S-42,2,4640,16918840d98f27ce45948fe73dd5592f
12121,ba19c22033aaecc6c5dad47f63e5858c,8dd08d219271ec96c543f486de430703,SO63043,8,CL-9009,1,8,16918840d98f27ce45948fe73dd5592f
12121,ba19c22033aaecc6c5dad47f63e5858c,8dd08d219271ec96c543f486de430703,SO63043,35,TI-M823,1,35,16918840d98f27ce45948fe73dd5592f
12121,ba19c22033aaecc6c5dad47f63e5858c,8dd08d219271ec96c543f486de430703,SO63043,5,TT-M928,1,5,16918840d98f27ce45948fe73dd5592f
12122,3f20f21c57e09a6c071e44d1fe74b58a,9b98d27287b27eeee9ebc06e1d5a9a8d,SO53909,10,BC-M005,1,10,51c449e55b4a63a16fb45beb689150d5
12122,3f20f21c57e09a6c071e44d1fe74b58a,9b98d27287b27eeee9ebc06e1d5a9a8d,SO53909,4590,BK-M68B-42,2,4590,51c449e55b4a63a16fb45beb689150d5
12122,3f20f21c57e09a6c071e44d1fe74b58a,9b98d27287b27eeee9ebc06e1d5a9a8d,SO53909,120,RA-H123,1,120,51c449e55b4a63a16fb45beb689150d5
12122,3f20f21c57e09a6c071e44d1fe74b58a,9b98d27287b27eeee9ebc06e1d5a9a8d,SO53909,5,WB-H098,1,5,51c449e55b4a63a16fb45beb689150d5
12122,c660dc308b247ce08aeecd155306bae0,e7df1b3ee078bdcfc260a877f321287d,SO59967,2384,BK-T79U-46,1,2384,9a95fdf4e925d9cbd65f87b5aa4ac212
12123,8f472ffe3ff3109f420ae91355ff8f3f,e0cd1349b4c6e1b5f14ed427e358c2d0,SO71214,540,BK-R19B-48,1,540,8fa3bab223bec6501ad71f96bb1067b6
12123,8f472ffe3ff3109f420ae91355ff8f3f,e0cd1349b4c6e1b5f14ed427e358c2d0,SO71214,27,CA-1098,3,27,8fa3bab223bec6501ad71f96bb1067b6
12123,8f472ffe3ff3109f420ae91355ff8f3f,e0cd1349b4c6e1b5f14ed427e358c2d0,SO71214,105,HL-U509-R,3,105,8fa3bab223bec6501ad71f96bb1067b6
12123,8f472ffe3ff3109f420ae91355ff8f3f,e0cd1349b4c6e1b5f14ed427e358c2d0,SO71214,150,LJ-0192-X,3,150,8fa3bab223bec6501ad71f96bb1067b6
12123,8f472ffe3ff3109f420ae91355ff8f3f,e0cd1349b4c6e1b5f14ed427e358c2d0,SO71214,21,TI-R092,1,21,8fa3bab223bec6501ad71f96bb1067b6
12123,8f472ffe3ff3109f420ae91355ff8f3f,e0cd1349b4c6e1b5f14ed427e358c2d0,SO71214,4,TT-R982,1,4,8fa3bab223bec6501ad71f96bb1067b6
12123,a9adf65abbb865184bf924d14a93d0c4,ec24e4cf9fcc90f3bbe81b2fb3735c21,SO70724,742,BK-T18U-58,1,742,e0cd1349b4c6e1b5f14ed427e358c2d0
12123,a9adf65abbb865184bf924d14a93d0c4,ec24e4cf9fcc90f3bbe81b2fb3735c21,SO70724,105,HL-U509-R,3,105,e0cd1349b4c6e1b5f14ed427e358c2d0
12123,a9badca0a12d937b4dcb70fd1c65dc63,368bf74b3769bb91f49d30908786b862,SO47164,4098,BK-M68B-42,2,4098,41c97bac51d5ee4cfce0cfa86385fdbe
12123,f04e53711455521533f4c5ed7dcaa287,5e9b4970006d8f02ba0bc1763fa8b9a6,SO52523,10,BC-M005,1,10,f799d104dd23bb828dcdaaefc4d25b61
12123,f04e53711455521533f4c5ed7dcaa287,5e9b4970006d8f02ba0bc1763fa8b9a6,SO52523,4640,BK-M68S-42,2,4640,f799d104dd23bb828dcdaaefc4d25b61
12123,f04e53711455521533f4c5ed7dcaa287,5e9b4970006d8f02ba0bc1763fa8b9a6,SO52523,22,FE-6654,1,22,f799d104dd23bb828dcdaaefc4d25b61
12124,0605970f0e23f47a1e2af81a5f9bc913,07b38747fb1cdad01d7ff97006ca5ccb,SO43919,3578,BK-R93R-56,1,3578,cd9e79fd7a43f48acc7de09fefb697d8
12124,070e7bb8852d69e16952038e5532904f,2b53375239b19c31e4947cc1033443c0,SO51245,2384,BK-T79Y-50,1,2384,e5cdc2e9be5ecca55f34ea2ebabb8670
12124,070e7bb8852d69e16952038e5532904f,2b53375239b19c31e4947cc1033443c0,SO51245,27,CA-1098,3,27,e5cdc2e9be5ecca55f34ea2ebabb8670
12124,070e7bb8852d69e16952038e5532904f,2b53375239b19c31e4947cc1033443c0,SO51245,105,HL-U509-B,3,105,e5cdc2e9be5ecca55f34ea2ebabb8670
12124,5dddb266d8c26eece51489fe90c9f47d,4ef92eb2724526d42848579d94bf7748,SO51441,4886,BK-R89B-52,2,4886,96a3262695f10a59b726f3dfd4782c4d
12124,5dddb266d8c26eece51489fe90c9f47d,4ef92eb2724526d42848579d94bf7748,SO51441,8,CL-9009,1,8,96a3262695f10a59b726f3dfd4782c4d
12124,ab2e81a99745ffff6c06e2be93290d1b,76e3c19dbb0dadc4c6dc771d856e4676,SO54111,10,BC-M005,1,10,1685ca8ff12ea83725a1c35e1d89c5cd
12124,ab2e81a99745ffff6c06e2be93290d1b,76e3c19dbb0dadc4c6dc771d856e4676,SO54111,4590,BK-M68B-42,2,4590,1685ca8ff12ea83725a1c35e1d89c5cd
12124,ab2e81a99745ffff6c06e2be93290d1b,76e3c19dbb0dadc4c6dc771d856e4676,SO54111,105,HL-U509-B,3,105,1685ca8ff12ea83725a1c35e1d89c5cd
12124,c7390752782466cfc9a3ed7d3a79e046,0001ffe4d82d0d8f9fec5ab0b4faa2db,SO67960,9,BC-R205,1,9,16e364d19895243407b256ec272d5394
12124,c7390752782466cfc9a3ed7d3a79e046,0001ffe4d82d0d8f9fec5ab0b4faa2db,SO67960,2384,BK-T79Y-54,1,2384,16e364d19895243407b256ec272d5394
12124,c7390752782466cfc9a3ed7d3a79e046,0001ffe4d82d0d8f9fec5ab0b4faa2db,SO67960,5,WB-H098,1,5,16e364d19895243407b256ec272d5394
12125,b34e643874d56f7909d7abbfa923fb5a,b2d2f5ceb10246b49d6ab4905e6f9753,SO48178,4142,BK-M68S-38,2,4142,c260b06ffc51ebc422646203046c8eda
12125,b8d9d66529b0a1e91f6137abcdd065dd,6d44506d59926d8d13d35f75d97f2a64,SO54190,10,BC-M005,1,10,90c6314650a0d54fdcabe5cd5406f9af
12125,b8d9d66529b0a1e91f6137abcdd065dd,6d44506d59926d8d13d35f75d97f2a64,SO54190,4640,BK-M68S-46,2,4640,90c6314650a0d54fdcabe5cd5406f9af
12125,b8d9d66529b0a1e91f6137abcdd065dd,6d44506d59926d8d13d35f75d97f2a64,SO54190,105,HL-U509-R,3,105,90c6314650a0d54fdcabe5cd5406f9af
12125,b8d9d66529b0a1e91f6137abcdd065dd,6d44506d59926d8d13d35f75d97f2a64,SO54190,5,WB-H098,1,5,90c6314650a0d54fdcabe5cd5406f9af
12125,fd5ba6fdeb81e07b2caf0b103489bd8d,e871b36e68b0b3d0af9c742d81fef27a,SO71018,2384,BK-T79Y-54,1,2384,17520f5649fab40fb66771362888cb90
12125,fd5ba6fdeb81e07b2caf0b103489bd8d,e871b36e68b0b3d0af9c742d81fef27a,SO71018,29,TI-T723,1,29,17520f5649fab40fb66771362888cb90
12125,fd5ba6fdeb81e07b2caf0b103489bd8d,e871b36e68b0b3d0af9c742d81fef27a,SO71018,5,TT-T092,1,5,17520f5649fab40fb66771362888cb90
12125,fee8e08233f3f00450bce31967abb0f1,331afa0aff1b1cfbf3d24944ab38c9d2,SO70524,1701,BK-R79Y-48,1,1701,86bfb8ffc7a79e52d833cedce4d275bf
12125,fee8e08233f3f00450bce31967abb0f1,331afa0aff1b1cfbf3d24944ab38c9d2,SO70524,105,HL-U509,3,105,86bfb8ffc7a79e52d833cedce4d275bf
12126,39fe373cdcb4534addde73890415b660,41fc4cb27e0ee552c4c9247e1a476cc5,SO55897,54,SJ-0194-M,1,54,3519c8eb4095dbc69d80eb61856d3435
12126,b0241b451647f25db5f52074445d820c,7a8e187aeb003f6e34c02a4d5b9b153e,SO64276,2,PK-7098,1,2,56d78836c9cf0de136c4d2d37aba2280
12126,b0241b451647f25db5f52074445d820c,7a8e187aeb003f6e34c02a4d5b9b153e,SO64276,21,TI-R092,1,21,56d78836c9cf0de136c4d2d37aba2280
12126,b0241b451647f25db5f52074445d820c,7a8e187aeb003f6e34c02a4d5b9b153e,SO64276,4,TT-R982,1,4,56d78836c9cf0de136c4d2d37aba2280
12127,1556bafff387fc8f2f6fef64c1daa6bc,8728a5e296f39e49d2fa74c31820e99f,SO70500,105,HL-U509-R,3,105,e871b36e68b0b3d0af9c742d81fef27a
12128,6e5c4b769f8f70f9fd01b24ba5be9695,40e7dd73b09eac540e790daf6fac41af,SO54822,4640,BK-M68S-46,2,4640,106dfbaf552c07a1b08d065f2c343982
12128,6e5c4b769f8f70f9fd01b24ba5be9695,40e7dd73b09eac540e790daf6fac41af,SO54822,120,RA-H123,1,120,106dfbaf552c07a1b08d065f2c343982
12128,7cfccbeb91431429b23b0e41a99488f0,cef496a29639a0ba3d5ad94ef759770a,SO48099,4098,BK-M68B-42,2,4098,b626fc8d2e0883d1c28d00d94d2c599f
12128,8920fd63645007b243abb750709b1172,58c4ce5b9433e7b6d41793d5a76d5590,SO72272,1701,BK-R79Y-48,1,1701,0d3057f268050d468f468434f8ec809a
12128,8920fd63645007b243abb750709b1172,58c4ce5b9433e7b6d41793d5a76d5590,SO72272,27,CA-1098,3,27,0d3057f268050d468f468434f8ec809a
12128,8920fd63645007b243abb750709b1172,58c4ce5b9433e7b6d41793d5a76d5590,SO72272,54,SJ-0194-M,1,54,0d3057f268050d468f468434f8ec809a
12128,c4c454d69a39e60a6f5cf2f97148adad,49fce086a31f1cfcf16b54e462f7cbc0,SO71623,2384,BK-T79U-60,1,2384,31c99d724c1f182c60edb82eb4740277
12128,c4c454d69a39e60a6f5cf2f97148adad,49fce086a31f1cfcf16b54e462f7cbc0,SO71623,27,CA-1098,3,27,31c99d724c1f182c60edb82eb4740277
12128,c4c454d69a39e60a6f5cf2f97148adad,49fce086a31f1cfcf16b54e462f7cbc0,SO71623,105,HL-U509-B,3,105,31c99d724c1f182c60edb82eb4740277
12129,8babade0595c11e14dd89058a850f2cd,a048b8d5f3f9178f163e2be055f0138b,SO73933,1701,BK-R79Y-40,1,1701,501407dcfde5b685045ca3072168d5bb
12129,8babade0595c11e14dd89058a850f2cd,a048b8d5f3f9178f163e2be055f0138b,SO73933,27,CA-1098,3,27,501407dcfde5b685045ca3072168d5bb
12129,dba3e44e23a1d2c2f299811e94db7fce,51c449e55b4a63a16fb45beb689150d5,SO54250,10,BC-M005,1,10,226d694fb4b7f71d62444f9528be8704
12129,dba3e44e23a1d2c2f299811e94db7fce,51c449e55b4a63a16fb45beb689150d5,SO54250,4640,BK-M68S-42,2,4640,226d694fb4b7f71d62444f9528be8704
12129,dba3e44e23a1d2c2f299811e94db7fce,51c449e55b4a63a16fb45beb689150d5,SO54250,22,FE-6654,1,22,226d694fb4b7f71d62444f9528be8704
12129,dba3e44e23a1d2c2f299811e94db7fce,51c449e55b4a63a16fb45beb689150d5,SO54250,5,WB-H098,1,5,226d694fb4b7f71d62444f9528be8704
12129,e56b89db4bdb2b3ba01ca1e3dbaf16ef,07f0f4d1950116643ea4a45db1bc7999,SO48245,4142,BK-M68S-42,2,4142,af0f2c97be3051a37eaf670bbd7408f8
12129,f544b472453b297a8b55709fbfd3746d,70951886788165a5e2439adfce4d0cce,SO70086,2384,BK-T79Y-60,1,2384,331afa0aff1b1cfbf3d24944ab38c9d2
12129,f544b472453b297a8b55709fbfd3746d,70951886788165a5e2439adfce4d0cce,SO70086,105,HL-U509-B,3,105,331afa0aff1b1cfbf3d24944ab38c9d2
12130,3f20f21c57e09a6c071e44d1fe74b58a,9b98d27287b27eeee9ebc06e1d5a9a8d,SO53876,10,BC-M005,1,10,51c449e55b4a63a16fb45beb689150d5
12130,3f20f21c57e09a6c071e44d1fe74b58a,9b98d27287b27eeee9ebc06e1d5a9a8d,SO53876,4640,BK-M68S-46,2,4640,51c449e55b4a63a16fb45beb689150d5
12130,3f20f21c57e09a6c071e44d1fe74b58a,9b98d27287b27eeee9ebc06e1d5a9a8d,SO53876,5,WB-H098,1,5,51c449e55b4a63a16fb45beb689150d5
12130,49fce086a31f1cfcf16b54e462f7cbc0,99c8f306659fd98cbb9d7f03ec0c2a7a,SO70800,9,BC-R205,1,9,e84848120190a8d0e696fbeb15647a74
12130,49fce086a31f1cfcf16b54e462f7cbc0,99c8f306659fd98cbb9d7f03ec0c2a7a,SO70800,2384,BK-T79Y-60,1,2384,e84848120190a8d0e696fbeb15647a74
12130,49fce086a31f1cfcf16b54e462f7cbc0,99c8f306659fd98cbb9d7f03ec0c2a7a,SO70800,5,WB-H098,1,5,e84848120190a8d0e696fbeb15647a74
12130,78cee6501c10922e466c02f814c8627b,892aa61c5dad53571248cc492fa50176,SO51221,2240,BK-R64Y-48,2,2240,109423a52128e234487abcd717f01458
12130,78cee6501c10922e466c02f814c8627b,892aa61c5dad53571248cc492fa50176,SO51221,27,CA-1098,3,27,109423a52128e234487abcd717f01458
12130,78cee6501c10922e466c02f814c8627b,892aa61c5dad53571248cc492fa50176,SO51221,54,SJ-0194-L,1,54,109423a52128e234487abcd717f01458
12130,efeeb9aa018e1010ee17c973765ea138,b626fc8d2e0883d1c28d00d94d2c599f,SO48137,4142,BK-M68S-38,2,4142,b2d2f5ceb10246b49d6ab4905e6f9753
12131,511572e8a25e86c2f48ae9e6d73a1e6a,8e8847c1bdf012037ee13bb62da8a5c1,SO68134,2384,BK-T79U-54,1,2384,691ad1b0dca3643b923973defd014d47
12131,511572e8a25e86c2f48ae9e6d73a1e6a,8e8847c1bdf012037ee13bb62da8a5c1,SO68134,105,HL-U509-B,3,105,691ad1b0dca3643b923973defd014d47
12131,511572e8a25e86c2f48ae9e6d73a1e6a,8e8847c1bdf012037ee13bb62da8a5c1,SO68134,150,LJ-0192-L,3,150,691ad1b0dca3643b923973defd014d47
12131,8d71482745a6a1be4fbbc5562ade4657,089c2a426c196c5ca5facb20896c90bb,SO56909,4640,BK-M68S-38,2,4640,d9f7611cf8d29b48a1d3d8fddb8c5b2e
12131,8d71482745a6a1be4fbbc5562ade4657,089c2a426c196c5ca5facb20896c90bb,SO56909,105,HL-U509-R,3,105,d9f7611cf8d29b48a1d3d8fddb8c5b2e
12131,bee2b842cd357511cf4c8e509f5af192,5dddb266d8c26eece51489fe90c9f47d,SO51644,4886,BK-R89B-44,2,4886,20b851db79828c985958154243411278
12131,db2b287636ac5ebda430de4f3f643b24,7af7abc5e37d5fa2e2334b4fec2584e2,SO52017,2384,BK-T79Y-46,1,2384,bee2b842cd357511cf4c8e509f5af192
12131,db2b287636ac5ebda430de4f3f643b24,7af7abc5e37d5fa2e2334b4fec2584e2,SO52017,2,PK-7098,1,2,bee2b842cd357511cf4c8e509f5af192
12131,db2b287636ac5ebda430de4f3f643b24,7af7abc5e37d5fa2e2334b4fec2584e2,SO52017,29,TI-T723,1,29,bee2b842cd357511cf4c8e509f5af192
12131,db2b287636ac5ebda430de4f3f643b24,7af7abc5e37d5fa2e2334b4fec2584e2,SO52017,5,TT-T092,1,5,bee2b842cd357511cf4c8e509f5af192
12131,f96fbbcf63b1b65747983976e60d5967,1aaafc415cabd13fe410504154a58757,SO44030,3578,BK-R93R-44,1,3578,85e7a76ab1d6d23e87ea418480d5ffe2
12132,427ed6396fba4ed8ead9ec3229517d2b,3519c8eb4095dbc69d80eb61856d3435,SO56226,4590,BK-M68B-42,2,4590,629ffff971d10f275a79a70fae527fbc
12132,4b74d4eac4c3a33d22d34af93569c011,c96b659647361342a1bb035614c242b1,SO51181,4886,BK-R89R-58,2,4886,9f14679403a464909296961b7547fa87
12132,4b74d4eac4c3a33d22d34af93569c011,c96b659647361342a1bb035614c242b1,SO51181,105,HL-U509-R,3,105,9f14679403a464909296961b7547fa87
12132,4b74d4eac4c3a33d22d34af93569c011,c96b659647361342a1bb035614c242b1,SO51181,33,TI-R982,1,33,9f14679403a464909296961b7547fa87
12132,4b74d4eac4c3a33d22d34af93569c011,c96b659647361342a1bb035614c242b1,SO51181,4,TT-R982,1,4,9f14679403a464909296961b7547fa87
12132,66e56e10b0f528b66a45e307ecdf4774,691ad1b0dca3643b923973defd014d47,SO68620,9,BC-R205,1,9,8eb7a1b0dba9fdd5f4248b9cb6b9119b
12132,66e56e10b0f528b66a45e307ecdf4774,691ad1b0dca3643b923973defd014d47,SO68620,2384,BK-T79Y-46,1,2384,8eb7a1b0dba9fdd5f4248b9cb6b9119b
12132,66e56e10b0f528b66a45e307ecdf4774,691ad1b0dca3643b923973defd014d47,SO68620,5,WB-H098,1,5,8eb7a1b0dba9fdd5f4248b9cb6b9119b
12132,ad4fbe0c82c7e5968d4cf22c2ad19e28,72e75576254db1afef14ecdc050391c2,SO52725,2384,BK-T79Y-46,1,2384,f5933feadc49c253e4f0e77b236946e9
12132,ad4fbe0c82c7e5968d4cf22c2ad19e28,72e75576254db1afef14ecdc050391c2,SO52725,105,HL-U509,3,105,f5933feadc49c253e4f0e77b236946e9
12132,ad4fbe0c82c7e5968d4cf22c2ad19e28,72e75576254db1afef14ecdc050391c2,SO52725,55,HY-1023-70,1,55,f5933feadc49c253e4f0e77b236946e9
12132,ad4fbe0c82c7e5968d4cf22c2ad19e28,72e75576254db1afef14ecdc050391c2,SO52725,29,TI-T723,1,29,f5933feadc49c253e4f0e77b236946e9
12132,ad4fbe0c82c7e5968d4cf22c2ad19e28,72e75576254db1afef14ecdc050391c2,SO52725,5,TT-T092,1,5,f5933feadc49c253e4f0e77b236946e9
12132,d42ff2e8dfbd670b0e4f7cdb4eb2a548,e1177aa92fd6f143803910e5ee60d40a,SO43924,3578,BK-R93R-62,1,3578,0215d13a3368541a5d2965db89d41de3
12133,106dfbaf552c07a1b08d065f2c343982,3f20f21c57e09a6c071e44d1fe74b58a,SO54528,10,BC-M005,1,10,dba3e44e23a1d2c2f299811e94db7fce
12133,106dfbaf552c07a1b08d065f2c343982,3f20f21c57e09a6c071e44d1fe74b58a,SO54528,4640,BK-M68S-38,2,4640,dba3e44e23a1d2c2f299811e94db7fce
12133,106dfbaf552c07a1b08d065f2c343982,3f20f21c57e09a6c071e44d1fe74b58a,SO54528,22,FE-6654,1,22,dba3e44e23a1d2c2f299811e94db7fce
12133,106dfbaf552c07a1b08d065f2c343982,3f20f21c57e09a6c071e44d1fe74b58a,SO54528,105,HL-U509-R,3,105,dba3e44e23a1d2c2f299811e94db7fce
12133,106dfbaf552c07a1b08d065f2c343982,3f20f21c57e09a6c071e44d1fe74b58a,SO54528,150,LJ-0192-S,3,150,dba3e44e23a1d2c2f299811e94db7fce
12133,106dfbaf552c07a1b08d065f2c343982,3f20f21c57e09a6c071e44d1fe74b58a,SO54528,5,WB-H098,1,5,dba3e44e23a1d2c2f299811e94db7fce
12133,b5bd60d2c998267a6b6a11a2521b0b65,540c97e65b08aac734db0196254259fd,SO47185,4142,BK-M68S-46,2,4142,74b4466b347c60a98e00951770d7b9a2
12133,c83e871e48c2716e0f28e60d166a5c98,6a8d7e42bb852c45fbf8610361d391a0,SO72099,742,BK-T18U-44,1,742,c4c454d69a39e60a6f5cf2f97148adad
12133,c83e871e48c2716e0f28e60d166a5c98,6a8d7e42bb852c45fbf8610361d391a0,SO72099,105,HL-U509-R,3,105,c4c454d69a39e60a6f5cf2f97148adad
12133,d5985f40495ba672dff8a99620b879c8,a9adf65abbb865184bf924d14a93d0c4,SO71552,540,BK-R19B-44,1,540,8f472ffe3ff3109f420ae91355ff8f3f
12134,63efdd3324df66c9965bd622cdebe06a,7acd252f45ad6fe668386456a673d543,SO68053,27,CA-1098,3,27,6e32728b966bb91cefefa1316da21ca8
12134,63efdd3324df66c9965bd622cdebe06a,7acd252f45ad6fe668386456a673d543,SO68053,54,SJ-0194-M,1,54,6e32728b966bb91cefefa1316da21ca8
12134,d53f9d33cac0a297449a74a10d031570,e0bcd0ff3072dfe15609d6be1529b0b8,SO61572,9,SO-R809-L,1,9,4cc27df81afd686c0420394e090460cb
12134,d53f9d33cac0a297449a74a10d031570,e0bcd0ff3072dfe15609d6be1529b0b8,SO61572,21,TI-R092,1,21,4cc27df81afd686c0420394e090460cb
12134,d53f9d33cac0a297449a74a10d031570,e0bcd0ff3072dfe15609d6be1529b0b8,SO61572,4,TT-R982,1,4,4cc27df81afd686c0420394e090460cb
12135,5e1b952a22eccca86f7f056a9efb42a4,a8ef76a01442567fb64eb6f4408a9835,SO57692,150,LJ-0192-L,3,150,40883861f6e25a2e09e848a7891f4f38
12135,d945ec2aae74dbfb829453026b91c235,348f48807f500aeac729fb17d9bc97f1,SO61352,35,TI-M823,1,35,eef21e68ecca703bb338920b950f203c
12136,08ff55594d8ca57b756a1953f77ebc89,54d3ba66c5e71d3112695b882ca2030e,SO74953,10,BC-M005,1,10,12092303778fcfa88ed7d284b74c6a6a
12136,08ff55594d8ca57b756a1953f77ebc89,54d3ba66c5e71d3112695b882ca2030e,SO74953,105,HL-U509,3,105,12092303778fcfa88ed7d284b74c6a6a
12136,08ff55594d8ca57b756a1953f77ebc89,54d3ba66c5e71d3112695b882ca2030e,SO74953,5,WB-H098,1,5,12092303778fcfa88ed7d284b74c6a6a
12136,290499d9b8e65db426ba9b842714eb6d,606ed413481267c98754e3351f662859,SO62660,48,GL-H102-L,2,48,d1024973c3d10f08cb9fa1736e6ed8b7
12136,290499d9b8e65db426ba9b842714eb6d,606ed413481267c98754e3351f662859,SO62660,105,HL-U509-R,3,105,d1024973c3d10f08cb9fa1736e6ed8b7
12136,290499d9b8e65db426ba9b842714eb6d,606ed413481267c98754e3351f662859,SO62660,35,TI-M823,1,35,d1024973c3d10f08cb9fa1736e6ed8b7
12136,290499d9b8e65db426ba9b842714eb6d,606ed413481267c98754e3351f662859,SO62660,5,TT-M928,1,5,d1024973c3d10f08cb9fa1736e6ed8b7
12136,ca38f30e56a72f4d0c8d2264322c5862,de5009f9bf3e9725d2381f4a5e913111,SO68166,5,TT-T092,1,5,7e15f50bd26e439e6a22f5205a8064db
12136,cae5717327bee7d74e261c550aa5081f,18025e6a8791d350428f65c0783ebd99,SO56713,2,PK-7098,1,2,ed268f8f3837888893f896b7240f1254
12136,cae5717327bee7d74e261c550aa5081f,18025e6a8791d350428f65c0783ebd99,SO56713,25,TI-M267,1,25,ed268f8f3837888893f896b7240f1254
12137,0814775cfc25da756a9b4197347ab771,d76e0ba1fa041675ae9af958c5b41ae4,SO57791,150,LJ-0192-X,3,150,de22d232bbe84481579f6252f1e7091d
12137,1f50dad3f1493a5cf408c4eb3987479e,226d694fb4b7f71d62444f9528be8704,SO54696,2,PK-7098,1,2,9c56075241a26f6fa77eb86b15411c6e
12137,1f50dad3f1493a5cf408c4eb3987479e,226d694fb4b7f71d62444f9528be8704,SO54696,35,TI-M823,1,35,9c56075241a26f6fa77eb86b15411c6e
12137,1f50dad3f1493a5cf408c4eb3987479e,226d694fb4b7f71d62444f9528be8704,SO54696,5,TT-M928,1,5,9c56075241a26f6fa77eb86b15411c6e
12138,9d934f91c460e9947414d00048f2fa36,94b225b5b1f09ecd5e8ecdfb681ff04c,SO65127,22,FE-6654,1,22,3f0c8308e4e2e5c4ddc1b7e19304f613
12138,9d934f91c460e9947414d00048f2fa36,94b225b5b1f09ecd5e8ecdfb681ff04c,SO65127,150,LJ-0192-S,3,150,3f0c8308e4e2e5c4ddc1b7e19304f613
12138,9d934f91c460e9947414d00048f2fa36,94b225b5b1f09ecd5e8ecdfb681ff04c,SO65127,35,TI-M823,1,35,3f0c8308e4e2e5c4ddc1b7e19304f613
12138,9d934f91c460e9947414d00048f2fa36,94b225b5b1f09ecd5e8ecdfb681ff04c,SO65127,5,TT-M928,1,5,3f0c8308e4e2e5c4ddc1b7e19304f613
12138,eea5b3bd1bd5d5c62a1d22f78d3ba263,c87874400b9f907bdf9ea37d75a4b341,SO65456,8,CL-9009,1,8,a1fedb8f5f2e08543339a5f167bee6b7
12139,2becb9647677a1a316b388bbad689580,013f173c58073e845f675d26fdde1918,SO61372,8,CL-9009,1,8,0383d48e76cd8a3dfb9e2a890f2cac18
12139,501407dcfde5b685045ca3072168d5bb,41ef6b06b63ba4f6a5234245a439b157,SO73552,55,HY-1023-70,1,55,5432d51ee94799c0125bb158c8a8bd22
12139,501407dcfde5b685045ca3072168d5bb,41ef6b06b63ba4f6a5234245a439b157,SO73552,35,TI-M823,1,35,5432d51ee94799c0125bb158c8a8bd22
12139,501407dcfde5b685045ca3072168d5bb,41ef6b06b63ba4f6a5234245a439b157,SO73552,5,TT-M928,1,5,5432d51ee94799c0125bb158c8a8bd22
12140,8728a5e296f39e49d2fa74c31820e99f,66e56e10b0f528b66a45e307ecdf4774,SO69599,10,BC-M005,1,10,3fe686907939d07097f6c87f08025422
12140,8728a5e296f39e49d2fa74c31820e99f,66e56e10b0f528b66a45e307ecdf4774,SO69599,27,CA-1098,3,27,3fe686907939d07097f6c87f08025422
12140,8728a5e296f39e49d2fa74c31820e99f,66e56e10b0f528b66a45e307ecdf4774,SO69599,5,WB-H098,1,5,3fe686907939d07097f6c87f08025422
12140,ad0b7f5ad35732646f1e5f67418d5995,244cede513841376c37dc856f2f5e7b9,SO59296,2,PK-7098,1,2,0df76889b3e31ccfd17b50cc73baef03
12140,ad0b7f5ad35732646f1e5f67418d5995,244cede513841376c37dc856f2f5e7b9,SO59296,30,TI-M602,1,30,0df76889b3e31ccfd17b50cc73baef03
12140,c507827aa5f4f6bbedf64058461c621b,6d1d8a1c7851eb5a946d45009cea6d9f,SO66472,8,CL-9009,1,8,dfcee565bb2da80a7b76451a5cd314a1
12140,c507827aa5f4f6bbedf64058461c621b,6d1d8a1c7851eb5a946d45009cea6d9f,SO66472,35,TI-M823,1,35,dfcee565bb2da80a7b76451a5cd314a1
12140,c507827aa5f4f6bbedf64058461c621b,6d1d8a1c7851eb5a946d45009cea6d9f,SO66472,5,TT-M928,1,5,dfcee565bb2da80a7b76451a5cd314a1
12140,d4746e41b619da57ee9f1a2e2cc254e8,81a5d08c6beaeec9e42baae5d63dd780,SO64087,27,CA-1098,3,27,23bd9a9b90557e9da7babfb8e3d2df22
12140,d4746e41b619da57ee9f1a2e2cc254e8,81a5d08c6beaeec9e42baae5d63dd780,SO64087,5,WB-H098,1,5,23bd9a9b90557e9da7babfb8e3d2df22
12141,0be9b4cec5bf5b809cc2e222c24ee42b,c662479358c8f228c7b04ddb926eb524,SO46165,3578,BK-R93R-62,1,3578,5740ddd9cc89a58039f5790a932ada9b
12141,40e7dd73b09eac540e790daf6fac41af,14e4b13c27fb9bce9938ce35b6597eca,SO54174,4640,BK-M68S-42,2,4640,3f20f21c57e09a6c071e44d1fe74b58a
12141,40e7dd73b09eac540e790daf6fac41af,14e4b13c27fb9bce9938ce35b6597eca,SO54174,22,FE-6654,1,22,3f20f21c57e09a6c071e44d1fe74b58a
12141,40e7dd73b09eac540e790daf6fac41af,14e4b13c27fb9bce9938ce35b6597eca,SO54174,150,LJ-0192-L,3,150,3f20f21c57e09a6c071e44d1fe74b58a
12141,40e7dd73b09eac540e790daf6fac41af,14e4b13c27fb9bce9938ce35b6597eca,SO54174,9,SO-R809-L,1,9,3f20f21c57e09a6c071e44d1fe74b58a
12142,7a3cb5f97544c8ef7fd51c4b10455880,0b2223e9289eb4a053913fe2c44e1359,SO46315,3578,BK-R93R-44,1,3578,ec3807bc691cff8019155b6bd6a3a85d
12142,9444f850ff0c10a862b4a6a9c4ab0a74,3143ce3c6436ed5bd25398756b7b661d,SO53760,10,BC-M005,1,10,76e3c19dbb0dadc4c6dc771d856e4676
12142,9444f850ff0c10a862b4a6a9c4ab0a74,3143ce3c6436ed5bd25398756b7b661d,SO53760,4590,BK-M68B-42,2,4590,76e3c19dbb0dadc4c6dc771d856e4676
12142,9444f850ff0c10a862b4a6a9c4ab0a74,3143ce3c6436ed5bd25398756b7b661d,SO53760,22,FE-6654,1,22,76e3c19dbb0dadc4c6dc771d856e4676
12142,9444f850ff0c10a862b4a6a9c4ab0a74,3143ce3c6436ed5bd25398756b7b661d,SO53760,105,HL-U509-B,3,105,76e3c19dbb0dadc4c6dc771d856e4676
12142,9444f850ff0c10a862b4a6a9c4ab0a74,3143ce3c6436ed5bd25398756b7b661d,SO53760,5,WB-H098,1,5,76e3c19dbb0dadc4c6dc771d856e4676
12143,1f50dad3f1493a5cf408c4eb3987479e,226d694fb4b7f71d62444f9528be8704,SO54703,4590,BK-M68B-46,2,4590,9c56075241a26f6fa77eb86b15411c6e
12143,1f50dad3f1493a5cf408c4eb3987479e,226d694fb4b7f71d62444f9528be8704,SO54703,120,RA-H123,1,120,9c56075241a26f6fa77eb86b15411c6e
12143,ef75419eb8c7f979c453315a1853bedc,dd323e11c7806b56c8b4104210bb4235,SO46246,3578,BK-R93R-56,1,3578,755330dee3da0e4fcef37002a479e564
12144,6e5c4b769f8f70f9fd01b24ba5be9695,40e7dd73b09eac540e790daf6fac41af,SO54859,2,PK-7098,1,2,106dfbaf552c07a1b08d065f2c343982
12144,6e5c4b769f8f70f9fd01b24ba5be9695,40e7dd73b09eac540e790daf6fac41af,SO54859,35,TI-M823,1,35,106dfbaf552c07a1b08d065f2c343982
12144,6e5c4b769f8f70f9fd01b24ba5be9695,40e7dd73b09eac540e790daf6fac41af,SO54859,5,TT-M928,1,5,106dfbaf552c07a1b08d065f2c343982
12144,e871b36e68b0b3d0af9c742d81fef27a,3fe686907939d07097f6c87f08025422,SO70090,8,CL-9009,1,8,1faee5670542865e021595151379fe5c
12145,a1e59736d286765313b8212467dc64b2,43e2cc7ff261723f93f64f3f7e9faa8d,SO74247,105,HL-U509-B,3,105,ca5b8307fa5f2189fb98330a9d65927c
12145,a1e59736d286765313b8212467dc64b2,43e2cc7ff261723f93f64f3f7e9faa8d,SO74247,150,LJ-0192-S,3,150,ca5b8307fa5f2189fb98330a9d65927c
12145,a1e59736d286765313b8212467dc64b2,43e2cc7ff261723f93f64f3f7e9faa8d,SO74247,35,TI-M823,1,35,ca5b8307fa5f2189fb98330a9d65927c
12145,a1e59736d286765313b8212467dc64b2,43e2cc7ff261723f93f64f3f7e9faa8d,SO74247,5,TT-M928,1,5,ca5b8307fa5f2189fb98330a9d65927c
12145,a9cd7a99d71cca9cb644010050374ade,3db19f5f710f10e90ecc7154c649d60a,SO71695,8,CL-9009,1,8,128ee9ff420de424a605a0ee4a6f7916
12146,4ddc8821c34bceaf3dba4a18741acca3,af1457846a79173ef71dd9d5dd69805a,SO61147,48,GL-H102-M,2,48,2d6e054ac82934d489c58cc8399a1628
12146,4ddc8821c34bceaf3dba4a18741acca3,af1457846a79173ef71dd9d5dd69805a,SO61147,105,HL-U509,3,105,2d6e054ac82934d489c58cc8399a1628
12146,4ddc8821c34bceaf3dba4a18741acca3,af1457846a79173ef71dd9d5dd69805a,SO61147,35,TI-M823,1,35,2d6e054ac82934d489c58cc8399a1628
12146,4ddc8821c34bceaf3dba4a18741acca3,af1457846a79173ef71dd9d5dd69805a,SO61147,5,TT-M928,1,5,2d6e054ac82934d489c58cc8399a1628
12146,e0cd1349b4c6e1b5f14ed427e358c2d0,f06fd077b6afc2d69af6e1e548da266d,SO70312,8,CL-9009,1,8,b95a9f47dd73bb9b799a31ae04ee7da1
12146,e0cd1349b4c6e1b5f14ed427e358c2d0,f06fd077b6afc2d69af6e1e548da266d,SO70312,120,RA-H123,1,120,b95a9f47dd73bb9b799a31ae04ee7da1
12147,93ddc10d6cf61153011df052aa76671f,7299e51cfc0d5174743a6701a8a96488,SO65650,10,BC-M005,1,10,02b96ab6e0935145589be4e1408a1675
12147,93ddc10d6cf61153011df052aa76671f,7299e51cfc0d5174743a6701a8a96488,SO65650,105,HL-U509-B,3,105,02b96ab6e0935145589be4e1408a1675
12147,93ddc10d6cf61153011df052aa76671f,7299e51cfc0d5174743a6701a8a96488,SO65650,5,WB-H098,1,5,02b96ab6e0935145589be4e1408a1675
12147,a9adf65abbb865184bf924d14a93d0c4,ec24e4cf9fcc90f3bbe81b2fb3735c21,SO70704,8,CL-9009,1,8,e0cd1349b4c6e1b5f14ed427e358c2d0
12147,a9adf65abbb865184bf924d14a93d0c4,ec24e4cf9fcc90f3bbe81b2fb3735c21,SO70704,2,PK-7098,1,2,e0cd1349b4c6e1b5f14ed427e358c2d0
12147,a9adf65abbb865184bf924d14a93d0c4,ec24e4cf9fcc90f3bbe81b2fb3735c21,SO70704,120,RA-H123,1,120,e0cd1349b4c6e1b5f14ed427e358c2d0
12147,a9adf65abbb865184bf924d14a93d0c4,ec24e4cf9fcc90f3bbe81b2fb3735c21,SO70704,35,TI-M823,1,35,e0cd1349b4c6e1b5f14ed427e358c2d0
12147,a9adf65abbb865184bf924d14a93d0c4,ec24e4cf9fcc90f3bbe81b2fb3735c21,SO70704,5,TT-M928,1,5,e0cd1349b4c6e1b5f14ed427e358c2d0
12147,c885741a5e3e55c84950327011b70289,7e15f50bd26e439e6a22f5205a8064db,SO68644,2,PK-7098,1,2,0da2bc000f1fe4ea8746f9aea0bb5879
12147,c885741a5e3e55c84950327011b70289,7e15f50bd26e439e6a22f5205a8064db,SO68644,30,TI-M602,1,30,0da2bc000f1fe4ea8746f9aea0bb5879
12147,c885741a5e3e55c84950327011b70289,7e15f50bd26e439e6a22f5205a8064db,SO68644,5,TT-M928,1,5,0da2bc000f1fe4ea8746f9aea0bb5879
12147,e0bcd0ff3072dfe15609d6be1529b0b8,c660dc308b247ce08aeecd155306bae0,SO60715,27,CA-1098,3,27,39ff8ac1e8a44088f96e17b846ec8baf
12147,e0bcd0ff3072dfe15609d6be1529b0b8,c660dc308b247ce08aeecd155306bae0,SO60715,5,WB-H098,1,5,39ff8ac1e8a44088f96e17b846ec8baf
12148,128ee9ff420de424a605a0ee4a6f7916,fee8e08233f3f00450bce31967abb0f1,SO71399,105,HL-U509-B,3,105,2797a91b25bc2aa85124c99bc574dc83
12148,128ee9ff420de424a605a0ee4a6f7916,fee8e08233f3f00450bce31967abb0f1,SO71399,35,TI-M823,1,35,2797a91b25bc2aa85124c99bc574dc83
12148,128ee9ff420de424a605a0ee4a6f7916,fee8e08233f3f00450bce31967abb0f1,SO71399,5,TT-M928,1,5,2797a91b25bc2aa85124c99bc574dc83
12148,e4b40b4ba619c72ec5a69caad258d393,b0950d12c62d3aeda81b2e8d06f2aef4,SO74185,8,CL-9009,1,8,8babade0595c11e14dd89058a850f2cd
12149,ab4946738415af86b5e3cee69b13301f,ed268f8f3837888893f896b7240f1254,SO57282,105,HL-U509-B,3,105,fde67888c64f701b59876ec559099b3e
12149,ab4946738415af86b5e3cee69b13301f,ed268f8f3837888893f896b7240f1254,SO57282,35,TI-M823,1,35,fde67888c64f701b59876ec559099b3e
12149,ab4946738415af86b5e3cee69b13301f,ed268f8f3837888893f896b7240f1254,SO57282,5,TT-M928,1,5,fde67888c64f701b59876ec559099b3e
12149,db10519e66d9a7b809b91935ad1a696d,d7f57f35d2bad1349ca24a67a2635eea,SO74471,8,CL-9009,1,8,6583882ca853d66524856501b27519f5
12150,6d1d8a1c7851eb5a946d45009cea6d9f,3f0c8308e4e2e5c4ddc1b7e19304f613,SO65683,8,CL-9009,1,8,6582aa26281b9a92ad60e6a03e274c00
12150,8b9fe4b34e3c54f08bfcac3d9691e260,a946e75bc65318721cd1e01162d392dd,SO64210,35,TI-M823,1,35,f75e5f8c15ca91ec5c869dc3881f574f
12151,4e6174091aa6704e09467a0839dac801,3c6f36b5b624fc10e0e7fb916bc9e67a,SO46235,3578,BK-R93R-48,1,3578,ab121e91b47aaffbbc247dca4687f0f0
12151,90c6314650a0d54fdcabe5cd5406f9af,f476906875bc5d9abe836b4ea1f485c1,SO53965,4590,BK-M68B-46,2,4590,41464bd548f06ca845208f69df30ac82
12151,90c6314650a0d54fdcabe5cd5406f9af,f476906875bc5d9abe836b4ea1f485c1,SO53965,22,FE-6654,1,22,41464bd548f06ca845208f69df30ac82
12152,226d694fb4b7f71d62444f9528be8704,714597fe9448176d17876617114a65bc,SO54024,10,BC-M005,1,10,9444f850ff0c10a862b4a6a9c4ab0a74
12152,226d694fb4b7f71d62444f9528be8704,714597fe9448176d17876617114a65bc,SO54024,4640,BK-M68S-38,2,4640,9444f850ff0c10a862b4a6a9c4ab0a74
12152,226d694fb4b7f71d62444f9528be8704,714597fe9448176d17876617114a65bc,SO54024,48,GL-H102-S,2,48,9444f850ff0c10a862b4a6a9c4ab0a74
12152,226d694fb4b7f71d62444f9528be8704,714597fe9448176d17876617114a65bc,SO54024,5,WB-H098,1,5,9444f850ff0c10a862b4a6a9c4ab0a74
12152,c33c6976b463bb3c89443e51c98853bd,1f46035fc72c89f13de95ed295e3f737,SO46123,3578,BK-R93R-48,1,3578,790ee96c1472965375882b30fc089300
12153,1685ca8ff12ea83725a1c35e1d89c5cd,15699e35c72c4036c71409f3f3d69528,SO53857,10,BC-M005,1,10,6d44506d59926d8d13d35f75d97f2a64
12153,1685ca8ff12ea83725a1c35e1d89c5cd,15699e35c72c4036c71409f3f3d69528,SO53857,4590,BK-M68B-46,2,4590,6d44506d59926d8d13d35f75d97f2a64
12153,1685ca8ff12ea83725a1c35e1d89c5cd,15699e35c72c4036c71409f3f3d69528,SO53857,150,LJ-0192-X,3,150,6d44506d59926d8d13d35f75d97f2a64
12153,1685ca8ff12ea83725a1c35e1d89c5cd,15699e35c72c4036c71409f3f3d69528,SO53857,5,WB-H098,1,5,6d44506d59926d8d13d35f75d97f2a64
12153,7a3cb5f97544c8ef7fd51c4b10455880,0b2223e9289eb4a053913fe2c44e1359,SO46312,3578,BK-R93R-56,1,3578,ec3807bc691cff8019155b6bd6a3a85d
12154,290499d9b8e65db426ba9b842714eb6d,606ed413481267c98754e3351f662859,SO62683,2384,BK-T79Y-46,1,2384,d1024973c3d10f08cb9fa1736e6ed8b7
12154,290499d9b8e65db426ba9b842714eb6d,606ed413481267c98754e3351f662859,SO62683,105,HL-U509-B,3,105,d1024973c3d10f08cb9fa1736e6ed8b7
12154,9c56075241a26f6fa77eb86b15411c6e,9444f850ff0c10a862b4a6a9c4ab0a74,SO54417,4640,BK-M68S-42,2,4640,ab2e81a99745ffff6c06e2be93290d1b
12154,9c56075241a26f6fa77eb86b15411c6e,9444f850ff0c10a862b4a6a9c4ab0a74,SO54417,48,GL-H102-M,2,48,ab2e81a99745ffff6c06e2be93290d1b
12154,9c56075241a26f6fa77eb86b15411c6e,9444f850ff0c10a862b4a6a9c4ab0a74,SO54417,105,HL-U509-R,3,105,ab2e81a99745ffff6c06e2be93290d1b
12155,b34f038fa8756c7f3677882d150ade23,ab121e91b47aaffbbc247dca4687f0f0,SO46279,3578,BK-R93R-48,1,3578,ef75419eb8c7f979c453315a1853bedc
12155,d34ba8f5d7fd7d5959a34c283fbec422,9c56075241a26f6fa77eb86b15411c6e,SO55077,4590,BK-M68B-46,2,4590,ac15b60491fe99190c0248790e690757
12155,d34ba8f5d7fd7d5959a34c283fbec422,9c56075241a26f6fa77eb86b15411c6e,SO55077,22,FE-6654,1,22,ac15b60491fe99190c0248790e690757
12155,d34ba8f5d7fd7d5959a34c283fbec422,9c56075241a26f6fa77eb86b15411c6e,SO55077,105,HL-U509-B,3,105,ac15b60491fe99190c0248790e690757
12156,1685ca8ff12ea83725a1c35e1d89c5cd,15699e35c72c4036c71409f3f3d69528,SO53858,4640,BK-M68S-46,2,4640,6d44506d59926d8d13d35f75d97f2a64
12156,1685ca8ff12ea83725a1c35e1d89c5cd,15699e35c72c4036c71409f3f3d69528,SO53858,22,FE-6654,1,22,6d44506d59926d8d13d35f75d97f2a64
12156,8432e9be3a7a8a9212201edf8ef07c9f,790ee96c1472965375882b30fc089300,SO46170,3578,BK-R93R-48,1,3578,564f7f85bc0f9399a0ce2e5f21901984
12157,02ad1a5ca18e58629b8c1d6a6401d071,8d71482745a6a1be4fbbc5562ade4657,SO57778,35,TI-M823,1,35,a976f17830aceaaa93d5daef0bc209a3
12157,0d3057f268050d468f468434f8ec809a,fd5ba6fdeb81e07b2caf0b103489bd8d,SO71953,8,CL-9009,1,8,921bc92a493b53f98f24e6a8a12801be
12158,49fce086a31f1cfcf16b54e462f7cbc0,99c8f306659fd98cbb9d7f03ec0c2a7a,SO70775,10,BC-M005,1,10,e84848120190a8d0e696fbeb15647a74
12158,49fce086a31f1cfcf16b54e462f7cbc0,99c8f306659fd98cbb9d7f03ec0c2a7a,SO70775,105,HL-U509-B,3,105,e84848120190a8d0e696fbeb15647a74
12158,49fce086a31f1cfcf16b54e462f7cbc0,99c8f306659fd98cbb9d7f03ec0c2a7a,SO70775,5,WB-H098,1,5,e84848120190a8d0e696fbeb15647a74
12158,8d1d4829b2e801ba4e41ba48f5a549d4,a6d37e298c3042e300813f55a17e0875,SO65538,105,HL-U509-B,3,105,ccf89c691dabb1412404274596922d90
12158,8d1d4829b2e801ba4e41ba48f5a549d4,a6d37e298c3042e300813f55a17e0875,SO65538,35,TI-M823,1,35,ccf89c691dabb1412404274596922d90
12158,8d1d4829b2e801ba4e41ba48f5a549d4,a6d37e298c3042e300813f55a17e0875,SO65538,5,TT-M928,1,5,ccf89c691dabb1412404274596922d90
12158,aa14ddbc43aa2d3be1e6ac019bb7b5bc,dcf73f840a50da0145f24e8e0169dc4b,SO72883,105,HL-U509-B,3,105,a6f2945baeceeef4c8d541a22f6e99e9
12158,aa14ddbc43aa2d3be1e6ac019bb7b5bc,dcf73f840a50da0145f24e8e0169dc4b,SO72883,5,WB-H098,1,5,a6f2945baeceeef4c8d541a22f6e99e9
12158,e0cd1349b4c6e1b5f14ed427e358c2d0,f06fd077b6afc2d69af6e1e548da266d,SO70332,2,PK-7098,1,2,b95a9f47dd73bb9b799a31ae04ee7da1
12158,e0cd1349b4c6e1b5f14ed427e358c2d0,f06fd077b6afc2d69af6e1e548da266d,SO70332,30,TI-M602,1,30,b95a9f47dd73bb9b799a31ae04ee7da1
12158,e0cd1349b4c6e1b5f14ed427e358c2d0,f06fd077b6afc2d69af6e1e548da266d,SO70332,5,TT-M928,1,5,b95a9f47dd73bb9b799a31ae04ee7da1
12159,01e8942a5792053a553c4612bd6c06a6,6583882ca853d66524856501b27519f5,SO74706,105,HL-U509,3,105,722dc621a1a56555843f574144bfcdf0
12159,01e8942a5792053a553c4612bd6c06a6,6583882ca853d66524856501b27519f5,SO74706,5,WB-H098,1,5,722dc621a1a56555843f574144bfcdf0
12159,3e48b2167bd86ef570e46d0b286c4f74,072bf847aeeee970f66483e596496cd9,SO53276,27,CA-1098,3,27,3e07f09fb2edbdf0bf6a54c17634514b
12159,3e48b2167bd86ef570e46d0b286c4f74,072bf847aeeee970f66483e596496cd9,SO53276,105,HL-U509,3,105,3e07f09fb2edbdf0bf6a54c17634514b
12159,3e48b2167bd86ef570e46d0b286c4f74,072bf847aeeee970f66483e596496cd9,SO53276,150,LJ-0192-M,3,150,3e07f09fb2edbdf0bf6a54c17634514b
12159,3e48b2167bd86ef570e46d0b286c4f74,072bf847aeeee970f66483e596496cd9,SO53276,35,TI-M823,1,35,3e07f09fb2edbdf0bf6a54c17634514b
12159,3e48b2167bd86ef570e46d0b286c4f74,072bf847aeeee970f66483e596496cd9,SO53276,5,TT-M928,1,5,3e07f09fb2edbdf0bf6a54c17634514b
12159,9c55d6518880c1abf100a24da2546368,47a161474962a6dcc03cfa64127a641f,SO74113,10,BC-M005,1,10,9795c57676ee8b8b6ba9a6f9014a520b
12159,9c55d6518880c1abf100a24da2546368,47a161474962a6dcc03cfa64127a641f,SO74113,5,WB-H098,1,5,9795c57676ee8b8b6ba9a6f9014a520b
12159,eba5233d2dd8ea5031e646882335ece0,629ffff971d10f275a79a70fae527fbc,SO56615,105,HL-U509,3,105,b988e88fd94a3b47434beeb650cff880
12159,eba5233d2dd8ea5031e646882335ece0,629ffff971d10f275a79a70fae527fbc,SO56615,30,TI-M602,1,30,b988e88fd94a3b47434beeb650cff880
12159,eba5233d2dd8ea5031e646882335ece0,629ffff971d10f275a79a70fae527fbc,SO56615,5,TT-M928,1,5,b988e88fd94a3b47434beeb650cff880
12160,9c1231676f7d0735ca17dcc3b53881c6,8432e9be3a7a8a9212201edf8ef07c9f,SO46258,3578,BK-R93R-52,1,3578,167c301692e8c30daa0602fbcbeb02b6
12160,da9c4ba6c9a1ae8725389bfd38b5763a,3e48b2167bd86ef570e46d0b286c4f74,SO54094,4590,BK-M68B-46,2,4590,9223b53f03a405f817e91392f0294f6a
12160,da9c4ba6c9a1ae8725389bfd38b5763a,3e48b2167bd86ef570e46d0b286c4f74,SO54094,22,FE-6654,1,22,9223b53f03a405f817e91392f0294f6a
12160,da9c4ba6c9a1ae8725389bfd38b5763a,3e48b2167bd86ef570e46d0b286c4f74,SO54094,150,LJ-0192-M,3,150,9223b53f03a405f817e91392f0294f6a
12161,ab2e81a99745ffff6c06e2be93290d1b,76e3c19dbb0dadc4c6dc771d856e4676,SO54130,159,ST-1401,1,159,1685ca8ff12ea83725a1c35e1d89c5cd
12161,ab2e81a99745ffff6c06e2be93290d1b,76e3c19dbb0dadc4c6dc771d856e4676,SO54130,35,TI-M823,1,35,1685ca8ff12ea83725a1c35e1d89c5cd
12161,ab2e81a99745ffff6c06e2be93290d1b,76e3c19dbb0dadc4c6dc771d856e4676,SO54130,5,TT-M928,1,5,1685ca8ff12ea83725a1c35e1d89c5cd
12161,d5985f40495ba672dff8a99620b879c8,a9adf65abbb865184bf924d14a93d0c4,SO71490,8,CL-9009,1,8,8f472ffe3ff3109f420ae91355ff8f3f
12162,755330dee3da0e4fcef37002a479e564,c33c6976b463bb3c89443e51c98853bd,SO46205,3578,BK-R93R-52,1,3578,8432e9be3a7a8a9212201edf8ef07c9f
12162,7b0730955172ecda497d7cca6b1d87a1,d3c54b4368c62c2ff11535bf2b677170,SO55019,10,BC-M005,1,10,5a06908cc28b799b04fc1c47664462e6
12162,7b0730955172ecda497d7cca6b1d87a1,d3c54b4368c62c2ff11535bf2b677170,SO55019,4640,BK-M68S-42,2,4640,5a06908cc28b799b04fc1c47664462e6
12162,7b0730955172ecda497d7cca6b1d87a1,d3c54b4368c62c2ff11535bf2b677170,SO55019,5,WB-H098,1,5,5a06908cc28b799b04fc1c47664462e6
12163,0be9b4cec5bf5b809cc2e222c24ee42b,c662479358c8f228c7b04ddb926eb524,SO46162,3578,BK-R93R-52,1,3578,5740ddd9cc89a58039f5790a932ada9b
12163,1685ca8ff12ea83725a1c35e1d89c5cd,15699e35c72c4036c71409f3f3d69528,SO53859,4640,BK-M68S-38,2,4640,6d44506d59926d8d13d35f75d97f2a64
12163,1685ca8ff12ea83725a1c35e1d89c5cd,15699e35c72c4036c71409f3f3d69528,SO53859,22,FE-6654,1,22,6d44506d59926d8d13d35f75d97f2a64
12163,1685ca8ff12ea83725a1c35e1d89c5cd,15699e35c72c4036c71409f3f3d69528,SO53859,48,GL-H102-M,2,48,6d44506d59926d8d13d35f75d97f2a64
12164,41464bd548f06ca845208f69df30ac82,15aceb75d86814cb479f1b1a9487c3d4,SO53707,4590,BK-M68B-38,2,4590,3e48b2167bd86ef570e46d0b286c4f74
12164,41464bd548f06ca845208f69df30ac82,15aceb75d86814cb479f1b1a9487c3d4,SO53707,35,TI-M823,1,35,3e48b2167bd86ef570e46d0b286c4f74
12164,62876ffab17a368f47277b256f840157,167c301692e8c30daa0602fbcbeb02b6,SO46306,3578,BK-R93R-44,1,3578,a7e2e75e7fa681dcfa6bb6bfc7fc5cff
12165,0c8ff735cb2b05718573c08173335fd4,1685ca8ff12ea83725a1c35e1d89c5cd,SO54491,8,CL-9009,1,8,b8d9d66529b0a1e91f6137abcdd065dd
12165,0c8ff735cb2b05718573c08173335fd4,1685ca8ff12ea83725a1c35e1d89c5cd,SO54491,5,WB-H098,1,5,b8d9d66529b0a1e91f6137abcdd065dd
12165,14e4b13c27fb9bce9938ce35b6597eca,c375f33d72ca7161f341c2726e82d67a,SO53386,22,FE-6654,1,22,9b98d27287b27eeee9ebc06e1d5a9a8d
12165,14e4b13c27fb9bce9938ce35b6597eca,c375f33d72ca7161f341c2726e82d67a,SO53386,9,SO-R809-L,1,9,9b98d27287b27eeee9ebc06e1d5a9a8d
12165,14e4b13c27fb9bce9938ce35b6597eca,c375f33d72ca7161f341c2726e82d67a,SO53386,35,TI-M823,1,35,9b98d27287b27eeee9ebc06e1d5a9a8d
12165,14e4b13c27fb9bce9938ce35b6597eca,c375f33d72ca7161f341c2726e82d67a,SO53386,5,TT-M928,1,5,9b98d27287b27eeee9ebc06e1d5a9a8d
12165,d53f9d33cac0a297449a74a10d031570,e0bcd0ff3072dfe15609d6be1529b0b8,SO61558,2,PK-7098,1,2,4cc27df81afd686c0420394e090460cb
12165,d53f9d33cac0a297449a74a10d031570,e0bcd0ff3072dfe15609d6be1529b0b8,SO61558,30,TI-M602,1,30,4cc27df81afd686c0420394e090460cb
12165,d53f9d33cac0a297449a74a10d031570,e0bcd0ff3072dfe15609d6be1529b0b8,SO61558,5,TT-M928,1,5,4cc27df81afd686c0420394e090460cb
12165,db2b287636ac5ebda430de4f3f643b24,7af7abc5e37d5fa2e2334b4fec2584e2,SO51990,10,BC-M005,1,10,bee2b842cd357511cf4c8e509f5af192
12165,db2b287636ac5ebda430de4f3f643b24,7af7abc5e37d5fa2e2334b4fec2584e2,SO51990,48,GL-H102-L,2,48,bee2b842cd357511cf4c8e509f5af192
12165,db2b287636ac5ebda430de4f3f643b24,7af7abc5e37d5fa2e2334b4fec2584e2,SO51990,120,RA-H123,1,120,bee2b842cd357511cf4c8e509f5af192
12165,db2b287636ac5ebda430de4f3f643b24,7af7abc5e37d5fa2e2334b4fec2584e2,SO51990,5,WB-H098,1,5,bee2b842cd357511cf4c8e509f5af192
12166,058af5b2a408d57b708367e5bf4e9d9c,e82ca4c6beebe812f10fa1041b97a160,SO66797,10,BC-M005,1,10,c507827aa5f4f6bbedf64058461c621b
12166,058af5b2a408d57b708367e5bf4e9d9c,e82ca4c6beebe812f10fa1041b97a160,SO66797,105,HL-U509-R,3,105,c507827aa5f4f6bbedf64058461c621b
12166,058af5b2a408d57b708367e5bf4e9d9c,e82ca4c6beebe812f10fa1041b97a160,SO66797,5,WB-H098,1,5,c507827aa5f4f6bbedf64058461c621b
12166,3fe686907939d07097f6c87f08025422,8eb7a1b0dba9fdd5f4248b9cb6b9119b,SO69039,30,TI-M602,1,30,e5114f65ece65e14e7b721dab1e674e0
12166,3fe686907939d07097f6c87f08025422,8eb7a1b0dba9fdd5f4248b9cb6b9119b,SO69039,5,TT-M928,1,5,e5114f65ece65e14e7b721dab1e674e0
12166,606ed413481267c98754e3351f662859,4ddc8821c34bceaf3dba4a18741acca3,SO61945,2,PK-7098,1,2,f8025d3776b5f7522a6120cb4e9e0783
12166,606ed413481267c98754e3351f662859,4ddc8821c34bceaf3dba4a18741acca3,SO61945,35,TI-M823,1,35,f8025d3776b5f7522a6120cb4e9e0783
12166,fee8e08233f3f00450bce31967abb0f1,331afa0aff1b1cfbf3d24944ab38c9d2,SO70545,105,HL-U509-B,3,105,86bfb8ffc7a79e52d833cedce4d275bf
12166,fee8e08233f3f00450bce31967abb0f1,331afa0aff1b1cfbf3d24944ab38c9d2,SO70545,5,WB-H098,1,5,86bfb8ffc7a79e52d833cedce4d275bf
12167,d3c54b4368c62c2ff11535bf2b677170,41464bd548f06ca845208f69df30ac82,SO54358,4640,BK-M68S-46,2,4640,da9c4ba6c9a1ae8725389bfd38b5763a
12167,d3c54b4368c62c2ff11535bf2b677170,41464bd548f06ca845208f69df30ac82,SO54358,22,FE-6654,1,22,da9c4ba6c9a1ae8725389bfd38b5763a
12167,d3c54b4368c62c2ff11535bf2b677170,41464bd548f06ca845208f69df30ac82,SO54358,55,HY-1023-70,1,55,da9c4ba6c9a1ae8725389bfd38b5763a
12167,d67506f7b78a628b8ca297a62df67cd7,39106a04f091528b34339175a1913836,SO46109,3578,BK-R93R-48,1,3578,c662479358c8f228c7b04ddb926eb524
12168,14e4b13c27fb9bce9938ce35b6597eca,c375f33d72ca7161f341c2726e82d67a,SO53351,8,CL-9009,1,8,9b98d27287b27eeee9ebc06e1d5a9a8d
12168,3f0c8308e4e2e5c4ddc1b7e19304f613,61e00b038efd34bdf9c747596273cbcf,SO64830,8,CL-9009,1,8,232e830f1ac667c081eaaca23cdf9b5f
12168,3f0c8308e4e2e5c4ddc1b7e19304f613,61e00b038efd34bdf9c747596273cbcf,SO64830,22,FE-6654,1,22,232e830f1ac667c081eaaca23cdf9b5f
12168,3f0c8308e4e2e5c4ddc1b7e19304f613,61e00b038efd34bdf9c747596273cbcf,SO64830,35,TI-M823,1,35,232e830f1ac667c081eaaca23cdf9b5f
12169,4310d0d92131e34ff2716d85e1953174,90c6314650a0d54fdcabe5cd5406f9af,SO54644,4590,BK-M68B-38,2,4590,d3c54b4368c62c2ff11535bf2b677170
12169,4310d0d92131e34ff2716d85e1953174,90c6314650a0d54fdcabe5cd5406f9af,SO54644,105,HL-U509,3,105,d3c54b4368c62c2ff11535bf2b677170
12169,4310d0d92131e34ff2716d85e1953174,90c6314650a0d54fdcabe5cd5406f9af,SO54644,35,TI-M823,1,35,d3c54b4368c62c2ff11535bf2b677170
12169,4310d0d92131e34ff2716d85e1953174,90c6314650a0d54fdcabe5cd5406f9af,SO54644,5,TT-M928,1,5,d3c54b4368c62c2ff11535bf2b677170
12169,d67506f7b78a628b8ca297a62df67cd7,39106a04f091528b34339175a1913836,SO46110,3578,BK-R93R-44,1,3578,c662479358c8f228c7b04ddb926eb524
12170,79aec4feadc6bb77df978e9aecbf488e,755330dee3da0e4fcef37002a479e564,SO46296,3578,BK-R93R-56,1,3578,9c1231676f7d0735ca17dcc3b53881c6
12170,da9c4ba6c9a1ae8725389bfd38b5763a,3e48b2167bd86ef570e46d0b286c4f74,SO54091,4590,BK-M68B-42,2,4590,9223b53f03a405f817e91392f0294f6a
12170,da9c4ba6c9a1ae8725389bfd38b5763a,3e48b2167bd86ef570e46d0b286c4f74,SO54091,35,TI-M823,1,35,9223b53f03a405f817e91392f0294f6a
12171,226d694fb4b7f71d62444f9528be8704,714597fe9448176d17876617114a65bc,SO54023,4640,BK-M68S-42,2,4640,9444f850ff0c10a862b4a6a9c4ab0a74
12171,226d694fb4b7f71d62444f9528be8704,714597fe9448176d17876617114a65bc,SO54023,22,FE-6654,1,22,9444f850ff0c10a862b4a6a9c4ab0a74
12171,226d694fb4b7f71d62444f9528be8704,714597fe9448176d17876617114a65bc,SO54023,64,VE-C304-M,1,64,9444f850ff0c10a862b4a6a9c4ab0a74
12171,564f7f85bc0f9399a0ce2e5f21901984,37a5117199a38b7e31d389445dab0cef,SO46130,3578,BK-R93R-44,1,3578,e18c2b136f61489c334cb708a5c6d75f
12172,4310d0d92131e34ff2716d85e1953174,90c6314650a0d54fdcabe5cd5406f9af,SO54645,4590,BK-M68B-46,2,4590,d3c54b4368c62c2ff11535bf2b677170
12172,4310d0d92131e34ff2716d85e1953174,90c6314650a0d54fdcabe5cd5406f9af,SO54645,22,FE-6654,1,22,d3c54b4368c62c2ff11535bf2b677170
12172,4310d0d92131e34ff2716d85e1953174,90c6314650a0d54fdcabe5cd5406f9af,SO54645,105,HL-U509,3,105,d3c54b4368c62c2ff11535bf2b677170
12172,a7e2e75e7fa681dcfa6bb6bfc7fc5cff,5bdc8cd31bb1859c6d9dd782c52a85ae,SO46271,3578,BK-R93R-52,1,3578,0b2223e9289eb4a053913fe2c44e1359
12173,3f20f21c57e09a6c071e44d1fe74b58a,9b98d27287b27eeee9ebc06e1d5a9a8d,SO53908,4640,BK-M68S-42,2,4640,51c449e55b4a63a16fb45beb689150d5
12173,3f20f21c57e09a6c071e44d1fe74b58a,9b98d27287b27eeee9ebc06e1d5a9a8d,SO53908,27,CA-1098,3,27,51c449e55b4a63a16fb45beb689150d5
12173,3f20f21c57e09a6c071e44d1fe74b58a,9b98d27287b27eeee9ebc06e1d5a9a8d,SO53908,22,FE-6654,1,22,51c449e55b4a63a16fb45beb689150d5
12173,58fb574c0b80d76f62690df366352487,5740ddd9cc89a58039f5790a932ada9b,SO46212,3578,BK-R93R-48,1,3578,f3cf78cac8ecb957d2c84eb7ec1a9c3c
12174,6e5c4b769f8f70f9fd01b24ba5be9695,40e7dd73b09eac540e790daf6fac41af,SO54863,4590,BK-M68B-46,2,4590,106dfbaf552c07a1b08d065f2c343982
12174,7c3142db91e31857b37800499bf69b43,f87821540a577f1c9a7d3e6ff2e77222,SO46438,3578,BK-R93R-52,1,3578,901d3c97008878679a99b7d12df8ecda
12175,8f472ffe3ff3109f420ae91355ff8f3f,e0cd1349b4c6e1b5f14ed427e358c2d0,SO71162,120,RA-H123,1,120,8fa3bab223bec6501ad71f96bb1067b6
12175,fd5ba6fdeb81e07b2caf0b103489bd8d,e871b36e68b0b3d0af9c742d81fef27a,SO70981,35,TI-M823,1,35,17520f5649fab40fb66771362888cb90
12176,56e52500a7f5ab963646137a401683cd,df09a3a727ac0f29208c5ef3bf7625e6,SO74688,2,PK-7098,1,2,13b7c2277967bc61802018c764b5b2a0
12176,56e52500a7f5ab963646137a401683cd,df09a3a727ac0f29208c5ef3bf7625e6,SO74688,35,TI-M823,1,35,13b7c2277967bc61802018c764b5b2a0
12176,56e52500a7f5ab963646137a401683cd,df09a3a727ac0f29208c5ef3bf7625e6,SO74688,5,TT-M928,1,5,13b7c2277967bc61802018c764b5b2a0
12176,9f79f7706bc6a7654ef0b8977966f69a,e2f7ff887646789ea003d03bc2025325,SO52123,120,RA-H123,1,120,361e2c62255e0c1887ac2139911ca300
12177,226d694fb4b7f71d62444f9528be8704,714597fe9448176d17876617114a65bc,SO54025,4590,BK-M68B-38,2,4590,9444f850ff0c10a862b4a6a9c4ab0a74
12177,226d694fb4b7f71d62444f9528be8704,714597fe9448176d17876617114a65bc,SO54025,48,GL-H102-M,2,48,9444f850ff0c10a862b4a6a9c4ab0a74
12177,226d694fb4b7f71d62444f9528be8704,714597fe9448176d17876617114a65bc,SO54025,105,HL-U509-R,3,105,9444f850ff0c10a862b4a6a9c4ab0a74
12177,226d694fb4b7f71d62444f9528be8704,714597fe9448176d17876617114a65bc,SO54025,150,LJ-0192-L,3,150,9444f850ff0c10a862b4a6a9c4ab0a74
12177,d1024973c3d10f08cb9fa1736e6ed8b7,f8025d3776b5f7522a6120cb4e9e0783,SO62388,9,BC-R205,1,9,5c741aa8e0753be65314a304e7b39c14
12177,d1024973c3d10f08cb9fa1736e6ed8b7,f8025d3776b5f7522a6120cb4e9e0783,SO62388,2384,BK-T79Y-46,1,2384,5c741aa8e0753be65314a304e7b39c14
12177,d1024973c3d10f08cb9fa1736e6ed8b7,f8025d3776b5f7522a6120cb4e9e0783,SO62388,27,CA-1098,3,27,5c741aa8e0753be65314a304e7b39c14
12177,d1024973c3d10f08cb9fa1736e6ed8b7,f8025d3776b5f7522a6120cb4e9e0783,SO62388,5,WB-H098,1,5,5c741aa8e0753be65314a304e7b39c14
12178,9168e86a755a5c41b2494b0599f3c88a,3231874380fe0ddd5531449efe325585,SO46578,3578,BK-R93R-56,1,3578,59e3b2198b06015c3db5bbabfa658d5a
12178,9444f850ff0c10a862b4a6a9c4ab0a74,3143ce3c6436ed5bd25398756b7b661d,SO53759,4640,BK-M68S-38,2,4640,76e3c19dbb0dadc4c6dc771d856e4676
12178,9444f850ff0c10a862b4a6a9c4ab0a74,3143ce3c6436ed5bd25398756b7b661d,SO53759,105,HL-U509-B,3,105,76e3c19dbb0dadc4c6dc771d856e4676
12179,23e53557c4c2300cb2511c53082467bb,d0f6d44eeb1872b3e00d9f219db7d91c,SO46499,3578,BK-R93R-62,1,3578,f5f4a24c43cdbbee05aff7941a939ee5
12179,7ee641303ef8d8b10d0ed00a060c73cc,eef21e68ecca703bb338920b950f203c,SO61767,10,BC-M005,1,10,0d15ba5aa4c9ad0377b26e0cf7a86280
12179,7ee641303ef8d8b10d0ed00a060c73cc,eef21e68ecca703bb338920b950f203c,SO61767,4640,BK-M68S-42,2,4640,0d15ba5aa4c9ad0377b26e0cf7a86280
12179,7ee641303ef8d8b10d0ed00a060c73cc,eef21e68ecca703bb338920b950f203c,SO61767,5,WB-H098,1,5,0d15ba5aa4c9ad0377b26e0cf7a86280
12180,5fe94fb0f4dba39b9df91e97622d2ec2,3a5d59e0d6a1a261f70c276f78a569eb,SO46467,3578,BK-R93R-56,1,3578,8a5d7ee8a6750efd5364f3ccd8e7ea1b
12180,76918877cf6ce7011018cd9708723392,883b9b4170853b321c03290f64ba199f,SO61519,4590,BK-M68B-46,2,4590,4ddc8821c34bceaf3dba4a18741acca3
12180,76918877cf6ce7011018cd9708723392,883b9b4170853b321c03290f64ba199f,SO61519,22,FE-6654,1,22,4ddc8821c34bceaf3dba4a18741acca3
12180,76918877cf6ce7011018cd9708723392,883b9b4170853b321c03290f64ba199f,SO61519,105,HL-U509-B,3,105,4ddc8821c34bceaf3dba4a18741acca3
12181,7fe55f4f2e51708bd160778e5ef08685,b34f038fa8756c7f3677882d150ade23,SO46416,3578,BK-R93R-52,1,3578,3a5d59e0d6a1a261f70c276f78a569eb
12181,dba3e44e23a1d2c2f299811e94db7fce,51c449e55b4a63a16fb45beb689150d5,SO54298,4590,BK-M68B-38,2,4590,226d694fb4b7f71d62444f9528be8704
12181,dba3e44e23a1d2c2f299811e94db7fce,51c449e55b4a63a16fb45beb689150d5,SO54298,22,FE-6654,1,22,226d694fb4b7f71d62444f9528be8704
12181,dba3e44e23a1d2c2f299811e94db7fce,51c449e55b4a63a16fb45beb689150d5,SO54298,64,VE-C304-L,1,64,226d694fb4b7f71d62444f9528be8704
12182,175a5d217fad85df9f6639d7ced1e5d9,511572e8a25e86c2f48ae9e6d73a1e6a,SO68909,10,BC-M005,1,10,66e56e10b0f528b66a45e307ecdf4774
12182,175a5d217fad85df9f6639d7ced1e5d9,511572e8a25e86c2f48ae9e6d73a1e6a,SO68909,5,WB-H098,1,5,66e56e10b0f528b66a45e307ecdf4774
12182,7ee641303ef8d8b10d0ed00a060c73cc,eef21e68ecca703bb338920b950f203c,SO61740,30,TI-M602,1,30,0d15ba5aa4c9ad0377b26e0cf7a86280
12182,870bd4f3713260418e4f342f31dc7e33,94c60e0b5e2b0f78b919a5d4c67d70a2,SO62901,5,WB-H098,1,5,2fe1a028f9398deb2efcd536c8246fae
12182,9c56075241a26f6fa77eb86b15411c6e,9444f850ff0c10a862b4a6a9c4ab0a74,SO54414,2,PK-7098,1,2,ab2e81a99745ffff6c06e2be93290d1b
12182,9c56075241a26f6fa77eb86b15411c6e,9444f850ff0c10a862b4a6a9c4ab0a74,SO54414,35,TI-M823,1,35,ab2e81a99745ffff6c06e2be93290d1b
12183,3e07f09fb2edbdf0bf6a54c17634514b,dca79d69a6b38e95c4b03bfab997796c,SO52984,10,BC-M005,1,10,c375f33d72ca7161f341c2726e82d67a
12183,3e07f09fb2edbdf0bf6a54c17634514b,dca79d69a6b38e95c4b03bfab997796c,SO52984,105,HL-U509-R,3,105,c375f33d72ca7161f341c2726e82d67a
12183,3e07f09fb2edbdf0bf6a54c17634514b,dca79d69a6b38e95c4b03bfab997796c,SO52984,5,WB-H098,1,5,c375f33d72ca7161f341c2726e82d67a
12183,922d04aa1f67bbe0270bfad98508f43e,0383d48e76cd8a3dfb9e2a890f2cac18,SO61831,35,TI-M823,1,35,76918877cf6ce7011018cd9708723392
12183,922d04aa1f67bbe0270bfad98508f43e,0383d48e76cd8a3dfb9e2a890f2cac18,SO61831,5,TT-M928,1,5,76918877cf6ce7011018cd9708723392
12183,922d04aa1f67bbe0270bfad98508f43e,0383d48e76cd8a3dfb9e2a890f2cac18,SO61831,64,VE-C304-M,1,64,76918877cf6ce7011018cd9708723392
12183,9e8cbc3edbb5efb3f48d6afb260e4725,174acf6ca4e9804d47a59a499422e621,SO59226,105,HL-U509-B,3,105,640540d73b85c3ecd2e3bf5541686e87
12183,9e8cbc3edbb5efb3f48d6afb260e4725,174acf6ca4e9804d47a59a499422e621,SO59226,30,TI-M602,1,30,640540d73b85c3ecd2e3bf5541686e87
12183,9e8cbc3edbb5efb3f48d6afb260e4725,174acf6ca4e9804d47a59a499422e621,SO59226,5,TT-M928,1,5,640540d73b85c3ecd2e3bf5541686e87
12183,b8d9d66529b0a1e91f6137abcdd065dd,6d44506d59926d8d13d35f75d97f2a64,SO54221,5,WB-H098,1,5,90c6314650a0d54fdcabe5cd5406f9af
12184,2f6f8a5ec1c6c4b60d2ceb4eb5ad9c78,5fe94fb0f4dba39b9df91e97622d2ec2,SO46558,3578,BK-R93R-56,1,3578,c79548466fdad0728a9aa092fbad03a7
12184,4310d0d92131e34ff2716d85e1953174,90c6314650a0d54fdcabe5cd5406f9af,SO54646,4590,BK-M68B-46,2,4590,d3c54b4368c62c2ff11535bf2b677170
12184,4310d0d92131e34ff2716d85e1953174,90c6314650a0d54fdcabe5cd5406f9af,SO54646,2,PK-7098,1,2,d3c54b4368c62c2ff11535bf2b677170
12185,427ed6396fba4ed8ead9ec3229517d2b,3519c8eb4095dbc69d80eb61856d3435,SO56228,8,CL-9009,1,8,629ffff971d10f275a79a70fae527fbc
12185,d6ab5a0eee939524352092b964d92b84,106dfbaf552c07a1b08d065f2c343982,SO55216,2,PK-7098,1,2,3c4bf68562424c26986beae6ce13704a
12185,d6ab5a0eee939524352092b964d92b84,106dfbaf552c07a1b08d065f2c343982,SO55216,35,TI-M823,1,35,3c4bf68562424c26986beae6ce13704a
12185,d6ab5a0eee939524352092b964d92b84,106dfbaf552c07a1b08d065f2c343982,SO55216,5,TT-M928,1,5,3c4bf68562424c26986beae6ce13704a
12186,9168e86a755a5c41b2494b0599f3c88a,3231874380fe0ddd5531449efe325585,SO46579,3578,BK-R93R-44,1,3578,59e3b2198b06015c3db5bbabfa658d5a
12186,da9c4ba6c9a1ae8725389bfd38b5763a,3e48b2167bd86ef570e46d0b286c4f74,SO54092,10,BC-M005,1,10,9223b53f03a405f817e91392f0294f6a
12186,da9c4ba6c9a1ae8725389bfd38b5763a,3e48b2167bd86ef570e46d0b286c4f74,SO54092,4640,BK-M68S-38,2,4640,9223b53f03a405f817e91392f0294f6a
12186,da9c4ba6c9a1ae8725389bfd38b5763a,3e48b2167bd86ef570e46d0b286c4f74,SO54092,5,WB-H098,1,5,9223b53f03a405f817e91392f0294f6a
12187,9168e86a755a5c41b2494b0599f3c88a,3231874380fe0ddd5531449efe325585,SO46580,3578,BK-R93R-62,1,3578,59e3b2198b06015c3db5bbabfa658d5a
12187,b8d9d66529b0a1e91f6137abcdd065dd,6d44506d59926d8d13d35f75d97f2a64,SO54234,4590,BK-M68B-38,2,4590,90c6314650a0d54fdcabe5cd5406f9af
12187,b8d9d66529b0a1e91f6137abcdd065dd,6d44506d59926d8d13d35f75d97f2a64,SO54234,105,HL-U509-R,3,105,90c6314650a0d54fdcabe5cd5406f9af
12188,40e7dd73b09eac540e790daf6fac41af,14e4b13c27fb9bce9938ce35b6597eca,SO54173,4640,BK-M68S-46,2,4640,3f20f21c57e09a6c071e44d1fe74b58a
12188,40e7dd73b09eac540e790daf6fac41af,14e4b13c27fb9bce9938ce35b6597eca,SO54173,105,HL-U509-R,3,105,3f20f21c57e09a6c071e44d1fe74b58a
12188,9168e86a755a5c41b2494b0599f3c88a,3231874380fe0ddd5531449efe325585,SO46581,3578,BK-R93R-56,1,3578,59e3b2198b06015c3db5bbabfa658d5a
12189,106dfbaf552c07a1b08d065f2c343982,3f20f21c57e09a6c071e44d1fe74b58a,SO54573,4590,BK-M68B-38,2,4590,dba3e44e23a1d2c2f299811e94db7fce
12189,106dfbaf552c07a1b08d065f2c343982,3f20f21c57e09a6c071e44d1fe74b58a,SO54573,22,FE-6654,1,22,dba3e44e23a1d2c2f299811e94db7fce
12189,106dfbaf552c07a1b08d065f2c343982,3f20f21c57e09a6c071e44d1fe74b58a,SO54573,55,HY-1023-70,1,55,dba3e44e23a1d2c2f299811e94db7fce
12189,109b131069827970adb3b6d3aea896c2,dee9eae0b6c5fbb75435e16238307e35,SO46490,3578,BK-R93R-52,1,3578,e0ff70a5e22e7449dab732c95d815720
12190,1685ca8ff12ea83725a1c35e1d89c5cd,15699e35c72c4036c71409f3f3d69528,SO53855,10,BC-M005,1,10,6d44506d59926d8d13d35f75d97f2a64
12190,1685ca8ff12ea83725a1c35e1d89c5cd,15699e35c72c4036c71409f3f3d69528,SO53855,4590,BK-M68B-42,2,4590,6d44506d59926d8d13d35f75d97f2a64
12190,1685ca8ff12ea83725a1c35e1d89c5cd,15699e35c72c4036c71409f3f3d69528,SO53855,2,PK-7098,1,2,6d44506d59926d8d13d35f75d97f2a64
12190,1685ca8ff12ea83725a1c35e1d89c5cd,15699e35c72c4036c71409f3f3d69528,SO53855,5,WB-H098,1,5,6d44506d59926d8d13d35f75d97f2a64
12190,e0ff70a5e22e7449dab732c95d815720,7a3cb5f97544c8ef7fd51c4b10455880,SO46459,3578,BK-R93R-52,1,3578,d0f6d44eeb1872b3e00d9f219db7d91c
12191,089c2a426c196c5ca5facb20896c90bb,bc761b2b7297029a695fbd6dd0470724,SO56308,22,FE-6654,1,22,55f9f4cb5784581a517e59904e0d5e2f
12191,089c2a426c196c5ca5facb20896c90bb,bc761b2b7297029a695fbd6dd0470724,SO56308,35,TI-M823,1,35,55f9f4cb5784581a517e59904e0d5e2f
12191,089c2a426c196c5ca5facb20896c90bb,bc761b2b7297029a695fbd6dd0470724,SO56308,5,TT-M928,1,5,55f9f4cb5784581a517e59904e0d5e2f
12191,089c2a426c196c5ca5facb20896c90bb,bc761b2b7297029a695fbd6dd0470724,SO56308,64,VE-C304-M,1,64,55f9f4cb5784581a517e59904e0d5e2f
12191,8e8847c1bdf012037ee13bb62da8a5c1,c507827aa5f4f6bbedf64058461c621b,SO67207,120,RA-H123,1,120,6dd75c28a9a8a39e02bc0a175f82a9f3
12192,18025e6a8791d350428f65c0783ebd99,3c8e2c51453f4d665f1050da871dead6,SO56068,120,RA-H123,1,120,a9cefc49af6424b430612adfc69876ee
12192,1ba7e8cdf85da6cf5e11554703236b52,9592b44e2c3f304a9875f45537bec6eb,SO73682,35,TI-M823,1,35,4c6ed4daa82e7326b84c24f4c2ae7064
12192,1ba7e8cdf85da6cf5e11554703236b52,9592b44e2c3f304a9875f45537bec6eb,SO73682,5,TT-M928,1,5,4c6ed4daa82e7326b84c24f4c2ae7064
12193,2ed3972e38245b633ec6b146c2970148,6477c205c5117a9448ba863e111acf32,SO61725,2384,BK-T79U-50,1,2384,2becb9647677a1a316b388bbad689580
12193,2ed3972e38245b633ec6b146c2970148,6477c205c5117a9448ba863e111acf32,SO61725,54,SJ-0194-S,1,54,2becb9647677a1a316b388bbad689580
12193,d6ab5a0eee939524352092b964d92b84,106dfbaf552c07a1b08d065f2c343982,SO55220,4640,BK-M68S-46,2,4640,3c4bf68562424c26986beae6ce13704a
12193,d6ab5a0eee939524352092b964d92b84,106dfbaf552c07a1b08d065f2c343982,SO55220,105,HL-U509-R,3,105,3c4bf68562424c26986beae6ce13704a
12193,d6ab5a0eee939524352092b964d92b84,106dfbaf552c07a1b08d065f2c343982,SO55220,35,TI-M823,1,35,3c4bf68562424c26986beae6ce13704a
12193,d6ab5a0eee939524352092b964d92b84,106dfbaf552c07a1b08d065f2c343982,SO55220,5,TT-M928,1,5,3c4bf68562424c26986beae6ce13704a
12194,5e1b952a22eccca86f7f056a9efb42a4,a8ef76a01442567fb64eb6f4408a9835,SO57691,8,CL-9009,1,8,40883861f6e25a2e09e848a7891f4f38
12194,fda052162862bb845297063fd71a580c,1678083e7ff90bd404baad3f60bffa37,SO56417,105,HL-U509-R,3,105,a2c49941411089cb2a9cbf78cb803c26
12194,fda052162862bb845297063fd71a580c,1678083e7ff90bd404baad3f60bffa37,SO56417,35,TI-M823,1,35,a2c49941411089cb2a9cbf78cb803c26
12194,fda052162862bb845297063fd71a580c,1678083e7ff90bd404baad3f60bffa37,SO56417,5,TT-M928,1,5,a2c49941411089cb2a9cbf78cb803c26
12195,6eaadc1181f307997dc853d9ed40db36,0814775cfc25da756a9b4197347ab771,SO58475,8,CL-9009,1,8,4dbf892d41ae205f6e36838031cff786
12195,870bd4f3713260418e4f342f31dc7e33,94c60e0b5e2b0f78b919a5d4c67d70a2,SO62919,22,FE-6654,1,22,2fe1a028f9398deb2efcd536c8246fae
12195,870bd4f3713260418e4f342f31dc7e33,94c60e0b5e2b0f78b919a5d4c67d70a2,SO62919,48,GL-H102-S,2,48,2fe1a028f9398deb2efcd536c8246fae
12195,870bd4f3713260418e4f342f31dc7e33,94c60e0b5e2b0f78b919a5d4c67d70a2,SO62919,105,HL-U509-R,3,105,2fe1a028f9398deb2efcd536c8246fae
12195,870bd4f3713260418e4f342f31dc7e33,94c60e0b5e2b0f78b919a5d4c67d70a2,SO62919,35,TI-M823,1,35,2fe1a028f9398deb2efcd536c8246fae
12196,5c741aa8e0753be65314a304e7b39c14,d945ec2aae74dbfb829453026b91c235,SO62040,105,HL-U509,3,105,7ee641303ef8d8b10d0ed00a060c73cc
12196,5c741aa8e0753be65314a304e7b39c14,d945ec2aae74dbfb829453026b91c235,SO62040,30,TI-M602,1,30,7ee641303ef8d8b10d0ed00a060c73cc
12196,5c741aa8e0753be65314a304e7b39c14,d945ec2aae74dbfb829453026b91c235,SO62040,5,TT-M928,1,5,7ee641303ef8d8b10d0ed00a060c73cc
12196,629ffff971d10f275a79a70fae527fbc,d6ab5a0eee939524352092b964d92b84,SO55987,10,BC-M005,1,10,3c1811b546060d91957cc446aabc4a3c
12196,629ffff971d10f275a79a70fae527fbc,d6ab5a0eee939524352092b964d92b84,SO55987,105,HL-U509,3,105,3c1811b546060d91957cc446aabc4a3c
12196,629ffff971d10f275a79a70fae527fbc,d6ab5a0eee939524352092b964d92b84,SO55987,5,WB-H098,1,5,3c1811b546060d91957cc446aabc4a3c
12196,6cf9e035d2f1d8ffe1b9f2f96a9e7a3a,982b3b4109cce5d4e5bf1fcbe0ae259b,SO74647,35,TI-M823,1,35,db10519e66d9a7b809b91935ad1a696d
12196,a976f17830aceaaa93d5daef0bc209a3,d9f7611cf8d29b48a1d3d8fddb8c5b2e,SO57499,5,WB-H098,1,5,0e23f371129aecc6b2033620b226f8d7
12197,485ae69515bc4c60ef546ff289741f60,40ff348468b73116a7077c246985e0bf,SO57621,35,TI-M823,1,35,375bde15092f45652b6398c1dff650d0
12197,485ae69515bc4c60ef546ff289741f60,40ff348468b73116a7077c246985e0bf,SO57621,5,TT-M928,1,5,375bde15092f45652b6398c1dff650d0
12197,72e75576254db1afef14ecdc050391c2,20b851db79828c985958154243411278,SO52067,8,CL-9009,1,8,0b80ce5eab877cae9997209e0bee6e60
12198,922d04aa1f67bbe0270bfad98508f43e,0383d48e76cd8a3dfb9e2a890f2cac18,SO61837,10,BC-M005,1,10,76918877cf6ce7011018cd9708723392
12198,922d04aa1f67bbe0270bfad98508f43e,0383d48e76cd8a3dfb9e2a890f2cac18,SO61837,4590,BK-M68B-42,2,4590,76918877cf6ce7011018cd9708723392
12198,922d04aa1f67bbe0270bfad98508f43e,0383d48e76cd8a3dfb9e2a890f2cac18,SO61837,22,FE-6654,1,22,76918877cf6ce7011018cd9708723392
12198,922d04aa1f67bbe0270bfad98508f43e,0383d48e76cd8a3dfb9e2a890f2cac18,SO61837,48,GL-H102-S,2,48,76918877cf6ce7011018cd9708723392
12198,922d04aa1f67bbe0270bfad98508f43e,0383d48e76cd8a3dfb9e2a890f2cac18,SO61837,105,HL-U509-R,3,105,76918877cf6ce7011018cd9708723392
12198,922d04aa1f67bbe0270bfad98508f43e,0383d48e76cd8a3dfb9e2a890f2cac18,SO61837,5,WB-H098,1,5,76918877cf6ce7011018cd9708723392
12198,c7ba73dc38a0064ac7ceeef22463d8d7,7fe55f4f2e51708bd160778e5ef08685,SO46492,3578,BK-R93R-48,1,3578,5fe94fb0f4dba39b9df91e97622d2ec2
12199,4804ee33768b143d9706052696f7dfbd,7254e54716fe52361e62aa16ea2e0797,SO60252,120,RA-H123,1,120,c660dc308b247ce08aeecd155306bae0
12199,a9adf65abbb865184bf924d14a93d0c4,ec24e4cf9fcc90f3bbe81b2fb3735c21,SO70706,105,HL-U509-B,3,105,e0cd1349b4c6e1b5f14ed427e358c2d0
12199,a9adf65abbb865184bf924d14a93d0c4,ec24e4cf9fcc90f3bbe81b2fb3735c21,SO70706,35,TI-M823,1,35,e0cd1349b4c6e1b5f14ed427e358c2d0
12199,a9adf65abbb865184bf924d14a93d0c4,ec24e4cf9fcc90f3bbe81b2fb3735c21,SO70706,5,TT-M928,1,5,e0cd1349b4c6e1b5f14ed427e358c2d0
12200,59e3b2198b06015c3db5bbabfa658d5a,eb89b77c8ab43407829a31ec1c84f649,SO46539,3578,BK-R93R-56,1,3578,c7ba73dc38a0064ac7ceeef22463d8d7
12200,ab2e81a99745ffff6c06e2be93290d1b,76e3c19dbb0dadc4c6dc771d856e4676,SO54133,4640,BK-M68S-42,2,4640,1685ca8ff12ea83725a1c35e1d89c5cd
12200,ab2e81a99745ffff6c06e2be93290d1b,76e3c19dbb0dadc4c6dc771d856e4676,SO54133,2,PK-7098,1,2,1685ca8ff12ea83725a1c35e1d89c5cd
12200,ab2e81a99745ffff6c06e2be93290d1b,76e3c19dbb0dadc4c6dc771d856e4676,SO54133,35,TI-M823,1,35,1685ca8ff12ea83725a1c35e1d89c5cd
12201,c660dc308b247ce08aeecd155306bae0,e7df1b3ee078bdcfc260a877f321287d,SO59949,8,CL-9009,1,8,9a95fdf4e925d9cbd65f87b5aa4ac212
12201,c660dc308b247ce08aeecd155306bae0,e7df1b3ee078bdcfc260a877f321287d,SO59949,2,PK-7098,1,2,9a95fdf4e925d9cbd65f87b5aa4ac212
12201,c660dc308b247ce08aeecd155306bae0,e7df1b3ee078bdcfc260a877f321287d,SO59949,35,TI-M823,1,35,9a95fdf4e925d9cbd65f87b5aa4ac212
12201,c660dc308b247ce08aeecd155306bae0,e7df1b3ee078bdcfc260a877f321287d,SO59949,5,TT-M928,1,5,9a95fdf4e925d9cbd65f87b5aa4ac212
12201,f75e5f8c15ca91ec5c869dc3881f574f,3a23b248b732af434a45fce0302aa11f,SO63882,8,CL-9009,1,8,03bf7d2a8718ee9aca4bd2f37e962fc4
12202,427ed6396fba4ed8ead9ec3229517d2b,3519c8eb4095dbc69d80eb61856d3435,SO56254,2,PK-7098,1,2,629ffff971d10f275a79a70fae527fbc
12202,427ed6396fba4ed8ead9ec3229517d2b,3519c8eb4095dbc69d80eb61856d3435,SO56254,35,TI-M823,1,35,629ffff971d10f275a79a70fae527fbc
12202,427ed6396fba4ed8ead9ec3229517d2b,3519c8eb4095dbc69d80eb61856d3435,SO56254,5,TT-M928,1,5,629ffff971d10f275a79a70fae527fbc
12202,6e32728b966bb91cefefa1316da21ca8,b322422d9a721bbdefa133133dd407c1,SO67711,10,BC-M005,1,10,de5009f9bf3e9725d2381f4a5e913111
12202,6e32728b966bb91cefefa1316da21ca8,b322422d9a721bbdefa133133dd407c1,SO67711,22,FE-6654,1,22,de5009f9bf3e9725d2381f4a5e913111
12202,6e32728b966bb91cefefa1316da21ca8,b322422d9a721bbdefa133133dd407c1,SO67711,30,TI-M602,1,30,de5009f9bf3e9725d2381f4a5e913111
12202,6e32728b966bb91cefefa1316da21ca8,b322422d9a721bbdefa133133dd407c1,SO67711,5,TT-M928,1,5,de5009f9bf3e9725d2381f4a5e913111
12202,6e32728b966bb91cefefa1316da21ca8,b322422d9a721bbdefa133133dd407c1,SO67711,5,WB-H098,1,5,de5009f9bf3e9725d2381f4a5e913111
12202,7983129d9883ebc3b9dce3311996b001,0df76889b3e31ccfd17b50cc73baef03,SO59780,2,PK-7098,1,2,7254e54716fe52361e62aa16ea2e0797
12202,7983129d9883ebc3b9dce3311996b001,0df76889b3e31ccfd17b50cc73baef03,SO59780,5,WB-H098,1,5,7254e54716fe52361e62aa16ea2e0797
12202,f799d104dd23bb828dcdaaefc4d25b61,ca510b577b53d588f80b4fc76030ea52,SO52304,10,BC-M005,1,10,cfceb7490eff6e660974507be7c579c6
12202,f799d104dd23bb828dcdaaefc4d25b61,ca510b577b53d588f80b4fc76030ea52,SO52304,105,HL-U509,3,105,cfceb7490eff6e660974507be7c579c6
12202,f799d104dd23bb828dcdaaefc4d25b61,ca510b577b53d588f80b4fc76030ea52,SO52304,5,WB-H098,1,5,cfceb7490eff6e660974507be7c579c6
12203,0d15ba5aa4c9ad0377b26e0cf7a86280,b21e833d3ead6056f1265f13fe1ff015,SO61447,9,SO-R809-M,1,9,4a70a3ec50fd16032883bf6fc79c55dd
12203,0d15ba5aa4c9ad0377b26e0cf7a86280,b21e833d3ead6056f1265f13fe1ff015,SO61447,30,TI-M602,1,30,4a70a3ec50fd16032883bf6fc79c55dd
12203,0d15ba5aa4c9ad0377b26e0cf7a86280,b21e833d3ead6056f1265f13fe1ff015,SO61447,5,TT-M928,1,5,4a70a3ec50fd16032883bf6fc79c55dd
12203,4555f65c4664801d78b9f5477f89d8fd,7ee641303ef8d8b10d0ed00a060c73cc,SO62489,10,BC-M005,1,10,94c60e0b5e2b0f78b919a5d4c67d70a2
12203,4555f65c4664801d78b9f5477f89d8fd,7ee641303ef8d8b10d0ed00a060c73cc,SO62489,5,WB-H098,1,5,94c60e0b5e2b0f78b919a5d4c67d70a2
12203,c5ed53572c667b119dde2fc0f54de602,0d3057f268050d468f468434f8ec809a,SO72811,27,CA-1098,3,27,e366e24b8ad0b1107528f2f58cd15a81
12203,c5ed53572c667b119dde2fc0f54de602,0d3057f268050d468f468434f8ec809a,SO72811,105,HL-U509-B,3,105,e366e24b8ad0b1107528f2f58cd15a81
12203,c5ed53572c667b119dde2fc0f54de602,0d3057f268050d468f468434f8ec809a,SO72811,150,LJ-0192-S,3,150,e366e24b8ad0b1107528f2f58cd15a81
12203,c5ed53572c667b119dde2fc0f54de602,0d3057f268050d468f468434f8ec809a,SO72811,5,WB-H098,1,5,e366e24b8ad0b1107528f2f58cd15a81
12203,d612b5fb3f6011688fb0c9927693365a,3e107cd1554225ea3056ed5010adce90,SO74411,2,PK-7098,1,2,a1e59736d286765313b8212467dc64b2
12203,d612b5fb3f6011688fb0c9927693365a,3e107cd1554225ea3056ed5010adce90,SO74411,35,TI-M823,1,35,a1e59736d286765313b8212467dc64b2
12203,d612b5fb3f6011688fb0c9927693365a,3e107cd1554225ea3056ed5010adce90,SO74411,5,TT-M928,1,5,a1e59736d286765313b8212467dc64b2
12204,361e2c62255e0c1887ac2139911ca300,20b5e9ce0f87defd975a322149ec8cc6,SO51880,9,BC-R205,1,9,eedd9be5500334505ed9d4aef801ac3d
12204,361e2c62255e0c1887ac2139911ca300,20b5e9ce0f87defd975a322149ec8cc6,SO51880,9,SO-R809-M,1,9,eedd9be5500334505ed9d4aef801ac3d
12204,361e2c62255e0c1887ac2139911ca300,20b5e9ce0f87defd975a322149ec8cc6,SO51880,5,WB-H098,1,5,eedd9be5500334505ed9d4aef801ac3d
12204,883b9b4170853b321c03290f64ba199f,412998e77ee121227580e3d363f75fa2,SO60675,22,FE-6654,1,22,af1457846a79173ef71dd9d5dd69805a
12204,883b9b4170853b321c03290f64ba199f,412998e77ee121227580e3d363f75fa2,SO60675,105,HL-U509-B,3,105,af1457846a79173ef71dd9d5dd69805a
12204,883b9b4170853b321c03290f64ba199f,412998e77ee121227580e3d363f75fa2,SO60675,35,TI-M823,1,35,af1457846a79173ef71dd9d5dd69805a
12204,883b9b4170853b321c03290f64ba199f,412998e77ee121227580e3d363f75fa2,SO60675,5,TT-M928,1,5,af1457846a79173ef71dd9d5dd69805a
12205,83d1ed00595e79ee5ea3797e97970fe8,fe1fd19c021e78ec395980c2e347865e,SO69161,9,BC-R205,1,9,705fa39ab40831529471c768490339ab
12205,83d1ed00595e79ee5ea3797e97970fe8,fe1fd19c021e78ec395980c2e347865e,SO69161,5,WB-H098,1,5,705fa39ab40831529471c768490339ab
12205,e4b40b4ba619c72ec5a69caad258d393,b0950d12c62d3aeda81b2e8d06f2aef4,SO74214,2,PK-7098,1,2,8babade0595c11e14dd89058a850f2cd
12205,e4b40b4ba619c72ec5a69caad258d393,b0950d12c62d3aeda81b2e8d06f2aef4,SO74214,35,TI-M823,1,35,8babade0595c11e14dd89058a850f2cd
12206,4a318fb9cfbe73b094d25673d3ce9e38,23e53557c4c2300cb2511c53082467bb,SO46599,3578,BK-R93R-62,1,3578,0e3f5655bf7de733060720a9c9e92669
12206,da9c4ba6c9a1ae8725389bfd38b5763a,3e48b2167bd86ef570e46d0b286c4f74,SO54090,10,BC-M005,1,10,9223b53f03a405f817e91392f0294f6a
12206,da9c4ba6c9a1ae8725389bfd38b5763a,3e48b2167bd86ef570e46d0b286c4f74,SO54090,4640,BK-M68S-46,2,4640,9223b53f03a405f817e91392f0294f6a
12207,55f9f4cb5784581a517e59904e0d5e2f,9b6872ca1d80024637e967d1066bba0a,SO56059,4590,BK-M68B-42,2,4590,1678083e7ff90bd404baad3f60bffa37
12207,55f9f4cb5784581a517e59904e0d5e2f,9b6872ca1d80024637e967d1066bba0a,SO56059,2,PK-7098,1,2,1678083e7ff90bd404baad3f60bffa37
12207,9168e86a755a5c41b2494b0599f3c88a,3231874380fe0ddd5531449efe325585,SO46582,3578,BK-R93R-56,1,3578,59e3b2198b06015c3db5bbabfa658d5a
12208,089c2a426c196c5ca5facb20896c90bb,bc761b2b7297029a695fbd6dd0470724,SO56316,4590,BK-M68B-38,2,4590,55f9f4cb5784581a517e59904e0d5e2f
12208,089c2a426c196c5ca5facb20896c90bb,bc761b2b7297029a695fbd6dd0470724,SO56316,27,CA-1098,3,27,55f9f4cb5784581a517e59904e0d5e2f
12208,089c2a426c196c5ca5facb20896c90bb,bc761b2b7297029a695fbd6dd0470724,SO56316,22,FE-6654,1,22,55f9f4cb5784581a517e59904e0d5e2f
12208,089c2a426c196c5ca5facb20896c90bb,bc761b2b7297029a695fbd6dd0470724,SO56316,150,LJ-0192-X,3,150,55f9f4cb5784581a517e59904e0d5e2f
12208,23e53557c4c2300cb2511c53082467bb,d0f6d44eeb1872b3e00d9f219db7d91c,SO46500,3578,BK-R93R-56,1,3578,f5f4a24c43cdbbee05aff7941a939ee5
12209,4ceff7612cfa4420892fe23b23ca9265,5691ac18f59a9af20f9d8703772afbba,SO56586,10,BC-M005,1,10,089c2a426c196c5ca5facb20896c90bb
12209,4ceff7612cfa4420892fe23b23ca9265,5691ac18f59a9af20f9d8703772afbba,SO56586,4640,BK-M68S-46,2,4640,089c2a426c196c5ca5facb20896c90bb
12209,c79548466fdad0728a9aa092fbad03a7,8a5d7ee8a6750efd5364f3ccd8e7ea1b,SO46512,3578,BK-R93R-44,1,3578,d37ddfbd511aeb9a1d163babcb308cf0
12210,39fe373cdcb4534addde73890415b660,41fc4cb27e0ee552c4c9247e1a476cc5,SO55870,10,BC-M005,1,10,3519c8eb4095dbc69d80eb61856d3435
12210,39fe373cdcb4534addde73890415b660,41fc4cb27e0ee552c4c9247e1a476cc5,SO55870,4640,BK-M68S-46,2,4640,3519c8eb4095dbc69d80eb61856d3435
12210,39fe373cdcb4534addde73890415b660,41fc4cb27e0ee552c4c9247e1a476cc5,SO55870,5,WB-H098,1,5,3519c8eb4095dbc69d80eb61856d3435
12210,85f14990e454433586410bd10a64d585,239346f094c2e076937f49d33eb884e9,SO47564,4142,BK-M68S-46,2,4142,f3a74234d20fe8b7fea9d1e61588ddde
12210,fee8e08233f3f00450bce31967abb0f1,331afa0aff1b1cfbf3d24944ab38c9d2,SO70575,2384,BK-T79U-54,1,2384,86bfb8ffc7a79e52d833cedce4d275bf
12210,fee8e08233f3f00450bce31967abb0f1,331afa0aff1b1cfbf3d24944ab38c9d2,SO70575,105,HL-U509,3,105,86bfb8ffc7a79e52d833cedce4d275bf
12211,4918909674a26c217d8cc4a92860400c,07074f83c23833dcaa105e1acf3c3b98,SO44168,3578,BK-R93R-52,1,3578,1c37e3540a186a26df97e1d816a180d8
12211,94c60e0b5e2b0f78b919a5d4c67d70a2,0d15ba5aa4c9ad0377b26e0cf7a86280,SO62178,4590,BK-M68B-38,2,4590,9913e55755fcc4267a06c1e6adbbc7fb
12211,94c60e0b5e2b0f78b919a5d4c67d70a2,0d15ba5aa4c9ad0377b26e0cf7a86280,SO62178,105,HL-U509-R,3,105,9913e55755fcc4267a06c1e6adbbc7fb
12212,2ed3972e38245b633ec6b146c2970148,6477c205c5117a9448ba863e111acf32,SO61669,4640,BK-M68S-42,2,4640,2becb9647677a1a316b388bbad689580
12212,6f876727a6ca9c8f7a1e0ab845d1df49,a7a38fdd2b588a9e04c8833fe252e250,SO44257,3578,BK-R93R-52,1,3578,f9160ced7c82c26576dae88d37ef543e
12213,73a69a5c77a7d23172e54d7ce07a638e,5a06908cc28b799b04fc1c47664462e6,SO55454,10,BC-M005,1,10,41fc4cb27e0ee552c4c9247e1a476cc5
12213,73a69a5c77a7d23172e54d7ce07a638e,5a06908cc28b799b04fc1c47664462e6,SO55454,4640,BK-M68S-38,2,4640,41fc4cb27e0ee552c4c9247e1a476cc5
12213,73a69a5c77a7d23172e54d7ce07a638e,5a06908cc28b799b04fc1c47664462e6,SO55454,105,HL-U509-B,3,105,41fc4cb27e0ee552c4c9247e1a476cc5
12213,73a69a5c77a7d23172e54d7ce07a638e,5a06908cc28b799b04fc1c47664462e6,SO55454,5,WB-H098,1,5,41fc4cb27e0ee552c4c9247e1a476cc5
12213,7ef7447fc083981d7d520e8df45ac789,7ae19b95cb229a2fdbd25f66c051d923,SO48142,4098,BK-M68B-46,2,4098,bdeaa4898e182be99121455d5c86cce1
12214,0fdc213a5f9c4a355f1240ee1160acdb,6e1ea8c2b90f9655373e732ea4445676,SO47501,4098,BK-M68B-42,2,4098,5206c46d068e66a8c5511d764ec58206
12214,4c6ed4daa82e7326b84c24f4c2ae7064,b2ce0ef2540789e8a6976165b6c917d8,SO73309,9,BC-R205,1,9,aa14ddbc43aa2d3be1e6ac019bb7b5bc
12214,4c6ed4daa82e7326b84c24f4c2ae7064,b2ce0ef2540789e8a6976165b6c917d8,SO73309,2384,BK-T79Y-50,1,2384,aa14ddbc43aa2d3be1e6ac019bb7b5bc
12214,4c6ed4daa82e7326b84c24f4c2ae7064,b2ce0ef2540789e8a6976165b6c917d8,SO73309,48,GL-H102-S,2,48,aa14ddbc43aa2d3be1e6ac019bb7b5bc
12214,4c6ed4daa82e7326b84c24f4c2ae7064,b2ce0ef2540789e8a6976165b6c917d8,SO73309,5,WB-H098,1,5,aa14ddbc43aa2d3be1e6ac019bb7b5bc
12214,eba5233d2dd8ea5031e646882335ece0,629ffff971d10f275a79a70fae527fbc,SO56599,4590,BK-M68B-38,2,4590,b988e88fd94a3b47434beeb650cff880
12214,eba5233d2dd8ea5031e646882335ece0,629ffff971d10f275a79a70fae527fbc,SO56599,2,PK-7098,1,2,b988e88fd94a3b47434beeb650cff880
12214,eba5233d2dd8ea5031e646882335ece0,629ffff971d10f275a79a70fae527fbc,SO56599,35,TI-M823,1,35,b988e88fd94a3b47434beeb650cff880
12215,5cbbe853aa1a5a1370f9a614904c4b15,86e0fc464cbb08ae74bd039224afec9a,SO73618,2384,BK-T79Y-60,1,2384,47a161474962a6dcc03cfa64127a641f
12215,5cbbe853aa1a5a1370f9a614904c4b15,86e0fc464cbb08ae74bd039224afec9a,SO73618,27,CA-1098,3,27,47a161474962a6dcc03cfa64127a641f
12215,5cbbe853aa1a5a1370f9a614904c4b15,86e0fc464cbb08ae74bd039224afec9a,SO73618,105,HL-U509-B,3,105,47a161474962a6dcc03cfa64127a641f
12215,5cbbe853aa1a5a1370f9a614904c4b15,86e0fc464cbb08ae74bd039224afec9a,SO73618,29,TI-T723,1,29,47a161474962a6dcc03cfa64127a641f
12215,5cbbe853aa1a5a1370f9a614904c4b15,86e0fc464cbb08ae74bd039224afec9a,SO73618,5,TT-T092,1,5,47a161474962a6dcc03cfa64127a641f
12215,629ffff971d10f275a79a70fae527fbc,d6ab5a0eee939524352092b964d92b84,SO55968,4640,BK-M68S-46,2,4640,3c1811b546060d91957cc446aabc4a3c
12215,629ffff971d10f275a79a70fae527fbc,d6ab5a0eee939524352092b964d92b84,SO55968,2,PK-7098,1,2,3c1811b546060d91957cc446aabc4a3c
12215,629ffff971d10f275a79a70fae527fbc,d6ab5a0eee939524352092b964d92b84,SO55968,35,TI-M823,1,35,3c1811b546060d91957cc446aabc4a3c
12215,f3a74234d20fe8b7fea9d1e61588ddde,ff6b0fd180b0673e54be5105922418c2,SO47526,4142,BK-M68S-42,2,4142,8b2c1dc879653ef0a877850ef4a01f47
12216,34fbf2f6480a253f5b18c3295860e4ca,4b07ddfa8857087c363c1402c6fbcaa1,SO47635,4142,BK-M68S-42,2,4142,feac3e52d8032301cde96120a3dfe0d4
12216,4c6ed4daa82e7326b84c24f4c2ae7064,b2ce0ef2540789e8a6976165b6c917d8,SO73332,9,BC-R205,1,9,aa14ddbc43aa2d3be1e6ac019bb7b5bc
12216,4c6ed4daa82e7326b84c24f4c2ae7064,b2ce0ef2540789e8a6976165b6c917d8,SO73332,2384,BK-T79Y-54,1,2384,aa14ddbc43aa2d3be1e6ac019bb7b5bc
12216,4c6ed4daa82e7326b84c24f4c2ae7064,b2ce0ef2540789e8a6976165b6c917d8,SO73332,54,SJ-0194-X,1,54,aa14ddbc43aa2d3be1e6ac019bb7b5bc
12216,4c6ed4daa82e7326b84c24f4c2ae7064,b2ce0ef2540789e8a6976165b6c917d8,SO73332,5,WB-H098,1,5,aa14ddbc43aa2d3be1e6ac019bb7b5bc
12216,5691ac18f59a9af20f9d8703772afbba,d8a4ea0dc4237ee8690ee37b3902fd0e,SO55923,4640,BK-M68S-42,2,4640,bc761b2b7297029a695fbd6dd0470724
12216,5691ac18f59a9af20f9d8703772afbba,d8a4ea0dc4237ee8690ee37b3902fd0e,SO55923,22,FE-6654,1,22,bc761b2b7297029a695fbd6dd0470724
12216,5691ac18f59a9af20f9d8703772afbba,d8a4ea0dc4237ee8690ee37b3902fd0e,SO55923,105,HL-U509-B,3,105,bc761b2b7297029a695fbd6dd0470724
12216,5691ac18f59a9af20f9d8703772afbba,d8a4ea0dc4237ee8690ee37b3902fd0e,SO55923,55,HY-1023-70,1,55,bc761b2b7297029a695fbd6dd0470724
12217,2ed3972e38245b633ec6b146c2970148,6477c205c5117a9448ba863e111acf32,SO61671,4590,BK-M68B-38,2,4590,2becb9647677a1a316b388bbad689580
12217,e43c329598651187dc896f473b960062,d65fe2f8a3307343bdecec12e6ef15b0,SO44239,3578,BK-R93R-44,1,3578,3a0c86e2d3f9856bab812272b3f829ab
12218,40ff348468b73116a7077c246985e0bf,a2c49941411089cb2a9cbf78cb803c26,SO56758,4640,BK-M68S-42,2,4640,830e779850b1d58733a7ad711bf6b83f
12218,40ff348468b73116a7077c246985e0bf,a2c49941411089cb2a9cbf78cb803c26,SO56758,22,FE-6654,1,22,830e779850b1d58733a7ad711bf6b83f
12218,40ff348468b73116a7077c246985e0bf,a2c49941411089cb2a9cbf78cb803c26,SO56758,150,LJ-0192-L,3,150,830e779850b1d58733a7ad711bf6b83f
12218,40ff348468b73116a7077c246985e0bf,a2c49941411089cb2a9cbf78cb803c26,SO56758,9,SO-R809-M,1,9,830e779850b1d58733a7ad711bf6b83f
12218,e56b89db4bdb2b3ba01ca1e3dbaf16ef,07f0f4d1950116643ea4a45db1bc7999,SO48246,4142,BK-M68S-42,2,4142,af0f2c97be3051a37eaf670bbd7408f8
12219,4709376fad800343cd32df44247f5db1,f93a6ca5d224d7404ca783aa5a0c61c7,SO44246,3578,BK-R93R-48,1,3578,0cb388227f4fdb8ab3e94e6477d98f5a
12219,870bd4f3713260418e4f342f31dc7e33,94c60e0b5e2b0f78b919a5d4c67d70a2,SO62886,10,BC-M005,1,10,2fe1a028f9398deb2efcd536c8246fae
12219,870bd4f3713260418e4f342f31dc7e33,94c60e0b5e2b0f78b919a5d4c67d70a2,SO62886,4640,BK-M68S-38,2,4640,2fe1a028f9398deb2efcd536c8246fae
12219,870bd4f3713260418e4f342f31dc7e33,94c60e0b5e2b0f78b919a5d4c67d70a2,SO62886,54,SJ-0194-M,1,54,2fe1a028f9398deb2efcd536c8246fae
12219,870bd4f3713260418e4f342f31dc7e33,94c60e0b5e2b0f78b919a5d4c67d70a2,SO62886,5,WB-H098,1,5,2fe1a028f9398deb2efcd536c8246fae
12220,0a6897e1c1e03291162006eaf64d9e6d,aa23a148fd157c87970b5fa9079424f9,SO44176,3578,BK-R93R-56,1,3578,0f3e3e16d175d3da9e3d2ab5f42e2a8d
12220,ba19c22033aaecc6c5dad47f63e5858c,8dd08d219271ec96c543f486de430703,SO63016,4590,BK-M68B-46,2,4590,16918840d98f27ce45948fe73dd5592f
12220,ba19c22033aaecc6c5dad47f63e5858c,8dd08d219271ec96c543f486de430703,SO63016,22,FE-6654,1,22,16918840d98f27ce45948fe73dd5592f
12220,ba19c22033aaecc6c5dad47f63e5858c,8dd08d219271ec96c543f486de430703,SO63016,55,HY-1023-70,1,55,16918840d98f27ce45948fe73dd5592f
12221,1c37e3540a186a26df97e1d816a180d8,13c2439a16b8e0eab906d0cd09c97dbc,SO44140,3578,BK-R93R-44,1,3578,aa23a148fd157c87970b5fa9079424f9
12221,4555f65c4664801d78b9f5477f89d8fd,7ee641303ef8d8b10d0ed00a060c73cc,SO62481,4640,BK-M68S-46,2,4640,94c60e0b5e2b0f78b919a5d4c67d70a2
12221,4555f65c4664801d78b9f5477f89d8fd,7ee641303ef8d8b10d0ed00a060c73cc,SO62481,105,HL-U509-R,3,105,94c60e0b5e2b0f78b919a5d4c67d70a2
12221,4555f65c4664801d78b9f5477f89d8fd,7ee641303ef8d8b10d0ed00a060c73cc,SO62481,35,TI-M823,1,35,94c60e0b5e2b0f78b919a5d4c67d70a2
12222,4b07ddfa8857087c363c1402c6fbcaa1,85a7e482ebe05716e5f3929bdbe4147c,SO47554,4098,BK-M68B-46,2,4098,0810498037ca8f9a53af3803ab6317c8
12222,4ceff7612cfa4420892fe23b23ca9265,5691ac18f59a9af20f9d8703772afbba,SO56540,4640,BK-M68S-46,2,4640,089c2a426c196c5ca5facb20896c90bb
12222,4ceff7612cfa4420892fe23b23ca9265,5691ac18f59a9af20f9d8703772afbba,SO56540,22,FE-6654,1,22,089c2a426c196c5ca5facb20896c90bb
12222,4ceff7612cfa4420892fe23b23ca9265,5691ac18f59a9af20f9d8703772afbba,SO56540,105,HL-U509-R,3,105,089c2a426c196c5ca5facb20896c90bb
12222,4ceff7612cfa4420892fe23b23ca9265,5691ac18f59a9af20f9d8703772afbba,SO56540,55,HY-1023-70,1,55,089c2a426c196c5ca5facb20896c90bb
12222,a6f2945baeceeef4c8d541a22f6e99e9,d5985f40495ba672dff8a99620b879c8,SO72580,2384,BK-T79Y-50,1,2384,95a2a9aefc393f8630e934768cacf4cd
12222,a6f2945baeceeef4c8d541a22f6e99e9,d5985f40495ba672dff8a99620b879c8,SO72580,27,CA-1098,3,27,95a2a9aefc393f8630e934768cacf4cd
12222,a6f2945baeceeef4c8d541a22f6e99e9,d5985f40495ba672dff8a99620b879c8,SO72580,105,HL-U509-R,3,105,95a2a9aefc393f8630e934768cacf4cd
12223,99b7e934795a93975a5e0c0b9b57d9ba,870bd4f3713260418e4f342f31dc7e33,SO63860,105,HL-U509-R,3,105,7a8e187aeb003f6e34c02a4d5b9b153e
12224,8fa3bab223bec6501ad71f96bb1067b6,b95a9f47dd73bb9b799a31ae04ee7da1,SO70847,105,HL-U509-R,3,105,1556bafff387fc8f2f6fef64c1daa6bc
12224,8fa3bab223bec6501ad71f96bb1067b6,b95a9f47dd73bb9b799a31ae04ee7da1,SO70847,150,LJ-0192-M,3,150,1556bafff387fc8f2f6fef64c1daa6bc
12225,4bd94d77610f3faab529dc08576e03ab,c23832fbf23a0e7899927ece4d109c94,SO48202,4142,BK-M68S-46,2,4142,9818ca9856d3cf7b357612ed1c1f59a2
12225,eba6cab7267f82e3b2a063d5ea445bb9,73b2264d673ee7b5b2e7e165020516ac,SO58019,10,BC-M005,1,10,02ad1a5ca18e58629b8c1d6a6401d071
12225,eba6cab7267f82e3b2a063d5ea445bb9,73b2264d673ee7b5b2e7e165020516ac,SO58019,4590,BK-M68B-46,2,4590,02ad1a5ca18e58629b8c1d6a6401d071
12225,eba6cab7267f82e3b2a063d5ea445bb9,73b2264d673ee7b5b2e7e165020516ac,SO58019,5,WB-H098,1,5,02ad1a5ca18e58629b8c1d6a6401d071
12226,375bde15092f45652b6398c1dff650d0,830e779850b1d58733a7ad711bf6b83f,SO57307,10,BC-M005,1,10,a8ef76a01442567fb64eb6f4408a9835
12226,375bde15092f45652b6398c1dff650d0,830e779850b1d58733a7ad711bf6b83f,SO57307,4590,BK-M68B-46,2,4590,a8ef76a01442567fb64eb6f4408a9835
12226,375bde15092f45652b6398c1dff650d0,830e779850b1d58733a7ad711bf6b83f,SO57307,27,CA-1098,3,27,a8ef76a01442567fb64eb6f4408a9835
12226,375bde15092f45652b6398c1dff650d0,830e779850b1d58733a7ad711bf6b83f,SO57307,5,WB-H098,1,5,a8ef76a01442567fb64eb6f4408a9835
12226,4bd94d77610f3faab529dc08576e03ab,c23832fbf23a0e7899927ece4d109c94,SO48203,4098,BK-M68B-42,2,4098,9818ca9856d3cf7b357612ed1c1f59a2
12227,d76e0ba1fa041675ae9af958c5b41ae4,b988e88fd94a3b47434beeb650cff880,SO56994,27,CA-1098,3,27,cae5717327bee7d74e261c550aa5081f
12227,d76e0ba1fa041675ae9af958c5b41ae4,b988e88fd94a3b47434beeb650cff880,SO56994,105,HL-U509,3,105,cae5717327bee7d74e261c550aa5081f
12228,244cede513841376c37dc856f2f5e7b9,5e1b952a22eccca86f7f056a9efb42a4,SO58352,4590,BK-M68B-46,2,4590,debbb2493c6588799fc787e1854bcda5
12228,244cede513841376c37dc856f2f5e7b9,5e1b952a22eccca86f7f056a9efb42a4,SO58352,105,HL-U509-B,3,105,debbb2493c6588799fc787e1854bcda5
12228,ba588be30dd16be47b9647a72fe81700,c5f333101183a33b4b4d94a271add9fd,SO48658,4142,BK-M68S-38,2,4142,88adb3ec0d383666ee2acd29f43e3429
12229,6eaadc1181f307997dc853d9ed40db36,0814775cfc25da756a9b4197347ab771,SO58469,4640,BK-M68S-38,2,4640,4dbf892d41ae205f6e36838031cff786
12229,6eaadc1181f307997dc853d9ed40db36,0814775cfc25da756a9b4197347ab771,SO58469,22,FE-6654,1,22,4dbf892d41ae205f6e36838031cff786
12229,6eaadc1181f307997dc853d9ed40db36,0814775cfc25da756a9b4197347ab771,SO58469,2,PK-7098,1,2,4dbf892d41ae205f6e36838031cff786
12229,b398f9f9c5791f694aee052dae13609e,bbe7548219ab98340a1170c8a2e7847b,SO48488,4142,BK-M68S-42,2,4142,7c461b9e57346f51c212a91b3cf92bfc
12230,f108e0cd2f96a0c22086f9d45ee08f19,ad0b7f5ad35732646f1e5f67418d5995,SO60124,4590,BK-M68B-38,2,4590,7983129d9883ebc3b9dce3311996b001
12230,f108e0cd2f96a0c22086f9d45ee08f19,ad0b7f5ad35732646f1e5f67418d5995,SO60124,22,FE-6654,1,22,7983129d9883ebc3b9dce3311996b001
12230,f108e0cd2f96a0c22086f9d45ee08f19,ad0b7f5ad35732646f1e5f67418d5995,SO60124,105,HL-U509,3,105,7983129d9883ebc3b9dce3311996b001
12230,f3393c2fcf78ad71519178f1876f05b3,2bb3043229844628920922115ca2f967,SO48634,4098,BK-M68B-46,2,4098,4bbde6a0c4076e78bc106bdc331a94c5
12231,4bbde6a0c4076e78bc106bdc331a94c5,0fc0d540e96e3fc1463b71e253aac75b,SO48580,4098,BK-M68B-38,2,4098,c5f333101183a33b4b4d94a271add9fd
12231,883b9b4170853b321c03290f64ba199f,412998e77ee121227580e3d363f75fa2,SO60634,10,BC-M005,1,10,af1457846a79173ef71dd9d5dd69805a
12231,883b9b4170853b321c03290f64ba199f,412998e77ee121227580e3d363f75fa2,SO60634,4590,BK-M68B-38,2,4590,af1457846a79173ef71dd9d5dd69805a
12232,0fc0d540e96e3fc1463b71e253aac75b,a08a8a7cdc12ac1d6f6ca90a6b513d94,SO48443,4142,BK-M68S-38,2,4142,694d75fcfc5bc50259336e29e881a36c
12232,412998e77ee121227580e3d363f75fa2,df595e3c678d4fae23ce174fe747165e,SO59839,10,BC-M005,1,10,254d832c83ccdb2c33eab65a4fd196ff
12232,412998e77ee121227580e3d363f75fa2,df595e3c678d4fae23ce174fe747165e,SO59839,4590,BK-M68B-46,2,4590,254d832c83ccdb2c33eab65a4fd196ff
12233,bb858b10001c01aea17b4e635d0662a2,d612b5fb3f6011688fb0c9927693365a,SO74782,105,HL-U509-B,3,105,2fb09097185e604aaadbfde958fd6262
12234,fde67888c64f701b59876ec559099b3e,6353a8421ee460b64f2c988cc72a8391,SO56833,105,HL-U509-B,3,105,4ceff7612cfa4420892fe23b23ca9265
12235,f8025d3776b5f7522a6120cb4e9e0783,2d6e054ac82934d489c58cc8399a1628,SO61628,2,PK-7098,1,2,d945ec2aae74dbfb829453026b91c235
12235,f8025d3776b5f7522a6120cb4e9e0783,2d6e054ac82934d489c58cc8399a1628,SO61628,21,TI-R092,1,21,d945ec2aae74dbfb829453026b91c235
12235,f8025d3776b5f7522a6120cb4e9e0783,2d6e054ac82934d489c58cc8399a1628,SO61628,4,TT-R982,1,4,d945ec2aae74dbfb829453026b91c235
12235,fef3080ec197edd1a04bb18afd31d16d,b8d9d66529b0a1e91f6137abcdd065dd,SO54918,105,HL-U509,3,105,4310d0d92131e34ff2716d85e1953174
12236,5c741aa8e0753be65314a304e7b39c14,d945ec2aae74dbfb829453026b91c235,SO62065,105,HL-U509-R,3,105,7ee641303ef8d8b10d0ed00a060c73cc
12237,88adb3ec0d383666ee2acd29f43e3429,a1be4f014e5b3c959503117fd1ee566a,SO48602,4142,BK-M68S-38,2,4142,fc92d87f5fdfc4fdb58244cc592e3788
12237,ad0b7f5ad35732646f1e5f67418d5995,244cede513841376c37dc856f2f5e7b9,SO59272,4640,BK-M68S-42,2,4640,0df76889b3e31ccfd17b50cc73baef03
12237,ad0b7f5ad35732646f1e5f67418d5995,244cede513841376c37dc856f2f5e7b9,SO59272,27,CA-1098,3,27,0df76889b3e31ccfd17b50cc73baef03
12237,ad0b7f5ad35732646f1e5f67418d5995,244cede513841376c37dc856f2f5e7b9,SO59272,105,HL-U509-B,3,105,0df76889b3e31ccfd17b50cc73baef03
12237,ad0b7f5ad35732646f1e5f67418d5995,244cede513841376c37dc856f2f5e7b9,SO59272,35,TI-M823,1,35,0df76889b3e31ccfd17b50cc73baef03
12238,922d04aa1f67bbe0270bfad98508f43e,0383d48e76cd8a3dfb9e2a890f2cac18,SO61833,105,HL-U509-R,3,105,76918877cf6ce7011018cd9708723392
12239,3fbd0407b55d3a3da21388a2ddbf881c,ab4946738415af86b5e3cee69b13301f,SO57903,4590,BK-M68B-38,2,4590,5abaefcc8525a8f4cfd95cba9e926532
12239,3fbd0407b55d3a3da21388a2ddbf881c,ab4946738415af86b5e3cee69b13301f,SO57903,22,FE-6654,1,22,5abaefcc8525a8f4cfd95cba9e926532
12239,3fbd0407b55d3a3da21388a2ddbf881c,ab4946738415af86b5e3cee69b13301f,SO57903,105,HL-U509-R,3,105,5abaefcc8525a8f4cfd95cba9e926532
12239,3fbd0407b55d3a3da21388a2ddbf881c,ab4946738415af86b5e3cee69b13301f,SO57903,150,LJ-0192-M,3,150,5abaefcc8525a8f4cfd95cba9e926532
12239,4c6ed4daa82e7326b84c24f4c2ae7064,b2ce0ef2540789e8a6976165b6c917d8,SO73331,2384,BK-T79U-50,1,2384,aa14ddbc43aa2d3be1e6ac019bb7b5bc
12239,4c6ed4daa82e7326b84c24f4c2ae7064,b2ce0ef2540789e8a6976165b6c917d8,SO73331,27,CA-1098,3,27,aa14ddbc43aa2d3be1e6ac019bb7b5bc
12239,4c6ed4daa82e7326b84c24f4c2ae7064,b2ce0ef2540789e8a6976165b6c917d8,SO73331,105,HL-U509-R,3,105,aa14ddbc43aa2d3be1e6ac019bb7b5bc
12239,51f131f5e73d6582c708dee703ea6d09,09a92962b3b77384fb4671e2a6803a84,SO47620,4142,BK-M68S-38,2,4142,83fd58ad8dee673cf915b18f70b86416
12240,3ebfce6ccd7540a632ae7e6ad8100c29,d630b2db6e8046e30b4728ca862ba4e1,SO59392,565,BK-M18S-48,1,565,df595e3c678d4fae23ce174fe747165e
12240,4a318fb9cfbe73b094d25673d3ce9e38,23e53557c4c2300cb2511c53082467bb,SO46603,3400,BK-M82S-42,1,3400,0e3f5655bf7de733060720a9c9e92669
12241,013f173c58073e845f675d26fdde1918,ccb91034934bb047c5f6a32eb289b95b,SO60553,540,BK-M18B-40,1,540,d6fb379288416774d139632beb88e26b
12241,013f173c58073e845f675d26fdde1918,ccb91034934bb047c5f6a32eb289b95b,SO60553,48,GL-H102-S,2,48,d6fb379288416774d139632beb88e26b
12241,013f173c58073e845f675d26fdde1918,ccb91034934bb047c5f6a32eb289b95b,SO60553,25,TI-M267,1,25,d6fb379288416774d139632beb88e26b
12241,23e53557c4c2300cb2511c53082467bb,d0f6d44eeb1872b3e00d9f219db7d91c,SO46505,3400,BK-M82S-48,1,3400,f5f4a24c43cdbbee05aff7941a939ee5
12242,23e53557c4c2300cb2511c53082467bb,d0f6d44eeb1872b3e00d9f219db7d91c,SO46506,3375,BK-M82B-42,1,3375,f5f4a24c43cdbbee05aff7941a939ee5
12242,c660dc308b247ce08aeecd155306bae0,e7df1b3ee078bdcfc260a877f321287d,SO59965,565,BK-M18S-42,1,565,9a95fdf4e925d9cbd65f87b5aa4ac212
12242,c660dc308b247ce08aeecd155306bae0,e7df1b3ee078bdcfc260a877f321287d,SO59965,27,CA-1098,3,27,9a95fdf4e925d9cbd65f87b5aa4ac212
12243,03e9c154083778a02a19e7d2c3dcd97d,d37ddfbd511aeb9a1d163babcb308cf0,SO46574,3375,BK-M82B-38,1,3375,700b2fdf8bbe790f020e8c6fb93a2d71
12243,348f48807f500aeac729fb17d9bc97f1,5072507e949a2c25948a591c4da194e1,SO60506,540,BK-M18B-48,1,540,f108e0cd2f96a0c22086f9d45ee08f19
12244,07b31bae17c7890b17d79a654aa230cf,a976f17830aceaaa93d5daef0bc209a3,SO58132,105,HL-U509-B,3,105,ef5bad66aa19ccfb82cacb73584b83ea
12244,07b31bae17c7890b17d79a654aa230cf,a976f17830aceaaa93d5daef0bc209a3,SO58132,25,TI-M267,1,25,ef5bad66aa19ccfb82cacb73584b83ea
12244,07b31bae17c7890b17d79a654aa230cf,a976f17830aceaaa93d5daef0bc209a3,SO58132,5,TT-M928,1,5,ef5bad66aa19ccfb82cacb73584b83ea
12244,18bea060239713ee5f865109f63f3a8a,7f026edc73bd4602381834e9b850d6c2,SO52849,150,LJ-0192-M,3,150,d6ec5bff1a0809822c740ce35792fa7a
12245,c926349b55a58d87d7d5008c349fd1e9,9e8cbc3edbb5efb3f48d6afb260e4725,SO60107,540,BK-M18B-48,1,540,ccb91034934bb047c5f6a32eb289b95b
12245,c926349b55a58d87d7d5008c349fd1e9,9e8cbc3edbb5efb3f48d6afb260e4725,SO60107,2,PK-7098,1,2,ccb91034934bb047c5f6a32eb289b95b
12245,c926349b55a58d87d7d5008c349fd1e9,9e8cbc3edbb5efb3f48d6afb260e4725,SO60107,25,TI-M267,1,25,ccb91034934bb047c5f6a32eb289b95b
12245,d37ddfbd511aeb9a1d163babcb308cf0,f2a989663bc8d65aa827c90de8522a12,SO46482,3400,BK-M82S-44,1,3400,0a2fc1bbcd813bb0c58bfba89e3844f8
12246,4804ee33768b143d9706052696f7dfbd,7254e54716fe52361e62aa16ea2e0797,SO60298,540,BK-M18B-42,1,540,c660dc308b247ce08aeecd155306bae0
12246,4804ee33768b143d9706052696f7dfbd,7254e54716fe52361e62aa16ea2e0797,SO60298,2,PK-7098,1,2,c660dc308b247ce08aeecd155306bae0
12246,4804ee33768b143d9706052696f7dfbd,7254e54716fe52361e62aa16ea2e0797,SO60298,25,TI-M267,1,25,c660dc308b247ce08aeecd155306bae0
12246,4804ee33768b143d9706052696f7dfbd,7254e54716fe52361e62aa16ea2e0797,SO60298,5,TT-M928,1,5,c660dc308b247ce08aeecd155306bae0
12246,7c3142db91e31857b37800499bf69b43,f87821540a577f1c9a7d3e6ff2e77222,SO46444,3375,BK-M82B-48,1,3375,901d3c97008878679a99b7d12df8ecda
12247,72e75576254db1afef14ecdc050391c2,20b851db79828c985958154243411278,SO52073,150,LJ-0192-S,3,150,0b80ce5eab877cae9997209e0bee6e60
12247,73b2264d673ee7b5b2e7e165020516ac,4ceff7612cfa4420892fe23b23ca9265,SO57371,2,PK-7098,1,2,8d71482745a6a1be4fbbc5562ade4657
12247,73b2264d673ee7b5b2e7e165020516ac,4ceff7612cfa4420892fe23b23ca9265,SO57371,25,TI-M267,1,25,8d71482745a6a1be4fbbc5562ade4657
12248,5fe94fb0f4dba39b9df91e97622d2ec2,3a5d59e0d6a1a261f70c276f78a569eb,SO46472,3400,BK-M82S-38,1,3400,8a5d7ee8a6750efd5364f3ccd8e7ea1b
12248,9913e55755fcc4267a06c1e6adbbc7fb,4a70a3ec50fd16032883bf6fc79c55dd,SO61909,540,BK-M18B-48,1,540,d53f9d33cac0a297449a74a10d031570
12249,705fa39ab40831529471c768490339ab,63efdd3324df66c9965bd622cdebe06a,SO68813,105,HL-U509-B,3,105,4584ca349e0920f4436a3c2f36158b85
12249,705fa39ab40831529471c768490339ab,63efdd3324df66c9965bd622cdebe06a,SO68813,25,TI-M267,1,25,4584ca349e0920f4436a3c2f36158b85
12249,705fa39ab40831529471c768490339ab,63efdd3324df66c9965bd622cdebe06a,SO68813,5,TT-M928,1,5,4584ca349e0920f4436a3c2f36158b85
12249,d6ab5a0eee939524352092b964d92b84,106dfbaf552c07a1b08d065f2c343982,SO55185,150,LJ-0192-M,3,150,3c4bf68562424c26986beae6ce13704a
12250,0a2fc1bbcd813bb0c58bfba89e3844f8,62876ffab17a368f47277b256f840157,SO46448,3400,BK-M82S-38,1,3400,dee9eae0b6c5fbb75435e16238307e35
12250,9913e55755fcc4267a06c1e6adbbc7fb,4a70a3ec50fd16032883bf6fc79c55dd,SO61910,565,BK-M18S-52,1,565,d53f9d33cac0a297449a74a10d031570
12251,8a5d7ee8a6750efd5364f3ccd8e7ea1b,79aec4feadc6bb77df978e9aecbf488e,SO46435,3375,BK-M82B-38,1,3375,f2a989663bc8d65aa827c90de8522a12
12251,95103530881768b5cfc7e33970db9cd7,2ed3972e38245b633ec6b146c2970148,SO62458,10,BC-M005,1,10,305c66634c155cab2b5cc3ce00351eb1
12251,95103530881768b5cfc7e33970db9cd7,2ed3972e38245b633ec6b146c2970148,SO62458,540,BK-M18B-44,1,540,305c66634c155cab2b5cc3ce00351eb1
12252,9168e86a755a5c41b2494b0599f3c88a,3231874380fe0ddd5531449efe325585,SO46584,3375,BK-M82B-38,1,3375,59e3b2198b06015c3db5bbabfa658d5a
12252,f46ace11e93788e473124f7be16a19d5,5c741aa8e0753be65314a304e7b39c14,SO62807,10,BC-M005,1,10,4555f65c4664801d78b9f5477f89d8fd
12252,f46ace11e93788e473124f7be16a19d5,5c741aa8e0753be65314a304e7b39c14,SO62807,540,BK-M18B-44,1,540,4555f65c4664801d78b9f5477f89d8fd
12252,f46ace11e93788e473124f7be16a19d5,5c741aa8e0753be65314a304e7b39c14,SO62807,27,CA-1098,3,27,4555f65c4664801d78b9f5477f89d8fd
12252,f46ace11e93788e473124f7be16a19d5,5c741aa8e0753be65314a304e7b39c14,SO62807,5,WB-H098,1,5,4555f65c4664801d78b9f5477f89d8fd
12253,4de859c864889d3c068280a6c1c3328c,7c3142db91e31857b37800499bf69b43,SO46526,3400,BK-M82S-48,1,3400,3231874380fe0ddd5531449efe325585
12253,db2f6a564b6f5f41253c68874b50962b,76918877cf6ce7011018cd9708723392,SO62276,565,BK-M18S-44,1,565,606ed413481267c98754e3351f662859
12253,db2f6a564b6f5f41253c68874b50962b,76918877cf6ce7011018cd9708723392,SO62276,22,FE-6654,1,22,606ed413481267c98754e3351f662859
12253,db2f6a564b6f5f41253c68874b50962b,76918877cf6ce7011018cd9708723392,SO62276,150,LJ-0192-X,3,150,606ed413481267c98754e3351f662859
12253,db2f6a564b6f5f41253c68874b50962b,76918877cf6ce7011018cd9708723392,SO62276,25,TI-M267,1,25,606ed413481267c98754e3351f662859
12253,db2f6a564b6f5f41253c68874b50962b,76918877cf6ce7011018cd9708723392,SO62276,5,TT-M928,1,5,606ed413481267c98754e3351f662859
12254,3b1c887bb1207e2d1f3db508935b9a03,0f3e3e16d175d3da9e3d2ab5f42e2a8d,SO44201,3578,BK-R93R-52,1,3578,d65fe2f8a3307343bdecec12e6ef15b0
12254,ba19c22033aaecc6c5dad47f63e5858c,8dd08d219271ec96c543f486de430703,SO63015,10,BC-M005,1,10,16918840d98f27ce45948fe73dd5592f
12254,ba19c22033aaecc6c5dad47f63e5858c,8dd08d219271ec96c543f486de430703,SO63015,4590,BK-M68B-38,2,4590,16918840d98f27ce45948fe73dd5592f
12254,ba19c22033aaecc6c5dad47f63e5858c,8dd08d219271ec96c543f486de430703,SO63015,105,HL-U509-B,3,105,16918840d98f27ce45948fe73dd5592f
12254,ba19c22033aaecc6c5dad47f63e5858c,8dd08d219271ec96c543f486de430703,SO63015,150,LJ-0192-S,3,150,16918840d98f27ce45948fe73dd5592f
12255,12e0e6d801bd9b913826b796045098f0,0a6897e1c1e03291162006eaf64d9e6d,SO44226,3578,BK-R93R-52,1,3578,3b1c887bb1207e2d1f3db508935b9a03
12255,4555f65c4664801d78b9f5477f89d8fd,7ee641303ef8d8b10d0ed00a060c73cc,SO62480,10,BC-M005,1,10,94c60e0b5e2b0f78b919a5d4c67d70a2
12255,4555f65c4664801d78b9f5477f89d8fd,7ee641303ef8d8b10d0ed00a060c73cc,SO62480,4590,BK-M68B-42,2,4590,94c60e0b5e2b0f78b919a5d4c67d70a2
12256,94b225b5b1f09ecd5e8ecdfb681ff04c,03bf7d2a8718ee9aca4bd2f37e962fc4,SO64311,4640,BK-M68S-42,2,4640,61e00b038efd34bdf9c747596273cbcf
12256,94b225b5b1f09ecd5e8ecdfb681ff04c,03bf7d2a8718ee9aca4bd2f37e962fc4,SO64311,55,HY-1023-70,1,55,61e00b038efd34bdf9c747596273cbcf
12256,9f8987003453fd37ae135a87e6b756b8,3a0c86e2d3f9856bab812272b3f829ab,SO44272,3578,BK-R93R-44,1,3578,45c68ffa2dc409a0196eea5fff3994d1
12257,b2ce0ef2540789e8a6976165b6c917d8,128ee9ff420de424a605a0ee4a6f7916,SO72394,150,LJ-0192-X,3,150,dcf73f840a50da0145f24e8e0169dc4b
12258,702a02712215141594ddf8e52b0a651c,cd15e5f80ff20dd345bfaa51400dd0d6,SO67542,150,LJ-0192-L,3,150,caa707f97407c07371136aaf471a91d4
12259,348f48807f500aeac729fb17d9bc97f1,5072507e949a2c25948a591c4da194e1,SO60490,27,CA-1098,3,27,f108e0cd2f96a0c22086f9d45ee08f19
12259,348f48807f500aeac729fb17d9bc97f1,5072507e949a2c25948a591c4da194e1,SO60490,150,LJ-0192-L,3,150,f108e0cd2f96a0c22086f9d45ee08f19
12259,9223b53f03a405f817e91392f0294f6a,3e07f09fb2edbdf0bf6a54c17634514b,SO53813,2,PK-7098,1,2,14e4b13c27fb9bce9938ce35b6597eca
12259,9223b53f03a405f817e91392f0294f6a,3e07f09fb2edbdf0bf6a54c17634514b,SO53813,21,TI-R092,1,21,14e4b13c27fb9bce9938ce35b6597eca
12259,9223b53f03a405f817e91392f0294f6a,3e07f09fb2edbdf0bf6a54c17634514b,SO53813,4,TT-R982,1,4,14e4b13c27fb9bce9938ce35b6597eca
12260,ad4fbe0c82c7e5968d4cf22c2ad19e28,72e75576254db1afef14ecdc050391c2,SO52705,2,PK-7098,1,2,f5933feadc49c253e4f0e77b236946e9
12260,ad4fbe0c82c7e5968d4cf22c2ad19e28,72e75576254db1afef14ecdc050391c2,SO52705,159,ST-1401,1,159,f5933feadc49c253e4f0e77b236946e9
12260,ad4fbe0c82c7e5968d4cf22c2ad19e28,72e75576254db1afef14ecdc050391c2,SO52705,21,TI-R092,1,21,f5933feadc49c253e4f0e77b236946e9
12260,ba19c22033aaecc6c5dad47f63e5858c,8dd08d219271ec96c543f486de430703,SO63041,27,CA-1098,3,27,16918840d98f27ce45948fe73dd5592f
12260,ba19c22033aaecc6c5dad47f63e5858c,8dd08d219271ec96c543f486de430703,SO63041,150,LJ-0192-L,3,150,16918840d98f27ce45948fe73dd5592f
12261,4eec6eda382b9c44e240ad4b4b5e9cc0,f75e5f8c15ca91ec5c869dc3881f574f,SO64692,4640,BK-M68S-38,2,4640,94b225b5b1f09ecd5e8ecdfb681ff04c
12261,4eec6eda382b9c44e240ad4b4b5e9cc0,f75e5f8c15ca91ec5c869dc3881f574f,SO64692,105,HL-U509-B,3,105,94b225b5b1f09ecd5e8ecdfb681ff04c
12261,4eec6eda382b9c44e240ad4b4b5e9cc0,f75e5f8c15ca91ec5c869dc3881f574f,SO64692,35,TI-M823,1,35,94b225b5b1f09ecd5e8ecdfb681ff04c
12261,4eec6eda382b9c44e240ad4b4b5e9cc0,f75e5f8c15ca91ec5c869dc3881f574f,SO64692,5,TT-M928,1,5,94b225b5b1f09ecd5e8ecdfb681ff04c
12261,8c92537f80bd1503ecbc8b76072cc053,21a8a8728571572bbc42a5a3bdaf9f1c,SO44440,3578,BK-R93R-48,1,3578,0b2687a4d54329af7fc2df3d9ee1a02b
12262,3c8e2c51453f4d665f1050da871dead6,1f50dad3f1493a5cf408c4eb3987479e,SO55436,27,CA-1098,3,27,d34ba8f5d7fd7d5959a34c283fbec422
12262,3c8e2c51453f4d665f1050da871dead6,1f50dad3f1493a5cf408c4eb3987479e,SO55436,150,LJ-0192-L,3,150,d34ba8f5d7fd7d5959a34c283fbec422
12262,40e7dd73b09eac540e790daf6fac41af,14e4b13c27fb9bce9938ce35b6597eca,SO54166,105,HL-U509-B,3,105,3f20f21c57e09a6c071e44d1fe74b58a
12262,40e7dd73b09eac540e790daf6fac41af,14e4b13c27fb9bce9938ce35b6597eca,SO54166,21,TI-R092,1,21,3f20f21c57e09a6c071e44d1fe74b58a
12262,40e7dd73b09eac540e790daf6fac41af,14e4b13c27fb9bce9938ce35b6597eca,SO54166,4,TT-R982,1,4,3f20f21c57e09a6c071e44d1fe74b58a
12263,29811b471c7da705b519bb457273565b,f7004f672150f926791b3547ca9837cb,SO47648,4142,BK-M68S-46,2,4142,51f131f5e73d6582c708dee703ea6d09
12263,d7f57f35d2bad1349ca24a67a2635eea,5432d51ee94799c0125bb158c8a8bd22,SO74092,9,BC-R205,1,9,1ba7e8cdf85da6cf5e11554703236b52
12263,d7f57f35d2bad1349ca24a67a2635eea,5432d51ee94799c0125bb158c8a8bd22,SO74092,2384,BK-T79U-54,1,2384,1ba7e8cdf85da6cf5e11554703236b52
12263,d7f57f35d2bad1349ca24a67a2635eea,5432d51ee94799c0125bb158c8a8bd22,SO74092,105,HL-U509-B,3,105,1ba7e8cdf85da6cf5e11554703236b52
12263,d7f57f35d2bad1349ca24a67a2635eea,5432d51ee94799c0125bb158c8a8bd22,SO74092,5,WB-H098,1,5,1ba7e8cdf85da6cf5e11554703236b52
12263,debbb2493c6588799fc787e1854bcda5,40883861f6e25a2e09e848a7891f4f38,SO58071,4590,BK-M68B-42,2,4590,0814775cfc25da756a9b4197347ab771
12263,debbb2493c6588799fc787e1854bcda5,40883861f6e25a2e09e848a7891f4f38,SO58071,8,CL-9009,1,8,0814775cfc25da756a9b4197347ab771
12263,debbb2493c6588799fc787e1854bcda5,40883861f6e25a2e09e848a7891f4f38,SO58071,22,FE-6654,1,22,0814775cfc25da756a9b4197347ab771
12264,478ecc8cdaa127c33884d9f6c72c2cd5,3fbd0407b55d3a3da21388a2ddbf881c,SO58588,10,BC-M005,1,10,174acf6ca4e9804d47a59a499422e621
12264,478ecc8cdaa127c33884d9f6c72c2cd5,3fbd0407b55d3a3da21388a2ddbf881c,SO58588,4640,BK-M68S-46,2,4640,174acf6ca4e9804d47a59a499422e621
12264,478ecc8cdaa127c33884d9f6c72c2cd5,3fbd0407b55d3a3da21388a2ddbf881c,SO58588,105,HL-U509,3,105,174acf6ca4e9804d47a59a499422e621
12264,478ecc8cdaa127c33884d9f6c72c2cd5,3fbd0407b55d3a3da21388a2ddbf881c,SO58588,5,WB-H098,1,5,174acf6ca4e9804d47a59a499422e621
12264,9aa1878029541c8ed2422b8b536e6b87,e65d2014d1516aff07ce4e23e98e0e1b,SO47799,4098,BK-M68B-42,2,4098,97a385eedf715bd7450079b92de22ba2
12264,a7cb0a760406e2013c8442a429fed0ae,07713adfd12a8cd9d376671631f3bc02,SO51477,1215,BK-T44U-60,1,1215,bc58efba5e800fb688b34bfde89c24bf
12264,a7cb0a760406e2013c8442a429fed0ae,07713adfd12a8cd9d376671631f3bc02,SO51477,29,TI-T723,1,29,bc58efba5e800fb688b34bfde89c24bf
12265,4b5c3229e0725ef8d303f494db9faec8,f46ace11e93788e473124f7be16a19d5,SO63704,4640,BK-M68S-46,2,4640,0149f124a48640c62d90840ac5760331
12265,4b5c3229e0725ef8d303f494db9faec8,f46ace11e93788e473124f7be16a19d5,SO63704,27,CA-1098,3,27,0149f124a48640c62d90840ac5760331
12265,4b5c3229e0725ef8d303f494db9faec8,f46ace11e93788e473124f7be16a19d5,SO63704,22,FE-6654,1,22,0149f124a48640c62d90840ac5760331
12265,4b5c3229e0725ef8d303f494db9faec8,f46ace11e93788e473124f7be16a19d5,SO63704,105,HL-U509-B,3,105,0149f124a48640c62d90840ac5760331
12265,d6b9b03542074ed6fb3d7591d5f55f01,ad2d8c85f4c05bcb0bd6f990bd634d72,SO44447,3578,BK-R93R-48,1,3578,f3743b367906f6735a01aa72d2cf8a5e
12266,412998e77ee121227580e3d363f75fa2,df595e3c678d4fae23ce174fe747165e,SO59833,4590,BK-M68B-42,2,4590,254d832c83ccdb2c33eab65a4fd196ff
12266,412998e77ee121227580e3d363f75fa2,df595e3c678d4fae23ce174fe747165e,SO59833,105,HL-U509,3,105,254d832c83ccdb2c33eab65a4fd196ff
12266,d842148982d8efbc5cc6f26b41cc7251,0c0fda0e7ef55245aa19e42bf9928281,SO48592,4142,BK-M68S-42,2,4142,5acc3f37654c9c360551251e81e6001c
12267,8f2099f692279474c5211078c1fbcbe0,3e7e739b92f7b3f5bba0229477027dc2,SO44324,3578,BK-R93R-44,1,3578,6f876727a6ca9c8f7a1e0ab845d1df49
12267,94b225b5b1f09ecd5e8ecdfb681ff04c,03bf7d2a8718ee9aca4bd2f37e962fc4,SO64310,4590,BK-M68B-38,2,4590,61e00b038efd34bdf9c747596273cbcf
12268,089c2a426c196c5ca5facb20896c90bb,bc761b2b7297029a695fbd6dd0470724,SO56310,150,LJ-0192-X,3,150,55f9f4cb5784581a517e59904e0d5e2f
12269,0383d48e76cd8a3dfb9e2a890f2cac18,d6fb379288416774d139632beb88e26b,SO61004,27,CA-1098,3,27,883b9b4170853b321c03290f64ba199f
12269,0383d48e76cd8a3dfb9e2a890f2cac18,d6fb379288416774d139632beb88e26b,SO61004,105,HL-U509,3,105,883b9b4170853b321c03290f64ba199f
12270,641f75927019dae5752cf63866b6ddca,5acc3f37654c9c360551251e81e6001c,SO48671,4098,BK-M68B-42,2,4098,dc4e871b1fb11890821e8f8192f25df1
12270,9913e55755fcc4267a06c1e6adbbc7fb,4a70a3ec50fd16032883bf6fc79c55dd,SO61862,4640,BK-M68S-42,2,4640,d53f9d33cac0a297449a74a10d031570
12270,9913e55755fcc4267a06c1e6adbbc7fb,4a70a3ec50fd16032883bf6fc79c55dd,SO61862,22,FE-6654,1,22,d53f9d33cac0a297449a74a10d031570
12270,9913e55755fcc4267a06c1e6adbbc7fb,4a70a3ec50fd16032883bf6fc79c55dd,SO61862,64,VE-C304-S,1,64,d53f9d33cac0a297449a74a10d031570
12271,31fe4966a778432b46c41b3ae4fc9171,de0ec1db92da84eb75354f77c92b4831,SO47811,4142,BK-M68S-38,2,4142,b9e08b025ef074f1404952480e6fa92a
12271,4dbf892d41ae205f6e36838031cff786,de22d232bbe84481579f6252f1e7091d,SO58194,10,BC-M005,1,10,3fbd0407b55d3a3da21388a2ddbf881c
12271,4dbf892d41ae205f6e36838031cff786,de22d232bbe84481579f6252f1e7091d,SO58194,4640,BK-M68S-38,2,4640,3fbd0407b55d3a3da21388a2ddbf881c
12271,4dbf892d41ae205f6e36838031cff786,de22d232bbe84481579f6252f1e7091d,SO58194,8,CL-9009,1,8,3fbd0407b55d3a3da21388a2ddbf881c
12271,4dbf892d41ae205f6e36838031cff786,de22d232bbe84481579f6252f1e7091d,SO58194,5,WB-H098,1,5,3fbd0407b55d3a3da21388a2ddbf881c
12271,4ef92eb2724526d42848579d94bf7748,6ccfb4540d439b07eef79e9ec663aeee,SO51261,1215,BK-T44U-50,1,1215,4c198b2e79c53a9853bfbc76e8e8ae1e
12271,4ef92eb2724526d42848579d94bf7748,6ccfb4540d439b07eef79e9ec663aeee,SO51261,54,SJ-0194-S,1,54,4c198b2e79c53a9853bfbc76e8e8ae1e
12272,0b80ce5eab877cae9997209e0bee6e60,a7cb0a760406e2013c8442a429fed0ae,SO51681,9,BC-R205,1,9,70ad7386c1fe794c57fa3908ff22435d
12272,0b80ce5eab877cae9997209e0bee6e60,a7cb0a760406e2013c8442a429fed0ae,SO51681,742,BK-T18U-54,1,742,70ad7386c1fe794c57fa3908ff22435d
12272,39fe373cdcb4534addde73890415b660,41fc4cb27e0ee552c4c9247e1a476cc5,SO55869,4590,BK-M68B-42,2,4590,3519c8eb4095dbc69d80eb61856d3435
12272,39fe373cdcb4534addde73890415b660,41fc4cb27e0ee552c4c9247e1a476cc5,SO55869,22,FE-6654,1,22,3519c8eb4095dbc69d80eb61856d3435
12272,427e6053bc13a556e37f64ff8e1619fb,7b70c83cb5595922297dfb93de1549d3,SO47756,4142,BK-M68S-42,2,4142,29811b471c7da705b519bb457273565b
12273,0149f124a48640c62d90840ac5760331,4555f65c4664801d78b9f5477f89d8fd,SO63402,150,LJ-0192-X,3,150,870bd4f3713260418e4f342f31dc7e33
12274,c7390752782466cfc9a3ed7d3a79e046,0001ffe4d82d0d8f9fec5ab0b4faa2db,SO67938,105,HL-U509-B,3,105,16e364d19895243407b256ec272d5394
12275,7130adfd843cdcb6d0bcd9d13792693a,d1024973c3d10f08cb9fa1736e6ed8b7,SO63069,10,BC-M005,1,10,f46ace11e93788e473124f7be16a19d5
12275,7130adfd843cdcb6d0bcd9d13792693a,d1024973c3d10f08cb9fa1736e6ed8b7,SO63069,4590,BK-M68B-42,2,4590,f46ace11e93788e473124f7be16a19d5
12275,7130adfd843cdcb6d0bcd9d13792693a,d1024973c3d10f08cb9fa1736e6ed8b7,SO63069,54,SJ-0194-S,1,54,f46ace11e93788e473124f7be16a19d5
12275,7130adfd843cdcb6d0bcd9d13792693a,d1024973c3d10f08cb9fa1736e6ed8b7,SO63069,5,WB-H098,1,5,f46ace11e93788e473124f7be16a19d5
12275,cfa82f31e4639f537cf9d0fe9050f93b,782652638a2153c2b28e4a4522354d0f,SO48920,4142,BK-M68S-42,2,4142,8b4b8fc84396c30bd5bacc7370e1491c
12276,6c1f25b149f7224c4de256ef6e37c951,4d547de074f47405ab655adca639c8c2,SO48804,4142,BK-M68S-46,2,4142,e41e8ee2e2795c7c1363a9f5054d57d7
12276,db2f6a564b6f5f41253c68874b50962b,76918877cf6ce7011018cd9708723392,SO62243,10,BC-M005,1,10,606ed413481267c98754e3351f662859
12276,db2f6a564b6f5f41253c68874b50962b,76918877cf6ce7011018cd9708723392,SO62243,4590,BK-M68B-38,2,4590,606ed413481267c98754e3351f662859
12276,db2f6a564b6f5f41253c68874b50962b,76918877cf6ce7011018cd9708723392,SO62243,105,HL-U509,3,105,606ed413481267c98754e3351f662859
12276,db2f6a564b6f5f41253c68874b50962b,76918877cf6ce7011018cd9708723392,SO62243,5,WB-H098,1,5,606ed413481267c98754e3351f662859
12277,072bf847aeeee970f66483e596496cd9,cfceb7490eff6e660974507be7c579c6,SO52669,9,BC-R205,1,9,dca79d69a6b38e95c4b03bfab997796c
12277,072bf847aeeee970f66483e596496cd9,cfceb7490eff6e660974507be7c579c6,SO52669,1215,BK-T44U-46,1,1215,dca79d69a6b38e95c4b03bfab997796c
12277,072bf847aeeee970f66483e596496cd9,cfceb7490eff6e660974507be7c579c6,SO52669,27,CA-1098,3,27,dca79d69a6b38e95c4b03bfab997796c
12277,072bf847aeeee970f66483e596496cd9,cfceb7490eff6e660974507be7c579c6,SO52669,5,WB-H098,1,5,dca79d69a6b38e95c4b03bfab997796c
12277,478ecc8cdaa127c33884d9f6c72c2cd5,3fbd0407b55d3a3da21388a2ddbf881c,SO58586,4640,BK-M68S-46,2,4640,174acf6ca4e9804d47a59a499422e621
12277,478ecc8cdaa127c33884d9f6c72c2cd5,3fbd0407b55d3a3da21388a2ddbf881c,SO58586,2,PK-7098,1,2,174acf6ca4e9804d47a59a499422e621
12277,478ecc8cdaa127c33884d9f6c72c2cd5,3fbd0407b55d3a3da21388a2ddbf881c,SO58586,35,TI-M823,1,35,174acf6ca4e9804d47a59a499422e621
12277,6222fb05a8551828f3607e483b652095,427e6053bc13a556e37f64ff8e1619fb,SO47837,4142,BK-M68S-46,2,4142,13554fafffaf23d93f17c1b353041e27
12278,883b9b4170853b321c03290f64ba199f,412998e77ee121227580e3d363f75fa2,SO60678,150,LJ-0192-M,3,150,af1457846a79173ef71dd9d5dd69805a
12279,8c4ac29dd41a3906a2513ceafeeb285c,9013568230949755036a389cb908cfb4,SO44644,3578,BK-R93R-44,1,3578,13cf8e3f6f70d6ec53d1bddcf2753024
12279,abe94c2111c58e9c9672602d41bce66e,0149f124a48640c62d90840ac5760331,SO64127,4640,BK-M68S-46,2,4640,99b7e934795a93975a5e0c0b9b57d9ba
12279,abe94c2111c58e9c9672602d41bce66e,0149f124a48640c62d90840ac5760331,SO64127,22,FE-6654,1,22,99b7e934795a93975a5e0c0b9b57d9ba
12279,abe94c2111c58e9c9672602d41bce66e,0149f124a48640c62d90840ac5760331,SO64127,54,SJ-0194-X,1,54,99b7e934795a93975a5e0c0b9b57d9ba
12280,8c4ac29dd41a3906a2513ceafeeb285c,9013568230949755036a389cb908cfb4,SO44643,3578,BK-R93R-56,1,3578,13cf8e3f6f70d6ec53d1bddcf2753024
12280,abe94c2111c58e9c9672602d41bce66e,0149f124a48640c62d90840ac5760331,SO64129,10,BC-M005,1,10,99b7e934795a93975a5e0c0b9b57d9ba
12280,abe94c2111c58e9c9672602d41bce66e,0149f124a48640c62d90840ac5760331,SO64129,4590,BK-M68B-46,2,4590,99b7e934795a93975a5e0c0b9b57d9ba
12280,abe94c2111c58e9c9672602d41bce66e,0149f124a48640c62d90840ac5760331,SO64129,105,HL-U509-B,3,105,99b7e934795a93975a5e0c0b9b57d9ba
12280,abe94c2111c58e9c9672602d41bce66e,0149f124a48640c62d90840ac5760331,SO64129,5,WB-H098,1,5,99b7e934795a93975a5e0c0b9b57d9ba
12281,0b80ce5eab877cae9997209e0bee6e60,a7cb0a760406e2013c8442a429fed0ae,SO51680,742,BK-T18U-44,1,742,70ad7386c1fe794c57fa3908ff22435d
12281,0b80ce5eab877cae9997209e0bee6e60,a7cb0a760406e2013c8442a429fed0ae,SO51680,105,HL-U509-R,3,105,70ad7386c1fe794c57fa3908ff22435d
12281,3519c8eb4095dbc69d80eb61856d3435,6e5c4b769f8f70f9fd01b24ba5be9695,SO55556,10,BC-M005,1,10,d6ab5a0eee939524352092b964d92b84
12281,3519c8eb4095dbc69d80eb61856d3435,6e5c4b769f8f70f9fd01b24ba5be9695,SO55556,4640,BK-M68S-46,2,4640,d6ab5a0eee939524352092b964d92b84
12281,3519c8eb4095dbc69d80eb61856d3435,6e5c4b769f8f70f9fd01b24ba5be9695,SO55556,8,CL-9009,1,8,d6ab5a0eee939524352092b964d92b84
12281,3519c8eb4095dbc69d80eb61856d3435,6e5c4b769f8f70f9fd01b24ba5be9695,SO55556,5,WB-H098,1,5,d6ab5a0eee939524352092b964d92b84
12281,5215922a2b5965ae6b1b4f89ed711e40,336a679e4b20d70ee4a230ccc5fd12f7,SO47831,4098,BK-M68B-46,2,4098,e84927d3e6cb5062480084b8208ad296
12282,524fe547a612733b95c353e432357926,0901723b6b14e1720aa78a72eedad5f3,SO47920,4098,BK-M68B-38,2,4098,cef496a29639a0ba3d5ad94ef759770a
12282,a9cefc49af6424b430612adfc69876ee,d34ba8f5d7fd7d5959a34c283fbec422,SO55813,4640,BK-M68S-38,2,4640,59c3d64cb01cd5ad7fd25246d81a55ff
12282,d3c54b4368c62c2ff11535bf2b677170,41464bd548f06ca845208f69df30ac82,SO54359,742,BK-T18Y-44,1,742,da9c4ba6c9a1ae8725389bfd38b5763a
12283,0814775cfc25da756a9b4197347ab771,d76e0ba1fa041675ae9af958c5b41ae4,SO57790,10,BC-M005,1,10,de22d232bbe84481579f6252f1e7091d
12283,0814775cfc25da756a9b4197347ab771,d76e0ba1fa041675ae9af958c5b41ae4,SO57790,4590,BK-M68B-38,2,4590,de22d232bbe84481579f6252f1e7091d
12283,0814775cfc25da756a9b4197347ab771,d76e0ba1fa041675ae9af958c5b41ae4,SO57790,5,WB-H098,1,5,de22d232bbe84481579f6252f1e7091d
12283,5e9b4970006d8f02ba0bc1763fa8b9a6,b2e85aa5f9c095607e638c7e6e2c694b,SO51960,1215,BK-T44U-46,1,1215,ca510b577b53d588f80b4fc76030ea52
12283,5e9b4970006d8f02ba0bc1763fa8b9a6,b2e85aa5f9c095607e638c7e6e2c694b,SO51960,27,CA-1098,3,27,ca510b577b53d588f80b4fc76030ea52
12283,de0ec1db92da84eb75354f77c92b4831,83fd58ad8dee673cf915b18f70b86416,SO47731,4098,BK-M68B-46,2,4098,34fbf2f6480a253f5b18c3295860e4ca
12284,244cede513841376c37dc856f2f5e7b9,5e1b952a22eccca86f7f056a9efb42a4,SO58353,4590,BK-M68B-42,2,4590,debbb2493c6588799fc787e1854bcda5
12284,244cede513841376c37dc856f2f5e7b9,5e1b952a22eccca86f7f056a9efb42a4,SO58353,35,TI-M823,1,35,debbb2493c6588799fc787e1854bcda5
12284,ab2e81a99745ffff6c06e2be93290d1b,76e3c19dbb0dadc4c6dc771d856e4676,SO54134,1215,BK-T44U-46,1,1215,1685ca8ff12ea83725a1c35e1d89c5cd
12284,ab2e81a99745ffff6c06e2be93290d1b,76e3c19dbb0dadc4c6dc771d856e4676,SO54134,27,CA-1098,3,27,1685ca8ff12ea83725a1c35e1d89c5cd
12284,b9e08b025ef074f1404952480e6fa92a,34fbf2f6480a253f5b18c3295860e4ca,SO47778,4142,BK-M68S-42,2,4142,336a679e4b20d70ee4a230ccc5fd12f7
12285,8b9fe4b34e3c54f08bfcac3d9691e260,a946e75bc65318721cd1e01162d392dd,SO64186,4640,BK-M68S-46,2,4640,f75e5f8c15ca91ec5c869dc3881f574f
12285,8b9fe4b34e3c54f08bfcac3d9691e260,a946e75bc65318721cd1e01162d392dd,SO64186,105,HL-U509-R,3,105,f75e5f8c15ca91ec5c869dc3881f574f
12285,8b9fe4b34e3c54f08bfcac3d9691e260,a946e75bc65318721cd1e01162d392dd,SO64186,35,TI-M823,1,35,f75e5f8c15ca91ec5c869dc3881f574f
12285,eb9a0a2ad203891ee4419d823051a34b,af72a655addfd9c5fe31f98036f50911,SO44734,3578,BK-R93R-52,1,3578,05e9b1aef79ffc1802e11be68f5d1062
12286,c82e990b1e68272a09ad5b81d90292bc,bdeaa4898e182be99121455d5c86cce1,SO48185,4098,BK-M68B-42,2,4098,f8018ae891e33dd2bfe3e20469c0de8f
12286,dba3e44e23a1d2c2f299811e94db7fce,51c449e55b4a63a16fb45beb689150d5,SO54300,9,BC-R205,1,9,226d694fb4b7f71d62444f9528be8704
12286,dba3e44e23a1d2c2f299811e94db7fce,51c449e55b4a63a16fb45beb689150d5,SO54300,742,BK-T18Y-54,1,742,226d694fb4b7f71d62444f9528be8704
12286,dba3e44e23a1d2c2f299811e94db7fce,51c449e55b4a63a16fb45beb689150d5,SO54300,27,CA-1098,3,27,226d694fb4b7f71d62444f9528be8704
12286,dba3e44e23a1d2c2f299811e94db7fce,51c449e55b4a63a16fb45beb689150d5,SO54300,105,HL-U509-R,3,105,226d694fb4b7f71d62444f9528be8704
12286,dba3e44e23a1d2c2f299811e94db7fce,51c449e55b4a63a16fb45beb689150d5,SO54300,5,WB-H098,1,5,226d694fb4b7f71d62444f9528be8704
12286,fda052162862bb845297063fd71a580c,1678083e7ff90bd404baad3f60bffa37,SO56378,4640,BK-M68S-38,2,4640,a2c49941411089cb2a9cbf78cb803c26
12286,fda052162862bb845297063fd71a580c,1678083e7ff90bd404baad3f60bffa37,SO56378,22,FE-6654,1,22,a2c49941411089cb2a9cbf78cb803c26
12286,fda052162862bb845297063fd71a580c,1678083e7ff90bd404baad3f60bffa37,SO56378,64,VE-C304-M,1,64,a2c49941411089cb2a9cbf78cb803c26
12287,226d694fb4b7f71d62444f9528be8704,714597fe9448176d17876617114a65bc,SO54027,9,BC-R205,1,9,9444f850ff0c10a862b4a6a9c4ab0a74
12287,226d694fb4b7f71d62444f9528be8704,714597fe9448176d17876617114a65bc,SO54027,1215,BK-T44U-60,1,1215,9444f850ff0c10a862b4a6a9c4ab0a74
12287,226d694fb4b7f71d62444f9528be8704,714597fe9448176d17876617114a65bc,SO54027,54,SJ-0194-X,1,54,9444f850ff0c10a862b4a6a9c4ab0a74
12287,226d694fb4b7f71d62444f9528be8704,714597fe9448176d17876617114a65bc,SO54027,5,WB-H098,1,5,9444f850ff0c10a862b4a6a9c4ab0a74
12287,694d75fcfc5bc50259336e29e881a36c,eef19d609e6d210600b55b2e51330be3,SO48277,4098,BK-M68B-42,2,4098,7e7a9bb13ad063eb81a70efff24ca60a
12287,a189cc17a15cdb4e39e80dfcd8374c76,b0b2c17e5682f78d8fc262463fd0a4f3,SO58641,10,BC-M005,1,10,244cede513841376c37dc856f2f5e7b9
12287,a189cc17a15cdb4e39e80dfcd8374c76,b0b2c17e5682f78d8fc262463fd0a4f3,SO58641,4590,BK-M68B-38,2,4590,244cede513841376c37dc856f2f5e7b9
12287,a189cc17a15cdb4e39e80dfcd8374c76,b0b2c17e5682f78d8fc262463fd0a4f3,SO58641,48,GL-H102-L,2,48,244cede513841376c37dc856f2f5e7b9
12287,a189cc17a15cdb4e39e80dfcd8374c76,b0b2c17e5682f78d8fc262463fd0a4f3,SO58641,54,SJ-0194-M,1,54,244cede513841376c37dc856f2f5e7b9
12287,a189cc17a15cdb4e39e80dfcd8374c76,b0b2c17e5682f78d8fc262463fd0a4f3,SO58641,5,WB-H098,1,5,244cede513841376c37dc856f2f5e7b9
12288,13b7c2277967bc61802018c764b5b2a0,9c55d6518880c1abf100a24da2546368,SO74532,27,CA-1098,3,27,0e000451f430d2e5b745a08b4ee7836c
12288,13b7c2277967bc61802018c764b5b2a0,9c55d6518880c1abf100a24da2546368,SO74532,150,LJ-0192-L,3,150,0e000451f430d2e5b745a08b4ee7836c
12288,702a02712215141594ddf8e52b0a651c,cd15e5f80ff20dd345bfaa51400dd0d6,SO67533,21,TI-R092,1,21,caa707f97407c07371136aaf471a91d4
12288,702a02712215141594ddf8e52b0a651c,cd15e5f80ff20dd345bfaa51400dd0d6,SO67533,4,TT-R982,1,4,caa707f97407c07371136aaf471a91d4
12288,702a02712215141594ddf8e52b0a651c,cd15e5f80ff20dd345bfaa51400dd0d6,SO67533,64,VE-C304-L,1,64,caa707f97407c07371136aaf471a91d4
12289,af0f2c97be3051a37eaf670bbd7408f8,efeeb9aa018e1010ee17c973765ea138,SO48212,4098,BK-M68B-46,2,4098,b34e643874d56f7909d7abbfa923fb5a
12289,bc761b2b7297029a695fbd6dd0470724,fef3080ec197edd1a04bb18afd31d16d,SO55663,9,BC-R205,1,9,9b6872ca1d80024637e967d1066bba0a
12289,bc761b2b7297029a695fbd6dd0470724,fef3080ec197edd1a04bb18afd31d16d,SO55663,1215,BK-T44U-54,1,1215,9b6872ca1d80024637e967d1066bba0a
12289,bc761b2b7297029a695fbd6dd0470724,fef3080ec197edd1a04bb18afd31d16d,SO55663,8,CL-9009,1,8,9b6872ca1d80024637e967d1066bba0a
12289,bc761b2b7297029a695fbd6dd0470724,fef3080ec197edd1a04bb18afd31d16d,SO55663,5,WB-H098,1,5,9b6872ca1d80024637e967d1066bba0a
12289,d630b2db6e8046e30b4728ca862ba4e1,02ad1a5ca18e58629b8c1d6a6401d071,SO58415,4640,BK-M68S-38,2,4640,07b31bae17c7890b17d79a654aa230cf
12289,d630b2db6e8046e30b4728ca862ba4e1,02ad1a5ca18e58629b8c1d6a6401d071,SO58415,35,TI-M823,1,35,07b31bae17c7890b17d79a654aa230cf
12289,d630b2db6e8046e30b4728ca862ba4e1,02ad1a5ca18e58629b8c1d6a6401d071,SO58415,5,TT-M928,1,5,07b31bae17c7890b17d79a654aa230cf
12290,03bf7d2a8718ee9aca4bd2f37e962fc4,290499d9b8e65db426ba9b842714eb6d,SO63560,4590,BK-M68B-42,2,4590,7130adfd843cdcb6d0bcd9d13792693a
12290,53618552e03277ca126adf3489447f11,3a863c1566a0017156508557cf038c56,SO44597,3578,BK-R93R-62,1,3578,9013568230949755036a389cb908cfb4
12291,41464bd548f06ca845208f69df30ac82,15aceb75d86814cb479f1b1a9487c3d4,SO53663,10,BC-M005,1,10,3e48b2167bd86ef570e46d0b286c4f74
12291,41464bd548f06ca845208f69df30ac82,15aceb75d86814cb479f1b1a9487c3d4,SO53663,4640,BK-M68S-46,2,4640,3e48b2167bd86ef570e46d0b286c4f74
12291,41464bd548f06ca845208f69df30ac82,15aceb75d86814cb479f1b1a9487c3d4,SO53663,105,HL-U509-R,3,105,3e48b2167bd86ef570e46d0b286c4f74
12291,41464bd548f06ca845208f69df30ac82,15aceb75d86814cb479f1b1a9487c3d4,SO53663,150,LJ-0192-X,3,150,3e48b2167bd86ef570e46d0b286c4f74
12291,41464bd548f06ca845208f69df30ac82,15aceb75d86814cb479f1b1a9487c3d4,SO53663,9,SO-R809-M,1,9,3e48b2167bd86ef570e46d0b286c4f74
12291,41464bd548f06ca845208f69df30ac82,15aceb75d86814cb479f1b1a9487c3d4,SO53663,5,WB-H098,1,5,3e48b2167bd86ef570e46d0b286c4f74
12291,8f472ffe3ff3109f420ae91355ff8f3f,e0cd1349b4c6e1b5f14ed427e358c2d0,SO71191,2384,BK-T79U-54,1,2384,8fa3bab223bec6501ad71f96bb1067b6
12291,8f472ffe3ff3109f420ae91355ff8f3f,e0cd1349b4c6e1b5f14ed427e358c2d0,SO71191,9,SO-R809-M,1,9,8fa3bab223bec6501ad71f96bb1067b6
12291,9c56075241a26f6fa77eb86b15411c6e,9444f850ff0c10a862b4a6a9c4ab0a74,SO54427,2240,BK-R64Y-44,2,2240,ab2e81a99745ffff6c06e2be93290d1b
12291,9c56075241a26f6fa77eb86b15411c6e,9444f850ff0c10a862b4a6a9c4ab0a74,SO54427,54,SJ-0194-S,1,54,ab2e81a99745ffff6c06e2be93290d1b
12291,f924afae9f4c724ae1a0a28c0959d2ed,3d2f1a711567258a8d30dab6a6dbd8f6,SO48991,4142,BK-M68S-42,2,4142,609dcf12bb3687c6856be712159d7032
12292,3f72b837978dcd042b73e7270f11a4ca,83d1ed00595e79ee5ea3797e97970fe8,SO70308,540,BK-R19B-48,1,540,99c8f306659fd98cbb9d7f03ec0c2a7a
12292,3f72b837978dcd042b73e7270f11a4ca,83d1ed00595e79ee5ea3797e97970fe8,SO70308,2,PK-7098,1,2,99c8f306659fd98cbb9d7f03ec0c2a7a
12292,3f72b837978dcd042b73e7270f11a4ca,83d1ed00595e79ee5ea3797e97970fe8,SO70308,21,TI-R092,1,21,99c8f306659fd98cbb9d7f03ec0c2a7a
12292,af0f2c97be3051a37eaf670bbd7408f8,efeeb9aa018e1010ee17c973765ea138,SO48213,4098,BK-M68B-38,2,4098,b34e643874d56f7909d7abbfa923fb5a
12292,dba3e44e23a1d2c2f299811e94db7fce,51c449e55b4a63a16fb45beb689150d5,SO54252,4590,BK-M68B-46,2,4590,226d694fb4b7f71d62444f9528be8704
12292,dba3e44e23a1d2c2f299811e94db7fce,51c449e55b4a63a16fb45beb689150d5,SO54252,120,RA-H123,1,120,226d694fb4b7f71d62444f9528be8704
12293,9e8cbc3edbb5efb3f48d6afb260e4725,174acf6ca4e9804d47a59a499422e621,SO59235,27,CA-1098,3,27,640540d73b85c3ecd2e3bf5541686e87
12293,9e8cbc3edbb5efb3f48d6afb260e4725,174acf6ca4e9804d47a59a499422e621,SO59235,54,SJ-0194-M,1,54,640540d73b85c3ecd2e3bf5541686e87
12293,ca38f30e56a72f4d0c8d2264322c5862,de5009f9bf3e9725d2381f4a5e913111,SO68182,2,PK-7098,1,2,7e15f50bd26e439e6a22f5205a8064db
12293,ca38f30e56a72f4d0c8d2264322c5862,de5009f9bf3e9725d2381f4a5e913111,SO68182,21,TI-R092,1,21,7e15f50bd26e439e6a22f5205a8064db
12294,94b225b5b1f09ecd5e8ecdfb681ff04c,03bf7d2a8718ee9aca4bd2f37e962fc4,SO64342,21,TI-R092,1,21,61e00b038efd34bdf9c747596273cbcf
12294,d630b2db6e8046e30b4728ca862ba4e1,02ad1a5ca18e58629b8c1d6a6401d071,SO58448,54,SJ-0194-L,1,54,07b31bae17c7890b17d79a654aa230cf
12295,072bf847aeeee970f66483e596496cd9,cfceb7490eff6e660974507be7c579c6,SO52643,8,CL-9009,1,8,dca79d69a6b38e95c4b03bfab997796c
12295,072bf847aeeee970f66483e596496cd9,cfceb7490eff6e660974507be7c579c6,SO52643,2,PK-7098,1,2,dca79d69a6b38e95c4b03bfab997796c
12295,072bf847aeeee970f66483e596496cd9,cfceb7490eff6e660974507be7c579c6,SO52643,30,TI-M602,1,30,dca79d69a6b38e95c4b03bfab997796c
12295,072bf847aeeee970f66483e596496cd9,cfceb7490eff6e660974507be7c579c6,SO52643,5,TT-M928,1,5,dca79d69a6b38e95c4b03bfab997796c
12295,232e830f1ac667c081eaaca23cdf9b5f,4b5c3229e0725ef8d303f494db9faec8,SO64502,150,LJ-0192-M,3,150,abe94c2111c58e9c9672602d41bce66e
12295,8d71482745a6a1be4fbbc5562ade4657,089c2a426c196c5ca5facb20896c90bb,SO56934,105,HL-U509-R,3,105,d9f7611cf8d29b48a1d3d8fddb8c5b2e
12295,8d71482745a6a1be4fbbc5562ade4657,089c2a426c196c5ca5facb20896c90bb,SO56934,5,WB-H098,1,5,d9f7611cf8d29b48a1d3d8fddb8c5b2e
12295,caa707f97407c07371136aaf471a91d4,4efe8b2ca156042f8a3d8dd6aba54520,SO67118,105,HL-U509-B,3,105,058af5b2a408d57b708367e5bf4e9d9c
12295,caa707f97407c07371136aaf471a91d4,4efe8b2ca156042f8a3d8dd6aba54520,SO67118,4,TT-R982,1,4,058af5b2a408d57b708367e5bf4e9d9c
12296,5b07cd2a9dfb9437a07ea3012d6efbb7,109423a52128e234487abcd717f01458,SO51322,4886,BK-R89B-44,2,4886,4ef92eb2724526d42848579d94bf7748
12296,5b07cd2a9dfb9437a07ea3012d6efbb7,109423a52128e234487abcd717f01458,SO51322,8,CL-9009,1,8,4ef92eb2724526d42848579d94bf7748
12296,75fe8d7dec9d2a51be64595ab37dc674,ef5bad66aa19ccfb82cacb73584b83ea,SO58543,4590,BK-M68B-42,2,4590,23f22724b430320654759f8512440ebc
12296,9223b53f03a405f817e91392f0294f6a,3e07f09fb2edbdf0bf6a54c17634514b,SO53828,9,BC-R205,1,9,14e4b13c27fb9bce9938ce35b6597eca
12296,9223b53f03a405f817e91392f0294f6a,3e07f09fb2edbdf0bf6a54c17634514b,SO53828,2384,BK-T79Y-50,1,2384,14e4b13c27fb9bce9938ce35b6597eca
12296,9223b53f03a405f817e91392f0294f6a,3e07f09fb2edbdf0bf6a54c17634514b,SO53828,105,HL-U509,3,105,14e4b13c27fb9bce9938ce35b6597eca
12296,9223b53f03a405f817e91392f0294f6a,3e07f09fb2edbdf0bf6a54c17634514b,SO53828,5,WB-H098,1,5,14e4b13c27fb9bce9938ce35b6597eca
12296,962bae2fb03296a3b9cacabfa929322c,0da2bc000f1fe4ea8746f9aea0bb5879,SO69156,9,BC-R205,1,9,c4369eefdf9bb8a3f9115e96b40aaf17
12296,962bae2fb03296a3b9cacabfa929322c,0da2bc000f1fe4ea8746f9aea0bb5879,SO69156,2384,BK-T79Y-50,1,2384,c4369eefdf9bb8a3f9115e96b40aaf17
12296,962bae2fb03296a3b9cacabfa929322c,0da2bc000f1fe4ea8746f9aea0bb5879,SO69156,27,CA-1098,3,27,c4369eefdf9bb8a3f9115e96b40aaf17
12296,962bae2fb03296a3b9cacabfa929322c,0da2bc000f1fe4ea8746f9aea0bb5879,SO69156,5,WB-H098,1,5,c4369eefdf9bb8a3f9115e96b40aaf17
12296,b81e2439358b70281e1c24b06f6b2f55,e75396bbc7d812f8ff95e651f11eefcf,SO44680,3578,BK-R93R-48,1,3578,48f5533605f0d856d47eababe46f9790
12297,c6cff482661a9daa82c86dddcf00c0e4,daac5732a7741792804c19340b534bae,SO49293,4098,BK-M68B-38,2,4098,83e4278f3d557c0bd5784b2bc83d617c
12297,cae5717327bee7d74e261c550aa5081f,18025e6a8791d350428f65c0783ebd99,SO56694,10,BC-M005,1,10,ed268f8f3837888893f896b7240f1254
12297,cae5717327bee7d74e261c550aa5081f,18025e6a8791d350428f65c0783ebd99,SO56694,4640,BK-M68S-38,2,4640,ed268f8f3837888893f896b7240f1254
12297,cae5717327bee7d74e261c550aa5081f,18025e6a8791d350428f65c0783ebd99,SO56694,105,HL-U509,3,105,ed268f8f3837888893f896b7240f1254
12297,cae5717327bee7d74e261c550aa5081f,18025e6a8791d350428f65c0783ebd99,SO56694,150,LJ-0192-M,3,150,ed268f8f3837888893f896b7240f1254
12297,cae5717327bee7d74e261c550aa5081f,18025e6a8791d350428f65c0783ebd99,SO56694,5,WB-H098,1,5,ed268f8f3837888893f896b7240f1254
12297,e7df1b3ee078bdcfc260a877f321287d,4dbf892d41ae205f6e36838031cff786,SO59136,2240,BK-R64Y-38,2,2240,478ecc8cdaa127c33884d9f6c72c2cd5
12297,e7df1b3ee078bdcfc260a877f321287d,4dbf892d41ae205f6e36838031cff786,SO59136,105,HL-U509-R,3,105,478ecc8cdaa127c33884d9f6c72c2cd5
12297,e84848120190a8d0e696fbeb15647a74,fff3c307c93eda1eb91d53ca588846fe,SO70432,9,BC-R205,1,9,f544b472453b297a8b55709fbfd3746d
12297,e84848120190a8d0e696fbeb15647a74,fff3c307c93eda1eb91d53ca588846fe,SO70432,2384,BK-T79U-60,1,2384,f544b472453b297a8b55709fbfd3746d
12297,e84848120190a8d0e696fbeb15647a74,fff3c307c93eda1eb91d53ca588846fe,SO70432,5,WB-H098,1,5,f544b472453b297a8b55709fbfd3746d
12298,55f9f4cb5784581a517e59904e0d5e2f,9b6872ca1d80024637e967d1066bba0a,SO56021,10,BC-M005,1,10,1678083e7ff90bd404baad3f60bffa37
12298,55f9f4cb5784581a517e59904e0d5e2f,9b6872ca1d80024637e967d1066bba0a,SO56021,4590,BK-M68B-42,2,4590,1678083e7ff90bd404baad3f60bffa37
12298,55f9f4cb5784581a517e59904e0d5e2f,9b6872ca1d80024637e967d1066bba0a,SO56021,48,GL-H102-M,2,48,1678083e7ff90bd404baad3f60bffa37
12298,55f9f4cb5784581a517e59904e0d5e2f,9b6872ca1d80024637e967d1066bba0a,SO56021,105,HL-U509,3,105,1678083e7ff90bd404baad3f60bffa37
12298,55f9f4cb5784581a517e59904e0d5e2f,9b6872ca1d80024637e967d1066bba0a,SO56021,150,LJ-0192-L,3,150,1678083e7ff90bd404baad3f60bffa37
12298,705fa39ab40831529471c768490339ab,63efdd3324df66c9965bd622cdebe06a,SO68879,2240,BK-R64Y-38,2,2240,4584ca349e0920f4436a3c2f36158b85
12298,705fa39ab40831529471c768490339ab,63efdd3324df66c9965bd622cdebe06a,SO68879,54,SJ-0194-L,1,54,4584ca349e0920f4436a3c2f36158b85
12298,c5ed53572c667b119dde2fc0f54de602,0d3057f268050d468f468434f8ec809a,SO72824,2384,BK-T79U-46,1,2384,e366e24b8ad0b1107528f2f58cd15a81
12298,c5ed53572c667b119dde2fc0f54de602,0d3057f268050d468f468434f8ec809a,SO72824,9,SO-R809-M,1,9,e366e24b8ad0b1107528f2f58cd15a81
12298,f503064ebf1d6c48e58be9df2aa9a79b,61f221efdc5f1284178644e84c13fc7c,SO49388,4142,BK-M68S-46,2,4142,043dc8381a880800c6904db9a2d6994e
12299,3f20f21c57e09a6c071e44d1fe74b58a,9b98d27287b27eeee9ebc06e1d5a9a8d,SO53878,4590,BK-M68B-38,2,4590,51c449e55b4a63a16fb45beb689150d5
12299,3f20f21c57e09a6c071e44d1fe74b58a,9b98d27287b27eeee9ebc06e1d5a9a8d,SO53878,22,FE-6654,1,22,51c449e55b4a63a16fb45beb689150d5
12299,3f20f21c57e09a6c071e44d1fe74b58a,9b98d27287b27eeee9ebc06e1d5a9a8d,SO53878,35,TI-M823,1,35,51c449e55b4a63a16fb45beb689150d5
12299,3f20f21c57e09a6c071e44d1fe74b58a,9b98d27287b27eeee9ebc06e1d5a9a8d,SO53878,5,TT-M928,1,5,51c449e55b4a63a16fb45beb689150d5
12299,7ef7447fc083981d7d520e8df45ac789,7ae19b95cb229a2fdbd25f66c051d923,SO48141,4142,BK-M68S-42,2,4142,bdeaa4898e182be99121455d5c86cce1
12299,e84848120190a8d0e696fbeb15647a74,fff3c307c93eda1eb91d53ca588846fe,SO70448,540,BK-R19B-58,1,540,f544b472453b297a8b55709fbfd3746d
12299,e84848120190a8d0e696fbeb15647a74,fff3c307c93eda1eb91d53ca588846fe,SO70448,27,CA-1098,3,27,f544b472453b297a8b55709fbfd3746d
12300,20b851db79828c985958154243411278,96a3262695f10a59b726f3dfd4782c4d,SO51547,4886,BK-R89R-58,2,4886,a7cb0a760406e2013c8442a429fed0ae
12300,20b851db79828c985958154243411278,96a3262695f10a59b726f3dfd4782c4d,SO51547,55,HY-1023-70,1,55,a7cb0a760406e2013c8442a429fed0ae
12300,23f22724b430320654759f8512440ebc,485ae69515bc4c60ef546ff289741f60,SO58251,4640,BK-M68S-46,2,4640,b0b2c17e5682f78d8fc262463fd0a4f3
12300,66e56e10b0f528b66a45e307ecdf4774,691ad1b0dca3643b923973defd014d47,SO68621,2384,BK-T79U-50,1,2384,8eb7a1b0dba9fdd5f4248b9cb6b9119b
12300,66e56e10b0f528b66a45e307ecdf4774,691ad1b0dca3643b923973defd014d47,SO68621,105,HL-U509-B,3,105,8eb7a1b0dba9fdd5f4248b9cb6b9119b
12300,66e56e10b0f528b66a45e307ecdf4774,691ad1b0dca3643b923973defd014d47,SO68621,29,TI-T723,1,29,8eb7a1b0dba9fdd5f4248b9cb6b9119b
12300,66e56e10b0f528b66a45e307ecdf4774,691ad1b0dca3643b923973defd014d47,SO68621,5,TT-T092,1,5,8eb7a1b0dba9fdd5f4248b9cb6b9119b
12300,877a9aa814260fc4c3d24bc245047f86,cb3217ce33539985968a3e5daaf3e9a9,SO44703,3578,BK-R93R-44,1,3578,b81e2439358b70281e1c24b06f6b2f55
12300,ab2e81a99745ffff6c06e2be93290d1b,76e3c19dbb0dadc4c6dc771d856e4676,SO54146,9,BC-R205,1,9,1685ca8ff12ea83725a1c35e1d89c5cd
12300,ab2e81a99745ffff6c06e2be93290d1b,76e3c19dbb0dadc4c6dc771d856e4676,SO54146,2384,BK-T79Y-46,1,2384,1685ca8ff12ea83725a1c35e1d89c5cd
12301,050bcbb7849a1aed0fb1af1cdb635b4a,835541a7e1c5fe9f0e2f6dd4fa1b8864,SO44623,3578,BK-R93R-48,1,3578,0e5d0e3f7f9f1ae575ea209e1c544a79
12301,1678083e7ff90bd404baad3f60bffa37,7b0730955172ecda497d7cca6b1d87a1,SO55811,2384,BK-T79Y-46,1,2384,73a69a5c77a7d23172e54d7ce07a638e
12301,1678083e7ff90bd404baad3f60bffa37,7b0730955172ecda497d7cca6b1d87a1,SO55811,48,GL-H102-L,2,48,73a69a5c77a7d23172e54d7ce07a638e
12301,1678083e7ff90bd404baad3f60bffa37,7b0730955172ecda497d7cca6b1d87a1,SO55811,105,HL-U509,3,105,73a69a5c77a7d23172e54d7ce07a638e
12301,1678083e7ff90bd404baad3f60bffa37,7b0730955172ecda497d7cca6b1d87a1,SO55811,150,LJ-0192-M,3,150,73a69a5c77a7d23172e54d7ce07a638e
12301,8f472ffe3ff3109f420ae91355ff8f3f,e0cd1349b4c6e1b5f14ed427e358c2d0,SO71190,2384,BK-T79Y-46,1,2384,8fa3bab223bec6501ad71f96bb1067b6
12301,8f472ffe3ff3109f420ae91355ff8f3f,e0cd1349b4c6e1b5f14ed427e358c2d0,SO71190,105,HL-U509-R,3,105,8fa3bab223bec6501ad71f96bb1067b6
12301,ab4946738415af86b5e3cee69b13301f,ed268f8f3837888893f896b7240f1254,SO57243,4640,BK-M68S-46,2,4640,fde67888c64f701b59876ec559099b3e
12301,ab4946738415af86b5e3cee69b13301f,ed268f8f3837888893f896b7240f1254,SO57243,2,PK-7098,1,2,fde67888c64f701b59876ec559099b3e
12301,e8c0bfc4371d81db0dacde1b8fa393ca,e5cdc2e9be5ecca55f34ea2ebabb8670,SO51341,4886,BK-R89B-52,2,4886,01070cf843f2ca45e3d4ec7c02c52551
12301,e8c0bfc4371d81db0dacde1b8fa393ca,e5cdc2e9be5ecca55f34ea2ebabb8670,SO51341,2,PK-7098,1,2,01070cf843f2ca45e3d4ec7c02c52551
12301,e8c0bfc4371d81db0dacde1b8fa393ca,e5cdc2e9be5ecca55f34ea2ebabb8670,SO51341,33,TI-R982,1,33,01070cf843f2ca45e3d4ec7c02c52551
12301,e8c0bfc4371d81db0dacde1b8fa393ca,e5cdc2e9be5ecca55f34ea2ebabb8670,SO51341,4,TT-R982,1,4,01070cf843f2ca45e3d4ec7c02c52551
12302,3fe686907939d07097f6c87f08025422,8eb7a1b0dba9fdd5f4248b9cb6b9119b,SO69083,2240,BK-R64Y-48,2,2240,e5114f65ece65e14e7b721dab1e674e0
12302,3fe686907939d07097f6c87f08025422,8eb7a1b0dba9fdd5f4248b9cb6b9119b,SO69083,105,HL-U509-R,3,105,e5114f65ece65e14e7b721dab1e674e0
12302,3fe686907939d07097f6c87f08025422,8eb7a1b0dba9fdd5f4248b9cb6b9119b,SO69083,25,TI-R628,1,25,e5114f65ece65e14e7b721dab1e674e0
12302,3fe686907939d07097f6c87f08025422,8eb7a1b0dba9fdd5f4248b9cb6b9119b,SO69083,4,TT-R982,1,4,e5114f65ece65e14e7b721dab1e674e0
12302,59c3d64cb01cd5ad7fd25246d81a55ff,ac15b60491fe99190c0248790e690757,SO55505,4640,BK-M68S-42,2,4640,d8a4ea0dc4237ee8690ee37b3902fd0e
12302,59c3d64cb01cd5ad7fd25246d81a55ff,ac15b60491fe99190c0248790e690757,SO55505,55,HY-1023-70,1,55,d8a4ea0dc4237ee8690ee37b3902fd0e
12302,6b775fbfe9534ff161531d4406ebb878,6a98156d9aad5c7ca324267d73f9c9ca,SO49402,4142,BK-M68S-38,2,4142,efe1c5e6e4edb477ce15d36dad6bbea3
12302,ca5b8307fa5f2189fb98330a9d65927c,88077cf01a3e17831c2d0bcca5897c5b,SO74002,9,BC-R205,1,9,5cbbe853aa1a5a1370f9a614904c4b15
12302,ca5b8307fa5f2189fb98330a9d65927c,88077cf01a3e17831c2d0bcca5897c5b,SO74002,2384,BK-T79U-60,1,2384,5cbbe853aa1a5a1370f9a614904c4b15
12302,ca5b8307fa5f2189fb98330a9d65927c,88077cf01a3e17831c2d0bcca5897c5b,SO74002,27,CA-1098,3,27,5cbbe853aa1a5a1370f9a614904c4b15
12302,ca5b8307fa5f2189fb98330a9d65927c,88077cf01a3e17831c2d0bcca5897c5b,SO74002,54,SJ-0194-S,1,54,5cbbe853aa1a5a1370f9a614904c4b15
12302,ca5b8307fa5f2189fb98330a9d65927c,88077cf01a3e17831c2d0bcca5897c5b,SO74002,5,WB-H098,1,5,5cbbe853aa1a5a1370f9a614904c4b15
12303,16e364d19895243407b256ec272d5394,4004a117f65dfd3221a9cce8fce5a45f,SO67611,21,TI-R092,1,21,7acd252f45ad6fe668386456a673d543
12303,232e830f1ac667c081eaaca23cdf9b5f,4b5c3229e0725ef8d303f494db9faec8,SO64488,27,CA-1098,3,27,abe94c2111c58e9c9672602d41bce66e
12303,232e830f1ac667c081eaaca23cdf9b5f,4b5c3229e0725ef8d303f494db9faec8,SO64488,54,SJ-0194-S,1,54,abe94c2111c58e9c9672602d41bce66e
12304,9c55d6518880c1abf100a24da2546368,47a161474962a6dcc03cfa64127a641f,SO74122,27,CA-1098,3,27,9795c57676ee8b8b6ba9a6f9014a520b
12304,9c55d6518880c1abf100a24da2546368,47a161474962a6dcc03cfa64127a641f,SO74122,54,SJ-0194-M,1,54,9795c57676ee8b8b6ba9a6f9014a520b
12304,e2f0a420a4c1a9e8e292761f835e0489,4eec6eda382b9c44e240ad4b4b5e9cc0,SO65591,105,HL-U509-B,3,105,9d934f91c460e9947414d00048f2fa36
12304,e2f0a420a4c1a9e8e292761f835e0489,4eec6eda382b9c44e240ad4b4b5e9cc0,SO65591,21,TI-R092,1,21,9d934f91c460e9947414d00048f2fa36
12304,e2f0a420a4c1a9e8e292761f835e0489,4eec6eda382b9c44e240ad4b4b5e9cc0,SO65591,4,TT-R982,1,4,9d934f91c460e9947414d00048f2fa36
12305,41464bd548f06ca845208f69df30ac82,15aceb75d86814cb479f1b1a9487c3d4,SO53664,4640,BK-M68S-42,2,4640,3e48b2167bd86ef570e46d0b286c4f74
12305,43a48533e5870a15f120f16375636633,4bbde6a0c4076e78bc106bdc331a94c5,SO48710,4142,BK-M68S-42,2,4142,ba588be30dd16be47b9647a72fe81700
12305,8728a5e296f39e49d2fa74c31820e99f,66e56e10b0f528b66a45e307ecdf4774,SO69649,540,BK-R19B-48,1,540,3fe686907939d07097f6c87f08025422
12305,8728a5e296f39e49d2fa74c31820e99f,66e56e10b0f528b66a45e307ecdf4774,SO69649,27,CA-1098,3,27,3fe686907939d07097f6c87f08025422
12306,375bde15092f45652b6398c1dff650d0,830e779850b1d58733a7ad711bf6b83f,SO57346,105,HL-U509-R,3,105,a8ef76a01442567fb64eb6f4408a9835
12306,ccb91034934bb047c5f6a32eb289b95b,640540d73b85c3ecd2e3bf5541686e87,SO59743,105,HL-U509-R,3,105,3ebfce6ccd7540a632ae7e6ad8100c29
12306,ccb91034934bb047c5f6a32eb289b95b,640540d73b85c3ecd2e3bf5541686e87,SO59743,5,TT-T092,1,5,3ebfce6ccd7540a632ae7e6ad8100c29
12307,2f0fa9e84e7c99cd5a1f2223c8504757,9028a0765880cb1b7ff6c72ea16b9e72,SO44729,3578,BK-R93R-62,1,3578,877a9aa814260fc4c3d24bc245047f86
12307,40ff348468b73116a7077c246985e0bf,a2c49941411089cb2a9cbf78cb803c26,SO56795,9,BC-R205,1,9,830e779850b1d58733a7ad711bf6b83f
12307,40ff348468b73116a7077c246985e0bf,a2c49941411089cb2a9cbf78cb803c26,SO56795,2384,BK-T79Y-50,1,2384,830e779850b1d58733a7ad711bf6b83f
12307,40ff348468b73116a7077c246985e0bf,a2c49941411089cb2a9cbf78cb803c26,SO56795,48,GL-H102-S,2,48,830e779850b1d58733a7ad711bf6b83f
12307,40ff348468b73116a7077c246985e0bf,a2c49941411089cb2a9cbf78cb803c26,SO56795,5,WB-H098,1,5,830e779850b1d58733a7ad711bf6b83f
12307,4ef92eb2724526d42848579d94bf7748,6ccfb4540d439b07eef79e9ec663aeee,SO51248,4886,BK-R89B-52,2,4886,4c198b2e79c53a9853bfbc76e8e8ae1e
12307,ab4946738415af86b5e3cee69b13301f,ed268f8f3837888893f896b7240f1254,SO57242,10,BC-M005,1,10,fde67888c64f701b59876ec559099b3e
12307,ab4946738415af86b5e3cee69b13301f,ed268f8f3837888893f896b7240f1254,SO57242,4590,BK-M68B-46,2,4590,fde67888c64f701b59876ec559099b3e
12307,ab4946738415af86b5e3cee69b13301f,ed268f8f3837888893f896b7240f1254,SO57242,105,HL-U509-B,3,105,fde67888c64f701b59876ec559099b3e
12307,ab4946738415af86b5e3cee69b13301f,ed268f8f3837888893f896b7240f1254,SO57242,5,WB-H098,1,5,fde67888c64f701b59876ec559099b3e
12307,fd5ba6fdeb81e07b2caf0b103489bd8d,e871b36e68b0b3d0af9c742d81fef27a,SO70998,2384,BK-T79U-60,1,2384,17520f5649fab40fb66771362888cb90
12308,6a8d7e42bb852c45fbf8610361d391a0,3f72b837978dcd042b73e7270f11a4ca,SO71128,2384,BK-T79Y-50,1,2384,49fce086a31f1cfcf16b54e462f7cbc0
12308,6a8d7e42bb852c45fbf8610361d391a0,3f72b837978dcd042b73e7270f11a4ca,SO71128,27,CA-1098,3,27,49fce086a31f1cfcf16b54e462f7cbc0
12308,6a8d7e42bb852c45fbf8610361d391a0,3f72b837978dcd042b73e7270f11a4ca,SO71128,105,HL-U509-B,3,105,49fce086a31f1cfcf16b54e462f7cbc0
12308,88f50aa0771fa4f938f7b54792e066c8,070e7bb8852d69e16952038e5532904f,SO51428,4886,BK-R89B-52,2,4886,e8c0bfc4371d81db0dacde1b8fa393ca
12308,88f50aa0771fa4f938f7b54792e066c8,070e7bb8852d69e16952038e5532904f,SO51428,48,GL-H102-L,2,48,e8c0bfc4371d81db0dacde1b8fa393ca
12308,88f50aa0771fa4f938f7b54792e066c8,070e7bb8852d69e16952038e5532904f,SO51428,33,TI-R982,1,33,e8c0bfc4371d81db0dacde1b8fa393ca
12308,97b600823b984a4660a5f3a54c1365de,d01d18dbb9a3e8c7fa02a25b827b052d,SO44826,3578,BK-R93R-56,1,3578,2f0fa9e84e7c99cd5a1f2223c8504757
12308,bc761b2b7297029a695fbd6dd0470724,fef3080ec197edd1a04bb18afd31d16d,SO55681,9,BC-R205,1,9,9b6872ca1d80024637e967d1066bba0a
12308,bc761b2b7297029a695fbd6dd0470724,fef3080ec197edd1a04bb18afd31d16d,SO55681,2384,BK-T79U-50,1,2384,9b6872ca1d80024637e967d1066bba0a
12308,bc761b2b7297029a695fbd6dd0470724,fef3080ec197edd1a04bb18afd31d16d,SO55681,48,GL-H102-S,2,48,9b6872ca1d80024637e967d1066bba0a
12308,bc761b2b7297029a695fbd6dd0470724,fef3080ec197edd1a04bb18afd31d16d,SO55681,5,WB-H098,1,5,9b6872ca1d80024637e967d1066bba0a
12308,ef5bad66aa19ccfb82cacb73584b83ea,0e23f371129aecc6b2033620b226f8d7,SO57846,10,BC-M005,1,10,485ae69515bc4c60ef546ff289741f60
12308,ef5bad66aa19ccfb82cacb73584b83ea,0e23f371129aecc6b2033620b226f8d7,SO57846,4590,BK-M68B-38,2,4590,485ae69515bc4c60ef546ff289741f60
12308,ef5bad66aa19ccfb82cacb73584b83ea,0e23f371129aecc6b2033620b226f8d7,SO57846,105,HL-U509,3,105,485ae69515bc4c60ef546ff289741f60
12309,b0b2c17e5682f78d8fc262463fd0a4f3,375bde15092f45652b6398c1dff650d0,SO57996,48,GL-H102-M,2,48,5e1b952a22eccca86f7f056a9efb42a4
12309,b0b2c17e5682f78d8fc262463fd0a4f3,375bde15092f45652b6398c1dff650d0,SO57996,54,SJ-0194-X,1,54,5e1b952a22eccca86f7f056a9efb42a4
12309,d6ab5a0eee939524352092b964d92b84,106dfbaf552c07a1b08d065f2c343982,SO55213,2,PK-7098,1,2,3c4bf68562424c26986beae6ce13704a
12309,d6ab5a0eee939524352092b964d92b84,106dfbaf552c07a1b08d065f2c343982,SO55213,21,TI-R092,1,21,3c4bf68562424c26986beae6ce13704a
12310,175a5d217fad85df9f6639d7ced1e5d9,511572e8a25e86c2f48ae9e6d73a1e6a,SO68923,105,HL-U509-R,3,105,66e56e10b0f528b66a45e307ecdf4774
12310,8eb7a1b0dba9fdd5f4248b9cb6b9119b,9f1ff00ea8fd9fd8f2d421ba5ec45a18,SO68233,105,HL-U509,3,105,c7390752782466cfc9a3ed7d3a79e046
12310,8eb7a1b0dba9fdd5f4248b9cb6b9119b,9f1ff00ea8fd9fd8f2d421ba5ec45a18,SO68233,29,TI-T723,1,29,c7390752782466cfc9a3ed7d3a79e046
12310,8eb7a1b0dba9fdd5f4248b9cb6b9119b,9f1ff00ea8fd9fd8f2d421ba5ec45a18,SO68233,5,TT-T092,1,5,c7390752782466cfc9a3ed7d3a79e046
12311,2296af5563b2061aa1d88124a37eecb7,6866da5d40f1aad2d82129d5ffa25bda,SO66538,9,BC-R205,1,9,05e7920e8caf0303dc01b77666952b75
12311,2296af5563b2061aa1d88124a37eecb7,6866da5d40f1aad2d82129d5ffa25bda,SO66538,48,GL-H102-M,2,48,05e7920e8caf0303dc01b77666952b75
12311,2296af5563b2061aa1d88124a37eecb7,6866da5d40f1aad2d82129d5ffa25bda,SO66538,29,TI-T723,1,29,05e7920e8caf0303dc01b77666952b75
12311,2296af5563b2061aa1d88124a37eecb7,6866da5d40f1aad2d82129d5ffa25bda,SO66538,5,TT-T092,1,5,05e7920e8caf0303dc01b77666952b75
12311,2296af5563b2061aa1d88124a37eecb7,6866da5d40f1aad2d82129d5ffa25bda,SO66538,5,WB-H098,1,5,05e7920e8caf0303dc01b77666952b75
12311,5cbbe853aa1a5a1370f9a614904c4b15,86e0fc464cbb08ae74bd039224afec9a,SO73614,27,CA-1098,3,27,47a161474962a6dcc03cfa64127a641f
12311,5cbbe853aa1a5a1370f9a614904c4b15,86e0fc464cbb08ae74bd039224afec9a,SO73614,105,HL-U509-R,3,105,47a161474962a6dcc03cfa64127a641f
12312,fff3c307c93eda1eb91d53ca588846fe,4584ca349e0920f4436a3c2f36158b85,SO69361,105,HL-U509-R,3,105,70951886788165a5e2439adfce4d0cce
12313,01e8942a5792053a553c4612bd6c06a6,6583882ca853d66524856501b27519f5,SO74717,27,CA-1098,3,27,722dc621a1a56555843f574144bfcdf0
12313,01e8942a5792053a553c4612bd6c06a6,6583882ca853d66524856501b27519f5,SO74717,105,HL-U509-B,3,105,722dc621a1a56555843f574144bfcdf0
12314,043dc8381a880800c6904db9a2d6994e,4a21ddebdfee548e65b62c2809afc1c0,SO49330,4142,BK-M68S-42,2,4142,6a98156d9aad5c7ca324267d73f9c9ca
12314,175a5d217fad85df9f6639d7ced1e5d9,511572e8a25e86c2f48ae9e6d73a1e6a,SO68946,2240,BK-R64Y-40,2,2240,66e56e10b0f528b66a45e307ecdf4774
12314,175a5d217fad85df9f6639d7ced1e5d9,511572e8a25e86c2f48ae9e6d73a1e6a,SO68946,105,HL-U509-R,3,105,66e56e10b0f528b66a45e307ecdf4774
12314,3c8e2c51453f4d665f1050da871dead6,1f50dad3f1493a5cf408c4eb3987479e,SO55397,4590,BK-M68B-38,2,4590,d34ba8f5d7fd7d5959a34c283fbec422
12314,3c8e2c51453f4d665f1050da871dead6,1f50dad3f1493a5cf408c4eb3987479e,SO55397,22,FE-6654,1,22,d34ba8f5d7fd7d5959a34c283fbec422
12314,3c8e2c51453f4d665f1050da871dead6,1f50dad3f1493a5cf408c4eb3987479e,SO55397,105,HL-U509-R,3,105,d34ba8f5d7fd7d5959a34c283fbec422
12314,9c55d6518880c1abf100a24da2546368,47a161474962a6dcc03cfa64127a641f,SO74144,2384,BK-T79U-50,1,2384,9795c57676ee8b8b6ba9a6f9014a520b
12314,9c55d6518880c1abf100a24da2546368,47a161474962a6dcc03cfa64127a641f,SO74144,105,HL-U509-B,3,105,9795c57676ee8b8b6ba9a6f9014a520b
12315,9c56075241a26f6fa77eb86b15411c6e,9444f850ff0c10a862b4a6a9c4ab0a74,SO54378,10,BC-M005,1,10,ab2e81a99745ffff6c06e2be93290d1b
12315,9c56075241a26f6fa77eb86b15411c6e,9444f850ff0c10a862b4a6a9c4ab0a74,SO54378,4640,BK-M68S-38,2,4640,ab2e81a99745ffff6c06e2be93290d1b
12315,9c56075241a26f6fa77eb86b15411c6e,9444f850ff0c10a862b4a6a9c4ab0a74,SO54378,5,WB-H098,1,5,ab2e81a99745ffff6c06e2be93290d1b
12315,b2e85aa5f9c095607e638c7e6e2c694b,3500da16b6d3d0da611bc08c2b1e1c05,SO51510,2384,BK-T79U-54,1,2384,88f50aa0771fa4f938f7b54792e066c8
12315,b2e85aa5f9c095607e638c7e6e2c694b,3500da16b6d3d0da611bc08c2b1e1c05,SO51510,105,HL-U509,3,105,88f50aa0771fa4f938f7b54792e066c8
12315,e41e8ee2e2795c7c1363a9f5054d57d7,0e0f7e43982ae36c0cd7c9ba6bc6c699,SO48694,4098,BK-M68B-46,2,4098,fee42f8d62443b64a7e92c5e13c2fffe
12316,1f50dad3f1493a5cf408c4eb3987479e,226d694fb4b7f71d62444f9528be8704,SO54660,10,BC-M005,1,10,9c56075241a26f6fa77eb86b15411c6e
12316,1f50dad3f1493a5cf408c4eb3987479e,226d694fb4b7f71d62444f9528be8704,SO54660,4640,BK-M68S-38,2,4640,9c56075241a26f6fa77eb86b15411c6e
12316,1f50dad3f1493a5cf408c4eb3987479e,226d694fb4b7f71d62444f9528be8704,SO54660,27,CA-1098,3,27,9c56075241a26f6fa77eb86b15411c6e
12316,1f50dad3f1493a5cf408c4eb3987479e,226d694fb4b7f71d62444f9528be8704,SO54660,5,WB-H098,1,5,9c56075241a26f6fa77eb86b15411c6e
12316,8db869d79195e5e17fdcc7c203499b29,79e02a49bb92138c3f331082fef97f2e,SO48405,4142,BK-M68S-46,2,4142,e56b89db4bdb2b3ba01ca1e3dbaf16ef
12316,f5933feadc49c253e4f0e77b236946e9,0b80ce5eab877cae9997209e0bee6e60,SO52466,2384,BK-T79Y-60,1,2384,b8cc77f0099ae7d3a20b9f0b74d70b12
12317,12b1840e7453d3f4221dc0d69006ef40,2f1c6881a8aee249301a33785404cd23,SO48687,4142,BK-M68S-38,2,4142,f3393c2fcf78ad71519178f1876f05b3
12317,1685ca8ff12ea83725a1c35e1d89c5cd,15699e35c72c4036c71409f3f3d69528,SO53873,9,BC-R205,1,9,6d44506d59926d8d13d35f75d97f2a64
12317,1685ca8ff12ea83725a1c35e1d89c5cd,15699e35c72c4036c71409f3f3d69528,SO53873,2384,BK-T79U-50,1,2384,6d44506d59926d8d13d35f75d97f2a64
12317,1685ca8ff12ea83725a1c35e1d89c5cd,15699e35c72c4036c71409f3f3d69528,SO53873,27,CA-1098,3,27,6d44506d59926d8d13d35f75d97f2a64
12317,1685ca8ff12ea83725a1c35e1d89c5cd,15699e35c72c4036c71409f3f3d69528,SO53873,5,WB-H098,1,5,6d44506d59926d8d13d35f75d97f2a64
12317,3c4bf68562424c26986beae6ce13704a,dba3e44e23a1d2c2f299811e94db7fce,SO54934,10,BC-M005,1,10,1f50dad3f1493a5cf408c4eb3987479e
12317,3c4bf68562424c26986beae6ce13704a,dba3e44e23a1d2c2f299811e94db7fce,SO54934,4590,BK-M68B-38,2,4590,1f50dad3f1493a5cf408c4eb3987479e
12317,3c4bf68562424c26986beae6ce13704a,dba3e44e23a1d2c2f299811e94db7fce,SO54934,105,HL-U509-R,3,105,1f50dad3f1493a5cf408c4eb3987479e
12317,3c4bf68562424c26986beae6ce13704a,dba3e44e23a1d2c2f299811e94db7fce,SO54934,5,WB-H098,1,5,1f50dad3f1493a5cf408c4eb3987479e
12318,5acc3f37654c9c360551251e81e6001c,8db869d79195e5e17fdcc7c203499b29,SO48537,4098,BK-M68B-46,2,4098,0cae3b8f778ef4612ed00352a284e421
12318,90c6314650a0d54fdcabe5cd5406f9af,f476906875bc5d9abe836b4ea1f485c1,SO53976,2384,BK-T79U-46,1,2384,41464bd548f06ca845208f69df30ac82
12318,da9c4ba6c9a1ae8725389bfd38b5763a,3e48b2167bd86ef570e46d0b286c4f74,SO54049,4640,BK-M68S-46,2,4640,9223b53f03a405f817e91392f0294f6a
12318,da9c4ba6c9a1ae8725389bfd38b5763a,3e48b2167bd86ef570e46d0b286c4f74,SO54049,55,HY-1023-70,1,55,9223b53f03a405f817e91392f0294f6a
12319,545a3d56d20b22e09aa85bfa5ed8738d,31c99d724c1f182c60edb82eb4740277,SO72229,5,TT-T092,1,5,a9cd7a99d71cca9cb644010050374ade
12319,629ffff971d10f275a79a70fae527fbc,d6ab5a0eee939524352092b964d92b84,SO56005,48,GL-H102-M,2,48,3c1811b546060d91957cc446aabc4a3c
12319,629ffff971d10f275a79a70fae527fbc,d6ab5a0eee939524352092b964d92b84,SO56005,150,LJ-0192-L,3,150,3c1811b546060d91957cc446aabc4a3c
12320,58f0b42da53adeeccbfa693883fea672,8c9ec1be720ee75d56d0c250d10610fa,SO64421,105,HL-U509-B,3,105,d4746e41b619da57ee9f1a2e2cc254e8
12320,83d1ed00595e79ee5ea3797e97970fe8,fe1fd19c021e78ec395980c2e347865e,SO69207,27,CA-1098,3,27,705fa39ab40831529471c768490339ab
12320,83d1ed00595e79ee5ea3797e97970fe8,fe1fd19c021e78ec395980c2e347865e,SO69207,29,TI-T723,1,29,705fa39ab40831529471c768490339ab
12320,83d1ed00595e79ee5ea3797e97970fe8,fe1fd19c021e78ec395980c2e347865e,SO69207,5,TT-T092,1,5,705fa39ab40831529471c768490339ab
12321,31c99d724c1f182c60edb82eb4740277,e84848120190a8d0e696fbeb15647a74,SO71262,9,BC-R205,1,9,3db19f5f710f10e90ecc7154c649d60a
12321,31c99d724c1f182c60edb82eb4740277,e84848120190a8d0e696fbeb15647a74,SO71262,2384,BK-T79U-60,1,2384,3db19f5f710f10e90ecc7154c649d60a
12321,31c99d724c1f182c60edb82eb4740277,e84848120190a8d0e696fbeb15647a74,SO71262,5,WB-H098,1,5,3db19f5f710f10e90ecc7154c649d60a
12321,41464bd548f06ca845208f69df30ac82,15aceb75d86814cb479f1b1a9487c3d4,SO53679,9,BC-R205,1,9,3e48b2167bd86ef570e46d0b286c4f74
12321,41464bd548f06ca845208f69df30ac82,15aceb75d86814cb479f1b1a9487c3d4,SO53679,4886,BK-R89B-44,2,4886,3e48b2167bd86ef570e46d0b286c4f74
12321,41464bd548f06ca845208f69df30ac82,15aceb75d86814cb479f1b1a9487c3d4,SO53679,105,HL-U509,3,105,3e48b2167bd86ef570e46d0b286c4f74
12321,41464bd548f06ca845208f69df30ac82,15aceb75d86814cb479f1b1a9487c3d4,SO53679,5,WB-H098,1,5,3e48b2167bd86ef570e46d0b286c4f74
12321,58fbfe4a809a492f7e56c87487b71b73,57b54c3c954c0d7d91d289b81191de06,SO44816,3578,BK-R93R-48,1,3578,e94c59408a716e0880e846ed2af22ab6
12321,5abaefcc8525a8f4cfd95cba9e926532,fde67888c64f701b59876ec559099b3e,SO57686,2384,BK-T79U-50,1,2384,73b2264d673ee7b5b2e7e165020516ac
12321,5abaefcc8525a8f4cfd95cba9e926532,fde67888c64f701b59876ec559099b3e,SO57686,27,CA-1098,3,27,73b2264d673ee7b5b2e7e165020516ac
12321,5abaefcc8525a8f4cfd95cba9e926532,fde67888c64f701b59876ec559099b3e,SO57686,105,HL-U509-B,3,105,73b2264d673ee7b5b2e7e165020516ac
12321,d630b2db6e8046e30b4728ca862ba4e1,02ad1a5ca18e58629b8c1d6a6401d071,SO58416,10,BC-M005,1,10,07b31bae17c7890b17d79a654aa230cf
12321,d630b2db6e8046e30b4728ca862ba4e1,02ad1a5ca18e58629b8c1d6a6401d071,SO58416,4590,BK-M68B-42,2,4590,07b31bae17c7890b17d79a654aa230cf
12321,d630b2db6e8046e30b4728ca862ba4e1,02ad1a5ca18e58629b8c1d6a6401d071,SO58416,9,SO-R809-M,1,9,07b31bae17c7890b17d79a654aa230cf
12321,d630b2db6e8046e30b4728ca862ba4e1,02ad1a5ca18e58629b8c1d6a6401d071,SO58416,5,WB-H098,1,5,07b31bae17c7890b17d79a654aa230cf
12322,1ba7e8cdf85da6cf5e11554703236b52,9592b44e2c3f304a9875f45537bec6eb,SO73686,150,LJ-0192-L,3,150,4c6ed4daa82e7326b84c24f4c2ae7064
12323,4310d0d92131e34ff2716d85e1953174,90c6314650a0d54fdcabe5cd5406f9af,SO54602,9,BC-R205,1,9,d3c54b4368c62c2ff11535bf2b677170
12323,4310d0d92131e34ff2716d85e1953174,90c6314650a0d54fdcabe5cd5406f9af,SO54602,4886,BK-R89B-52,2,4886,d3c54b4368c62c2ff11535bf2b677170
12323,4310d0d92131e34ff2716d85e1953174,90c6314650a0d54fdcabe5cd5406f9af,SO54602,27,CA-1098,3,27,d3c54b4368c62c2ff11535bf2b677170
12323,4310d0d92131e34ff2716d85e1953174,90c6314650a0d54fdcabe5cd5406f9af,SO54602,105,HL-U509-B,3,105,d3c54b4368c62c2ff11535bf2b677170
12323,4310d0d92131e34ff2716d85e1953174,90c6314650a0d54fdcabe5cd5406f9af,SO54602,5,WB-H098,1,5,d3c54b4368c62c2ff11535bf2b677170
12323,a09d09970403327b4ca7bf98052cd060,0b5b42bd1c2c831ec2018ff055eecdab,SO44987,3578,BK-R93R-56,1,3578,fe79f48f1af975659b09282772273c5f
12323,b0b2c17e5682f78d8fc262463fd0a4f3,375bde15092f45652b6398c1dff650d0,SO58017,2384,BK-T79Y-46,1,2384,5e1b952a22eccca86f7f056a9efb42a4
12323,b0b2c17e5682f78d8fc262463fd0a4f3,375bde15092f45652b6398c1dff650d0,SO58017,29,TI-T723,1,29,5e1b952a22eccca86f7f056a9efb42a4
12323,eba6cab7267f82e3b2a063d5ea445bb9,73b2264d673ee7b5b2e7e165020516ac,SO58020,4640,BK-M68S-38,2,4640,02ad1a5ca18e58629b8c1d6a6401d071
12323,eba6cab7267f82e3b2a063d5ea445bb9,73b2264d673ee7b5b2e7e165020516ac,SO58020,22,FE-6654,1,22,02ad1a5ca18e58629b8c1d6a6401d071
12323,eba6cab7267f82e3b2a063d5ea445bb9,73b2264d673ee7b5b2e7e165020516ac,SO58020,2,PK-7098,1,2,02ad1a5ca18e58629b8c1d6a6401d071
12324,1faee5670542865e021595151379fe5c,e5114f65ece65e14e7b721dab1e674e0,SO69760,27,CA-1098,3,27,83d1ed00595e79ee5ea3797e97970fe8
12324,1faee5670542865e021595151379fe5c,e5114f65ece65e14e7b721dab1e674e0,SO69760,150,LJ-0192-L,3,150,83d1ed00595e79ee5ea3797e97970fe8
12324,49fce086a31f1cfcf16b54e462f7cbc0,99c8f306659fd98cbb9d7f03ec0c2a7a,SO70793,2,PK-7098,1,2,e84848120190a8d0e696fbeb15647a74
12324,49fce086a31f1cfcf16b54e462f7cbc0,99c8f306659fd98cbb9d7f03ec0c2a7a,SO70793,5,TT-T092,1,5,e84848120190a8d0e696fbeb15647a74
12325,8c9ec1be720ee75d56d0c250d10610fa,16918840d98f27ce45948fe73dd5592f,SO63660,27,CA-1098,3,27,81a5d08c6beaeec9e42baae5d63dd780
12325,8c9ec1be720ee75d56d0c250d10610fa,16918840d98f27ce45948fe73dd5592f,SO63660,55,HY-1023-70,1,55,81a5d08c6beaeec9e42baae5d63dd780
12325,8c9ec1be720ee75d56d0c250d10610fa,16918840d98f27ce45948fe73dd5592f,SO63660,29,TI-T723,1,29,81a5d08c6beaeec9e42baae5d63dd780
12325,8c9ec1be720ee75d56d0c250d10610fa,16918840d98f27ce45948fe73dd5592f,SO63660,5,TT-T092,1,5,81a5d08c6beaeec9e42baae5d63dd780
12325,ca5b8307fa5f2189fb98330a9d65927c,88077cf01a3e17831c2d0bcca5897c5b,SO73988,105,HL-U509,3,105,5cbbe853aa1a5a1370f9a614904c4b15
12326,dcf73f840a50da0145f24e8e0169dc4b,2797a91b25bc2aa85124c99bc574dc83,SO72034,29,TI-T723,1,29,d5985f40495ba672dff8a99620b879c8
12326,de5009f9bf3e9725d2381f4a5e913111,2296af5563b2061aa1d88124a37eecb7,SO67383,105,HL-U509-R,3,105,a1d0c0a14c6c8f8a8ef8220209c23a64
12327,f799d104dd23bb828dcdaaefc4d25b61,ca510b577b53d588f80b4fc76030ea52,SO52315,27,CA-1098,3,27,cfceb7490eff6e660974507be7c579c6
12327,f8025d3776b5f7522a6120cb4e9e0783,2d6e054ac82934d489c58cc8399a1628,SO61630,5,TT-T092,1,5,d945ec2aae74dbfb829453026b91c235
12328,0c0fda0e7ef55245aa19e42bf9928281,4d8769725b0b7f33aebf747e80c5c4e0,SO48454,4098,BK-M68B-38,2,4098,8db869d79195e5e17fdcc7c203499b29
12328,ab2e81a99745ffff6c06e2be93290d1b,76e3c19dbb0dadc4c6dc771d856e4676,SO54105,10,BC-M005,1,10,1685ca8ff12ea83725a1c35e1d89c5cd
12328,ab2e81a99745ffff6c06e2be93290d1b,76e3c19dbb0dadc4c6dc771d856e4676,SO54105,4590,BK-M68B-42,2,4590,1685ca8ff12ea83725a1c35e1d89c5cd
12328,ab2e81a99745ffff6c06e2be93290d1b,76e3c19dbb0dadc4c6dc771d856e4676,SO54105,105,HL-U509,3,105,1685ca8ff12ea83725a1c35e1d89c5cd
12328,ab2e81a99745ffff6c06e2be93290d1b,76e3c19dbb0dadc4c6dc771d856e4676,SO54105,5,WB-H098,1,5,1685ca8ff12ea83725a1c35e1d89c5cd
12328,ac15b60491fe99190c0248790e690757,ab2e81a99745ffff6c06e2be93290d1b,SO54819,9,BC-R205,1,9,0c8ff735cb2b05718573c08173335fd4
12328,ac15b60491fe99190c0248790e690757,ab2e81a99745ffff6c06e2be93290d1b,SO54819,2384,BK-T79Y-54,1,2384,0c8ff735cb2b05718573c08173335fd4
12328,ac15b60491fe99190c0248790e690757,ab2e81a99745ffff6c06e2be93290d1b,SO54819,5,WB-H098,1,5,0c8ff735cb2b05718573c08173335fd4
12329,caa707f97407c07371136aaf471a91d4,4efe8b2ca156042f8a3d8dd6aba54520,SO67126,150,LJ-0192-M,3,150,058af5b2a408d57b708367e5bf4e9d9c
12329,d630b2db6e8046e30b4728ca862ba4e1,02ad1a5ca18e58629b8c1d6a6401d071,SO58449,105,HL-U509,3,105,07b31bae17c7890b17d79a654aa230cf
12329,d630b2db6e8046e30b4728ca862ba4e1,02ad1a5ca18e58629b8c1d6a6401d071,SO58449,29,TI-T723,1,29,07b31bae17c7890b17d79a654aa230cf
12329,d630b2db6e8046e30b4728ca862ba4e1,02ad1a5ca18e58629b8c1d6a6401d071,SO58449,5,TT-T092,1,5,07b31bae17c7890b17d79a654aa230cf
12330,3e107cd1554225ea3056ed5010adce90,aa14ddbc43aa2d3be1e6ac019bb7b5bc,SO73865,9,BC-R205,1,9,43e2cc7ff261723f93f64f3f7e9faa8d
12330,3e107cd1554225ea3056ed5010adce90,aa14ddbc43aa2d3be1e6ac019bb7b5bc,SO73865,2384,BK-T79U-54,1,2384,43e2cc7ff261723f93f64f3f7e9faa8d
12330,59b3bce956067f996be5f0ddd87e18c7,01e9454335c45aa6cdee165f2c25b3c0,SO49375,4142,BK-M68S-42,2,4142,8dc681f418bc4515c72be4c903645815
12330,8728a5e296f39e49d2fa74c31820e99f,66e56e10b0f528b66a45e307ecdf4774,SO69642,9,BC-R205,1,9,3fe686907939d07097f6c87f08025422
12330,8728a5e296f39e49d2fa74c31820e99f,66e56e10b0f528b66a45e307ecdf4774,SO69642,2240,BK-R64Y-48,2,2240,3fe686907939d07097f6c87f08025422
12330,8728a5e296f39e49d2fa74c31820e99f,66e56e10b0f528b66a45e307ecdf4774,SO69642,5,WB-H098,1,5,3fe686907939d07097f6c87f08025422
12330,b988e88fd94a3b47434beeb650cff880,3c1811b546060d91957cc446aabc4a3c,SO56335,10,BC-M005,1,10,18025e6a8791d350428f65c0783ebd99
12330,b988e88fd94a3b47434beeb650cff880,3c1811b546060d91957cc446aabc4a3c,SO56335,4590,BK-M68B-38,2,4590,18025e6a8791d350428f65c0783ebd99
12330,b988e88fd94a3b47434beeb650cff880,3c1811b546060d91957cc446aabc4a3c,SO56335,48,GL-H102-S,2,48,18025e6a8791d350428f65c0783ebd99
12330,b988e88fd94a3b47434beeb650cff880,3c1811b546060d91957cc446aabc4a3c,SO56335,5,WB-H098,1,5,18025e6a8791d350428f65c0783ebd99
12331,3f20f21c57e09a6c071e44d1fe74b58a,9b98d27287b27eeee9ebc06e1d5a9a8d,SO53907,150,LJ-0192-S,3,150,51c449e55b4a63a16fb45beb689150d5
12332,1b4ad6f2870d20368322123ed8553459,2650f1a188c472a9efa2a38091dbaa44,SO44901,3578,BK-R93R-52,1,3578,4a355a6da86d846c130abd2241259099
12332,2d6e054ac82934d489c58cc8399a1628,ce08c22f7777768ce4197eab9727516c,SO60767,10,BC-M005,1,10,348f48807f500aeac729fb17d9bc97f1
12332,2d6e054ac82934d489c58cc8399a1628,ce08c22f7777768ce4197eab9727516c,SO60767,4590,BK-M68B-38,2,4590,348f48807f500aeac729fb17d9bc97f1
12332,2d6e054ac82934d489c58cc8399a1628,ce08c22f7777768ce4197eab9727516c,SO60767,5,WB-H098,1,5,348f48807f500aeac729fb17d9bc97f1
12332,478ecc8cdaa127c33884d9f6c72c2cd5,3fbd0407b55d3a3da21388a2ddbf881c,SO58638,2384,BK-T79Y-46,1,2384,174acf6ca4e9804d47a59a499422e621
12332,478ecc8cdaa127c33884d9f6c72c2cd5,3fbd0407b55d3a3da21388a2ddbf881c,SO58638,105,HL-U509,3,105,174acf6ca4e9804d47a59a499422e621
12332,629ffff971d10f275a79a70fae527fbc,d6ab5a0eee939524352092b964d92b84,SO55980,4886,BK-R89B-48,2,4886,3c1811b546060d91957cc446aabc4a3c
12332,629ffff971d10f275a79a70fae527fbc,d6ab5a0eee939524352092b964d92b84,SO55980,2,PK-7098,1,2,3c1811b546060d91957cc446aabc4a3c
12332,629ffff971d10f275a79a70fae527fbc,d6ab5a0eee939524352092b964d92b84,SO55980,33,TI-R982,1,33,3c1811b546060d91957cc446aabc4a3c
12332,629ffff971d10f275a79a70fae527fbc,d6ab5a0eee939524352092b964d92b84,SO55980,4,TT-R982,1,4,3c1811b546060d91957cc446aabc4a3c
12333,089c2a426c196c5ca5facb20896c90bb,bc761b2b7297029a695fbd6dd0470724,SO56279,4886,BK-R89R-58,2,4886,55f9f4cb5784581a517e59904e0d5e2f
12333,089c2a426c196c5ca5facb20896c90bb,bc761b2b7297029a695fbd6dd0470724,SO56279,27,CA-1098,3,27,55f9f4cb5784581a517e59904e0d5e2f
12333,089c2a426c196c5ca5facb20896c90bb,bc761b2b7297029a695fbd6dd0470724,SO56279,33,TI-R982,1,33,55f9f4cb5784581a517e59904e0d5e2f
12333,254d832c83ccdb2c33eab65a4fd196ff,75fe8d7dec9d2a51be64595ab37dc674,SO59490,10,BC-M005,1,10,4a800301260b2639fa1ec3efafb5f86c
12333,254d832c83ccdb2c33eab65a4fd196ff,75fe8d7dec9d2a51be64595ab37dc674,SO59490,4590,BK-M68B-46,2,4590,4a800301260b2639fa1ec3efafb5f86c
12333,254d832c83ccdb2c33eab65a4fd196ff,75fe8d7dec9d2a51be64595ab37dc674,SO59490,27,CA-1098,3,27,4a800301260b2639fa1ec3efafb5f86c
12333,254d832c83ccdb2c33eab65a4fd196ff,75fe8d7dec9d2a51be64595ab37dc674,SO59490,54,SJ-0194-X,1,54,4a800301260b2639fa1ec3efafb5f86c
12333,254d832c83ccdb2c33eab65a4fd196ff,75fe8d7dec9d2a51be64595ab37dc674,SO59490,5,WB-H098,1,5,4a800301260b2639fa1ec3efafb5f86c
12333,a189cc17a15cdb4e39e80dfcd8374c76,b0b2c17e5682f78d8fc262463fd0a4f3,SO58700,2384,BK-T79Y-54,1,2384,244cede513841376c37dc856f2f5e7b9
12333,a189cc17a15cdb4e39e80dfcd8374c76,b0b2c17e5682f78d8fc262463fd0a4f3,SO58700,27,CA-1098,3,27,244cede513841376c37dc856f2f5e7b9
12333,b0533b36d073e7b905a5da8878aaa59c,1863d57986d1ff09ff1b6e4a7b1cbce6,SO44935,3578,BK-R93R-48,1,3578,1b4ad6f2870d20368322123ed8553459
12334,12092303778fcfa88ed7d284b74c6a6a,40eee601514259a9632d510ca71226cc,SO74810,150,LJ-0192-L,3,150,6cf9e035d2f1d8ffe1b9f2f96a9e7a3a
12334,c926349b55a58d87d7d5008c349fd1e9,9e8cbc3edbb5efb3f48d6afb260e4725,SO60086,8,CL-9009,1,8,ccb91034934bb047c5f6a32eb289b95b
12334,c926349b55a58d87d7d5008c349fd1e9,9e8cbc3edbb5efb3f48d6afb260e4725,SO60086,2,PK-7098,1,2,ccb91034934bb047c5f6a32eb289b95b
12334,c926349b55a58d87d7d5008c349fd1e9,9e8cbc3edbb5efb3f48d6afb260e4725,SO60086,29,TI-T723,1,29,ccb91034934bb047c5f6a32eb289b95b
12334,c926349b55a58d87d7d5008c349fd1e9,9e8cbc3edbb5efb3f48d6afb260e4725,SO60086,5,TT-T092,1,5,ccb91034934bb047c5f6a32eb289b95b
12335,5acc3f37654c9c360551251e81e6001c,8db869d79195e5e17fdcc7c203499b29,SO48545,4098,BK-M68B-42,2,4098,0cae3b8f778ef4612ed00352a284e421
12335,6e5c4b769f8f70f9fd01b24ba5be9695,40e7dd73b09eac540e790daf6fac41af,SO54827,10,BC-M005,1,10,106dfbaf552c07a1b08d065f2c343982
12335,6e5c4b769f8f70f9fd01b24ba5be9695,40e7dd73b09eac540e790daf6fac41af,SO54827,4640,BK-M68S-38,2,4640,106dfbaf552c07a1b08d065f2c343982
12335,6e5c4b769f8f70f9fd01b24ba5be9695,40e7dd73b09eac540e790daf6fac41af,SO54827,105,HL-U509-B,3,105,106dfbaf552c07a1b08d065f2c343982
12335,6e5c4b769f8f70f9fd01b24ba5be9695,40e7dd73b09eac540e790daf6fac41af,SO54827,5,WB-H098,1,5,106dfbaf552c07a1b08d065f2c343982
12335,6e5c4b769f8f70f9fd01b24ba5be9695,40e7dd73b09eac540e790daf6fac41af,SO54879,2384,BK-T79Y-46,1,2384,106dfbaf552c07a1b08d065f2c343982
12335,6e5c4b769f8f70f9fd01b24ba5be9695,40e7dd73b09eac540e790daf6fac41af,SO54879,48,GL-H102-L,2,48,106dfbaf552c07a1b08d065f2c343982
12335,6e5c4b769f8f70f9fd01b24ba5be9695,40e7dd73b09eac540e790daf6fac41af,SO54879,105,HL-U509-B,3,105,106dfbaf552c07a1b08d065f2c343982
12335,6e5c4b769f8f70f9fd01b24ba5be9695,40e7dd73b09eac540e790daf6fac41af,SO54879,150,LJ-0192-S,3,150,106dfbaf552c07a1b08d065f2c343982
12336,47a161474962a6dcc03cfa64127a641f,8920fd63645007b243abb750709b1172,SO73224,150,LJ-0192-M,3,150,c5ed53572c667b119dde2fc0f54de602
12336,714597fe9448176d17876617114a65bc,d6ec5bff1a0809822c740ce35792fa7a,SO53224,29,TI-T723,1,29,3143ce3c6436ed5bd25398756b7b661d
12337,39fe373cdcb4534addde73890415b660,41fc4cb27e0ee552c4c9247e1a476cc5,SO55917,10,BC-M005,1,10,3519c8eb4095dbc69d80eb61856d3435
12337,39fe373cdcb4534addde73890415b660,41fc4cb27e0ee552c4c9247e1a476cc5,SO55917,4640,BK-M68S-42,2,4640,3519c8eb4095dbc69d80eb61856d3435
12337,39fe373cdcb4534addde73890415b660,41fc4cb27e0ee552c4c9247e1a476cc5,SO55917,27,CA-1098,3,27,3519c8eb4095dbc69d80eb61856d3435
12337,39fe373cdcb4534addde73890415b660,41fc4cb27e0ee552c4c9247e1a476cc5,SO55917,5,WB-H098,1,5,3519c8eb4095dbc69d80eb61856d3435
12337,8a5d7ee8a6750efd5364f3ccd8e7ea1b,79aec4feadc6bb77df978e9aecbf488e,SO46436,3400,BK-M82S-48,1,3400,f2a989663bc8d65aa827c90de8522a12
12337,99b7e934795a93975a5e0c0b9b57d9ba,870bd4f3713260418e4f342f31dc7e33,SO63879,2384,BK-T79U-60,1,2384,7a8e187aeb003f6e34c02a4d5b9b153e
12337,99b7e934795a93975a5e0c0b9b57d9ba,870bd4f3713260418e4f342f31dc7e33,SO63879,27,CA-1098,3,27,7a8e187aeb003f6e34c02a4d5b9b153e
12338,03e9c154083778a02a19e7d2c3dcd97d,d37ddfbd511aeb9a1d163babcb308cf0,SO46575,3375,BK-M82B-48,1,3375,700b2fdf8bbe790f020e8c6fb93a2d71
12338,40ff348468b73116a7077c246985e0bf,a2c49941411089cb2a9cbf78cb803c26,SO56789,4590,BK-M68B-46,2,4590,830e779850b1d58733a7ad711bf6b83f
12338,40ff348468b73116a7077c246985e0bf,a2c49941411089cb2a9cbf78cb803c26,SO56789,22,FE-6654,1,22,830e779850b1d58733a7ad711bf6b83f
12338,40ff348468b73116a7077c246985e0bf,a2c49941411089cb2a9cbf78cb803c26,SO56789,120,RA-H123,1,120,830e779850b1d58733a7ad711bf6b83f
12338,58f0b42da53adeeccbfa693883fea672,8c9ec1be720ee75d56d0c250d10610fa,SO64452,9,BC-R205,1,9,d4746e41b619da57ee9f1a2e2cc254e8
12338,58f0b42da53adeeccbfa693883fea672,8c9ec1be720ee75d56d0c250d10610fa,SO64452,2384,BK-T79Y-60,1,2384,d4746e41b619da57ee9f1a2e2cc254e8
12338,58f0b42da53adeeccbfa693883fea672,8c9ec1be720ee75d56d0c250d10610fa,SO64452,55,HY-1023-70,1,55,d4746e41b619da57ee9f1a2e2cc254e8
12338,58f0b42da53adeeccbfa693883fea672,8c9ec1be720ee75d56d0c250d10610fa,SO64452,5,WB-H098,1,5,d4746e41b619da57ee9f1a2e2cc254e8
12339,1786ecaa04cd18d45fa6519a0c4a5c4a,237af51ebd50812b99ed354c75c3e11d,SO46807,4142,BK-M68S-42,2,4142,d3fa88b8a081356f91911e74ecf7e481
12339,55f9f4cb5784581a517e59904e0d5e2f,9b6872ca1d80024637e967d1066bba0a,SO56064,4640,BK-M68S-46,2,4640,1678083e7ff90bd404baad3f60bffa37
12339,55f9f4cb5784581a517e59904e0d5e2f,9b6872ca1d80024637e967d1066bba0a,SO56064,55,HY-1023-70,1,55,1678083e7ff90bd404baad3f60bffa37
12339,7a8e187aeb003f6e34c02a4d5b9b153e,2fe1a028f9398deb2efcd536c8246fae,SO63550,2384,BK-T79U-54,1,2384,ba19c22033aaecc6c5dad47f63e5858c
12339,7a8e187aeb003f6e34c02a4d5b9b153e,2fe1a028f9398deb2efcd536c8246fae,SO63550,105,HL-U509-B,3,105,ba19c22033aaecc6c5dad47f63e5858c
12340,6353a8421ee460b64f2c988cc72a8391,59c3d64cb01cd5ad7fd25246d81a55ff,SO56218,10,BC-M005,1,10,5691ac18f59a9af20f9d8703772afbba
12340,6353a8421ee460b64f2c988cc72a8391,59c3d64cb01cd5ad7fd25246d81a55ff,SO56218,4590,BK-M68B-42,2,4590,5691ac18f59a9af20f9d8703772afbba
12340,6353a8421ee460b64f2c988cc72a8391,59c3d64cb01cd5ad7fd25246d81a55ff,SO56218,27,CA-1098,3,27,5691ac18f59a9af20f9d8703772afbba
12340,6353a8421ee460b64f2c988cc72a8391,59c3d64cb01cd5ad7fd25246d81a55ff,SO56218,5,WB-H098,1,5,5691ac18f59a9af20f9d8703772afbba
12340,65b64297f0421f6e057524afb222b411,100feae0ab76bce714e9670fc87cdb42,SO46887,4098,BK-M68B-46,2,4098,c6dec085564ebca8c2e300f077425d2f
12340,6dd75c28a9a8a39e02bc0a175f82a9f3,dfcee565bb2da80a7b76451a5cd314a1,SO66940,2384,BK-T79Y-54,1,2384,f88b3743a9ce1f9455b6de69380b486a
12341,3509cccaf2642efa12aab8da9ba03c1f,0e3f5655bf7de733060720a9c9e92669,SO46736,4098,BK-M68B-42,2,4098,541309d30f5cea4d94f655886354e3fd
12341,9b6872ca1d80024637e967d1066bba0a,4310d0d92131e34ff2716d85e1953174,SO55374,4590,BK-M68B-42,2,4590,7b0730955172ecda497d7cca6b1d87a1
12341,e82ca4c6beebe812f10fa1041b97a160,9d934f91c460e9947414d00048f2fa36,SO66078,2384,BK-T79Y-46,1,2384,6d1d8a1c7851eb5a946d45009cea6d9f
12341,e82ca4c6beebe812f10fa1041b97a160,9d934f91c460e9947414d00048f2fa36,SO66078,48,GL-H102-M,2,48,6d1d8a1c7851eb5a946d45009cea6d9f
12341,e82ca4c6beebe812f10fa1041b97a160,9d934f91c460e9947414d00048f2fa36,SO66078,54,SJ-0194-X,1,54,6d1d8a1c7851eb5a946d45009cea6d9f
12341,e82ca4c6beebe812f10fa1041b97a160,9d934f91c460e9947414d00048f2fa36,SO66078,29,TI-T723,1,29,6d1d8a1c7851eb5a946d45009cea6d9f
12341,e82ca4c6beebe812f10fa1041b97a160,9d934f91c460e9947414d00048f2fa36,SO66078,5,TT-T092,1,5,6d1d8a1c7851eb5a946d45009cea6d9f
12342,6dd75c28a9a8a39e02bc0a175f82a9f3,dfcee565bb2da80a7b76451a5cd314a1,SO66941,2384,BK-T79U-46,1,2384,f88b3743a9ce1f9455b6de69380b486a
12342,6dd75c28a9a8a39e02bc0a175f82a9f3,dfcee565bb2da80a7b76451a5cd314a1,SO66941,105,HL-U509-R,3,105,f88b3743a9ce1f9455b6de69380b486a
12342,a9cefc49af6424b430612adfc69876ee,d34ba8f5d7fd7d5959a34c283fbec422,SO55859,10,BC-M005,1,10,59c3d64cb01cd5ad7fd25246d81a55ff
12342,a9cefc49af6424b430612adfc69876ee,d34ba8f5d7fd7d5959a34c283fbec422,SO55859,4640,BK-M68S-38,2,4640,59c3d64cb01cd5ad7fd25246d81a55ff
12342,a9cefc49af6424b430612adfc69876ee,d34ba8f5d7fd7d5959a34c283fbec422,SO55859,105,HL-U509-B,3,105,59c3d64cb01cd5ad7fd25246d81a55ff
12342,a9cefc49af6424b430612adfc69876ee,d34ba8f5d7fd7d5959a34c283fbec422,SO55859,5,WB-H098,1,5,59c3d64cb01cd5ad7fd25246d81a55ff
12342,c75ebcb138485ff2faa2ca7c6dda6bf5,ebce0865da088132946764a3527b5a4e,SO46788,4098,BK-M68B-38,2,4098,72171e6e7eab0887133ec8422525979d
12343,100acb16459de9c5ebfc99be9a36afbe,72171e6e7eab0887133ec8422525979d,SO46844,4098,BK-M68B-38,2,4098,aa4ae995295bc6ee1d97c709a638619d
12343,4004a117f65dfd3221a9cce8fce5a45f,6ef7b4bb93d4e54234cf965ed2334682,SO66746,4590,BK-M68B-46,2,4590,0120f4004ede1143c3be6caa4227affe
12343,485ae69515bc4c60ef546ff289741f60,40ff348468b73116a7077c246985e0bf,SO57633,1215,BK-T44U-50,1,1215,375bde15092f45652b6398c1dff650d0
12343,485ae69515bc4c60ef546ff289741f60,40ff348468b73116a7077c246985e0bf,SO57633,9,SO-R809-L,1,9,375bde15092f45652b6398c1dff650d0
12344,9c56075241a26f6fa77eb86b15411c6e,9444f850ff0c10a862b4a6a9c4ab0a74,SO54382,2,PK-7098,1,2,ab2e81a99745ffff6c06e2be93290d1b
12344,9c56075241a26f6fa77eb86b15411c6e,9444f850ff0c10a862b4a6a9c4ab0a74,SO54382,25,TI-M267,1,25,ab2e81a99745ffff6c06e2be93290d1b
12344,9c56075241a26f6fa77eb86b15411c6e,9444f850ff0c10a862b4a6a9c4ab0a74,SO54382,5,TT-M928,1,5,ab2e81a99745ffff6c06e2be93290d1b
12344,a976f17830aceaaa93d5daef0bc209a3,d9f7611cf8d29b48a1d3d8fddb8c5b2e,SO57486,8,CL-9009,1,8,0e23f371129aecc6b2033620b226f8d7
12344,a976f17830aceaaa93d5daef0bc209a3,d9f7611cf8d29b48a1d3d8fddb8c5b2e,SO57486,4,TT-R982,1,4,0e23f371129aecc6b2033620b226f8d7
12344,abe94c2111c58e9c9672602d41bce66e,0149f124a48640c62d90840ac5760331,SO64122,48,GL-H102-M,2,48,99b7e934795a93975a5e0c0b9b57d9ba
12345,2fb09097185e604aaadbfde958fd6262,a1e59736d286765313b8212467dc64b2,SO74587,4,TT-R982,1,4,88d8e3ff674b1514a19b24621707f0d9
12345,3c8e2c51453f4d665f1050da871dead6,1f50dad3f1493a5cf408c4eb3987479e,SO55386,8,CL-9009,1,8,d34ba8f5d7fd7d5959a34c283fbec422
12345,3c8e2c51453f4d665f1050da871dead6,1f50dad3f1493a5cf408c4eb3987479e,SO55386,2,PK-7098,1,2,d34ba8f5d7fd7d5959a34c283fbec422
12345,3c8e2c51453f4d665f1050da871dead6,1f50dad3f1493a5cf408c4eb3987479e,SO55386,25,TI-M267,1,25,d34ba8f5d7fd7d5959a34c283fbec422
12345,3c8e2c51453f4d665f1050da871dead6,1f50dad3f1493a5cf408c4eb3987479e,SO55386,5,TT-M928,1,5,d34ba8f5d7fd7d5959a34c283fbec422
12345,59c3d64cb01cd5ad7fd25246d81a55ff,ac15b60491fe99190c0248790e690757,SO55512,48,GL-H102-S,2,48,d8a4ea0dc4237ee8690ee37b3902fd0e
12346,3509cccaf2642efa12aab8da9ba03c1f,0e3f5655bf7de733060720a9c9e92669,SO46737,4142,BK-M68S-42,2,4142,541309d30f5cea4d94f655886354e3fd
12346,427ed6396fba4ed8ead9ec3229517d2b,3519c8eb4095dbc69d80eb61856d3435,SO56270,4640,BK-M68S-38,2,4640,629ffff971d10f275a79a70fae527fbc
12346,427ed6396fba4ed8ead9ec3229517d2b,3519c8eb4095dbc69d80eb61856d3435,SO56270,105,HL-U509-B,3,105,629ffff971d10f275a79a70fae527fbc
12346,f88b3743a9ce1f9455b6de69380b486a,64cadfde6f66bc25043d0d69f5ae5471,SO66637,2384,BK-T79Y-54,1,2384,3dc63b2d6dcc8f0b6720b06b5439a0b1
12346,f88b3743a9ce1f9455b6de69380b486a,64cadfde6f66bc25043d0d69f5ae5471,SO66637,54,SJ-0194-X,1,54,3dc63b2d6dcc8f0b6720b06b5439a0b1
12347,1786ecaa04cd18d45fa6519a0c4a5c4a,237af51ebd50812b99ed354c75c3e11d,SO46808,4098,BK-M68B-42,2,4098,d3fa88b8a081356f91911e74ecf7e481
12347,a1d0c0a14c6c8f8a8ef8220209c23a64,05e7920e8caf0303dc01b77666952b75,SO67016,2384,BK-T79Y-50,1,2384,cd15e5f80ff20dd345bfaa51400dd0d6
12347,a1d0c0a14c6c8f8a8ef8220209c23a64,05e7920e8caf0303dc01b77666952b75,SO67016,105,HL-U509-R,3,105,cd15e5f80ff20dd345bfaa51400dd0d6
12347,bc761b2b7297029a695fbd6dd0470724,fef3080ec197edd1a04bb18afd31d16d,SO55668,4590,BK-M68B-42,2,4590,9b6872ca1d80024637e967d1066bba0a
12347,bc761b2b7297029a695fbd6dd0470724,fef3080ec197edd1a04bb18afd31d16d,SO55668,22,FE-6654,1,22,9b6872ca1d80024637e967d1066bba0a
12347,bc761b2b7297029a695fbd6dd0470724,fef3080ec197edd1a04bb18afd31d16d,SO55668,54,SJ-0194-S,1,54,9b6872ca1d80024637e967d1066bba0a
12348,05e7920e8caf0303dc01b77666952b75,eea5b3bd1bd5d5c62a1d22f78d3ba263,SO66261,9,BC-R205,1,9,3a2f313512bb520c43971e54ba834dec
12348,05e7920e8caf0303dc01b77666952b75,eea5b3bd1bd5d5c62a1d22f78d3ba263,SO66261,2384,BK-T79U-54,1,2384,3a2f313512bb520c43971e54ba834dec
12348,05e7920e8caf0303dc01b77666952b75,eea5b3bd1bd5d5c62a1d22f78d3ba263,SO66261,105,HL-U509,3,105,3a2f313512bb520c43971e54ba834dec
12348,05e7920e8caf0303dc01b77666952b75,eea5b3bd1bd5d5c62a1d22f78d3ba263,SO66261,5,WB-H098,1,5,3a2f313512bb520c43971e54ba834dec
12348,18025e6a8791d350428f65c0783ebd99,3c8e2c51453f4d665f1050da871dead6,SO56113,10,BC-M005,1,10,a9cefc49af6424b430612adfc69876ee
12348,18025e6a8791d350428f65c0783ebd99,3c8e2c51453f4d665f1050da871dead6,SO56113,4640,BK-M68S-38,2,4640,a9cefc49af6424b430612adfc69876ee
12348,18025e6a8791d350428f65c0783ebd99,3c8e2c51453f4d665f1050da871dead6,SO56113,105,HL-U509-B,3,105,a9cefc49af6424b430612adfc69876ee
12348,18025e6a8791d350428f65c0783ebd99,3c8e2c51453f4d665f1050da871dead6,SO56113,54,SJ-0194-M,1,54,a9cefc49af6424b430612adfc69876ee
12348,18025e6a8791d350428f65c0783ebd99,3c8e2c51453f4d665f1050da871dead6,SO56113,5,WB-H098,1,5,a9cefc49af6424b430612adfc69876ee
12348,7f9d156e18f1be5abef55a22081e71ce,7dcc4d0bd00b29e904618bdf6adc66e9,SO46927,4098,BK-M68B-46,2,4098,65b64297f0421f6e057524afb222b411
12349,3c8e2c51453f4d665f1050da871dead6,1f50dad3f1493a5cf408c4eb3987479e,SO55446,4590,BK-M68B-42,2,4590,d34ba8f5d7fd7d5959a34c283fbec422
12349,3c8e2c51453f4d665f1050da871dead6,1f50dad3f1493a5cf408c4eb3987479e,SO55446,105,HL-U509-R,3,105,d34ba8f5d7fd7d5959a34c283fbec422
12349,8d1d4829b2e801ba4e41ba48f5a549d4,a6d37e298c3042e300813f55a17e0875,SO65560,2384,BK-T79Y-54,1,2384,ccf89c691dabb1412404274596922d90
12349,8d1d4829b2e801ba4e41ba48f5a549d4,a6d37e298c3042e300813f55a17e0875,SO65560,27,CA-1098,3,27,ccf89c691dabb1412404274596922d90
12349,ebce0865da088132946764a3527b5a4e,c79548466fdad0728a9aa092fbad03a7,SO46681,4098,BK-M68B-46,2,4098,03e9c154083778a02a19e7d2c3dcd97d
12350,0001ffe4d82d0d8f9fec5ab0b4faa2db,3dc63b2d6dcc8f0b6720b06b5439a0b1,SO67080,9,BC-R205,1,9,4004a117f65dfd3221a9cce8fce5a45f
12350,0001ffe4d82d0d8f9fec5ab0b4faa2db,3dc63b2d6dcc8f0b6720b06b5439a0b1,SO67080,2384,BK-T79Y-54,1,2384,4004a117f65dfd3221a9cce8fce5a45f
12350,0001ffe4d82d0d8f9fec5ab0b4faa2db,3dc63b2d6dcc8f0b6720b06b5439a0b1,SO67080,2,PK-7098,1,2,4004a117f65dfd3221a9cce8fce5a45f
12350,0001ffe4d82d0d8f9fec5ab0b4faa2db,3dc63b2d6dcc8f0b6720b06b5439a0b1,SO67080,5,WB-H098,1,5,4004a117f65dfd3221a9cce8fce5a45f
12350,a8ef76a01442567fb64eb6f4408a9835,427ed6396fba4ed8ead9ec3229517d2b,SO56900,4640,BK-M68S-42,2,4640,eba5233d2dd8ea5031e646882335ece0
12350,fd2d4f3c923f907724bbdb60a26a944e,9168e86a755a5c41b2494b0599f3c88a,SO46749,4142,BK-M68S-42,2,4142,237af51ebd50812b99ed354c75c3e11d
12351,60b901e6d879ccf3b3246e54133acee5,01e8942a5792053a553c4612bd6c06a6,SO75064,55,HY-1023-70,1,55,021d7f51f97fea2b23b069288066b34d
12351,60b901e6d879ccf3b3246e54133acee5,01e8942a5792053a553c4612bd6c06a6,SO75064,9,SO-R809-L,1,9,021d7f51f97fea2b23b069288066b34d
12351,60b901e6d879ccf3b3246e54133acee5,01e8942a5792053a553c4612bd6c06a6,SO75064,4,TT-R982,1,4,021d7f51f97fea2b23b069288066b34d
12351,a6f2945baeceeef4c8d541a22f6e99e9,d5985f40495ba672dff8a99620b879c8,SO72518,48,GL-H102-S,2,48,95a2a9aefc393f8630e934768cacf4cd
12351,e0bcd0ff3072dfe15609d6be1529b0b8,c660dc308b247ce08aeecd155306bae0,SO60701,25,TI-M267,1,25,39ff8ac1e8a44088f96e17b846ec8baf
12351,e0bcd0ff3072dfe15609d6be1529b0b8,c660dc308b247ce08aeecd155306bae0,SO60701,5,TT-M928,1,5,39ff8ac1e8a44088f96e17b846ec8baf
12351,e0bcd0ff3072dfe15609d6be1529b0b8,c660dc308b247ce08aeecd155306bae0,SO60701,64,VE-C304-L,1,64,39ff8ac1e8a44088f96e17b846ec8baf
12352,6a8d7e42bb852c45fbf8610361d391a0,3f72b837978dcd042b73e7270f11a4ca,SO71100,48,GL-H102-M,2,48,49fce086a31f1cfcf16b54e462f7cbc0
12352,8e8847c1bdf012037ee13bb62da8a5c1,c507827aa5f4f6bbedf64058461c621b,SO67211,48,GL-H102-M,2,48,6dd75c28a9a8a39e02bc0a175f82a9f3
12352,8e8847c1bdf012037ee13bb62da8a5c1,c507827aa5f4f6bbedf64058461c621b,SO67211,105,HL-U509,3,105,6dd75c28a9a8a39e02bc0a175f82a9f3
12352,8e8847c1bdf012037ee13bb62da8a5c1,c507827aa5f4f6bbedf64058461c621b,SO67211,4,TT-R982,1,4,6dd75c28a9a8a39e02bc0a175f82a9f3
12352,ec24e4cf9fcc90f3bbe81b2fb3735c21,c4369eefdf9bb8a3f9115e96b40aaf17,SO69795,2,PK-7098,1,2,f06fd077b6afc2d69af6e1e548da266d
12352,ec24e4cf9fcc90f3bbe81b2fb3735c21,c4369eefdf9bb8a3f9115e96b40aaf17,SO69795,159,ST-1401,1,159,f06fd077b6afc2d69af6e1e548da266d
12352,ec24e4cf9fcc90f3bbe81b2fb3735c21,c4369eefdf9bb8a3f9115e96b40aaf17,SO69795,25,TI-M267,1,25,f06fd077b6afc2d69af6e1e548da266d
12353,02b96ab6e0935145589be4e1408a1675,58f0b42da53adeeccbfa693883fea672,SO65394,2384,BK-T79U-60,1,2384,b68fd63ca41d49bfc1b18251202c053f
12353,6fc36aded95458634a0e8ab8b9ebc24a,1786ecaa04cd18d45fa6519a0c4a5c4a,SO46903,4142,BK-M68S-42,2,4142,d1638c6e02871b5c4957d2fe848b551a
12353,bc761b2b7297029a695fbd6dd0470724,fef3080ec197edd1a04bb18afd31d16d,SO55666,10,BC-M005,1,10,9b6872ca1d80024637e967d1066bba0a
12353,bc761b2b7297029a695fbd6dd0470724,fef3080ec197edd1a04bb18afd31d16d,SO55666,4590,BK-M68B-38,2,4590,9b6872ca1d80024637e967d1066bba0a
12353,bc761b2b7297029a695fbd6dd0470724,fef3080ec197edd1a04bb18afd31d16d,SO55666,5,WB-H098,1,5,9b6872ca1d80024637e967d1066bba0a
12354,8d71482745a6a1be4fbbc5562ade4657,089c2a426c196c5ca5facb20896c90bb,SO56948,10,BC-M005,1,10,d9f7611cf8d29b48a1d3d8fddb8c5b2e
12354,8d71482745a6a1be4fbbc5562ade4657,089c2a426c196c5ca5facb20896c90bb,SO56948,4590,BK-M68B-46,2,4590,d9f7611cf8d29b48a1d3d8fddb8c5b2e
12354,8d71482745a6a1be4fbbc5562ade4657,089c2a426c196c5ca5facb20896c90bb,SO56948,5,WB-H098,1,5,d9f7611cf8d29b48a1d3d8fddb8c5b2e
12354,bea2034ab47ba6f72c2dea803bbc3328,2f6f8a5ec1c6c4b60d2ceb4eb5ad9c78,SO46728,4098,BK-M68B-38,2,4098,ebce0865da088132946764a3527b5a4e
12354,e2f0a420a4c1a9e8e292761f835e0489,4eec6eda382b9c44e240ad4b4b5e9cc0,SO65626,2384,BK-T79Y-60,1,2384,9d934f91c460e9947414d00048f2fa36
12354,e2f0a420a4c1a9e8e292761f835e0489,4eec6eda382b9c44e240ad4b4b5e9cc0,SO65626,54,SJ-0194-M,1,54,9d934f91c460e9947414d00048f2fa36
12355,2296af5563b2061aa1d88124a37eecb7,6866da5d40f1aad2d82129d5ffa25bda,SO66565,2384,BK-T79U-46,1,2384,05e7920e8caf0303dc01b77666952b75
12355,2296af5563b2061aa1d88124a37eecb7,6866da5d40f1aad2d82129d5ffa25bda,SO66565,29,TI-T723,1,29,05e7920e8caf0303dc01b77666952b75
12355,2296af5563b2061aa1d88124a37eecb7,6866da5d40f1aad2d82129d5ffa25bda,SO66565,5,TT-T092,1,5,05e7920e8caf0303dc01b77666952b75
12355,3c8e2c51453f4d665f1050da871dead6,1f50dad3f1493a5cf408c4eb3987479e,SO55447,4640,BK-M68S-42,2,4640,d34ba8f5d7fd7d5959a34c283fbec422
12355,3c8e2c51453f4d665f1050da871dead6,1f50dad3f1493a5cf408c4eb3987479e,SO55447,22,FE-6654,1,22,d34ba8f5d7fd7d5959a34c283fbec422
12355,3c8e2c51453f4d665f1050da871dead6,1f50dad3f1493a5cf408c4eb3987479e,SO55447,9,SO-R809-M,1,9,d34ba8f5d7fd7d5959a34c283fbec422
12355,ebce0865da088132946764a3527b5a4e,c79548466fdad0728a9aa092fbad03a7,SO46682,4098,BK-M68B-38,2,4098,03e9c154083778a02a19e7d2c3dcd97d
12356,b988e88fd94a3b47434beeb650cff880,3c1811b546060d91957cc446aabc4a3c,SO56369,4640,BK-M68S-46,2,4640,18025e6a8791d350428f65c0783ebd99
12356,b988e88fd94a3b47434beeb650cff880,3c1811b546060d91957cc446aabc4a3c,SO56369,22,FE-6654,1,22,18025e6a8791d350428f65c0783ebd99
12356,cd15e5f80ff20dd345bfaa51400dd0d6,3a2f313512bb520c43971e54ba834dec,SO66696,2384,BK-T79Y-46,1,2384,4efe8b2ca156042f8a3d8dd6aba54520
12356,cd15e5f80ff20dd345bfaa51400dd0d6,3a2f313512bb520c43971e54ba834dec,SO66696,105,HL-U509-R,3,105,4efe8b2ca156042f8a3d8dd6aba54520
12356,de3a4af731cd077daa2beb37e580c57f,4a318fb9cfbe73b094d25673d3ce9e38,SO46776,4098,BK-M68B-42,2,4098,3509cccaf2642efa12aab8da9ba03c1f
12357,1faee5670542865e021595151379fe5c,e5114f65ece65e14e7b721dab1e674e0,SO69727,4,TT-R982,1,4,83d1ed00595e79ee5ea3797e97970fe8
12357,54d3ba66c5e71d3112695b882ca2030e,e4b40b4ba619c72ec5a69caad258d393,SO74559,48,GL-H102-M,2,48,40eee601514259a9632d510ca71226cc
12357,8728a5e296f39e49d2fa74c31820e99f,66e56e10b0f528b66a45e307ecdf4774,SO69568,48,GL-H102-M,2,48,3fe686907939d07097f6c87f08025422
12357,8728a5e296f39e49d2fa74c31820e99f,66e56e10b0f528b66a45e307ecdf4774,SO69568,105,HL-U509-R,3,105,3fe686907939d07097f6c87f08025422
12357,8728a5e296f39e49d2fa74c31820e99f,66e56e10b0f528b66a45e307ecdf4774,SO69568,25,TI-M267,1,25,3fe686907939d07097f6c87f08025422
12357,8728a5e296f39e49d2fa74c31820e99f,66e56e10b0f528b66a45e307ecdf4774,SO69568,5,TT-M928,1,5,3fe686907939d07097f6c87f08025422
12358,6d1d8a1c7851eb5a946d45009cea6d9f,3f0c8308e4e2e5c4ddc1b7e19304f613,SO65744,2384,BK-T79Y-46,1,2384,6582aa26281b9a92ad60e6a03e274c00
12358,6d1d8a1c7851eb5a946d45009cea6d9f,3f0c8308e4e2e5c4ddc1b7e19304f613,SO65744,105,HL-U509-R,3,105,6582aa26281b9a92ad60e6a03e274c00
12358,7f9d156e18f1be5abef55a22081e71ce,7dcc4d0bd00b29e904618bdf6adc66e9,SO46928,4142,BK-M68S-46,2,4142,65b64297f0421f6e057524afb222b411
12358,ed268f8f3837888893f896b7240f1254,a9cefc49af6424b430612adfc69876ee,SO56476,4590,BK-M68B-38,2,4590,6353a8421ee460b64f2c988cc72a8391
12358,ed268f8f3837888893f896b7240f1254,a9cefc49af6424b430612adfc69876ee,SO56476,2,PK-7098,1,2,6353a8421ee460b64f2c988cc72a8391
12359,2296af5563b2061aa1d88124a37eecb7,6866da5d40f1aad2d82129d5ffa25bda,SO66514,2,PK-7098,1,2,05e7920e8caf0303dc01b77666952b75
12359,2296af5563b2061aa1d88124a37eecb7,6866da5d40f1aad2d82129d5ffa25bda,SO66514,4,TT-R982,1,4,05e7920e8caf0303dc01b77666952b75
12359,c7390752782466cfc9a3ed7d3a79e046,0001ffe4d82d0d8f9fec5ab0b4faa2db,SO67907,48,GL-H102-M,2,48,16e364d19895243407b256ec272d5394
12359,dfcee565bb2da80a7b76451a5cd314a1,6582aa26281b9a92ad60e6a03e274c00,SO66158,105,HL-U509-R,3,105,64cadfde6f66bc25043d0d69f5ae5471
12359,dfcee565bb2da80a7b76451a5cd314a1,6582aa26281b9a92ad60e6a03e274c00,SO66158,25,TI-M267,1,25,64cadfde6f66bc25043d0d69f5ae5471
12359,dfcee565bb2da80a7b76451a5cd314a1,6582aa26281b9a92ad60e6a03e274c00,SO66158,5,TT-M928,1,5,64cadfde6f66bc25043d0d69f5ae5471
12360,7dcc4d0bd00b29e904618bdf6adc66e9,3509cccaf2642efa12aab8da9ba03c1f,SO46833,4142,BK-M68S-42,2,4142,100feae0ab76bce714e9670fc87cdb42
12360,8d71482745a6a1be4fbbc5562ade4657,089c2a426c196c5ca5facb20896c90bb,SO56949,4590,BK-M68B-38,2,4590,d9f7611cf8d29b48a1d3d8fddb8c5b2e
12360,a1d0c0a14c6c8f8a8ef8220209c23a64,05e7920e8caf0303dc01b77666952b75,SO67017,2384,BK-T79Y-60,1,2384,cd15e5f80ff20dd345bfaa51400dd0d6
12361,1556bafff387fc8f2f6fef64c1daa6bc,8728a5e296f39e49d2fa74c31820e99f,SO70455,25,TI-M267,1,25,e871b36e68b0b3d0af9c742d81fef27a
12361,1556bafff387fc8f2f6fef64c1daa6bc,8728a5e296f39e49d2fa74c31820e99f,SO70455,5,TT-M928,1,5,e871b36e68b0b3d0af9c742d81fef27a
12361,2797a91b25bc2aa85124c99bc574dc83,86bfb8ffc7a79e52d833cedce4d275bf,SO71027,48,GL-H102-S,2,48,a9adf65abbb865184bf924d14a93d0c4
12361,f88b3743a9ce1f9455b6de69380b486a,64cadfde6f66bc25043d0d69f5ae5471,SO66573,159,ST-1401,1,159,3dc63b2d6dcc8f0b6720b06b5439a0b1
12361,f88b3743a9ce1f9455b6de69380b486a,64cadfde6f66bc25043d0d69f5ae5471,SO66573,4,TT-R982,1,4,3dc63b2d6dcc8f0b6720b06b5439a0b1
12362,4ceff7612cfa4420892fe23b23ca9265,5691ac18f59a9af20f9d8703772afbba,SO56587,4590,BK-M68B-42,2,4590,089c2a426c196c5ca5facb20896c90bb
12362,4ceff7612cfa4420892fe23b23ca9265,5691ac18f59a9af20f9d8703772afbba,SO56587,22,FE-6654,1,22,089c2a426c196c5ca5facb20896c90bb
12362,4ceff7612cfa4420892fe23b23ca9265,5691ac18f59a9af20f9d8703772afbba,SO56587,9,SO-R809-L,1,9,089c2a426c196c5ca5facb20896c90bb
12362,d0f6d44eeb1872b3e00d9f219db7d91c,ec3807bc691cff8019155b6bd6a3a85d,SO46423,3578,BK-R93R-52,1,3578,e0f48f5bd9667361697fd7895dbec731
12363,64cadfde6f66bc25043d0d69f5ae5471,18f358e551b5b85912bc952ab9894c0d,SO65824,30,TI-M602,1,30,8d1d4829b2e801ba4e41ba48f5a549d4
12363,702a02712215141594ddf8e52b0a651c,cd15e5f80ff20dd345bfaa51400dd0d6,SO67538,27,CA-1098,3,27,caa707f97407c07371136aaf471a91d4
12363,702a02712215141594ddf8e52b0a651c,cd15e5f80ff20dd345bfaa51400dd0d6,SO67538,105,HL-U509,3,105,caa707f97407c07371136aaf471a91d4
12363,702a02712215141594ddf8e52b0a651c,cd15e5f80ff20dd345bfaa51400dd0d6,SO67538,150,LJ-0192-X,3,150,caa707f97407c07371136aaf471a91d4
12363,702a02712215141594ddf8e52b0a651c,cd15e5f80ff20dd345bfaa51400dd0d6,SO67538,35,TI-M823,1,35,caa707f97407c07371136aaf471a91d4
12363,702a02712215141594ddf8e52b0a651c,cd15e5f80ff20dd345bfaa51400dd0d6,SO67538,5,TT-M928,1,5,caa707f97407c07371136aaf471a91d4
12363,d6ab5a0eee939524352092b964d92b84,106dfbaf552c07a1b08d065f2c343982,SO55197,10,BC-M005,1,10,3c4bf68562424c26986beae6ce13704a
12363,d6ab5a0eee939524352092b964d92b84,106dfbaf552c07a1b08d065f2c343982,SO55197,105,HL-U509,3,105,3c4bf68562424c26986beae6ce13704a
12363,d6ab5a0eee939524352092b964d92b84,106dfbaf552c07a1b08d065f2c343982,SO55197,5,WB-H098,1,5,3c4bf68562424c26986beae6ce13704a
12363,eef21e68ecca703bb338920b950f203c,f108e0cd2f96a0c22086f9d45ee08f19,SO60908,55,HY-1023-70,1,55,b21e833d3ead6056f1265f13fe1ff015
12363,eef21e68ecca703bb338920b950f203c,f108e0cd2f96a0c22086f9d45ee08f19,SO60908,5,WB-H098,1,5,b21e833d3ead6056f1265f13fe1ff015
12364,3c8e2c51453f4d665f1050da871dead6,1f50dad3f1493a5cf408c4eb3987479e,SO55442,4640,BK-M68S-46,2,4640,d34ba8f5d7fd7d5959a34c283fbec422
12364,b9edfdebe9fb3fad4862841e57e559d8,109b131069827970adb3b6d3aea896c2,SO46586,3578,BK-R93R-52,1,3578,b0d346be9fa7508e21d5c500b97e6b7a
12365,73a69a5c77a7d23172e54d7ce07a638e,5a06908cc28b799b04fc1c47664462e6,SO55455,9,BC-R205,1,9,41fc4cb27e0ee552c4c9247e1a476cc5
12365,73a69a5c77a7d23172e54d7ce07a638e,5a06908cc28b799b04fc1c47664462e6,SO55455,5,WB-H098,1,5,41fc4cb27e0ee552c4c9247e1a476cc5
12365,9a95fdf4e925d9cbd65f87b5aa4ac212,478ecc8cdaa127c33884d9f6c72c2cd5,SO59617,35,TI-M823,1,35,9e8cbc3edbb5efb3f48d6afb260e4725
12365,9a95fdf4e925d9cbd65f87b5aa4ac212,478ecc8cdaa127c33884d9f6c72c2cd5,SO59617,5,TT-M928,1,5,9e8cbc3edbb5efb3f48d6afb260e4725
12366,38c9e5d1e366b4c5c36aae682bc960c4,8fa3bab223bec6501ad71f96bb1067b6,SO71660,105,HL-U509,3,105,58c4ce5b9433e7b6d41793d5a76d5590
12366,38c9e5d1e366b4c5c36aae682bc960c4,8fa3bab223bec6501ad71f96bb1067b6,SO71660,35,TI-M823,1,35,58c4ce5b9433e7b6d41793d5a76d5590
12366,38c9e5d1e366b4c5c36aae682bc960c4,8fa3bab223bec6501ad71f96bb1067b6,SO71660,5,TT-M928,1,5,58c4ce5b9433e7b6d41793d5a76d5590
12366,55f9f4cb5784581a517e59904e0d5e2f,9b6872ca1d80024637e967d1066bba0a,SO56022,9,BC-R205,1,9,1678083e7ff90bd404baad3f60bffa37
12366,55f9f4cb5784581a517e59904e0d5e2f,9b6872ca1d80024637e967d1066bba0a,SO56022,5,WB-H098,1,5,1678083e7ff90bd404baad3f60bffa37
12367,1556bafff387fc8f2f6fef64c1daa6bc,8728a5e296f39e49d2fa74c31820e99f,SO70490,105,HL-U509-B,3,105,e871b36e68b0b3d0af9c742d81fef27a
12367,1556bafff387fc8f2f6fef64c1daa6bc,8728a5e296f39e49d2fa74c31820e99f,SO70490,150,LJ-0192-S,3,150,e871b36e68b0b3d0af9c742d81fef27a
12367,1556bafff387fc8f2f6fef64c1daa6bc,8728a5e296f39e49d2fa74c31820e99f,SO70490,21,TI-R092,1,21,e871b36e68b0b3d0af9c742d81fef27a
12367,1556bafff387fc8f2f6fef64c1daa6bc,8728a5e296f39e49d2fa74c31820e99f,SO70490,4,TT-R982,1,4,e871b36e68b0b3d0af9c742d81fef27a
12367,f04e53711455521533f4c5ed7dcaa287,5e9b4970006d8f02ba0bc1763fa8b9a6,SO52564,150,LJ-0192-M,3,150,f799d104dd23bb828dcdaaefc4d25b61
12368,38c9e5d1e366b4c5c36aae682bc960c4,8fa3bab223bec6501ad71f96bb1067b6,SO71664,105,HL-U509-R,3,105,58c4ce5b9433e7b6d41793d5a76d5590
12369,0001ffe4d82d0d8f9fec5ab0b4faa2db,3dc63b2d6dcc8f0b6720b06b5439a0b1,SO67021,2,PK-7098,1,2,4004a117f65dfd3221a9cce8fce5a45f
12369,88077cf01a3e17831c2d0bcca5897c5b,95a2a9aefc393f8630e934768cacf4cd,SO73036,105,HL-U509-R,3,105,86e0fc464cbb08ae74bd039224afec9a
12369,88077cf01a3e17831c2d0bcca5897c5b,95a2a9aefc393f8630e934768cacf4cd,SO73036,25,TI-M267,1,25,86e0fc464cbb08ae74bd039224afec9a
12369,88077cf01a3e17831c2d0bcca5897c5b,95a2a9aefc393f8630e934768cacf4cd,SO73036,5,TT-M928,1,5,86e0fc464cbb08ae74bd039224afec9a
12369,e366e24b8ad0b1107528f2f58cd15a81,921bc92a493b53f98f24e6a8a12801be,SO72443,22,FE-6654,1,22,c83e871e48c2716e0f28e60d166a5c98
12369,e366e24b8ad0b1107528f2f58cd15a81,921bc92a493b53f98f24e6a8a12801be,SO72443,5,TT-M928,1,5,c83e871e48c2716e0f28e60d166a5c98
12370,ad0b7f5ad35732646f1e5f67418d5995,244cede513841376c37dc856f2f5e7b9,SO59276,22,FE-6654,1,22,0df76889b3e31ccfd17b50cc73baef03
12370,ad0b7f5ad35732646f1e5f67418d5995,244cede513841376c37dc856f2f5e7b9,SO59276,5,TT-M928,1,5,0df76889b3e31ccfd17b50cc73baef03
12370,d34ba8f5d7fd7d5959a34c283fbec422,9c56075241a26f6fa77eb86b15411c6e,SO55035,2,PK-7098,1,2,ac15b60491fe99190c0248790e690757
12370,d34ba8f5d7fd7d5959a34c283fbec422,9c56075241a26f6fa77eb86b15411c6e,SO55035,25,TI-M267,1,25,ac15b60491fe99190c0248790e690757
12370,d34ba8f5d7fd7d5959a34c283fbec422,9c56075241a26f6fa77eb86b15411c6e,SO55035,5,TT-M928,1,5,ac15b60491fe99190c0248790e690757
12370,f04e53711455521533f4c5ed7dcaa287,5e9b4970006d8f02ba0bc1763fa8b9a6,SO52532,2,PK-7098,1,2,f799d104dd23bb828dcdaaefc4d25b61
12371,99c8f306659fd98cbb9d7f03ec0c2a7a,705fa39ab40831529471c768490339ab,SO69870,48,GL-H102-L,2,48,fff3c307c93eda1eb91d53ca588846fe
12371,99c8f306659fd98cbb9d7f03ec0c2a7a,705fa39ab40831529471c768490339ab,SO69870,105,HL-U509-B,3,105,fff3c307c93eda1eb91d53ca588846fe
12371,99c8f306659fd98cbb9d7f03ec0c2a7a,705fa39ab40831529471c768490339ab,SO69870,5,TT-M928,1,5,fff3c307c93eda1eb91d53ca588846fe
12371,d5985f40495ba672dff8a99620b879c8,a9adf65abbb865184bf924d14a93d0c4,SO71493,2,PK-7098,1,2,8f472ffe3ff3109f420ae91355ff8f3f
12371,d5985f40495ba672dff8a99620b879c8,a9adf65abbb865184bf924d14a93d0c4,SO71493,25,TI-M267,1,25,8f472ffe3ff3109f420ae91355ff8f3f
12371,d945ec2aae74dbfb829453026b91c235,348f48807f500aeac729fb17d9bc97f1,SO61322,2,PK-7098,1,2,eef21e68ecca703bb338920b950f203c
12371,d945ec2aae74dbfb829453026b91c235,348f48807f500aeac729fb17d9bc97f1,SO61322,120,RA-H123,1,120,eef21e68ecca703bb338920b950f203c
12372,1678083e7ff90bd404baad3f60bffa37,7b0730955172ecda497d7cca6b1d87a1,SO55748,2,PK-7098,1,2,73a69a5c77a7d23172e54d7ce07a638e
12372,1678083e7ff90bd404baad3f60bffa37,7b0730955172ecda497d7cca6b1d87a1,SO55748,5,TT-M928,1,5,73a69a5c77a7d23172e54d7ce07a638e
12372,6e5c4b769f8f70f9fd01b24ba5be9695,40e7dd73b09eac540e790daf6fac41af,SO54823,48,GL-H102-L,2,48,106dfbaf552c07a1b08d065f2c343982
12372,6e5c4b769f8f70f9fd01b24ba5be9695,40e7dd73b09eac540e790daf6fac41af,SO54823,105,HL-U509-B,3,105,106dfbaf552c07a1b08d065f2c343982
12372,6e5c4b769f8f70f9fd01b24ba5be9695,40e7dd73b09eac540e790daf6fac41af,SO54823,25,TI-M267,1,25,106dfbaf552c07a1b08d065f2c343982
12372,6e5c4b769f8f70f9fd01b24ba5be9695,40e7dd73b09eac540e790daf6fac41af,SO54823,5,TT-M928,1,5,106dfbaf552c07a1b08d065f2c343982
12372,95103530881768b5cfc7e33970db9cd7,2ed3972e38245b633ec6b146c2970148,SO62405,2,PK-7098,1,2,305c66634c155cab2b5cc3ce00351eb1
12373,58f0b42da53adeeccbfa693883fea672,56d78836c9cf0de136c4d2d37aba2280,SO64377,4640,BK-M68S-46,2,4640,d4746e41b619da57ee9f1a2e2cc254e8
12373,58f0b42da53adeeccbfa693883fea672,56d78836c9cf0de136c4d2d37aba2280,SO64377,48,GL-H102-S,2,48,d4746e41b619da57ee9f1a2e2cc254e8
12373,58f0b42da53adeeccbfa693883fea672,8c9ec1be720ee75d56d0c250d10610fa,SO64377,10,BC-M005,1,10,d4746e41b619da57ee9f1a2e2cc254e8
12373,58f0b42da53adeeccbfa693883fea672,8c9ec1be720ee75d56d0c250d10610fa,SO64377,5,WB-H098,1,5,d4746e41b619da57ee9f1a2e2cc254e8
12373,96d3e865edc2fe5309f3c81d7966ce52,a935c7a44f4c417071513541e30d7c95,SO45006,3578,BK-R93R-48,1,3578,c5a17660293447cbe93ad42b9ba5965c
12374,dca79d69a6b38e95c4b03bfab997796c,e5bf4a4a03e320ed76cf2ca68fa5b4c0,SO52395,105,HL-U509,3,105,9f79f7706bc6a7654ef0b8977966f69a
12375,54d3ba66c5e71d3112695b882ca2030e,e4b40b4ba619c72ec5a69caad258d393,SO74584,27,CA-1098,3,27,40eee601514259a9632d510ca71226cc
12375,54d3ba66c5e71d3112695b882ca2030e,e4b40b4ba619c72ec5a69caad258d393,SO74584,105,HL-U509-B,3,105,40eee601514259a9632d510ca71226cc
12376,02ad1a5ca18e58629b8c1d6a6401d071,8d71482745a6a1be4fbbc5562ade4657,SO57780,150,LJ-0192-M,3,150,a976f17830aceaaa93d5daef0bc209a3
12376,7254e54716fe52361e62aa16ea2e0797,6eaadc1181f307997dc853d9ed40db36,SO59439,21,TI-R092,1,21,e7df1b3ee078bdcfc260a877f321287d
12376,7254e54716fe52361e62aa16ea2e0797,6eaadc1181f307997dc853d9ed40db36,SO59439,4,TT-R982,1,4,e7df1b3ee078bdcfc260a877f321287d
12377,2d6e054ac82934d489c58cc8399a1628,ce08c22f7777768ce4197eab9727516c,SO60809,150,LJ-0192-L,3,150,348f48807f500aeac729fb17d9bc97f1
12378,83e4278f3d557c0bd5784b2bc83d617c,c8db84e7a63e3fa5806b462c51f794cd,SO49252,4142,BK-M68S-38,2,4142,120e988208d0c7478eebe7175e557b29
12378,f46ace11e93788e473124f7be16a19d5,5c741aa8e0753be65314a304e7b39c14,SO62768,4590,BK-M68B-38,2,4590,4555f65c4664801d78b9f5477f89d8fd
12379,4ceff7612cfa4420892fe23b23ca9265,5691ac18f59a9af20f9d8703772afbba,SO56579,150,LJ-0192-X,3,150,089c2a426c196c5ca5facb20896c90bb
12380,0c0fda0e7ef55245aa19e42bf9928281,4d8769725b0b7f33aebf747e80c5c4e0,SO48455,4098,BK-M68B-42,2,4098,8db869d79195e5e17fdcc7c203499b29
12380,23f22724b430320654759f8512440ebc,485ae69515bc4c60ef546ff289741f60,SO58277,1215,BK-T44U-46,1,1215,b0b2c17e5682f78d8fc262463fd0a4f3
12380,23f22724b430320654759f8512440ebc,485ae69515bc4c60ef546ff289741f60,SO58277,27,CA-1098,3,27,b0b2c17e5682f78d8fc262463fd0a4f3
12380,348f48807f500aeac729fb17d9bc97f1,5072507e949a2c25948a591c4da194e1,SO60457,4590,BK-M68B-38,2,4590,f108e0cd2f96a0c22086f9d45ee08f19
12380,348f48807f500aeac729fb17d9bc97f1,5072507e949a2c25948a591c4da194e1,SO60457,2,PK-7098,1,2,f108e0cd2f96a0c22086f9d45ee08f19
12381,1685ca8ff12ea83725a1c35e1d89c5cd,15699e35c72c4036c71409f3f3d69528,SO53860,742,BK-T18Y-44,1,742,6d44506d59926d8d13d35f75d97f2a64
12381,1685ca8ff12ea83725a1c35e1d89c5cd,15699e35c72c4036c71409f3f3d69528,SO53860,27,CA-1098,3,27,6d44506d59926d8d13d35f75d97f2a64
12381,4d547de074f47405ab655adca639c8c2,b398f9f9c5791f694aee052dae13609e,SO48628,4142,BK-M68S-38,2,4142,0e0f7e43982ae36c0cd7c9ba6bc6c699
12381,fda052162862bb845297063fd71a580c,1678083e7ff90bd404baad3f60bffa37,SO56377,4590,BK-M68B-42,2,4590,a2c49941411089cb2a9cbf78cb803c26
12381,fda052162862bb845297063fd71a580c,1678083e7ff90bd404baad3f60bffa37,SO56377,27,CA-1098,3,27,a2c49941411089cb2a9cbf78cb803c26
12381,fda052162862bb845297063fd71a580c,1678083e7ff90bd404baad3f60bffa37,SO56377,105,HL-U509,3,105,a2c49941411089cb2a9cbf78cb803c26
12382,9a95fdf4e925d9cbd65f87b5aa4ac212,478ecc8cdaa127c33884d9f6c72c2cd5,SO59580,4640,BK-M68S-46,2,4640,9e8cbc3edbb5efb3f48d6afb260e4725
12382,d630b2db6e8046e30b4728ca862ba4e1,02ad1a5ca18e58629b8c1d6a6401d071,SO58457,1215,BK-T44U-60,1,1215,07b31bae17c7890b17d79a654aa230cf
12382,ef6f862d87544c63e2c3dbb4d95a25a1,d842148982d8efbc5cc6f26b41cc7251,SO48718,4142,BK-M68S-46,2,4142,641f75927019dae5752cf63866b6ddca
12383,99b7e934795a93975a5e0c0b9b57d9ba,870bd4f3713260418e4f342f31dc7e33,SO63823,4640,BK-M68S-46,2,4640,7a8e187aeb003f6e34c02a4d5b9b153e
12383,f4452b45d360c31d145f01d4f37c6e05,b81e2439358b70281e1c24b06f6b2f55,SO44803,3578,BK-R93R-62,1,3578,a8a3dbb4e486b164bdd7b0d4a21bdeac
12384,043dc8381a880800c6904db9a2d6994e,4a21ddebdfee548e65b62c2809afc1c0,SO49331,4098,BK-M68B-38,2,4098,6a98156d9aad5c7ca324267d73f9c9ca
12384,629ffff971d10f275a79a70fae527fbc,d6ab5a0eee939524352092b964d92b84,SO56016,9,BC-R205,1,9,3c1811b546060d91957cc446aabc4a3c
12384,629ffff971d10f275a79a70fae527fbc,d6ab5a0eee939524352092b964d92b84,SO56016,540,BK-R19B-48,1,540,3c1811b546060d91957cc446aabc4a3c
12384,629ffff971d10f275a79a70fae527fbc,d6ab5a0eee939524352092b964d92b84,SO56016,48,GL-H102-S,2,48,3c1811b546060d91957cc446aabc4a3c
12384,629ffff971d10f275a79a70fae527fbc,d6ab5a0eee939524352092b964d92b84,SO56016,5,WB-H098,1,5,3c1811b546060d91957cc446aabc4a3c
12384,bee2b842cd357511cf4c8e509f5af192,5dddb266d8c26eece51489fe90c9f47d,SO51642,4640,BK-M68S-42,2,4640,20b851db79828c985958154243411278
12384,bee2b842cd357511cf4c8e509f5af192,5dddb266d8c26eece51489fe90c9f47d,SO51642,55,HY-1023-70,1,55,20b851db79828c985958154243411278
12384,bee2b842cd357511cf4c8e509f5af192,5dddb266d8c26eece51489fe90c9f47d,SO51642,54,SJ-0194-L,1,54,20b851db79828c985958154243411278
12385,3519c8eb4095dbc69d80eb61856d3435,6e5c4b769f8f70f9fd01b24ba5be9695,SO55602,742,BK-T18U-44,1,742,d6ab5a0eee939524352092b964d92b84
12385,53e3822e4ab7309bbe5f440fa5f4e7de,af0f2c97be3051a37eaf670bbd7408f8,SO48429,4142,BK-M68S-38,2,4142,2f58ddcb4c9f30e1ac2a6edb90189d95
12385,73a69a5c77a7d23172e54d7ce07a638e,5a06908cc28b799b04fc1c47664462e6,SO55453,10,BC-M005,1,10,41fc4cb27e0ee552c4c9247e1a476cc5
12385,73a69a5c77a7d23172e54d7ce07a638e,5a06908cc28b799b04fc1c47664462e6,SO55453,4590,BK-M68B-38,2,4590,41fc4cb27e0ee552c4c9247e1a476cc5
12386,120e988208d0c7478eebe7175e557b29,b0a28b9424a894b803da41df596f0291,SO49196,4142,BK-M68S-42,2,4142,14114c0c0c03d2681f7688c3c6e94055
12386,d53f9d33cac0a297449a74a10d031570,e0bcd0ff3072dfe15609d6be1529b0b8,SO61548,4590,BK-M68B-42,2,4590,4cc27df81afd686c0420394e090460cb
12386,d53f9d33cac0a297449a74a10d031570,e0bcd0ff3072dfe15609d6be1529b0b8,SO61548,27,CA-1098,3,27,4cc27df81afd686c0420394e090460cb
12386,d53f9d33cac0a297449a74a10d031570,e0bcd0ff3072dfe15609d6be1529b0b8,SO61548,22,FE-6654,1,22,4cc27df81afd686c0420394e090460cb
12386,d53f9d33cac0a297449a74a10d031570,e0bcd0ff3072dfe15609d6be1529b0b8,SO61548,150,LJ-0192-L,6,300,4cc27df81afd686c0420394e090460cb
12387,058af5b2a408d57b708367e5bf4e9d9c,e82ca4c6beebe812f10fa1041b97a160,SO66810,105,HL-U509-R,3,105,c507827aa5f4f6bbedf64058461c621b
12388,a6d37e298c3042e300813f55a17e0875,99b7e934795a93975a5e0c0b9b57d9ba,SO64619,4590,BK-M68B-42,2,4590,b0241b451647f25db5f52074445d820c
12388,a6d37e298c3042e300813f55a17e0875,99b7e934795a93975a5e0c0b9b57d9ba,SO64619,105,HL-U509-B,3,105,b0241b451647f25db5f52074445d820c
12388,c6cff482661a9daa82c86dddcf00c0e4,daac5732a7741792804c19340b534bae,SO49295,4098,BK-M68B-46,2,4098,83e4278f3d557c0bd5784b2bc83d617c
12389,a9adf65abbb865184bf924d14a93d0c4,ec24e4cf9fcc90f3bbe81b2fb3735c21,SO70710,150,LJ-0192-M,3,150,e0cd1349b4c6e1b5f14ed427e358c2d0
12390,4364e5a7100b33d6b7420dc1168e3ded,1d94ce9f1e285f2d6cb6680691aed781,SO49229,4142,BK-M68S-46,2,4142,daac5732a7741792804c19340b534bae
12390,a189cc17a15cdb4e39e80dfcd8374c76,b0b2c17e5682f78d8fc262463fd0a4f3,SO58698,540,BK-R19B-44,1,540,244cede513841376c37dc856f2f5e7b9
12390,a189cc17a15cdb4e39e80dfcd8374c76,b0b2c17e5682f78d8fc262463fd0a4f3,SO58698,21,TI-R092,1,21,244cede513841376c37dc856f2f5e7b9
12390,acc20902004de8acdd3eee04bfe5f91a,048405fe051586c63978bfe6b3a8b733,SO51191,10,BC-M005,1,10,5f827524a01a15af1043fdb581ce224b
12390,acc20902004de8acdd3eee04bfe5f91a,048405fe051586c63978bfe6b3a8b733,SO51191,4590,BK-M68B-46,2,4590,5f827524a01a15af1043fdb581ce224b
12390,acc20902004de8acdd3eee04bfe5f91a,048405fe051586c63978bfe6b3a8b733,SO51191,105,HL-U509-R,3,105,5f827524a01a15af1043fdb581ce224b
12390,acc20902004de8acdd3eee04bfe5f91a,048405fe051586c63978bfe6b3a8b733,SO51191,5,WB-H098,1,5,5f827524a01a15af1043fdb581ce224b
12391,5881f2ec92a43470fcbe3d3477a2a1fe,fc92d87f5fdfc4fdb58244cc592e3788,SO48677,4098,BK-M68B-38,2,4098,4d547de074f47405ab655adca639c8c2
12391,ab4946738415af86b5e3cee69b13301f,ed268f8f3837888893f896b7240f1254,SO57291,742,BK-T18U-54,1,742,fde67888c64f701b59876ec559099b3e
12391,ab4946738415af86b5e3cee69b13301f,ed268f8f3837888893f896b7240f1254,SO57291,105,HL-U509-B,3,105,fde67888c64f701b59876ec559099b3e
12391,df595e3c678d4fae23ce174fe747165e,07b31bae17c7890b17d79a654aa230cf,SO58839,4590,BK-M68B-38,2,4590,75fe8d7dec9d2a51be64595ab37dc674
12392,361e2c62255e0c1887ac2139911ca300,20b5e9ce0f87defd975a322149ec8cc6,SO51908,21,TI-R092,1,21,eedd9be5500334505ed9d4aef801ac3d
12392,361e2c62255e0c1887ac2139911ca300,20b5e9ce0f87defd975a322149ec8cc6,SO51908,4,TT-R982,1,4,eedd9be5500334505ed9d4aef801ac3d
12392,6d338b8c41c717c4336ad0084a80dca4,9223b53f03a405f817e91392f0294f6a,SO54466,150,LJ-0192-M,3,150,40e7dd73b09eac540e790daf6fac41af
12393,7acd252f45ad6fe668386456a673d543,0120f4004ede1143c3be6caa4227affe,SO67181,48,GL-H102-S,2,48,b322422d9a721bbdefa133133dd407c1
12393,7acd252f45ad6fe668386456a673d543,0120f4004ede1143c3be6caa4227affe,SO67181,150,LJ-0192-S,3,150,b322422d9a721bbdefa133133dd407c1
12394,7254e54716fe52361e62aa16ea2e0797,6eaadc1181f307997dc853d9ed40db36,SO59408,4590,BK-M68B-42,2,4590,e7df1b3ee078bdcfc260a877f321287d
12394,7254e54716fe52361e62aa16ea2e0797,6eaadc1181f307997dc853d9ed40db36,SO59408,22,FE-6654,1,22,e7df1b3ee078bdcfc260a877f321287d
12394,7254e54716fe52361e62aa16ea2e0797,6eaadc1181f307997dc853d9ed40db36,SO59408,55,HY-1023-70,1,55,e7df1b3ee078bdcfc260a877f321287d
12394,d842148982d8efbc5cc6f26b41cc7251,0c0fda0e7ef55245aa19e42bf9928281,SO48593,4098,BK-M68B-46,2,4098,5acc3f37654c9c360551251e81e6001c
12394,f108e0cd2f96a0c22086f9d45ee08f19,ad0b7f5ad35732646f1e5f67418d5995,SO60163,1215,BK-T44U-50,1,1215,7983129d9883ebc3b9dce3311996b001
12395,a1d0c0a14c6c8f8a8ef8220209c23a64,05e7920e8caf0303dc01b77666952b75,SO66942,4640,BK-M68S-46,2,4640,cd15e5f80ff20dd345bfaa51400dd0d6
12395,a1d0c0a14c6c8f8a8ef8220209c23a64,05e7920e8caf0303dc01b77666952b75,SO66942,105,HL-U509-R,3,105,cd15e5f80ff20dd345bfaa51400dd0d6
12395,a1d0c0a14c6c8f8a8ef8220209c23a64,05e7920e8caf0303dc01b77666952b75,SO66942,35,TI-M823,1,35,cd15e5f80ff20dd345bfaa51400dd0d6
12395,fe79f48f1af975659b09282772273c5f,81bc86cf34d9877f667e64ab0836fbc9,SO44948,3578,BK-R93R-48,1,3578,49bd63d5ee41c9de9bc2e17c69ad0cb5
12396,c135545cc3f3a739132ffdbc8096f3d4,36ab6f1df21f3c9a169c8942e981959a,SO68439,150,LJ-0192-L,3,150,511572e8a25e86c2f48ae9e6d73a1e6a
12397,6b775fbfe9534ff161531d4406ebb878,6a98156d9aad5c7ca324267d73f9c9ca,SO49403,4098,BK-M68B-46,2,4098,efe1c5e6e4edb477ce15d36dad6bbea3
12397,75fe8d7dec9d2a51be64595ab37dc674,ef5bad66aa19ccfb82cacb73584b83ea,SO58582,9,BC-R205,1,9,23f22724b430320654759f8512440ebc
12397,75fe8d7dec9d2a51be64595ab37dc674,ef5bad66aa19ccfb82cacb73584b83ea,SO58582,540,BK-R19B-48,1,540,23f22724b430320654759f8512440ebc
12397,75fe8d7dec9d2a51be64595ab37dc674,ef5bad66aa19ccfb82cacb73584b83ea,SO58582,105,HL-U509-B,3,105,23f22724b430320654759f8512440ebc
12397,75fe8d7dec9d2a51be64595ab37dc674,ef5bad66aa19ccfb82cacb73584b83ea,SO58582,5,WB-H098,1,5,23f22724b430320654759f8512440ebc
12397,9bbc713be22755b8ea8e3b596e06edd2,9f14679403a464909296961b7547fa87,SO51285,10,BC-M005,1,10,78cee6501c10922e466c02f814c8627b
12397,9bbc713be22755b8ea8e3b596e06edd2,9f14679403a464909296961b7547fa87,SO51285,4640,BK-M68S-38,2,4640,78cee6501c10922e466c02f814c8627b
12398,2296af5563b2061aa1d88124a37eecb7,6866da5d40f1aad2d82129d5ffa25bda,SO66564,540,BK-R19B-52,1,540,05e7920e8caf0303dc01b77666952b75
12398,2296af5563b2061aa1d88124a37eecb7,6866da5d40f1aad2d82129d5ffa25bda,SO66564,105,HL-U509,3,105,05e7920e8caf0303dc01b77666952b75
12398,2296af5563b2061aa1d88124a37eecb7,6866da5d40f1aad2d82129d5ffa25bda,SO66564,21,TI-R092,1,21,05e7920e8caf0303dc01b77666952b75
12398,2296af5563b2061aa1d88124a37eecb7,6866da5d40f1aad2d82129d5ffa25bda,SO66564,4,TT-R982,1,4,05e7920e8caf0303dc01b77666952b75
12398,dba3e44e23a1d2c2f299811e94db7fce,51c449e55b4a63a16fb45beb689150d5,SO54255,4640,BK-M68S-46,2,4640,226d694fb4b7f71d62444f9528be8704
12398,f9ddb47946744febeaa9d83b982c0fdd,d8c0cdf6e9755bab216fcb1de9e9a943,SO44929,3578,BK-R93R-48,1,3578,0b5b42bd1c2c831ec2018ff055eecdab
12399,3f0c8308e4e2e5c4ddc1b7e19304f613,61e00b038efd34bdf9c747596273cbcf,SO64833,10,BC-M005,1,10,232e830f1ac667c081eaaca23cdf9b5f
12399,3f0c8308e4e2e5c4ddc1b7e19304f613,61e00b038efd34bdf9c747596273cbcf,SO64833,27,CA-1098,3,27,232e830f1ac667c081eaaca23cdf9b5f
12399,3f0c8308e4e2e5c4ddc1b7e19304f613,61e00b038efd34bdf9c747596273cbcf,SO64833,105,HL-U509,3,105,232e830f1ac667c081eaaca23cdf9b5f
12399,3f0c8308e4e2e5c4ddc1b7e19304f613,61e00b038efd34bdf9c747596273cbcf,SO64833,5,WB-H098,1,5,232e830f1ac667c081eaaca23cdf9b5f
12400,f75e5f8c15ca91ec5c869dc3881f574f,3a23b248b732af434a45fce0302aa11f,SO63920,10,BC-M005,1,10,03bf7d2a8718ee9aca4bd2f37e962fc4
12400,f75e5f8c15ca91ec5c869dc3881f574f,3a23b248b732af434a45fce0302aa11f,SO63920,54,SJ-0194-X,1,54,03bf7d2a8718ee9aca4bd2f37e962fc4
12400,f75e5f8c15ca91ec5c869dc3881f574f,3a23b248b732af434a45fce0302aa11f,SO63920,5,WB-H098,1,5,03bf7d2a8718ee9aca4bd2f37e962fc4
12401,cd15e5f80ff20dd345bfaa51400dd0d6,3a2f313512bb520c43971e54ba834dec,SO66672,33,TI-R982,1,33,4efe8b2ca156042f8a3d8dd6aba54520
12401,cd15e5f80ff20dd345bfaa51400dd0d6,3a2f313512bb520c43971e54ba834dec,SO66672,4,TT-R982,1,4,4efe8b2ca156042f8a3d8dd6aba54520
12402,2bb3043229844628920922115ca2f967,2f58ddcb4c9f30e1ac2a6edb90189d95,SO48493,4098,BK-M68B-46,2,4098,0fc0d540e96e3fc1463b71e253aac75b
12402,640540d73b85c3ecd2e3bf5541686e87,eba6cab7267f82e3b2a063d5ea445bb9,SO58705,4640,BK-M68S-42,2,4640,d630b2db6e8046e30b4728ca862ba4e1
12402,640540d73b85c3ecd2e3bf5541686e87,eba6cab7267f82e3b2a063d5ea445bb9,SO58705,22,FE-6654,1,22,d630b2db6e8046e30b4728ca862ba4e1
12402,640540d73b85c3ecd2e3bf5541686e87,eba6cab7267f82e3b2a063d5ea445bb9,SO58705,150,LJ-0192-M,3,150,d630b2db6e8046e30b4728ca862ba4e1
12402,ad0b7f5ad35732646f1e5f67418d5995,244cede513841376c37dc856f2f5e7b9,SO59325,742,BK-T18Y-50,1,742,0df76889b3e31ccfd17b50cc73baef03
12402,ad0b7f5ad35732646f1e5f67418d5995,244cede513841376c37dc856f2f5e7b9,SO59325,105,HL-U509-R,3,105,0df76889b3e31ccfd17b50cc73baef03
12403,8f472ffe3ff3109f420ae91355ff8f3f,e0cd1349b4c6e1b5f14ed427e358c2d0,SO71175,10,BC-M005,1,10,8fa3bab223bec6501ad71f96bb1067b6
12403,8f472ffe3ff3109f420ae91355ff8f3f,e0cd1349b4c6e1b5f14ed427e358c2d0,SO71175,55,HY-1023-70,1,55,8fa3bab223bec6501ad71f96bb1067b6
12403,8f472ffe3ff3109f420ae91355ff8f3f,e0cd1349b4c6e1b5f14ed427e358c2d0,SO71175,2,PK-7098,1,2,8fa3bab223bec6501ad71f96bb1067b6
12404,3ebfce6ccd7540a632ae7e6ad8100c29,d630b2db6e8046e30b4728ca862ba4e1,SO59386,742,BK-T18U-54,1,742,df595e3c678d4fae23ce174fe747165e
12404,3ebfce6ccd7540a632ae7e6ad8100c29,d630b2db6e8046e30b4728ca862ba4e1,SO59386,27,CA-1098,3,27,df595e3c678d4fae23ce174fe747165e
12404,3ebfce6ccd7540a632ae7e6ad8100c29,d630b2db6e8046e30b4728ca862ba4e1,SO59386,105,HL-U509-B,3,105,df595e3c678d4fae23ce174fe747165e
12404,478ecc8cdaa127c33884d9f6c72c2cd5,3fbd0407b55d3a3da21388a2ddbf881c,SO58585,10,BC-M005,1,10,174acf6ca4e9804d47a59a499422e621
12404,478ecc8cdaa127c33884d9f6c72c2cd5,3fbd0407b55d3a3da21388a2ddbf881c,SO58585,4590,BK-M68B-38,2,4590,174acf6ca4e9804d47a59a499422e621
12404,478ecc8cdaa127c33884d9f6c72c2cd5,3fbd0407b55d3a3da21388a2ddbf881c,SO58585,105,HL-U509-R,3,105,174acf6ca4e9804d47a59a499422e621
12404,478ecc8cdaa127c33884d9f6c72c2cd5,3fbd0407b55d3a3da21388a2ddbf881c,SO58585,54,SJ-0194-M,1,54,174acf6ca4e9804d47a59a499422e621
12404,86e8658344547a7d34cd2bcd4750bd8f,8b4b8fc84396c30bd5bacc7370e1491c,SO48976,4142,BK-M68S-42,2,4142,74245d8f0073f388c4be6464c8e2f29f
12405,88d8e3ff674b1514a19b24621707f0d9,ca5b8307fa5f2189fb98330a9d65927c,SO74460,33,TI-R982,1,33,df09a3a727ac0f29208c5ef3bf7625e6
12405,88d8e3ff674b1514a19b24621707f0d9,ca5b8307fa5f2189fb98330a9d65927c,SO74460,4,TT-R982,1,4,df09a3a727ac0f29208c5ef3bf7625e6
12406,47a161474962a6dcc03cfa64127a641f,8920fd63645007b243abb750709b1172,SO73212,35,TI-M823,1,35,c5ed53572c667b119dde2fc0f54de602
12407,83d1ed00595e79ee5ea3797e97970fe8,fe1fd19c021e78ec395980c2e347865e,SO69196,105,HL-U509,3,105,705fa39ab40831529471c768490339ab
12407,83d1ed00595e79ee5ea3797e97970fe8,fe1fd19c021e78ec395980c2e347865e,SO69196,35,TI-M823,1,35,705fa39ab40831529471c768490339ab
12407,83d1ed00595e79ee5ea3797e97970fe8,fe1fd19c021e78ec395980c2e347865e,SO69196,5,TT-M928,1,5,705fa39ab40831529471c768490339ab
12408,9f1ff00ea8fd9fd8f2d421ba5ec45a18,f88b3743a9ce1f9455b6de69380b486a,SO67443,2,PK-7098,1,2,0001ffe4d82d0d8f9fec5ab0b4faa2db
12408,9f1ff00ea8fd9fd8f2d421ba5ec45a18,f88b3743a9ce1f9455b6de69380b486a,SO67443,35,TI-M823,1,35,0001ffe4d82d0d8f9fec5ab0b4faa2db
12408,9f1ff00ea8fd9fd8f2d421ba5ec45a18,f88b3743a9ce1f9455b6de69380b486a,SO67443,5,TT-M928,1,5,0001ffe4d82d0d8f9fec5ab0b4faa2db
12409,174acf6ca4e9804d47a59a499422e621,5abaefcc8525a8f4cfd95cba9e926532,SO58325,35,TI-M823,1,35,eba6cab7267f82e3b2a063d5ea445bb9
12409,3f72b837978dcd042b73e7270f11a4ca,83d1ed00595e79ee5ea3797e97970fe8,SO70249,120,RA-H123,1,120,99c8f306659fd98cbb9d7f03ec0c2a7a
12410,3c1811b546060d91957cc446aabc4a3c,3c4bf68562424c26986beae6ce13704a,SO55717,35,TI-M823,1,35,3c8e2c51453f4d665f1050da871dead6
12410,3c1811b546060d91957cc446aabc4a3c,3c4bf68562424c26986beae6ce13704a,SO55717,5,TT-M928,1,5,3c8e2c51453f4d665f1050da871dead6
12410,9a027fc72b503940a96d5137762a263e,0e000451f430d2e5b745a08b4ee7836c,SO74720,120,RA-H123,1,120,54d3ba66c5e71d3112695b882ca2030e
12411,4cc27df81afd686c0420394e090460cb,39ff8ac1e8a44088f96e17b846ec8baf,SO61299,35,TI-M823,1,35,6477c205c5117a9448ba863e111acf32
12411,4cc27df81afd686c0420394e090460cb,39ff8ac1e8a44088f96e17b846ec8baf,SO61299,5,TT-M928,1,5,6477c205c5117a9448ba863e111acf32
12411,66e56e10b0f528b66a45e307ecdf4774,691ad1b0dca3643b923973defd014d47,SO68542,120,RA-H123,1,120,8eb7a1b0dba9fdd5f4248b9cb6b9119b
12412,962bae2fb03296a3b9cacabfa929322c,0da2bc000f1fe4ea8746f9aea0bb5879,SO69090,120,RA-H123,1,120,c4369eefdf9bb8a3f9115e96b40aaf17
12412,fee8e08233f3f00450bce31967abb0f1,331afa0aff1b1cfbf3d24944ab38c9d2,SO70562,105,HL-U509,3,105,86bfb8ffc7a79e52d833cedce4d275bf
12412,fee8e08233f3f00450bce31967abb0f1,331afa0aff1b1cfbf3d24944ab38c9d2,SO70562,35,TI-M823,1,35,86bfb8ffc7a79e52d833cedce4d275bf
12412,fee8e08233f3f00450bce31967abb0f1,331afa0aff1b1cfbf3d24944ab38c9d2,SO70562,5,TT-M928,1,5,86bfb8ffc7a79e52d833cedce4d275bf
12412,fee8e08233f3f00450bce31967abb0f1,331afa0aff1b1cfbf3d24944ab38c9d2,SO70562,64,VE-C304-L,1,64,86bfb8ffc7a79e52d833cedce4d275bf
12413,013f173c58073e845f675d26fdde1918,ccb91034934bb047c5f6a32eb289b95b,SO60522,120,RA-H123,1,120,d6fb379288416774d139632beb88e26b
12413,abe94c2111c58e9c9672602d41bce66e,0149f124a48640c62d90840ac5760331,SO64152,2,PK-7098,1,2,99b7e934795a93975a5e0c0b9b57d9ba
12413,abe94c2111c58e9c9672602d41bce66e,0149f124a48640c62d90840ac5760331,SO64152,35,TI-M823,1,35,99b7e934795a93975a5e0c0b9b57d9ba
12413,abe94c2111c58e9c9672602d41bce66e,0149f124a48640c62d90840ac5760331,SO64152,5,TT-M928,1,5,99b7e934795a93975a5e0c0b9b57d9ba
12414,640540d73b85c3ecd2e3bf5541686e87,eba6cab7267f82e3b2a063d5ea445bb9,SO58709,120,RA-H123,1,120,d630b2db6e8046e30b4728ca862ba4e1
12414,eea5b3bd1bd5d5c62a1d22f78d3ba263,c87874400b9f907bdf9ea37d75a4b341,SO65488,2,PK-7098,1,2,a1fedb8f5f2e08543339a5f167bee6b7
12414,eea5b3bd1bd5d5c62a1d22f78d3ba263,c87874400b9f907bdf9ea37d75a4b341,SO65488,35,TI-M823,1,35,a1fedb8f5f2e08543339a5f167bee6b7
12415,58c4ce5b9433e7b6d41793d5a76d5590,1556bafff387fc8f2f6fef64c1daa6bc,SO71318,105,HL-U509-R,3,105,fd5ba6fdeb81e07b2caf0b103489bd8d
12415,58c4ce5b9433e7b6d41793d5a76d5590,1556bafff387fc8f2f6fef64c1daa6bc,SO71318,35,TI-M823,1,35,fd5ba6fdeb81e07b2caf0b103489bd8d
12415,58c4ce5b9433e7b6d41793d5a76d5590,1556bafff387fc8f2f6fef64c1daa6bc,SO71318,5,TT-M928,1,5,fd5ba6fdeb81e07b2caf0b103489bd8d
12416,4ddc8821c34bceaf3dba4a18741acca3,af1457846a79173ef71dd9d5dd69805a,SO61149,35,TI-M823,1,35,2d6e054ac82934d489c58cc8399a1628
12416,4ddc8821c34bceaf3dba4a18741acca3,af1457846a79173ef71dd9d5dd69805a,SO61149,5,TT-M928,1,5,2d6e054ac82934d489c58cc8399a1628
12417,d612b5fb3f6011688fb0c9927693365a,3e107cd1554225ea3056ed5010adce90,SO74413,22,FE-6654,1,22,a1e59736d286765313b8212467dc64b2
12417,d612b5fb3f6011688fb0c9927693365a,3e107cd1554225ea3056ed5010adce90,SO74413,2,PK-7098,1,2,a1e59736d286765313b8212467dc64b2
12417,d612b5fb3f6011688fb0c9927693365a,3e107cd1554225ea3056ed5010adce90,SO74413,35,TI-M823,1,35,a1e59736d286765313b8212467dc64b2
12418,86bfb8ffc7a79e52d833cedce4d275bf,962bae2fb03296a3b9cacabfa929322c,SO70218,4590,BK-M68B-42,2,4590,ec24e4cf9fcc90f3bbe81b2fb3735c21
12418,86bfb8ffc7a79e52d833cedce4d275bf,962bae2fb03296a3b9cacabfa929322c,SO70218,22,FE-6654,1,22,ec24e4cf9fcc90f3bbe81b2fb3735c21
12418,86bfb8ffc7a79e52d833cedce4d275bf,962bae2fb03296a3b9cacabfa929322c,SO70218,48,GL-H102-S,2,48,ec24e4cf9fcc90f3bbe81b2fb3735c21
12418,86bfb8ffc7a79e52d833cedce4d275bf,962bae2fb03296a3b9cacabfa929322c,SO70218,150,LJ-0192-L,3,150,ec24e4cf9fcc90f3bbe81b2fb3735c21
12418,b0d346be9fa7508e21d5c500b97e6b7a,e0ff70a5e22e7449dab732c95d815720,SO46548,3578,BK-R93R-62,1,3578,23e53557c4c2300cb2511c53082467bb
12419,412998e77ee121227580e3d363f75fa2,df595e3c678d4fae23ce174fe747165e,SO59869,35,TI-M823,1,35,254d832c83ccdb2c33eab65a4fd196ff
12420,6d338b8c41c717c4336ad0084a80dca4,9223b53f03a405f817e91392f0294f6a,SO54464,2,PK-7098,1,2,40e7dd73b09eac540e790daf6fac41af
12420,6d338b8c41c717c4336ad0084a80dca4,9223b53f03a405f817e91392f0294f6a,SO54464,35,TI-M823,1,35,40e7dd73b09eac540e790daf6fac41af
12420,6d338b8c41c717c4336ad0084a80dca4,9223b53f03a405f817e91392f0294f6a,SO54464,5,TT-M928,1,5,40e7dd73b09eac540e790daf6fac41af
12421,dba3e44e23a1d2c2f299811e94db7fce,51c449e55b4a63a16fb45beb689150d5,SO54294,105,HL-U509-R,3,105,226d694fb4b7f71d62444f9528be8704
12421,dba3e44e23a1d2c2f299811e94db7fce,51c449e55b4a63a16fb45beb689150d5,SO54294,35,TI-M823,1,35,226d694fb4b7f71d62444f9528be8704
12421,dba3e44e23a1d2c2f299811e94db7fce,51c449e55b4a63a16fb45beb689150d5,SO54294,5,TT-M928,1,5,226d694fb4b7f71d62444f9528be8704
12422,0da2bc000f1fe4ea8746f9aea0bb5879,702a02712215141594ddf8e52b0a651c,SO68319,35,TI-M823,1,35,b34050290c25b0f7b52a2b8f767df87d
12423,2797a91b25bc2aa85124c99bc574dc83,86bfb8ffc7a79e52d833cedce4d275bf,SO71059,4590,BK-M68B-38,2,4590,a9adf65abbb865184bf924d14a93d0c4
12423,2797a91b25bc2aa85124c99bc574dc83,86bfb8ffc7a79e52d833cedce4d275bf,SO71059,105,HL-U509-R,3,105,a9adf65abbb865184bf924d14a93d0c4
12423,700b2fdf8bbe790f020e8c6fb93a2d71,0a2fc1bbcd813bb0c58bfba89e3844f8,SO46531,3578,BK-R93R-62,1,3578,109b131069827970adb3b6d3aea896c2
12424,18f358e551b5b85912bc952ab9894c0d,abe94c2111c58e9c9672602d41bce66e,SO64928,48,GL-H102-L,2,48,a6d37e298c3042e300813f55a17e0875
12424,18f358e551b5b85912bc952ab9894c0d,abe94c2111c58e9c9672602d41bce66e,SO64928,105,HL-U509-B,3,105,a6d37e298c3042e300813f55a17e0875
12424,18f358e551b5b85912bc952ab9894c0d,abe94c2111c58e9c9672602d41bce66e,SO64928,35,TI-M823,1,35,a6d37e298c3042e300813f55a17e0875
12424,18f358e551b5b85912bc952ab9894c0d,abe94c2111c58e9c9672602d41bce66e,SO64928,5,TT-M928,1,5,a6d37e298c3042e300813f55a17e0875
12425,fd5ba6fdeb81e07b2caf0b103489bd8d,e871b36e68b0b3d0af9c742d81fef27a,SO70979,150,LJ-0192-S,3,150,17520f5649fab40fb66771362888cb90
12425,fd5ba6fdeb81e07b2caf0b103489bd8d,e871b36e68b0b3d0af9c742d81fef27a,SO70979,35,TI-M823,1,35,17520f5649fab40fb66771362888cb90
12425,fd5ba6fdeb81e07b2caf0b103489bd8d,e871b36e68b0b3d0af9c742d81fef27a,SO70979,5,TT-M928,1,5,17520f5649fab40fb66771362888cb90
12426,e871b36e68b0b3d0af9c742d81fef27a,3fe686907939d07097f6c87f08025422,SO70129,48,GL-H102-L,2,48,1faee5670542865e021595151379fe5c
12426,e871b36e68b0b3d0af9c742d81fef27a,3fe686907939d07097f6c87f08025422,SO70129,105,HL-U509-B,3,105,1faee5670542865e021595151379fe5c
12426,e871b36e68b0b3d0af9c742d81fef27a,3fe686907939d07097f6c87f08025422,SO70129,35,TI-M823,1,35,1faee5670542865e021595151379fe5c
12426,e871b36e68b0b3d0af9c742d81fef27a,3fe686907939d07097f6c87f08025422,SO70129,5,TT-M928,1,5,1faee5670542865e021595151379fe5c
12427,7254e54716fe52361e62aa16ea2e0797,6eaadc1181f307997dc853d9ed40db36,SO59447,35,TI-M823,1,35,e7df1b3ee078bdcfc260a877f321287d
12427,7254e54716fe52361e62aa16ea2e0797,6eaadc1181f307997dc853d9ed40db36,SO59447,5,TT-M928,1,5,e7df1b3ee078bdcfc260a877f321287d
12428,83d1ed00595e79ee5ea3797e97970fe8,fe1fd19c021e78ec395980c2e347865e,SO69210,105,HL-U509,3,105,705fa39ab40831529471c768490339ab
12428,83d1ed00595e79ee5ea3797e97970fe8,fe1fd19c021e78ec395980c2e347865e,SO69210,35,TI-M823,1,35,705fa39ab40831529471c768490339ab
12428,83d1ed00595e79ee5ea3797e97970fe8,fe1fd19c021e78ec395980c2e347865e,SO69210,5,TT-M928,1,5,705fa39ab40831529471c768490339ab
12429,3f20f21c57e09a6c071e44d1fe74b58a,9b98d27287b27eeee9ebc06e1d5a9a8d,SO53906,35,TI-M823,1,35,51c449e55b4a63a16fb45beb689150d5
12430,4dbf892d41ae205f6e36838031cff786,de22d232bbe84481579f6252f1e7091d,SO58208,105,HL-U509,3,105,3fbd0407b55d3a3da21388a2ddbf881c
12430,4dbf892d41ae205f6e36838031cff786,de22d232bbe84481579f6252f1e7091d,SO58208,30,TI-M602,1,30,3fbd0407b55d3a3da21388a2ddbf881c
12430,4dbf892d41ae205f6e36838031cff786,de22d232bbe84481579f6252f1e7091d,SO58208,5,TT-M928,1,5,3fbd0407b55d3a3da21388a2ddbf881c
12430,722dc621a1a56555843f574144bfcdf0,d27974ca95fd620ac92cf95bf8c1d1f2,SO74540,105,HL-U509-R,3,105,d612b5fb3f6011688fb0c9927693365a
12430,722dc621a1a56555843f574144bfcdf0,d27974ca95fd620ac92cf95bf8c1d1f2,SO74540,25,TI-M267,1,25,d612b5fb3f6011688fb0c9927693365a
12430,722dc621a1a56555843f574144bfcdf0,d27974ca95fd620ac92cf95bf8c1d1f2,SO74540,5,TT-M928,1,5,d612b5fb3f6011688fb0c9927693365a
12430,830e779850b1d58733a7ad711bf6b83f,39fe373cdcb4534addde73890415b660,SO56507,27,CA-1098,3,27,427ed6396fba4ed8ead9ec3229517d2b
12430,830e779850b1d58733a7ad711bf6b83f,39fe373cdcb4534addde73890415b660,SO56507,70,SH-W890-M,1,70,427ed6396fba4ed8ead9ec3229517d2b
12430,95103530881768b5cfc7e33970db9cd7,2ed3972e38245b633ec6b146c2970148,SO62435,105,HL-U509-B,3,105,305c66634c155cab2b5cc3ce00351eb1
12430,95103530881768b5cfc7e33970db9cd7,2ed3972e38245b633ec6b146c2970148,SO62435,35,TI-M823,1,35,305c66634c155cab2b5cc3ce00351eb1
12430,95103530881768b5cfc7e33970db9cd7,2ed3972e38245b633ec6b146c2970148,SO62435,5,TT-M928,1,5,305c66634c155cab2b5cc3ce00351eb1
12431,3ebfce6ccd7540a632ae7e6ad8100c29,d630b2db6e8046e30b4728ca862ba4e1,SO59353,2,PK-7098,1,2,df595e3c678d4fae23ce174fe747165e
12431,3ebfce6ccd7540a632ae7e6ad8100c29,d630b2db6e8046e30b4728ca862ba4e1,SO59353,25,TI-M267,1,25,df595e3c678d4fae23ce174fe747165e
12431,3f72b837978dcd042b73e7270f11a4ca,83d1ed00595e79ee5ea3797e97970fe8,SO70266,2,PK-7098,1,2,99c8f306659fd98cbb9d7f03ec0c2a7a
12431,3f72b837978dcd042b73e7270f11a4ca,83d1ed00595e79ee5ea3797e97970fe8,SO70266,30,TI-M602,1,30,99c8f306659fd98cbb9d7f03ec0c2a7a
12431,ac15b60491fe99190c0248790e690757,ab2e81a99745ffff6c06e2be93290d1b,SO54797,55,HY-1023-70,1,55,0c8ff735cb2b05718573c08173335fd4
12431,ac15b60491fe99190c0248790e690757,ab2e81a99745ffff6c06e2be93290d1b,SO54797,35,TI-M823,1,35,0c8ff735cb2b05718573c08173335fd4
12431,ac15b60491fe99190c0248790e690757,ab2e81a99745ffff6c06e2be93290d1b,SO54797,5,TT-M928,1,5,0c8ff735cb2b05718573c08173335fd4
12431,db10519e66d9a7b809b91935ad1a696d,d7f57f35d2bad1349ca24a67a2635eea,SO74488,70,SH-W890-L,1,70,6583882ca853d66524856501b27519f5
12432,83d1ed00595e79ee5ea3797e97970fe8,fe1fd19c021e78ec395980c2e347865e,SO69211,22,FE-6654,1,22,705fa39ab40831529471c768490339ab
12432,83d1ed00595e79ee5ea3797e97970fe8,fe1fd19c021e78ec395980c2e347865e,SO69211,105,HL-U509-R,3,105,705fa39ab40831529471c768490339ab
12432,83d1ed00595e79ee5ea3797e97970fe8,fe1fd19c021e78ec395980c2e347865e,SO69211,35,TI-M823,1,35,705fa39ab40831529471c768490339ab
12433,9b6872ca1d80024637e967d1066bba0a,4310d0d92131e34ff2716d85e1953174,SO55369,105,HL-U509,3,105,7b0730955172ecda497d7cca6b1d87a1
12433,9b6872ca1d80024637e967d1066bba0a,4310d0d92131e34ff2716d85e1953174,SO55369,35,TI-M823,1,35,7b0730955172ecda497d7cca6b1d87a1
12433,9b6872ca1d80024637e967d1066bba0a,4310d0d92131e34ff2716d85e1953174,SO55369,5,TT-M928,1,5,7b0730955172ecda497d7cca6b1d87a1
12434,8f472ffe3ff3109f420ae91355ff8f3f,e0cd1349b4c6e1b5f14ed427e358c2d0,SO71180,105,HL-U509,3,105,8fa3bab223bec6501ad71f96bb1067b6
12434,8f472ffe3ff3109f420ae91355ff8f3f,e0cd1349b4c6e1b5f14ed427e358c2d0,SO71180,35,TI-M823,1,35,8fa3bab223bec6501ad71f96bb1067b6
12434,8f472ffe3ff3109f420ae91355ff8f3f,e0cd1349b4c6e1b5f14ed427e358c2d0,SO71180,5,TT-M928,1,5,8fa3bab223bec6501ad71f96bb1067b6
12435,ba19c22033aaecc6c5dad47f63e5858c,8dd08d219271ec96c543f486de430703,SO63044,4640,BK-M68S-42,2,4640,16918840d98f27ce45948fe73dd5592f
12435,ba19c22033aaecc6c5dad47f63e5858c,8dd08d219271ec96c543f486de430703,SO63044,22,FE-6654,1,22,16918840d98f27ce45948fe73dd5592f
12435,d0f6d44eeb1872b3e00d9f219db7d91c,ec3807bc691cff8019155b6bd6a3a85d,SO46424,3578,BK-R93R-48,1,3578,e0f48f5bd9667361697fd7895dbec731
12436,4804ee33768b143d9706052696f7dfbd,7254e54716fe52361e62aa16ea2e0797,SO60284,2,PK-7098,1,2,c660dc308b247ce08aeecd155306bae0
12436,4804ee33768b143d9706052696f7dfbd,7254e54716fe52361e62aa16ea2e0797,SO60284,35,TI-M823,1,35,c660dc308b247ce08aeecd155306bae0
12436,4804ee33768b143d9706052696f7dfbd,7254e54716fe52361e62aa16ea2e0797,SO60284,5,TT-M928,1,5,c660dc308b247ce08aeecd155306bae0
12437,3231874380fe0ddd5531449efe325585,901d3c97008878679a99b7d12df8ecda,SO46484,3578,BK-R93R-48,1,3578,eb89b77c8ab43407829a31ec1c84f649
12437,d1024973c3d10f08cb9fa1736e6ed8b7,f8025d3776b5f7522a6120cb4e9e0783,SO62380,4640,BK-M68S-42,2,4640,5c741aa8e0753be65314a304e7b39c14
12437,d1024973c3d10f08cb9fa1736e6ed8b7,f8025d3776b5f7522a6120cb4e9e0783,SO62380,27,CA-1098,3,27,5c741aa8e0753be65314a304e7b39c14
12437,d1024973c3d10f08cb9fa1736e6ed8b7,f8025d3776b5f7522a6120cb4e9e0783,SO62380,22,FE-6654,1,22,5c741aa8e0753be65314a304e7b39c14
12437,d1024973c3d10f08cb9fa1736e6ed8b7,f8025d3776b5f7522a6120cb4e9e0783,SO62380,54,SJ-0194-L,1,54,5c741aa8e0753be65314a304e7b39c14
12438,1678083e7ff90bd404baad3f60bffa37,7b0730955172ecda497d7cca6b1d87a1,SO55795,4640,BK-M68S-46,2,4640,73a69a5c77a7d23172e54d7ce07a638e
12438,e0ff70a5e22e7449dab732c95d815720,7a3cb5f97544c8ef7fd51c4b10455880,SO46460,3578,BK-R93R-48,1,3578,d0f6d44eeb1872b3e00d9f219db7d91c
12439,7b0730955172ecda497d7cca6b1d87a1,d3c54b4368c62c2ff11535bf2b677170,SO55014,105,HL-U509,3,105,5a06908cc28b799b04fc1c47664462e6
12439,7b0730955172ecda497d7cca6b1d87a1,d3c54b4368c62c2ff11535bf2b677170,SO55014,150,LJ-0192-X,3,150,5a06908cc28b799b04fc1c47664462e6
12439,7b0730955172ecda497d7cca6b1d87a1,d3c54b4368c62c2ff11535bf2b677170,SO55014,35,TI-M823,1,35,5a06908cc28b799b04fc1c47664462e6
12439,7b0730955172ecda497d7cca6b1d87a1,d3c54b4368c62c2ff11535bf2b677170,SO55014,5,TT-M928,1,5,5a06908cc28b799b04fc1c47664462e6
12440,e0f48f5bd9667361697fd7895dbec731,671cb8c9b19c0247af30375f5adaed12,SO46390,3578,BK-R93R-52,1,3578,f87821540a577f1c9a7d3e6ff2e77222
12440,f8025d3776b5f7522a6120cb4e9e0783,2d6e054ac82934d489c58cc8399a1628,SO61634,4590,BK-M68B-42,2,4590,d945ec2aae74dbfb829453026b91c235
12440,f8025d3776b5f7522a6120cb4e9e0783,2d6e054ac82934d489c58cc8399a1628,SO61634,35,TI-M823,1,35,d945ec2aae74dbfb829453026b91c235
12440,f8025d3776b5f7522a6120cb4e9e0783,2d6e054ac82934d489c58cc8399a1628,SO61634,5,TT-M928,1,5,d945ec2aae74dbfb829453026b91c235
12441,2fe1a028f9398deb2efcd536c8246fae,9913e55755fcc4267a06c1e6adbbc7fb,SO62616,4590,BK-M68B-38,2,4590,8dd08d219271ec96c543f486de430703
12441,2fe1a028f9398deb2efcd536c8246fae,9913e55755fcc4267a06c1e6adbbc7fb,SO62616,2,PK-7098,1,2,8dd08d219271ec96c543f486de430703
12441,7fe55f4f2e51708bd160778e5ef08685,b34f038fa8756c7f3677882d150ade23,SO46417,3578,BK-R93R-56,1,3578,3a5d59e0d6a1a261f70c276f78a569eb
12442,a946e75bc65318721cd1e01162d392dd,5efefff01843f5aa3f7d8a4d44b4bf2e,SO63471,4640,BK-M68S-46,2,4640,3a23b248b732af434a45fce0302aa11f
12442,a946e75bc65318721cd1e01162d392dd,5efefff01843f5aa3f7d8a4d44b4bf2e,SO63471,2,PK-7098,1,2,3a23b248b732af434a45fce0302aa11f
12442,f2a989663bc8d65aa827c90de8522a12,9c1231676f7d0735ca17dcc3b53881c6,SO46396,3578,BK-R93R-44,1,3578,62876ffab17a368f47277b256f840157
12443,12092303778fcfa88ed7d284b74c6a6a,40eee601514259a9632d510ca71226cc,SO74809,8,CL-9009,1,8,6cf9e035d2f1d8ffe1b9f2f96a9e7a3a
12443,12092303778fcfa88ed7d284b74c6a6a,40eee601514259a9632d510ca71226cc,SO74809,22,FE-6654,1,22,6cf9e035d2f1d8ffe1b9f2f96a9e7a3a
12444,0d15ba5aa4c9ad0377b26e0cf7a86280,b21e833d3ead6056f1265f13fe1ff015,SO61461,48,GL-H102-S,2,48,4a70a3ec50fd16032883bf6fc79c55dd
12444,0d15ba5aa4c9ad0377b26e0cf7a86280,b21e833d3ead6056f1265f13fe1ff015,SO61461,150,LJ-0192-X,3,150,4a70a3ec50fd16032883bf6fc79c55dd
12444,0d15ba5aa4c9ad0377b26e0cf7a86280,b21e833d3ead6056f1265f13fe1ff015,SO61461,35,TI-M823,1,35,4a70a3ec50fd16032883bf6fc79c55dd
12444,0d15ba5aa4c9ad0377b26e0cf7a86280,b21e833d3ead6056f1265f13fe1ff015,SO61461,5,TT-M928,1,5,4a70a3ec50fd16032883bf6fc79c55dd
12444,226d694fb4b7f71d62444f9528be8704,714597fe9448176d17876617114a65bc,SO54000,70,SH-W890-M,1,70,9444f850ff0c10a862b4a6a9c4ab0a74
12444,226d694fb4b7f71d62444f9528be8704,714597fe9448176d17876617114a65bc,SO54000,9,SO-R809-M,1,9,9444f850ff0c10a862b4a6a9c4ab0a74
12444,77a2a0387f57f7477e6ad3b5f0bb3093,6cf9e035d2f1d8ffe1b9f2f96a9e7a3a,SO75008,105,HL-U509,3,105,5728955fc583cbfd901d0ba25cb20f92
12444,77a2a0387f57f7477e6ad3b5f0bb3093,6cf9e035d2f1d8ffe1b9f2f96a9e7a3a,SO75008,25,TI-M267,1,25,5728955fc583cbfd901d0ba25cb20f92
12444,77a2a0387f57f7477e6ad3b5f0bb3093,6cf9e035d2f1d8ffe1b9f2f96a9e7a3a,SO75008,5,TT-M928,1,5,5728955fc583cbfd901d0ba25cb20f92
12444,9223b53f03a405f817e91392f0294f6a,3e07f09fb2edbdf0bf6a54c17634514b,SO53791,30,TI-M602,1,30,14e4b13c27fb9bce9938ce35b6597eca
12444,9223b53f03a405f817e91392f0294f6a,3e07f09fb2edbdf0bf6a54c17634514b,SO53791,5,TT-M928,1,5,14e4b13c27fb9bce9938ce35b6597eca
12445,99b7e934795a93975a5e0c0b9b57d9ba,870bd4f3713260418e4f342f31dc7e33,SO63859,22,FE-6654,1,22,7a8e187aeb003f6e34c02a4d5b9b153e
12446,18f358e551b5b85912bc952ab9894c0d,abe94c2111c58e9c9672602d41bce66e,SO64930,4640,BK-M68S-38,2,4640,a6d37e298c3042e300813f55a17e0875
12446,18f358e551b5b85912bc952ab9894c0d,abe94c2111c58e9c9672602d41bce66e,SO64930,22,FE-6654,1,22,a6d37e298c3042e300813f55a17e0875
12446,18f358e551b5b85912bc952ab9894c0d,abe94c2111c58e9c9672602d41bce66e,SO64930,48,GL-H102-S,2,48,a6d37e298c3042e300813f55a17e0875
12446,eb89b77c8ab43407829a31ec1c84f649,33bb097d269ab64d47a26edc82a3fbb4,SO46450,3578,BK-R93R-56,1,3578,7fe55f4f2e51708bd160778e5ef08685
12447,73b2264d673ee7b5b2e7e165020516ac,4ceff7612cfa4420892fe23b23ca9265,SO57411,10,BC-M005,1,10,8d71482745a6a1be4fbbc5562ade4657
12447,73b2264d673ee7b5b2e7e165020516ac,4ceff7612cfa4420892fe23b23ca9265,SO57411,4590,BK-M68B-42,2,4590,8d71482745a6a1be4fbbc5562ade4657
12447,73b2264d673ee7b5b2e7e165020516ac,4ceff7612cfa4420892fe23b23ca9265,SO57411,22,FE-6654,1,22,8d71482745a6a1be4fbbc5562ade4657
12447,73b2264d673ee7b5b2e7e165020516ac,4ceff7612cfa4420892fe23b23ca9265,SO57411,5,WB-H098,1,5,8d71482745a6a1be4fbbc5562ade4657
12448,81a5d08c6beaeec9e42baae5d63dd780,95103530881768b5cfc7e33970db9cd7,SO63340,4590,BK-M68B-38,2,4590,b210069485754303767745919c328b97
12448,81a5d08c6beaeec9e42baae5d63dd780,95103530881768b5cfc7e33970db9cd7,SO63340,2,PK-7098,1,2,b210069485754303767745919c328b97
12448,81a5d08c6beaeec9e42baae5d63dd780,95103530881768b5cfc7e33970db9cd7,SO63340,35,TI-M823,1,35,b210069485754303767745919c328b97
12448,81a5d08c6beaeec9e42baae5d63dd780,95103530881768b5cfc7e33970db9cd7,SO63340,5,TT-M928,1,5,b210069485754303767745919c328b97
12448,b9edfdebe9fb3fad4862841e57e559d8,109b131069827970adb3b6d3aea896c2,SO46587,3578,BK-R93R-56,1,3578,b0d346be9fa7508e21d5c500b97e6b7a
12449,412998e77ee121227580e3d363f75fa2,df595e3c678d4fae23ce174fe747165e,SO59881,4590,BK-M68B-42,2,4590,254d832c83ccdb2c33eab65a4fd196ff
12449,412998e77ee121227580e3d363f75fa2,df595e3c678d4fae23ce174fe747165e,SO59881,22,FE-6654,1,22,254d832c83ccdb2c33eab65a4fd196ff
12449,412998e77ee121227580e3d363f75fa2,df595e3c678d4fae23ce174fe747165e,SO59881,105,HL-U509-B,3,105,254d832c83ccdb2c33eab65a4fd196ff
12450,03e9c154083778a02a19e7d2c3dcd97d,d37ddfbd511aeb9a1d163babcb308cf0,SO46569,3578,BK-R93R-48,1,3578,700b2fdf8bbe790f020e8c6fb93a2d71
12450,232e830f1ac667c081eaaca23cdf9b5f,4b5c3229e0725ef8d303f494db9faec8,SO64503,4640,BK-M68S-38,2,4640,abe94c2111c58e9c9672602d41bce66e
12450,232e830f1ac667c081eaaca23cdf9b5f,4b5c3229e0725ef8d303f494db9faec8,SO64503,22,FE-6654,1,22,abe94c2111c58e9c9672602d41bce66e
12450,232e830f1ac667c081eaaca23cdf9b5f,4b5c3229e0725ef8d303f494db9faec8,SO64503,105,HL-U509-R,3,105,abe94c2111c58e9c9672602d41bce66e
12451,013f173c58073e845f675d26fdde1918,ccb91034934bb047c5f6a32eb289b95b,SO60550,10,BC-M005,1,10,d6fb379288416774d139632beb88e26b
12451,013f173c58073e845f675d26fdde1918,ccb91034934bb047c5f6a32eb289b95b,SO60550,4590,BK-M68B-42,2,4590,d6fb379288416774d139632beb88e26b
12451,013f173c58073e845f675d26fdde1918,ccb91034934bb047c5f6a32eb289b95b,SO60550,8,CL-9009,1,8,d6fb379288416774d139632beb88e26b
12451,013f173c58073e845f675d26fdde1918,ccb91034934bb047c5f6a32eb289b95b,SO60550,55,HY-1023-70,1,55,d6fb379288416774d139632beb88e26b
12452,81a5d08c6beaeec9e42baae5d63dd780,95103530881768b5cfc7e33970db9cd7,SO63341,4640,BK-M68S-38,2,4640,b210069485754303767745919c328b97
12452,81a5d08c6beaeec9e42baae5d63dd780,95103530881768b5cfc7e33970db9cd7,SO63341,2,PK-7098,1,2,b210069485754303767745919c328b97
12452,81a5d08c6beaeec9e42baae5d63dd780,95103530881768b5cfc7e33970db9cd7,SO63341,35,TI-M823,1,35,b210069485754303767745919c328b97
12452,b0d346be9fa7508e21d5c500b97e6b7a,e0ff70a5e22e7449dab732c95d815720,SO46549,3578,BK-R93R-52,1,3578,23e53557c4c2300cb2511c53082467bb
12453,174acf6ca4e9804d47a59a499422e621,5abaefcc8525a8f4cfd95cba9e926532,SO58323,22,FE-6654,1,22,eba6cab7267f82e3b2a063d5ea445bb9
12454,39fe373cdcb4534addde73890415b660,41fc4cb27e0ee552c4c9247e1a476cc5,SO55907,10,BC-M005,1,10,3519c8eb4095dbc69d80eb61856d3435
12454,39fe373cdcb4534addde73890415b660,41fc4cb27e0ee552c4c9247e1a476cc5,SO55907,22,FE-6654,1,22,3519c8eb4095dbc69d80eb61856d3435
12454,39fe373cdcb4534addde73890415b660,41fc4cb27e0ee552c4c9247e1a476cc5,SO55907,105,HL-U509-R,3,105,3519c8eb4095dbc69d80eb61856d3435
12454,39fe373cdcb4534addde73890415b660,41fc4cb27e0ee552c4c9247e1a476cc5,SO55907,5,WB-H098,1,5,3519c8eb4095dbc69d80eb61856d3435
12455,fd5ba6fdeb81e07b2caf0b103489bd8d,e871b36e68b0b3d0af9c742d81fef27a,SO70980,22,FE-6654,1,22,17520f5649fab40fb66771362888cb90
12456,9a027fc72b503940a96d5137762a263e,0e000451f430d2e5b745a08b4ee7836c,SO74752,22,FE-6654,1,22,54d3ba66c5e71d3112695b882ca2030e
12457,bc761b2b7297029a695fbd6dd0470724,fef3080ec197edd1a04bb18afd31d16d,SO55656,22,FE-6654,1,22,9b6872ca1d80024637e967d1066bba0a
12457,bc761b2b7297029a695fbd6dd0470724,fef3080ec197edd1a04bb18afd31d16d,SO55656,2,PK-7098,1,2,9b6872ca1d80024637e967d1066bba0a
12458,6d1d8a1c7851eb5a946d45009cea6d9f,3f0c8308e4e2e5c4ddc1b7e19304f613,SO65721,150,LJ-0192-L,3,150,6582aa26281b9a92ad60e6a03e274c00
12459,4804ee33768b143d9706052696f7dfbd,7254e54716fe52361e62aa16ea2e0797,SO60256,4590,BK-M68B-38,2,4590,c660dc308b247ce08aeecd155306bae0
12459,4804ee33768b143d9706052696f7dfbd,7254e54716fe52361e62aa16ea2e0797,SO60256,2,PK-7098,1,2,c660dc308b247ce08aeecd155306bae0
12459,ad0b7f5ad35732646f1e5f67418d5995,244cede513841376c37dc856f2f5e7b9,SO59326,1215,BK-T44U-60,1,1215,0df76889b3e31ccfd17b50cc73baef03
12459,ad0b7f5ad35732646f1e5f67418d5995,244cede513841376c37dc856f2f5e7b9,SO59326,105,HL-U509,3,105,0df76889b3e31ccfd17b50cc73baef03
12459,ceed546c67e37bbf1b77e495913e2f57,f3393c2fcf78ad71519178f1876f05b3,SO48816,4142,BK-M68S-46,2,4142,43a48533e5870a15f120f16375636633
12460,3032fcbd695819ad7b6723a9cd53f277,95c18655480c149d1174efe4e25df34e,SO49000,4098,BK-M68B-42,2,4098,5621f5e25d40f729483fc0a25664bcc3
12460,348f48807f500aeac729fb17d9bc97f1,5072507e949a2c25948a591c4da194e1,SO60455,4590,BK-M68B-38,2,4590,f108e0cd2f96a0c22086f9d45ee08f19
12460,348f48807f500aeac729fb17d9bc97f1,5072507e949a2c25948a591c4da194e1,SO60455,105,HL-U509-R,3,105,f108e0cd2f96a0c22086f9d45ee08f19
12460,348f48807f500aeac729fb17d9bc97f1,5072507e949a2c25948a591c4da194e1,SO60455,150,LJ-0192-L,3,150,f108e0cd2f96a0c22086f9d45ee08f19
12460,ccb91034934bb047c5f6a32eb289b95b,640540d73b85c3ecd2e3bf5541686e87,SO59752,1215,BK-T44U-50,1,1215,3ebfce6ccd7540a632ae7e6ad8100c29
12460,ccb91034934bb047c5f6a32eb289b95b,640540d73b85c3ecd2e3bf5541686e87,SO59752,105,HL-U509,3,105,3ebfce6ccd7540a632ae7e6ad8100c29
12461,244cede513841376c37dc856f2f5e7b9,5e1b952a22eccca86f7f056a9efb42a4,SO58413,9,BC-R205,1,9,debbb2493c6588799fc787e1854bcda5
12461,244cede513841376c37dc856f2f5e7b9,5e1b952a22eccca86f7f056a9efb42a4,SO58413,540,BK-R19B-48,1,540,debbb2493c6588799fc787e1854bcda5
12461,244cede513841376c37dc856f2f5e7b9,5e1b952a22eccca86f7f056a9efb42a4,SO58413,105,HL-U509,3,105,debbb2493c6588799fc787e1854bcda5
12461,244cede513841376c37dc856f2f5e7b9,5e1b952a22eccca86f7f056a9efb42a4,SO58413,5,WB-H098,1,5,debbb2493c6588799fc787e1854bcda5
12461,8dc681f418bc4515c72be4c903645815,e34e7eb0c21a4e95026c6fae15677b7a,SO49324,4142,BK-M68S-38,2,4142,4d61c9aac1c2415bf4aac434f815ed3a
12461,e5bf4a4a03e320ed76cf2ca68fa5b4c0,0a6c721efa4fbe33f8e9e76a63f5b591,SO51660,10,BC-M005,1,10,e2f7ff887646789ea003d03bc2025325
12461,e5bf4a4a03e320ed76cf2ca68fa5b4c0,0a6c721efa4fbe33f8e9e76a63f5b591,SO51660,4640,BK-M68S-38,2,4640,e2f7ff887646789ea003d03bc2025325
12461,e5bf4a4a03e320ed76cf2ca68fa5b4c0,0a6c721efa4fbe33f8e9e76a63f5b591,SO51660,105,HL-U509,3,105,e2f7ff887646789ea003d03bc2025325
12461,e5bf4a4a03e320ed76cf2ca68fa5b4c0,0a6c721efa4fbe33f8e9e76a63f5b591,SO51660,5,WB-H098,1,5,e2f7ff887646789ea003d03bc2025325
12462,5e1b952a22eccca86f7f056a9efb42a4,a8ef76a01442567fb64eb6f4408a9835,SO57744,540,BK-R19B-52,1,540,40883861f6e25a2e09e848a7891f4f38
12462,5e1b952a22eccca86f7f056a9efb42a4,a8ef76a01442567fb64eb6f4408a9835,SO57744,105,HL-U509-R,3,105,40883861f6e25a2e09e848a7891f4f38
12462,5e1b952a22eccca86f7f056a9efb42a4,a8ef76a01442567fb64eb6f4408a9835,SO57744,150,LJ-0192-M,3,150,40883861f6e25a2e09e848a7891f4f38
12462,c00c38c95aa9544dce6852b834e4e8ab,3604937fec9f63b2bfd6c01fb97f2c14,SO49640,4098,BK-M68B-46,2,4098,141947ecbe6170100396f0be43a07a37
12462,e8c0bfc4371d81db0dacde1b8fa393ca,e5cdc2e9be5ecca55f34ea2ebabb8670,SO51339,10,BC-M005,1,10,01070cf843f2ca45e3d4ec7c02c52551
12462,e8c0bfc4371d81db0dacde1b8fa393ca,e5cdc2e9be5ecca55f34ea2ebabb8670,SO51339,4590,BK-M68B-38,2,4590,01070cf843f2ca45e3d4ec7c02c52551
12462,e8c0bfc4371d81db0dacde1b8fa393ca,e5cdc2e9be5ecca55f34ea2ebabb8670,SO51339,64,VE-C304-M,1,64,01070cf843f2ca45e3d4ec7c02c52551
12462,e8c0bfc4371d81db0dacde1b8fa393ca,e5cdc2e9be5ecca55f34ea2ebabb8670,SO51339,5,WB-H098,1,5,01070cf843f2ca45e3d4ec7c02c52551
12463,6eaadc1181f307997dc853d9ed40db36,0814775cfc25da756a9b4197347ab771,SO58470,10,BC-M005,1,10,4dbf892d41ae205f6e36838031cff786
12463,6eaadc1181f307997dc853d9ed40db36,0814775cfc25da756a9b4197347ab771,SO58470,4590,BK-M68B-38,2,4590,4dbf892d41ae205f6e36838031cff786
12463,6eaadc1181f307997dc853d9ed40db36,0814775cfc25da756a9b4197347ab771,SO58470,48,GL-H102-S,2,48,4dbf892d41ae205f6e36838031cff786
12463,6eaadc1181f307997dc853d9ed40db36,0814775cfc25da756a9b4197347ab771,SO58470,54,SJ-0194-X,1,54,4dbf892d41ae205f6e36838031cff786
12463,6eaadc1181f307997dc853d9ed40db36,0814775cfc25da756a9b4197347ab771,SO58470,5,WB-H098,1,5,4dbf892d41ae205f6e36838031cff786
12463,99ceae0afd3bddfab39f9341c7fd7a90,5881f2ec92a43470fcbe3d3477a2a1fe,SO48842,4142,BK-M68S-38,2,4142,6c1f25b149f7224c4de256ef6e37c951
12463,9a95fdf4e925d9cbd65f87b5aa4ac212,478ecc8cdaa127c33884d9f6c72c2cd5,SO59628,742,BK-T18Y-58,1,742,9e8cbc3edbb5efb3f48d6afb260e4725
12464,3dc63b2d6dcc8f0b6720b06b5439a0b1,8d1d4829b2e801ba4e41ba48f5a549d4,SO66271,4640,BK-M68S-42,2,4640,6ef7b4bb93d4e54234cf965ed2334682
12464,593d65a6acc20f05e8f0ed19632bf61e,f6fc4f2618f10629bd7f83026a77c035,SO45214,3578,BK-R93R-62,1,3578,965627dc7fa4e47d5a66206f93683145
12465,9b6872ca1d80024637e967d1066bba0a,4310d0d92131e34ff2716d85e1953174,SO55364,8,CL-9009,1,8,7b0730955172ecda497d7cca6b1d87a1
12465,9b6872ca1d80024637e967d1066bba0a,4310d0d92131e34ff2716d85e1953174,SO55364,21,TI-R092,1,21,7b0730955172ecda497d7cca6b1d87a1
12465,9b6872ca1d80024637e967d1066bba0a,4310d0d92131e34ff2716d85e1953174,SO55364,4,TT-R982,1,4,7b0730955172ecda497d7cca6b1d87a1
12465,9d934f91c460e9947414d00048f2fa36,94b225b5b1f09ecd5e8ecdfb681ff04c,SO65129,150,LJ-0192-L,3,150,3f0c8308e4e2e5c4ddc1b7e19304f613
12466,1f50dad3f1493a5cf408c4eb3987479e,226d694fb4b7f71d62444f9528be8704,SO54698,27,CA-1098,3,27,9c56075241a26f6fa77eb86b15411c6e
12466,1f50dad3f1493a5cf408c4eb3987479e,226d694fb4b7f71d62444f9528be8704,SO54698,150,LJ-0192-X,3,150,9c56075241a26f6fa77eb86b15411c6e
12467,4ceff7612cfa4420892fe23b23ca9265,5691ac18f59a9af20f9d8703772afbba,SO56578,150,LJ-0192-S,3,150,089c2a426c196c5ca5facb20896c90bb
12467,4ceff7612cfa4420892fe23b23ca9265,5691ac18f59a9af20f9d8703772afbba,SO56578,9,SO-R809-M,1,9,089c2a426c196c5ca5facb20896c90bb
12468,2296af5563b2061aa1d88124a37eecb7,6866da5d40f1aad2d82129d5ffa25bda,SO66507,4590,BK-M68B-42,2,4590,05e7920e8caf0303dc01b77666952b75
12468,2296af5563b2061aa1d88124a37eecb7,6866da5d40f1aad2d82129d5ffa25bda,SO66507,2,PK-7098,1,2,05e7920e8caf0303dc01b77666952b75
12468,86cf66ad58c4073cc4d377971f1518f3,1017d85c0aac1e105895a940a3edcc42,SO45139,3578,BK-R93R-56,1,3578,024c27431ac9d720119c6c64f5ea46d3
12469,cd15e5f80ff20dd345bfaa51400dd0d6,3a2f313512bb520c43971e54ba834dec,SO66683,150,LJ-0192-L,3,150,4efe8b2ca156042f8a3d8dd6aba54520
12470,128ee9ff420de424a605a0ee4a6f7916,fee8e08233f3f00450bce31967abb0f1,SO71404,150,LJ-0192-X,3,150,2797a91b25bc2aa85124c99bc574dc83
12471,0c8ff735cb2b05718573c08173335fd4,1685ca8ff12ea83725a1c35e1d89c5cd,SO54500,27,CA-1098,3,27,b8d9d66529b0a1e91f6137abcdd065dd
12471,0c8ff735cb2b05718573c08173335fd4,1685ca8ff12ea83725a1c35e1d89c5cd,SO54500,105,HL-U509,3,105,b8d9d66529b0a1e91f6137abcdd065dd
12471,0c8ff735cb2b05718573c08173335fd4,1685ca8ff12ea83725a1c35e1d89c5cd,SO54500,35,TI-M823,1,35,b8d9d66529b0a1e91f6137abcdd065dd
12471,0c8ff735cb2b05718573c08173335fd4,1685ca8ff12ea83725a1c35e1d89c5cd,SO54500,5,TT-M928,1,5,b8d9d66529b0a1e91f6137abcdd065dd
12472,f75e5f8c15ca91ec5c869dc3881f574f,3a23b248b732af434a45fce0302aa11f,SO63922,150,LJ-0192-L,3,150,03bf7d2a8718ee9aca4bd2f37e962fc4
12473,2d6e054ac82934d489c58cc8399a1628,ce08c22f7777768ce4197eab9727516c,SO60766,10,BC-M005,1,10,348f48807f500aeac729fb17d9bc97f1
12473,2d6e054ac82934d489c58cc8399a1628,ce08c22f7777768ce4197eab9727516c,SO60766,4640,BK-M68S-46,2,4640,348f48807f500aeac729fb17d9bc97f1
12473,3d2f1a711567258a8d30dab6a6dbd8f6,2324aa49dea31d140d6701555edd756c,SO48886,4142,BK-M68S-38,2,4142,99ceae0afd3bddfab39f9341c7fd7a90
12473,4cc27df81afd686c0420394e090460cb,39ff8ac1e8a44088f96e17b846ec8baf,SO61304,9,BC-R205,1,9,6477c205c5117a9448ba863e111acf32
12473,4cc27df81afd686c0420394e090460cb,39ff8ac1e8a44088f96e17b846ec8baf,SO61304,1215,BK-T44U-60,1,1215,6477c205c5117a9448ba863e111acf32
12473,4cc27df81afd686c0420394e090460cb,39ff8ac1e8a44088f96e17b846ec8baf,SO61304,105,HL-U509-R,3,105,6477c205c5117a9448ba863e111acf32
12473,4cc27df81afd686c0420394e090460cb,39ff8ac1e8a44088f96e17b846ec8baf,SO61304,5,WB-H098,1,5,6477c205c5117a9448ba863e111acf32
12474,07b7d2aed13a63a16377587dcc0abbe8,02b96ab6e0935145589be4e1408a1675,SO66093,4590,BK-M68B-42,2,4590,6866da5d40f1aad2d82129d5ffa25bda
12474,07b7d2aed13a63a16377587dcc0abbe8,02b96ab6e0935145589be4e1408a1675,SO66093,55,HY-1023-70,1,55,6866da5d40f1aad2d82129d5ffa25bda
12474,7ad2baebba56180e3df41b5a8865d84e,126a150f00133dcede50b2ccff26629d,SO45206,3578,BK-R93R-52,1,3578,222037d3aa2a1c1520bb378c14db0565
12475,3f0c8308e4e2e5c4ddc1b7e19304f613,61e00b038efd34bdf9c747596273cbcf,SO64804,4590,BK-M68B-38,2,4590,232e830f1ac667c081eaaca23cdf9b5f
12475,3f0c8308e4e2e5c4ddc1b7e19304f613,61e00b038efd34bdf9c747596273cbcf,SO64804,22,FE-6654,1,22,232e830f1ac667c081eaaca23cdf9b5f
12475,3f0c8308e4e2e5c4ddc1b7e19304f613,61e00b038efd34bdf9c747596273cbcf,SO64804,150,LJ-0192-M,3,150,232e830f1ac667c081eaaca23cdf9b5f
12475,6f28d1f037e8b8040be9f35ba03516af,30aed1460184602b98a479b6418e474a,SO49607,4142,BK-M68S-38,2,4142,2a8c7f899adb0e29724a30c7fb9e8618
12476,3fe686907939d07097f6c87f08025422,8eb7a1b0dba9fdd5f4248b9cb6b9119b,SO69055,150,LJ-0192-X,3,150,e5114f65ece65e14e7b721dab1e674e0
12476,63efdd3324df66c9965bd622cdebe06a,7acd252f45ad6fe668386456a673d543,SO68057,2,PK-7098,1,2,6e32728b966bb91cefefa1316da21ca8
12476,63efdd3324df66c9965bd622cdebe06a,7acd252f45ad6fe668386456a673d543,SO68057,21,TI-R092,1,21,6e32728b966bb91cefefa1316da21ca8
12477,86e0fc464cbb08ae74bd039224afec9a,38c9e5d1e366b4c5c36aae682bc960c4,SO72690,150,LJ-0192-S,3,150,8920fd63645007b243abb750709b1172
12478,e4b40b4ba619c72ec5a69caad258d393,b0950d12c62d3aeda81b2e8d06f2aef4,SO74217,27,CA-1098,3,27,8babade0595c11e14dd89058a850f2cd
12479,4d786e5d2e5c70a53e6895eb52019501,6b775fbfe9534ff161531d4406ebb878,SO49616,4142,BK-M68S-38,2,4142,785a283b263bd599ee5a0c2af80b43b0
12479,c87874400b9f907bdf9ea37d75a4b341,23bd9a9b90557e9da7babfb8e3d2df22,SO64546,4590,BK-M68B-38,2,4590,8b9fe4b34e3c54f08bfcac3d9691e260
12479,c87874400b9f907bdf9ea37d75a4b341,23bd9a9b90557e9da7babfb8e3d2df22,SO64546,35,TI-M823,1,35,8b9fe4b34e3c54f08bfcac3d9691e260
12480,0001ffe4d82d0d8f9fec5ab0b4faa2db,3dc63b2d6dcc8f0b6720b06b5439a0b1,SO67025,4590,BK-M68B-46,2,4590,4004a117f65dfd3221a9cce8fce5a45f
12480,0001ffe4d82d0d8f9fec5ab0b4faa2db,3dc63b2d6dcc8f0b6720b06b5439a0b1,SO67025,105,HL-U509,3,105,4004a117f65dfd3221a9cce8fce5a45f
12480,126a150f00133dcede50b2ccff26629d,efb944cb000716b997c2d0fb263d30ad,SO45126,3578,BK-R93R-44,1,3578,31ee28e8b3065df78e0ab30c3bde73e0
12481,da9c4ba6c9a1ae8725389bfd38b5763a,3e48b2167bd86ef570e46d0b286c4f74,SO54084,27,CA-1098,3,27,9223b53f03a405f817e91392f0294f6a
12482,8babade0595c11e14dd89058a850f2cd,a048b8d5f3f9178f163e2be055f0138b,SO73908,150,LJ-0192-M,3,150,501407dcfde5b685045ca3072168d5bb
12483,0120f4004ede1143c3be6caa4227affe,93ddc10d6cf61153011df052aa76671f,SO66380,4640,BK-M68S-38,2,4640,07b7d2aed13a63a16377587dcc0abbe8
12483,f5c31768618e3c8a7f1b3b755f08aa67,c5a17660293447cbe93ad42b9ba5965c,SO45096,3578,BK-R93R-48,1,3578,63c0ac0c5d4eb1d53a95d812bbe183b2
12484,4eec6eda382b9c44e240ad4b4b5e9cc0,f75e5f8c15ca91ec5c869dc3881f574f,SO64689,10,BC-M005,1,10,94b225b5b1f09ecd5e8ecdfb681ff04c
12484,4eec6eda382b9c44e240ad4b4b5e9cc0,f75e5f8c15ca91ec5c869dc3881f574f,SO64689,4640,BK-M68S-38,2,4640,94b225b5b1f09ecd5e8ecdfb681ff04c
12484,4eec6eda382b9c44e240ad4b4b5e9cc0,f75e5f8c15ca91ec5c869dc3881f574f,SO64689,22,FE-6654,1,22,94b225b5b1f09ecd5e8ecdfb681ff04c
12484,4eec6eda382b9c44e240ad4b4b5e9cc0,f75e5f8c15ca91ec5c869dc3881f574f,SO64689,105,HL-U509-R,3,105,94b225b5b1f09ecd5e8ecdfb681ff04c
12484,4eec6eda382b9c44e240ad4b4b5e9cc0,f75e5f8c15ca91ec5c869dc3881f574f,SO64689,5,WB-H098,1,5,94b225b5b1f09ecd5e8ecdfb681ff04c
12484,b7d5a5b8cc647eb5c041cfb92957acb2,da59baff9b2091053d3cbde67efd84ca,SO49781,4098,BK-M68B-46,2,4098,287c323e0efa1c1148232e905c3f7d34
12485,6dd75c28a9a8a39e02bc0a175f82a9f3,dfcee565bb2da80a7b76451a5cd314a1,SO66893,4590,BK-M68B-46,2,4590,f88b3743a9ce1f9455b6de69380b486a
12485,6dd75c28a9a8a39e02bc0a175f82a9f3,dfcee565bb2da80a7b76451a5cd314a1,SO66893,8,CL-9009,1,8,f88b3743a9ce1f9455b6de69380b486a
12485,6dd75c28a9a8a39e02bc0a175f82a9f3,dfcee565bb2da80a7b76451a5cd314a1,SO66893,2,PK-7098,1,2,f88b3743a9ce1f9455b6de69380b486a
12485,6dd75c28a9a8a39e02bc0a175f82a9f3,dfcee565bb2da80a7b76451a5cd314a1,SO66893,35,TI-M823,1,35,f88b3743a9ce1f9455b6de69380b486a
12485,6dd75c28a9a8a39e02bc0a175f82a9f3,dfcee565bb2da80a7b76451a5cd314a1,SO66893,5,TT-M928,1,5,f88b3743a9ce1f9455b6de69380b486a
12485,86cf66ad58c4073cc4d377971f1518f3,1017d85c0aac1e105895a940a3edcc42,SO45140,3578,BK-R93R-48,1,3578,024c27431ac9d720119c6c64f5ea46d3
12486,4ddc8821c34bceaf3dba4a18741acca3,af1457846a79173ef71dd9d5dd69805a,SO61096,10,BC-M005,1,10,2d6e054ac82934d489c58cc8399a1628
12486,4ddc8821c34bceaf3dba4a18741acca3,af1457846a79173ef71dd9d5dd69805a,SO61096,4590,BK-M68B-42,2,4590,2d6e054ac82934d489c58cc8399a1628
12486,4ddc8821c34bceaf3dba4a18741acca3,af1457846a79173ef71dd9d5dd69805a,SO61096,5,WB-H098,1,5,2d6e054ac82934d489c58cc8399a1628
12486,7328906f8bab0a3b391053e4df6588d3,a426a338561351b3011d85cfc86bf781,SO48950,4098,BK-M68B-38,2,4098,59802186a17f07a81aa34b5b19aea33d
12486,f8025d3776b5f7522a6120cb4e9e0783,2d6e054ac82934d489c58cc8399a1628,SO61638,1215,BK-T44U-50,1,1215,d945ec2aae74dbfb829453026b91c235
12486,f8025d3776b5f7522a6120cb4e9e0783,2d6e054ac82934d489c58cc8399a1628,SO61638,48,GL-H102-S,2,48,d945ec2aae74dbfb829453026b91c235
12486,f8025d3776b5f7522a6120cb4e9e0783,2d6e054ac82934d489c58cc8399a1628,SO61638,54,SJ-0194-L,1,54,d945ec2aae74dbfb829453026b91c235
12487,42c14d5c5a8f3096180b16977a1ea248,141947ecbe6170100396f0be43a07a37,SO49708,4142,BK-M68S-38,2,4142,2c9d527f6ea5c0d14748fcde2dc730c5
12487,b0241b451647f25db5f52074445d820c,7a8e187aeb003f6e34c02a4d5b9b153e,SO64251,4590,BK-M68B-38,2,4590,56d78836c9cf0de136c4d2d37aba2280
12487,b0241b451647f25db5f52074445d820c,7a8e187aeb003f6e34c02a4d5b9b153e,SO64251,105,HL-U509,3,105,56d78836c9cf0de136c4d2d37aba2280
12488,4004a117f65dfd3221a9cce8fce5a45f,6ef7b4bb93d4e54234cf965ed2334682,SO66734,27,CA-1098,3,27,0120f4004ede1143c3be6caa4227affe
12489,13b7c2277967bc61802018c764b5b2a0,9c55d6518880c1abf100a24da2546368,SO74526,105,HL-U509-R,3,105,0e000451f430d2e5b745a08b4ee7836c
12489,13b7c2277967bc61802018c764b5b2a0,9c55d6518880c1abf100a24da2546368,SO74526,30,TI-M602,1,30,0e000451f430d2e5b745a08b4ee7836c
12489,13b7c2277967bc61802018c764b5b2a0,9c55d6518880c1abf100a24da2546368,SO74526,5,TT-M928,1,5,0e000451f430d2e5b745a08b4ee7836c
12489,478ecc8cdaa127c33884d9f6c72c2cd5,3fbd0407b55d3a3da21388a2ddbf881c,SO58622,27,CA-1098,3,27,174acf6ca4e9804d47a59a499422e621
12489,5a06908cc28b799b04fc1c47664462e6,da9c4ba6c9a1ae8725389bfd38b5763a,SO54751,105,HL-U509,3,105,6d338b8c41c717c4336ad0084a80dca4
12489,5a06908cc28b799b04fc1c47664462e6,da9c4ba6c9a1ae8725389bfd38b5763a,SO54751,5,WB-H098,1,5,6d338b8c41c717c4336ad0084a80dca4
12489,fda052162862bb845297063fd71a580c,1678083e7ff90bd404baad3f60bffa37,SO56413,105,HL-U509,3,105,a2c49941411089cb2a9cbf78cb803c26
12489,fda052162862bb845297063fd71a580c,1678083e7ff90bd404baad3f60bffa37,SO56413,4,TT-R982,1,4,a2c49941411089cb2a9cbf78cb803c26
12490,174acf6ca4e9804d47a59a499422e621,5abaefcc8525a8f4cfd95cba9e926532,SO58315,2,PK-7098,1,2,eba6cab7267f82e3b2a063d5ea445bb9
12490,174acf6ca4e9804d47a59a499422e621,5abaefcc8525a8f4cfd95cba9e926532,SO58315,33,TI-R982,1,33,eba6cab7267f82e3b2a063d5ea445bb9
12490,174acf6ca4e9804d47a59a499422e621,5abaefcc8525a8f4cfd95cba9e926532,SO58315,4,TT-R982,1,4,eba6cab7267f82e3b2a063d5ea445bb9
12490,4310d0d92131e34ff2716d85e1953174,90c6314650a0d54fdcabe5cd5406f9af,SO54631,54,SJ-0194-M,1,54,d3c54b4368c62c2ff11535bf2b677170
12490,4310d0d92131e34ff2716d85e1953174,90c6314650a0d54fdcabe5cd5406f9af,SO54631,5,WB-H098,1,5,d3c54b4368c62c2ff11535bf2b677170
12490,93ddc10d6cf61153011df052aa76671f,7299e51cfc0d5174743a6701a8a96488,SO65660,105,HL-U509-R,3,105,02b96ab6e0935145589be4e1408a1675
12490,93ddc10d6cf61153011df052aa76671f,7299e51cfc0d5174743a6701a8a96488,SO65660,30,TI-M602,1,30,02b96ab6e0935145589be4e1408a1675
12490,93ddc10d6cf61153011df052aa76671f,7299e51cfc0d5174743a6701a8a96488,SO65660,5,TT-M928,1,5,02b96ab6e0935145589be4e1408a1675
12491,a946e75bc65318721cd1e01162d392dd,5efefff01843f5aa3f7d8a4d44b4bf2e,SO63457,150,LJ-0192-L,3,150,3a23b248b732af434a45fce0302aa11f
12491,a946e75bc65318721cd1e01162d392dd,5efefff01843f5aa3f7d8a4d44b4bf2e,SO63457,33,TI-R982,1,33,3a23b248b732af434a45fce0302aa11f
12491,a946e75bc65318721cd1e01162d392dd,5efefff01843f5aa3f7d8a4d44b4bf2e,SO63457,4,TT-R982,1,4,3a23b248b732af434a45fce0302aa11f
12492,174acf6ca4e9804d47a59a499422e621,5abaefcc8525a8f4cfd95cba9e926532,SO58288,10,BC-M005,1,10,eba6cab7267f82e3b2a063d5ea445bb9
12492,174acf6ca4e9804d47a59a499422e621,5abaefcc8525a8f4cfd95cba9e926532,SO58288,4590,BK-M68B-42,2,4590,eba6cab7267f82e3b2a063d5ea445bb9
12492,174acf6ca4e9804d47a59a499422e621,5abaefcc8525a8f4cfd95cba9e926532,SO58288,105,HL-U509,3,105,eba6cab7267f82e3b2a063d5ea445bb9
12492,8c9ec1be720ee75d56d0c250d10610fa,16918840d98f27ce45948fe73dd5592f,SO63670,742,BK-T18U-50,1,742,81a5d08c6beaeec9e42baae5d63dd780
12492,8c9ec1be720ee75d56d0c250d10610fa,16918840d98f27ce45948fe73dd5592f,SO63670,105,HL-U509-B,3,105,81a5d08c6beaeec9e42baae5d63dd780
12492,95c18655480c149d1174efe4e25df34e,6c1f25b149f7224c4de256ef6e37c951,SO48904,4098,BK-M68B-46,2,4098,76b32549988cdcac2435e968471f4954
12493,eba6cab7267f82e3b2a063d5ea445bb9,73b2264d673ee7b5b2e7e165020516ac,SO58047,105,HL-U509-B,3,105,02ad1a5ca18e58629b8c1d6a6401d071
12493,eba6cab7267f82e3b2a063d5ea445bb9,73b2264d673ee7b5b2e7e165020516ac,SO58047,35,TI-M823,1,35,02ad1a5ca18e58629b8c1d6a6401d071
12494,175a5d217fad85df9f6639d7ced1e5d9,511572e8a25e86c2f48ae9e6d73a1e6a,SO68900,10,BC-M005,1,10,66e56e10b0f528b66a45e307ecdf4774
12494,175a5d217fad85df9f6639d7ced1e5d9,511572e8a25e86c2f48ae9e6d73a1e6a,SO68900,4640,BK-M68S-38,2,4640,66e56e10b0f528b66a45e307ecdf4774
12494,175a5d217fad85df9f6639d7ced1e5d9,511572e8a25e86c2f48ae9e6d73a1e6a,SO68900,105,HL-U509,3,105,66e56e10b0f528b66a45e307ecdf4774
12494,175a5d217fad85df9f6639d7ced1e5d9,511572e8a25e86c2f48ae9e6d73a1e6a,SO68900,5,WB-H098,1,5,66e56e10b0f528b66a45e307ecdf4774
12494,ddf982e1176e6263757093cc2f312cd3,fe79f48f1af975659b09282772273c5f,SO45078,3578,BK-R93R-52,1,3578,51aeb01fbbe1b86816ccd49f6e3042a1
12495,232e830f1ac667c081eaaca23cdf9b5f,4b5c3229e0725ef8d303f494db9faec8,SO64454,10,BC-M005,1,10,abe94c2111c58e9c9672602d41bce66e
12495,232e830f1ac667c081eaaca23cdf9b5f,4b5c3229e0725ef8d303f494db9faec8,SO64454,4590,BK-M68B-46,2,4590,abe94c2111c58e9c9672602d41bce66e
12495,232e830f1ac667c081eaaca23cdf9b5f,4b5c3229e0725ef8d303f494db9faec8,SO64454,105,HL-U509,3,105,abe94c2111c58e9c9672602d41bce66e
12495,232e830f1ac667c081eaaca23cdf9b5f,4b5c3229e0725ef8d303f494db9faec8,SO64454,5,WB-H098,1,5,abe94c2111c58e9c9672602d41bce66e
12495,87d4f54c086f76c98b608b3ad8c4f65f,0a2ae1635ed951cbbaf7e3dfb1b460b2,SO49747,4142,BK-M68S-46,2,4142,17a27272d9d53953cbf6d182310e95ec
12496,a6d37e298c3042e300813f55a17e0875,99b7e934795a93975a5e0c0b9b57d9ba,SO64640,27,CA-1098,3,27,b0241b451647f25db5f52074445d820c
12496,a6d37e298c3042e300813f55a17e0875,99b7e934795a93975a5e0c0b9b57d9ba,SO64640,159,ST-1401,1,159,b0241b451647f25db5f52074445d820c
12496,a6d37e298c3042e300813f55a17e0875,99b7e934795a93975a5e0c0b9b57d9ba,SO64640,33,TI-R982,1,33,b0241b451647f25db5f52074445d820c
12496,a6d37e298c3042e300813f55a17e0875,99b7e934795a93975a5e0c0b9b57d9ba,SO64640,4,TT-R982,1,4,b0241b451647f25db5f52074445d820c
12497,d945ec2aae74dbfb829453026b91c235,348f48807f500aeac729fb17d9bc97f1,SO61342,2,PK-7098,1,2,eef21e68ecca703bb338920b950f203c
12497,d945ec2aae74dbfb829453026b91c235,348f48807f500aeac729fb17d9bc97f1,SO61342,35,TI-M823,1,35,eef21e68ecca703bb338920b950f203c
12497,d945ec2aae74dbfb829453026b91c235,348f48807f500aeac729fb17d9bc97f1,SO61342,5,TT-M928,1,5,eef21e68ecca703bb338920b950f203c
12498,4ddc8821c34bceaf3dba4a18741acca3,af1457846a79173ef71dd9d5dd69805a,SO61137,35,TI-M823,1,35,2d6e054ac82934d489c58cc8399a1628
12498,4ddc8821c34bceaf3dba4a18741acca3,af1457846a79173ef71dd9d5dd69805a,SO61137,5,TT-M928,1,5,2d6e054ac82934d489c58cc8399a1628
12499,17a27272d9d53953cbf6d182310e95ec,7c5572d8ea7717eb416a5478b1b0056f,SO49695,4098,BK-M68B-46,2,4098,38d32d96c9adb3ccccf0e286aa08123c
12499,ccf89c691dabb1412404274596922d90,b0241b451647f25db5f52074445d820c,SO65021,4590,BK-M68B-38,2,4590,7299e51cfc0d5174743a6701a8a96488
12499,ccf89c691dabb1412404274596922d90,b0241b451647f25db5f52074445d820c,SO65021,105,HL-U509-B,3,105,7299e51cfc0d5174743a6701a8a96488
12500,6d1d8a1c7851eb5a946d45009cea6d9f,3f0c8308e4e2e5c4ddc1b7e19304f613,SO65682,4640,BK-M68S-46,2,4640,6582aa26281b9a92ad60e6a03e274c00
12500,6d1d8a1c7851eb5a946d45009cea6d9f,3f0c8308e4e2e5c4ddc1b7e19304f613,SO65682,27,CA-1098,3,27,6582aa26281b9a92ad60e6a03e274c00
12500,6d1d8a1c7851eb5a946d45009cea6d9f,3f0c8308e4e2e5c4ddc1b7e19304f613,SO65682,105,HL-U509,3,105,6582aa26281b9a92ad60e6a03e274c00
12500,6d1d8a1c7851eb5a946d45009cea6d9f,3f0c8308e4e2e5c4ddc1b7e19304f613,SO65682,35,TI-M823,1,35,6582aa26281b9a92ad60e6a03e274c00
12500,6d1d8a1c7851eb5a946d45009cea6d9f,3f0c8308e4e2e5c4ddc1b7e19304f613,SO65682,5,TT-M928,1,5,6582aa26281b9a92ad60e6a03e274c00
12500,7c5572d8ea7717eb416a5478b1b0056f,59b3bce956067f996be5f0ddd87e18c7,SO49586,4142,BK-M68S-38,2,4142,cc2547b3671a031a723a4e3e241d0eed
12501,e82ca4c6beebe812f10fa1041b97a160,9d934f91c460e9947414d00048f2fa36,SO66019,10,BC-M005,1,10,6d1d8a1c7851eb5a946d45009cea6d9f
12501,e82ca4c6beebe812f10fa1041b97a160,9d934f91c460e9947414d00048f2fa36,SO66019,4590,BK-M68B-46,2,4590,6d1d8a1c7851eb5a946d45009cea6d9f
12501,e82ca4c6beebe812f10fa1041b97a160,9d934f91c460e9947414d00048f2fa36,SO66019,105,HL-U509-R,3,105,6d1d8a1c7851eb5a946d45009cea6d9f
12501,e82ca4c6beebe812f10fa1041b97a160,9d934f91c460e9947414d00048f2fa36,SO66019,5,WB-H098,1,5,6d1d8a1c7851eb5a946d45009cea6d9f
12501,f6a3074075f513ac39071601eaf0195a,b60afd1ea0dbefb3614f3f57badc2959,SO49902,4142,BK-M68S-38,2,4142,9c36ef758665a17e1eeb69b7f8fce1c6
12502,3a2f313512bb520c43971e54ba834dec,a1fedb8f5f2e08543339a5f167bee6b7,SO65927,150,LJ-0192-M,3,150,e2f0a420a4c1a9e8e292761f835e0489
12502,b8cc77f0099ae7d3a20b9f0b74d70b12,70ad7386c1fe794c57fa3908ff22435d,SO52198,105,HL-U509-R,3,105,5e9b4970006d8f02ba0bc1763fa8b9a6
12502,b8cc77f0099ae7d3a20b9f0b74d70b12,70ad7386c1fe794c57fa3908ff22435d,SO52198,21,TI-R092,1,21,5e9b4970006d8f02ba0bc1763fa8b9a6
12502,b8cc77f0099ae7d3a20b9f0b74d70b12,70ad7386c1fe794c57fa3908ff22435d,SO52198,4,TT-R982,1,4,5e9b4970006d8f02ba0bc1763fa8b9a6
12503,0001ffe4d82d0d8f9fec5ab0b4faa2db,3dc63b2d6dcc8f0b6720b06b5439a0b1,SO67063,27,CA-1098,3,27,4004a117f65dfd3221a9cce8fce5a45f
12503,0001ffe4d82d0d8f9fec5ab0b4faa2db,3dc63b2d6dcc8f0b6720b06b5439a0b1,SO67063,150,LJ-0192-L,3,150,4004a117f65dfd3221a9cce8fce5a45f
12503,deff8ad81a213d1110c1f409a7f40fcd,b8cc77f0099ae7d3a20b9f0b74d70b12,SO52819,21,TI-R092,1,21,f04e53711455521533f4c5ed7dcaa287
12503,deff8ad81a213d1110c1f409a7f40fcd,b8cc77f0099ae7d3a20b9f0b74d70b12,SO52819,4,TT-R982,1,4,f04e53711455521533f4c5ed7dcaa287
12504,40ff348468b73116a7077c246985e0bf,a2c49941411089cb2a9cbf78cb803c26,SO56777,48,GL-H102-S,2,48,830e779850b1d58733a7ad711bf6b83f
12504,40ff348468b73116a7077c246985e0bf,a2c49941411089cb2a9cbf78cb803c26,SO56777,33,TI-R982,1,33,830e779850b1d58733a7ad711bf6b83f
12504,40ff348468b73116a7077c246985e0bf,a2c49941411089cb2a9cbf78cb803c26,SO56777,4,TT-R982,1,4,830e779850b1d58733a7ad711bf6b83f
12505,41464bd548f06ca845208f69df30ac82,15aceb75d86814cb479f1b1a9487c3d4,SO53692,33,TI-R982,1,33,3e48b2167bd86ef570e46d0b286c4f74
12505,41464bd548f06ca845208f69df30ac82,15aceb75d86814cb479f1b1a9487c3d4,SO53692,4,TT-R982,1,4,3e48b2167bd86ef570e46d0b286c4f74
12506,d6ec5bff1a0809822c740ce35792fa7a,db2b287636ac5ebda430de4f3f643b24,SO52599,150,LJ-0192-S,3,150,6be9692276a308e4b872323af1ad8fe2
12506,d6ec5bff1a0809822c740ce35792fa7a,db2b287636ac5ebda430de4f3f643b24,SO52599,70,SH-W890-L,1,70,6be9692276a308e4b872323af1ad8fe2
12507,55f9f4cb5784581a517e59904e0d5e2f,9b6872ca1d80024637e967d1066bba0a,SO56051,27,CA-1098,3,27,1678083e7ff90bd404baad3f60bffa37
12508,4a800301260b2639fa1ec3efafb5f86c,23f22724b430320654759f8512440ebc,SO59171,27,CA-1098,3,27,a189cc17a15cdb4e39e80dfcd8374c76
12508,4a800301260b2639fa1ec3efafb5f86c,23f22724b430320654759f8512440ebc,SO59171,70,SH-W890-M,1,70,a189cc17a15cdb4e39e80dfcd8374c76
12508,4a800301260b2639fa1ec3efafb5f86c,23f22724b430320654759f8512440ebc,SO59171,54,SJ-0194-L,1,54,a189cc17a15cdb4e39e80dfcd8374c76
12509,4b5c3229e0725ef8d303f494db9faec8,f46ace11e93788e473124f7be16a19d5,SO63719,33,TI-R982,1,33,0149f124a48640c62d90840ac5760331
12509,8d1d4829b2e801ba4e41ba48f5a549d4,a6d37e298c3042e300813f55a17e0875,SO65530,2,PK-7098,1,2,ccf89c691dabb1412404274596922d90
12509,8d1d4829b2e801ba4e41ba48f5a549d4,a6d37e298c3042e300813f55a17e0875,SO65530,30,TI-M602,1,30,ccf89c691dabb1412404274596922d90
12509,8d1d4829b2e801ba4e41ba48f5a549d4,a6d37e298c3042e300813f55a17e0875,SO65530,5,TT-M928,1,5,ccf89c691dabb1412404274596922d90
12509,9b98d27287b27eeee9ebc06e1d5a9a8d,0dc34ca2aaa8612cde077f1880b78b25,SO53109,27,CA-1098,3,27,18bea060239713ee5f865109f63f3a8a
12509,9b98d27287b27eeee9ebc06e1d5a9a8d,0dc34ca2aaa8612cde077f1880b78b25,SO53109,4,TT-R982,1,4,18bea060239713ee5f865109f63f3a8a
12510,4004a117f65dfd3221a9cce8fce5a45f,6ef7b4bb93d4e54234cf965ed2334682,SO66762,540,BK-R19B-52,1,540,0120f4004ede1143c3be6caa4227affe
12510,4004a117f65dfd3221a9cce8fce5a45f,6ef7b4bb93d4e54234cf965ed2334682,SO66762,2,PK-7098,1,2,0120f4004ede1143c3be6caa4227affe
12510,4004a117f65dfd3221a9cce8fce5a45f,6ef7b4bb93d4e54234cf965ed2334682,SO66762,21,TI-R092,1,21,0120f4004ede1143c3be6caa4227affe
12510,4004a117f65dfd3221a9cce8fce5a45f,6ef7b4bb93d4e54234cf965ed2334682,SO66762,4,TT-R982,1,4,0120f4004ede1143c3be6caa4227affe
12510,4aed0f4e82a51c3f853b8a3df8d808eb,2a4234d94b0d548e524e2871335265f0,SO45508,3578,BK-R93R-62,1,3578,2736db866ea3366c10431df335770c4c
12510,da9c4ba6c9a1ae8725389bfd38b5763a,3e48b2167bd86ef570e46d0b286c4f74,SO54039,4590,BK-M68B-42,2,4590,9223b53f03a405f817e91392f0294f6a
12511,4a70a3ec50fd16032883bf6fc79c55dd,4804ee33768b143d9706052696f7dfbd,SO61072,27,CA-1098,3,27,e0bcd0ff3072dfe15609d6be1529b0b8
12512,fef3080ec197edd1a04bb18afd31d16d,b8d9d66529b0a1e91f6137abcdd065dd,SO54919,27,CA-1098,3,27,4310d0d92131e34ff2716d85e1953174
12513,af1457846a79173ef71dd9d5dd69805a,254d832c83ccdb2c33eab65a4fd196ff,SO60357,2,PK-7098,1,2,ce08c22f7777768ce4197eab9727516c
12513,af1457846a79173ef71dd9d5dd69805a,254d832c83ccdb2c33eab65a4fd196ff,SO60357,159,ST-1401,1,159,ce08c22f7777768ce4197eab9727516c
12513,af1457846a79173ef71dd9d5dd69805a,254d832c83ccdb2c33eab65a4fd196ff,SO60357,21,TI-R092,1,21,ce08c22f7777768ce4197eab9727516c
12513,ca38f30e56a72f4d0c8d2264322c5862,de5009f9bf3e9725d2381f4a5e913111,SO68185,27,CA-1098,3,27,7e15f50bd26e439e6a22f5205a8064db
12513,ca38f30e56a72f4d0c8d2264322c5862,de5009f9bf3e9725d2381f4a5e913111,SO68185,150,LJ-0192-X,3,150,7e15f50bd26e439e6a22f5205a8064db
12514,c375f33d72ca7161f341c2726e82d67a,9f79f7706bc6a7654ef0b8977966f69a,SO52756,27,CA-1098,3,27,0dc34ca2aaa8612cde077f1880b78b25
12515,16918840d98f27ce45948fe73dd5592f,04dbdf67bb8714ba18c9c36d50d1f5dc,SO62733,27,CA-1098,3,27,95103530881768b5cfc7e33970db9cd7
12516,47a161474962a6dcc03cfa64127a641f,8920fd63645007b243abb750709b1172,SO73222,27,CA-1098,3,27,c5ed53572c667b119dde2fc0f54de602
12517,e5114f65ece65e14e7b721dab1e674e0,c7390752782466cfc9a3ed7d3a79e046,SO68714,27,CA-1098,3,27,fe1fd19c021e78ec395980c2e347865e
12518,0149f124a48640c62d90840ac5760331,4555f65c4664801d78b9f5477f89d8fd,SO63400,27,CA-1098,3,27,870bd4f3713260418e4f342f31dc7e33
12519,0814775cfc25da756a9b4197347ab771,d76e0ba1fa041675ae9af958c5b41ae4,SO57817,21,TI-R092,1,21,de22d232bbe84481579f6252f1e7091d
12519,2fb09097185e604aaadbfde958fd6262,a1e59736d286765313b8212467dc64b2,SO74618,150,LJ-0192-M,3,150,88d8e3ff674b1514a19b24621707f0d9
12520,8eb7a1b0dba9fdd5f4248b9cb6b9119b,9f1ff00ea8fd9fd8f2d421ba5ec45a18,SO68203,4590,BK-M68B-38,2,4590,c7390752782466cfc9a3ed7d3a79e046
12520,8eb7a1b0dba9fdd5f4248b9cb6b9119b,9f1ff00ea8fd9fd8f2d421ba5ec45a18,SO68203,22,FE-6654,1,22,c7390752782466cfc9a3ed7d3a79e046
12520,8eb7a1b0dba9fdd5f4248b9cb6b9119b,9f1ff00ea8fd9fd8f2d421ba5ec45a18,SO68203,48,GL-H102-L,2,48,c7390752782466cfc9a3ed7d3a79e046
12520,fa2c117fbfa874ac1c732417d5be02d3,fcd5adae10c8b193e7f485daaca8edaf,SO45351,3578,BK-R93R-52,1,3578,d7a9e1dfc11849db0f8ae23e1daaf243
12521,4652a559216121874754c7ecfe692e94,9c36ef758665a17e1eeb69b7f8fce1c6,SO49967,4142,BK-M68S-42,2,4142,8dd3ccb09d6ab7dd754ab887e66e8652
12521,a1d0c0a14c6c8f8a8ef8220209c23a64,05e7920e8caf0303dc01b77666952b75,SO66943,4590,BK-M68B-38,2,4590,cd15e5f80ff20dd345bfaa51400dd0d6
12521,a1d0c0a14c6c8f8a8ef8220209c23a64,05e7920e8caf0303dc01b77666952b75,SO66943,22,FE-6654,1,22,cd15e5f80ff20dd345bfaa51400dd0d6
12521,a1d0c0a14c6c8f8a8ef8220209c23a64,05e7920e8caf0303dc01b77666952b75,SO66943,150,LJ-0192-M,3,150,cd15e5f80ff20dd345bfaa51400dd0d6
12522,ca38f30e56a72f4d0c8d2264322c5862,de5009f9bf3e9725d2381f4a5e913111,SO68161,10,BC-M005,1,10,7e15f50bd26e439e6a22f5205a8064db
12522,ca38f30e56a72f4d0c8d2264322c5862,de5009f9bf3e9725d2381f4a5e913111,SO68161,4590,BK-M68B-46,2,4590,7e15f50bd26e439e6a22f5205a8064db
12522,ca38f30e56a72f4d0c8d2264322c5862,de5009f9bf3e9725d2381f4a5e913111,SO68161,5,WB-H098,1,5,7e15f50bd26e439e6a22f5205a8064db
12522,ee7b4e75b13596004256c5044792aa3c,9e1ca98ed14275c163df7ca9189e23a7,SO45482,3578,BK-R93R-62,1,3578,d3f5e9e78b4eff50303cc34a8bd9fa20
12523,18f7c9bb65478213b7dcd26262dde1a0,235096cd6d16ea6b32ab3dfe3cd7fc1d,SO45511,3578,BK-R93R-44,1,3578,bf88ef1a27a7c08ac5123685d7229944
12523,962bae2fb03296a3b9cacabfa929322c,0da2bc000f1fe4ea8746f9aea0bb5879,SO69096,4640,BK-M68S-46,2,4640,c4369eefdf9bb8a3f9115e96b40aaf17
12523,962bae2fb03296a3b9cacabfa929322c,0da2bc000f1fe4ea8746f9aea0bb5879,SO69096,105,HL-U509,3,105,c4369eefdf9bb8a3f9115e96b40aaf17
12524,c926349b55a58d87d7d5008c349fd1e9,9e8cbc3edbb5efb3f48d6afb260e4725,SO60092,27,CA-1098,3,27,ccb91034934bb047c5f6a32eb289b95b
12525,478ecc8cdaa127c33884d9f6c72c2cd5,3fbd0407b55d3a3da21388a2ddbf881c,SO58611,150,LJ-0192-L,3,150,174acf6ca4e9804d47a59a499422e621
12525,478ecc8cdaa127c33884d9f6c72c2cd5,3fbd0407b55d3a3da21388a2ddbf881c,SO58611,70,SH-W890-L,1,70,174acf6ca4e9804d47a59a499422e621
12526,702a02712215141594ddf8e52b0a651c,cd15e5f80ff20dd345bfaa51400dd0d6,SO67548,9,BC-R205,1,9,caa707f97407c07371136aaf471a91d4
12526,702a02712215141594ddf8e52b0a651c,cd15e5f80ff20dd345bfaa51400dd0d6,SO67548,742,BK-T18U-58,1,742,caa707f97407c07371136aaf471a91d4
12526,702a02712215141594ddf8e52b0a651c,cd15e5f80ff20dd345bfaa51400dd0d6,SO67548,27,CA-1098,3,27,caa707f97407c07371136aaf471a91d4
12526,702a02712215141594ddf8e52b0a651c,cd15e5f80ff20dd345bfaa51400dd0d6,SO67548,105,HL-U509-B,3,105,caa707f97407c07371136aaf471a91d4
12526,702a02712215141594ddf8e52b0a651c,cd15e5f80ff20dd345bfaa51400dd0d6,SO67548,150,LJ-0192-L,3,150,caa707f97407c07371136aaf471a91d4
12526,702a02712215141594ddf8e52b0a651c,cd15e5f80ff20dd345bfaa51400dd0d6,SO67548,5,WB-H098,1,5,caa707f97407c07371136aaf471a91d4
12526,75fe8d7dec9d2a51be64595ab37dc674,ef5bad66aa19ccfb82cacb73584b83ea,SO58542,4590,BK-M68B-38,2,4590,23f22724b430320654759f8512440ebc
12526,75fe8d7dec9d2a51be64595ab37dc674,ef5bad66aa19ccfb82cacb73584b83ea,SO58542,105,HL-U509-R,3,105,23f22724b430320654759f8512440ebc
12526,8b4b8fc84396c30bd5bacc7370e1491c,ef6f862d87544c63e2c3dbb4d95a25a1,SO48879,4098,BK-M68B-46,2,4098,2238742959ecea1cc6a6148c4f555b08
12527,4c6ed4daa82e7326b84c24f4c2ae7064,b2ce0ef2540789e8a6976165b6c917d8,SO73301,10,BC-M005,1,10,aa14ddbc43aa2d3be1e6ac019bb7b5bc
12527,4c6ed4daa82e7326b84c24f4c2ae7064,b2ce0ef2540789e8a6976165b6c917d8,SO73301,22,FE-6654,1,22,aa14ddbc43aa2d3be1e6ac019bb7b5bc
12527,4c6ed4daa82e7326b84c24f4c2ae7064,b2ce0ef2540789e8a6976165b6c917d8,SO73301,55,HY-1023-70,1,55,aa14ddbc43aa2d3be1e6ac019bb7b5bc
12528,9d934f91c460e9947414d00048f2fa36,94b225b5b1f09ecd5e8ecdfb681ff04c,SO65126,22,FE-6654,1,22,3f0c8308e4e2e5c4ddc1b7e19304f613
12528,9d934f91c460e9947414d00048f2fa36,94b225b5b1f09ecd5e8ecdfb681ff04c,SO65126,150,LJ-0192-M,3,150,3f0c8308e4e2e5c4ddc1b7e19304f613
12529,8592725b85eec4822018b8728dd5b88d,88d8e3ff674b1514a19b24621707f0d9,SO74838,22,FE-6654,1,22,56e52500a7f5ab963646137a401683cd
12529,8592725b85eec4822018b8728dd5b88d,88d8e3ff674b1514a19b24621707f0d9,SO74838,64,VE-C304-S,1,64,56e52500a7f5ab963646137a401683cd
12530,41ef6b06b63ba4f6a5234245a439b157,c4c454d69a39e60a6f5cf2f97148adad,SO72614,105,HL-U509-R,3,105,545a3d56d20b22e09aa85bfa5ed8738d
12530,41ef6b06b63ba4f6a5234245a439b157,c4c454d69a39e60a6f5cf2f97148adad,SO72614,35,TI-M823,1,35,545a3d56d20b22e09aa85bfa5ed8738d
12530,41ef6b06b63ba4f6a5234245a439b157,c4c454d69a39e60a6f5cf2f97148adad,SO72614,5,TT-M928,1,5,545a3d56d20b22e09aa85bfa5ed8738d
12530,4a70a3ec50fd16032883bf6fc79c55dd,4804ee33768b143d9706052696f7dfbd,SO61050,105,HL-U509-R,3,105,e0bcd0ff3072dfe15609d6be1529b0b8
12530,4a70a3ec50fd16032883bf6fc79c55dd,4804ee33768b143d9706052696f7dfbd,SO61050,29,TI-T723,1,29,e0bcd0ff3072dfe15609d6be1529b0b8
12530,4a70a3ec50fd16032883bf6fc79c55dd,4804ee33768b143d9706052696f7dfbd,SO61050,5,TT-T092,1,5,e0bcd0ff3072dfe15609d6be1529b0b8
12530,deff8ad81a213d1110c1f409a7f40fcd,b8cc77f0099ae7d3a20b9f0b74d70b12,SO52797,70,SH-W890-S,1,70,f04e53711455521533f4c5ed7dcaa287
12530,deff8ad81a213d1110c1f409a7f40fcd,b8cc77f0099ae7d3a20b9f0b74d70b12,SO52797,54,SJ-0194-M,1,54,f04e53711455521533f4c5ed7dcaa287
12530,fda052162862bb845297063fd71a580c,1678083e7ff90bd404baad3f60bffa37,SO56395,105,HL-U509,3,105,a2c49941411089cb2a9cbf78cb803c26
12530,fda052162862bb845297063fd71a580c,1678083e7ff90bd404baad3f60bffa37,SO56395,30,TI-M602,1,30,a2c49941411089cb2a9cbf78cb803c26
12530,fda052162862bb845297063fd71a580c,1678083e7ff90bd404baad3f60bffa37,SO56395,5,WB-H098,1,5,a2c49941411089cb2a9cbf78cb803c26
12531,4310d0d92131e34ff2716d85e1953174,90c6314650a0d54fdcabe5cd5406f9af,SO54637,22,FE-6654,1,22,d3c54b4368c62c2ff11535bf2b677170
12532,3e107cd1554225ea3056ed5010adce90,aa14ddbc43aa2d3be1e6ac019bb7b5bc,SO73834,35,TI-M823,1,35,43e2cc7ff261723f93f64f3f7e9faa8d
12532,b34050290c25b0f7b52a2b8f767df87d,caa707f97407c07371136aaf471a91d4,SO67989,48,GL-H102-S,2,48,36ab6f1df21f3c9a169c8942e981959a
12532,b34050290c25b0f7b52a2b8f767df87d,caa707f97407c07371136aaf471a91d4,SO67989,70,SH-W890-L,1,70,36ab6f1df21f3c9a169c8942e981959a
12532,c7390752782466cfc9a3ed7d3a79e046,0001ffe4d82d0d8f9fec5ab0b4faa2db,SO67916,105,HL-U509,3,105,16e364d19895243407b256ec272d5394
12532,c7390752782466cfc9a3ed7d3a79e046,0001ffe4d82d0d8f9fec5ab0b4faa2db,SO67916,30,TI-M602,1,30,16e364d19895243407b256ec272d5394
12532,c7390752782466cfc9a3ed7d3a79e046,0001ffe4d82d0d8f9fec5ab0b4faa2db,SO67916,5,TT-M928,1,5,16e364d19895243407b256ec272d5394
12532,caa707f97407c07371136aaf471a91d4,4efe8b2ca156042f8a3d8dd6aba54520,SO67094,2,PK-7098,1,2,058af5b2a408d57b708367e5bf4e9d9c
12532,caa707f97407c07371136aaf471a91d4,4efe8b2ca156042f8a3d8dd6aba54520,SO67094,29,TI-T723,1,29,058af5b2a408d57b708367e5bf4e9d9c
12532,caa707f97407c07371136aaf471a91d4,4efe8b2ca156042f8a3d8dd6aba54520,SO67094,5,TT-T092,1,5,058af5b2a408d57b708367e5bf4e9d9c
12533,72e75576254db1afef14ecdc050391c2,20b851db79828c985958154243411278,SO52066,9,BC-R205,1,9,0b80ce5eab877cae9997209e0bee6e60
12533,72e75576254db1afef14ecdc050391c2,20b851db79828c985958154243411278,SO52066,27,CA-1098,3,27,0b80ce5eab877cae9997209e0bee6e60
12533,72e75576254db1afef14ecdc050391c2,20b851db79828c985958154243411278,SO52066,150,LJ-0192-L,3,150,0b80ce5eab877cae9997209e0bee6e60
12533,72e75576254db1afef14ecdc050391c2,20b851db79828c985958154243411278,SO52066,5,WB-H098,1,5,0b80ce5eab877cae9997209e0bee6e60
12533,a2c49941411089cb2a9cbf78cb803c26,73a69a5c77a7d23172e54d7ce07a638e,SO56170,159,ST-1401,1,159,39fe373cdcb4534addde73890415b660
12533,a2c49941411089cb2a9cbf78cb803c26,73a69a5c77a7d23172e54d7ce07a638e,SO56170,35,TI-M823,1,35,39fe373cdcb4534addde73890415b660
12533,a2c49941411089cb2a9cbf78cb803c26,73a69a5c77a7d23172e54d7ce07a638e,SO56170,5,TT-M928,1,5,39fe373cdcb4534addde73890415b660
12534,6ef7b4bb93d4e54234cf965ed2334682,ccf89c691dabb1412404274596922d90,SO65993,27,CA-1098,3,27,93ddc10d6cf61153011df052aa76671f
12535,f88b3743a9ce1f9455b6de69380b486a,64cadfde6f66bc25043d0d69f5ae5471,SO66613,27,CA-1098,3,27,3dc63b2d6dcc8f0b6720b06b5439a0b1
12536,31c99d724c1f182c60edb82eb4740277,e84848120190a8d0e696fbeb15647a74,SO71247,27,CA-1098,3,27,3db19f5f710f10e90ecc7154c649d60a
12537,2d6e054ac82934d489c58cc8399a1628,ce08c22f7777768ce4197eab9727516c,SO60808,27,CA-1098,3,27,348f48807f500aeac729fb17d9bc97f1
12538,640540d73b85c3ecd2e3bf5541686e87,eba6cab7267f82e3b2a063d5ea445bb9,SO58753,27,CA-1098,3,27,d630b2db6e8046e30b4728ca862ba4e1
12539,dcf73f840a50da0145f24e8e0169dc4b,2797a91b25bc2aa85124c99bc574dc83,SO72039,27,CA-1098,3,27,d5985f40495ba672dff8a99620b879c8
12540,232e830f1ac667c081eaaca23cdf9b5f,4b5c3229e0725ef8d303f494db9faec8,SO64501,150,LJ-0192-S,3,150,abe94c2111c58e9c9672602d41bce66e
12540,9444f850ff0c10a862b4a6a9c4ab0a74,3143ce3c6436ed5bd25398756b7b661d,SO53750,21,TI-R092,1,21,76e3c19dbb0dadc4c6dc771d856e4676
12540,9444f850ff0c10a862b4a6a9c4ab0a74,3143ce3c6436ed5bd25398756b7b661d,SO53750,4,TT-R982,1,4,76e3c19dbb0dadc4c6dc771d856e4676
12541,d6fb379288416774d139632beb88e26b,3ebfce6ccd7540a632ae7e6ad8100c29,SO60227,27,CA-1098,3,27,412998e77ee121227580e3d363f75fa2
12542,54d3ba66c5e71d3112695b882ca2030e,e4b40b4ba619c72ec5a69caad258d393,SO74583,27,CA-1098,3,27,40eee601514259a9632d510ca71226cc
12543,40883861f6e25a2e09e848a7891f4f38,eba5233d2dd8ea5031e646882335ece0,SO57463,27,CA-1098,3,27,d76e0ba1fa041675ae9af958c5b41ae4
12544,5cbbe853aa1a5a1370f9a614904c4b15,86e0fc464cbb08ae74bd039224afec9a,SO73613,27,CA-1098,3,27,47a161474962a6dcc03cfa64127a641f
12545,870bd4f3713260418e4f342f31dc7e33,94c60e0b5e2b0f78b919a5d4c67d70a2,SO62920,150,LJ-0192-M,3,150,2fe1a028f9398deb2efcd536c8246fae
12545,8728a5e296f39e49d2fa74c31820e99f,66e56e10b0f528b66a45e307ecdf4774,SO69610,27,CA-1098,3,27,3fe686907939d07097f6c87f08025422
12545,8728a5e296f39e49d2fa74c31820e99f,66e56e10b0f528b66a45e307ecdf4774,SO69610,105,HL-U509-B,3,105,3fe686907939d07097f6c87f08025422
12545,8728a5e296f39e49d2fa74c31820e99f,66e56e10b0f528b66a45e307ecdf4774,SO69610,21,TI-R092,1,21,3fe686907939d07097f6c87f08025422
12545,8728a5e296f39e49d2fa74c31820e99f,66e56e10b0f528b66a45e307ecdf4774,SO69610,4,TT-R982,1,4,3fe686907939d07097f6c87f08025422
12546,6866da5d40f1aad2d82129d5ffa25bda,b68fd63ca41d49bfc1b18251202c053f,SO65748,10,BC-M005,1,10,eea5b3bd1bd5d5c62a1d22f78d3ba263
12546,6866da5d40f1aad2d82129d5ffa25bda,b68fd63ca41d49bfc1b18251202c053f,SO65748,4590,BK-M68B-46,2,4590,eea5b3bd1bd5d5c62a1d22f78d3ba263
12546,6866da5d40f1aad2d82129d5ffa25bda,b68fd63ca41d49bfc1b18251202c053f,SO65748,105,HL-U509,3,105,eea5b3bd1bd5d5c62a1d22f78d3ba263
12546,6866da5d40f1aad2d82129d5ffa25bda,b68fd63ca41d49bfc1b18251202c053f,SO65748,5,WB-H098,1,5,eea5b3bd1bd5d5c62a1d22f78d3ba263
12546,968e9a4bab3af2e071a27db638e363e6,b7d5a5b8cc647eb5c041cfb92957acb2,SO49978,4142,BK-M68S-38,2,4142,79f46ce61b754fc6c2eeda754a6354bc
12547,29f704a15c85c5c5a8ad8422095ae44c,fa2c117fbfa874ac1c732417d5be02d3,SO45433,3578,BK-R93R-62,1,3578,ba48ddec21a526f8db67c8e96a4051bc
12547,702a02712215141594ddf8e52b0a651c,cd15e5f80ff20dd345bfaa51400dd0d6,SO67497,4640,BK-M68S-46,2,4640,caa707f97407c07371136aaf471a91d4
12548,02b96ab6e0935145589be4e1408a1675,58f0b42da53adeeccbfa693883fea672,SO65330,10,BC-M005,1,10,b68fd63ca41d49bfc1b18251202c053f
12548,02b96ab6e0935145589be4e1408a1675,58f0b42da53adeeccbfa693883fea672,SO65330,4590,BK-M68B-42,2,4590,b68fd63ca41d49bfc1b18251202c053f
12548,02b96ab6e0935145589be4e1408a1675,58f0b42da53adeeccbfa693883fea672,SO65330,27,CA-1098,3,27,b68fd63ca41d49bfc1b18251202c053f
12548,02b96ab6e0935145589be4e1408a1675,58f0b42da53adeeccbfa693883fea672,SO65330,5,WB-H098,1,5,b68fd63ca41d49bfc1b18251202c053f
12548,c9e159941f9c2ce8daa7b4737e7f8552,fab7b0e87ea51ac9c36bc8aa60ee05bb,SO50084,4098,BK-M68B-46,2,4098,104cef6597ea499d4b3c31db81c466f6
12549,202be13b3d9b1d0ed9abbfdb2f26a9a4,42abc105a78a8da94e36739d809b5613,SO45453,3578,BK-R93R-44,1,3578,12f7b41c44093026f4726315fac19fd6
12549,705fa39ab40831529471c768490339ab,63efdd3324df66c9965bd622cdebe06a,SO68821,4590,BK-M68B-38,2,4590,4584ca349e0920f4436a3c2f36158b85
12549,705fa39ab40831529471c768490339ab,63efdd3324df66c9965bd622cdebe06a,SO68821,105,HL-U509-R,3,105,4584ca349e0920f4436a3c2f36158b85
12550,86e0fc464cbb08ae74bd039224afec9a,38c9e5d1e366b4c5c36aae682bc960c4,SO72691,150,LJ-0192-X,3,150,8920fd63645007b243abb750709b1172
12550,86e0fc464cbb08ae74bd039224afec9a,38c9e5d1e366b4c5c36aae682bc960c4,SO72691,9,SO-R809-L,1,9,8920fd63645007b243abb750709b1172
12550,c926349b55a58d87d7d5008c349fd1e9,9e8cbc3edbb5efb3f48d6afb260e4725,SO60083,2,PK-7098,1,2,ccb91034934bb047c5f6a32eb289b95b
12550,c926349b55a58d87d7d5008c349fd1e9,9e8cbc3edbb5efb3f48d6afb260e4725,SO60083,21,TI-R092,1,21,ccb91034934bb047c5f6a32eb289b95b
12550,c926349b55a58d87d7d5008c349fd1e9,9e8cbc3edbb5efb3f48d6afb260e4725,SO60083,4,TT-R982,1,4,ccb91034934bb047c5f6a32eb289b95b
12551,bb858b10001c01aea17b4e635d0662a2,d612b5fb3f6011688fb0c9927693365a,SO74783,150,LJ-0192-L,3,150,2fb09097185e604aaadbfde958fd6262
12551,f75e5f8c15ca91ec5c869dc3881f574f,3a23b248b732af434a45fce0302aa11f,SO63917,21,TI-R092,1,21,03bf7d2a8718ee9aca4bd2f37e962fc4
12551,f75e5f8c15ca91ec5c869dc3881f574f,3a23b248b732af434a45fce0302aa11f,SO63917,4,TT-R982,1,4,03bf7d2a8718ee9aca4bd2f37e962fc4
12552,0da2bc000f1fe4ea8746f9aea0bb5879,702a02712215141594ddf8e52b0a651c,SO68321,27,CA-1098,3,27,b34050290c25b0f7b52a2b8f767df87d
12553,0814775cfc25da756a9b4197347ab771,d76e0ba1fa041675ae9af958c5b41ae4,SO57825,10,BC-M005,1,10,de22d232bbe84481579f6252f1e7091d
12554,870bd4f3713260418e4f342f31dc7e33,94c60e0b5e2b0f78b919a5d4c67d70a2,SO62912,29,TI-T723,1,29,2fe1a028f9398deb2efcd536c8246fae
12554,c885741a5e3e55c84950327011b70289,7e15f50bd26e439e6a22f5205a8064db,SO68656,27,CA-1098,3,27,0da2bc000f1fe4ea8746f9aea0bb5879
12554,c885741a5e3e55c84950327011b70289,7e15f50bd26e439e6a22f5205a8064db,SO68656,150,LJ-0192-M,3,150,0da2bc000f1fe4ea8746f9aea0bb5879
12555,93ddc10d6cf61153011df052aa76671f,7299e51cfc0d5174743a6701a8a96488,SO65664,10,BC-M005,1,10,02b96ab6e0935145589be4e1408a1675
12555,93ddc10d6cf61153011df052aa76671f,7299e51cfc0d5174743a6701a8a96488,SO65664,54,SJ-0194-S,1,54,02b96ab6e0935145589be4e1408a1675
12555,93ddc10d6cf61153011df052aa76671f,7299e51cfc0d5174743a6701a8a96488,SO65664,5,WB-H098,1,5,02b96ab6e0935145589be4e1408a1675
12556,38c9e5d1e366b4c5c36aae682bc960c4,8fa3bab223bec6501ad71f96bb1067b6,SO71663,27,CA-1098,3,27,58c4ce5b9433e7b6d41793d5a76d5590
12557,485ae69515bc4c60ef546ff289741f60,40ff348468b73116a7077c246985e0bf,SO57622,10,BC-M005,1,10,375bde15092f45652b6398c1dff650d0
12557,485ae69515bc4c60ef546ff289741f60,40ff348468b73116a7077c246985e0bf,SO57622,105,HL-U509,3,105,375bde15092f45652b6398c1dff650d0
12557,485ae69515bc4c60ef546ff289741f60,40ff348468b73116a7077c246985e0bf,SO57622,5,WB-H098,1,5,375bde15092f45652b6398c1dff650d0
12558,e2f0a420a4c1a9e8e292761f835e0489,4eec6eda382b9c44e240ad4b4b5e9cc0,SO65600,10,BC-M005,1,10,9d934f91c460e9947414d00048f2fa36
12558,e2f0a420a4c1a9e8e292761f835e0489,4eec6eda382b9c44e240ad4b4b5e9cc0,SO65600,5,WB-H098,1,5,9d934f91c460e9947414d00048f2fa36
12559,232e830f1ac667c081eaaca23cdf9b5f,4b5c3229e0725ef8d303f494db9faec8,SO64507,1215,BK-T44U-60,1,1215,abe94c2111c58e9c9672602d41bce66e
12559,232e830f1ac667c081eaaca23cdf9b5f,4b5c3229e0725ef8d303f494db9faec8,SO64507,105,HL-U509-B,3,105,abe94c2111c58e9c9672602d41bce66e
12559,412998e77ee121227580e3d363f75fa2,df595e3c678d4fae23ce174fe747165e,SO59837,10,BC-M005,1,10,254d832c83ccdb2c33eab65a4fd196ff
12559,412998e77ee121227580e3d363f75fa2,df595e3c678d4fae23ce174fe747165e,SO59837,4640,BK-M68S-42,2,4640,254d832c83ccdb2c33eab65a4fd196ff
12559,412998e77ee121227580e3d363f75fa2,df595e3c678d4fae23ce174fe747165e,SO59837,5,WB-H098,1,5,254d832c83ccdb2c33eab65a4fd196ff
12559,f924afae9f4c724ae1a0a28c0959d2ed,3d2f1a711567258a8d30dab6a6dbd8f6,SO48990,4098,BK-M68B-46,2,4098,609dcf12bb3687c6856be712159d7032
12560,58f0b42da53adeeccbfa693883fea672,8c9ec1be720ee75d56d0c250d10610fa,SO64430,1215,BK-T44U-60,1,1215,d4746e41b619da57ee9f1a2e2cc254e8
12560,58f0b42da53adeeccbfa693883fea672,8c9ec1be720ee75d56d0c250d10610fa,SO64430,27,CA-1098,3,27,d4746e41b619da57ee9f1a2e2cc254e8
12560,9e8cbc3edbb5efb3f48d6afb260e4725,174acf6ca4e9804d47a59a499422e621,SO59210,10,BC-M005,1,10,640540d73b85c3ecd2e3bf5541686e87
12560,9e8cbc3edbb5efb3f48d6afb260e4725,174acf6ca4e9804d47a59a499422e621,SO59210,4590,BK-M68B-38,2,4590,640540d73b85c3ecd2e3bf5541686e87
12560,9e8cbc3edbb5efb3f48d6afb260e4725,174acf6ca4e9804d47a59a499422e621,SO59210,54,SJ-0194-X,1,54,640540d73b85c3ecd2e3bf5541686e87
12560,9e8cbc3edbb5efb3f48d6afb260e4725,174acf6ca4e9804d47a59a499422e621,SO59210,5,WB-H098,1,5,640540d73b85c3ecd2e3bf5541686e87
12560,cfa82f31e4639f537cf9d0fe9050f93b,782652638a2153c2b28e4a4522354d0f,SO48921,4098,BK-M68B-42,2,4098,8b4b8fc84396c30bd5bacc7370e1491c
12561,0da2bc000f1fe4ea8746f9aea0bb5879,702a02712215141594ddf8e52b0a651c,SO68266,10,BC-M005,1,10,b34050290c25b0f7b52a2b8f767df87d
12561,0da2bc000f1fe4ea8746f9aea0bb5879,702a02712215141594ddf8e52b0a651c,SO68266,4590,BK-M68B-46,2,4590,b34050290c25b0f7b52a2b8f767df87d
12561,0da2bc000f1fe4ea8746f9aea0bb5879,702a02712215141594ddf8e52b0a651c,SO68266,5,WB-H098,1,5,b34050290c25b0f7b52a2b8f767df87d
12561,e7445efc9c2e5f55aee8a2c2b02c9b7a,3ace441341c719dd401296ee5a591431,SO45757,3578,BK-R93R-48,1,3578,74cd52749cc4b84fea8b036cee2e0b9a
12562,9c56075241a26f6fa77eb86b15411c6e,9444f850ff0c10a862b4a6a9c4ab0a74,SO54415,10,BC-M005,1,10,ab2e81a99745ffff6c06e2be93290d1b
12562,9c56075241a26f6fa77eb86b15411c6e,9444f850ff0c10a862b4a6a9c4ab0a74,SO54415,27,CA-1098,3,27,ab2e81a99745ffff6c06e2be93290d1b
12562,9c56075241a26f6fa77eb86b15411c6e,9444f850ff0c10a862b4a6a9c4ab0a74,SO54415,105,HL-U509-R,3,105,ab2e81a99745ffff6c06e2be93290d1b
12562,9c56075241a26f6fa77eb86b15411c6e,9444f850ff0c10a862b4a6a9c4ab0a74,SO54415,5,WB-H098,1,5,ab2e81a99745ffff6c06e2be93290d1b
12563,d945ec2aae74dbfb829453026b91c235,348f48807f500aeac729fb17d9bc97f1,SO61349,105,HL-U509,3,105,eef21e68ecca703bb338920b950f203c
12563,d945ec2aae74dbfb829453026b91c235,348f48807f500aeac729fb17d9bc97f1,SO61349,29,TI-T723,1,29,eef21e68ecca703bb338920b950f203c
12563,d945ec2aae74dbfb829453026b91c235,348f48807f500aeac729fb17d9bc97f1,SO61349,5,TT-T092,1,5,eef21e68ecca703bb338920b950f203c
12563,d945ec2aae74dbfb829453026b91c235,348f48807f500aeac729fb17d9bc97f1,SO61355,150,LJ-0192-S,3,150,eef21e68ecca703bb338920b950f203c
12564,226d694fb4b7f71d62444f9528be8704,714597fe9448176d17876617114a65bc,SO54014,2,PK-7098,1,2,9444f850ff0c10a862b4a6a9c4ab0a74
12564,226d694fb4b7f71d62444f9528be8704,714597fe9448176d17876617114a65bc,SO54014,29,TI-T723,1,29,9444f850ff0c10a862b4a6a9c4ab0a74
12564,226d694fb4b7f71d62444f9528be8704,714597fe9448176d17876617114a65bc,SO54014,5,TT-T092,1,5,9444f850ff0c10a862b4a6a9c4ab0a74
12564,3db19f5f710f10e90ecc7154c649d60a,f544b472453b297a8b55709fbfd3746d,SO70910,48,GL-H102-L,2,48,fee8e08233f3f00450bce31967abb0f1
12564,3db19f5f710f10e90ecc7154c649d60a,f544b472453b297a8b55709fbfd3746d,SO70910,150,LJ-0192-X,3,150,fee8e08233f3f00450bce31967abb0f1
12565,691ad1b0dca3643b923973defd014d47,6dd75c28a9a8a39e02bc0a175f82a9f3,SO67816,10,BC-M005,1,10,9f1ff00ea8fd9fd8f2d421ba5ec45a18
12565,691ad1b0dca3643b923973defd014d47,6dd75c28a9a8a39e02bc0a175f82a9f3,SO67816,48,GL-H102-M,2,48,9f1ff00ea8fd9fd8f2d421ba5ec45a18
12565,691ad1b0dca3643b923973defd014d47,6dd75c28a9a8a39e02bc0a175f82a9f3,SO67816,54,SJ-0194-X,1,54,9f1ff00ea8fd9fd8f2d421ba5ec45a18
12565,691ad1b0dca3643b923973defd014d47,6dd75c28a9a8a39e02bc0a175f82a9f3,SO67816,5,WB-H098,1,5,9f1ff00ea8fd9fd8f2d421ba5ec45a18
12566,0001ffe4d82d0d8f9fec5ab0b4faa2db,3dc63b2d6dcc8f0b6720b06b5439a0b1,SO67062,27,CA-1098,3,27,4004a117f65dfd3221a9cce8fce5a45f
12566,0001ffe4d82d0d8f9fec5ab0b4faa2db,3dc63b2d6dcc8f0b6720b06b5439a0b1,SO67062,150,LJ-0192-L,3,150,4004a117f65dfd3221a9cce8fce5a45f
12566,4a800301260b2639fa1ec3efafb5f86c,23f22724b430320654759f8512440ebc,SO59177,55,HY-1023-70,1,55,a189cc17a15cdb4e39e80dfcd8374c76
12566,4a800301260b2639fa1ec3efafb5f86c,23f22724b430320654759f8512440ebc,SO59177,29,TI-T723,1,29,a189cc17a15cdb4e39e80dfcd8374c76
12566,4a800301260b2639fa1ec3efafb5f86c,23f22724b430320654759f8512440ebc,SO59177,5,TT-T092,1,5,a189cc17a15cdb4e39e80dfcd8374c76
12567,691ad1b0dca3643b923973defd014d47,6dd75c28a9a8a39e02bc0a175f82a9f3,SO67810,29,TI-T723,1,29,9f1ff00ea8fd9fd8f2d421ba5ec45a18
12567,691ad1b0dca3643b923973defd014d47,6dd75c28a9a8a39e02bc0a175f82a9f3,SO67810,5,TT-T092,1,5,9f1ff00ea8fd9fd8f2d421ba5ec45a18
12567,d6ec5bff1a0809822c740ce35792fa7a,db2b287636ac5ebda430de4f3f643b24,SO52608,27,CA-1098,3,27,6be9692276a308e4b872323af1ad8fe2
12568,106dfbaf552c07a1b08d065f2c343982,3f20f21c57e09a6c071e44d1fe74b58a,SO54570,48,GL-H102-M,2,48,dba3e44e23a1d2c2f299811e94db7fce
12568,106dfbaf552c07a1b08d065f2c343982,3f20f21c57e09a6c071e44d1fe74b58a,SO54570,29,TI-T723,1,29,dba3e44e23a1d2c2f299811e94db7fce
12568,106dfbaf552c07a1b08d065f2c343982,3f20f21c57e09a6c071e44d1fe74b58a,SO54570,5,TT-T092,1,5,dba3e44e23a1d2c2f299811e94db7fce
12568,ad4fbe0c82c7e5968d4cf22c2ad19e28,72e75576254db1afef14ecdc050391c2,SO52713,27,CA-1098,3,27,f5933feadc49c253e4f0e77b236946e9
12569,5efefff01843f5aa3f7d8a4d44b4bf2e,922d04aa1f67bbe0270bfad98508f43e,SO62556,105,HL-U509-B,3,105,db2f6a564b6f5f41253c68874b50962b
12569,5efefff01843f5aa3f7d8a4d44b4bf2e,922d04aa1f67bbe0270bfad98508f43e,SO62556,35,TI-M823,1,35,db2f6a564b6f5f41253c68874b50962b
12569,5efefff01843f5aa3f7d8a4d44b4bf2e,922d04aa1f67bbe0270bfad98508f43e,SO62556,5,TT-M928,1,5,db2f6a564b6f5f41253c68874b50962b
12570,d4746e41b619da57ee9f1a2e2cc254e8,81a5d08c6beaeec9e42baae5d63dd780,SO64105,540,BK-M18B-52,1,540,23bd9a9b90557e9da7babfb8e3d2df22
12570,d4746e41b619da57ee9f1a2e2cc254e8,81a5d08c6beaeec9e42baae5d63dd780,SO64105,105,HL-U509-B,3,105,23bd9a9b90557e9da7babfb8e3d2df22
12570,d4746e41b619da57ee9f1a2e2cc254e8,81a5d08c6beaeec9e42baae5d63dd780,SO64105,25,TI-M267,1,25,23bd9a9b90557e9da7babfb8e3d2df22
12570,d4746e41b619da57ee9f1a2e2cc254e8,81a5d08c6beaeec9e42baae5d63dd780,SO64105,5,TT-M928,1,5,23bd9a9b90557e9da7babfb8e3d2df22
12570,d6cafebfd2db462e512bc5b597cf9232,b0d346be9fa7508e21d5c500b97e6b7a,SO46718,4098,BK-M68B-42,2,4098,4a318fb9cfbe73b094d25673d3ce9e38
12571,03bf7d2a8718ee9aca4bd2f37e962fc4,290499d9b8e65db426ba9b842714eb6d,SO63603,540,BK-M18B-48,1,540,7130adfd843cdcb6d0bcd9d13792693a
12571,03bf7d2a8718ee9aca4bd2f37e962fc4,290499d9b8e65db426ba9b842714eb6d,SO63603,25,TI-M267,1,25,7130adfd843cdcb6d0bcd9d13792693a
12571,03bf7d2a8718ee9aca4bd2f37e962fc4,290499d9b8e65db426ba9b842714eb6d,SO63603,5,TT-M928,1,5,7130adfd843cdcb6d0bcd9d13792693a
12571,ebce0865da088132946764a3527b5a4e,c79548466fdad0728a9aa092fbad03a7,SO46683,4142,BK-M68S-42,2,4142,03e9c154083778a02a19e7d2c3dcd97d
12572,72514ec24cd9e6144a04f1abf93e0b08,c75ebcb138485ff2faa2ca7c6dda6bf5,SO46881,4142,BK-M68S-42,2,4142,100acb16459de9c5ebfc99be9a36afbe
12572,dfcee565bb2da80a7b76451a5cd314a1,6582aa26281b9a92ad60e6a03e274c00,SO66194,540,BK-M18B-48,1,540,64cadfde6f66bc25043d0d69f5ae5471
12573,d3fa88b8a081356f91911e74ecf7e481,4593d632f4e33a6fedc30d17cbdc0c29,SO46767,4098,BK-M68B-46,2,4098,bea2034ab47ba6f72c2dea803bbc3328
12573,eea5b3bd1bd5d5c62a1d22f78d3ba263,c87874400b9f907bdf9ea37d75a4b341,SO65497,565,BK-M18S-52,1,565,a1fedb8f5f2e08543339a5f167bee6b7
12573,eea5b3bd1bd5d5c62a1d22f78d3ba263,c87874400b9f907bdf9ea37d75a4b341,SO65497,54,SJ-0194-M,1,54,a1fedb8f5f2e08543339a5f167bee6b7
12574,4004a117f65dfd3221a9cce8fce5a45f,6ef7b4bb93d4e54234cf965ed2334682,SO66750,10,BC-M005,1,10,0120f4004ede1143c3be6caa4227affe
12574,4004a117f65dfd3221a9cce8fce5a45f,6ef7b4bb93d4e54234cf965ed2334682,SO66750,540,BK-M18B-44,1,540,0120f4004ede1143c3be6caa4227affe
12574,4004a117f65dfd3221a9cce8fce5a45f,6ef7b4bb93d4e54234cf965ed2334682,SO66750,5,WB-H098,1,5,0120f4004ede1143c3be6caa4227affe
12574,579ccf7535264274969f909add894a18,bea2034ab47ba6f72c2dea803bbc3328,SO46825,4142,BK-M68S-42,2,4142,c75ebcb138485ff2faa2ca7c6dda6bf5
12575,579ccf7535264274969f909add894a18,bea2034ab47ba6f72c2dea803bbc3328,SO46826,4098,BK-M68B-42,2,4098,c75ebcb138485ff2faa2ca7c6dda6bf5
12575,7acd252f45ad6fe668386456a673d543,0120f4004ede1143c3be6caa4227affe,SO67189,565,BK-M18S-44,1,565,b322422d9a721bbdefa133133dd407c1
12575,7acd252f45ad6fe668386456a673d543,0120f4004ede1143c3be6caa4227affe,SO67189,54,SJ-0194-X,1,54,b322422d9a721bbdefa133133dd407c1
12576,3509cccaf2642efa12aab8da9ba03c1f,0e3f5655bf7de733060720a9c9e92669,SO46738,4098,BK-M68B-46,2,4098,541309d30f5cea4d94f655886354e3fd
12576,cd15e5f80ff20dd345bfaa51400dd0d6,3a2f313512bb520c43971e54ba834dec,SO66690,540,BK-M18B-52,1,540,4efe8b2ca156042f8a3d8dd6aba54520
12576,cd15e5f80ff20dd345bfaa51400dd0d6,3a2f313512bb520c43971e54ba834dec,SO66690,27,CA-1098,3,27,4efe8b2ca156042f8a3d8dd6aba54520
12576,cd15e5f80ff20dd345bfaa51400dd0d6,3a2f313512bb520c43971e54ba834dec,SO66690,55,HY-1023-70,1,55,4efe8b2ca156042f8a3d8dd6aba54520
12577,4004a117f65dfd3221a9cce8fce5a45f,6ef7b4bb93d4e54234cf965ed2334682,SO66751,540,BK-M18B-52,1,540,0120f4004ede1143c3be6caa4227affe
12577,4004a117f65dfd3221a9cce8fce5a45f,6ef7b4bb93d4e54234cf965ed2334682,SO66751,25,TI-M267,1,25,0120f4004ede1143c3be6caa4227affe
12577,d6e34f14e6924cef6c0e043d6ab84346,d0eb731ed0bf74b4a74041192f7b377e,SO47219,4098,BK-M68B-46,2,4098,a9badca0a12d937b4dcb70fd1c65dc63
12578,70951886788165a5e2439adfce4d0cce,ca38f30e56a72f4d0c8d2264322c5862,SO69008,565,BK-M18S-42,1,565,c885741a5e3e55c84950327011b70289
12578,70951886788165a5e2439adfce4d0cce,ca38f30e56a72f4d0c8d2264322c5862,SO69008,54,SJ-0194-L,1,54,c885741a5e3e55c84950327011b70289
12578,f459baa887e18a3fb6af0118506f75a6,3e5c252ff13111aa6a12067ee19d69e6,SO47211,4098,BK-M68B-46,2,4098,2766ca1bca285e813b134ddc2a2efa99
12579,ca38f30e56a72f4d0c8d2264322c5862,de5009f9bf3e9725d2381f4a5e913111,SO68192,540,BK-M18B-52,1,540,7e15f50bd26e439e6a22f5205a8064db
12579,d6e34f14e6924cef6c0e043d6ab84346,d0eb731ed0bf74b4a74041192f7b377e,SO47220,4098,BK-M68B-38,2,4098,a9badca0a12d937b4dcb70fd1c65dc63
12580,c4369eefdf9bb8a3f9115e96b40aaf17,b34050290c25b0f7b52a2b8f767df87d,SO68793,540,BK-M18B-44,1,540,c135545cc3f3a739132ffdbc8096f3d4
12580,f459baa887e18a3fb6af0118506f75a6,3e5c252ff13111aa6a12067ee19d69e6,SO47212,4098,BK-M68B-42,2,4098,2766ca1bca285e813b134ddc2a2efa99
12581,66e56e10b0f528b66a45e307ecdf4774,691ad1b0dca3643b923973defd014d47,SO68607,10,BC-M005,1,10,8eb7a1b0dba9fdd5f4248b9cb6b9119b
12581,66e56e10b0f528b66a45e307ecdf4774,691ad1b0dca3643b923973defd014d47,SO68607,565,BK-M18S-40,1,565,8eb7a1b0dba9fdd5f4248b9cb6b9119b
12581,ff6b0fd180b0673e54be5105922418c2,d6e34f14e6924cef6c0e043d6ab84346,SO47335,4142,BK-M68S-46,2,4142,fdc720a8abaa222620409b00b4e00cc2
12582,81a5d08c6beaeec9e42baae5d63dd780,95103530881768b5cfc7e33970db9cd7,SO63294,25,TI-M267,1,25,b210069485754303767745919c328b97
12582,99c8f306659fd98cbb9d7f03ec0c2a7a,705fa39ab40831529471c768490339ab,SO69871,27,CA-1098,3,27,fff3c307c93eda1eb91d53ca588846fe
12582,99c8f306659fd98cbb9d7f03ec0c2a7a,705fa39ab40831529471c768490339ab,SO69871,150,LJ-0192-M,3,150,fff3c307c93eda1eb91d53ca588846fe
12583,511572e8a25e86c2f48ae9e6d73a1e6a,8e8847c1bdf012037ee13bb62da8a5c1,SO68137,10,BC-M005,1,10,691ad1b0dca3643b923973defd014d47
12583,511572e8a25e86c2f48ae9e6d73a1e6a,8e8847c1bdf012037ee13bb62da8a5c1,SO68137,565,BK-M18S-52,1,565,691ad1b0dca3643b923973defd014d47
12583,e61ec60837c3a7c01e31ad9b2d857e99,ff865f6f4949cd6d631d069a4268d9aa,SO47345,4142,BK-M68S-46,2,4142,fffd2144f47526eeb222541136a47d44
12584,3db19f5f710f10e90ecc7154c649d60a,f544b472453b297a8b55709fbfd3746d,SO70921,540,BK-M18B-48,1,540,fee8e08233f3f00450bce31967abb0f1
12584,3db19f5f710f10e90ecc7154c649d60a,f544b472453b297a8b55709fbfd3746d,SO70921,22,FE-6654,1,22,fee8e08233f3f00450bce31967abb0f1
12584,a9badca0a12d937b4dcb70fd1c65dc63,368bf74b3769bb91f49d30908786b862,SO47174,4142,BK-M68S-42,2,4142,41c97bac51d5ee4cfce0cfa86385fdbe
12585,86bfb8ffc7a79e52d833cedce4d275bf,962bae2fb03296a3b9cacabfa929322c,SO70226,10,BC-M005,1,10,ec24e4cf9fcc90f3bbe81b2fb3735c21
12585,86bfb8ffc7a79e52d833cedce4d275bf,962bae2fb03296a3b9cacabfa929322c,SO70226,565,BK-M18S-48,1,565,ec24e4cf9fcc90f3bbe81b2fb3735c21
12585,86bfb8ffc7a79e52d833cedce4d275bf,962bae2fb03296a3b9cacabfa929322c,SO70226,5,WB-H098,1,5,ec24e4cf9fcc90f3bbe81b2fb3735c21
12585,e61ec60837c3a7c01e31ad9b2d857e99,ff865f6f4949cd6d631d069a4268d9aa,SO47346,4098,BK-M68B-42,2,4098,fffd2144f47526eeb222541136a47d44
12586,128ee9ff420de424a605a0ee4a6f7916,fee8e08233f3f00450bce31967abb0f1,SO71418,565,BK-M18S-48,1,565,2797a91b25bc2aa85124c99bc574dc83
12586,d0eb731ed0bf74b4a74041192f7b377e,72514ec24cd9e6144a04f1abf93e0b08,SO47117,4142,BK-M68S-42,2,4142,368bf74b3769bb91f49d30908786b862
12587,8babade0595c11e14dd89058a850f2cd,a048b8d5f3f9178f163e2be055f0138b,SO73872,150,LJ-0192-L,3,150,501407dcfde5b685045ca3072168d5bb
12587,b95a9f47dd73bb9b799a31ae04ee7da1,175a5d217fad85df9f6639d7ced1e5d9,SO69946,2,PK-7098,1,2,8728a5e296f39e49d2fa74c31820e99f
12587,b95a9f47dd73bb9b799a31ae04ee7da1,175a5d217fad85df9f6639d7ced1e5d9,SO69946,25,TI-M267,1,25,8728a5e296f39e49d2fa74c31820e99f
12588,368bf74b3769bb91f49d30908786b862,100acb16459de9c5ebfc99be9a36afbe,SO47076,4098,BK-M68B-46,2,4098,7afee94d3e6bff4193546ca658f9d3bf
12588,b95a9f47dd73bb9b799a31ae04ee7da1,175a5d217fad85df9f6639d7ced1e5d9,SO69989,565,BK-M18S-52,1,565,8728a5e296f39e49d2fa74c31820e99f
12588,b95a9f47dd73bb9b799a31ae04ee7da1,175a5d217fad85df9f6639d7ced1e5d9,SO69989,25,TI-M267,1,25,8728a5e296f39e49d2fa74c31820e99f
12589,79c5eb49b683e206aa6d5b40f84c60eb,9b657dcbee0478c7d9be871266f00f1f,SO47263,4098,BK-M68B-38,2,4098,f459baa887e18a3fb6af0118506f75a6
12589,e0cd1349b4c6e1b5f14ed427e358c2d0,f06fd077b6afc2d69af6e1e548da266d,SO70359,540,BK-M18B-40,1,540,b95a9f47dd73bb9b799a31ae04ee7da1
12589,e0cd1349b4c6e1b5f14ed427e358c2d0,f06fd077b6afc2d69af6e1e548da266d,SO70359,22,FE-6654,1,22,b95a9f47dd73bb9b799a31ae04ee7da1
12589,e0cd1349b4c6e1b5f14ed427e358c2d0,f06fd077b6afc2d69af6e1e548da266d,SO70359,54,SJ-0194-M,1,54,b95a9f47dd73bb9b799a31ae04ee7da1
12590,0da2bc000f1fe4ea8746f9aea0bb5879,702a02712215141594ddf8e52b0a651c,SO68313,48,GL-H102-S,2,48,b34050290c25b0f7b52a2b8f767df87d
12590,0da2bc000f1fe4ea8746f9aea0bb5879,702a02712215141594ddf8e52b0a651c,SO68313,29,TI-T723,1,29,b34050290c25b0f7b52a2b8f767df87d
12590,0da2bc000f1fe4ea8746f9aea0bb5879,702a02712215141594ddf8e52b0a651c,SO68313,5,TT-T092,1,5,b34050290c25b0f7b52a2b8f767df87d
12590,fff3c307c93eda1eb91d53ca588846fe,4584ca349e0920f4436a3c2f36158b85,SO69363,27,CA-1098,3,27,70951886788165a5e2439adfce4d0cce
12591,8c9ec1be720ee75d56d0c250d10610fa,16918840d98f27ce45948fe73dd5592f,SO63665,10,BC-M005,1,10,81a5d08c6beaeec9e42baae5d63dd780
12591,8c9ec1be720ee75d56d0c250d10610fa,16918840d98f27ce45948fe73dd5592f,SO63665,105,HL-U509,3,105,81a5d08c6beaeec9e42baae5d63dd780
12591,8c9ec1be720ee75d56d0c250d10610fa,16918840d98f27ce45948fe73dd5592f,SO63665,5,WB-H098,1,5,81a5d08c6beaeec9e42baae5d63dd780
12592,0383d48e76cd8a3dfb9e2a890f2cac18,d6fb379288416774d139632beb88e26b,SO61003,27,CA-1098,3,27,883b9b4170853b321c03290f64ba199f
12592,a6f2945baeceeef4c8d541a22f6e99e9,d5985f40495ba672dff8a99620b879c8,SO72542,27,CA-1098,3,27,95a2a9aefc393f8630e934768cacf4cd
12592,a6f2945baeceeef4c8d541a22f6e99e9,d5985f40495ba672dff8a99620b879c8,SO72542,29,TI-T723,1,29,95a2a9aefc393f8630e934768cacf4cd
12592,a6f2945baeceeef4c8d541a22f6e99e9,d5985f40495ba672dff8a99620b879c8,SO72542,5,TT-T092,1,5,95a2a9aefc393f8630e934768cacf4cd
12593,02b96ab6e0935145589be4e1408a1675,58f0b42da53adeeccbfa693883fea672,SO65364,29,TI-T723,1,29,b68fd63ca41d49bfc1b18251202c053f
12593,02b96ab6e0935145589be4e1408a1675,58f0b42da53adeeccbfa693883fea672,SO65364,5,TT-T092,1,5,b68fd63ca41d49bfc1b18251202c053f
12593,3143ce3c6436ed5bd25398756b7b661d,6be9692276a308e4b872323af1ad8fe2,SO52953,27,CA-1098,3,27,ad4fbe0c82c7e5968d4cf22c2ad19e28
12594,47a161474962a6dcc03cfa64127a641f,8920fd63645007b243abb750709b1172,SO73223,27,CA-1098,3,27,c5ed53572c667b119dde2fc0f54de602
12594,d5985f40495ba672dff8a99620b879c8,a9adf65abbb865184bf924d14a93d0c4,SO71528,29,TI-T723,1,29,8f472ffe3ff3109f420ae91355ff8f3f
12595,03bf7d2a8718ee9aca4bd2f37e962fc4,290499d9b8e65db426ba9b842714eb6d,SO63595,27,CA-1098,3,27,7130adfd843cdcb6d0bcd9d13792693a
12595,da9c4ba6c9a1ae8725389bfd38b5763a,3e48b2167bd86ef570e46d0b286c4f74,SO54074,2,PK-7098,1,2,9223b53f03a405f817e91392f0294f6a
12595,da9c4ba6c9a1ae8725389bfd38b5763a,3e48b2167bd86ef570e46d0b286c4f74,SO54074,29,TI-T723,1,29,9223b53f03a405f817e91392f0294f6a
12596,722dc621a1a56555843f574144bfcdf0,d27974ca95fd620ac92cf95bf8c1d1f2,SO74550,27,CA-1098,3,27,d612b5fb3f6011688fb0c9927693365a
12596,a1d0c0a14c6c8f8a8ef8220209c23a64,05e7920e8caf0303dc01b77666952b75,SO66979,105,HL-U509-B,3,105,cd15e5f80ff20dd345bfaa51400dd0d6
12596,a1d0c0a14c6c8f8a8ef8220209c23a64,05e7920e8caf0303dc01b77666952b75,SO66979,29,TI-T723,1,29,cd15e5f80ff20dd345bfaa51400dd0d6
12596,a1d0c0a14c6c8f8a8ef8220209c23a64,05e7920e8caf0303dc01b77666952b75,SO66979,5,TT-T092,1,5,cd15e5f80ff20dd345bfaa51400dd0d6
12597,03bf7d2a8718ee9aca4bd2f37e962fc4,290499d9b8e65db426ba9b842714eb6d,SO63593,27,CA-1098,3,27,7130adfd843cdcb6d0bcd9d13792693a
12597,9f1ff00ea8fd9fd8f2d421ba5ec45a18,f88b3743a9ce1f9455b6de69380b486a,SO67445,8,CL-9009,1,8,0001ffe4d82d0d8f9fec5ab0b4faa2db
12597,9f1ff00ea8fd9fd8f2d421ba5ec45a18,f88b3743a9ce1f9455b6de69380b486a,SO67445,2,PK-7098,1,2,0001ffe4d82d0d8f9fec5ab0b4faa2db
12597,9f1ff00ea8fd9fd8f2d421ba5ec45a18,f88b3743a9ce1f9455b6de69380b486a,SO67445,29,TI-T723,1,29,0001ffe4d82d0d8f9fec5ab0b4faa2db
12597,9f1ff00ea8fd9fd8f2d421ba5ec45a18,f88b3743a9ce1f9455b6de69380b486a,SO67445,5,TT-T092,1,5,0001ffe4d82d0d8f9fec5ab0b4faa2db
12598,03bf7d2a8718ee9aca4bd2f37e962fc4,290499d9b8e65db426ba9b842714eb6d,SO63584,29,TI-T723,1,29,7130adfd843cdcb6d0bcd9d13792693a
12598,03bf7d2a8718ee9aca4bd2f37e962fc4,290499d9b8e65db426ba9b842714eb6d,SO63584,5,TT-T092,1,5,7130adfd843cdcb6d0bcd9d13792693a
12598,36ab6f1df21f3c9a169c8942e981959a,058af5b2a408d57b708367e5bf4e9d9c,SO67681,27,CA-1098,3,27,8e8847c1bdf012037ee13bb62da8a5c1
12599,56d78836c9cf0de136c4d2d37aba2280,ba19c22033aaecc6c5dad47f63e5858c,SO63981,9,BC-R205,1,9,8c9ec1be720ee75d56d0c250d10610fa
12599,56d78836c9cf0de136c4d2d37aba2280,ba19c22033aaecc6c5dad47f63e5858c,SO63981,1215,BK-T44U-50,1,1215,8c9ec1be720ee75d56d0c250d10610fa
12599,56d78836c9cf0de136c4d2d37aba2280,ba19c22033aaecc6c5dad47f63e5858c,SO63981,5,WB-H098,1,5,8c9ec1be720ee75d56d0c250d10610fa
12599,88b82588375bd49ab9a4c177ecf7af7b,4364e5a7100b33d6b7420dc1168e3ded,SO49342,4142,BK-M68S-46,2,4142,c6cff482661a9daa82c86dddcf00c0e4
12599,9e8cbc3edbb5efb3f48d6afb260e4725,174acf6ca4e9804d47a59a499422e621,SO59211,10,BC-M005,1,10,640540d73b85c3ecd2e3bf5541686e87
12599,9e8cbc3edbb5efb3f48d6afb260e4725,174acf6ca4e9804d47a59a499422e621,SO59211,4590,BK-M68B-42,2,4590,640540d73b85c3ecd2e3bf5541686e87
12599,9e8cbc3edbb5efb3f48d6afb260e4725,174acf6ca4e9804d47a59a499422e621,SO59211,27,CA-1098,3,27,640540d73b85c3ecd2e3bf5541686e87
12599,9e8cbc3edbb5efb3f48d6afb260e4725,174acf6ca4e9804d47a59a499422e621,SO59211,105,HL-U509-B,3,105,640540d73b85c3ecd2e3bf5541686e87
12600,6ef7b4bb93d4e54234cf965ed2334682,ccf89c691dabb1412404274596922d90,SO65995,10,BC-M005,1,10,93ddc10d6cf61153011df052aa76671f
12600,6ef7b4bb93d4e54234cf965ed2334682,ccf89c691dabb1412404274596922d90,SO65995,105,HL-U509-R,3,105,93ddc10d6cf61153011df052aa76671f
12600,6ef7b4bb93d4e54234cf965ed2334682,ccf89c691dabb1412404274596922d90,SO65995,5,WB-H098,1,5,93ddc10d6cf61153011df052aa76671f
12601,02b96ab6e0935145589be4e1408a1675,58f0b42da53adeeccbfa693883fea672,SO65363,9,BC-R205,1,9,b68fd63ca41d49bfc1b18251202c053f
12601,02b96ab6e0935145589be4e1408a1675,58f0b42da53adeeccbfa693883fea672,SO65363,8,CL-9009,1,8,b68fd63ca41d49bfc1b18251202c053f
12601,02b96ab6e0935145589be4e1408a1675,58f0b42da53adeeccbfa693883fea672,SO65363,29,TI-T723,1,29,b68fd63ca41d49bfc1b18251202c053f
12601,02b96ab6e0935145589be4e1408a1675,58f0b42da53adeeccbfa693883fea672,SO65363,5,TT-T092,1,5,b68fd63ca41d49bfc1b18251202c053f
12601,02b96ab6e0935145589be4e1408a1675,58f0b42da53adeeccbfa693883fea672,SO65363,5,WB-H098,1,5,b68fd63ca41d49bfc1b18251202c053f
12601,56e52500a7f5ab963646137a401683cd,df09a3a727ac0f29208c5ef3bf7625e6,SO74689,27,CA-1098,3,27,13b7c2277967bc61802018c764b5b2a0
12602,15699e35c72c4036c71409f3f3d69528,f5933feadc49c253e4f0e77b236946e9,SO53044,27,CA-1098,3,27,deff8ad81a213d1110c1f409a7f40fcd
12602,ca5b8307fa5f2189fb98330a9d65927c,88077cf01a3e17831c2d0bcca5897c5b,SO73980,2,PK-7098,1,2,5cbbe853aa1a5a1370f9a614904c4b15
12602,ca5b8307fa5f2189fb98330a9d65927c,88077cf01a3e17831c2d0bcca5897c5b,SO73980,29,TI-T723,1,29,5cbbe853aa1a5a1370f9a614904c4b15
12602,ca5b8307fa5f2189fb98330a9d65927c,88077cf01a3e17831c2d0bcca5897c5b,SO73980,5,TT-T092,1,5,5cbbe853aa1a5a1370f9a614904c4b15
12603,1678083e7ff90bd404baad3f60bffa37,7b0730955172ecda497d7cca6b1d87a1,SO55780,48,GL-H102-L,2,48,73a69a5c77a7d23172e54d7ce07a638e
12603,1678083e7ff90bd404baad3f60bffa37,7b0730955172ecda497d7cca6b1d87a1,SO55780,150,LJ-0192-L,3,150,73a69a5c77a7d23172e54d7ce07a638e
12603,1678083e7ff90bd404baad3f60bffa37,7b0730955172ecda497d7cca6b1d87a1,SO55780,29,TI-T723,1,29,73a69a5c77a7d23172e54d7ce07a638e
12603,1678083e7ff90bd404baad3f60bffa37,7b0730955172ecda497d7cca6b1d87a1,SO55780,5,TT-T092,1,5,73a69a5c77a7d23172e54d7ce07a638e
12603,a1d0c0a14c6c8f8a8ef8220209c23a64,05e7920e8caf0303dc01b77666952b75,SO66990,27,CA-1098,3,27,cd15e5f80ff20dd345bfaa51400dd0d6
12604,e7df1b3ee078bdcfc260a877f321287d,4dbf892d41ae205f6e36838031cff786,SO59112,10,BC-M005,1,10,478ecc8cdaa127c33884d9f6c72c2cd5
12604,e7df1b3ee078bdcfc260a877f321287d,4dbf892d41ae205f6e36838031cff786,SO59112,27,CA-1098,3,27,478ecc8cdaa127c33884d9f6c72c2cd5
12604,e7df1b3ee078bdcfc260a877f321287d,4dbf892d41ae205f6e36838031cff786,SO59112,5,WB-H098,1,5,478ecc8cdaa127c33884d9f6c72c2cd5
12605,ef5bad66aa19ccfb82cacb73584b83ea,0e23f371129aecc6b2033620b226f8d7,SO57886,10,BC-M005,1,10,485ae69515bc4c60ef546ff289741f60
12606,77a2a0387f57f7477e6ad3b5f0bb3093,6cf9e035d2f1d8ffe1b9f2f96a9e7a3a,SO75022,22,FE-6654,1,22,5728955fc583cbfd901d0ba25cb20f92
12606,77a2a0387f57f7477e6ad3b5f0bb3093,6cf9e035d2f1d8ffe1b9f2f96a9e7a3a,SO75022,48,GL-H102-M,2,48,5728955fc583cbfd901d0ba25cb20f92
12606,77a2a0387f57f7477e6ad3b5f0bb3093,6cf9e035d2f1d8ffe1b9f2f96a9e7a3a,SO75022,150,LJ-0192-L,3,150,5728955fc583cbfd901d0ba25cb20f92
12606,77a2a0387f57f7477e6ad3b5f0bb3093,6cf9e035d2f1d8ffe1b9f2f96a9e7a3a,SO75022,120,RA-H123,1,120,5728955fc583cbfd901d0ba25cb20f92
12606,77a2a0387f57f7477e6ad3b5f0bb3093,6cf9e035d2f1d8ffe1b9f2f96a9e7a3a,SO75022,30,TI-M602,1,30,5728955fc583cbfd901d0ba25cb20f92
12606,93ddc10d6cf61153011df052aa76671f,7299e51cfc0d5174743a6701a8a96488,SO65658,2,PK-7098,1,2,02b96ab6e0935145589be4e1408a1675
12606,93ddc10d6cf61153011df052aa76671f,7299e51cfc0d5174743a6701a8a96488,SO65658,33,TI-R982,1,33,02b96ab6e0935145589be4e1408a1675
12606,93ddc10d6cf61153011df052aa76671f,7299e51cfc0d5174743a6701a8a96488,SO65658,4,TT-R982,1,4,02b96ab6e0935145589be4e1408a1675
12606,982b3b4109cce5d4e5bf1fcbe0ae259b,501407dcfde5b685045ca3072168d5bb,SO74271,27,CA-1098,3,27,d7f57f35d2bad1349ca24a67a2635eea
12606,982b3b4109cce5d4e5bf1fcbe0ae259b,501407dcfde5b685045ca3072168d5bb,SO74271,105,HL-U509,3,105,d7f57f35d2bad1349ca24a67a2635eea
12606,982b3b4109cce5d4e5bf1fcbe0ae259b,501407dcfde5b685045ca3072168d5bb,SO74271,4,TT-R982,1,4,d7f57f35d2bad1349ca24a67a2635eea
12607,ab2e81a99745ffff6c06e2be93290d1b,76e3c19dbb0dadc4c6dc771d856e4676,SO54104,4640,BK-M68S-42,2,4640,1685ca8ff12ea83725a1c35e1d89c5cd
12607,ab2e81a99745ffff6c06e2be93290d1b,76e3c19dbb0dadc4c6dc771d856e4676,SO54104,2,PK-7098,1,2,1685ca8ff12ea83725a1c35e1d89c5cd
12607,b673025477c2a9a0524b27adc18ee543,2e2f00bd76bf684c963392e80aa33f5c,SO45602,3578,BK-R93R-48,1,3578,4aed0f4e82a51c3f853b8a3df8d808eb
12607,dfcee565bb2da80a7b76451a5cd314a1,6582aa26281b9a92ad60e6a03e274c00,SO66203,9,BC-R205,1,9,64cadfde6f66bc25043d0d69f5ae5471
12607,dfcee565bb2da80a7b76451a5cd314a1,6582aa26281b9a92ad60e6a03e274c00,SO66203,540,BK-R19B-58,1,540,64cadfde6f66bc25043d0d69f5ae5471
12607,dfcee565bb2da80a7b76451a5cd314a1,6582aa26281b9a92ad60e6a03e274c00,SO66203,105,HL-U509-B,3,105,64cadfde6f66bc25043d0d69f5ae5471
12607,dfcee565bb2da80a7b76451a5cd314a1,6582aa26281b9a92ad60e6a03e274c00,SO66203,5,WB-H098,1,5,64cadfde6f66bc25043d0d69f5ae5471
12608,0001ffe4d82d0d8f9fec5ab0b4faa2db,3dc63b2d6dcc8f0b6720b06b5439a0b1,SO67071,9,BC-R205,1,9,4004a117f65dfd3221a9cce8fce5a45f
12608,0001ffe4d82d0d8f9fec5ab0b4faa2db,3dc63b2d6dcc8f0b6720b06b5439a0b1,SO67071,1215,BK-T44U-50,1,1215,4004a117f65dfd3221a9cce8fce5a45f
12608,0001ffe4d82d0d8f9fec5ab0b4faa2db,3dc63b2d6dcc8f0b6720b06b5439a0b1,SO67071,105,HL-U509-R,3,105,4004a117f65dfd3221a9cce8fce5a45f
12608,0001ffe4d82d0d8f9fec5ab0b4faa2db,3dc63b2d6dcc8f0b6720b06b5439a0b1,SO67071,5,WB-H098,1,5,4004a117f65dfd3221a9cce8fce5a45f
12608,01e9454335c45aa6cdee165f2c25b3c0,b841e6f2f1d20f20ca7bd238dfd4c300,SO49260,4098,BK-M68B-46,2,4098,e34e7eb0c21a4e95026c6fae15677b7a
12608,4804ee33768b143d9706052696f7dfbd,7254e54716fe52361e62aa16ea2e0797,SO60250,4640,BK-M68S-38,2,4640,c660dc308b247ce08aeecd155306bae0
12608,4804ee33768b143d9706052696f7dfbd,7254e54716fe52361e62aa16ea2e0797,SO60250,22,FE-6654,1,22,c660dc308b247ce08aeecd155306bae0
12608,4804ee33768b143d9706052696f7dfbd,7254e54716fe52361e62aa16ea2e0797,SO60250,105,HL-U509-R,3,105,c660dc308b247ce08aeecd155306bae0
12609,01e9454335c45aa6cdee165f2c25b3c0,b841e6f2f1d20f20ca7bd238dfd4c300,SO49261,4098,BK-M68B-42,2,4098,e34e7eb0c21a4e95026c6fae15677b7a
12609,058af5b2a408d57b708367e5bf4e9d9c,e82ca4c6beebe812f10fa1041b97a160,SO66816,9,BC-R205,1,9,c507827aa5f4f6bbedf64058461c621b
12609,058af5b2a408d57b708367e5bf4e9d9c,e82ca4c6beebe812f10fa1041b97a160,SO66816,1215,BK-T44U-50,1,1215,c507827aa5f4f6bbedf64058461c621b
12609,058af5b2a408d57b708367e5bf4e9d9c,e82ca4c6beebe812f10fa1041b97a160,SO66816,54,SJ-0194-X,1,54,c507827aa5f4f6bbedf64058461c621b
12609,058af5b2a408d57b708367e5bf4e9d9c,e82ca4c6beebe812f10fa1041b97a160,SO66816,5,WB-H098,1,5,c507827aa5f4f6bbedf64058461c621b
12609,af1457846a79173ef71dd9d5dd69805a,254d832c83ccdb2c33eab65a4fd196ff,SO60319,10,BC-M005,1,10,ce08c22f7777768ce4197eab9727516c
12609,af1457846a79173ef71dd9d5dd69805a,254d832c83ccdb2c33eab65a4fd196ff,SO60319,4590,BK-M68B-38,2,4590,ce08c22f7777768ce4197eab9727516c
12610,7ee641303ef8d8b10d0ed00a060c73cc,eef21e68ecca703bb338920b950f203c,SO61762,27,CA-1098,3,27,0d15ba5aa4c9ad0377b26e0cf7a86280
12610,7ee641303ef8d8b10d0ed00a060c73cc,eef21e68ecca703bb338920b950f203c,SO61762,150,LJ-0192-M,3,150,0d15ba5aa4c9ad0377b26e0cf7a86280
12610,7ee641303ef8d8b10d0ed00a060c73cc,eef21e68ecca703bb338920b950f203c,SO61762,29,TI-T723,1,29,0d15ba5aa4c9ad0377b26e0cf7a86280
12610,7ee641303ef8d8b10d0ed00a060c73cc,eef21e68ecca703bb338920b950f203c,SO61762,5,TT-T092,1,5,0d15ba5aa4c9ad0377b26e0cf7a86280
12610,c507827aa5f4f6bbedf64058461c621b,6d1d8a1c7851eb5a946d45009cea6d9f,SO66475,27,CA-1098,3,27,dfcee565bb2da80a7b76451a5cd314a1
12611,8920fd63645007b243abb750709b1172,58c4ce5b9433e7b6d41793d5a76d5590,SO72310,48,GL-H102-M,2,48,0d3057f268050d468f468434f8ec809a
12611,8920fd63645007b243abb750709b1172,58c4ce5b9433e7b6d41793d5a76d5590,SO72310,29,TI-T723,1,29,0d3057f268050d468f468434f8ec809a
12611,8920fd63645007b243abb750709b1172,58c4ce5b9433e7b6d41793d5a76d5590,SO72310,5,TT-T092,1,5,0d3057f268050d468f468434f8ec809a
12611,d945ec2aae74dbfb829453026b91c235,348f48807f500aeac729fb17d9bc97f1,SO61354,27,CA-1098,3,27,eef21e68ecca703bb338920b950f203c
12612,6d1d8a1c7851eb5a946d45009cea6d9f,3f0c8308e4e2e5c4ddc1b7e19304f613,SO65726,1215,BK-T44U-60,1,1215,6582aa26281b9a92ad60e6a03e274c00
12612,6d1d8a1c7851eb5a946d45009cea6d9f,3f0c8308e4e2e5c4ddc1b7e19304f613,SO65726,54,SJ-0194-M,1,54,6582aa26281b9a92ad60e6a03e274c00
12612,8dc681f418bc4515c72be4c903645815,e34e7eb0c21a4e95026c6fae15677b7a,SO49323,4098,BK-M68B-46,2,4098,4d61c9aac1c2415bf4aac434f815ed3a
12612,c926349b55a58d87d7d5008c349fd1e9,9e8cbc3edbb5efb3f48d6afb260e4725,SO60044,10,BC-M005,1,10,ccb91034934bb047c5f6a32eb289b95b
12612,c926349b55a58d87d7d5008c349fd1e9,9e8cbc3edbb5efb3f48d6afb260e4725,SO60044,4590,BK-M68B-38,2,4590,ccb91034934bb047c5f6a32eb289b95b
12612,c926349b55a58d87d7d5008c349fd1e9,9e8cbc3edbb5efb3f48d6afb260e4725,SO60044,105,HL-U509,3,105,ccb91034934bb047c5f6a32eb289b95b
12613,b34050290c25b0f7b52a2b8f767df87d,caa707f97407c07371136aaf471a91d4,SO67975,4640,BK-M68S-42,2,4640,36ab6f1df21f3c9a169c8942e981959a
12613,b34050290c25b0f7b52a2b8f767df87d,caa707f97407c07371136aaf471a91d4,SO67975,22,FE-6654,1,22,36ab6f1df21f3c9a169c8942e981959a
12613,b34050290c25b0f7b52a2b8f767df87d,caa707f97407c07371136aaf471a91d4,SO67975,64,VE-C304-L,1,64,36ab6f1df21f3c9a169c8942e981959a
12613,fc818380249389b9a3c3d3305d0d92a5,202be13b3d9b1d0ed9abbfdb2f26a9a4,SO45586,3578,BK-R93R-44,1,3578,ddb42f46f96f9e6cff404ed309f79051
12614,705fa39ab40831529471c768490339ab,63efdd3324df66c9965bd622cdebe06a,SO68820,10,BC-M005,1,10,4584ca349e0920f4436a3c2f36158b85
12614,705fa39ab40831529471c768490339ab,63efdd3324df66c9965bd622cdebe06a,SO68820,4590,BK-M68B-38,2,4590,4584ca349e0920f4436a3c2f36158b85
12614,705fa39ab40831529471c768490339ab,63efdd3324df66c9965bd622cdebe06a,SO68820,105,HL-U509,3,105,4584ca349e0920f4436a3c2f36158b85
12614,74cd52749cc4b84fea8b036cee2e0b9a,4e1880c62d1a2a8c16dbea8fe88f6340,SO45726,3578,BK-R93R-52,1,3578,65e68a57e397cec5452983179d80edc2
12615,4d61c9aac1c2415bf4aac434f815ed3a,dbfd88fff205d4dd875043cc0852f905,SO49277,4142,BK-M68S-38,2,4142,4364e5a7100b33d6b7420dc1168e3ded
12615,c4369eefdf9bb8a3f9115e96b40aaf17,b34050290c25b0f7b52a2b8f767df87d,SO68783,1215,BK-T44U-54,1,1215,c135545cc3f3a739132ffdbc8096f3d4
12615,c4369eefdf9bb8a3f9115e96b40aaf17,b34050290c25b0f7b52a2b8f767df87d,SO68783,105,HL-U509,3,105,c135545cc3f3a739132ffdbc8096f3d4
12615,f8025d3776b5f7522a6120cb4e9e0783,2d6e054ac82934d489c58cc8399a1628,SO61604,4640,BK-M68S-38,2,4640,d945ec2aae74dbfb829453026b91c235
12615,f8025d3776b5f7522a6120cb4e9e0783,2d6e054ac82934d489c58cc8399a1628,SO61604,22,FE-6654,1,22,d945ec2aae74dbfb829453026b91c235
12616,174acf6ca4e9804d47a59a499422e621,5abaefcc8525a8f4cfd95cba9e926532,SO58327,10,BC-M005,1,10,eba6cab7267f82e3b2a063d5ea445bb9
12616,174acf6ca4e9804d47a59a499422e621,5abaefcc8525a8f4cfd95cba9e926532,SO58327,5,WB-H098,1,5,eba6cab7267f82e3b2a063d5ea445bb9
12617,d1024973c3d10f08cb9fa1736e6ed8b7,f8025d3776b5f7522a6120cb4e9e0783,SO62376,10,BC-M005,1,10,5c741aa8e0753be65314a304e7b39c14
12617,d1024973c3d10f08cb9fa1736e6ed8b7,f8025d3776b5f7522a6120cb4e9e0783,SO62376,48,GL-H102-L,2,48,5c741aa8e0753be65314a304e7b39c14
12617,d1024973c3d10f08cb9fa1736e6ed8b7,f8025d3776b5f7522a6120cb4e9e0783,SO62376,5,WB-H098,1,5,5c741aa8e0753be65314a304e7b39c14
12618,13af0cd214494c6df4622847478d94fe,2736db866ea3366c10431df335770c4c,SO45618,3578,BK-R93R-44,1,3578,2161780b6db40411111a69f18a2056bd
12618,49fce086a31f1cfcf16b54e462f7cbc0,99c8f306659fd98cbb9d7f03ec0c2a7a,SO70763,10,BC-M005,1,10,e84848120190a8d0e696fbeb15647a74
12618,49fce086a31f1cfcf16b54e462f7cbc0,99c8f306659fd98cbb9d7f03ec0c2a7a,SO70763,4590,BK-M68B-46,2,4590,e84848120190a8d0e696fbeb15647a74
12618,49fce086a31f1cfcf16b54e462f7cbc0,99c8f306659fd98cbb9d7f03ec0c2a7a,SO70763,105,HL-U509-B,3,105,e84848120190a8d0e696fbeb15647a74
12618,49fce086a31f1cfcf16b54e462f7cbc0,99c8f306659fd98cbb9d7f03ec0c2a7a,SO70763,5,WB-H098,1,5,e84848120190a8d0e696fbeb15647a74
12619,02ad1a5ca18e58629b8c1d6a6401d071,8d71482745a6a1be4fbbc5562ade4657,SO57747,4640,BK-M68S-46,2,4640,a976f17830aceaaa93d5daef0bc209a3
12619,4a21ddebdfee548e65b62c2809afc1c0,f924afae9f4c724ae1a0a28c0959d2ed,SO49219,4098,BK-M68B-46,2,4098,00bfaeb585c87c9f5074d228abb4b8fb
12619,b34050290c25b0f7b52a2b8f767df87d,caa707f97407c07371136aaf471a91d4,SO68007,742,BK-T18U-58,1,742,36ab6f1df21f3c9a169c8942e981959a
12619,b34050290c25b0f7b52a2b8f767df87d,caa707f97407c07371136aaf471a91d4,SO68007,55,HY-1023-70,1,55,36ab6f1df21f3c9a169c8942e981959a
12619,b34050290c25b0f7b52a2b8f767df87d,caa707f97407c07371136aaf471a91d4,SO68007,29,TI-T723,1,29,36ab6f1df21f3c9a169c8942e981959a
12619,b34050290c25b0f7b52a2b8f767df87d,caa707f97407c07371136aaf471a91d4,SO68007,5,TT-T092,1,5,36ab6f1df21f3c9a169c8942e981959a
12620,6d338b8c41c717c4336ad0084a80dca4,9223b53f03a405f817e91392f0294f6a,SO54431,4590,BK-M68B-46,2,4590,40e7dd73b09eac540e790daf6fac41af
12620,6d338b8c41c717c4336ad0084a80dca4,9223b53f03a405f817e91392f0294f6a,SO54431,2,PK-7098,1,2,40e7dd73b09eac540e790daf6fac41af
12620,6d338b8c41c717c4336ad0084a80dca4,9223b53f03a405f817e91392f0294f6a,SO54431,35,TI-M823,1,35,40e7dd73b09eac540e790daf6fac41af
12620,74cd52749cc4b84fea8b036cee2e0b9a,4e1880c62d1a2a8c16dbea8fe88f6340,SO45724,3578,BK-R93R-48,1,3578,65e68a57e397cec5452983179d80edc2
12620,caa707f97407c07371136aaf471a91d4,4efe8b2ca156042f8a3d8dd6aba54520,SO67139,540,BK-R19B-44,1,540,058af5b2a408d57b708367e5bf4e9d9c
12620,caa707f97407c07371136aaf471a91d4,4efe8b2ca156042f8a3d8dd6aba54520,SO67139,27,CA-1098,3,27,058af5b2a408d57b708367e5bf4e9d9c
12620,caa707f97407c07371136aaf471a91d4,4efe8b2ca156042f8a3d8dd6aba54520,SO67139,21,TI-R092,1,21,058af5b2a408d57b708367e5bf4e9d9c
12621,3f20f21c57e09a6c071e44d1fe74b58a,9b98d27287b27eeee9ebc06e1d5a9a8d,SO53877,4590,BK-M68B-38,2,4590,51c449e55b4a63a16fb45beb689150d5
12621,3f20f21c57e09a6c071e44d1fe74b58a,9b98d27287b27eeee9ebc06e1d5a9a8d,SO53877,105,HL-U509-B,3,105,51c449e55b4a63a16fb45beb689150d5
12621,b322422d9a721bbdefa133133dd407c1,07b7d2aed13a63a16377587dcc0abbe8,SO66884,9,BC-R205,1,9,2296af5563b2061aa1d88124a37eecb7
12621,b322422d9a721bbdefa133133dd407c1,07b7d2aed13a63a16377587dcc0abbe8,SO66884,540,BK-R19B-44,1,540,2296af5563b2061aa1d88124a37eecb7
12621,b322422d9a721bbdefa133133dd407c1,07b7d2aed13a63a16377587dcc0abbe8,SO66884,9,SO-R809-M,1,9,2296af5563b2061aa1d88124a37eecb7
12621,b322422d9a721bbdefa133133dd407c1,07b7d2aed13a63a16377587dcc0abbe8,SO66884,5,WB-H098,1,5,2296af5563b2061aa1d88124a37eecb7
12621,e7445efc9c2e5f55aee8a2c2b02c9b7a,3ace441341c719dd401296ee5a591431,SO45762,3578,BK-R93R-48,1,3578,74cd52749cc4b84fea8b036cee2e0b9a
12622,30df06c098f61f2e78c2d0edb6e1b65a,83e4278f3d557c0bd5784b2bc83d617c,SO49362,4098,BK-M68B-38,2,4098,22ba60942e58ccfed22ed8a64ec86aa3
12622,ad0b7f5ad35732646f1e5f67418d5995,244cede513841376c37dc856f2f5e7b9,SO59273,10,BC-M005,1,10,0df76889b3e31ccfd17b50cc73baef03
12622,ad0b7f5ad35732646f1e5f67418d5995,244cede513841376c37dc856f2f5e7b9,SO59273,4640,BK-M68S-46,2,4640,0df76889b3e31ccfd17b50cc73baef03
12622,ad0b7f5ad35732646f1e5f67418d5995,244cede513841376c37dc856f2f5e7b9,SO59273,5,WB-H098,1,5,0df76889b3e31ccfd17b50cc73baef03
12622,ec24e4cf9fcc90f3bbe81b2fb3735c21,c4369eefdf9bb8a3f9115e96b40aaf17,SO69839,742,BK-T18Y-54,1,742,f06fd077b6afc2d69af6e1e548da266d
12622,ec24e4cf9fcc90f3bbe81b2fb3735c21,c4369eefdf9bb8a3f9115e96b40aaf17,SO69839,27,CA-1098,3,27,f06fd077b6afc2d69af6e1e548da266d
12623,2becb9647677a1a316b388bbad689580,013f173c58073e845f675d26fdde1918,SO61381,4590,BK-M68B-46,2,4590,0383d48e76cd8a3dfb9e2a890f2cac18
12623,2becb9647677a1a316b388bbad689580,013f173c58073e845f675d26fdde1918,SO61381,35,TI-M823,1,35,0383d48e76cd8a3dfb9e2a890f2cac18
12623,691ad1b0dca3643b923973defd014d47,6dd75c28a9a8a39e02bc0a175f82a9f3,SO67823,1215,BK-T44U-46,1,1215,9f1ff00ea8fd9fd8f2d421ba5ec45a18
12623,691ad1b0dca3643b923973defd014d47,6dd75c28a9a8a39e02bc0a175f82a9f3,SO67823,2,PK-7098,1,2,9f1ff00ea8fd9fd8f2d421ba5ec45a18
12623,691ad1b0dca3643b923973defd014d47,6dd75c28a9a8a39e02bc0a175f82a9f3,SO67823,29,TI-T723,1,29,9f1ff00ea8fd9fd8f2d421ba5ec45a18
12623,691ad1b0dca3643b923973defd014d47,6dd75c28a9a8a39e02bc0a175f82a9f3,SO67823,5,TT-T092,1,5,9f1ff00ea8fd9fd8f2d421ba5ec45a18
12623,79e45486ec381a8d5022628ddaa21b8b,c6cff482661a9daa82c86dddcf00c0e4,SO49417,4098,BK-M68B-46,2,4098,30df06c098f61f2e78c2d0edb6e1b65a
12624,207f6c5125350a97b1a410dc655800f6,d9cd5832ac6226b16d8669df784e8c52,SO50070,4098,BK-M68B-38,2,4098,95ddec41f799217977c3384c83bfb0ca
12624,caa707f97407c07371136aaf471a91d4,4efe8b2ca156042f8a3d8dd6aba54520,SO67088,4590,BK-M68B-38,2,4590,058af5b2a408d57b708367e5bf4e9d9c
12624,caa707f97407c07371136aaf471a91d4,4efe8b2ca156042f8a3d8dd6aba54520,SO67088,105,HL-U509-R,3,105,058af5b2a408d57b708367e5bf4e9d9c
12625,6d1d8a1c7851eb5a946d45009cea6d9f,3f0c8308e4e2e5c4ddc1b7e19304f613,SO65719,10,BC-M005,1,10,6582aa26281b9a92ad60e6a03e274c00
12625,6d1d8a1c7851eb5a946d45009cea6d9f,3f0c8308e4e2e5c4ddc1b7e19304f613,SO65719,105,HL-U509,3,105,6582aa26281b9a92ad60e6a03e274c00
12625,6d1d8a1c7851eb5a946d45009cea6d9f,3f0c8308e4e2e5c4ddc1b7e19304f613,SO65719,150,LJ-0192-M,3,150,6582aa26281b9a92ad60e6a03e274c00
12625,6d1d8a1c7851eb5a946d45009cea6d9f,3f0c8308e4e2e5c4ddc1b7e19304f613,SO65719,5,WB-H098,1,5,6582aa26281b9a92ad60e6a03e274c00
12626,e0cd1349b4c6e1b5f14ed427e358c2d0,f06fd077b6afc2d69af6e1e548da266d,SO70344,105,HL-U509-B,3,105,b95a9f47dd73bb9b799a31ae04ee7da1
12626,e0cd1349b4c6e1b5f14ed427e358c2d0,f06fd077b6afc2d69af6e1e548da266d,SO70344,29,TI-T723,1,29,b95a9f47dd73bb9b799a31ae04ee7da1
12626,e0cd1349b4c6e1b5f14ed427e358c2d0,f06fd077b6afc2d69af6e1e548da266d,SO70344,5,TT-T092,1,5,b95a9f47dd73bb9b799a31ae04ee7da1
12626,fd5ba6fdeb81e07b2caf0b103489bd8d,e871b36e68b0b3d0af9c742d81fef27a,SO70983,27,CA-1098,3,27,17520f5649fab40fb66771362888cb90
12627,4cc27df81afd686c0420394e090460cb,39ff8ac1e8a44088f96e17b846ec8baf,SO61297,9,BC-R205,1,9,6477c205c5117a9448ba863e111acf32
12627,4cc27df81afd686c0420394e090460cb,39ff8ac1e8a44088f96e17b846ec8baf,SO61297,54,SJ-0194-M,1,54,6477c205c5117a9448ba863e111acf32
12627,4cc27df81afd686c0420394e090460cb,39ff8ac1e8a44088f96e17b846ec8baf,SO61297,29,TI-T723,1,29,6477c205c5117a9448ba863e111acf32
12627,4cc27df81afd686c0420394e090460cb,39ff8ac1e8a44088f96e17b846ec8baf,SO61297,5,TT-T092,1,5,6477c205c5117a9448ba863e111acf32
12627,4cc27df81afd686c0420394e090460cb,39ff8ac1e8a44088f96e17b846ec8baf,SO61297,5,WB-H098,1,5,6477c205c5117a9448ba863e111acf32
12627,4ceff7612cfa4420892fe23b23ca9265,5691ac18f59a9af20f9d8703772afbba,SO56577,27,CA-1098,3,27,089c2a426c196c5ca5facb20896c90bb
12628,2ed3972e38245b633ec6b146c2970148,6477c205c5117a9448ba863e111acf32,SO61708,10,BC-M005,1,10,2becb9647677a1a316b388bbad689580
12628,2ed3972e38245b633ec6b146c2970148,6477c205c5117a9448ba863e111acf32,SO61708,5,WB-H098,1,5,2becb9647677a1a316b388bbad689580
12629,3db19f5f710f10e90ecc7154c649d60a,f544b472453b297a8b55709fbfd3746d,SO70908,10,BC-M005,1,10,fee8e08233f3f00450bce31967abb0f1
12629,3db19f5f710f10e90ecc7154c649d60a,f544b472453b297a8b55709fbfd3746d,SO70908,27,CA-1098,3,27,fee8e08233f3f00450bce31967abb0f1
12629,3db19f5f710f10e90ecc7154c649d60a,f544b472453b297a8b55709fbfd3746d,SO70908,105,HL-U509-R,3,105,fee8e08233f3f00450bce31967abb0f1
12630,0c8ff735cb2b05718573c08173335fd4,1685ca8ff12ea83725a1c35e1d89c5cd,SO54524,2384,BK-T79Y-60,1,2384,b8d9d66529b0a1e91f6137abcdd065dd
12630,0c8ff735cb2b05718573c08173335fd4,1685ca8ff12ea83725a1c35e1d89c5cd,SO54524,105,HL-U509-R,3,105,b8d9d66529b0a1e91f6137abcdd065dd
12630,61f221efdc5f1284178644e84c13fc7c,14114c0c0c03d2681f7688c3c6e94055,SO49271,4142,BK-M68S-42,2,4142,4a21ddebdfee548e65b62c2809afc1c0
12630,fde67888c64f701b59876ec559099b3e,6353a8421ee460b64f2c988cc72a8391,SO56797,4590,BK-M68B-46,2,4590,4ceff7612cfa4420892fe23b23ca9265
12630,fde67888c64f701b59876ec559099b3e,6353a8421ee460b64f2c988cc72a8391,SO56797,35,TI-M823,1,35,4ceff7612cfa4420892fe23b23ca9265
12630,fde67888c64f701b59876ec559099b3e,6353a8421ee460b64f2c988cc72a8391,SO56797,5,TT-M928,1,5,4ceff7612cfa4420892fe23b23ca9265
12631,5072507e949a2c25948a591c4da194e1,a189cc17a15cdb4e39e80dfcd8374c76,SO59649,10,BC-M005,1,10,ad0b7f5ad35732646f1e5f67418d5995
12631,5072507e949a2c25948a591c4da194e1,a189cc17a15cdb4e39e80dfcd8374c76,SO59649,4590,BK-M68B-38,2,4590,ad0b7f5ad35732646f1e5f67418d5995
12631,5072507e949a2c25948a591c4da194e1,a189cc17a15cdb4e39e80dfcd8374c76,SO59649,105,HL-U509,3,105,ad0b7f5ad35732646f1e5f67418d5995
12631,5072507e949a2c25948a591c4da194e1,a189cc17a15cdb4e39e80dfcd8374c76,SO59649,5,WB-H098,1,5,ad0b7f5ad35732646f1e5f67418d5995
12631,6eaadc1181f307997dc853d9ed40db36,0814775cfc25da756a9b4197347ab771,SO58486,4886,BK-R89B-44,2,4886,4dbf892d41ae205f6e36838031cff786
12631,6eaadc1181f307997dc853d9ed40db36,0814775cfc25da756a9b4197347ab771,SO58486,2,PK-7098,1,2,4dbf892d41ae205f6e36838031cff786
12631,6eaadc1181f307997dc853d9ed40db36,0814775cfc25da756a9b4197347ab771,SO58486,33,TI-R982,1,33,4dbf892d41ae205f6e36838031cff786
12631,790ee96c1472965375882b30fc089300,a3e65268044e3e2a027f7c5bd50d1a88,SO45989,3578,BK-R93R-44,1,3578,37a5117199a38b7e31d389445dab0cef
12631,eba6cab7267f82e3b2a063d5ea445bb9,73b2264d673ee7b5b2e7e165020516ac,SO58070,9,BC-R205,1,9,02ad1a5ca18e58629b8c1d6a6401d071
12631,eba6cab7267f82e3b2a063d5ea445bb9,73b2264d673ee7b5b2e7e165020516ac,SO58070,2384,BK-T79U-46,1,2384,02ad1a5ca18e58629b8c1d6a6401d071
12631,eba6cab7267f82e3b2a063d5ea445bb9,73b2264d673ee7b5b2e7e165020516ac,SO58070,5,WB-H098,1,5,02ad1a5ca18e58629b8c1d6a6401d071
12632,0a4b6bdfa942be79610a09d2da131410,1f760221df457e3dd3ffaf756be2b521,SO45896,3578,BK-R93R-44,1,3578,88e79d6e34505f780b4021e0777bcdc0
12632,4804ee33768b143d9706052696f7dfbd,7254e54716fe52361e62aa16ea2e0797,SO60315,2384,BK-T79U-60,1,2384,c660dc308b247ce08aeecd155306bae0
12632,4804ee33768b143d9706052696f7dfbd,7254e54716fe52361e62aa16ea2e0797,SO60315,105,HL-U509-R,3,105,c660dc308b247ce08aeecd155306bae0
12632,ab4946738415af86b5e3cee69b13301f,ed268f8f3837888893f896b7240f1254,SO57251,4886,BK-R89B-48,2,4886,fde67888c64f701b59876ec559099b3e
12632,ab4946738415af86b5e3cee69b13301f,ed268f8f3837888893f896b7240f1254,SO57251,33,TI-R982,1,33,fde67888c64f701b59876ec559099b3e
12632,ce08c22f7777768ce4197eab9727516c,4a800301260b2639fa1ec3efafb5f86c,SO59985,4640,BK-M68S-42,2,4640,5072507e949a2c25948a591c4da194e1
12633,94c60e0b5e2b0f78b919a5d4c67d70a2,0d15ba5aa4c9ad0377b26e0cf7a86280,SO62203,2,PK-7098,1,2,9913e55755fcc4267a06c1e6adbbc7fb
12633,94c60e0b5e2b0f78b919a5d4c67d70a2,0d15ba5aa4c9ad0377b26e0cf7a86280,SO62203,29,TI-T723,1,29,9913e55755fcc4267a06c1e6adbbc7fb
12633,94c60e0b5e2b0f78b919a5d4c67d70a2,0d15ba5aa4c9ad0377b26e0cf7a86280,SO62203,5,TT-T092,1,5,9913e55755fcc4267a06c1e6adbbc7fb
12633,9f1ff00ea8fd9fd8f2d421ba5ec45a18,f88b3743a9ce1f9455b6de69380b486a,SO67453,150,LJ-0192-X,3,150,0001ffe4d82d0d8f9fec5ab0b4faa2db
12634,2a8c7f899adb0e29724a30c7fb9e8618,88b82588375bd49ab9a4c177ecf7af7b,SO49567,4142,BK-M68S-46,2,4142,79e45486ec381a8d5022628ddaa21b8b
12634,90c6314650a0d54fdcabe5cd5406f9af,f476906875bc5d9abe836b4ea1f485c1,SO53975,2384,BK-T79U-50,1,2384,41464bd548f06ca845208f69df30ac82
12634,90c6314650a0d54fdcabe5cd5406f9af,f476906875bc5d9abe836b4ea1f485c1,SO53975,105,HL-U509,3,105,41464bd548f06ca845208f69df30ac82
12634,cae5717327bee7d74e261c550aa5081f,18025e6a8791d350428f65c0783ebd99,SO56692,4590,BK-M68B-46,2,4590,ed268f8f3837888893f896b7240f1254
12634,cae5717327bee7d74e261c550aa5081f,18025e6a8791d350428f65c0783ebd99,SO56692,2,PK-7098,1,2,ed268f8f3837888893f896b7240f1254
12635,6e5c4b769f8f70f9fd01b24ba5be9695,40e7dd73b09eac540e790daf6fac41af,SO54862,150,LJ-0192-S,3,150,106dfbaf552c07a1b08d065f2c343982
12636,305c66634c155cab2b5cc3ce00351eb1,2becb9647677a1a316b388bbad689580,SO62126,27,CA-1098,3,27,922d04aa1f67bbe0270bfad98508f43e
12636,4a800301260b2639fa1ec3efafb5f86c,23f22724b430320654759f8512440ebc,SO59179,105,HL-U509,3,105,a189cc17a15cdb4e39e80dfcd8374c76
12636,4a800301260b2639fa1ec3efafb5f86c,23f22724b430320654759f8512440ebc,SO59179,5,TT-T092,1,5,a189cc17a15cdb4e39e80dfcd8374c76
12637,38d32d96c9adb3ccccf0e286aa08123c,cc2547b3671a031a723a4e3e241d0eed,SO49650,4098,BK-M68B-42,2,4098,6f28d1f037e8b8040be9f35ba03516af
12637,3c8e2c51453f4d665f1050da871dead6,1f50dad3f1493a5cf408c4eb3987479e,SO55384,4640,BK-M68S-46,2,4640,d34ba8f5d7fd7d5959a34c283fbec422
12637,3c8e2c51453f4d665f1050da871dead6,1f50dad3f1493a5cf408c4eb3987479e,SO55384,22,FE-6654,1,22,d34ba8f5d7fd7d5959a34c283fbec422
12637,3c8e2c51453f4d665f1050da871dead6,1f50dad3f1493a5cf408c4eb3987479e,SO55384,105,HL-U509-R,3,105,d34ba8f5d7fd7d5959a34c283fbec422
12637,d76e0ba1fa041675ae9af958c5b41ae4,b988e88fd94a3b47434beeb650cff880,SO57011,2384,BK-T79Y-46,1,2384,cae5717327bee7d74e261c550aa5081f
12637,d76e0ba1fa041675ae9af958c5b41ae4,b988e88fd94a3b47434beeb650cff880,SO57011,105,HL-U509-B,3,105,cae5717327bee7d74e261c550aa5081f
12638,6e32728b966bb91cefefa1316da21ca8,b322422d9a721bbdefa133133dd407c1,SO67731,27,CA-1098,3,27,de5009f9bf3e9725d2381f4a5e913111
12638,99c8f306659fd98cbb9d7f03ec0c2a7a,705fa39ab40831529471c768490339ab,SO69905,48,GL-H102-M,2,48,fff3c307c93eda1eb91d53ca588846fe
12638,99c8f306659fd98cbb9d7f03ec0c2a7a,705fa39ab40831529471c768490339ab,SO69905,5,TT-T092,1,5,fff3c307c93eda1eb91d53ca588846fe
12639,3143ce3c6436ed5bd25398756b7b661d,6be9692276a308e4b872323af1ad8fe2,SO52952,150,LJ-0192-S,3,150,ad4fbe0c82c7e5968d4cf22c2ad19e28
12640,3b2d50088b5462490d2079beeb91dc27,6f28d1f037e8b8040be9f35ba03516af,SO49720,4098,BK-M68B-38,2,4098,ac203ebd768c37b8ea6931e800115ae2
12640,9b6872ca1d80024637e967d1066bba0a,4310d0d92131e34ff2716d85e1953174,SO55333,10,BC-M005,1,10,7b0730955172ecda497d7cca6b1d87a1
12640,9b6872ca1d80024637e967d1066bba0a,4310d0d92131e34ff2716d85e1953174,SO55333,4590,BK-M68B-38,2,4590,7b0730955172ecda497d7cca6b1d87a1
12640,9b6872ca1d80024637e967d1066bba0a,4310d0d92131e34ff2716d85e1953174,SO55333,5,WB-H098,1,5,7b0730955172ecda497d7cca6b1d87a1
12640,a8ef76a01442567fb64eb6f4408a9835,427ed6396fba4ed8ead9ec3229517d2b,SO56906,2384,BK-T79U-54,1,2384,eba5233d2dd8ea5031e646882335ece0
12640,a8ef76a01442567fb64eb6f4408a9835,427ed6396fba4ed8ead9ec3229517d2b,SO56906,27,CA-1098,3,27,eba5233d2dd8ea5031e646882335ece0
12641,95a2a9aefc393f8630e934768cacf4cd,8f472ffe3ff3109f420ae91355ff8f3f,SO72161,27,CA-1098,3,27,38c9e5d1e366b4c5c36aae682bc960c4
12642,eba6cab7267f82e3b2a063d5ea445bb9,73b2264d673ee7b5b2e7e165020516ac,SO58054,27,CA-1098,3,27,02ad1a5ca18e58629b8c1d6a6401d071
12643,4c9ae581a14adbccc0bcd009c17b6cbe,56e52500a7f5ab963646137a401683cd,SO75058,105,HL-U509,3,105,838eec1f117f2cab9e9c306f7efbff28
12643,4c9ae581a14adbccc0bcd009c17b6cbe,56e52500a7f5ab963646137a401683cd,SO75058,54,SJ-0194-X,1,54,838eec1f117f2cab9e9c306f7efbff28
12643,4c9ae581a14adbccc0bcd009c17b6cbe,56e52500a7f5ab963646137a401683cd,SO75058,5,TT-T092,1,5,838eec1f117f2cab9e9c306f7efbff28
12643,f5933feadc49c253e4f0e77b236946e9,0b80ce5eab877cae9997209e0bee6e60,SO52449,27,CA-1098,3,27,b8cc77f0099ae7d3a20b9f0b74d70b12
12644,7c5572d8ea7717eb416a5478b1b0056f,59b3bce956067f996be5f0ddd87e18c7,SO49585,4098,BK-M68B-46,2,4098,cc2547b3671a031a723a4e3e241d0eed
12644,830e779850b1d58733a7ad711bf6b83f,39fe373cdcb4534addde73890415b660,SO56483,10,BC-M005,1,10,427ed6396fba4ed8ead9ec3229517d2b
12644,830e779850b1d58733a7ad711bf6b83f,39fe373cdcb4534addde73890415b660,SO56483,4640,BK-M68S-38,2,4640,427ed6396fba4ed8ead9ec3229517d2b
12644,830e779850b1d58733a7ad711bf6b83f,39fe373cdcb4534addde73890415b660,SO56483,105,HL-U509,3,105,427ed6396fba4ed8ead9ec3229517d2b
12644,830e779850b1d58733a7ad711bf6b83f,39fe373cdcb4534addde73890415b660,SO56483,5,WB-H098,1,5,427ed6396fba4ed8ead9ec3229517d2b
12644,b988e88fd94a3b47434beeb650cff880,3c1811b546060d91957cc446aabc4a3c,SO56376,2384,BK-T79U-50,1,2384,18025e6a8791d350428f65c0783ebd99
12644,b988e88fd94a3b47434beeb650cff880,3c1811b546060d91957cc446aabc4a3c,SO56376,105,HL-U509-B,3,105,18025e6a8791d350428f65c0783ebd99
12645,3b2d50088b5462490d2079beeb91dc27,6f28d1f037e8b8040be9f35ba03516af,SO49721,4142,BK-M68S-46,2,4142,ac203ebd768c37b8ea6931e800115ae2
12645,59c3d64cb01cd5ad7fd25246d81a55ff,ac15b60491fe99190c0248790e690757,SO55553,2384,BK-T79Y-60,1,2384,d8a4ea0dc4237ee8690ee37b3902fd0e
12645,59c3d64cb01cd5ad7fd25246d81a55ff,ac15b60491fe99190c0248790e690757,SO55553,105,HL-U509-B,3,105,d8a4ea0dc4237ee8690ee37b3902fd0e
12645,6353a8421ee460b64f2c988cc72a8391,59c3d64cb01cd5ad7fd25246d81a55ff,SO56188,4640,BK-M68S-46,2,4640,5691ac18f59a9af20f9d8703772afbba
12645,6353a8421ee460b64f2c988cc72a8391,59c3d64cb01cd5ad7fd25246d81a55ff,SO56188,2,PK-7098,1,2,5691ac18f59a9af20f9d8703772afbba
12645,6353a8421ee460b64f2c988cc72a8391,59c3d64cb01cd5ad7fd25246d81a55ff,SO56188,35,TI-M823,1,35,5691ac18f59a9af20f9d8703772afbba
12646,9b98d27287b27eeee9ebc06e1d5a9a8d,0dc34ca2aaa8612cde077f1880b78b25,SO53114,5,TT-T092,1,5,18bea060239713ee5f865109f63f3a8a
12646,a1e59736d286765313b8212467dc64b2,43e2cc7ff261723f93f64f3f7e9faa8d,SO74252,27,CA-1098,3,27,ca5b8307fa5f2189fb98330a9d65927c
12647,73a69a5c77a7d23172e54d7ce07a638e,5a06908cc28b799b04fc1c47664462e6,SO55504,2384,BK-T79U-46,1,2384,41fc4cb27e0ee552c4c9247e1a476cc5
12647,73a69a5c77a7d23172e54d7ce07a638e,5a06908cc28b799b04fc1c47664462e6,SO55504,27,CA-1098,3,27,41fc4cb27e0ee552c4c9247e1a476cc5
12647,73a69a5c77a7d23172e54d7ce07a638e,5a06908cc28b799b04fc1c47664462e6,SO55504,105,HL-U509-B,3,105,41fc4cb27e0ee552c4c9247e1a476cc5
12647,73a69a5c77a7d23172e54d7ce07a638e,5a06908cc28b799b04fc1c47664462e6,SO55504,150,LJ-0192-M,3,150,41fc4cb27e0ee552c4c9247e1a476cc5
12647,830e779850b1d58733a7ad711bf6b83f,39fe373cdcb4534addde73890415b660,SO56484,10,BC-M005,1,10,427ed6396fba4ed8ead9ec3229517d2b
12647,830e779850b1d58733a7ad711bf6b83f,39fe373cdcb4534addde73890415b660,SO56484,4640,BK-M68S-38,2,4640,427ed6396fba4ed8ead9ec3229517d2b
12647,830e779850b1d58733a7ad711bf6b83f,39fe373cdcb4534addde73890415b660,SO56484,48,GL-H102-M,2,48,427ed6396fba4ed8ead9ec3229517d2b
12647,830e779850b1d58733a7ad711bf6b83f,39fe373cdcb4534addde73890415b660,SO56484,5,WB-H098,1,5,427ed6396fba4ed8ead9ec3229517d2b
12647,f67641ca977673896f765fef2e0d4486,043dc8381a880800c6904db9a2d6994e,SO49552,4098,BK-M68B-38,2,4098,6b775fbfe9534ff161531d4406ebb878
12648,9c36ef758665a17e1eeb69b7f8fce1c6,07f48468b4de047ab258a3d18df75f9d,SO49774,4098,BK-M68B-38,2,4098,87d4f54c086f76c98b608b3ad8c4f65f
12648,a2c49941411089cb2a9cbf78cb803c26,73a69a5c77a7d23172e54d7ce07a638e,SO56127,4590,BK-M68B-46,2,4590,39fe373cdcb4534addde73890415b660
12648,a2c49941411089cb2a9cbf78cb803c26,73a69a5c77a7d23172e54d7ce07a638e,SO56127,22,FE-6654,1,22,39fe373cdcb4534addde73890415b660
12648,a2c49941411089cb2a9cbf78cb803c26,73a69a5c77a7d23172e54d7ce07a638e,SO56127,9,SO-R809-L,1,9,39fe373cdcb4534addde73890415b660
12648,ab4946738415af86b5e3cee69b13301f,ed268f8f3837888893f896b7240f1254,SO57299,2384,BK-T79Y-60,1,2384,fde67888c64f701b59876ec559099b3e
12648,ab4946738415af86b5e3cee69b13301f,ed268f8f3837888893f896b7240f1254,SO57299,48,GL-H102-L,2,48,fde67888c64f701b59876ec559099b3e
12648,ab4946738415af86b5e3cee69b13301f,ed268f8f3837888893f896b7240f1254,SO57299,29,TI-T723,1,29,fde67888c64f701b59876ec559099b3e
12648,ab4946738415af86b5e3cee69b13301f,ed268f8f3837888893f896b7240f1254,SO57299,5,TT-T092,1,5,fde67888c64f701b59876ec559099b3e
12649,de5009f9bf3e9725d2381f4a5e913111,2296af5563b2061aa1d88124a37eecb7,SO67382,27,CA-1098,3,27,a1d0c0a14c6c8f8a8ef8220209c23a64
12650,013f173c58073e845f675d26fdde1918,ccb91034934bb047c5f6a32eb289b95b,SO60561,2384,BK-T79U-46,1,2384,d6fb379288416774d139632beb88e26b
12650,013f173c58073e845f675d26fdde1918,ccb91034934bb047c5f6a32eb289b95b,SO60561,105,HL-U509-R,3,105,d6fb379288416774d139632beb88e26b
12650,6477c205c5117a9448ba863e111acf32,c926349b55a58d87d7d5008c349fd1e9,SO60850,4886,BK-R89B-58,2,4886,013f173c58073e845f675d26fdde1918
12650,ce08c22f7777768ce4197eab9727516c,4a800301260b2639fa1ec3efafb5f86c,SO59986,10,BC-M005,1,10,5072507e949a2c25948a591c4da194e1
12650,ce08c22f7777768ce4197eab9727516c,4a800301260b2639fa1ec3efafb5f86c,SO59986,4590,BK-M68B-38,2,4590,5072507e949a2c25948a591c4da194e1
12650,ce08c22f7777768ce4197eab9727516c,4a800301260b2639fa1ec3efafb5f86c,SO59986,27,CA-1098,3,27,5072507e949a2c25948a591c4da194e1
12650,ce08c22f7777768ce4197eab9727516c,4a800301260b2639fa1ec3efafb5f86c,SO59986,54,SJ-0194-L,1,54,5072507e949a2c25948a591c4da194e1
12650,ce08c22f7777768ce4197eab9727516c,4a800301260b2639fa1ec3efafb5f86c,SO59986,5,WB-H098,1,5,5072507e949a2c25948a591c4da194e1
12650,e1c989a8683174b4fd778fa463ff0253,7920863768d90ab95edffbd84cfca3e6,SO45861,3578,BK-R93R-44,1,3578,ee0fcf6f6c7f398dea5b39f50af66f66
12651,691ad1b0dca3643b923973defd014d47,6dd75c28a9a8a39e02bc0a175f82a9f3,SO67815,27,CA-1098,3,27,9f1ff00ea8fd9fd8f2d421ba5ec45a18
12652,128ee9ff420de424a605a0ee4a6f7916,fee8e08233f3f00450bce31967abb0f1,SO71403,150,LJ-0192-L,3,150,2797a91b25bc2aa85124c99bc574dc83
12652,8d1d4829b2e801ba4e41ba48f5a549d4,a6d37e298c3042e300813f55a17e0875,SO65532,27,CA-1098,3,27,ccf89c691dabb1412404274596922d90
12652,8d1d4829b2e801ba4e41ba48f5a549d4,a6d37e298c3042e300813f55a17e0875,SO65532,105,HL-U509-R,3,105,ccf89c691dabb1412404274596922d90
12652,8d1d4829b2e801ba4e41ba48f5a549d4,a6d37e298c3042e300813f55a17e0875,SO65532,55,HY-1023-70,1,55,ccf89c691dabb1412404274596922d90
12652,8d1d4829b2e801ba4e41ba48f5a549d4,a6d37e298c3042e300813f55a17e0875,SO65532,29,TI-T723,1,29,ccf89c691dabb1412404274596922d90
12652,8d1d4829b2e801ba4e41ba48f5a549d4,a6d37e298c3042e300813f55a17e0875,SO65532,5,TT-T092,1,5,ccf89c691dabb1412404274596922d90
12653,0df76889b3e31ccfd17b50cc73baef03,debbb2493c6588799fc787e1854bcda5,SO58836,9,BC-R205,1,9,6eaadc1181f307997dc853d9ed40db36
12653,0df76889b3e31ccfd17b50cc73baef03,debbb2493c6588799fc787e1854bcda5,SO58836,2384,BK-T79Y-50,1,2384,6eaadc1181f307997dc853d9ed40db36
12653,0df76889b3e31ccfd17b50cc73baef03,debbb2493c6588799fc787e1854bcda5,SO58836,48,GL-H102-L,2,48,6eaadc1181f307997dc853d9ed40db36
12653,0df76889b3e31ccfd17b50cc73baef03,debbb2493c6588799fc787e1854bcda5,SO58836,5,WB-H098,1,5,6eaadc1181f307997dc853d9ed40db36
12653,8d71482745a6a1be4fbbc5562ade4657,089c2a426c196c5ca5facb20896c90bb,SO56908,10,BC-M005,1,10,d9f7611cf8d29b48a1d3d8fddb8c5b2e
12653,8d71482745a6a1be4fbbc5562ade4657,089c2a426c196c5ca5facb20896c90bb,SO56908,4590,BK-M68B-46,2,4590,d9f7611cf8d29b48a1d3d8fddb8c5b2e
12653,8d71482745a6a1be4fbbc5562ade4657,089c2a426c196c5ca5facb20896c90bb,SO56908,48,GL-H102-M,2,48,d9f7611cf8d29b48a1d3d8fddb8c5b2e
12653,8d71482745a6a1be4fbbc5562ade4657,089c2a426c196c5ca5facb20896c90bb,SO56908,54,SJ-0194-X,1,54,d9f7611cf8d29b48a1d3d8fddb8c5b2e
12653,8d71482745a6a1be4fbbc5562ade4657,089c2a426c196c5ca5facb20896c90bb,SO56908,5,WB-H098,1,5,d9f7611cf8d29b48a1d3d8fddb8c5b2e
12653,da59baff9b2091053d3cbde67efd84ca,7a881e823dfa2748a8124f4b46b643af,SO49688,4098,BK-M68B-46,2,4098,c00c38c95aa9544dce6852b834e4e8ab
12654,714597fe9448176d17876617114a65bc,d6ec5bff1a0809822c740ce35792fa7a,SO53232,27,CA-1098,3,27,3143ce3c6436ed5bd25398756b7b661d
12654,eef21e68ecca703bb338920b950f203c,f108e0cd2f96a0c22086f9d45ee08f19,SO60918,2,PK-7098,1,2,b21e833d3ead6056f1265f13fe1ff015
12654,eef21e68ecca703bb338920b950f203c,f108e0cd2f96a0c22086f9d45ee08f19,SO60918,29,TI-T723,1,29,b21e833d3ead6056f1265f13fe1ff015
12654,eef21e68ecca703bb338920b950f203c,f108e0cd2f96a0c22086f9d45ee08f19,SO60918,5,TT-T092,1,5,b21e833d3ead6056f1265f13fe1ff015
12655,3ebfce6ccd7540a632ae7e6ad8100c29,d630b2db6e8046e30b4728ca862ba4e1,SO59404,2384,BK-T79Y-50,1,2384,df595e3c678d4fae23ce174fe747165e
12655,3ebfce6ccd7540a632ae7e6ad8100c29,d630b2db6e8046e30b4728ca862ba4e1,SO59404,105,HL-U509-B,3,105,df595e3c678d4fae23ce174fe747165e
12655,5072507e949a2c25948a591c4da194e1,a189cc17a15cdb4e39e80dfcd8374c76,SO59650,4640,BK-M68S-42,2,4640,ad0b7f5ad35732646f1e5f67418d5995
12655,5072507e949a2c25948a591c4da194e1,a189cc17a15cdb4e39e80dfcd8374c76,SO59650,105,HL-U509-R,3,105,ad0b7f5ad35732646f1e5f67418d5995
12655,5072507e949a2c25948a591c4da194e1,a189cc17a15cdb4e39e80dfcd8374c76,SO59650,150,LJ-0192-S,3,150,ad0b7f5ad35732646f1e5f67418d5995
12655,5072507e949a2c25948a591c4da194e1,a189cc17a15cdb4e39e80dfcd8374c76,SO59650,35,TI-M823,1,35,ad0b7f5ad35732646f1e5f67418d5995
12655,5072507e949a2c25948a591c4da194e1,a189cc17a15cdb4e39e80dfcd8374c76,SO59650,5,TT-M928,1,5,ad0b7f5ad35732646f1e5f67418d5995
12655,7233744a010a9a2e1f7a7eb4772ddfa5,0e0438a8bdbea53929bd664be8421837,SO45885,3578,BK-R93R-52,1,3578,d5bc8f6048b5d9c5610a083b3df65c9e
12655,af1457846a79173ef71dd9d5dd69805a,254d832c83ccdb2c33eab65a4fd196ff,SO60335,9,BC-R205,1,9,ce08c22f7777768ce4197eab9727516c
12655,af1457846a79173ef71dd9d5dd69805a,254d832c83ccdb2c33eab65a4fd196ff,SO60335,4886,BK-R89R-58,2,4886,ce08c22f7777768ce4197eab9727516c
12655,af1457846a79173ef71dd9d5dd69805a,254d832c83ccdb2c33eab65a4fd196ff,SO60335,5,WB-H098,1,5,ce08c22f7777768ce4197eab9727516c
12656,07b31bae17c7890b17d79a654aa230cf,a976f17830aceaaa93d5daef0bc209a3,SO58172,27,CA-1098,3,27,ef5bad66aa19ccfb82cacb73584b83ea
12657,4b74d4eac4c3a33d22d34af93569c011,c96b659647361342a1bb035614c242b1,SO51188,540,BK-R19B-52,1,540,9f14679403a464909296961b7547fa87
12657,9795c57676ee8b8b6ba9a6f9014a520b,c5ed53572c667b119dde2fc0f54de602,SO73783,2384,BK-T79U-50,1,2384,b0950d12c62d3aeda81b2e8d06f2aef4
12657,9795c57676ee8b8b6ba9a6f9014a520b,c5ed53572c667b119dde2fc0f54de602,SO73783,105,HL-U509,3,105,b0950d12c62d3aeda81b2e8d06f2aef4
12657,9795c57676ee8b8b6ba9a6f9014a520b,c5ed53572c667b119dde2fc0f54de602,SO73783,29,TI-T723,1,29,b0950d12c62d3aeda81b2e8d06f2aef4
12657,9795c57676ee8b8b6ba9a6f9014a520b,c5ed53572c667b119dde2fc0f54de602,SO73783,5,TT-T092,1,5,b0950d12c62d3aeda81b2e8d06f2aef4
12657,b988e88fd94a3b47434beeb650cff880,3c1811b546060d91957cc446aabc4a3c,SO56334,4640,BK-M68S-42,2,4640,18025e6a8791d350428f65c0783ebd99
12657,b988e88fd94a3b47434beeb650cff880,3c1811b546060d91957cc446aabc4a3c,SO56334,22,FE-6654,1,22,18025e6a8791d350428f65c0783ebd99
12657,f1877c1756a68271d12db39ddc87dad7,207f6c5125350a97b1a410dc655800f6,SO50185,4098,BK-M68B-42,2,4098,a37b3b8ed0bad1707ba2be514cc71f02
12658,3fbd0407b55d3a3da21388a2ddbf881c,ab4946738415af86b5e3cee69b13301f,SO57956,2384,BK-T79U-46,1,2384,5abaefcc8525a8f4cfd95cba9e926532
12658,3fbd0407b55d3a3da21388a2ddbf881c,ab4946738415af86b5e3cee69b13301f,SO57956,27,CA-1098,3,27,5abaefcc8525a8f4cfd95cba9e926532
12658,3fbd0407b55d3a3da21388a2ddbf881c,ab4946738415af86b5e3cee69b13301f,SO57956,105,HL-U509-B,3,105,5abaefcc8525a8f4cfd95cba9e926532
12658,427ed6396fba4ed8ead9ec3229517d2b,3519c8eb4095dbc69d80eb61856d3435,SO56225,4640,BK-M68S-46,2,4640,629ffff971d10f275a79a70fae527fbc
12658,427ed6396fba4ed8ead9ec3229517d2b,3519c8eb4095dbc69d80eb61856d3435,SO56225,27,CA-1098,3,27,629ffff971d10f275a79a70fae527fbc
12658,427ed6396fba4ed8ead9ec3229517d2b,3519c8eb4095dbc69d80eb61856d3435,SO56225,105,HL-U509,3,105,629ffff971d10f275a79a70fae527fbc
12658,ac203ebd768c37b8ea6931e800115ae2,2a8c7f899adb0e29724a30c7fb9e8618,SO49676,4142,BK-M68S-46,2,4142,1a957c2fc6360821c819775ff9ef6f7e
12659,089c2a426c196c5ca5facb20896c90bb,bc761b2b7297029a695fbd6dd0470724,SO56309,10,BC-M005,1,10,55f9f4cb5784581a517e59904e0d5e2f
12659,089c2a426c196c5ca5facb20896c90bb,bc761b2b7297029a695fbd6dd0470724,SO56309,55,HY-1023-70,1,55,55f9f4cb5784581a517e59904e0d5e2f
12659,089c2a426c196c5ca5facb20896c90bb,bc761b2b7297029a695fbd6dd0470724,SO56309,9,SO-R809-L,1,9,55f9f4cb5784581a517e59904e0d5e2f
12660,dcf73f840a50da0145f24e8e0169dc4b,2797a91b25bc2aa85124c99bc574dc83,SO72041,10,BC-M005,1,10,d5985f40495ba672dff8a99620b879c8
12660,dcf73f840a50da0145f24e8e0169dc4b,2797a91b25bc2aa85124c99bc574dc83,SO72041,105,HL-U509-B,3,105,d5985f40495ba672dff8a99620b879c8
12661,3c8e2c51453f4d665f1050da871dead6,1f50dad3f1493a5cf408c4eb3987479e,SO55435,10,BC-M005,1,10,d34ba8f5d7fd7d5959a34c283fbec422
12661,3c8e2c51453f4d665f1050da871dead6,1f50dad3f1493a5cf408c4eb3987479e,SO55435,105,HL-U509,3,105,d34ba8f5d7fd7d5959a34c283fbec422
12661,3c8e2c51453f4d665f1050da871dead6,1f50dad3f1493a5cf408c4eb3987479e,SO55435,5,WB-H098,1,5,d34ba8f5d7fd7d5959a34c283fbec422
12662,aa14ddbc43aa2d3be1e6ac019bb7b5bc,dcf73f840a50da0145f24e8e0169dc4b,SO72904,10,BC-M005,1,10,a6f2945baeceeef4c8d541a22f6e99e9
12662,aa14ddbc43aa2d3be1e6ac019bb7b5bc,dcf73f840a50da0145f24e8e0169dc4b,SO72904,5,WB-H098,1,5,a6f2945baeceeef4c8d541a22f6e99e9
12663,fd5ba6fdeb81e07b2caf0b103489bd8d,e871b36e68b0b3d0af9c742d81fef27a,SO70982,10,BC-M005,1,10,17520f5649fab40fb66771362888cb90
12663,fd5ba6fdeb81e07b2caf0b103489bd8d,e871b36e68b0b3d0af9c742d81fef27a,SO70982,54,SJ-0194-S,1,54,17520f5649fab40fb66771362888cb90
12663,fd5ba6fdeb81e07b2caf0b103489bd8d,e871b36e68b0b3d0af9c742d81fef27a,SO70982,5,WB-H098,1,5,17520f5649fab40fb66771362888cb90
12664,63efdd3324df66c9965bd622cdebe06a,7acd252f45ad6fe668386456a673d543,SO68060,27,CA-1098,3,27,6e32728b966bb91cefefa1316da21ca8
12664,ef5bad66aa19ccfb82cacb73584b83ea,0e23f371129aecc6b2033620b226f8d7,SO57878,105,HL-U509-B,3,105,485ae69515bc4c60ef546ff289741f60
12664,ef5bad66aa19ccfb82cacb73584b83ea,0e23f371129aecc6b2033620b226f8d7,SO57878,29,TI-T723,1,29,485ae69515bc4c60ef546ff289741f60
12664,ef5bad66aa19ccfb82cacb73584b83ea,0e23f371129aecc6b2033620b226f8d7,SO57878,5,TT-T092,1,5,485ae69515bc4c60ef546ff289741f60
12665,23bd9a9b90557e9da7babfb8e3d2df22,b210069485754303767745919c328b97,SO63762,2,PK-7098,1,2,a946e75bc65318721cd1e01162d392dd
12665,23bd9a9b90557e9da7babfb8e3d2df22,b210069485754303767745919c328b97,SO63762,5,TT-M928,1,5,a946e75bc65318721cd1e01162d392dd
12665,4ddc8821c34bceaf3dba4a18741acca3,af1457846a79173ef71dd9d5dd69805a,SO61108,2,PK-7098,1,2,2d6e054ac82934d489c58cc8399a1628
12665,7acd252f45ad6fe668386456a673d543,0120f4004ede1143c3be6caa4227affe,SO67148,105,HL-U509,3,105,b322422d9a721bbdefa133133dd407c1
12665,7acd252f45ad6fe668386456a673d543,0120f4004ede1143c3be6caa4227affe,SO67148,25,TI-M267,1,25,b322422d9a721bbdefa133133dd407c1
12665,7acd252f45ad6fe668386456a673d543,0120f4004ede1143c3be6caa4227affe,SO67148,5,TT-M928,1,5,b322422d9a721bbdefa133133dd407c1
12666,86bfb8ffc7a79e52d833cedce4d275bf,962bae2fb03296a3b9cacabfa929322c,SO70166,2,PK-7098,1,2,ec24e4cf9fcc90f3bbe81b2fb3735c21
12666,86bfb8ffc7a79e52d833cedce4d275bf,962bae2fb03296a3b9cacabfa929322c,SO70166,25,TI-M267,1,25,ec24e4cf9fcc90f3bbe81b2fb3735c21
12666,b95a9f47dd73bb9b799a31ae04ee7da1,175a5d217fad85df9f6639d7ced1e5d9,SO69949,5,TT-M928,1,5,8728a5e296f39e49d2fa74c31820e99f
12666,d27974ca95fd620ac92cf95bf8c1d1f2,4c6ed4daa82e7326b84c24f4c2ae7064,SO74156,2,PK-7098,1,2,3e107cd1554225ea3056ed5010adce90
12667,84fa845331bd2bc65a54c460e17483e0,d1638c6e02871b5c4957d2fe848b551a,SO47098,4098,BK-M68B-42,2,4098,493ae116dff448cca13e0d6443b3c3c2
12667,8d71482745a6a1be4fbbc5562ade4657,089c2a426c196c5ca5facb20896c90bb,SO56950,10,BC-M005,1,10,d9f7611cf8d29b48a1d3d8fddb8c5b2e
12667,8d71482745a6a1be4fbbc5562ade4657,089c2a426c196c5ca5facb20896c90bb,SO56950,4590,BK-M68B-38,2,4590,d9f7611cf8d29b48a1d3d8fddb8c5b2e
12667,8d71482745a6a1be4fbbc5562ade4657,089c2a426c196c5ca5facb20896c90bb,SO56950,105,HL-U509,3,105,d9f7611cf8d29b48a1d3d8fddb8c5b2e
12667,8d71482745a6a1be4fbbc5562ade4657,089c2a426c196c5ca5facb20896c90bb,SO56950,5,WB-H098,1,5,d9f7611cf8d29b48a1d3d8fddb8c5b2e
12667,c507827aa5f4f6bbedf64058461c621b,6d1d8a1c7851eb5a946d45009cea6d9f,SO66502,2384,BK-T79U-60,1,2384,dfcee565bb2da80a7b76451a5cd314a1
12667,c507827aa5f4f6bbedf64058461c621b,6d1d8a1c7851eb5a946d45009cea6d9f,SO66502,105,HL-U509-B,3,105,dfcee565bb2da80a7b76451a5cd314a1
12668,3c8e2c51453f4d665f1050da871dead6,1f50dad3f1493a5cf408c4eb3987479e,SO55448,4590,BK-M68B-38,2,4590,d34ba8f5d7fd7d5959a34c283fbec422
12668,3c8e2c51453f4d665f1050da871dead6,1f50dad3f1493a5cf408c4eb3987479e,SO55448,105,HL-U509-R,3,105,d34ba8f5d7fd7d5959a34c283fbec422
12668,a9badca0a12d937b4dcb70fd1c65dc63,368bf74b3769bb91f49d30908786b862,SO47172,4142,BK-M68S-38,2,4142,41c97bac51d5ee4cfce0cfa86385fdbe
12668,cd15e5f80ff20dd345bfaa51400dd0d6,3a2f313512bb520c43971e54ba834dec,SO66698,2384,BK-T79Y-60,1,2384,4efe8b2ca156042f8a3d8dd6aba54520
12668,cd15e5f80ff20dd345bfaa51400dd0d6,3a2f313512bb520c43971e54ba834dec,SO66698,54,SJ-0194-L,1,54,4efe8b2ca156042f8a3d8dd6aba54520
12669,39fe373cdcb4534addde73890415b660,41fc4cb27e0ee552c4c9247e1a476cc5,SO55915,4590,BK-M68B-46,2,4590,3519c8eb4095dbc69d80eb61856d3435
12669,39fe373cdcb4534addde73890415b660,41fc4cb27e0ee552c4c9247e1a476cc5,SO55915,8,CL-9009,1,8,3519c8eb4095dbc69d80eb61856d3435
12669,39fe373cdcb4534addde73890415b660,41fc4cb27e0ee552c4c9247e1a476cc5,SO55915,55,HY-1023-70,1,55,3519c8eb4095dbc69d80eb61856d3435
12669,9b657dcbee0478c7d9be871266f00f1f,663d11326de76cfa493cc577763c59ee,SO47149,4098,BK-M68B-42,2,4098,3e5c252ff13111aa6a12067ee19d69e6
12669,cd15e5f80ff20dd345bfaa51400dd0d6,3a2f313512bb520c43971e54ba834dec,SO66699,2384,BK-T79U-60,1,2384,4efe8b2ca156042f8a3d8dd6aba54520
12670,05e7920e8caf0303dc01b77666952b75,eea5b3bd1bd5d5c62a1d22f78d3ba263,SO66262,2384,BK-T79U-60,1,2384,3a2f313512bb520c43971e54ba834dec
12670,18025e6a8791d350428f65c0783ebd99,3c8e2c51453f4d665f1050da871dead6,SO56114,4590,BK-M68B-42,2,4590,a9cefc49af6424b430612adfc69876ee
12670,18025e6a8791d350428f65c0783ebd99,3c8e2c51453f4d665f1050da871dead6,SO56114,22,FE-6654,1,22,a9cefc49af6424b430612adfc69876ee
12670,18025e6a8791d350428f65c0783ebd99,3c8e2c51453f4d665f1050da871dead6,SO56114,105,HL-U509-R,3,105,a9cefc49af6424b430612adfc69876ee
12670,fffd2144f47526eeb222541136a47d44,b5bd60d2c998267a6b6a11a2521b0b65,SO47302,4098,BK-M68B-42,2,4098,e4eb0466781b24d67b81f508aeab70b7
12671,02b96ab6e0935145589be4e1408a1675,58f0b42da53adeeccbfa693883fea672,SO65395,9,BC-R205,1,9,b68fd63ca41d49bfc1b18251202c053f
12671,02b96ab6e0935145589be4e1408a1675,58f0b42da53adeeccbfa693883fea672,SO65395,2384,BK-T79U-46,1,2384,b68fd63ca41d49bfc1b18251202c053f
12671,02b96ab6e0935145589be4e1408a1675,58f0b42da53adeeccbfa693883fea672,SO65395,105,HL-U509-B,3,105,b68fd63ca41d49bfc1b18251202c053f
12671,02b96ab6e0935145589be4e1408a1675,58f0b42da53adeeccbfa693883fea672,SO65395,5,WB-H098,1,5,b68fd63ca41d49bfc1b18251202c053f
12671,089c2a426c196c5ca5facb20896c90bb,bc761b2b7297029a695fbd6dd0470724,SO56323,4640,BK-M68S-42,2,4640,55f9f4cb5784581a517e59904e0d5e2f
12671,2766ca1bca285e813b134ddc2a2efa99,7f9d156e18f1be5abef55a22081e71ce,SO47163,4098,BK-M68B-46,2,4098,021a9f9ff27cc992988201b84cae392f
12672,089c2a426c196c5ca5facb20896c90bb,bc761b2b7297029a695fbd6dd0470724,SO56277,159,ST-1401,1,159,55f9f4cb5784581a517e59904e0d5e2f
12672,af1457846a79173ef71dd9d5dd69805a,254d832c83ccdb2c33eab65a4fd196ff,SO60329,159,ST-1401,1,159,ce08c22f7777768ce4197eab9727516c
12672,af1457846a79173ef71dd9d5dd69805a,254d832c83ccdb2c33eab65a4fd196ff,SO60329,4,TT-R982,1,4,ce08c22f7777768ce4197eab9727516c
12672,d6fb379288416774d139632beb88e26b,3ebfce6ccd7540a632ae7e6ad8100c29,SO60180,105,HL-U509,3,105,412998e77ee121227580e3d363f75fa2
12672,d6fb379288416774d139632beb88e26b,3ebfce6ccd7540a632ae7e6ad8100c29,SO60180,25,TI-M267,1,25,412998e77ee121227580e3d363f75fa2
12673,089c2a426c196c5ca5facb20896c90bb,bc761b2b7297029a695fbd6dd0470724,SO56324,10,BC-M005,1,10,55f9f4cb5784581a517e59904e0d5e2f
12673,089c2a426c196c5ca5facb20896c90bb,bc761b2b7297029a695fbd6dd0470724,SO56324,4640,BK-M68S-38,2,4640,55f9f4cb5784581a517e59904e0d5e2f
12673,089c2a426c196c5ca5facb20896c90bb,bc761b2b7297029a695fbd6dd0470724,SO56324,5,WB-H098,1,5,55f9f4cb5784581a517e59904e0d5e2f
12673,6866da5d40f1aad2d82129d5ffa25bda,b68fd63ca41d49bfc1b18251202c053f,SO65801,2384,BK-T79Y-50,1,2384,eea5b3bd1bd5d5c62a1d22f78d3ba263
12673,6e1ea8c2b90f9655373e732ea4445676,be6c9b96c35f6d80642550df922ea69a,SO47314,4098,BK-M68B-46,2,4098,79c5eb49b683e206aa6d5b40f84c60eb
12674,6d1d8a1c7851eb5a946d45009cea6d9f,3f0c8308e4e2e5c4ddc1b7e19304f613,SO65745,2384,BK-T79U-46,1,2384,6582aa26281b9a92ad60e6a03e274c00
12674,6d1d8a1c7851eb5a946d45009cea6d9f,3f0c8308e4e2e5c4ddc1b7e19304f613,SO65745,54,SJ-0194-L,1,54,6582aa26281b9a92ad60e6a03e274c00
12674,d9f7611cf8d29b48a1d3d8fddb8c5b2e,55f9f4cb5784581a517e59904e0d5e2f,SO56688,4640,BK-M68S-42,2,4640,fda052162862bb845297063fd71a580c
12674,ee76080374845c1990834952499ba763,402c87e1893d53d9506b00bc7914b980,SO47267,4142,BK-M68S-38,2,4142,d6e34f14e6924cef6c0e043d6ab84346
12675,4efe8b2ca156042f8a3d8dd6aba54520,e2f0a420a4c1a9e8e292761f835e0489,SO66372,2384,BK-T79Y-60,1,2384,e82ca4c6beebe812f10fa1041b97a160
12675,830e779850b1d58733a7ad711bf6b83f,39fe373cdcb4534addde73890415b660,SO56530,4640,BK-M68S-42,2,4640,427ed6396fba4ed8ead9ec3229517d2b
12675,830e779850b1d58733a7ad711bf6b83f,39fe373cdcb4534addde73890415b660,SO56530,2,PK-7098,1,2,427ed6396fba4ed8ead9ec3229517d2b
12675,830e779850b1d58733a7ad711bf6b83f,39fe373cdcb4534addde73890415b660,SO56530,35,TI-M823,1,35,427ed6396fba4ed8ead9ec3229517d2b
12675,a9badca0a12d937b4dcb70fd1c65dc63,368bf74b3769bb91f49d30908786b862,SO47173,4142,BK-M68S-46,2,4142,41c97bac51d5ee4cfce0cfa86385fdbe
12676,64cadfde6f66bc25043d0d69f5ae5471,18f358e551b5b85912bc952ab9894c0d,SO65878,2384,BK-T79Y-60,1,2384,8d1d4829b2e801ba4e41ba48f5a549d4
12676,64cadfde6f66bc25043d0d69f5ae5471,18f358e551b5b85912bc952ab9894c0d,SO65878,54,SJ-0194-S,1,54,8d1d4829b2e801ba4e41ba48f5a549d4
12676,73a69a5c77a7d23172e54d7ce07a638e,5a06908cc28b799b04fc1c47664462e6,SO55499,4590,BK-M68B-42,2,4590,41fc4cb27e0ee552c4c9247e1a476cc5
12676,73a69a5c77a7d23172e54d7ce07a638e,5a06908cc28b799b04fc1c47664462e6,SO55499,55,HY-1023-70,1,55,41fc4cb27e0ee552c4c9247e1a476cc5
12676,e4eb0466781b24d67b81f508aeab70b7,74b4466b347c60a98e00951770d7b9a2,SO47252,4142,BK-M68S-38,2,4142,93292bf41ccb6542d121825f25cbf70b
12677,021a9f9ff27cc992988201b84cae392f,65b64297f0421f6e057524afb222b411,SO47129,4142,BK-M68S-38,2,4142,540c97e65b08aac734db0196254259fd
12677,058af5b2a408d57b708367e5bf4e9d9c,e82ca4c6beebe812f10fa1041b97a160,SO66827,2384,BK-T79Y-50,1,2384,c507827aa5f4f6bbedf64058461c621b
12677,058af5b2a408d57b708367e5bf4e9d9c,e82ca4c6beebe812f10fa1041b97a160,SO66827,105,HL-U509-B,3,105,c507827aa5f4f6bbedf64058461c621b
12677,cae5717327bee7d74e261c550aa5081f,18025e6a8791d350428f65c0783ebd99,SO56751,4590,BK-M68B-42,2,4590,ed268f8f3837888893f896b7240f1254
12678,640540d73b85c3ecd2e3bf5541686e87,eba6cab7267f82e3b2a063d5ea445bb9,SO58715,105,HL-U509-R,3,105,d630b2db6e8046e30b4728ca862ba4e1
12678,640540d73b85c3ecd2e3bf5541686e87,eba6cab7267f82e3b2a063d5ea445bb9,SO58715,54,SJ-0194-X,1,54,d630b2db6e8046e30b4728ca862ba4e1
12678,640540d73b85c3ecd2e3bf5541686e87,eba6cab7267f82e3b2a063d5ea445bb9,SO58715,4,TT-R982,1,4,d630b2db6e8046e30b4728ca862ba4e1
12678,7b0730955172ecda497d7cca6b1d87a1,d3c54b4368c62c2ff11535bf2b677170,SO54977,48,GL-H102-M,2,48,5a06908cc28b799b04fc1c47664462e6
12678,7b0730955172ecda497d7cca6b1d87a1,d3c54b4368c62c2ff11535bf2b677170,SO54977,105,HL-U509,3,105,5a06908cc28b799b04fc1c47664462e6
12678,7b0730955172ecda497d7cca6b1d87a1,d3c54b4368c62c2ff11535bf2b677170,SO54977,25,TI-M267,1,25,5a06908cc28b799b04fc1c47664462e6
12678,7b0730955172ecda497d7cca6b1d87a1,d3c54b4368c62c2ff11535bf2b677170,SO54977,5,TT-M928,1,5,5a06908cc28b799b04fc1c47664462e6
12678,d9f7611cf8d29b48a1d3d8fddb8c5b2e,55f9f4cb5784581a517e59904e0d5e2f,SO56648,159,ST-1401,1,159,fda052162862bb845297063fd71a580c
12679,9a95fdf4e925d9cbd65f87b5aa4ac212,478ecc8cdaa127c33884d9f6c72c2cd5,SO59587,4,TT-R982,1,4,9e8cbc3edbb5efb3f48d6afb260e4725
12679,a9cd7a99d71cca9cb644010050374ade,3db19f5f710f10e90ecc7154c649d60a,SO71703,159,ST-1401,1,159,128ee9ff420de424a605a0ee4a6f7916
12679,d3c54b4368c62c2ff11535bf2b677170,41464bd548f06ca845208f69df30ac82,SO54321,25,TI-M267,1,25,da9c4ba6c9a1ae8725389bfd38b5763a
12680,2296af5563b2061aa1d88124a37eecb7,6866da5d40f1aad2d82129d5ffa25bda,SO66566,9,BC-R205,1,9,05e7920e8caf0303dc01b77666952b75
12680,2296af5563b2061aa1d88124a37eecb7,6866da5d40f1aad2d82129d5ffa25bda,SO66566,2384,BK-T79U-54,1,2384,05e7920e8caf0303dc01b77666952b75
12680,2296af5563b2061aa1d88124a37eecb7,6866da5d40f1aad2d82129d5ffa25bda,SO66566,27,CA-1098,3,27,05e7920e8caf0303dc01b77666952b75
12680,2296af5563b2061aa1d88124a37eecb7,6866da5d40f1aad2d82129d5ffa25bda,SO66566,54,SJ-0194-S,1,54,05e7920e8caf0303dc01b77666952b75
12680,2296af5563b2061aa1d88124a37eecb7,6866da5d40f1aad2d82129d5ffa25bda,SO66566,5,WB-H098,1,5,05e7920e8caf0303dc01b77666952b75
12680,aa06fa50828269965eade0f7422d1b9e,2766ca1bca285e813b134ddc2a2efa99,SO47279,4098,BK-M68B-46,2,4098,ff865f6f4949cd6d631d069a4268d9aa
12680,bc761b2b7297029a695fbd6dd0470724,fef3080ec197edd1a04bb18afd31d16d,SO55667,4590,BK-M68B-42,2,4590,9b6872ca1d80024637e967d1066bba0a
12680,bc761b2b7297029a695fbd6dd0470724,fef3080ec197edd1a04bb18afd31d16d,SO55667,105,HL-U509-B,3,105,9b6872ca1d80024637e967d1066bba0a
12680,bc761b2b7297029a695fbd6dd0470724,fef3080ec197edd1a04bb18afd31d16d,SO55667,35,TI-M823,1,35,9b6872ca1d80024637e967d1066bba0a
12680,bc761b2b7297029a695fbd6dd0470724,fef3080ec197edd1a04bb18afd31d16d,SO55667,5,TT-M928,1,5,9b6872ca1d80024637e967d1066bba0a
12681,244cede513841376c37dc856f2f5e7b9,5e1b952a22eccca86f7f056a9efb42a4,SO58407,4640,BK-M68S-38,2,4640,debbb2493c6588799fc787e1854bcda5
12681,244cede513841376c37dc856f2f5e7b9,5e1b952a22eccca86f7f056a9efb42a4,SO58407,22,FE-6654,1,22,debbb2493c6588799fc787e1854bcda5
12681,9adbaac8d97fd446c4d97ce11625bd78,f459baa887e18a3fb6af0118506f75a6,SO47328,4098,BK-M68B-42,2,4098,aa06fa50828269965eade0f7422d1b9e
12681,f88b3743a9ce1f9455b6de69380b486a,64cadfde6f66bc25043d0d69f5ae5471,SO66638,2384,BK-T79U-46,1,2384,3dc63b2d6dcc8f0b6720b06b5439a0b1
12681,f88b3743a9ce1f9455b6de69380b486a,64cadfde6f66bc25043d0d69f5ae5471,SO66638,27,CA-1098,3,27,3dc63b2d6dcc8f0b6720b06b5439a0b1
12682,ad0b7f5ad35732646f1e5f67418d5995,244cede513841376c37dc856f2f5e7b9,SO59275,105,HL-U509-R,3,105,0df76889b3e31ccfd17b50cc73baef03
12682,ad0b7f5ad35732646f1e5f67418d5995,244cede513841376c37dc856f2f5e7b9,SO59275,25,TI-M267,1,25,0df76889b3e31ccfd17b50cc73baef03
12682,ad0b7f5ad35732646f1e5f67418d5995,244cede513841376c37dc856f2f5e7b9,SO59275,5,TT-M928,1,5,0df76889b3e31ccfd17b50cc73baef03
12682,af1457846a79173ef71dd9d5dd69805a,254d832c83ccdb2c33eab65a4fd196ff,SO60330,4,TT-R982,1,4,ce08c22f7777768ce4197eab9727516c
12682,d5985f40495ba672dff8a99620b879c8,a9adf65abbb865184bf924d14a93d0c4,SO71499,159,ST-1401,1,159,8f472ffe3ff3109f420ae91355ff8f3f
12683,058af5b2a408d57b708367e5bf4e9d9c,e82ca4c6beebe812f10fa1041b97a160,SO66828,2384,BK-T79U-46,1,2384,c507827aa5f4f6bbedf64058461c621b
12683,058af5b2a408d57b708367e5bf4e9d9c,e82ca4c6beebe812f10fa1041b97a160,SO66828,29,TI-T723,1,29,c507827aa5f4f6bbedf64058461c621b
12683,d630b2db6e8046e30b4728ca862ba4e1,02ad1a5ca18e58629b8c1d6a6401d071,SO58461,4590,BK-M68B-42,2,4590,07b31bae17c7890b17d79a654aa230cf
12683,d630b2db6e8046e30b4728ca862ba4e1,02ad1a5ca18e58629b8c1d6a6401d071,SO58461,22,FE-6654,1,22,07b31bae17c7890b17d79a654aa230cf
12683,e4eb0466781b24d67b81f508aeab70b7,74b4466b347c60a98e00951770d7b9a2,SO47253,4142,BK-M68S-46,2,4142,93292bf41ccb6542d121825f25cbf70b
12684,244cede513841376c37dc856f2f5e7b9,5e1b952a22eccca86f7f056a9efb42a4,SO58408,10,BC-M005,1,10,debbb2493c6588799fc787e1854bcda5
12684,244cede513841376c37dc856f2f5e7b9,5e1b952a22eccca86f7f056a9efb42a4,SO58408,4640,BK-M68S-46,2,4640,debbb2493c6588799fc787e1854bcda5
12684,244cede513841376c37dc856f2f5e7b9,5e1b952a22eccca86f7f056a9efb42a4,SO58408,22,FE-6654,1,22,debbb2493c6588799fc787e1854bcda5
12684,244cede513841376c37dc856f2f5e7b9,5e1b952a22eccca86f7f056a9efb42a4,SO58408,54,SJ-0194-M,1,54,debbb2493c6588799fc787e1854bcda5
12684,244cede513841376c37dc856f2f5e7b9,5e1b952a22eccca86f7f056a9efb42a4,SO58408,5,WB-H098,1,5,debbb2493c6588799fc787e1854bcda5
12684,74b4466b347c60a98e00951770d7b9a2,6fc36aded95458634a0e8ab8b9ebc24a,SO47143,4098,BK-M68B-46,2,4098,84fa845331bd2bc65a54c460e17483e0
12684,e5114f65ece65e14e7b721dab1e674e0,c7390752782466cfc9a3ed7d3a79e046,SO68736,9,BC-R205,1,9,fe1fd19c021e78ec395980c2e347865e
12684,e5114f65ece65e14e7b721dab1e674e0,c7390752782466cfc9a3ed7d3a79e046,SO68736,2384,BK-T79U-54,1,2384,fe1fd19c021e78ec395980c2e347865e
12684,e5114f65ece65e14e7b721dab1e674e0,c7390752782466cfc9a3ed7d3a79e046,SO68736,105,HL-U509-B,3,105,fe1fd19c021e78ec395980c2e347865e
12684,e5114f65ece65e14e7b721dab1e674e0,c7390752782466cfc9a3ed7d3a79e046,SO68736,5,WB-H098,1,5,fe1fd19c021e78ec395980c2e347865e
12685,368bf74b3769bb91f49d30908786b862,100acb16459de9c5ebfc99be9a36afbe,SO47075,4098,BK-M68B-42,2,4098,7afee94d3e6bff4193546ca658f9d3bf
12685,63efdd3324df66c9965bd622cdebe06a,7acd252f45ad6fe668386456a673d543,SO68086,2384,BK-T79U-46,1,2384,6e32728b966bb91cefefa1316da21ca8
12685,63efdd3324df66c9965bd622cdebe06a,7acd252f45ad6fe668386456a673d543,SO68086,54,SJ-0194-L,1,54,6e32728b966bb91cefefa1316da21ca8
12685,de22d232bbe84481579f6252f1e7091d,cae5717327bee7d74e261c550aa5081f,SO57585,4640,BK-M68S-38,2,4640,ab4946738415af86b5e3cee69b13301f
12685,de22d232bbe84481579f6252f1e7091d,cae5717327bee7d74e261c550aa5081f,SO57585,22,FE-6654,1,22,ab4946738415af86b5e3cee69b13301f
12685,de22d232bbe84481579f6252f1e7091d,cae5717327bee7d74e261c550aa5081f,SO57585,105,HL-U509-R,3,105,ab4946738415af86b5e3cee69b13301f
12685,de22d232bbe84481579f6252f1e7091d,cae5717327bee7d74e261c550aa5081f,SO57585,35,TI-M823,1,35,ab4946738415af86b5e3cee69b13301f
12685,de22d232bbe84481579f6252f1e7091d,cae5717327bee7d74e261c550aa5081f,SO57585,5,TT-M928,1,5,ab4946738415af86b5e3cee69b13301f
12686,478ecc8cdaa127c33884d9f6c72c2cd5,3fbd0407b55d3a3da21388a2ddbf881c,SO58633,4640,BK-M68S-38,2,4640,174acf6ca4e9804d47a59a499422e621
12686,478ecc8cdaa127c33884d9f6c72c2cd5,3fbd0407b55d3a3da21388a2ddbf881c,SO58633,105,HL-U509-R,3,105,174acf6ca4e9804d47a59a499422e621
12686,702a02712215141594ddf8e52b0a651c,cd15e5f80ff20dd345bfaa51400dd0d6,SO67573,2384,BK-T79Y-54,1,2384,caa707f97407c07371136aaf471a91d4
12686,702a02712215141594ddf8e52b0a651c,cd15e5f80ff20dd345bfaa51400dd0d6,SO67573,54,SJ-0194-L,1,54,caa707f97407c07371136aaf471a91d4
12686,e61ec60837c3a7c01e31ad9b2d857e99,ff865f6f4949cd6d631d069a4268d9aa,SO47344,4142,BK-M68S-42,2,4142,fffd2144f47526eeb222541136a47d44
12687,9712d7a71de3e6d17935b90960bdaceb,8b2c1dc879653ef0a877850ef4a01f47,SO47578,4142,BK-M68S-38,2,4142,e03ae3b5ab9ed92e9fc903c440c40118
12687,a976f17830aceaaa93d5daef0bc209a3,d9f7611cf8d29b48a1d3d8fddb8c5b2e,SO57524,4590,BK-M68B-46,2,4590,0e23f371129aecc6b2033620b226f8d7
12687,a976f17830aceaaa93d5daef0bc209a3,d9f7611cf8d29b48a1d3d8fddb8c5b2e,SO57524,55,HY-1023-70,1,55,0e23f371129aecc6b2033620b226f8d7
12687,e5114f65ece65e14e7b721dab1e674e0,c7390752782466cfc9a3ed7d3a79e046,SO68737,2384,BK-T79Y-50,1,2384,fe1fd19c021e78ec395980c2e347865e
12688,0810498037ca8f9a53af3803ab6317c8,ad9d849aa74e54742c555c19900c6f1e,SO47510,4142,BK-M68S-38,2,4142,239346f094c2e076937f49d33eb884e9
12688,16e364d19895243407b256ec272d5394,4004a117f65dfd3221a9cce8fce5a45f,SO67643,2384,BK-T79U-60,1,2384,7acd252f45ad6fe668386456a673d543
12688,16e364d19895243407b256ec272d5394,4004a117f65dfd3221a9cce8fce5a45f,SO67643,105,HL-U509-R,3,105,7acd252f45ad6fe668386456a673d543
12688,ab4946738415af86b5e3cee69b13301f,ed268f8f3837888893f896b7240f1254,SO57295,4640,BK-M68S-38,2,4640,fde67888c64f701b59876ec559099b3e
12688,ab4946738415af86b5e3cee69b13301f,ed268f8f3837888893f896b7240f1254,SO57295,22,FE-6654,1,22,fde67888c64f701b59876ec559099b3e
12688,ab4946738415af86b5e3cee69b13301f,ed268f8f3837888893f896b7240f1254,SO57295,105,HL-U509-R,3,105,fde67888c64f701b59876ec559099b3e
12689,51f131f5e73d6582c708dee703ea6d09,09a92962b3b77384fb4671e2a6803a84,SO47619,4142,BK-M68S-46,2,4142,83fd58ad8dee673cf915b18f70b86416
12689,73b2264d673ee7b5b2e7e165020516ac,4ceff7612cfa4420892fe23b23ca9265,SO57420,10,BC-M005,1,10,8d71482745a6a1be4fbbc5562ade4657
12689,73b2264d673ee7b5b2e7e165020516ac,4ceff7612cfa4420892fe23b23ca9265,SO57420,4590,BK-M68B-46,2,4590,8d71482745a6a1be4fbbc5562ade4657
12689,73b2264d673ee7b5b2e7e165020516ac,4ceff7612cfa4420892fe23b23ca9265,SO57420,22,FE-6654,1,22,8d71482745a6a1be4fbbc5562ade4657
12689,73b2264d673ee7b5b2e7e165020516ac,4ceff7612cfa4420892fe23b23ca9265,SO57420,5,WB-H098,1,5,8d71482745a6a1be4fbbc5562ade4657
12689,de5009f9bf3e9725d2381f4a5e913111,2296af5563b2061aa1d88124a37eecb7,SO67414,2384,BK-T79U-46,1,2384,a1d0c0a14c6c8f8a8ef8220209c23a64
12689,de5009f9bf3e9725d2381f4a5e913111,2296af5563b2061aa1d88124a37eecb7,SO67414,48,GL-H102-S,2,48,a1d0c0a14c6c8f8a8ef8220209c23a64
12689,de5009f9bf3e9725d2381f4a5e913111,2296af5563b2061aa1d88124a37eecb7,SO67414,105,HL-U509-B,3,105,a1d0c0a14c6c8f8a8ef8220209c23a64
12690,40eee601514259a9632d510ca71226cc,8babade0595c11e14dd89058a850f2cd,SO74417,2,PK-7098,1,2,982b3b4109cce5d4e5bf1fcbe0ae259b
12690,40eee601514259a9632d510ca71226cc,8babade0595c11e14dd89058a850f2cd,SO74417,25,TI-M267,1,25,982b3b4109cce5d4e5bf1fcbe0ae259b
12690,40eee601514259a9632d510ca71226cc,8babade0595c11e14dd89058a850f2cd,SO74417,5,TT-M928,1,5,982b3b4109cce5d4e5bf1fcbe0ae259b
12690,838eec1f117f2cab9e9c306f7efbff28,13b7c2277967bc61802018c764b5b2a0,SO74879,159,ST-1401,1,159,9a027fc72b503940a96d5137762a263e
12690,d53f9d33cac0a297449a74a10d031570,e0bcd0ff3072dfe15609d6be1529b0b8,SO61543,2,PK-7098,1,2,4cc27df81afd686c0420394e090460cb
12690,d53f9d33cac0a297449a74a10d031570,e0bcd0ff3072dfe15609d6be1529b0b8,SO61543,4,TT-R982,1,4,4cc27df81afd686c0420394e090460cb
12691,a048b8d5f3f9178f163e2be055f0138b,c83e871e48c2716e0f28e60d166a5c98,SO72965,159,ST-1401,1,159,41ef6b06b63ba4f6a5234245a439b157
12691,ca38f30e56a72f4d0c8d2264322c5862,de5009f9bf3e9725d2381f4a5e913111,SO68156,105,HL-U509-B,3,105,7e15f50bd26e439e6a22f5205a8064db
12691,ca38f30e56a72f4d0c8d2264322c5862,de5009f9bf3e9725d2381f4a5e913111,SO68156,4,TT-R982,1,4,7e15f50bd26e439e6a22f5205a8064db
12691,cae5717327bee7d74e261c550aa5081f,18025e6a8791d350428f65c0783ebd99,SO56696,48,GL-H102-S,2,48,ed268f8f3837888893f896b7240f1254
12691,cae5717327bee7d74e261c550aa5081f,18025e6a8791d350428f65c0783ebd99,SO56696,25,TI-M267,1,25,ed268f8f3837888893f896b7240f1254
12692,254d832c83ccdb2c33eab65a4fd196ff,75fe8d7dec9d2a51be64595ab37dc674,SO59498,2,PK-7098,1,2,4a800301260b2639fa1ec3efafb5f86c
12692,254d832c83ccdb2c33eab65a4fd196ff,75fe8d7dec9d2a51be64595ab37dc674,SO59498,4,TT-R982,1,4,4a800301260b2639fa1ec3efafb5f86c
12692,6583882ca853d66524856501b27519f5,1ba7e8cdf85da6cf5e11554703236b52,SO74310,159,ST-1401,1,159,d27974ca95fd620ac92cf95bf8c1d1f2
12692,ca38f30e56a72f4d0c8d2264322c5862,de5009f9bf3e9725d2381f4a5e913111,SO68153,120,RA-H123,1,120,7e15f50bd26e439e6a22f5205a8064db
12692,ca38f30e56a72f4d0c8d2264322c5862,de5009f9bf3e9725d2381f4a5e913111,SO68153,25,TI-M267,1,25,7e15f50bd26e439e6a22f5205a8064db
12692,ca38f30e56a72f4d0c8d2264322c5862,de5009f9bf3e9725d2381f4a5e913111,SO68153,5,TT-M928,1,5,7e15f50bd26e439e6a22f5205a8064db
12693,5206c46d068e66a8c5511d764ec58206,79c5eb49b683e206aa6d5b40f84c60eb,SO47476,4142,BK-M68S-38,2,4142,9adbaac8d97fd446c4d97ce11625bd78
12693,70951886788165a5e2439adfce4d0cce,ca38f30e56a72f4d0c8d2264322c5862,SO69024,2384,BK-T79Y-50,1,2384,c885741a5e3e55c84950327011b70289
12693,70951886788165a5e2439adfce4d0cce,ca38f30e56a72f4d0c8d2264322c5862,SO69024,105,HL-U509-R,3,105,c885741a5e3e55c84950327011b70289
12693,d630b2db6e8046e30b4728ca862ba4e1,02ad1a5ca18e58629b8c1d6a6401d071,SO58462,4590,BK-M68B-46,2,4590,07b31bae17c7890b17d79a654aa230cf
12693,d630b2db6e8046e30b4728ca862ba4e1,02ad1a5ca18e58629b8c1d6a6401d071,SO58462,35,TI-M823,1,35,07b31bae17c7890b17d79a654aa230cf
12694,63efdd3324df66c9965bd622cdebe06a,7acd252f45ad6fe668386456a673d543,SO68087,2384,BK-T79Y-54,1,2384,6e32728b966bb91cefefa1316da21ca8
12694,e03ae3b5ab9ed92e9fc903c440c40118,80f25c69c14ab1aa6fbbadcbd5eaeded,SO47544,4098,BK-M68B-38,2,4098,0fdc213a5f9c4a355f1240ee1160acdb
12694,eba6cab7267f82e3b2a063d5ea445bb9,73b2264d673ee7b5b2e7e165020516ac,SO58066,4590,BK-M68B-42,2,4590,02ad1a5ca18e58629b8c1d6a6401d071
12694,eba6cab7267f82e3b2a063d5ea445bb9,73b2264d673ee7b5b2e7e165020516ac,SO58066,22,FE-6654,1,22,02ad1a5ca18e58629b8c1d6a6401d071
12694,eba6cab7267f82e3b2a063d5ea445bb9,73b2264d673ee7b5b2e7e165020516ac,SO58066,105,HL-U509-B,3,105,02ad1a5ca18e58629b8c1d6a6401d071
12695,02ad1a5ca18e58629b8c1d6a6401d071,8d71482745a6a1be4fbbc5562ade4657,SO57754,159,ST-1401,1,159,a976f17830aceaaa93d5daef0bc209a3
12695,702a02712215141594ddf8e52b0a651c,cd15e5f80ff20dd345bfaa51400dd0d6,SO67490,4,TT-R982,1,4,caa707f97407c07371136aaf471a91d4
12695,8eb7a1b0dba9fdd5f4248b9cb6b9119b,9f1ff00ea8fd9fd8f2d421ba5ec45a18,SO68199,25,TI-M267,1,25,c7390752782466cfc9a3ed7d3a79e046
12695,8eb7a1b0dba9fdd5f4248b9cb6b9119b,9f1ff00ea8fd9fd8f2d421ba5ec45a18,SO68199,5,TT-M928,1,5,c7390752782466cfc9a3ed7d3a79e046
12696,0e000451f430d2e5b745a08b4ee7836c,9795c57676ee8b8b6ba9a6f9014a520b,SO74336,25,TI-M267,1,25,e4b40b4ba619c72ec5a69caad258d393
12696,9a027fc72b503940a96d5137762a263e,0e000451f430d2e5b745a08b4ee7836c,SO74724,105,HL-U509-R,3,105,54d3ba66c5e71d3112695b882ca2030e
12696,9a027fc72b503940a96d5137762a263e,0e000451f430d2e5b745a08b4ee7836c,SO74724,9,SO-R809-M,1,9,54d3ba66c5e71d3112695b882ca2030e
12696,9a027fc72b503940a96d5137762a263e,0e000451f430d2e5b745a08b4ee7836c,SO74724,4,TT-R982,1,4,54d3ba66c5e71d3112695b882ca2030e
12696,ef5bad66aa19ccfb82cacb73584b83ea,0e23f371129aecc6b2033620b226f8d7,SO57854,159,ST-1401,1,159,485ae69515bc4c60ef546ff289741f60
12697,3a2f313512bb520c43971e54ba834dec,a1fedb8f5f2e08543339a5f167bee6b7,SO65888,54,SJ-0194-S,1,54,e2f0a420a4c1a9e8e292761f835e0489
12697,3a2f313512bb520c43971e54ba834dec,a1fedb8f5f2e08543339a5f167bee6b7,SO65888,159,ST-1401,1,159,e2f0a420a4c1a9e8e292761f835e0489
12697,8fa3bab223bec6501ad71f96bb1067b6,b95a9f47dd73bb9b799a31ae04ee7da1,SO70823,105,HL-U509-R,3,105,1556bafff387fc8f2f6fef64c1daa6bc
12697,8fa3bab223bec6501ad71f96bb1067b6,b95a9f47dd73bb9b799a31ae04ee7da1,SO70823,9,SO-R809-M,1,9,1556bafff387fc8f2f6fef64c1daa6bc
12697,8fa3bab223bec6501ad71f96bb1067b6,b95a9f47dd73bb9b799a31ae04ee7da1,SO70823,25,TI-M267,1,25,1556bafff387fc8f2f6fef64c1daa6bc
12697,962bae2fb03296a3b9cacabfa929322c,0da2bc000f1fe4ea8746f9aea0bb5879,SO69093,8,CL-9009,1,8,c4369eefdf9bb8a3f9115e96b40aaf17
12697,962bae2fb03296a3b9cacabfa929322c,0da2bc000f1fe4ea8746f9aea0bb5879,SO69093,2,PK-7098,1,2,c4369eefdf9bb8a3f9115e96b40aaf17
12697,962bae2fb03296a3b9cacabfa929322c,0da2bc000f1fe4ea8746f9aea0bb5879,SO69093,4,TT-R982,1,4,c4369eefdf9bb8a3f9115e96b40aaf17
12698,4b07ddfa8857087c363c1402c6fbcaa1,85a7e482ebe05716e5f3929bdbe4147c,SO47553,4142,BK-M68S-42,2,4142,0810498037ca8f9a53af3803ab6317c8
12698,de5009f9bf3e9725d2381f4a5e913111,2296af5563b2061aa1d88124a37eecb7,SO67415,2384,BK-T79U-46,1,2384,a1d0c0a14c6c8f8a8ef8220209c23a64
12698,de5009f9bf3e9725d2381f4a5e913111,2296af5563b2061aa1d88124a37eecb7,SO67415,2,PK-7098,1,2,a1d0c0a14c6c8f8a8ef8220209c23a64
12698,de5009f9bf3e9725d2381f4a5e913111,2296af5563b2061aa1d88124a37eecb7,SO67415,29,TI-T723,1,29,a1d0c0a14c6c8f8a8ef8220209c23a64
12698,de5009f9bf3e9725d2381f4a5e913111,2296af5563b2061aa1d88124a37eecb7,SO67415,5,TT-T092,1,5,a1d0c0a14c6c8f8a8ef8220209c23a64
12698,df595e3c678d4fae23ce174fe747165e,07b31bae17c7890b17d79a654aa230cf,SO58889,4590,BK-M68B-42,2,4590,75fe8d7dec9d2a51be64595ab37dc674
12699,4dbf892d41ae205f6e36838031cff786,de22d232bbe84481579f6252f1e7091d,SO58242,10,BC-M005,1,10,3fbd0407b55d3a3da21388a2ddbf881c
12699,4dbf892d41ae205f6e36838031cff786,de22d232bbe84481579f6252f1e7091d,SO58242,4590,BK-M68B-42,2,4590,3fbd0407b55d3a3da21388a2ddbf881c
12699,4dbf892d41ae205f6e36838031cff786,de22d232bbe84481579f6252f1e7091d,SO58242,55,HY-1023-70,1,55,3fbd0407b55d3a3da21388a2ddbf881c
12699,4dbf892d41ae205f6e36838031cff786,de22d232bbe84481579f6252f1e7091d,SO58242,5,WB-H098,1,5,3fbd0407b55d3a3da21388a2ddbf881c
12699,c4369eefdf9bb8a3f9115e96b40aaf17,b34050290c25b0f7b52a2b8f767df87d,SO68810,2384,BK-T79U-46,1,2384,c135545cc3f3a739132ffdbc8096f3d4
12699,ddf2a5b996051378e5e44109810f04c5,5206c46d068e66a8c5511d764ec58206,SO47559,4098,BK-M68B-46,2,4098,abc0c3928eca59906d9e88433e5105be
12700,3fe686907939d07097f6c87f08025422,8eb7a1b0dba9fdd5f4248b9cb6b9119b,SO69089,2384,BK-T79Y-60,1,2384,e5114f65ece65e14e7b721dab1e674e0
12700,3fe686907939d07097f6c87f08025422,8eb7a1b0dba9fdd5f4248b9cb6b9119b,SO69089,105,HL-U509-B,3,105,e5114f65ece65e14e7b721dab1e674e0
12700,4360a17b804bbfc81824d06174bd61a1,6d4d5745fb8f7f5dbaff1d157cfd66e0,SO47951,4142,BK-M68S-46,2,4142,4dbaf4bdbce8284f0eb9870406ab7f04
12700,debbb2493c6588799fc787e1854bcda5,40883861f6e25a2e09e848a7891f4f38,SO58116,10,BC-M005,1,10,0814775cfc25da756a9b4197347ab771
12700,debbb2493c6588799fc787e1854bcda5,40883861f6e25a2e09e848a7891f4f38,SO58116,4640,BK-M68S-38,2,4640,0814775cfc25da756a9b4197347ab771
12700,debbb2493c6588799fc787e1854bcda5,40883861f6e25a2e09e848a7891f4f38,SO58116,105,HL-U509-B,3,105,0814775cfc25da756a9b4197347ab771
12700,debbb2493c6588799fc787e1854bcda5,40883861f6e25a2e09e848a7891f4f38,SO58116,5,WB-H098,1,5,0814775cfc25da756a9b4197347ab771
12701,1b9e9a1c42d997d68923258c60ed20d5,97a385eedf715bd7450079b92de22ba2,SO47865,4142,BK-M68S-38,2,4142,0901723b6b14e1720aa78a72eedad5f3
12701,4dbf892d41ae205f6e36838031cff786,de22d232bbe84481579f6252f1e7091d,SO58244,4640,BK-M68S-38,2,4640,3fbd0407b55d3a3da21388a2ddbf881c
12701,4dbf892d41ae205f6e36838031cff786,de22d232bbe84481579f6252f1e7091d,SO58244,35,TI-M823,1,35,3fbd0407b55d3a3da21388a2ddbf881c
12701,9f1ff00ea8fd9fd8f2d421ba5ec45a18,f88b3743a9ce1f9455b6de69380b486a,SO67481,9,BC-R205,1,9,0001ffe4d82d0d8f9fec5ab0b4faa2db
12701,9f1ff00ea8fd9fd8f2d421ba5ec45a18,f88b3743a9ce1f9455b6de69380b486a,SO67481,2384,BK-T79U-46,1,2384,0001ffe4d82d0d8f9fec5ab0b4faa2db
12701,9f1ff00ea8fd9fd8f2d421ba5ec45a18,f88b3743a9ce1f9455b6de69380b486a,SO67481,105,HL-U509-R,3,105,0001ffe4d82d0d8f9fec5ab0b4faa2db
12701,9f1ff00ea8fd9fd8f2d421ba5ec45a18,f88b3743a9ce1f9455b6de69380b486a,SO67481,9,SO-R809-M,1,9,0001ffe4d82d0d8f9fec5ab0b4faa2db
12701,9f1ff00ea8fd9fd8f2d421ba5ec45a18,f88b3743a9ce1f9455b6de69380b486a,SO67481,5,WB-H098,1,5,0001ffe4d82d0d8f9fec5ab0b4faa2db
12702,244cede513841376c37dc856f2f5e7b9,5e1b952a22eccca86f7f056a9efb42a4,SO58404,10,BC-M005,1,10,debbb2493c6588799fc787e1854bcda5
12702,244cede513841376c37dc856f2f5e7b9,5e1b952a22eccca86f7f056a9efb42a4,SO58404,4640,BK-M68S-42,2,4640,debbb2493c6588799fc787e1854bcda5
12702,244cede513841376c37dc856f2f5e7b9,5e1b952a22eccca86f7f056a9efb42a4,SO58404,54,SJ-0194-L,1,54,debbb2493c6588799fc787e1854bcda5
12702,244cede513841376c37dc856f2f5e7b9,5e1b952a22eccca86f7f056a9efb42a4,SO58404,5,WB-H098,1,5,debbb2493c6588799fc787e1854bcda5
12702,c7390752782466cfc9a3ed7d3a79e046,0001ffe4d82d0d8f9fec5ab0b4faa2db,SO67964,2384,BK-T79U-46,1,2384,16e364d19895243407b256ec272d5394
12702,c7390752782466cfc9a3ed7d3a79e046,0001ffe4d82d0d8f9fec5ab0b4faa2db,SO67964,55,HY-1023-70,1,55,16e364d19895243407b256ec272d5394
12702,c7390752782466cfc9a3ed7d3a79e046,0001ffe4d82d0d8f9fec5ab0b4faa2db,SO67964,29,TI-T723,1,29,16e364d19895243407b256ec272d5394
12702,c7390752782466cfc9a3ed7d3a79e046,0001ffe4d82d0d8f9fec5ab0b4faa2db,SO67964,5,TT-T092,1,5,16e364d19895243407b256ec272d5394
12702,f1f6939ed2d920fdfc3de31d6a3d32ac,b9e08b025ef074f1404952480e6fa92a,SO47878,4098,BK-M68B-38,2,4098,5215922a2b5965ae6b1b4f89ed711e40
12703,36ab6f1df21f3c9a169c8942e981959a,058af5b2a408d57b708367e5bf4e9d9c,SO67696,2384,BK-T79U-54,1,2384,8e8847c1bdf012037ee13bb62da8a5c1
12703,36ab6f1df21f3c9a169c8942e981959a,058af5b2a408d57b708367e5bf4e9d9c,SO67696,27,CA-1098,3,27,8e8847c1bdf012037ee13bb62da8a5c1
12703,c595f6cc53ad9db801808994a1189b6c,51f131f5e73d6582c708dee703ea6d09,SO47769,4098,BK-M68B-42,2,4098,de0ec1db92da84eb75354f77c92b4831
12703,eba6cab7267f82e3b2a063d5ea445bb9,73b2264d673ee7b5b2e7e165020516ac,SO58064,4640,BK-M68S-38,2,4640,02ad1a5ca18e58629b8c1d6a6401d071
12703,eba6cab7267f82e3b2a063d5ea445bb9,73b2264d673ee7b5b2e7e165020516ac,SO58064,105,HL-U509-R,3,105,02ad1a5ca18e58629b8c1d6a6401d071
12703,eba6cab7267f82e3b2a063d5ea445bb9,73b2264d673ee7b5b2e7e165020516ac,SO58064,54,SJ-0194-X,1,54,02ad1a5ca18e58629b8c1d6a6401d071
12703,eba6cab7267f82e3b2a063d5ea445bb9,73b2264d673ee7b5b2e7e165020516ac,SO58064,35,TI-M823,1,35,02ad1a5ca18e58629b8c1d6a6401d071
12703,eba6cab7267f82e3b2a063d5ea445bb9,73b2264d673ee7b5b2e7e165020516ac,SO58064,5,TT-M928,1,5,02ad1a5ca18e58629b8c1d6a6401d071
12704,0da2bc000f1fe4ea8746f9aea0bb5879,702a02712215141594ddf8e52b0a651c,SO68276,159,ST-1401,1,159,b34050290c25b0f7b52a2b8f767df87d
12704,511572e8a25e86c2f48ae9e6d73a1e6a,8e8847c1bdf012037ee13bb62da8a5c1,SO68092,25,TI-M267,1,25,691ad1b0dca3643b923973defd014d47
12704,511572e8a25e86c2f48ae9e6d73a1e6a,8e8847c1bdf012037ee13bb62da8a5c1,SO68092,5,TT-M928,1,5,691ad1b0dca3643b923973defd014d47
12704,99b7e934795a93975a5e0c0b9b57d9ba,870bd4f3713260418e4f342f31dc7e33,SO63828,48,GL-H102-M,2,48,7a8e187aeb003f6e34c02a4d5b9b153e
12704,99b7e934795a93975a5e0c0b9b57d9ba,870bd4f3713260418e4f342f31dc7e33,SO63828,4,TT-R982,1,4,7a8e187aeb003f6e34c02a4d5b9b153e
12705,c885741a5e3e55c84950327011b70289,7e15f50bd26e439e6a22f5205a8064db,SO68679,2384,BK-T79Y-60,1,2384,0da2bc000f1fe4ea8746f9aea0bb5879
12705,c885741a5e3e55c84950327011b70289,7e15f50bd26e439e6a22f5205a8064db,SO68679,105,HL-U509-R,3,105,0da2bc000f1fe4ea8746f9aea0bb5879
12705,c885741a5e3e55c84950327011b70289,7e15f50bd26e439e6a22f5205a8064db,SO68679,9,SO-R809-M,1,9,0da2bc000f1fe4ea8746f9aea0bb5879
12705,de0ec1db92da84eb75354f77c92b4831,83fd58ad8dee673cf915b18f70b86416,SO47736,4098,BK-M68B-38,2,4098,34fbf2f6480a253f5b18c3295860e4ca
12705,eba6cab7267f82e3b2a063d5ea445bb9,73b2264d673ee7b5b2e7e165020516ac,SO58065,4640,BK-M68S-38,2,4640,02ad1a5ca18e58629b8c1d6a6401d071
12705,eba6cab7267f82e3b2a063d5ea445bb9,73b2264d673ee7b5b2e7e165020516ac,SO58065,22,FE-6654,1,22,02ad1a5ca18e58629b8c1d6a6401d071
12705,eba6cab7267f82e3b2a063d5ea445bb9,73b2264d673ee7b5b2e7e165020516ac,SO58065,105,HL-U509-B,3,105,02ad1a5ca18e58629b8c1d6a6401d071
12706,0814775cfc25da756a9b4197347ab771,d76e0ba1fa041675ae9af958c5b41ae4,SO57833,10,BC-M005,1,10,de22d232bbe84481579f6252f1e7091d
12706,0814775cfc25da756a9b4197347ab771,d76e0ba1fa041675ae9af958c5b41ae4,SO57833,4590,BK-M68B-38,2,4590,de22d232bbe84481579f6252f1e7091d
12706,0814775cfc25da756a9b4197347ab771,d76e0ba1fa041675ae9af958c5b41ae4,SO57833,22,FE-6654,1,22,de22d232bbe84481579f6252f1e7091d
12706,0814775cfc25da756a9b4197347ab771,d76e0ba1fa041675ae9af958c5b41ae4,SO57833,5,WB-H098,1,5,de22d232bbe84481579f6252f1e7091d
12706,0901723b6b14e1720aa78a72eedad5f3,d10ad4e7451df9f235212ada0987c259,SO47829,4142,BK-M68S-38,2,4142,42c8d51c48328d79f09bd1db2203a02d
12706,c885741a5e3e55c84950327011b70289,7e15f50bd26e439e6a22f5205a8064db,SO68680,9,BC-R205,1,9,0da2bc000f1fe4ea8746f9aea0bb5879
12706,c885741a5e3e55c84950327011b70289,7e15f50bd26e439e6a22f5205a8064db,SO68680,2384,BK-T79Y-46,1,2384,0da2bc000f1fe4ea8746f9aea0bb5879
12706,c885741a5e3e55c84950327011b70289,7e15f50bd26e439e6a22f5205a8064db,SO68680,150,LJ-0192-L,3,150,0da2bc000f1fe4ea8746f9aea0bb5879
12706,c885741a5e3e55c84950327011b70289,7e15f50bd26e439e6a22f5205a8064db,SO68680,5,WB-H098,1,5,0da2bc000f1fe4ea8746f9aea0bb5879
12707,0e3f5655bf7de733060720a9c9e92669,f5f4a24c43cdbbee05aff7941a939ee5,SO46567,3578,BK-R93R-52,1,3578,4de859c864889d3c068280a6c1c3328c
12707,a2c49941411089cb2a9cbf78cb803c26,73a69a5c77a7d23172e54d7ce07a638e,SO56177,10,BC-M005,1,10,39fe373cdcb4534addde73890415b660
12707,a2c49941411089cb2a9cbf78cb803c26,73a69a5c77a7d23172e54d7ce07a638e,SO56177,4640,BK-M68S-46,2,4640,39fe373cdcb4534addde73890415b660
12707,a2c49941411089cb2a9cbf78cb803c26,73a69a5c77a7d23172e54d7ce07a638e,SO56177,105,HL-U509,3,105,39fe373cdcb4534addde73890415b660
12707,a2c49941411089cb2a9cbf78cb803c26,73a69a5c77a7d23172e54d7ce07a638e,SO56177,5,WB-H098,1,5,39fe373cdcb4534addde73890415b660
12708,8728a5e296f39e49d2fa74c31820e99f,66e56e10b0f528b66a45e307ecdf4774,SO69566,9,BC-R205,1,9,3fe686907939d07097f6c87f08025422
12708,9f79f7706bc6a7654ef0b8977966f69a,e2f7ff887646789ea003d03bc2025325,SO52145,105,HL-U509-R,3,105,361e2c62255e0c1887ac2139911ca300
12708,9f79f7706bc6a7654ef0b8977966f69a,e2f7ff887646789ea003d03bc2025325,SO52145,35,TI-M823,1,35,361e2c62255e0c1887ac2139911ca300
12708,9f79f7706bc6a7654ef0b8977966f69a,e2f7ff887646789ea003d03bc2025325,SO52145,5,TT-M928,1,5,361e2c62255e0c1887ac2139911ca300
12709,cae5717327bee7d74e261c550aa5081f,18025e6a8791d350428f65c0783ebd99,SO56743,4640,BK-M68S-46,2,4640,ed268f8f3837888893f896b7240f1254
12709,cae5717327bee7d74e261c550aa5081f,18025e6a8791d350428f65c0783ebd99,SO56743,105,HL-U509-B,3,105,ed268f8f3837888893f896b7240f1254
12709,eb89b77c8ab43407829a31ec1c84f649,33bb097d269ab64d47a26edc82a3fbb4,SO46451,3578,BK-R93R-62,1,3578,7fe55f4f2e51708bd160778e5ef08685
12710,106dfbaf552c07a1b08d065f2c343982,3f20f21c57e09a6c071e44d1fe74b58a,SO54574,4640,BK-M68S-46,2,4640,dba3e44e23a1d2c2f299811e94db7fce
12710,106dfbaf552c07a1b08d065f2c343982,3f20f21c57e09a6c071e44d1fe74b58a,SO54574,105,HL-U509-B,3,105,dba3e44e23a1d2c2f299811e94db7fce
12710,b210069485754303767745919c328b97,305c66634c155cab2b5cc3ce00351eb1,SO62867,2384,BK-T79Y-50,1,2384,5efefff01843f5aa3f7d8a4d44b4bf2e
12710,b210069485754303767745919c328b97,305c66634c155cab2b5cc3ce00351eb1,SO62867,105,HL-U509-B,3,105,5efefff01843f5aa3f7d8a4d44b4bf2e
12711,790ee96c1472965375882b30fc089300,a3e65268044e3e2a027f7c5bd50d1a88,SO45990,3578,BK-R93R-56,1,3578,37a5117199a38b7e31d389445dab0cef
12711,f544b472453b297a8b55709fbfd3746d,70951886788165a5e2439adfce4d0cce,SO70033,4590,BK-M68B-42,2,4590,331afa0aff1b1cfbf3d24944ab38c9d2
12711,f544b472453b297a8b55709fbfd3746d,70951886788165a5e2439adfce4d0cce,SO70033,105,HL-U509-B,3,105,331afa0aff1b1cfbf3d24944ab38c9d2
12711,f544b472453b297a8b55709fbfd3746d,70951886788165a5e2439adfce4d0cce,SO70033,55,HY-1023-70,1,55,331afa0aff1b1cfbf3d24944ab38c9d2
12712,0001ffe4d82d0d8f9fec5ab0b4faa2db,3dc63b2d6dcc8f0b6720b06b5439a0b1,SO67024,4640,BK-M68S-38,2,4640,4004a117f65dfd3221a9cce8fce5a45f
12712,0001ffe4d82d0d8f9fec5ab0b4faa2db,3dc63b2d6dcc8f0b6720b06b5439a0b1,SO67024,22,FE-6654,1,22,4004a117f65dfd3221a9cce8fce5a45f
12712,0001ffe4d82d0d8f9fec5ab0b4faa2db,3dc63b2d6dcc8f0b6720b06b5439a0b1,SO67024,150,LJ-0192-S,3,150,4004a117f65dfd3221a9cce8fce5a45f
12712,95ddec41f799217977c3384c83bfb0ca,f6a3074075f513ac39071601eaf0195a,SO50022,4098,BK-M68B-38,2,4098,4652a559216121874754c7ecfe692e94
12713,104cef6597ea499d4b3c31db81c466f6,5aec9d44b0ac5d0db100a243378111b3,SO50033,4142,BK-M68S-46,2,4142,968e9a4bab3af2e071a27db638e363e6
12713,962bae2fb03296a3b9cacabfa929322c,0da2bc000f1fe4ea8746f9aea0bb5879,SO69099,10,BC-M005,1,10,c4369eefdf9bb8a3f9115e96b40aaf17
12713,962bae2fb03296a3b9cacabfa929322c,0da2bc000f1fe4ea8746f9aea0bb5879,SO69099,4640,BK-M68S-42,2,4640,c4369eefdf9bb8a3f9115e96b40aaf17
12713,962bae2fb03296a3b9cacabfa929322c,0da2bc000f1fe4ea8746f9aea0bb5879,SO69099,105,HL-U509-R,3,105,c4369eefdf9bb8a3f9115e96b40aaf17
12713,962bae2fb03296a3b9cacabfa929322c,0da2bc000f1fe4ea8746f9aea0bb5879,SO69099,5,WB-H098,1,5,c4369eefdf9bb8a3f9115e96b40aaf17
12714,95103530881768b5cfc7e33970db9cd7,2ed3972e38245b633ec6b146c2970148,SO62439,10,BC-M005,1,10,305c66634c155cab2b5cc3ce00351eb1
12714,95103530881768b5cfc7e33970db9cd7,2ed3972e38245b633ec6b146c2970148,SO62439,105,HL-U509,3,105,305c66634c155cab2b5cc3ce00351eb1
12714,95103530881768b5cfc7e33970db9cd7,2ed3972e38245b633ec6b146c2970148,SO62439,5,WB-H098,1,5,305c66634c155cab2b5cc3ce00351eb1
12715,7a8e187aeb003f6e34c02a4d5b9b153e,2fe1a028f9398deb2efcd536c8246fae,SO63500,2,PK-7098,1,2,ba19c22033aaecc6c5dad47f63e5858c
12715,81a5d08c6beaeec9e42baae5d63dd780,95103530881768b5cfc7e33970db9cd7,SO63297,2,PK-7098,1,2,b210069485754303767745919c328b97
12715,81a5d08c6beaeec9e42baae5d63dd780,95103530881768b5cfc7e33970db9cd7,SO63297,5,TT-M928,1,5,b210069485754303767745919c328b97
12715,dba3e44e23a1d2c2f299811e94db7fce,51c449e55b4a63a16fb45beb689150d5,SO54257,105,HL-U509-R,3,105,226d694fb4b7f71d62444f9528be8704
12715,dba3e44e23a1d2c2f299811e94db7fce,51c449e55b4a63a16fb45beb689150d5,SO54257,25,TI-M267,1,25,226d694fb4b7f71d62444f9528be8704
12715,dba3e44e23a1d2c2f299811e94db7fce,51c449e55b4a63a16fb45beb689150d5,SO54257,5,TT-M928,1,5,226d694fb4b7f71d62444f9528be8704
12716,072bf847aeeee970f66483e596496cd9,cfceb7490eff6e660974507be7c579c6,SO52655,10,BC-M005,1,10,dca79d69a6b38e95c4b03bfab997796c
12716,072bf847aeeee970f66483e596496cd9,cfceb7490eff6e660974507be7c579c6,SO52655,64,VE-C304-L,1,64,dca79d69a6b38e95c4b03bfab997796c
12716,072bf847aeeee970f66483e596496cd9,cfceb7490eff6e660974507be7c579c6,SO52655,5,WB-H098,1,5,dca79d69a6b38e95c4b03bfab997796c
12717,4539d5ac3ea4fd1548956fea790162f5,68ffff9a6ccdd4edb0a94daa1483c356,SO45961,3578,BK-R93R-48,1,3578,17aa93a3dd7f6454bc0d81beb182a5e6
12717,86bfb8ffc7a79e52d833cedce4d275bf,962bae2fb03296a3b9cacabfa929322c,SO70172,10,BC-M005,1,10,ec24e4cf9fcc90f3bbe81b2fb3735c21
12717,86bfb8ffc7a79e52d833cedce4d275bf,962bae2fb03296a3b9cacabfa929322c,SO70172,4590,BK-M68B-46,2,4590,ec24e4cf9fcc90f3bbe81b2fb3735c21
12718,17520f5649fab40fb66771362888cb90,1faee5670542865e021595151379fe5c,SO70636,10,BC-M005,1,10,3f72b837978dcd042b73e7270f11a4ca
12718,17520f5649fab40fb66771362888cb90,1faee5670542865e021595151379fe5c,SO70636,105,HL-U509,3,105,3f72b837978dcd042b73e7270f11a4ca
12718,17520f5649fab40fb66771362888cb90,1faee5670542865e021595151379fe5c,SO70636,54,SJ-0194-M,1,54,3f72b837978dcd042b73e7270f11a4ca
12718,17520f5649fab40fb66771362888cb90,1faee5670542865e021595151379fe5c,SO70636,5,WB-H098,1,5,3f72b837978dcd042b73e7270f11a4ca
12719,9913e55755fcc4267a06c1e6adbbc7fb,4a70a3ec50fd16032883bf6fc79c55dd,SO61899,10,BC-M005,1,10,d53f9d33cac0a297449a74a10d031570
12719,9913e55755fcc4267a06c1e6adbbc7fb,4a70a3ec50fd16032883bf6fc79c55dd,SO61899,5,WB-H098,1,5,d53f9d33cac0a297449a74a10d031570
12720,ce08c22f7777768ce4197eab9727516c,4a800301260b2639fa1ec3efafb5f86c,SO60016,10,BC-M005,1,10,5072507e949a2c25948a591c4da194e1
12720,ce08c22f7777768ce4197eab9727516c,4a800301260b2639fa1ec3efafb5f86c,SO60016,105,HL-U509-B,3,105,5072507e949a2c25948a591c4da194e1
12720,ce08c22f7777768ce4197eab9727516c,4a800301260b2639fa1ec3efafb5f86c,SO60016,5,WB-H098,1,5,5072507e949a2c25948a591c4da194e1
12721,40883861f6e25a2e09e848a7891f4f38,eba5233d2dd8ea5031e646882335ece0,SO57461,10,BC-M005,1,10,d76e0ba1fa041675ae9af958c5b41ae4
12721,40883861f6e25a2e09e848a7891f4f38,eba5233d2dd8ea5031e646882335ece0,SO57461,5,WB-H098,1,5,d76e0ba1fa041675ae9af958c5b41ae4
12722,1678083e7ff90bd404baad3f60bffa37,7b0730955172ecda497d7cca6b1d87a1,SO55787,10,BC-M005,1,10,73a69a5c77a7d23172e54d7ce07a638e
12722,1678083e7ff90bd404baad3f60bffa37,7b0730955172ecda497d7cca6b1d87a1,SO55787,48,GL-H102-L,2,48,73a69a5c77a7d23172e54d7ce07a638e
12722,1678083e7ff90bd404baad3f60bffa37,7b0730955172ecda497d7cca6b1d87a1,SO55787,5,WB-H098,1,5,73a69a5c77a7d23172e54d7ce07a638e
12723,6d44506d59926d8d13d35f75d97f2a64,deff8ad81a213d1110c1f409a7f40fcd,SO53433,10,BC-M005,1,10,f476906875bc5d9abe836b4ea1f485c1
12723,6d44506d59926d8d13d35f75d97f2a64,deff8ad81a213d1110c1f409a7f40fcd,SO53433,54,SJ-0194-M,1,54,f476906875bc5d9abe836b4ea1f485c1
12723,6d44506d59926d8d13d35f75d97f2a64,deff8ad81a213d1110c1f409a7f40fcd,SO53433,5,WB-H098,1,5,f476906875bc5d9abe836b4ea1f485c1
12724,72e75576254db1afef14ecdc050391c2,20b851db79828c985958154243411278,SO52102,10,BC-M005,1,10,0b80ce5eab877cae9997209e0bee6e60
12724,72e75576254db1afef14ecdc050391c2,20b851db79828c985958154243411278,SO52102,5,WB-H098,1,5,0b80ce5eab877cae9997209e0bee6e60
12725,232e830f1ac667c081eaaca23cdf9b5f,4b5c3229e0725ef8d303f494db9faec8,SO64494,2,PK-7098,1,2,abe94c2111c58e9c9672602d41bce66e
12725,232e830f1ac667c081eaaca23cdf9b5f,4b5c3229e0725ef8d303f494db9faec8,SO64494,120,RA-H123,1,120,abe94c2111c58e9c9672602d41bce66e
12725,232e830f1ac667c081eaaca23cdf9b5f,4b5c3229e0725ef8d303f494db9faec8,SO64494,5,TT-T092,1,5,abe94c2111c58e9c9672602d41bce66e
12726,7a8e187aeb003f6e34c02a4d5b9b153e,2fe1a028f9398deb2efcd536c8246fae,SO63528,27,CA-1098,3,27,ba19c22033aaecc6c5dad47f63e5858c
12726,7a8e187aeb003f6e34c02a4d5b9b153e,2fe1a028f9398deb2efcd536c8246fae,SO63528,105,HL-U509-R,3,105,ba19c22033aaecc6c5dad47f63e5858c
12726,7a8e187aeb003f6e34c02a4d5b9b153e,2fe1a028f9398deb2efcd536c8246fae,SO63528,150,LJ-0192-M,3,150,ba19c22033aaecc6c5dad47f63e5858c
12726,7a8e187aeb003f6e34c02a4d5b9b153e,2fe1a028f9398deb2efcd536c8246fae,SO63528,5,TT-T092,1,5,ba19c22033aaecc6c5dad47f63e5858c
12727,6477c205c5117a9448ba863e111acf32,c926349b55a58d87d7d5008c349fd1e9,SO60872,10,BC-M005,1,10,013f173c58073e845f675d26fdde1918
12727,6477c205c5117a9448ba863e111acf32,c926349b55a58d87d7d5008c349fd1e9,SO60872,5,WB-H098,1,5,013f173c58073e845f675d26fdde1918
12728,a9cefc49af6424b430612adfc69876ee,d34ba8f5d7fd7d5959a34c283fbec422,SO55852,55,HY-1023-70,1,55,59c3d64cb01cd5ad7fd25246d81a55ff
12728,a9cefc49af6424b430612adfc69876ee,d34ba8f5d7fd7d5959a34c283fbec422,SO55852,5,TT-T092,1,5,59c3d64cb01cd5ad7fd25246d81a55ff
12729,4b5c3229e0725ef8d303f494db9faec8,f46ace11e93788e473124f7be16a19d5,SO63722,2,PK-7098,1,2,0149f124a48640c62d90840ac5760331
12729,4b5c3229e0725ef8d303f494db9faec8,f46ace11e93788e473124f7be16a19d5,SO63722,29,TI-T723,1,29,0149f124a48640c62d90840ac5760331
12729,4b5c3229e0725ef8d303f494db9faec8,f46ace11e93788e473124f7be16a19d5,SO63722,5,TT-T092,1,5,0149f124a48640c62d90840ac5760331
12729,df595e3c678d4fae23ce174fe747165e,07b31bae17c7890b17d79a654aa230cf,SO58881,27,CA-1098,3,27,75fe8d7dec9d2a51be64595ab37dc674
12730,1ba7e8cdf85da6cf5e11554703236b52,9592b44e2c3f304a9875f45537bec6eb,SO73685,27,CA-1098,3,27,4c6ed4daa82e7326b84c24f4c2ae7064
12730,7299e51cfc0d5174743a6701a8a96488,56d78836c9cf0de136c4d2d37aba2280,SO64764,9,BC-R205,1,9,58f0b42da53adeeccbfa693883fea672
12730,7299e51cfc0d5174743a6701a8a96488,56d78836c9cf0de136c4d2d37aba2280,SO64764,8,CL-9009,1,8,58f0b42da53adeeccbfa693883fea672
12730,7299e51cfc0d5174743a6701a8a96488,56d78836c9cf0de136c4d2d37aba2280,SO64764,29,TI-T723,1,29,58f0b42da53adeeccbfa693883fea672
12730,7299e51cfc0d5174743a6701a8a96488,56d78836c9cf0de136c4d2d37aba2280,SO64764,5,TT-T092,1,5,58f0b42da53adeeccbfa693883fea672
12730,7299e51cfc0d5174743a6701a8a96488,56d78836c9cf0de136c4d2d37aba2280,SO64764,5,WB-H098,1,5,58f0b42da53adeeccbfa693883fea672
12731,c507827aa5f4f6bbedf64058461c621b,6d1d8a1c7851eb5a946d45009cea6d9f,SO66469,55,HY-1023-70,1,55,dfcee565bb2da80a7b76451a5cd314a1
12731,c507827aa5f4f6bbedf64058461c621b,6d1d8a1c7851eb5a946d45009cea6d9f,SO66469,5,TT-T092,1,5,dfcee565bb2da80a7b76451a5cd314a1
12732,7299e51cfc0d5174743a6701a8a96488,56d78836c9cf0de136c4d2d37aba2280,SO64759,10,BC-M005,1,10,58f0b42da53adeeccbfa693883fea672
12732,7299e51cfc0d5174743a6701a8a96488,56d78836c9cf0de136c4d2d37aba2280,SO64759,5,WB-H098,1,5,58f0b42da53adeeccbfa693883fea672
12733,629ffff971d10f275a79a70fae527fbc,d6ab5a0eee939524352092b964d92b84,SO56002,29,TI-T723,1,29,3c1811b546060d91957cc446aabc4a3c
12733,629ffff971d10f275a79a70fae527fbc,d6ab5a0eee939524352092b964d92b84,SO56002,5,TT-T092,1,5,3c1811b546060d91957cc446aabc4a3c
12733,64cadfde6f66bc25043d0d69f5ae5471,18f358e551b5b85912bc952ab9894c0d,SO65848,27,CA-1098,3,27,8d1d4829b2e801ba4e41ba48f5a549d4
12734,b322422d9a721bbdefa133133dd407c1,07b7d2aed13a63a16377587dcc0abbe8,SO66852,10,BC-M005,1,10,2296af5563b2061aa1d88124a37eecb7
12734,b322422d9a721bbdefa133133dd407c1,07b7d2aed13a63a16377587dcc0abbe8,SO66852,105,HL-U509,3,105,2296af5563b2061aa1d88124a37eecb7
12734,b322422d9a721bbdefa133133dd407c1,07b7d2aed13a63a16377587dcc0abbe8,SO66852,5,WB-H098,1,5,2296af5563b2061aa1d88124a37eecb7
12735,456c7730e983cabeb11db57ec0801795,1bc9f4b5f1c56b7e2d5b17c27dad280f,SO49996,4098,BK-M68B-46,2,4098,d9cd5832ac6226b16d8669df784e8c52
12735,691ad1b0dca3643b923973defd014d47,6dd75c28a9a8a39e02bc0a175f82a9f3,SO67777,4640,BK-M68S-46,2,4640,9f1ff00ea8fd9fd8f2d421ba5ec45a18
12735,691ad1b0dca3643b923973defd014d47,6dd75c28a9a8a39e02bc0a175f82a9f3,SO67777,105,HL-U509-R,3,105,9f1ff00ea8fd9fd8f2d421ba5ec45a18
12736,456c7730e983cabeb11db57ec0801795,1bc9f4b5f1c56b7e2d5b17c27dad280f,SO49997,4142,BK-M68S-46,2,4142,d9cd5832ac6226b16d8669df784e8c52
12736,7e15f50bd26e439e6a22f5205a8064db,a1d0c0a14c6c8f8a8ef8220209c23a64,SO67848,10,BC-M005,1,10,702a02712215141594ddf8e52b0a651c
12736,7e15f50bd26e439e6a22f5205a8064db,a1d0c0a14c6c8f8a8ef8220209c23a64,SO67848,4640,BK-M68S-42,2,4640,702a02712215141594ddf8e52b0a651c
12736,7e15f50bd26e439e6a22f5205a8064db,a1d0c0a14c6c8f8a8ef8220209c23a64,SO67848,54,SJ-0194-M,1,54,702a02712215141594ddf8e52b0a651c
12736,7e15f50bd26e439e6a22f5205a8064db,a1d0c0a14c6c8f8a8ef8220209c23a64,SO67848,5,WB-H098,1,5,702a02712215141594ddf8e52b0a651c
12737,a9cefc49af6424b430612adfc69876ee,d34ba8f5d7fd7d5959a34c283fbec422,SO55848,10,BC-M005,1,10,59c3d64cb01cd5ad7fd25246d81a55ff
12737,a9cefc49af6424b430612adfc69876ee,d34ba8f5d7fd7d5959a34c283fbec422,SO55848,105,HL-U509-B,3,105,59c3d64cb01cd5ad7fd25246d81a55ff
12738,5abaefcc8525a8f4cfd95cba9e926532,fde67888c64f701b59876ec559099b3e,SO57684,540,BK-R19B-44,1,540,73b2264d673ee7b5b2e7e165020516ac
12738,76e3c19dbb0dadc4c6dc771d856e4676,ad4fbe0c82c7e5968d4cf22c2ad19e28,SO53291,10,BC-M005,1,10,15699e35c72c4036c71409f3f3d69528
12738,76e3c19dbb0dadc4c6dc771d856e4676,ad4fbe0c82c7e5968d4cf22c2ad19e28,SO53291,4590,BK-M68B-46,2,4590,15699e35c72c4036c71409f3f3d69528
12738,76e3c19dbb0dadc4c6dc771d856e4676,ad4fbe0c82c7e5968d4cf22c2ad19e28,SO53291,22,FE-6654,1,22,15699e35c72c4036c71409f3f3d69528
12738,76e3c19dbb0dadc4c6dc771d856e4676,ad4fbe0c82c7e5968d4cf22c2ad19e28,SO53291,105,HL-U509,3,105,15699e35c72c4036c71409f3f3d69528
12738,76e3c19dbb0dadc4c6dc771d856e4676,ad4fbe0c82c7e5968d4cf22c2ad19e28,SO53291,5,WB-H098,1,5,15699e35c72c4036c71409f3f3d69528
12738,95ddec41f799217977c3384c83bfb0ca,f6a3074075f513ac39071601eaf0195a,SO50020,4098,BK-M68B-46,2,4098,4652a559216121874754c7ecfe692e94
12739,4a70a3ec50fd16032883bf6fc79c55dd,4804ee33768b143d9706052696f7dfbd,SO61062,35,TI-M823,1,35,e0bcd0ff3072dfe15609d6be1529b0b8
12740,3e107cd1554225ea3056ed5010adce90,aa14ddbc43aa2d3be1e6ac019bb7b5bc,SO73835,10,BC-M005,1,10,43e2cc7ff261723f93f64f3f7e9faa8d
12740,3e107cd1554225ea3056ed5010adce90,aa14ddbc43aa2d3be1e6ac019bb7b5bc,SO73835,105,HL-U509-B,3,105,43e2cc7ff261723f93f64f3f7e9faa8d
12740,a1e59736d286765313b8212467dc64b2,43e2cc7ff261723f93f64f3f7e9faa8d,SO74244,105,HL-U509,3,105,ca5b8307fa5f2189fb98330a9d65927c
12740,a1e59736d286765313b8212467dc64b2,43e2cc7ff261723f93f64f3f7e9faa8d,SO74244,29,TI-T723,1,29,ca5b8307fa5f2189fb98330a9d65927c
12740,a1e59736d286765313b8212467dc64b2,43e2cc7ff261723f93f64f3f7e9faa8d,SO74244,5,TT-T092,1,5,ca5b8307fa5f2189fb98330a9d65927c
12741,629ffff971d10f275a79a70fae527fbc,d6ab5a0eee939524352092b964d92b84,SO56004,105,HL-U509,3,105,3c1811b546060d91957cc446aabc4a3c
12741,629ffff971d10f275a79a70fae527fbc,d6ab5a0eee939524352092b964d92b84,SO56004,5,TT-T092,1,5,3c1811b546060d91957cc446aabc4a3c
12742,5072507e949a2c25948a591c4da194e1,a189cc17a15cdb4e39e80dfcd8374c76,SO59705,9,BC-R205,1,9,ad0b7f5ad35732646f1e5f67418d5995
12742,5072507e949a2c25948a591c4da194e1,a189cc17a15cdb4e39e80dfcd8374c76,SO59705,540,BK-R19B-48,1,540,ad0b7f5ad35732646f1e5f67418d5995
12742,5072507e949a2c25948a591c4da194e1,a189cc17a15cdb4e39e80dfcd8374c76,SO59705,8,CL-9009,1,8,ad0b7f5ad35732646f1e5f67418d5995
12742,5072507e949a2c25948a591c4da194e1,a189cc17a15cdb4e39e80dfcd8374c76,SO59705,120,RA-H123,1,120,ad0b7f5ad35732646f1e5f67418d5995
12742,5072507e949a2c25948a591c4da194e1,a189cc17a15cdb4e39e80dfcd8374c76,SO59705,5,WB-H098,1,5,ad0b7f5ad35732646f1e5f67418d5995
12742,9f79f7706bc6a7654ef0b8977966f69a,e2f7ff887646789ea003d03bc2025325,SO52110,4640,BK-M68S-38,2,4640,361e2c62255e0c1887ac2139911ca300
12742,9f79f7706bc6a7654ef0b8977966f69a,e2f7ff887646789ea003d03bc2025325,SO52110,105,HL-U509-R,3,105,361e2c62255e0c1887ac2139911ca300
12742,9f79f7706bc6a7654ef0b8977966f69a,e2f7ff887646789ea003d03bc2025325,SO52110,35,TI-M823,1,35,361e2c62255e0c1887ac2139911ca300
12742,9f79f7706bc6a7654ef0b8977966f69a,e2f7ff887646789ea003d03bc2025325,SO52110,5,TT-M928,1,5,361e2c62255e0c1887ac2139911ca300
12742,f5d822432c5ffbc58e8bd3ffc7607c1b,2d3821c62d6665c47296272022e338e1,SO50601,4142,BK-M68S-42,2,4142,9af1e473046ebbc43d1ad2aa50b49777
12743,66e56e10b0f528b66a45e307ecdf4774,691ad1b0dca3643b923973defd014d47,SO68579,105,HL-U509,3,105,8eb7a1b0dba9fdd5f4248b9cb6b9119b
12743,66e56e10b0f528b66a45e307ecdf4774,691ad1b0dca3643b923973defd014d47,SO68579,35,TI-M823,1,35,8eb7a1b0dba9fdd5f4248b9cb6b9119b
12744,02b96ab6e0935145589be4e1408a1675,58f0b42da53adeeccbfa693883fea672,SO65359,22,FE-6654,1,22,b68fd63ca41d49bfc1b18251202c053f
12744,02b96ab6e0935145589be4e1408a1675,58f0b42da53adeeccbfa693883fea672,SO65359,150,LJ-0192-X,3,150,b68fd63ca41d49bfc1b18251202c053f
12745,3e107cd1554225ea3056ed5010adce90,aa14ddbc43aa2d3be1e6ac019bb7b5bc,SO73844,742,BK-T18Y-62,1,742,43e2cc7ff261723f93f64f3f7e9faa8d
12745,3e107cd1554225ea3056ed5010adce90,aa14ddbc43aa2d3be1e6ac019bb7b5bc,SO73844,27,CA-1098,3,27,43e2cc7ff261723f93f64f3f7e9faa8d
12745,4a70a3ec50fd16032883bf6fc79c55dd,4804ee33768b143d9706052696f7dfbd,SO61038,4640,BK-M68S-46,2,4640,e0bcd0ff3072dfe15609d6be1529b0b8
12745,4a70a3ec50fd16032883bf6fc79c55dd,4804ee33768b143d9706052696f7dfbd,SO61038,22,FE-6654,1,22,e0bcd0ff3072dfe15609d6be1529b0b8
12745,4a70a3ec50fd16032883bf6fc79c55dd,4804ee33768b143d9706052696f7dfbd,SO61038,105,HL-U509,3,105,e0bcd0ff3072dfe15609d6be1529b0b8
12745,ce0250e4c407a28df088d59c0b77cc37,79f46ce61b754fc6c2eeda754a6354bc,SO50049,4142,BK-M68S-42,2,4142,456c7730e983cabeb11db57ec0801795
12746,16918840d98f27ce45948fe73dd5592f,04dbdf67bb8714ba18c9c36d50d1f5dc,SO62734,10,BC-M005,1,10,95103530881768b5cfc7e33970db9cd7
12746,16918840d98f27ce45948fe73dd5592f,04dbdf67bb8714ba18c9c36d50d1f5dc,SO62734,54,SJ-0194-M,1,54,95103530881768b5cfc7e33970db9cd7
12746,16918840d98f27ce45948fe73dd5592f,04dbdf67bb8714ba18c9c36d50d1f5dc,SO62734,5,WB-H098,1,5,95103530881768b5cfc7e33970db9cd7
12746,331afa0aff1b1cfbf3d24944ab38c9d2,c885741a5e3e55c84950327011b70289,SO69698,2,PK-7098,1,2,962bae2fb03296a3b9cacabfa929322c
12746,331afa0aff1b1cfbf3d24944ab38c9d2,c885741a5e3e55c84950327011b70289,SO69698,29,TI-T723,1,29,962bae2fb03296a3b9cacabfa929322c
12746,331afa0aff1b1cfbf3d24944ab38c9d2,c885741a5e3e55c84950327011b70289,SO69698,5,TT-T092,1,5,962bae2fb03296a3b9cacabfa929322c
12747,511572e8a25e86c2f48ae9e6d73a1e6a,8e8847c1bdf012037ee13bb62da8a5c1,SO68097,10,BC-M005,1,10,691ad1b0dca3643b923973defd014d47
12747,511572e8a25e86c2f48ae9e6d73a1e6a,8e8847c1bdf012037ee13bb62da8a5c1,SO68097,4640,BK-M68S-46,2,4640,691ad1b0dca3643b923973defd014d47
12747,511572e8a25e86c2f48ae9e6d73a1e6a,8e8847c1bdf012037ee13bb62da8a5c1,SO68097,5,WB-H098,1,5,691ad1b0dca3643b923973defd014d47
12747,7dc1c03103798a474aa763047623df54,7b6fb99e007535aabcd19741210af47d,SO50650,4098,BK-M68B-38,2,4098,35a6fa1efa2ccca1297564c53a3633af
12748,7130adfd843cdcb6d0bcd9d13792693a,d1024973c3d10f08cb9fa1736e6ed8b7,SO63090,10,BC-M005,1,10,f46ace11e93788e473124f7be16a19d5
12748,7130adfd843cdcb6d0bcd9d13792693a,d1024973c3d10f08cb9fa1736e6ed8b7,SO63090,105,HL-U509-R,3,105,f46ace11e93788e473124f7be16a19d5
12748,7130adfd843cdcb6d0bcd9d13792693a,d1024973c3d10f08cb9fa1736e6ed8b7,SO63090,5,WB-H098,1,5,f46ace11e93788e473124f7be16a19d5
12749,b95a9f47dd73bb9b799a31ae04ee7da1,175a5d217fad85df9f6639d7ced1e5d9,SO69955,4590,BK-M68B-46,2,4590,8728a5e296f39e49d2fa74c31820e99f
12749,b95a9f47dd73bb9b799a31ae04ee7da1,175a5d217fad85df9f6639d7ced1e5d9,SO69955,2,PK-7098,1,2,8728a5e296f39e49d2fa74c31820e99f
12749,b95a9f47dd73bb9b799a31ae04ee7da1,175a5d217fad85df9f6639d7ced1e5d9,SO69955,35,TI-M823,1,35,8728a5e296f39e49d2fa74c31820e99f
12749,b95a9f47dd73bb9b799a31ae04ee7da1,175a5d217fad85df9f6639d7ced1e5d9,SO69955,5,TT-M928,1,5,8728a5e296f39e49d2fa74c31820e99f
12749,e18c2b136f61489c334cb708a5c6d75f,aae455c4d64d3ffe63d05cfe29e8fcdd,SO46005,3578,BK-R93R-48,1,3578,02bc737163cde26453ad278829f046f2
12750,7233744a010a9a2e1f7a7eb4772ddfa5,0e0438a8bdbea53929bd664be8421837,SO45878,3578,BK-R93R-62,1,3578,d5bc8f6048b5d9c5610a083b3df65c9e
12750,d8a4ea0dc4237ee8690ee37b3902fd0e,0c8ff735cb2b05718573c08173335fd4,SO55146,10,BC-M005,1,10,fef3080ec197edd1a04bb18afd31d16d
12750,d8a4ea0dc4237ee8690ee37b3902fd0e,0c8ff735cb2b05718573c08173335fd4,SO55146,4590,BK-M68B-42,2,4590,fef3080ec197edd1a04bb18afd31d16d
12750,d8a4ea0dc4237ee8690ee37b3902fd0e,0c8ff735cb2b05718573c08173335fd4,SO55146,5,WB-H098,1,5,fef3080ec197edd1a04bb18afd31d16d
12750,fff3c307c93eda1eb91d53ca588846fe,4584ca349e0920f4436a3c2f36158b85,SO69387,540,BK-R19B-48,1,540,70951886788165a5e2439adfce4d0cce
12750,fff3c307c93eda1eb91d53ca588846fe,4584ca349e0920f4436a3c2f36158b85,SO69387,64,VE-C304-M,1,64,70951886788165a5e2439adfce4d0cce
12751,86e0fc464cbb08ae74bd039224afec9a,38c9e5d1e366b4c5c36aae682bc960c4,SO72676,27,CA-1098,3,27,8920fd63645007b243abb750709b1172
12751,86e0fc464cbb08ae74bd039224afec9a,38c9e5d1e366b4c5c36aae682bc960c4,SO72676,105,HL-U509-R,3,105,8920fd63645007b243abb750709b1172
12751,86e0fc464cbb08ae74bd039224afec9a,38c9e5d1e366b4c5c36aae682bc960c4,SO72676,35,TI-M823,1,35,8920fd63645007b243abb750709b1172
12751,86e0fc464cbb08ae74bd039224afec9a,38c9e5d1e366b4c5c36aae682bc960c4,SO72676,5,TT-M928,1,5,8920fd63645007b243abb750709b1172
12752,2296af5563b2061aa1d88124a37eecb7,6866da5d40f1aad2d82129d5ffa25bda,SO66533,2,PK-7098,1,2,05e7920e8caf0303dc01b77666952b75
12752,2296af5563b2061aa1d88124a37eecb7,6866da5d40f1aad2d82129d5ffa25bda,SO66533,30,TI-M602,1,30,05e7920e8caf0303dc01b77666952b75
12752,94c60e0b5e2b0f78b919a5d4c67d70a2,0d15ba5aa4c9ad0377b26e0cf7a86280,SO62199,150,LJ-0192-X,3,150,9913e55755fcc4267a06c1e6adbbc7fb
12752,94c60e0b5e2b0f78b919a5d4c67d70a2,0d15ba5aa4c9ad0377b26e0cf7a86280,SO62199,70,SH-W890-L,1,70,9913e55755fcc4267a06c1e6adbbc7fb
12752,f8025d3776b5f7522a6120cb4e9e0783,2d6e054ac82934d489c58cc8399a1628,SO61626,4,TT-R982,1,4,d945ec2aae74dbfb829453026b91c235
12753,1685ca8ff12ea83725a1c35e1d89c5cd,15699e35c72c4036c71409f3f3d69528,SO53847,2,PK-7098,1,2,6d44506d59926d8d13d35f75d97f2a64
12753,1685ca8ff12ea83725a1c35e1d89c5cd,15699e35c72c4036c71409f3f3d69528,SO53847,30,TI-M602,1,30,6d44506d59926d8d13d35f75d97f2a64
12753,1685ca8ff12ea83725a1c35e1d89c5cd,15699e35c72c4036c71409f3f3d69528,SO53847,5,TT-M928,1,5,6d44506d59926d8d13d35f75d97f2a64
12753,39ff8ac1e8a44088f96e17b846ec8baf,9a95fdf4e925d9cbd65f87b5aa4ac212,SO60404,70,SH-W890-S,1,70,c926349b55a58d87d7d5008c349fd1e9
12753,39ff8ac1e8a44088f96e17b846ec8baf,9a95fdf4e925d9cbd65f87b5aa4ac212,SO60404,64,VE-C304-M,1,64,c926349b55a58d87d7d5008c349fd1e9
12754,36ab6f1df21f3c9a169c8942e981959a,058af5b2a408d57b708367e5bf4e9d9c,SO67694,9,BC-R205,1,9,8e8847c1bdf012037ee13bb62da8a5c1
12754,36ab6f1df21f3c9a169c8942e981959a,058af5b2a408d57b708367e5bf4e9d9c,SO67694,540,BK-R19B-48,1,540,8e8847c1bdf012037ee13bb62da8a5c1
12754,36ab6f1df21f3c9a169c8942e981959a,058af5b2a408d57b708367e5bf4e9d9c,SO67694,54,SJ-0194-S,1,54,8e8847c1bdf012037ee13bb62da8a5c1
12754,36ab6f1df21f3c9a169c8942e981959a,058af5b2a408d57b708367e5bf4e9d9c,SO67694,5,WB-H098,1,5,8e8847c1bdf012037ee13bb62da8a5c1
12754,ac15b60491fe99190c0248790e690757,ab2e81a99745ffff6c06e2be93290d1b,SO54770,4590,BK-M68B-42,2,4590,0c8ff735cb2b05718573c08173335fd4
12754,ac15b60491fe99190c0248790e690757,ab2e81a99745ffff6c06e2be93290d1b,SO54770,22,FE-6654,1,22,0c8ff735cb2b05718573c08173335fd4
12754,e1c989a8683174b4fd778fa463ff0253,7920863768d90ab95edffbd84cfca3e6,SO45859,3578,BK-R93R-56,1,3578,ee0fcf6f6c7f398dea5b39f50af66f66
12755,3231874380fe0ddd5531449efe325585,901d3c97008878679a99b7d12df8ecda,SO46485,3578,BK-R93R-52,1,3578,eb89b77c8ab43407829a31ec1c84f649
12755,7a8e187aeb003f6e34c02a4d5b9b153e,2fe1a028f9398deb2efcd536c8246fae,SO63533,10,BC-M005,1,10,ba19c22033aaecc6c5dad47f63e5858c
12755,7a8e187aeb003f6e34c02a4d5b9b153e,2fe1a028f9398deb2efcd536c8246fae,SO63533,4640,BK-M68S-38,2,4640,ba19c22033aaecc6c5dad47f63e5858c
12755,7a8e187aeb003f6e34c02a4d5b9b153e,2fe1a028f9398deb2efcd536c8246fae,SO63533,22,FE-6654,1,22,ba19c22033aaecc6c5dad47f63e5858c
12755,7a8e187aeb003f6e34c02a4d5b9b153e,2fe1a028f9398deb2efcd536c8246fae,SO63533,64,VE-C304-M,1,64,ba19c22033aaecc6c5dad47f63e5858c
12755,7a8e187aeb003f6e34c02a4d5b9b153e,2fe1a028f9398deb2efcd536c8246fae,SO63533,5,WB-H098,1,5,ba19c22033aaecc6c5dad47f63e5858c
12756,4de859c864889d3c068280a6c1c3328c,7c3142db91e31857b37800499bf69b43,SO46523,3578,BK-R93R-52,1,3578,3231874380fe0ddd5531449efe325585
12756,8c9ec1be720ee75d56d0c250d10610fa,16918840d98f27ce45948fe73dd5592f,SO63669,4590,BK-M68B-42,2,4590,81a5d08c6beaeec9e42baae5d63dd780
12756,8c9ec1be720ee75d56d0c250d10610fa,16918840d98f27ce45948fe73dd5592f,SO63669,105,HL-U509-B,3,105,81a5d08c6beaeec9e42baae5d63dd780
12757,3519c8eb4095dbc69d80eb61856d3435,6e5c4b769f8f70f9fd01b24ba5be9695,SO55591,22,FE-6654,1,22,d6ab5a0eee939524352092b964d92b84
12757,3519c8eb4095dbc69d80eb61856d3435,6e5c4b769f8f70f9fd01b24ba5be9695,SO55591,105,HL-U509-B,3,105,d6ab5a0eee939524352092b964d92b84
12757,3519c8eb4095dbc69d80eb61856d3435,6e5c4b769f8f70f9fd01b24ba5be9695,SO55591,150,LJ-0192-L,3,150,d6ab5a0eee939524352092b964d92b84
12758,a189cc17a15cdb4e39e80dfcd8374c76,b0b2c17e5682f78d8fc262463fd0a4f3,SO58677,105,HL-U509-B,3,105,244cede513841376c37dc856f2f5e7b9
12758,a189cc17a15cdb4e39e80dfcd8374c76,b0b2c17e5682f78d8fc262463fd0a4f3,SO58677,35,TI-M823,1,35,244cede513841376c37dc856f2f5e7b9
12758,a189cc17a15cdb4e39e80dfcd8374c76,b0b2c17e5682f78d8fc262463fd0a4f3,SO58677,5,TT-M928,1,5,244cede513841376c37dc856f2f5e7b9
12759,eef21e68ecca703bb338920b950f203c,f108e0cd2f96a0c22086f9d45ee08f19,SO60923,22,FE-6654,1,22,b21e833d3ead6056f1265f13fe1ff015
12760,244cede513841376c37dc856f2f5e7b9,5e1b952a22eccca86f7f056a9efb42a4,SO58371,10,BC-M005,1,10,debbb2493c6588799fc787e1854bcda5
12760,244cede513841376c37dc856f2f5e7b9,5e1b952a22eccca86f7f056a9efb42a4,SO58371,30,TI-M602,1,30,debbb2493c6588799fc787e1854bcda5
12760,244cede513841376c37dc856f2f5e7b9,5e1b952a22eccca86f7f056a9efb42a4,SO58371,5,TT-M928,1,5,debbb2493c6588799fc787e1854bcda5
12760,244cede513841376c37dc856f2f5e7b9,5e1b952a22eccca86f7f056a9efb42a4,SO58371,5,WB-H098,1,5,debbb2493c6588799fc787e1854bcda5
12760,412998e77ee121227580e3d363f75fa2,df595e3c678d4fae23ce174fe747165e,SO59868,10,BC-M005,1,10,254d832c83ccdb2c33eab65a4fd196ff
12760,412998e77ee121227580e3d363f75fa2,df595e3c678d4fae23ce174fe747165e,SO59868,22,FE-6654,1,22,254d832c83ccdb2c33eab65a4fd196ff
12760,412998e77ee121227580e3d363f75fa2,df595e3c678d4fae23ce174fe747165e,SO59868,35,TI-M823,1,35,254d832c83ccdb2c33eab65a4fd196ff
12760,640540d73b85c3ecd2e3bf5541686e87,eba6cab7267f82e3b2a063d5ea445bb9,SO58733,150,LJ-0192-X,3,150,d630b2db6e8046e30b4728ca862ba4e1
12760,640540d73b85c3ecd2e3bf5541686e87,eba6cab7267f82e3b2a063d5ea445bb9,SO58733,70,SH-W890-L,1,70,d630b2db6e8046e30b4728ca862ba4e1
12760,6e5c4b769f8f70f9fd01b24ba5be9695,40e7dd73b09eac540e790daf6fac41af,SO54837,2,PK-7098,1,2,106dfbaf552c07a1b08d065f2c343982
12760,6e5c4b769f8f70f9fd01b24ba5be9695,40e7dd73b09eac540e790daf6fac41af,SO54837,29,TI-T723,1,29,106dfbaf552c07a1b08d065f2c343982
12760,6e5c4b769f8f70f9fd01b24ba5be9695,40e7dd73b09eac540e790daf6fac41af,SO54837,5,TT-T092,1,5,106dfbaf552c07a1b08d065f2c343982
12761,0e3f5655bf7de733060720a9c9e92669,f5f4a24c43cdbbee05aff7941a939ee5,SO46568,3578,BK-R93R-48,1,3578,4de859c864889d3c068280a6c1c3328c
12761,f75e5f8c15ca91ec5c869dc3881f574f,3a23b248b732af434a45fce0302aa11f,SO63928,4640,BK-M68S-46,2,4640,03bf7d2a8718ee9aca4bd2f37e962fc4
12761,f75e5f8c15ca91ec5c869dc3881f574f,3a23b248b732af434a45fce0302aa11f,SO63928,22,FE-6654,1,22,03bf7d2a8718ee9aca4bd2f37e962fc4
12761,f75e5f8c15ca91ec5c869dc3881f574f,3a23b248b732af434a45fce0302aa11f,SO63928,9,SO-R809-L,1,9,03bf7d2a8718ee9aca4bd2f37e962fc4
12762,2f6f8a5ec1c6c4b60d2ceb4eb5ad9c78,5fe94fb0f4dba39b9df91e97622d2ec2,SO46559,3578,BK-R93R-62,1,3578,c79548466fdad0728a9aa092fbad03a7
12762,d7f57f35d2bad1349ca24a67a2635eea,5432d51ee94799c0125bb158c8a8bd22,SO74070,4640,BK-M68S-46,2,4640,1ba7e8cdf85da6cf5e11554703236b52
12762,d7f57f35d2bad1349ca24a67a2635eea,5432d51ee94799c0125bb158c8a8bd22,SO74070,35,TI-M823,1,35,1ba7e8cdf85da6cf5e11554703236b52
12763,3ebfce6ccd7540a632ae7e6ad8100c29,d630b2db6e8046e30b4728ca862ba4e1,SO59377,10,BC-M005,1,10,df595e3c678d4fae23ce174fe747165e
12763,3ebfce6ccd7540a632ae7e6ad8100c29,d630b2db6e8046e30b4728ca862ba4e1,SO59377,540,BK-M18B-40,1,540,df595e3c678d4fae23ce174fe747165e
12763,3ebfce6ccd7540a632ae7e6ad8100c29,d630b2db6e8046e30b4728ca862ba4e1,SO59377,105,HL-U509-R,3,105,df595e3c678d4fae23ce174fe747165e
12763,3ebfce6ccd7540a632ae7e6ad8100c29,d630b2db6e8046e30b4728ca862ba4e1,SO59377,5,WB-H098,1,5,df595e3c678d4fae23ce174fe747165e
12764,23e53557c4c2300cb2511c53082467bb,d0f6d44eeb1872b3e00d9f219db7d91c,SO46503,3578,BK-R93R-62,1,3578,f5f4a24c43cdbbee05aff7941a939ee5
12764,bc761b2b7297029a695fbd6dd0470724,fef3080ec197edd1a04bb18afd31d16d,SO55660,769,BK-M38S-40,1,769,9b6872ca1d80024637e967d1066bba0a
12765,4310d0d92131e34ff2716d85e1953174,90c6314650a0d54fdcabe5cd5406f9af,SO54640,1701,BK-R79Y-40,1,1701,d3c54b4368c62c2ff11535bf2b677170
12765,4310d0d92131e34ff2716d85e1953174,90c6314650a0d54fdcabe5cd5406f9af,SO54640,150,LJ-0192-S,3,150,d3c54b4368c62c2ff11535bf2b677170
12766,254d832c83ccdb2c33eab65a4fd196ff,75fe8d7dec9d2a51be64595ab37dc674,SO59543,769,BK-M38S-42,1,769,4a800301260b2639fa1ec3efafb5f86c
12766,254d832c83ccdb2c33eab65a4fd196ff,75fe8d7dec9d2a51be64595ab37dc674,SO59543,105,HL-U509-R,3,105,4a800301260b2639fa1ec3efafb5f86c
12766,254d832c83ccdb2c33eab65a4fd196ff,75fe8d7dec9d2a51be64595ab37dc674,SO59543,30,TI-M602,1,30,4a800301260b2639fa1ec3efafb5f86c
12766,254d832c83ccdb2c33eab65a4fd196ff,75fe8d7dec9d2a51be64595ab37dc674,SO59543,5,TT-M928,1,5,4a800301260b2639fa1ec3efafb5f86c
12766,b0d346be9fa7508e21d5c500b97e6b7a,e0ff70a5e22e7449dab732c95d815720,SO46544,3578,BK-R93R-44,1,3578,23e53557c4c2300cb2511c53082467bb
12767,3f0c8308e4e2e5c4ddc1b7e19304f613,61e00b038efd34bdf9c747596273cbcf,SO64831,35,TI-M823,1,35,232e830f1ac667c081eaaca23cdf9b5f
12768,d1024973c3d10f08cb9fa1736e6ed8b7,f8025d3776b5f7522a6120cb4e9e0783,SO62378,769,BK-M38S-42,1,769,5c741aa8e0753be65314a304e7b39c14
12768,d1024973c3d10f08cb9fa1736e6ed8b7,f8025d3776b5f7522a6120cb4e9e0783,SO62378,70,SH-W890-S,1,70,5c741aa8e0753be65314a304e7b39c14
12768,d1024973c3d10f08cb9fa1736e6ed8b7,f8025d3776b5f7522a6120cb4e9e0783,SO62378,9,SO-R809-M,1,9,5c741aa8e0753be65314a304e7b39c14
12768,d37ddfbd511aeb9a1d163babcb308cf0,f2a989663bc8d65aa827c90de8522a12,SO46479,3578,BK-R93R-62,1,3578,0a2fc1bbcd813bb0c58bfba89e3844f8
12769,0e3f5655bf7de733060720a9c9e92669,f5f4a24c43cdbbee05aff7941a939ee5,SO46565,3578,BK-R93R-44,1,3578,4de859c864889d3c068280a6c1c3328c
12769,f75e5f8c15ca91ec5c869dc3881f574f,3a23b248b732af434a45fce0302aa11f,SO63924,4590,BK-M68B-42,2,4590,03bf7d2a8718ee9aca4bd2f37e962fc4
12769,f75e5f8c15ca91ec5c869dc3881f574f,3a23b248b732af434a45fce0302aa11f,SO63924,105,HL-U509-R,3,105,03bf7d2a8718ee9aca4bd2f37e962fc4
12769,f75e5f8c15ca91ec5c869dc3881f574f,3a23b248b732af434a45fce0302aa11f,SO63924,35,TI-M823,1,35,03bf7d2a8718ee9aca4bd2f37e962fc4
12769,f75e5f8c15ca91ec5c869dc3881f574f,3a23b248b732af434a45fce0302aa11f,SO63924,5,TT-M928,1,5,03bf7d2a8718ee9aca4bd2f37e962fc4
12770,4de859c864889d3c068280a6c1c3328c,7c3142db91e31857b37800499bf69b43,SO46521,3578,BK-R93R-62,1,3578,3231874380fe0ddd5531449efe325585
12770,58f0b42da53adeeccbfa693883fea672,8c9ec1be720ee75d56d0c250d10610fa,SO64428,4640,BK-M68S-46,2,4640,d4746e41b619da57ee9f1a2e2cc254e8
12770,58f0b42da53adeeccbfa693883fea672,8c9ec1be720ee75d56d0c250d10610fa,SO64428,8,CL-9009,1,8,d4746e41b619da57ee9f1a2e2cc254e8
12770,58f0b42da53adeeccbfa693883fea672,8c9ec1be720ee75d56d0c250d10610fa,SO64428,2,PK-7098,1,2,d4746e41b619da57ee9f1a2e2cc254e8
12770,58f0b42da53adeeccbfa693883fea672,8c9ec1be720ee75d56d0c250d10610fa,SO64428,35,TI-M823,1,35,d4746e41b619da57ee9f1a2e2cc254e8
12771,23bd9a9b90557e9da7babfb8e3d2df22,b210069485754303767745919c328b97,SO63792,10,BC-M005,1,10,a946e75bc65318721cd1e01162d392dd
12771,23bd9a9b90557e9da7babfb8e3d2df22,b210069485754303767745919c328b97,SO63792,4640,BK-M68S-38,2,4640,a946e75bc65318721cd1e01162d392dd
12771,e0ff70a5e22e7449dab732c95d815720,7a3cb5f97544c8ef7fd51c4b10455880,SO46458,3578,BK-R93R-62,1,3578,d0f6d44eeb1872b3e00d9f219db7d91c
12772,0a2fc1bbcd813bb0c58bfba89e3844f8,62876ffab17a368f47277b256f840157,SO46445,3578,BK-R93R-48,1,3578,dee9eae0b6c5fbb75435e16238307e35
12772,a6d37e298c3042e300813f55a17e0875,99b7e934795a93975a5e0c0b9b57d9ba,SO64655,10,BC-M005,1,10,b0241b451647f25db5f52074445d820c
12772,a6d37e298c3042e300813f55a17e0875,99b7e934795a93975a5e0c0b9b57d9ba,SO64655,4640,BK-M68S-38,2,4640,b0241b451647f25db5f52074445d820c
12772,a6d37e298c3042e300813f55a17e0875,99b7e934795a93975a5e0c0b9b57d9ba,SO64655,5,WB-H098,1,5,b0241b451647f25db5f52074445d820c
12773,4593d632f4e33a6fedc30d17cbdc0c29,c7ba73dc38a0064ac7ceeef22463d8d7,SO46591,3578,BK-R93R-62,1,3578,2f6f8a5ec1c6c4b60d2ceb4eb5ad9c78
12773,f75e5f8c15ca91ec5c869dc3881f574f,3a23b248b732af434a45fce0302aa11f,SO63930,10,BC-M005,1,10,03bf7d2a8718ee9aca4bd2f37e962fc4
12773,f75e5f8c15ca91ec5c869dc3881f574f,3a23b248b732af434a45fce0302aa11f,SO63930,4640,BK-M68S-46,2,4640,03bf7d2a8718ee9aca4bd2f37e962fc4
12774,59e3b2198b06015c3db5bbabfa658d5a,eb89b77c8ab43407829a31ec1c84f649,SO46538,3578,BK-R93R-62,1,3578,c7ba73dc38a0064ac7ceeef22463d8d7
12774,a1fedb8f5f2e08543339a5f167bee6b7,8b9fe4b34e3c54f08bfcac3d9691e260,SO65001,10,BC-M005,1,10,4eec6eda382b9c44e240ad4b4b5e9cc0
12774,a1fedb8f5f2e08543339a5f167bee6b7,8b9fe4b34e3c54f08bfcac3d9691e260,SO65001,4590,BK-M68B-42,2,4590,4eec6eda382b9c44e240ad4b4b5e9cc0
12774,a1fedb8f5f2e08543339a5f167bee6b7,8b9fe4b34e3c54f08bfcac3d9691e260,SO65001,55,HY-1023-70,1,55,4eec6eda382b9c44e240ad4b4b5e9cc0
12774,a1fedb8f5f2e08543339a5f167bee6b7,8b9fe4b34e3c54f08bfcac3d9691e260,SO65001,5,WB-H098,1,5,4eec6eda382b9c44e240ad4b4b5e9cc0
12775,ccb91034934bb047c5f6a32eb289b95b,640540d73b85c3ecd2e3bf5541686e87,SO59744,22,FE-6654,1,22,3ebfce6ccd7540a632ae7e6ad8100c29
12776,838eec1f117f2cab9e9c306f7efbff28,13b7c2277967bc61802018c764b5b2a0,SO74910,2,PK-7098,1,2,9a027fc72b503940a96d5137762a263e
12776,838eec1f117f2cab9e9c306f7efbff28,13b7c2277967bc61802018c764b5b2a0,SO74910,35,TI-M823,1,35,9a027fc72b503940a96d5137762a263e
12776,d34ba8f5d7fd7d5959a34c283fbec422,9c56075241a26f6fa77eb86b15411c6e,SO55034,9,BC-R205,1,9,ac15b60491fe99190c0248790e690757
12776,d34ba8f5d7fd7d5959a34c283fbec422,9c56075241a26f6fa77eb86b15411c6e,SO55034,105,HL-U509-B,3,105,ac15b60491fe99190c0248790e690757
12776,d34ba8f5d7fd7d5959a34c283fbec422,9c56075241a26f6fa77eb86b15411c6e,SO55034,5,WB-H098,1,5,ac15b60491fe99190c0248790e690757
12777,0a2fc1bbcd813bb0c58bfba89e3844f8,62876ffab17a368f47277b256f840157,SO46446,3578,BK-R93R-48,1,3578,dee9eae0b6c5fbb75435e16238307e35
12777,8c9ec1be720ee75d56d0c250d10610fa,16918840d98f27ce45948fe73dd5592f,SO63667,4640,BK-M68S-46,2,4640,81a5d08c6beaeec9e42baae5d63dd780
12777,8c9ec1be720ee75d56d0c250d10610fa,16918840d98f27ce45948fe73dd5592f,SO63667,2,PK-7098,1,2,81a5d08c6beaeec9e42baae5d63dd780
12778,501407dcfde5b685045ca3072168d5bb,41ef6b06b63ba4f6a5234245a439b157,SO73553,10,BC-M005,1,10,5432d51ee94799c0125bb158c8a8bd22
12778,501407dcfde5b685045ca3072168d5bb,41ef6b06b63ba4f6a5234245a439b157,SO73553,27,CA-1098,3,27,5432d51ee94799c0125bb158c8a8bd22
12778,501407dcfde5b685045ca3072168d5bb,41ef6b06b63ba4f6a5234245a439b157,SO73553,22,FE-6654,1,22,5432d51ee94799c0125bb158c8a8bd22
12778,501407dcfde5b685045ca3072168d5bb,41ef6b06b63ba4f6a5234245a439b157,SO73553,5,WB-H098,1,5,5432d51ee94799c0125bb158c8a8bd22
12779,7299e51cfc0d5174743a6701a8a96488,56d78836c9cf0de136c4d2d37aba2280,SO64766,4590,BK-M68B-38,2,4590,58f0b42da53adeeccbfa693883fea672
12779,7299e51cfc0d5174743a6701a8a96488,56d78836c9cf0de136c4d2d37aba2280,SO64766,22,FE-6654,1,22,58f0b42da53adeeccbfa693883fea672
12779,7299e51cfc0d5174743a6701a8a96488,56d78836c9cf0de136c4d2d37aba2280,SO64766,150,LJ-0192-L,3,150,58f0b42da53adeeccbfa693883fea672
12779,7299e51cfc0d5174743a6701a8a96488,56d78836c9cf0de136c4d2d37aba2280,SO64766,35,TI-M823,1,35,58f0b42da53adeeccbfa693883fea672
12779,901d3c97008878679a99b7d12df8ecda,a27fb9d8ace734e3b4395ec342ddb35c,SO46406,3578,BK-R93R-48,1,3578,33bb097d269ab64d47a26edc82a3fbb4
12780,2296af5563b2061aa1d88124a37eecb7,6866da5d40f1aad2d82129d5ffa25bda,SO66544,4640,BK-M68S-46,2,4640,05e7920e8caf0303dc01b77666952b75
12780,2296af5563b2061aa1d88124a37eecb7,6866da5d40f1aad2d82129d5ffa25bda,SO66544,2,PK-7098,1,2,05e7920e8caf0303dc01b77666952b75
12780,2296af5563b2061aa1d88124a37eecb7,6866da5d40f1aad2d82129d5ffa25bda,SO66544,35,TI-M823,1,35,05e7920e8caf0303dc01b77666952b75
12780,2296af5563b2061aa1d88124a37eecb7,6866da5d40f1aad2d82129d5ffa25bda,SO66544,5,TT-M928,1,5,05e7920e8caf0303dc01b77666952b75
12780,b0d346be9fa7508e21d5c500b97e6b7a,e0ff70a5e22e7449dab732c95d815720,SO46546,3578,BK-R93R-62,1,3578,23e53557c4c2300cb2511c53082467bb
12781,39ff8ac1e8a44088f96e17b846ec8baf,9a95fdf4e925d9cbd65f87b5aa4ac212,SO60420,10,BC-M005,1,10,c926349b55a58d87d7d5008c349fd1e9
12781,39ff8ac1e8a44088f96e17b846ec8baf,9a95fdf4e925d9cbd65f87b5aa4ac212,SO60420,4640,BK-M68S-42,2,4640,c926349b55a58d87d7d5008c349fd1e9
12782,2becb9647677a1a316b388bbad689580,013f173c58073e845f675d26fdde1918,SO61415,4640,BK-M68S-46,2,4640,0383d48e76cd8a3dfb9e2a890f2cac18
12782,2becb9647677a1a316b388bbad689580,013f173c58073e845f675d26fdde1918,SO61415,27,CA-1098,3,27,0383d48e76cd8a3dfb9e2a890f2cac18
12782,2becb9647677a1a316b388bbad689580,013f173c58073e845f675d26fdde1918,SO61415,22,FE-6654,1,22,0383d48e76cd8a3dfb9e2a890f2cac18
12782,2becb9647677a1a316b388bbad689580,013f173c58073e845f675d26fdde1918,SO61415,150,LJ-0192-L,3,150,0383d48e76cd8a3dfb9e2a890f2cac18
12783,ba19c22033aaecc6c5dad47f63e5858c,8dd08d219271ec96c543f486de430703,SO63045,4590,BK-M68B-42,2,4590,16918840d98f27ce45948fe73dd5592f
12783,ba19c22033aaecc6c5dad47f63e5858c,8dd08d219271ec96c543f486de430703,SO63045,22,FE-6654,1,22,16918840d98f27ce45948fe73dd5592f
12783,ba19c22033aaecc6c5dad47f63e5858c,8dd08d219271ec96c543f486de430703,SO63045,35,TI-M823,1,35,16918840d98f27ce45948fe73dd5592f
12783,ba19c22033aaecc6c5dad47f63e5858c,8dd08d219271ec96c543f486de430703,SO63045,5,TT-M928,1,5,16918840d98f27ce45948fe73dd5592f
12783,ba19c22033aaecc6c5dad47f63e5858c,8dd08d219271ec96c543f486de430703,SO63045,64,VE-C304-L,1,64,16918840d98f27ce45948fe73dd5592f
12784,64cadfde6f66bc25043d0d69f5ae5471,18f358e551b5b85912bc952ab9894c0d,SO65851,10,BC-M005,1,10,8d1d4829b2e801ba4e41ba48f5a549d4
12784,64cadfde6f66bc25043d0d69f5ae5471,18f358e551b5b85912bc952ab9894c0d,SO65851,4640,BK-M68S-38,2,4640,8d1d4829b2e801ba4e41ba48f5a549d4
12784,64cadfde6f66bc25043d0d69f5ae5471,18f358e551b5b85912bc952ab9894c0d,SO65851,22,FE-6654,1,22,8d1d4829b2e801ba4e41ba48f5a549d4
12784,64cadfde6f66bc25043d0d69f5ae5471,18f358e551b5b85912bc952ab9894c0d,SO65851,55,HY-1023-70,1,55,8d1d4829b2e801ba4e41ba48f5a549d4
12784,700b2fdf8bbe790f020e8c6fb93a2d71,0a2fc1bbcd813bb0c58bfba89e3844f8,SO46529,3578,BK-R93R-56,1,3578,109b131069827970adb3b6d3aea896c2
12785,3a23b248b732af434a45fce0302aa11f,db2f6a564b6f5f41253c68874b50962b,SO62985,4590,BK-M68B-38,2,4590,290499d9b8e65db426ba9b842714eb6d
12786,fee8e08233f3f00450bce31967abb0f1,331afa0aff1b1cfbf3d24944ab38c9d2,SO70563,22,FE-6654,1,22,86bfb8ffc7a79e52d833cedce4d275bf
12787,0001ffe4d82d0d8f9fec5ab0b4faa2db,3dc63b2d6dcc8f0b6720b06b5439a0b1,SO67057,2,PK-7098,1,2,4004a117f65dfd3221a9cce8fce5a45f
12787,0001ffe4d82d0d8f9fec5ab0b4faa2db,3dc63b2d6dcc8f0b6720b06b5439a0b1,SO67057,35,TI-M823,1,35,4004a117f65dfd3221a9cce8fce5a45f
12787,ef5bad66aa19ccfb82cacb73584b83ea,0e23f371129aecc6b2033620b226f8d7,SO57848,9,BC-R205,1,9,485ae69515bc4c60ef546ff289741f60
12787,ef5bad66aa19ccfb82cacb73584b83ea,0e23f371129aecc6b2033620b226f8d7,SO57848,2,PK-7098,1,2,485ae69515bc4c60ef546ff289741f60
12787,ef5bad66aa19ccfb82cacb73584b83ea,0e23f371129aecc6b2033620b226f8d7,SO57848,5,WB-H098,1,5,485ae69515bc4c60ef546ff289741f60
12788,d53f9d33cac0a297449a74a10d031570,e0bcd0ff3072dfe15609d6be1529b0b8,SO61577,22,FE-6654,1,22,4cc27df81afd686c0420394e090460cb
12788,d53f9d33cac0a297449a74a10d031570,e0bcd0ff3072dfe15609d6be1529b0b8,SO61577,105,HL-U509,3,105,4cc27df81afd686c0420394e090460cb
12789,0e3f5655bf7de733060720a9c9e92669,f5f4a24c43cdbbee05aff7941a939ee5,SO46566,3578,BK-R93R-44,1,3578,4de859c864889d3c068280a6c1c3328c
12789,7acd252f45ad6fe668386456a673d543,0120f4004ede1143c3be6caa4227affe,SO67182,4590,BK-M68B-42,2,4590,b322422d9a721bbdefa133133dd407c1
12789,7acd252f45ad6fe668386456a673d543,0120f4004ede1143c3be6caa4227affe,SO67182,22,FE-6654,1,22,b322422d9a721bbdefa133133dd407c1
12789,7acd252f45ad6fe668386456a673d543,0120f4004ede1143c3be6caa4227affe,SO67182,105,HL-U509-R,3,105,b322422d9a721bbdefa133133dd407c1
12789,7acd252f45ad6fe668386456a673d543,0120f4004ede1143c3be6caa4227affe,SO67182,150,LJ-0192-L,3,150,b322422d9a721bbdefa133133dd407c1
12790,a048b8d5f3f9178f163e2be055f0138b,c83e871e48c2716e0f28e60d166a5c98,SO72999,22,FE-6654,1,22,41ef6b06b63ba4f6a5234245a439b157
12790,a048b8d5f3f9178f163e2be055f0138b,c83e871e48c2716e0f28e60d166a5c98,SO72999,2,PK-7098,1,2,41ef6b06b63ba4f6a5234245a439b157
12791,f476906875bc5d9abe836b4ea1f485c1,f04e53711455521533f4c5ed7dcaa287,SO53165,8,CL-9009,1,8,15aceb75d86814cb479f1b1a9487c3d4
12791,f476906875bc5d9abe836b4ea1f485c1,f04e53711455521533f4c5ed7dcaa287,SO53165,22,FE-6654,1,22,15aceb75d86814cb479f1b1a9487c3d4
12792,40eee601514259a9632d510ca71226cc,8babade0595c11e14dd89058a850f2cd,SO74439,22,FE-6654,1,22,982b3b4109cce5d4e5bf1fcbe0ae259b
12792,40eee601514259a9632d510ca71226cc,8babade0595c11e14dd89058a850f2cd,SO74439,55,HY-1023-70,1,55,982b3b4109cce5d4e5bf1fcbe0ae259b
12793,3e07f09fb2edbdf0bf6a54c17634514b,dca79d69a6b38e95c4b03bfab997796c,SO52996,22,FE-6654,1,22,c375f33d72ca7161f341c2726e82d67a
12793,3e07f09fb2edbdf0bf6a54c17634514b,dca79d69a6b38e95c4b03bfab997796c,SO52996,105,HL-U509-R,3,105,c375f33d72ca7161f341c2726e82d67a
12793,3e07f09fb2edbdf0bf6a54c17634514b,dca79d69a6b38e95c4b03bfab997796c,SO52996,64,VE-C304-L,1,64,c375f33d72ca7161f341c2726e82d67a
12794,a1fedb8f5f2e08543339a5f167bee6b7,8b9fe4b34e3c54f08bfcac3d9691e260,SO64997,22,FE-6654,1,22,4eec6eda382b9c44e240ad4b4b5e9cc0
12795,9223b53f03a405f817e91392f0294f6a,3e07f09fb2edbdf0bf6a54c17634514b,SO53790,2,PK-7098,1,2,14e4b13c27fb9bce9938ce35b6597eca
12795,9223b53f03a405f817e91392f0294f6a,3e07f09fb2edbdf0bf6a54c17634514b,SO53790,30,TI-M602,1,30,14e4b13c27fb9bce9938ce35b6597eca
12795,9223b53f03a405f817e91392f0294f6a,3e07f09fb2edbdf0bf6a54c17634514b,SO53790,5,TT-M928,1,5,14e4b13c27fb9bce9938ce35b6597eca
12795,a9adf65abbb865184bf924d14a93d0c4,ec24e4cf9fcc90f3bbe81b2fb3735c21,SO70705,2,PK-7098,1,2,e0cd1349b4c6e1b5f14ed427e358c2d0
12795,a9adf65abbb865184bf924d14a93d0c4,ec24e4cf9fcc90f3bbe81b2fb3735c21,SO70705,35,TI-M823,1,35,e0cd1349b4c6e1b5f14ed427e358c2d0
12795,a9adf65abbb865184bf924d14a93d0c4,ec24e4cf9fcc90f3bbe81b2fb3735c21,SO70705,5,TT-M928,1,5,e0cd1349b4c6e1b5f14ed427e358c2d0
12795,b8cc77f0099ae7d3a20b9f0b74d70b12,70ad7386c1fe794c57fa3908ff22435d,SO52170,29,TI-T723,1,29,5e9b4970006d8f02ba0bc1763fa8b9a6
12795,df09a3a727ac0f29208c5ef3bf7625e6,5cbbe853aa1a5a1370f9a614904c4b15,SO74290,150,LJ-0192-X,3,150,9c55d6518880c1abf100a24da2546368
12795,df09a3a727ac0f29208c5ef3bf7625e6,5cbbe853aa1a5a1370f9a614904c4b15,SO74290,70,SH-W890-L,1,70,9c55d6518880c1abf100a24da2546368
12796,bc761b2b7297029a695fbd6dd0470724,fef3080ec197edd1a04bb18afd31d16d,SO55658,22,FE-6654,1,22,9b6872ca1d80024637e967d1066bba0a
12796,bc761b2b7297029a695fbd6dd0470724,fef3080ec197edd1a04bb18afd31d16d,SO55658,150,LJ-0192-X,3,150,9b6872ca1d80024637e967d1066bba0a
12797,e0bcd0ff3072dfe15609d6be1529b0b8,c660dc308b247ce08aeecd155306bae0,SO60727,22,FE-6654,1,22,39ff8ac1e8a44088f96e17b846ec8baf
12797,e0bcd0ff3072dfe15609d6be1529b0b8,c660dc308b247ce08aeecd155306bae0,SO60727,105,HL-U509-R,3,105,39ff8ac1e8a44088f96e17b846ec8baf
12798,da9c4ba6c9a1ae8725389bfd38b5763a,3e48b2167bd86ef570e46d0b286c4f74,SO54072,10,BC-M005,1,10,9223b53f03a405f817e91392f0294f6a
12798,da9c4ba6c9a1ae8725389bfd38b5763a,3e48b2167bd86ef570e46d0b286c4f74,SO54072,5,WB-H098,1,5,9223b53f03a405f817e91392f0294f6a
12799,883b9b4170853b321c03290f64ba199f,412998e77ee121227580e3d363f75fa2,SO60670,105,HL-U509,3,105,af1457846a79173ef71dd9d5dd69805a
12799,883b9b4170853b321c03290f64ba199f,412998e77ee121227580e3d363f75fa2,SO60670,5,TT-T092,1,5,af1457846a79173ef71dd9d5dd69805a
12800,a6d37e298c3042e300813f55a17e0875,99b7e934795a93975a5e0c0b9b57d9ba,SO64647,105,HL-U509-R,3,105,b0241b451647f25db5f52074445d820c
12800,a6d37e298c3042e300813f55a17e0875,99b7e934795a93975a5e0c0b9b57d9ba,SO64647,5,TT-T092,1,5,b0241b451647f25db5f52074445d820c
12801,6a373d2281ba1487d83680f65dd6e6d0,2fb09097185e604aaadbfde958fd6262,SO74997,48,GL-H102-L,2,48,8592725b85eec4822018b8728dd5b88d
12801,6a373d2281ba1487d83680f65dd6e6d0,2fb09097185e604aaadbfde958fd6262,SO74997,5,TT-T092,1,5,8592725b85eec4822018b8728dd5b88d
12802,2fb09097185e604aaadbfde958fd6262,a1e59736d286765313b8212467dc64b2,SO74614,105,HL-U509,3,105,88d8e3ff674b1514a19b24621707f0d9
12802,2fb09097185e604aaadbfde958fd6262,a1e59736d286765313b8212467dc64b2,SO74614,5,TT-T092,1,5,88d8e3ff674b1514a19b24621707f0d9
12803,01e8942a5792053a553c4612bd6c06a6,6583882ca853d66524856501b27519f5,SO74713,8,CL-9009,1,8,722dc621a1a56555843f574144bfcdf0
12803,01e8942a5792053a553c4612bd6c06a6,6583882ca853d66524856501b27519f5,SO74713,2,PK-7098,1,2,722dc621a1a56555843f574144bfcdf0
12803,01e8942a5792053a553c4612bd6c06a6,6583882ca853d66524856501b27519f5,SO74713,29,TI-T723,1,29,722dc621a1a56555843f574144bfcdf0
12803,01e8942a5792053a553c4612bd6c06a6,6583882ca853d66524856501b27519f5,SO74713,5,TT-T092,1,5,722dc621a1a56555843f574144bfcdf0
12803,de22d232bbe84481579f6252f1e7091d,cae5717327bee7d74e261c550aa5081f,SO57569,10,BC-M005,1,10,ab4946738415af86b5e3cee69b13301f
12803,de22d232bbe84481579f6252f1e7091d,cae5717327bee7d74e261c550aa5081f,SO57569,105,HL-U509-R,3,105,ab4946738415af86b5e3cee69b13301f
12803,de22d232bbe84481579f6252f1e7091d,cae5717327bee7d74e261c550aa5081f,SO57569,150,LJ-0192-S,3,150,ab4946738415af86b5e3cee69b13301f
12803,de22d232bbe84481579f6252f1e7091d,cae5717327bee7d74e261c550aa5081f,SO57569,5,WB-H098,1,5,ab4946738415af86b5e3cee69b13301f
12804,128ee9ff420de424a605a0ee4a6f7916,fee8e08233f3f00450bce31967abb0f1,SO71366,10,BC-M005,1,10,2797a91b25bc2aa85124c99bc574dc83
12804,128ee9ff420de424a605a0ee4a6f7916,fee8e08233f3f00450bce31967abb0f1,SO71366,4640,BK-M68S-46,2,4640,2797a91b25bc2aa85124c99bc574dc83
12804,128ee9ff420de424a605a0ee4a6f7916,fee8e08233f3f00450bce31967abb0f1,SO71366,105,HL-U509-B,3,105,2797a91b25bc2aa85124c99bc574dc83
12804,128ee9ff420de424a605a0ee4a6f7916,fee8e08233f3f00450bce31967abb0f1,SO71366,5,WB-H098,1,5,2797a91b25bc2aa85124c99bc574dc83
12804,a23d0c239f0a09c5342f707e8417c1ec,a8c7d5b3aff3fa32b632b239bd18e26f,SO45841,3578,BK-R93R-44,1,3578,0e0438a8bdbea53929bd664be8421837
12805,1f50dad3f1493a5cf408c4eb3987479e,226d694fb4b7f71d62444f9528be8704,SO54659,4640,BK-M68S-38,2,4640,9c56075241a26f6fa77eb86b15411c6e
12805,1f50dad3f1493a5cf408c4eb3987479e,226d694fb4b7f71d62444f9528be8704,SO54659,35,TI-M823,1,35,9c56075241a26f6fa77eb86b15411c6e
12805,7e15f50bd26e439e6a22f5205a8064db,a1d0c0a14c6c8f8a8ef8220209c23a64,SO67902,9,BC-R205,1,9,702a02712215141594ddf8e52b0a651c
12805,7e15f50bd26e439e6a22f5205a8064db,a1d0c0a14c6c8f8a8ef8220209c23a64,SO67902,540,BK-R19B-52,1,540,702a02712215141594ddf8e52b0a651c
12805,7e15f50bd26e439e6a22f5205a8064db,a1d0c0a14c6c8f8a8ef8220209c23a64,SO67902,105,HL-U509-R,3,105,702a02712215141594ddf8e52b0a651c
12805,7e15f50bd26e439e6a22f5205a8064db,a1d0c0a14c6c8f8a8ef8220209c23a64,SO67902,5,WB-H098,1,5,702a02712215141594ddf8e52b0a651c
12805,c662479358c8f228c7b04ddb926eb524,0a4b6bdfa942be79610a09d2da131410,SO45981,3578,BK-R93R-62,1,3578,f369f42c17ebb621a3f39d4f45bb3068
12806,412998e77ee121227580e3d363f75fa2,df595e3c678d4fae23ce174fe747165e,SO59900,540,BK-R19B-52,1,540,254d832c83ccdb2c33eab65a4fd196ff
12806,9af1e473046ebbc43d1ad2aa50b49777,5d8c6714b72d01c132804ea13b83dd02,SO50541,4098,BK-M68B-46,2,4098,e7474cc4160afe50284f7f7c3679b3c1
12806,cfceb7490eff6e660974507be7c579c6,01eb8a9956865747637639482336f5f8,SO52021,4590,BK-M68B-46,2,4590,e5bf4a4a03e320ed76cf2ca68fa5b4c0
12806,cfceb7490eff6e660974507be7c579c6,01eb8a9956865747637639482336f5f8,SO52021,22,FE-6654,1,22,e5bf4a4a03e320ed76cf2ca68fa5b4c0
12806,cfceb7490eff6e660974507be7c579c6,01eb8a9956865747637639482336f5f8,SO52021,150,LJ-0192-S,3,150,e5bf4a4a03e320ed76cf2ca68fa5b4c0
12807,04dbdf67bb8714ba18c9c36d50d1f5dc,4cc27df81afd686c0420394e090460cb,SO62017,540,BK-R19B-58,1,540,2ed3972e38245b633ec6b146c2970148
12807,6e3dbba03ae025e8c1552d05a28ddae3,18ed686c4efc5757b5c809cfcc456ce1,SO50471,4142,BK-M68S-38,2,4142,10286aa18ba7fc1d175af14353ff81c6
12807,db2b287636ac5ebda430de4f3f643b24,7af7abc5e37d5fa2e2334b4fec2584e2,SO51967,10,BC-M005,1,10,bee2b842cd357511cf4c8e509f5af192
12807,db2b287636ac5ebda430de4f3f643b24,7af7abc5e37d5fa2e2334b4fec2584e2,SO51967,4640,BK-M68S-46,2,4640,bee2b842cd357511cf4c8e509f5af192
12807,db2b287636ac5ebda430de4f3f643b24,7af7abc5e37d5fa2e2334b4fec2584e2,SO51967,48,GL-H102-S,2,48,bee2b842cd357511cf4c8e509f5af192
12807,db2b287636ac5ebda430de4f3f643b24,7af7abc5e37d5fa2e2334b4fec2584e2,SO51967,54,SJ-0194-X,1,54,bee2b842cd357511cf4c8e509f5af192
12807,db2b287636ac5ebda430de4f3f643b24,7af7abc5e37d5fa2e2334b4fec2584e2,SO51967,5,WB-H098,1,5,bee2b842cd357511cf4c8e509f5af192
12808,348f48807f500aeac729fb17d9bc97f1,5072507e949a2c25948a591c4da194e1,SO60456,4640,BK-M68S-42,2,4640,f108e0cd2f96a0c22086f9d45ee08f19
12808,456c7730e983cabeb11db57ec0801795,1bc9f4b5f1c56b7e2d5b17c27dad280f,SO49998,4098,BK-M68B-46,2,4098,d9cd5832ac6226b16d8669df784e8c52
12808,d7f57f35d2bad1349ca24a67a2635eea,5432d51ee94799c0125bb158c8a8bd22,SO74073,742,BK-T18Y-44,1,742,1ba7e8cdf85da6cf5e11554703236b52
12809,485ae69515bc4c60ef546ff289741f60,40ff348468b73116a7077c246985e0bf,SO57618,105,HL-U509-B,3,105,375bde15092f45652b6398c1dff650d0
12809,485ae69515bc4c60ef546ff289741f60,40ff348468b73116a7077c246985e0bf,SO57618,5,TT-T092,1,5,375bde15092f45652b6398c1dff650d0
12810,c83e871e48c2716e0f28e60d166a5c98,6a8d7e42bb852c45fbf8610361d391a0,SO72094,2,PK-7098,1,2,c4c454d69a39e60a6f5cf2f97148adad
12810,c83e871e48c2716e0f28e60d166a5c98,6a8d7e42bb852c45fbf8610361d391a0,SO72094,5,TT-T092,1,5,c4c454d69a39e60a6f5cf2f97148adad
12811,962bae2fb03296a3b9cacabfa929322c,0da2bc000f1fe4ea8746f9aea0bb5879,SO69122,5,TT-T092,1,5,c4369eefdf9bb8a3f9115e96b40aaf17
12812,debbb2493c6588799fc787e1854bcda5,40883861f6e25a2e09e848a7891f4f38,SO58102,10,BC-M005,1,10,0814775cfc25da756a9b4197347ab771
12812,debbb2493c6588799fc787e1854bcda5,40883861f6e25a2e09e848a7891f4f38,SO58102,105,HL-U509-B,3,105,0814775cfc25da756a9b4197347ab771
12812,debbb2493c6588799fc787e1854bcda5,40883861f6e25a2e09e848a7891f4f38,SO58102,5,WB-H098,1,5,0814775cfc25da756a9b4197347ab771
12813,128ee9ff420de424a605a0ee4a6f7916,fee8e08233f3f00450bce31967abb0f1,SO71367,10,BC-M005,1,10,2797a91b25bc2aa85124c99bc574dc83
12813,128ee9ff420de424a605a0ee4a6f7916,fee8e08233f3f00450bce31967abb0f1,SO71367,4590,BK-M68B-38,2,4590,2797a91b25bc2aa85124c99bc574dc83
12813,128ee9ff420de424a605a0ee4a6f7916,fee8e08233f3f00450bce31967abb0f1,SO71367,8,CL-9009,1,8,2797a91b25bc2aa85124c99bc574dc83
12813,128ee9ff420de424a605a0ee4a6f7916,fee8e08233f3f00450bce31967abb0f1,SO71367,5,WB-H098,1,5,2797a91b25bc2aa85124c99bc574dc83
12813,8242bea4faa7e8112c9c701d437fbe67,52bde41d0f4e244c3d741707e5f19618,SO50389,4098,BK-M68B-46,2,4098,18ed686c4efc5757b5c809cfcc456ce1
12814,8d71482745a6a1be4fbbc5562ade4657,089c2a426c196c5ca5facb20896c90bb,SO56936,48,GL-H102-M,2,48,d9f7611cf8d29b48a1d3d8fddb8c5b2e
12814,8d71482745a6a1be4fbbc5562ade4657,089c2a426c196c5ca5facb20896c90bb,SO56936,5,TT-T092,1,5,d9f7611cf8d29b48a1d3d8fddb8c5b2e
12815,83d1ed00595e79ee5ea3797e97970fe8,fe1fd19c021e78ec395980c2e347865e,SO69206,2,PK-7098,1,2,705fa39ab40831529471c768490339ab
12815,83d1ed00595e79ee5ea3797e97970fe8,fe1fd19c021e78ec395980c2e347865e,SO69206,5,TT-T092,1,5,705fa39ab40831529471c768490339ab
12816,49fce086a31f1cfcf16b54e462f7cbc0,99c8f306659fd98cbb9d7f03ec0c2a7a,SO70765,4590,BK-M68B-46,2,4590,e84848120190a8d0e696fbeb15647a74
12816,49fce086a31f1cfcf16b54e462f7cbc0,99c8f306659fd98cbb9d7f03ec0c2a7a,SO70765,8,CL-9009,1,8,e84848120190a8d0e696fbeb15647a74
12816,49fce086a31f1cfcf16b54e462f7cbc0,99c8f306659fd98cbb9d7f03ec0c2a7a,SO70765,22,FE-6654,1,22,e84848120190a8d0e696fbeb15647a74
12816,49fce086a31f1cfcf16b54e462f7cbc0,99c8f306659fd98cbb9d7f03ec0c2a7a,SO70765,120,RA-H123,1,120,e84848120190a8d0e696fbeb15647a74
12816,c8f4a6002944b338d50dcc7eb3b056c8,aa42aae45cd2488a20db2ff74ed044f7,SO50558,4098,BK-M68B-42,2,4098,90f30c53e79c8b6bcde12e74a091432c
12817,e0cd1349b4c6e1b5f14ed427e358c2d0,f06fd077b6afc2d69af6e1e548da266d,SO70322,4640,BK-M68S-46,2,4640,b95a9f47dd73bb9b799a31ae04ee7da1
12817,e0cd1349b4c6e1b5f14ed427e358c2d0,f06fd077b6afc2d69af6e1e548da266d,SO70322,22,FE-6654,1,22,b95a9f47dd73bb9b799a31ae04ee7da1
12817,e0cd1349b4c6e1b5f14ed427e358c2d0,f06fd077b6afc2d69af6e1e548da266d,SO70322,2,PK-7098,1,2,b95a9f47dd73bb9b799a31ae04ee7da1
12817,f87821540a577f1c9a7d3e6ff2e77222,58fb574c0b80d76f62690df366352487,SO46301,3578,BK-R93R-52,1,3578,a27fb9d8ace734e3b4395ec342ddb35c
12818,38c9e5d1e366b4c5c36aae682bc960c4,8fa3bab223bec6501ad71f96bb1067b6,SO71654,105,HL-U509-R,3,105,58c4ce5b9433e7b6d41793d5a76d5590
12818,38c9e5d1e366b4c5c36aae682bc960c4,8fa3bab223bec6501ad71f96bb1067b6,SO71654,33,TI-R982,1,33,58c4ce5b9433e7b6d41793d5a76d5590
12818,38c9e5d1e366b4c5c36aae682bc960c4,8fa3bab223bec6501ad71f96bb1067b6,SO71654,4,TT-R982,1,4,58c4ce5b9433e7b6d41793d5a76d5590
12819,0be9b4cec5bf5b809cc2e222c24ee42b,c662479358c8f228c7b04ddb926eb524,SO46161,3578,BK-R93R-44,1,3578,5740ddd9cc89a58039f5790a932ada9b
12819,8728a5e296f39e49d2fa74c31820e99f,66e56e10b0f528b66a45e307ecdf4774,SO69579,10,BC-M005,1,10,3fe686907939d07097f6c87f08025422
12819,8728a5e296f39e49d2fa74c31820e99f,66e56e10b0f528b66a45e307ecdf4774,SO69579,4640,BK-M68S-42,2,4640,3fe686907939d07097f6c87f08025422
12819,8728a5e296f39e49d2fa74c31820e99f,66e56e10b0f528b66a45e307ecdf4774,SO69579,105,HL-U509-B,3,105,3fe686907939d07097f6c87f08025422
12819,8728a5e296f39e49d2fa74c31820e99f,66e56e10b0f528b66a45e307ecdf4774,SO69579,5,WB-H098,1,5,3fe686907939d07097f6c87f08025422
12820,167c301692e8c30daa0602fbcbeb02b6,564f7f85bc0f9399a0ce2e5f21901984,SO46218,3578,BK-R93R-52,1,3578,5bdc8cd31bb1859c6d9dd782c52a85ae
12820,8728a5e296f39e49d2fa74c31820e99f,66e56e10b0f528b66a45e307ecdf4774,SO69578,10,BC-M005,1,10,3fe686907939d07097f6c87f08025422
12820,8728a5e296f39e49d2fa74c31820e99f,66e56e10b0f528b66a45e307ecdf4774,SO69578,4640,BK-M68S-42,2,4640,3fe686907939d07097f6c87f08025422
12821,254d832c83ccdb2c33eab65a4fd196ff,75fe8d7dec9d2a51be64595ab37dc674,SO59531,105,HL-U509-B,3,105,4a800301260b2639fa1ec3efafb5f86c
12821,254d832c83ccdb2c33eab65a4fd196ff,75fe8d7dec9d2a51be64595ab37dc674,SO59531,35,TI-M823,1,35,4a800301260b2639fa1ec3efafb5f86c
12821,254d832c83ccdb2c33eab65a4fd196ff,75fe8d7dec9d2a51be64595ab37dc674,SO59531,5,TT-M928,1,5,4a800301260b2639fa1ec3efafb5f86c
12821,aa14ddbc43aa2d3be1e6ac019bb7b5bc,dcf73f840a50da0145f24e8e0169dc4b,SO72891,10,BC-M005,1,10,a6f2945baeceeef4c8d541a22f6e99e9
12821,aa14ddbc43aa2d3be1e6ac019bb7b5bc,dcf73f840a50da0145f24e8e0169dc4b,SO72891,30,TI-M602,1,30,a6f2945baeceeef4c8d541a22f6e99e9
12821,aa14ddbc43aa2d3be1e6ac019bb7b5bc,dcf73f840a50da0145f24e8e0169dc4b,SO72891,5,TT-M928,1,5,a6f2945baeceeef4c8d541a22f6e99e9
12821,aa14ddbc43aa2d3be1e6ac019bb7b5bc,dcf73f840a50da0145f24e8e0169dc4b,SO72891,5,WB-H098,1,5,a6f2945baeceeef4c8d541a22f6e99e9
12822,c4c454d69a39e60a6f5cf2f97148adad,49fce086a31f1cfcf16b54e462f7cbc0,SO71589,22,FE-6654,1,22,31c99d724c1f182c60edb82eb4740277
12822,c4c454d69a39e60a6f5cf2f97148adad,49fce086a31f1cfcf16b54e462f7cbc0,SO71589,54,SJ-0194-X,1,54,31c99d724c1f182c60edb82eb4740277
12823,3e107cd1554225ea3056ed5010adce90,aa14ddbc43aa2d3be1e6ac019bb7b5bc,SO73829,2,PK-7098,1,2,43e2cc7ff261723f93f64f3f7e9faa8d
12823,3e107cd1554225ea3056ed5010adce90,aa14ddbc43aa2d3be1e6ac019bb7b5bc,SO73829,33,TI-R982,1,33,43e2cc7ff261723f93f64f3f7e9faa8d
12823,3e107cd1554225ea3056ed5010adce90,aa14ddbc43aa2d3be1e6ac019bb7b5bc,SO73829,4,TT-R982,1,4,43e2cc7ff261723f93f64f3f7e9faa8d
12824,9592b44e2c3f304a9875f45537bec6eb,a9cd7a99d71cca9cb644010050374ade,SO72757,8,CL-9009,1,8,b2ce0ef2540789e8a6976165b6c917d8
12824,9592b44e2c3f304a9875f45537bec6eb,a9cd7a99d71cca9cb644010050374ade,SO72757,33,TI-R982,1,33,b2ce0ef2540789e8a6976165b6c917d8
12824,9592b44e2c3f304a9875f45537bec6eb,a9cd7a99d71cca9cb644010050374ade,SO72757,4,TT-R982,1,4,b2ce0ef2540789e8a6976165b6c917d8
12825,31c99d724c1f182c60edb82eb4740277,e84848120190a8d0e696fbeb15647a74,SO71229,10,BC-M005,1,10,3db19f5f710f10e90ecc7154c649d60a
12825,31c99d724c1f182c60edb82eb4740277,e84848120190a8d0e696fbeb15647a74,SO71229,4640,BK-M68S-38,2,4640,3db19f5f710f10e90ecc7154c649d60a
12825,31c99d724c1f182c60edb82eb4740277,e84848120190a8d0e696fbeb15647a74,SO71229,105,HL-U509,3,105,3db19f5f710f10e90ecc7154c649d60a
12825,31c99d724c1f182c60edb82eb4740277,e84848120190a8d0e696fbeb15647a74,SO71229,5,WB-H098,1,5,3db19f5f710f10e90ecc7154c649d60a
12825,7b6fb99e007535aabcd19741210af47d,086ede30a02aceddb0b53ef006935d73,SO50513,4098,BK-M68B-46,2,4098,7f480de9e8eb6071d108895ecf71651d
12826,060e60684e6fb7ae3c79db1e8c889417,727839743fd8ddb93101d7c79edd3f76,SO50534,4142,BK-M68S-46,2,4142,8092e44fa2e2a2ee34e25210038fe274
12826,3db19f5f710f10e90ecc7154c649d60a,f544b472453b297a8b55709fbfd3746d,SO70881,10,BC-M005,1,10,fee8e08233f3f00450bce31967abb0f1
12826,3db19f5f710f10e90ecc7154c649d60a,f544b472453b297a8b55709fbfd3746d,SO70881,4640,BK-M68S-38,2,4640,fee8e08233f3f00450bce31967abb0f1
12826,3db19f5f710f10e90ecc7154c649d60a,f544b472453b297a8b55709fbfd3746d,SO70881,22,FE-6654,1,22,fee8e08233f3f00450bce31967abb0f1
12826,3db19f5f710f10e90ecc7154c649d60a,f544b472453b297a8b55709fbfd3746d,SO70881,5,WB-H098,1,5,fee8e08233f3f00450bce31967abb0f1
12827,17520f5649fab40fb66771362888cb90,1faee5670542865e021595151379fe5c,SO70603,4640,BK-M68S-38,2,4640,3f72b837978dcd042b73e7270f11a4ca
12827,17520f5649fab40fb66771362888cb90,1faee5670542865e021595151379fe5c,SO70603,105,HL-U509-R,3,105,3f72b837978dcd042b73e7270f11a4ca
12827,17520f5649fab40fb66771362888cb90,1faee5670542865e021595151379fe5c,SO70603,35,TI-M823,1,35,3f72b837978dcd042b73e7270f11a4ca
12827,c045063ec789c07ddd7ad868b7789049,1022f3e1145b30057972239301ce3382,SO50876,4142,BK-M68S-46,2,4142,c164277d605c0bcbcd6b5749ac477b26
12828,4310d0d92131e34ff2716d85e1953174,90c6314650a0d54fdcabe5cd5406f9af,SO54635,150,LJ-0192-M,3,150,d3c54b4368c62c2ff11535bf2b677170
12828,4310d0d92131e34ff2716d85e1953174,90c6314650a0d54fdcabe5cd5406f9af,SO54635,5,TT-T092,1,5,d3c54b4368c62c2ff11535bf2b677170
12829,c045063ec789c07ddd7ad868b7789049,1022f3e1145b30057972239301ce3382,SO50875,4098,BK-M68B-46,2,4098,c164277d605c0bcbcd6b5749ac477b26
12829,c4c454d69a39e60a6f5cf2f97148adad,49fce086a31f1cfcf16b54e462f7cbc0,SO71572,4590,BK-M68B-42,2,4590,31c99d724c1f182c60edb82eb4740277
12829,c4c454d69a39e60a6f5cf2f97148adad,49fce086a31f1cfcf16b54e462f7cbc0,SO71572,22,FE-6654,1,22,31c99d724c1f182c60edb82eb4740277
12829,c4c454d69a39e60a6f5cf2f97148adad,49fce086a31f1cfcf16b54e462f7cbc0,SO71572,35,TI-M823,1,35,31c99d724c1f182c60edb82eb4740277
12829,c4c454d69a39e60a6f5cf2f97148adad,49fce086a31f1cfcf16b54e462f7cbc0,SO71572,5,TT-M928,1,5,31c99d724c1f182c60edb82eb4740277
12830,5c70f2bf0cb9e8d72491348c6d6d9b06,d67506f7b78a628b8ca297a62df67cd7,SO46192,3578,BK-R93R-56,1,3578,0be9b4cec5bf5b809cc2e222c24ee42b
12830,d7f57f35d2bad1349ca24a67a2635eea,5432d51ee94799c0125bb158c8a8bd22,SO74040,4590,BK-M68B-46,2,4590,1ba7e8cdf85da6cf5e11554703236b52
12830,d7f57f35d2bad1349ca24a67a2635eea,5432d51ee94799c0125bb158c8a8bd22,SO74040,2,PK-7098,1,2,1ba7e8cdf85da6cf5e11554703236b52
12830,d7f57f35d2bad1349ca24a67a2635eea,5432d51ee94799c0125bb158c8a8bd22,SO74040,35,TI-M823,1,35,1ba7e8cdf85da6cf5e11554703236b52
12830,d7f57f35d2bad1349ca24a67a2635eea,5432d51ee94799c0125bb158c8a8bd22,SO74040,5,TT-M928,1,5,1ba7e8cdf85da6cf5e11554703236b52
12831,8fa3bab223bec6501ad71f96bb1067b6,b95a9f47dd73bb9b799a31ae04ee7da1,SO70845,105,HL-U509,3,105,1556bafff387fc8f2f6fef64c1daa6bc
12831,8fa3bab223bec6501ad71f96bb1067b6,b95a9f47dd73bb9b799a31ae04ee7da1,SO70845,5,TT-T092,1,5,1556bafff387fc8f2f6fef64c1daa6bc
12832,fef3080ec197edd1a04bb18afd31d16d,b8d9d66529b0a1e91f6137abcdd065dd,SO54917,105,HL-U509,3,105,4310d0d92131e34ff2716d85e1953174
12832,fef3080ec197edd1a04bb18afd31d16d,b8d9d66529b0a1e91f6137abcdd065dd,SO54917,5,TT-T092,1,5,4310d0d92131e34ff2716d85e1953174
12833,5f827524a01a15af1043fdb581ce224b,4b32c1f268b5edfc6d7f486137468b29,SO51045,4098,BK-M68B-46,2,4098,2b53375239b19c31e4947cc1033443c0
12833,99c8f306659fd98cbb9d7f03ec0c2a7a,705fa39ab40831529471c768490339ab,SO69877,10,BC-M005,1,10,fff3c307c93eda1eb91d53ca588846fe
12833,99c8f306659fd98cbb9d7f03ec0c2a7a,705fa39ab40831529471c768490339ab,SO69877,4590,BK-M68B-42,2,4590,fff3c307c93eda1eb91d53ca588846fe
12833,99c8f306659fd98cbb9d7f03ec0c2a7a,705fa39ab40831529471c768490339ab,SO69877,5,WB-H098,1,5,fff3c307c93eda1eb91d53ca588846fe
12834,95a2a9aefc393f8630e934768cacf4cd,8f472ffe3ff3109f420ae91355ff8f3f,SO72143,4640,BK-M68S-42,2,4640,38c9e5d1e366b4c5c36aae682bc960c4
12834,9c1231676f7d0735ca17dcc3b53881c6,8432e9be3a7a8a9212201edf8ef07c9f,SO46263,3578,BK-R93R-62,1,3578,167c301692e8c30daa0602fbcbeb02b6
12835,ad0b7f5ad35732646f1e5f67418d5995,244cede513841376c37dc856f2f5e7b9,SO59316,105,HL-U509-R,3,105,0df76889b3e31ccfd17b50cc73baef03
12835,ad0b7f5ad35732646f1e5f67418d5995,244cede513841376c37dc856f2f5e7b9,SO59316,5,TT-T092,1,5,0df76889b3e31ccfd17b50cc73baef03
12836,412998e77ee121227580e3d363f75fa2,df595e3c678d4fae23ce174fe747165e,SO59864,29,TI-T723,1,29,254d832c83ccdb2c33eab65a4fd196ff
12836,c4c454d69a39e60a6f5cf2f97148adad,49fce086a31f1cfcf16b54e462f7cbc0,SO71596,10,BC-M005,1,10,31c99d724c1f182c60edb82eb4740277
12836,c4c454d69a39e60a6f5cf2f97148adad,49fce086a31f1cfcf16b54e462f7cbc0,SO71596,48,GL-H102-L,2,48,31c99d724c1f182c60edb82eb4740277
12836,c4c454d69a39e60a6f5cf2f97148adad,49fce086a31f1cfcf16b54e462f7cbc0,SO71596,5,WB-H098,1,5,31c99d724c1f182c60edb82eb4740277
12837,f04e53711455521533f4c5ed7dcaa287,5e9b4970006d8f02ba0bc1763fa8b9a6,SO52559,5,TT-T092,1,5,f799d104dd23bb828dcdaaefc4d25b61
12838,9b6872ca1d80024637e967d1066bba0a,4310d0d92131e34ff2716d85e1953174,SO55355,10,BC-M005,1,10,7b0730955172ecda497d7cca6b1d87a1
12838,9b6872ca1d80024637e967d1066bba0a,4310d0d92131e34ff2716d85e1953174,SO55355,22,FE-6654,1,22,7b0730955172ecda497d7cca6b1d87a1
12838,9b6872ca1d80024637e967d1066bba0a,4310d0d92131e34ff2716d85e1953174,SO55355,5,WB-H098,1,5,7b0730955172ecda497d7cca6b1d87a1
12839,7983129d9883ebc3b9dce3311996b001,0df76889b3e31ccfd17b50cc73baef03,SO59762,10,BC-M005,1,10,7254e54716fe52361e62aa16ea2e0797
12839,7983129d9883ebc3b9dce3311996b001,0df76889b3e31ccfd17b50cc73baef03,SO59762,4640,BK-M68S-46,2,4640,7254e54716fe52361e62aa16ea2e0797
12839,7983129d9883ebc3b9dce3311996b001,0df76889b3e31ccfd17b50cc73baef03,SO59762,8,CL-9009,1,8,7254e54716fe52361e62aa16ea2e0797
12839,7983129d9883ebc3b9dce3311996b001,0df76889b3e31ccfd17b50cc73baef03,SO59762,5,WB-H098,1,5,7254e54716fe52361e62aa16ea2e0797
12839,95ddec41f799217977c3384c83bfb0ca,f6a3074075f513ac39071601eaf0195a,SO50021,4098,BK-M68B-46,2,4098,4652a559216121874754c7ecfe692e94
12840,14e4b13c27fb9bce9938ce35b6597eca,c375f33d72ca7161f341c2726e82d67a,SO53376,105,HL-U509-R,3,105,9b98d27287b27eeee9ebc06e1d5a9a8d
12840,14e4b13c27fb9bce9938ce35b6597eca,c375f33d72ca7161f341c2726e82d67a,SO53376,5,TT-M928,1,5,9b98d27287b27eeee9ebc06e1d5a9a8d
12841,33bb097d269ab64d47a26edc82a3fbb4,4e6174091aa6704e09467a0839dac801,SO46311,3578,BK-R93R-56,1,3578,b34f038fa8756c7f3677882d150ade23
12841,b0950d12c62d3aeda81b2e8d06f2aef4,e366e24b8ad0b1107528f2f58cd15a81,SO73351,4640,BK-M68S-42,2,4640,a048b8d5f3f9178f163e2be055f0138b
12841,b0950d12c62d3aeda81b2e8d06f2aef4,e366e24b8ad0b1107528f2f58cd15a81,SO73351,105,HL-U509,3,105,a048b8d5f3f9178f163e2be055f0138b
12842,0001ffe4d82d0d8f9fec5ab0b4faa2db,3dc63b2d6dcc8f0b6720b06b5439a0b1,SO67049,33,TI-R982,1,33,4004a117f65dfd3221a9cce8fce5a45f
12843,4e6174091aa6704e09467a0839dac801,3c6f36b5b624fc10e0e7fb916bc9e67a,SO46237,3578,BK-R93R-48,1,3578,ab121e91b47aaffbbc247dca4687f0f0
12843,8920fd63645007b243abb750709b1172,58c4ce5b9433e7b6d41793d5a76d5590,SO72285,4640,BK-M68S-42,2,4640,0d3057f268050d468f468434f8ec809a
12843,8920fd63645007b243abb750709b1172,58c4ce5b9433e7b6d41793d5a76d5590,SO72285,120,RA-H123,1,120,0d3057f268050d468f468434f8ec809a
12844,7b0730955172ecda497d7cca6b1d87a1,d3c54b4368c62c2ff11535bf2b677170,SO55004,22,FE-6654,1,22,5a06908cc28b799b04fc1c47664462e6
12844,7b0730955172ecda497d7cca6b1d87a1,d3c54b4368c62c2ff11535bf2b677170,SO55004,105,HL-U509-R,3,105,5a06908cc28b799b04fc1c47664462e6
12845,d630b2db6e8046e30b4728ca862ba4e1,02ad1a5ca18e58629b8c1d6a6401d071,SO58445,22,FE-6654,1,22,07b31bae17c7890b17d79a654aa230cf
12845,d630b2db6e8046e30b4728ca862ba4e1,02ad1a5ca18e58629b8c1d6a6401d071,SO58445,54,SJ-0194-M,1,54,07b31bae17c7890b17d79a654aa230cf
12846,2797a91b25bc2aa85124c99bc574dc83,86bfb8ffc7a79e52d833cedce4d275bf,SO71030,10,BC-M005,1,10,a9adf65abbb865184bf924d14a93d0c4
12846,2797a91b25bc2aa85124c99bc574dc83,86bfb8ffc7a79e52d833cedce4d275bf,SO71030,4640,BK-M68S-38,2,4640,a9adf65abbb865184bf924d14a93d0c4
12846,2797a91b25bc2aa85124c99bc574dc83,86bfb8ffc7a79e52d833cedce4d275bf,SO71030,54,SJ-0194-S,1,54,a9adf65abbb865184bf924d14a93d0c4
12846,2797a91b25bc2aa85124c99bc574dc83,86bfb8ffc7a79e52d833cedce4d275bf,SO71030,5,WB-H098,1,5,a9adf65abbb865184bf924d14a93d0c4
12846,9cdb18f37bdd2084cec3f36c200212be,a0ab7eafc534bc4a8a48cd6e1cfc4d24,SO51012,4142,BK-M68S-42,2,4142,c96b659647361342a1bb035614c242b1
12847,eef21e68ecca703bb338920b950f203c,f108e0cd2f96a0c22086f9d45ee08f19,SO60914,25,TI-M267,1,25,b21e833d3ead6056f1265f13fe1ff015
12848,df595e3c678d4fae23ce174fe747165e,07b31bae17c7890b17d79a654aa230cf,SO58868,27,CA-1098,3,27,75fe8d7dec9d2a51be64595ab37dc674
12848,df595e3c678d4fae23ce174fe747165e,07b31bae17c7890b17d79a654aa230cf,SO58868,105,HL-U509-B,3,105,75fe8d7dec9d2a51be64595ab37dc674
12848,df595e3c678d4fae23ce174fe747165e,07b31bae17c7890b17d79a654aa230cf,SO58868,25,TI-M267,1,25,75fe8d7dec9d2a51be64595ab37dc674
12848,df595e3c678d4fae23ce174fe747165e,07b31bae17c7890b17d79a654aa230cf,SO58868,5,TT-M928,1,5,75fe8d7dec9d2a51be64595ab37dc674
12849,1ba7e8cdf85da6cf5e11554703236b52,9592b44e2c3f304a9875f45537bec6eb,SO73659,10,BC-M005,1,10,4c6ed4daa82e7326b84c24f4c2ae7064
12849,1ba7e8cdf85da6cf5e11554703236b52,9592b44e2c3f304a9875f45537bec6eb,SO73659,4590,BK-M68B-38,2,4590,4c6ed4daa82e7326b84c24f4c2ae7064
12849,1ba7e8cdf85da6cf5e11554703236b52,9592b44e2c3f304a9875f45537bec6eb,SO73659,5,WB-H098,1,5,4c6ed4daa82e7326b84c24f4c2ae7064
12849,755330dee3da0e4fcef37002a479e564,c33c6976b463bb3c89443e51c98853bd,SO46209,3578,BK-R93R-48,1,3578,8432e9be3a7a8a9212201edf8ef07c9f
12850,4c198b2e79c53a9853bfbc76e8e8ae1e,254f2678aa3e07c5a9451a18e28f2624,SO51075,4142,BK-M68S-42,2,4142,93963041729da5d8213c536f91ed9402
12850,8728a5e296f39e49d2fa74c31820e99f,66e56e10b0f528b66a45e307ecdf4774,SO69577,10,BC-M005,1,10,3fe686907939d07097f6c87f08025422
12850,8728a5e296f39e49d2fa74c31820e99f,66e56e10b0f528b66a45e307ecdf4774,SO69577,4640,BK-M68S-46,2,4640,3fe686907939d07097f6c87f08025422
12850,8728a5e296f39e49d2fa74c31820e99f,66e56e10b0f528b66a45e307ecdf4774,SO69577,5,WB-H098,1,5,3fe686907939d07097f6c87f08025422
12851,c4c454d69a39e60a6f5cf2f97148adad,49fce086a31f1cfcf16b54e462f7cbc0,SO71588,105,HL-U509-R,3,105,31c99d724c1f182c60edb82eb4740277
12851,c4c454d69a39e60a6f5cf2f97148adad,49fce086a31f1cfcf16b54e462f7cbc0,SO71588,33,TI-R982,1,33,31c99d724c1f182c60edb82eb4740277
12851,c4c454d69a39e60a6f5cf2f97148adad,49fce086a31f1cfcf16b54e462f7cbc0,SO71588,4,TT-R982,1,4,31c99d724c1f182c60edb82eb4740277
12852,853665fc08fe34bcd66df57da6a82a16,f5d822432c5ffbc58e8bd3ffc7607c1b,SO50843,4098,BK-M68B-46,2,4098,5f8b10fd69342734dd36c905a170cf51
12852,f544b472453b297a8b55709fbfd3746d,70951886788165a5e2439adfce4d0cce,SO70029,4640,BK-M68S-46,2,4640,331afa0aff1b1cfbf3d24944ab38c9d2
12852,f544b472453b297a8b55709fbfd3746d,70951886788165a5e2439adfce4d0cce,SO70029,2,PK-7098,1,2,331afa0aff1b1cfbf3d24944ab38c9d2
12852,f544b472453b297a8b55709fbfd3746d,70951886788165a5e2439adfce4d0cce,SO70029,35,TI-M823,1,35,331afa0aff1b1cfbf3d24944ab38c9d2
12852,f544b472453b297a8b55709fbfd3746d,70951886788165a5e2439adfce4d0cce,SO70029,5,TT-M928,1,5,331afa0aff1b1cfbf3d24944ab38c9d2
12853,0383d48e76cd8a3dfb9e2a890f2cac18,d6fb379288416774d139632beb88e26b,SO60956,10,BC-M005,1,10,883b9b4170853b321c03290f64ba199f
12853,0383d48e76cd8a3dfb9e2a890f2cac18,d6fb379288416774d139632beb88e26b,SO60956,4590,BK-M68B-46,2,4590,883b9b4170853b321c03290f64ba199f
12853,207f6c5125350a97b1a410dc655800f6,d9cd5832ac6226b16d8669df784e8c52,SO50071,4098,BK-M68B-46,2,4098,95ddec41f799217977c3384c83bfb0ca
12854,254d832c83ccdb2c33eab65a4fd196ff,75fe8d7dec9d2a51be64595ab37dc674,SO59488,10,BC-M005,1,10,4a800301260b2639fa1ec3efafb5f86c
12854,254d832c83ccdb2c33eab65a4fd196ff,75fe8d7dec9d2a51be64595ab37dc674,SO59488,4590,BK-M68B-38,2,4590,4a800301260b2639fa1ec3efafb5f86c
12854,254d832c83ccdb2c33eab65a4fd196ff,75fe8d7dec9d2a51be64595ab37dc674,SO59488,8,CL-9009,1,8,4a800301260b2639fa1ec3efafb5f86c
12854,254d832c83ccdb2c33eab65a4fd196ff,75fe8d7dec9d2a51be64595ab37dc674,SO59488,5,WB-H098,1,5,4a800301260b2639fa1ec3efafb5f86c
12854,79f46ce61b754fc6c2eeda754a6354bc,287c323e0efa1c1148232e905c3f7d34,SO49930,4098,BK-M68B-42,2,4098,1bc9f4b5f1c56b7e2d5b17c27dad280f
12855,968e9a4bab3af2e071a27db638e363e6,b7d5a5b8cc647eb5c041cfb92957acb2,SO49979,4142,BK-M68S-38,2,4142,79f46ce61b754fc6c2eeda754a6354bc
12855,c660dc308b247ce08aeecd155306bae0,e7df1b3ee078bdcfc260a877f321287d,SO59905,10,BC-M005,1,10,9a95fdf4e925d9cbd65f87b5aa4ac212
12855,c660dc308b247ce08aeecd155306bae0,e7df1b3ee078bdcfc260a877f321287d,SO59905,4640,BK-M68S-46,2,4640,9a95fdf4e925d9cbd65f87b5aa4ac212
12855,c660dc308b247ce08aeecd155306bae0,e7df1b3ee078bdcfc260a877f321287d,SO59905,8,CL-9009,1,8,9a95fdf4e925d9cbd65f87b5aa4ac212
12855,c660dc308b247ce08aeecd155306bae0,e7df1b3ee078bdcfc260a877f321287d,SO59905,5,WB-H098,1,5,9a95fdf4e925d9cbd65f87b5aa4ac212
12856,4652a559216121874754c7ecfe692e94,9c36ef758665a17e1eeb69b7f8fce1c6,SO49966,4142,BK-M68S-38,2,4142,8dd3ccb09d6ab7dd754ab887e66e8652
12856,c926349b55a58d87d7d5008c349fd1e9,9e8cbc3edbb5efb3f48d6afb260e4725,SO60045,10,BC-M005,1,10,ccb91034934bb047c5f6a32eb289b95b
12856,c926349b55a58d87d7d5008c349fd1e9,9e8cbc3edbb5efb3f48d6afb260e4725,SO60045,4640,BK-M68S-46,2,4640,ccb91034934bb047c5f6a32eb289b95b
12856,c926349b55a58d87d7d5008c349fd1e9,9e8cbc3edbb5efb3f48d6afb260e4725,SO60045,54,SJ-0194-L,1,54,ccb91034934bb047c5f6a32eb289b95b
12856,c926349b55a58d87d7d5008c349fd1e9,9e8cbc3edbb5efb3f48d6afb260e4725,SO60045,5,WB-H098,1,5,ccb91034934bb047c5f6a32eb289b95b
12857,4ddc8821c34bceaf3dba4a18741acca3,af1457846a79173ef71dd9d5dd69805a,SO61114,4590,BK-M68B-42,2,4590,2d6e054ac82934d489c58cc8399a1628
12857,4ddc8821c34bceaf3dba4a18741acca3,af1457846a79173ef71dd9d5dd69805a,SO61114,35,TI-M823,1,35,2d6e054ac82934d489c58cc8399a1628
12857,4ddc8821c34bceaf3dba4a18741acca3,af1457846a79173ef71dd9d5dd69805a,SO61114,5,TT-M928,1,5,2d6e054ac82934d489c58cc8399a1628
12857,5aec9d44b0ac5d0db100a243378111b3,5b52026be4438e7bdff7efad86b3d446,SO49911,4098,BK-M68B-38,2,4098,b7d5a5b8cc647eb5c041cfb92957acb2
12858,6a8d7e42bb852c45fbf8610361d391a0,3f72b837978dcd042b73e7270f11a4ca,SO71101,4640,BK-M68S-46,2,4640,49fce086a31f1cfcf16b54e462f7cbc0
12858,6a8d7e42bb852c45fbf8610361d391a0,3f72b837978dcd042b73e7270f11a4ca,SO71101,2,PK-7098,1,2,49fce086a31f1cfcf16b54e462f7cbc0
12858,c96b659647361342a1bb035614c242b1,5118f4d1a94c19a06818ba12904e26f0,SO50964,4142,BK-M68S-46,2,4142,186b0be01dd08ffcc5cb19cc226fb731
12859,4584ca349e0920f4436a3c2f36158b85,6e32728b966bb91cefefa1316da21ca8,SO68512,1215,BK-T44U-46,1,1215,ca38f30e56a72f4d0c8d2264322c5862
12859,4584ca349e0920f4436a3c2f36158b85,6e32728b966bb91cefefa1316da21ca8,SO68512,27,CA-1098,3,27,ca38f30e56a72f4d0c8d2264322c5862
12859,4584ca349e0920f4436a3c2f36158b85,6e32728b966bb91cefefa1316da21ca8,SO68512,54,SJ-0194-M,1,54,ca38f30e56a72f4d0c8d2264322c5862
12859,4cc27df81afd686c0420394e090460cb,39ff8ac1e8a44088f96e17b846ec8baf,SO61279,4590,BK-M68B-46,2,4590,6477c205c5117a9448ba863e111acf32
12859,4cc27df81afd686c0420394e090460cb,39ff8ac1e8a44088f96e17b846ec8baf,SO61279,22,FE-6654,1,22,6477c205c5117a9448ba863e111acf32
12859,9ee2a0f409662e4664217b7e3b808428,19fce68d7871e14df67c5940bc0ca8ab,SO49940,4142,BK-M68S-42,2,4142,fd23826ef02908bf7404839a32ae44b4
12860,650b814e9875ec60f087b34f3fe85282,10286aa18ba7fc1d175af14353ff81c6,SO50523,4098,BK-M68B-42,2,4098,2d3821c62d6665c47296272022e338e1
12860,f46ace11e93788e473124f7be16a19d5,5c741aa8e0753be65314a304e7b39c14,SO62769,4590,BK-M68B-42,2,4590,4555f65c4664801d78b9f5477f89d8fd
12860,f46ace11e93788e473124f7be16a19d5,5c741aa8e0753be65314a304e7b39c14,SO62769,120,RA-H123,1,120,4555f65c4664801d78b9f5477f89d8fd
12861,2ed3972e38245b633ec6b146c2970148,6477c205c5117a9448ba863e111acf32,SO61672,10,BC-M005,1,10,2becb9647677a1a316b388bbad689580
12861,2ed3972e38245b633ec6b146c2970148,6477c205c5117a9448ba863e111acf32,SO61672,4590,BK-M68B-42,2,4590,2becb9647677a1a316b388bbad689580
12861,2ed3972e38245b633ec6b146c2970148,6477c205c5117a9448ba863e111acf32,SO61672,105,HL-U509-R,3,105,2becb9647677a1a316b388bbad689580
12861,2ed3972e38245b633ec6b146c2970148,6477c205c5117a9448ba863e111acf32,SO61672,5,WB-H098,1,5,2becb9647677a1a316b388bbad689580
12861,c8f4a6002944b338d50dcc7eb3b056c8,aa42aae45cd2488a20db2ff74ed044f7,SO50557,4098,BK-M68B-42,2,4098,90f30c53e79c8b6bcde12e74a091432c
12862,7e15f50bd26e439e6a22f5205a8064db,a1d0c0a14c6c8f8a8ef8220209c23a64,SO67873,105,HL-U509-B,3,105,702a02712215141594ddf8e52b0a651c
12862,7e15f50bd26e439e6a22f5205a8064db,a1d0c0a14c6c8f8a8ef8220209c23a64,SO67873,150,LJ-0192-L,3,150,702a02712215141594ddf8e52b0a651c
12862,7e15f50bd26e439e6a22f5205a8064db,a1d0c0a14c6c8f8a8ef8220209c23a64,SO67873,33,TI-R982,1,33,702a02712215141594ddf8e52b0a651c
12863,0d3057f268050d468f468434f8ec809a,fd5ba6fdeb81e07b2caf0b103489bd8d,SO71961,10,BC-M005,1,10,921bc92a493b53f98f24e6a8a12801be
12863,0d3057f268050d468f468434f8ec809a,fd5ba6fdeb81e07b2caf0b103489bd8d,SO71961,4590,BK-M68B-46,2,4590,921bc92a493b53f98f24e6a8a12801be
12863,0d3057f268050d468f468434f8ec809a,fd5ba6fdeb81e07b2caf0b103489bd8d,SO71961,22,FE-6654,1,22,921bc92a493b53f98f24e6a8a12801be
12863,0d3057f268050d468f468434f8ec809a,fd5ba6fdeb81e07b2caf0b103489bd8d,SO71961,105,HL-U509-R,3,105,921bc92a493b53f98f24e6a8a12801be
12863,0d3057f268050d468f468434f8ec809a,fd5ba6fdeb81e07b2caf0b103489bd8d,SO71961,35,TI-M823,1,35,921bc92a493b53f98f24e6a8a12801be
12863,0d3057f268050d468f468434f8ec809a,fd5ba6fdeb81e07b2caf0b103489bd8d,SO71961,5,TT-M928,1,5,921bc92a493b53f98f24e6a8a12801be
12863,0d3057f268050d468f468434f8ec809a,fd5ba6fdeb81e07b2caf0b103489bd8d,SO71961,5,WB-H098,1,5,921bc92a493b53f98f24e6a8a12801be
12863,c045063ec789c07ddd7ad868b7789049,1022f3e1145b30057972239301ce3382,SO50877,4142,BK-M68S-38,2,4142,c164277d605c0bcbcd6b5749ac477b26
12864,76e3c19dbb0dadc4c6dc771d856e4676,ad4fbe0c82c7e5968d4cf22c2ad19e28,SO53319,2,PK-7098,1,2,15699e35c72c4036c71409f3f3d69528
12864,76e3c19dbb0dadc4c6dc771d856e4676,ad4fbe0c82c7e5968d4cf22c2ad19e28,SO53319,29,TI-T723,1,29,15699e35c72c4036c71409f3f3d69528
12864,76e3c19dbb0dadc4c6dc771d856e4676,ad4fbe0c82c7e5968d4cf22c2ad19e28,SO53319,5,TT-T092,1,5,15699e35c72c4036c71409f3f3d69528
12864,88077cf01a3e17831c2d0bcca5897c5b,95a2a9aefc393f8630e934768cacf4cd,SO73069,10,BC-M005,1,10,86e0fc464cbb08ae74bd039224afec9a
12864,88077cf01a3e17831c2d0bcca5897c5b,95a2a9aefc393f8630e934768cacf4cd,SO73069,105,HL-U509-B,3,105,86e0fc464cbb08ae74bd039224afec9a
12864,88077cf01a3e17831c2d0bcca5897c5b,95a2a9aefc393f8630e934768cacf4cd,SO73069,5,WB-H098,1,5,86e0fc464cbb08ae74bd039224afec9a
12865,3c1811b546060d91957cc446aabc4a3c,3c4bf68562424c26986beae6ce13704a,SO55719,10,BC-M005,1,10,3c8e2c51453f4d665f1050da871dead6
12865,3c1811b546060d91957cc446aabc4a3c,3c4bf68562424c26986beae6ce13704a,SO55719,27,CA-1098,3,27,3c8e2c51453f4d665f1050da871dead6
12865,3c1811b546060d91957cc446aabc4a3c,3c4bf68562424c26986beae6ce13704a,SO55719,54,SJ-0194-L,1,54,3c8e2c51453f4d665f1050da871dead6
12865,3c1811b546060d91957cc446aabc4a3c,3c4bf68562424c26986beae6ce13704a,SO55719,5,WB-H098,1,5,3c8e2c51453f4d665f1050da871dead6
12865,d76e0ba1fa041675ae9af958c5b41ae4,b988e88fd94a3b47434beeb650cff880,SO56989,2,PK-7098,1,2,cae5717327bee7d74e261c550aa5081f
12865,d76e0ba1fa041675ae9af958c5b41ae4,b988e88fd94a3b47434beeb650cff880,SO56989,29,TI-T723,1,29,cae5717327bee7d74e261c550aa5081f
12865,d76e0ba1fa041675ae9af958c5b41ae4,b988e88fd94a3b47434beeb650cff880,SO56989,5,TT-T092,1,5,cae5717327bee7d74e261c550aa5081f
12866,755330dee3da0e4fcef37002a479e564,c33c6976b463bb3c89443e51c98853bd,SO46210,3578,BK-R93R-52,1,3578,8432e9be3a7a8a9212201edf8ef07c9f
12866,88077cf01a3e17831c2d0bcca5897c5b,95a2a9aefc393f8630e934768cacf4cd,SO73045,10,BC-M005,1,10,86e0fc464cbb08ae74bd039224afec9a
12866,88077cf01a3e17831c2d0bcca5897c5b,95a2a9aefc393f8630e934768cacf4cd,SO73045,4590,BK-M68B-46,2,4590,86e0fc464cbb08ae74bd039224afec9a
12867,186b0be01dd08ffcc5cb19cc226fb731,f51bd0753a33f206ae6eb82577c92f80,SO50911,4142,BK-M68S-46,2,4142,fdc1a11f11cd643200d6bfb5eb92100e
12867,43e2cc7ff261723f93f64f3f7e9faa8d,a6f2945baeceeef4c8d541a22f6e99e9,SO73425,4590,BK-M68B-42,2,4590,88077cf01a3e17831c2d0bcca5897c5b
12868,1f50dad3f1493a5cf408c4eb3987479e,226d694fb4b7f71d62444f9528be8704,SO54687,33,TI-R982,1,33,9c56075241a26f6fa77eb86b15411c6e
12869,ad4fbe0c82c7e5968d4cf22c2ad19e28,72e75576254db1afef14ecdc050391c2,SO52701,33,TI-R982,1,33,f5933feadc49c253e4f0e77b236946e9
12870,a048b8d5f3f9178f163e2be055f0138b,c83e871e48c2716e0f28e60d166a5c98,SO72998,27,CA-1098,3,27,41ef6b06b63ba4f6a5234245a439b157
12870,a048b8d5f3f9178f163e2be055f0138b,c83e871e48c2716e0f28e60d166a5c98,SO72998,105,HL-U509-B,3,105,41ef6b06b63ba4f6a5234245a439b157
12870,a048b8d5f3f9178f163e2be055f0138b,c83e871e48c2716e0f28e60d166a5c98,SO72998,5,TT-T092,1,5,41ef6b06b63ba4f6a5234245a439b157
12871,838eec1f117f2cab9e9c306f7efbff28,13b7c2277967bc61802018c764b5b2a0,SO74906,29,TI-T723,1,29,9a027fc72b503940a96d5137762a263e
12871,838eec1f117f2cab9e9c306f7efbff28,13b7c2277967bc61802018c764b5b2a0,SO74906,5,TT-T092,1,5,9a027fc72b503940a96d5137762a263e
12871,e84848120190a8d0e696fbeb15647a74,fff3c307c93eda1eb91d53ca588846fe,SO70421,10,BC-M005,1,10,f544b472453b297a8b55709fbfd3746d
12871,e84848120190a8d0e696fbeb15647a74,fff3c307c93eda1eb91d53ca588846fe,SO70421,5,WB-H098,1,5,f544b472453b297a8b55709fbfd3746d
12872,a9cd7a99d71cca9cb644010050374ade,3db19f5f710f10e90ecc7154c649d60a,SO71731,27,CA-1098,3,27,128ee9ff420de424a605a0ee4a6f7916
12872,a9cd7a99d71cca9cb644010050374ade,3db19f5f710f10e90ecc7154c649d60a,SO71731,105,HL-U509,3,105,128ee9ff420de424a605a0ee4a6f7916
12872,a9cd7a99d71cca9cb644010050374ade,3db19f5f710f10e90ecc7154c649d60a,SO71731,5,TT-T092,1,5,128ee9ff420de424a605a0ee4a6f7916
12873,5d8c6714b72d01c132804ea13b83dd02,e488a84b1e74148f72971289cb4e1be9,SO50435,4142,BK-M68S-46,2,4142,cbb00636032a355ee463d321ac8ee9fb
12873,66e56e10b0f528b66a45e307ecdf4774,691ad1b0dca3643b923973defd014d47,SO68603,1215,BK-T44U-50,1,1215,8eb7a1b0dba9fdd5f4248b9cb6b9119b
12873,66e56e10b0f528b66a45e307ecdf4774,691ad1b0dca3643b923973defd014d47,SO68603,105,HL-U509-R,3,105,8eb7a1b0dba9fdd5f4248b9cb6b9119b
12873,f46ace11e93788e473124f7be16a19d5,5c741aa8e0753be65314a304e7b39c14,SO62767,4640,BK-M68S-42,2,4640,4555f65c4664801d78b9f5477f89d8fd
12873,f46ace11e93788e473124f7be16a19d5,5c741aa8e0753be65314a304e7b39c14,SO62767,105,HL-U509,3,105,4555f65c4664801d78b9f5477f89d8fd
12874,691ad1b0dca3643b923973defd014d47,6dd75c28a9a8a39e02bc0a175f82a9f3,SO67824,1215,BK-T44U-50,1,1215,9f1ff00ea8fd9fd8f2d421ba5ec45a18
12874,abe94c2111c58e9c9672602d41bce66e,0149f124a48640c62d90840ac5760331,SO64128,4590,BK-M68B-46,2,4590,99b7e934795a93975a5e0c0b9b57d9ba
12874,abe94c2111c58e9c9672602d41bce66e,0149f124a48640c62d90840ac5760331,SO64128,55,HY-1023-70,1,55,99b7e934795a93975a5e0c0b9b57d9ba
12874,abe94c2111c58e9c9672602d41bce66e,0149f124a48640c62d90840ac5760331,SO64128,2,PK-7098,1,2,99b7e934795a93975a5e0c0b9b57d9ba
12874,e7474cc4160afe50284f7f7c3679b3c1,cbb00636032a355ee463d321ac8ee9fb,SO50504,4142,BK-M68S-46,2,4142,28ba281a58dae2613cc89f9d101be807
12875,aa14ddbc43aa2d3be1e6ac019bb7b5bc,dcf73f840a50da0145f24e8e0169dc4b,SO72903,10,BC-M005,1,10,a6f2945baeceeef4c8d541a22f6e99e9
12875,aa14ddbc43aa2d3be1e6ac019bb7b5bc,dcf73f840a50da0145f24e8e0169dc4b,SO72903,22,FE-6654,1,22,a6f2945baeceeef4c8d541a22f6e99e9
12875,aa14ddbc43aa2d3be1e6ac019bb7b5bc,dcf73f840a50da0145f24e8e0169dc4b,SO72903,105,HL-U509-B,3,105,a6f2945baeceeef4c8d541a22f6e99e9
12875,aa14ddbc43aa2d3be1e6ac019bb7b5bc,dcf73f840a50da0145f24e8e0169dc4b,SO72903,9,SO-R809-M,1,9,a6f2945baeceeef4c8d541a22f6e99e9
12875,aa14ddbc43aa2d3be1e6ac019bb7b5bc,dcf73f840a50da0145f24e8e0169dc4b,SO72903,5,WB-H098,1,5,a6f2945baeceeef4c8d541a22f6e99e9
12876,2fb09097185e604aaadbfde958fd6262,a1e59736d286765313b8212467dc64b2,SO74617,10,BC-M005,1,10,88d8e3ff674b1514a19b24621707f0d9
12876,2fb09097185e604aaadbfde958fd6262,a1e59736d286765313b8212467dc64b2,SO74617,22,FE-6654,1,22,88d8e3ff674b1514a19b24621707f0d9
12876,2fb09097185e604aaadbfde958fd6262,a1e59736d286765313b8212467dc64b2,SO74617,5,WB-H098,1,5,88d8e3ff674b1514a19b24621707f0d9
12877,c926349b55a58d87d7d5008c349fd1e9,9e8cbc3edbb5efb3f48d6afb260e4725,SO60091,8,CL-9009,1,8,ccb91034934bb047c5f6a32eb289b95b
12877,c926349b55a58d87d7d5008c349fd1e9,9e8cbc3edbb5efb3f48d6afb260e4725,SO60091,22,FE-6654,1,22,ccb91034934bb047c5f6a32eb289b95b
12878,714597fe9448176d17876617114a65bc,d6ec5bff1a0809822c740ce35792fa7a,SO53231,22,FE-6654,1,22,3143ce3c6436ed5bd25398756b7b661d
12878,714597fe9448176d17876617114a65bc,d6ec5bff1a0809822c740ce35792fa7a,SO53231,48,GL-H102-L,2,48,3143ce3c6436ed5bd25398756b7b661d
12879,1ba7e8cdf85da6cf5e11554703236b52,9592b44e2c3f304a9875f45537bec6eb,SO73684,10,BC-M005,1,10,4c6ed4daa82e7326b84c24f4c2ae7064
12879,1ba7e8cdf85da6cf5e11554703236b52,9592b44e2c3f304a9875f45537bec6eb,SO73684,22,FE-6654,1,22,4c6ed4daa82e7326b84c24f4c2ae7064
12879,1ba7e8cdf85da6cf5e11554703236b52,9592b44e2c3f304a9875f45537bec6eb,SO73684,5,WB-H098,1,5,4c6ed4daa82e7326b84c24f4c2ae7064
12880,3f0c8308e4e2e5c4ddc1b7e19304f613,61e00b038efd34bdf9c747596273cbcf,SO64814,48,GL-H102-M,2,48,232e830f1ac667c081eaaca23cdf9b5f
12880,3f0c8308e4e2e5c4ddc1b7e19304f613,61e00b038efd34bdf9c747596273cbcf,SO64814,70,SH-W890-M,1,70,232e830f1ac667c081eaaca23cdf9b5f
12880,3fbd0407b55d3a3da21388a2ddbf881c,ab4946738415af86b5e3cee69b13301f,SO57914,2,PK-7098,1,2,5abaefcc8525a8f4cfd95cba9e926532
12880,3fbd0407b55d3a3da21388a2ddbf881c,ab4946738415af86b5e3cee69b13301f,SO57914,30,TI-M602,1,30,5abaefcc8525a8f4cfd95cba9e926532
12880,3fbd0407b55d3a3da21388a2ddbf881c,ab4946738415af86b5e3cee69b13301f,SO57914,5,TT-M928,1,5,5abaefcc8525a8f4cfd95cba9e926532
12880,c885741a5e3e55c84950327011b70289,7e15f50bd26e439e6a22f5205a8064db,SO68654,35,TI-M823,1,35,0da2bc000f1fe4ea8746f9aea0bb5879
12880,eea5b3bd1bd5d5c62a1d22f78d3ba263,c87874400b9f907bdf9ea37d75a4b341,SO65466,29,TI-T723,1,29,a1fedb8f5f2e08543339a5f167bee6b7
12880,eea5b3bd1bd5d5c62a1d22f78d3ba263,c87874400b9f907bdf9ea37d75a4b341,SO65466,5,TT-T092,1,5,a1fedb8f5f2e08543339a5f167bee6b7
12881,23e53557c4c2300cb2511c53082467bb,d0f6d44eeb1872b3e00d9f219db7d91c,SO46498,3578,BK-R93R-52,1,3578,f5f4a24c43cdbbee05aff7941a939ee5
12881,6ef7b4bb93d4e54234cf965ed2334682,ccf89c691dabb1412404274596922d90,SO66002,4590,BK-M68B-42,2,4590,93ddc10d6cf61153011df052aa76671f
12881,6ef7b4bb93d4e54234cf965ed2334682,ccf89c691dabb1412404274596922d90,SO66002,35,TI-M823,1,35,93ddc10d6cf61153011df052aa76671f
12882,4de859c864889d3c068280a6c1c3328c,7c3142db91e31857b37800499bf69b43,SO46522,3578,BK-R93R-48,1,3578,3231874380fe0ddd5531449efe325585
12882,dfcee565bb2da80a7b76451a5cd314a1,6582aa26281b9a92ad60e6a03e274c00,SO66186,4590,BK-M68B-46,2,4590,64cadfde6f66bc25043d0d69f5ae5471
12882,dfcee565bb2da80a7b76451a5cd314a1,6582aa26281b9a92ad60e6a03e274c00,SO66186,22,FE-6654,1,22,64cadfde6f66bc25043d0d69f5ae5471
12882,dfcee565bb2da80a7b76451a5cd314a1,6582aa26281b9a92ad60e6a03e274c00,SO66186,105,HL-U509,3,105,64cadfde6f66bc25043d0d69f5ae5471
12883,3231874380fe0ddd5531449efe325585,901d3c97008878679a99b7d12df8ecda,SO46483,3578,BK-R93R-48,1,3578,eb89b77c8ab43407829a31ec1c84f649
12883,6dd75c28a9a8a39e02bc0a175f82a9f3,dfcee565bb2da80a7b76451a5cd314a1,SO66921,4590,BK-M68B-38,2,4590,f88b3743a9ce1f9455b6de69380b486a
12883,6dd75c28a9a8a39e02bc0a175f82a9f3,dfcee565bb2da80a7b76451a5cd314a1,SO66921,2,PK-7098,1,2,f88b3743a9ce1f9455b6de69380b486a
12884,c507827aa5f4f6bbedf64058461c621b,6d1d8a1c7851eb5a946d45009cea6d9f,SO66479,4640,BK-M68S-42,2,4640,dfcee565bb2da80a7b76451a5cd314a1
12884,c507827aa5f4f6bbedf64058461c621b,6d1d8a1c7851eb5a946d45009cea6d9f,SO66479,2,PK-7098,1,2,dfcee565bb2da80a7b76451a5cd314a1
12884,d0f6d44eeb1872b3e00d9f219db7d91c,ec3807bc691cff8019155b6bd6a3a85d,SO46422,3578,BK-R93R-44,1,3578,e0f48f5bd9667361697fd7895dbec731
12885,0001ffe4d82d0d8f9fec5ab0b4faa2db,3dc63b2d6dcc8f0b6720b06b5439a0b1,SO67067,4590,BK-M68B-38,2,4590,4004a117f65dfd3221a9cce8fce5a45f
12885,0001ffe4d82d0d8f9fec5ab0b4faa2db,3dc63b2d6dcc8f0b6720b06b5439a0b1,SO67067,105,HL-U509-R,3,105,4004a117f65dfd3221a9cce8fce5a45f
12885,0001ffe4d82d0d8f9fec5ab0b4faa2db,3dc63b2d6dcc8f0b6720b06b5439a0b1,SO67067,35,TI-M823,1,35,4004a117f65dfd3221a9cce8fce5a45f
12885,0001ffe4d82d0d8f9fec5ab0b4faa2db,3dc63b2d6dcc8f0b6720b06b5439a0b1,SO67067,5,TT-M928,1,5,4004a117f65dfd3221a9cce8fce5a45f
12885,5fe94fb0f4dba39b9df91e97622d2ec2,3a5d59e0d6a1a261f70c276f78a569eb,SO46464,3578,BK-R93R-62,1,3578,8a5d7ee8a6750efd5364f3ccd8e7ea1b
12886,c507827aa5f4f6bbedf64058461c621b,6d1d8a1c7851eb5a946d45009cea6d9f,SO66477,10,BC-M005,1,10,dfcee565bb2da80a7b76451a5cd314a1
12886,c507827aa5f4f6bbedf64058461c621b,6d1d8a1c7851eb5a946d45009cea6d9f,SO66477,4640,BK-M68S-38,2,4640,dfcee565bb2da80a7b76451a5cd314a1
12886,c507827aa5f4f6bbedf64058461c621b,6d1d8a1c7851eb5a946d45009cea6d9f,SO66477,22,FE-6654,1,22,dfcee565bb2da80a7b76451a5cd314a1
12886,c507827aa5f4f6bbedf64058461c621b,6d1d8a1c7851eb5a946d45009cea6d9f,SO66477,105,HL-U509,3,105,dfcee565bb2da80a7b76451a5cd314a1
12886,c79548466fdad0728a9aa092fbad03a7,8a5d7ee8a6750efd5364f3ccd8e7ea1b,SO46509,3578,BK-R93R-62,1,3578,d37ddfbd511aeb9a1d163babcb308cf0
12887,c4369eefdf9bb8a3f9115e96b40aaf17,b34050290c25b0f7b52a2b8f767df87d,SO68780,22,FE-6654,1,22,c135545cc3f3a739132ffdbc8096f3d4
12888,0da2bc000f1fe4ea8746f9aea0bb5879,702a02712215141594ddf8e52b0a651c,SO68318,22,FE-6654,1,22,b34050290c25b0f7b52a2b8f767df87d
12888,0da2bc000f1fe4ea8746f9aea0bb5879,702a02712215141594ddf8e52b0a651c,SO68318,48,GL-H102-L,2,48,b34050290c25b0f7b52a2b8f767df87d
12888,0da2bc000f1fe4ea8746f9aea0bb5879,702a02712215141594ddf8e52b0a651c,SO68318,150,LJ-0192-M,3,150,b34050290c25b0f7b52a2b8f767df87d
12889,702a02712215141594ddf8e52b0a651c,cd15e5f80ff20dd345bfaa51400dd0d6,SO67539,22,FE-6654,1,22,caa707f97407c07371136aaf471a91d4
12890,d612b5fb3f6011688fb0c9927693365a,3e107cd1554225ea3056ed5010adce90,SO74412,22,FE-6654,1,22,a1e59736d286765313b8212467dc64b2
12890,d612b5fb3f6011688fb0c9927693365a,3e107cd1554225ea3056ed5010adce90,SO74412,150,LJ-0192-M,3,150,a1e59736d286765313b8212467dc64b2
12891,4c6ed4daa82e7326b84c24f4c2ae7064,b2ce0ef2540789e8a6976165b6c917d8,SO73298,22,FE-6654,1,22,aa14ddbc43aa2d3be1e6ac019bb7b5bc
12892,0d3057f268050d468f468434f8ec809a,fd5ba6fdeb81e07b2caf0b103489bd8d,SO71969,27,CA-1098,3,27,921bc92a493b53f98f24e6a8a12801be
12892,0d3057f268050d468f468434f8ec809a,fd5ba6fdeb81e07b2caf0b103489bd8d,SO71969,70,SH-W890-S,1,70,921bc92a493b53f98f24e6a8a12801be
12892,16e364d19895243407b256ec272d5394,4004a117f65dfd3221a9cce8fce5a45f,SO67615,2,PK-7098,1,2,7acd252f45ad6fe668386456a673d543
12892,16e364d19895243407b256ec272d5394,4004a117f65dfd3221a9cce8fce5a45f,SO67615,35,TI-M823,1,35,7acd252f45ad6fe668386456a673d543
12892,16e364d19895243407b256ec272d5394,4004a117f65dfd3221a9cce8fce5a45f,SO67615,5,TT-M928,1,5,7acd252f45ad6fe668386456a673d543
12892,c375f33d72ca7161f341c2726e82d67a,9f79f7706bc6a7654ef0b8977966f69a,SO52736,2,PK-7098,1,2,0dc34ca2aaa8612cde077f1880b78b25
12892,c375f33d72ca7161f341c2726e82d67a,9f79f7706bc6a7654ef0b8977966f69a,SO52736,120,RA-H123,1,120,0dc34ca2aaa8612cde077f1880b78b25
12892,c375f33d72ca7161f341c2726e82d67a,9f79f7706bc6a7654ef0b8977966f69a,SO52736,29,TI-T723,1,29,0dc34ca2aaa8612cde077f1880b78b25
12892,c375f33d72ca7161f341c2726e82d67a,9f79f7706bc6a7654ef0b8977966f69a,SO52736,5,TT-T092,1,5,0dc34ca2aaa8612cde077f1880b78b25
12892,db2f6a564b6f5f41253c68874b50962b,76918877cf6ce7011018cd9708723392,SO62251,22,FE-6654,1,22,606ed413481267c98754e3351f662859
12892,db2f6a564b6f5f41253c68874b50962b,76918877cf6ce7011018cd9708723392,SO62251,105,HL-U509,3,105,606ed413481267c98754e3351f662859
12892,db2f6a564b6f5f41253c68874b50962b,76918877cf6ce7011018cd9708723392,SO62251,150,LJ-0192-X,3,150,606ed413481267c98754e3351f662859
12892,db2f6a564b6f5f41253c68874b50962b,76918877cf6ce7011018cd9708723392,SO62251,30,TI-M602,1,30,606ed413481267c98754e3351f662859
12892,db2f6a564b6f5f41253c68874b50962b,76918877cf6ce7011018cd9708723392,SO62251,5,TT-M928,1,5,606ed413481267c98754e3351f662859
12893,5efefff01843f5aa3f7d8a4d44b4bf2e,922d04aa1f67bbe0270bfad98508f43e,SO62531,9,BC-R205,1,9,db2f6a564b6f5f41253c68874b50962b
12893,5efefff01843f5aa3f7d8a4d44b4bf2e,922d04aa1f67bbe0270bfad98508f43e,SO62531,5,WB-H098,1,5,db2f6a564b6f5f41253c68874b50962b
12893,88077cf01a3e17831c2d0bcca5897c5b,95a2a9aefc393f8630e934768cacf4cd,SO73067,35,TI-M823,1,35,86e0fc464cbb08ae74bd039224afec9a
12894,94c60e0b5e2b0f78b919a5d4c67d70a2,0d15ba5aa4c9ad0377b26e0cf7a86280,SO62158,9,BC-R205,1,9,9913e55755fcc4267a06c1e6adbbc7fb
12894,94c60e0b5e2b0f78b919a5d4c67d70a2,0d15ba5aa4c9ad0377b26e0cf7a86280,SO62158,5,WB-H098,1,5,9913e55755fcc4267a06c1e6adbbc7fb
12894,caa707f97407c07371136aaf471a91d4,4efe8b2ca156042f8a3d8dd6aba54520,SO67123,35,TI-M823,1,35,058af5b2a408d57b708367e5bf4e9d9c
12895,18bea060239713ee5f865109f63f3a8a,7f026edc73bd4602381834e9b850d6c2,SO52856,2,PK-7098,1,2,d6ec5bff1a0809822c740ce35792fa7a
12895,18bea060239713ee5f865109f63f3a8a,7f026edc73bd4602381834e9b850d6c2,SO52856,30,TI-M602,1,30,d6ec5bff1a0809822c740ce35792fa7a
12895,18bea060239713ee5f865109f63f3a8a,7f026edc73bd4602381834e9b850d6c2,SO52856,5,TT-M928,1,5,d6ec5bff1a0809822c740ce35792fa7a
12895,4a800301260b2639fa1ec3efafb5f86c,23f22724b430320654759f8512440ebc,SO59184,10,BC-M005,1,10,a189cc17a15cdb4e39e80dfcd8374c76
12895,4a800301260b2639fa1ec3efafb5f86c,23f22724b430320654759f8512440ebc,SO59184,27,CA-1098,3,27,a189cc17a15cdb4e39e80dfcd8374c76
12895,4a800301260b2639fa1ec3efafb5f86c,23f22724b430320654759f8512440ebc,SO59184,22,FE-6654,1,22,a189cc17a15cdb4e39e80dfcd8374c76
12895,4a800301260b2639fa1ec3efafb5f86c,23f22724b430320654759f8512440ebc,SO59184,35,TI-M823,1,35,a189cc17a15cdb4e39e80dfcd8374c76
12895,4a800301260b2639fa1ec3efafb5f86c,23f22724b430320654759f8512440ebc,SO59184,5,TT-M928,1,5,a189cc17a15cdb4e39e80dfcd8374c76
12895,4a800301260b2639fa1ec3efafb5f86c,23f22724b430320654759f8512440ebc,SO59184,5,WB-H098,1,5,a189cc17a15cdb4e39e80dfcd8374c76
12895,95a2a9aefc393f8630e934768cacf4cd,8f472ffe3ff3109f420ae91355ff8f3f,SO72147,105,HL-U509-B,3,105,38c9e5d1e366b4c5c36aae682bc960c4
12895,95a2a9aefc393f8630e934768cacf4cd,8f472ffe3ff3109f420ae91355ff8f3f,SO72147,29,TI-T723,1,29,38c9e5d1e366b4c5c36aae682bc960c4
12895,95a2a9aefc393f8630e934768cacf4cd,8f472ffe3ff3109f420ae91355ff8f3f,SO72147,5,TT-T092,1,5,38c9e5d1e366b4c5c36aae682bc960c4
12895,fff3c307c93eda1eb91d53ca588846fe,4584ca349e0920f4436a3c2f36158b85,SO69335,48,GL-H102-S,2,48,70951886788165a5e2439adfce4d0cce
12895,fff3c307c93eda1eb91d53ca588846fe,4584ca349e0920f4436a3c2f36158b85,SO69335,150,LJ-0192-S,3,150,70951886788165a5e2439adfce4d0cce
12895,fff3c307c93eda1eb91d53ca588846fe,4584ca349e0920f4436a3c2f36158b85,SO69335,70,SH-W890-S,1,70,70951886788165a5e2439adfce4d0cce
12896,9b6872ca1d80024637e967d1066bba0a,4310d0d92131e34ff2716d85e1953174,SO55368,10,BC-M005,1,10,7b0730955172ecda497d7cca6b1d87a1
12896,9b6872ca1d80024637e967d1066bba0a,4310d0d92131e34ff2716d85e1953174,SO55368,8,CL-9009,1,8,7b0730955172ecda497d7cca6b1d87a1
12896,9b6872ca1d80024637e967d1066bba0a,4310d0d92131e34ff2716d85e1953174,SO55368,22,FE-6654,1,22,7b0730955172ecda497d7cca6b1d87a1
12896,9b6872ca1d80024637e967d1066bba0a,4310d0d92131e34ff2716d85e1953174,SO55368,5,WB-H098,1,5,7b0730955172ecda497d7cca6b1d87a1
12897,6866da5d40f1aad2d82129d5ffa25bda,b68fd63ca41d49bfc1b18251202c053f,SO65771,22,FE-6654,1,22,eea5b3bd1bd5d5c62a1d22f78d3ba263
12897,6866da5d40f1aad2d82129d5ffa25bda,b68fd63ca41d49bfc1b18251202c053f,SO65771,105,HL-U509,3,105,eea5b3bd1bd5d5c62a1d22f78d3ba263
12897,6866da5d40f1aad2d82129d5ffa25bda,b68fd63ca41d49bfc1b18251202c053f,SO65771,150,LJ-0192-M,3,150,eea5b3bd1bd5d5c62a1d22f78d3ba263
12898,07b7d2aed13a63a16377587dcc0abbe8,02b96ab6e0935145589be4e1408a1675,SO66130,4590,BK-M68B-38,2,4590,6866da5d40f1aad2d82129d5ffa25bda
12898,07b7d2aed13a63a16377587dcc0abbe8,02b96ab6e0935145589be4e1408a1675,SO66130,22,FE-6654,1,22,6866da5d40f1aad2d82129d5ffa25bda
12898,07b7d2aed13a63a16377587dcc0abbe8,02b96ab6e0935145589be4e1408a1675,SO66130,64,VE-C304-M,1,64,6866da5d40f1aad2d82129d5ffa25bda
12898,5fe94fb0f4dba39b9df91e97622d2ec2,3a5d59e0d6a1a261f70c276f78a569eb,SO46465,3578,BK-R93R-44,1,3578,8a5d7ee8a6750efd5364f3ccd8e7ea1b
12899,4c6ed4daa82e7326b84c24f4c2ae7064,b2ce0ef2540789e8a6976165b6c917d8,SO73299,22,FE-6654,1,22,aa14ddbc43aa2d3be1e6ac019bb7b5bc
12899,4c6ed4daa82e7326b84c24f4c2ae7064,b2ce0ef2540789e8a6976165b6c917d8,SO73299,48,GL-H102-M,2,48,aa14ddbc43aa2d3be1e6ac019bb7b5bc
12899,4c6ed4daa82e7326b84c24f4c2ae7064,b2ce0ef2540789e8a6976165b6c917d8,SO73299,150,LJ-0192-L,3,150,aa14ddbc43aa2d3be1e6ac019bb7b5bc
12900,6a8d7e42bb852c45fbf8610361d391a0,3f72b837978dcd042b73e7270f11a4ca,SO71122,22,FE-6654,1,22,49fce086a31f1cfcf16b54e462f7cbc0
12901,8a5d7ee8a6750efd5364f3ccd8e7ea1b,79aec4feadc6bb77df978e9aecbf488e,SO46431,3578,BK-R93R-62,1,3578,f2a989663bc8d65aa827c90de8522a12
12901,eea5b3bd1bd5d5c62a1d22f78d3ba263,c87874400b9f907bdf9ea37d75a4b341,SO65490,4590,BK-M68B-42,2,4590,a1fedb8f5f2e08543339a5f167bee6b7
12901,eea5b3bd1bd5d5c62a1d22f78d3ba263,c87874400b9f907bdf9ea37d75a4b341,SO65490,105,HL-U509,3,105,a1fedb8f5f2e08543339a5f167bee6b7
12901,eea5b3bd1bd5d5c62a1d22f78d3ba263,c87874400b9f907bdf9ea37d75a4b341,SO65490,9,SO-R809-M,1,9,a1fedb8f5f2e08543339a5f167bee6b7
12902,290499d9b8e65db426ba9b842714eb6d,606ed413481267c98754e3351f662859,SO62665,10,BC-M005,1,10,d1024973c3d10f08cb9fa1736e6ed8b7
12902,290499d9b8e65db426ba9b842714eb6d,606ed413481267c98754e3351f662859,SO62665,4640,BK-M68S-38,2,4640,d1024973c3d10f08cb9fa1736e6ed8b7
12903,7ee641303ef8d8b10d0ed00a060c73cc,eef21e68ecca703bb338920b950f203c,SO61770,4590,BK-M68B-38,2,4590,0d15ba5aa4c9ad0377b26e0cf7a86280
12903,7ee641303ef8d8b10d0ed00a060c73cc,eef21e68ecca703bb338920b950f203c,SO61770,2,PK-7098,1,2,0d15ba5aa4c9ad0377b26e0cf7a86280
12903,7ee641303ef8d8b10d0ed00a060c73cc,eef21e68ecca703bb338920b950f203c,SO61770,35,TI-M823,1,35,0d15ba5aa4c9ad0377b26e0cf7a86280
12904,2f6f8a5ec1c6c4b60d2ceb4eb5ad9c78,5fe94fb0f4dba39b9df91e97622d2ec2,SO46557,3578,BK-R93R-62,1,3578,c79548466fdad0728a9aa092fbad03a7
12904,8d1d4829b2e801ba4e41ba48f5a549d4,a6d37e298c3042e300813f55a17e0875,SO65541,10,BC-M005,1,10,ccf89c691dabb1412404274596922d90
12904,8d1d4829b2e801ba4e41ba48f5a549d4,a6d37e298c3042e300813f55a17e0875,SO65541,4640,BK-M68S-42,2,4640,ccf89c691dabb1412404274596922d90
12904,8d1d4829b2e801ba4e41ba48f5a549d4,a6d37e298c3042e300813f55a17e0875,SO65541,2,PK-7098,1,2,ccf89c691dabb1412404274596922d90
12904,8d1d4829b2e801ba4e41ba48f5a549d4,a6d37e298c3042e300813f55a17e0875,SO65541,5,WB-H098,1,5,ccf89c691dabb1412404274596922d90
12905,8b9fe4b34e3c54f08bfcac3d9691e260,a946e75bc65318721cd1e01162d392dd,SO64211,22,FE-6654,1,22,f75e5f8c15ca91ec5c869dc3881f574f
12905,8b9fe4b34e3c54f08bfcac3d9691e260,a946e75bc65318721cd1e01162d392dd,SO64211,150,LJ-0192-S,3,150,f75e5f8c15ca91ec5c869dc3881f574f
12906,18bea060239713ee5f865109f63f3a8a,7f026edc73bd4602381834e9b850d6c2,SO52874,22,FE-6654,1,22,d6ec5bff1a0809822c740ce35792fa7a
12907,1f50dad3f1493a5cf408c4eb3987479e,226d694fb4b7f71d62444f9528be8704,SO54697,22,FE-6654,1,22,9c56075241a26f6fa77eb86b15411c6e
12907,1f50dad3f1493a5cf408c4eb3987479e,226d694fb4b7f71d62444f9528be8704,SO54697,120,RA-H123,1,120,9c56075241a26f6fa77eb86b15411c6e
12908,90c6314650a0d54fdcabe5cd5406f9af,f476906875bc5d9abe836b4ea1f485c1,SO53960,22,FE-6654,1,22,41464bd548f06ca845208f69df30ac82
12908,90c6314650a0d54fdcabe5cd5406f9af,f476906875bc5d9abe836b4ea1f485c1,SO53960,64,VE-C304-M,1,64,41464bd548f06ca845208f69df30ac82
12909,c885741a5e3e55c84950327011b70289,7e15f50bd26e439e6a22f5205a8064db,SO68655,22,FE-6654,1,22,0da2bc000f1fe4ea8746f9aea0bb5879
12909,c885741a5e3e55c84950327011b70289,7e15f50bd26e439e6a22f5205a8064db,SO68655,150,LJ-0192-S,3,150,0da2bc000f1fe4ea8746f9aea0bb5879
12910,7e15f50bd26e439e6a22f5205a8064db,a1d0c0a14c6c8f8a8ef8220209c23a64,SO67880,22,FE-6654,1,22,702a02712215141594ddf8e52b0a651c
12910,7e15f50bd26e439e6a22f5205a8064db,a1d0c0a14c6c8f8a8ef8220209c23a64,SO67880,105,HL-U509-R,3,105,702a02712215141594ddf8e52b0a651c
12911,40eee601514259a9632d510ca71226cc,8babade0595c11e14dd89058a850f2cd,SO74440,22,FE-6654,1,22,982b3b4109cce5d4e5bf1fcbe0ae259b
12911,40eee601514259a9632d510ca71226cc,8babade0595c11e14dd89058a850f2cd,SO74440,9,SO-R809-L,1,9,982b3b4109cce5d4e5bf1fcbe0ae259b
12912,3fe686907939d07097f6c87f08025422,8eb7a1b0dba9fdd5f4248b9cb6b9119b,SO69061,4640,BK-M68S-42,2,4640,e5114f65ece65e14e7b721dab1e674e0
12912,4593d632f4e33a6fedc30d17cbdc0c29,c7ba73dc38a0064ac7ceeef22463d8d7,SO46593,3578,BK-R93R-56,1,3578,2f6f8a5ec1c6c4b60d2ceb4eb5ad9c78
12913,3fe686907939d07097f6c87f08025422,8eb7a1b0dba9fdd5f4248b9cb6b9119b,SO69062,4640,BK-M68S-42,2,4640,e5114f65ece65e14e7b721dab1e674e0
12913,3fe686907939d07097f6c87f08025422,8eb7a1b0dba9fdd5f4248b9cb6b9119b,SO69062,22,FE-6654,1,22,e5114f65ece65e14e7b721dab1e674e0
12913,3fe686907939d07097f6c87f08025422,8eb7a1b0dba9fdd5f4248b9cb6b9119b,SO69062,2,PK-7098,1,2,e5114f65ece65e14e7b721dab1e674e0
12913,9168e86a755a5c41b2494b0599f3c88a,3231874380fe0ddd5531449efe325585,SO46577,3578,BK-R93R-44,1,3578,59e3b2198b06015c3db5bbabfa658d5a
12914,f8025d3776b5f7522a6120cb4e9e0783,2d6e054ac82934d489c58cc8399a1628,SO61636,10,BC-M005,1,10,d945ec2aae74dbfb829453026b91c235
12914,f8025d3776b5f7522a6120cb4e9e0783,2d6e054ac82934d489c58cc8399a1628,SO61636,4640,BK-M68S-46,2,4640,d945ec2aae74dbfb829453026b91c235
12915,511572e8a25e86c2f48ae9e6d73a1e6a,8e8847c1bdf012037ee13bb62da8a5c1,SO68133,10,BC-M005,1,10,691ad1b0dca3643b923973defd014d47
12915,511572e8a25e86c2f48ae9e6d73a1e6a,8e8847c1bdf012037ee13bb62da8a5c1,SO68133,4590,BK-M68B-38,2,4590,691ad1b0dca3643b923973defd014d47
12915,511572e8a25e86c2f48ae9e6d73a1e6a,8e8847c1bdf012037ee13bb62da8a5c1,SO68133,8,CL-9009,1,8,691ad1b0dca3643b923973defd014d47
12915,511572e8a25e86c2f48ae9e6d73a1e6a,8e8847c1bdf012037ee13bb62da8a5c1,SO68133,5,WB-H098,1,5,691ad1b0dca3643b923973defd014d47
12915,5fe94fb0f4dba39b9df91e97622d2ec2,3a5d59e0d6a1a261f70c276f78a569eb,SO46466,3578,BK-R93R-44,1,3578,8a5d7ee8a6750efd5364f3ccd8e7ea1b
12916,02ad1a5ca18e58629b8c1d6a6401d071,8d71482745a6a1be4fbbc5562ade4657,SO57759,105,HL-U509-B,3,105,a976f17830aceaaa93d5daef0bc209a3
12916,02ad1a5ca18e58629b8c1d6a6401d071,8d71482745a6a1be4fbbc5562ade4657,SO57759,29,TI-T723,1,29,a976f17830aceaaa93d5daef0bc209a3
12916,02ad1a5ca18e58629b8c1d6a6401d071,8d71482745a6a1be4fbbc5562ade4657,SO57759,5,TT-T092,1,5,a976f17830aceaaa93d5daef0bc209a3
12916,3a2f313512bb520c43971e54ba834dec,a1fedb8f5f2e08543339a5f167bee6b7,SO65900,150,LJ-0192-S,3,150,e2f0a420a4c1a9e8e292761f835e0489
12916,3a2f313512bb520c43971e54ba834dec,a1fedb8f5f2e08543339a5f167bee6b7,SO65900,70,SH-W890-M,1,70,e2f0a420a4c1a9e8e292761f835e0489
12916,a6f2945baeceeef4c8d541a22f6e99e9,d5985f40495ba672dff8a99620b879c8,SO72526,30,TI-M602,1,30,95a2a9aefc393f8630e934768cacf4cd
12916,c4369eefdf9bb8a3f9115e96b40aaf17,b34050290c25b0f7b52a2b8f767df87d,SO68778,2,PK-7098,1,2,c135545cc3f3a739132ffdbc8096f3d4
12916,c4369eefdf9bb8a3f9115e96b40aaf17,b34050290c25b0f7b52a2b8f767df87d,SO68778,35,TI-M823,1,35,c135545cc3f3a739132ffdbc8096f3d4
12916,c4369eefdf9bb8a3f9115e96b40aaf17,b34050290c25b0f7b52a2b8f767df87d,SO68778,5,TT-M928,1,5,c135545cc3f3a739132ffdbc8096f3d4
12917,b0d346be9fa7508e21d5c500b97e6b7a,e0ff70a5e22e7449dab732c95d815720,SO46547,3578,BK-R93R-52,1,3578,23e53557c4c2300cb2511c53082467bb
12917,ed268f8f3837888893f896b7240f1254,a9cefc49af6424b430612adfc69876ee,SO56472,4640,BK-M68S-46,2,4640,6353a8421ee460b64f2c988cc72a8391
12918,18025e6a8791d350428f65c0783ebd99,3c8e2c51453f4d665f1050da871dead6,SO56106,4640,BK-M68S-46,2,4640,a9cefc49af6424b430612adfc69876ee
12918,bea2034ab47ba6f72c2dea803bbc3328,2f6f8a5ec1c6c4b60d2ceb4eb5ad9c78,SO46723,2443,BK-R89R-44,1,2443,ebce0865da088132946764a3527b5a4e
12919,072bf847aeeee970f66483e596496cd9,cfceb7490eff6e660974507be7c579c6,SO52635,48,GL-H102-L,2,48,dca79d69a6b38e95c4b03bfab997796c
12919,072bf847aeeee970f66483e596496cd9,cfceb7490eff6e660974507be7c579c6,SO52635,105,HL-U509-R,3,105,dca79d69a6b38e95c4b03bfab997796c
12919,072bf847aeeee970f66483e596496cd9,cfceb7490eff6e660974507be7c579c6,SO52635,5,WB-H098,1,5,dca79d69a6b38e95c4b03bfab997796c
12919,3f72b837978dcd042b73e7270f11a4ca,83d1ed00595e79ee5ea3797e97970fe8,SO70269,10,BC-M005,1,10,99c8f306659fd98cbb9d7f03ec0c2a7a
12919,3f72b837978dcd042b73e7270f11a4ca,83d1ed00595e79ee5ea3797e97970fe8,SO70269,27,CA-1098,3,27,99c8f306659fd98cbb9d7f03ec0c2a7a
12919,3f72b837978dcd042b73e7270f11a4ca,83d1ed00595e79ee5ea3797e97970fe8,SO70269,5,WB-H098,1,5,99c8f306659fd98cbb9d7f03ec0c2a7a
12919,9c56075241a26f6fa77eb86b15411c6e,9444f850ff0c10a862b4a6a9c4ab0a74,SO54395,48,GL-H102-L,2,48,ab2e81a99745ffff6c06e2be93290d1b
12919,9c56075241a26f6fa77eb86b15411c6e,9444f850ff0c10a862b4a6a9c4ab0a74,SO54395,105,HL-U509,3,105,ab2e81a99745ffff6c06e2be93290d1b
12919,9c56075241a26f6fa77eb86b15411c6e,9444f850ff0c10a862b4a6a9c4ab0a74,SO54395,30,TI-M602,1,30,ab2e81a99745ffff6c06e2be93290d1b
12919,9c56075241a26f6fa77eb86b15411c6e,9444f850ff0c10a862b4a6a9c4ab0a74,SO54395,5,TT-M928,1,5,ab2e81a99745ffff6c06e2be93290d1b
12919,9f1ff00ea8fd9fd8f2d421ba5ec45a18,f88b3743a9ce1f9455b6de69380b486a,SO67451,105,HL-U509,3,105,0001ffe4d82d0d8f9fec5ab0b4faa2db
12919,9f1ff00ea8fd9fd8f2d421ba5ec45a18,f88b3743a9ce1f9455b6de69380b486a,SO67451,35,TI-M823,1,35,0001ffe4d82d0d8f9fec5ab0b4faa2db
12919,9f1ff00ea8fd9fd8f2d421ba5ec45a18,f88b3743a9ce1f9455b6de69380b486a,SO67451,5,TT-M928,1,5,0001ffe4d82d0d8f9fec5ab0b4faa2db
12920,07b7d2aed13a63a16377587dcc0abbe8,02b96ab6e0935145589be4e1408a1675,SO66127,22,FE-6654,1,22,6866da5d40f1aad2d82129d5ffa25bda
12920,07b7d2aed13a63a16377587dcc0abbe8,02b96ab6e0935145589be4e1408a1675,SO66127,35,TI-M823,1,35,6866da5d40f1aad2d82129d5ffa25bda
12920,af1457846a79173ef71dd9d5dd69805a,254d832c83ccdb2c33eab65a4fd196ff,SO60324,9,BC-R205,1,9,ce08c22f7777768ce4197eab9727516c
12920,af1457846a79173ef71dd9d5dd69805a,254d832c83ccdb2c33eab65a4fd196ff,SO60324,105,HL-U509-R,3,105,ce08c22f7777768ce4197eab9727516c
12920,af1457846a79173ef71dd9d5dd69805a,254d832c83ccdb2c33eab65a4fd196ff,SO60324,5,WB-H098,1,5,ce08c22f7777768ce4197eab9727516c
12921,7afee94d3e6bff4193546ca658f9d3bf,aa4ae995295bc6ee1d97c709a638619d,SO46890,2443,BK-R89R-44,1,2443,a74d75778ebcaa9a01805f980ea906db
12921,c4369eefdf9bb8a3f9115e96b40aaf17,b34050290c25b0f7b52a2b8f767df87d,SO68781,4640,BK-M68S-42,2,4640,c135545cc3f3a739132ffdbc8096f3d4
12921,c4369eefdf9bb8a3f9115e96b40aaf17,b34050290c25b0f7b52a2b8f767df87d,SO68781,35,TI-M823,1,35,c135545cc3f3a739132ffdbc8096f3d4
12921,c4369eefdf9bb8a3f9115e96b40aaf17,b34050290c25b0f7b52a2b8f767df87d,SO68781,5,TT-M928,1,5,c135545cc3f3a739132ffdbc8096f3d4
12922,100acb16459de9c5ebfc99be9a36afbe,72171e6e7eab0887133ec8422525979d,SO46838,4364,BK-R89B-48,2,4364,aa4ae995295bc6ee1d97c709a638619d
12922,f06fd077b6afc2d69af6e1e548da266d,c135545cc3f3a739132ffdbc8096f3d4,SO69293,10,BC-M005,1,10,175a5d217fad85df9f6639d7ced1e5d9
12922,f06fd077b6afc2d69af6e1e548da266d,c135545cc3f3a739132ffdbc8096f3d4,SO69293,4590,BK-M68B-38,2,4590,175a5d217fad85df9f6639d7ced1e5d9
12922,f06fd077b6afc2d69af6e1e548da266d,c135545cc3f3a739132ffdbc8096f3d4,SO69293,22,FE-6654,1,22,175a5d217fad85df9f6639d7ced1e5d9
12922,f06fd077b6afc2d69af6e1e548da266d,c135545cc3f3a739132ffdbc8096f3d4,SO69293,5,WB-H098,1,5,175a5d217fad85df9f6639d7ced1e5d9
12923,16e364d19895243407b256ec272d5394,4004a117f65dfd3221a9cce8fce5a45f,SO67619,10,BC-M005,1,10,7acd252f45ad6fe668386456a673d543
12923,16e364d19895243407b256ec272d5394,4004a117f65dfd3221a9cce8fce5a45f,SO67619,4590,BK-M68B-42,2,4590,7acd252f45ad6fe668386456a673d543
12923,7dcc4d0bd00b29e904618bdf6adc66e9,3509cccaf2642efa12aab8da9ba03c1f,SO46834,4364,BK-R89B-58,2,4364,100feae0ab76bce714e9670fc87cdb42
12924,ec24e4cf9fcc90f3bbe81b2fb3735c21,c4369eefdf9bb8a3f9115e96b40aaf17,SO69834,10,BC-M005,1,10,f06fd077b6afc2d69af6e1e548da266d
12924,ec24e4cf9fcc90f3bbe81b2fb3735c21,c4369eefdf9bb8a3f9115e96b40aaf17,SO69834,22,FE-6654,1,22,f06fd077b6afc2d69af6e1e548da266d
12924,ec24e4cf9fcc90f3bbe81b2fb3735c21,c4369eefdf9bb8a3f9115e96b40aaf17,SO69834,54,SJ-0194-S,1,54,f06fd077b6afc2d69af6e1e548da266d
12924,ec24e4cf9fcc90f3bbe81b2fb3735c21,c4369eefdf9bb8a3f9115e96b40aaf17,SO69834,5,WB-H098,1,5,f06fd077b6afc2d69af6e1e548da266d
12925,6d338b8c41c717c4336ad0084a80dca4,9223b53f03a405f817e91392f0294f6a,SO54465,22,FE-6654,1,22,40e7dd73b09eac540e790daf6fac41af
12926,72514ec24cd9e6144a04f1abf93e0b08,c75ebcb138485ff2faa2ca7c6dda6bf5,SO46877,2443,BK-R89R-52,1,2443,100acb16459de9c5ebfc99be9a36afbe
12926,bc761b2b7297029a695fbd6dd0470724,fef3080ec197edd1a04bb18afd31d16d,SO55662,10,BC-M005,1,10,9b6872ca1d80024637e967d1066bba0a
12926,bc761b2b7297029a695fbd6dd0470724,fef3080ec197edd1a04bb18afd31d16d,SO55662,4640,BK-M68S-38,2,4640,9b6872ca1d80024637e967d1066bba0a
12926,bc761b2b7297029a695fbd6dd0470724,fef3080ec197edd1a04bb18afd31d16d,SO55662,22,FE-6654,1,22,9b6872ca1d80024637e967d1066bba0a
12927,290499d9b8e65db426ba9b842714eb6d,606ed413481267c98754e3351f662859,SO62628,27,CA-1098,3,27,d1024973c3d10f08cb9fa1736e6ed8b7
12927,a8ef76a01442567fb64eb6f4408a9835,427ed6396fba4ed8ead9ec3229517d2b,SO56888,48,GL-H102-M,2,48,eba5233d2dd8ea5031e646882335ece0
12927,a8ef76a01442567fb64eb6f4408a9835,427ed6396fba4ed8ead9ec3229517d2b,SO56888,105,HL-U509,3,105,eba5233d2dd8ea5031e646882335ece0
12927,a8ef76a01442567fb64eb6f4408a9835,427ed6396fba4ed8ead9ec3229517d2b,SO56888,35,TI-M823,1,35,eba5233d2dd8ea5031e646882335ece0
12927,a8ef76a01442567fb64eb6f4408a9835,427ed6396fba4ed8ead9ec3229517d2b,SO56888,5,TT-M928,1,5,eba5233d2dd8ea5031e646882335ece0
12928,1f50dad3f1493a5cf408c4eb3987479e,226d694fb4b7f71d62444f9528be8704,SO54678,29,TI-T723,1,29,9c56075241a26f6fa77eb86b15411c6e
12928,1f50dad3f1493a5cf408c4eb3987479e,226d694fb4b7f71d62444f9528be8704,SO54678,5,TT-T092,1,5,9c56075241a26f6fa77eb86b15411c6e
12928,a1fedb8f5f2e08543339a5f167bee6b7,8b9fe4b34e3c54f08bfcac3d9691e260,SO64973,9,SO-R809-L,1,9,4eec6eda382b9c44e240ad4b4b5e9cc0
12928,a1fedb8f5f2e08543339a5f167bee6b7,8b9fe4b34e3c54f08bfcac3d9691e260,SO64973,30,TI-M602,1,30,4eec6eda382b9c44e240ad4b4b5e9cc0
12928,a1fedb8f5f2e08543339a5f167bee6b7,8b9fe4b34e3c54f08bfcac3d9691e260,SO64973,5,TT-M928,1,5,4eec6eda382b9c44e240ad4b4b5e9cc0
12928,b95a9f47dd73bb9b799a31ae04ee7da1,175a5d217fad85df9f6639d7ced1e5d9,SO69980,105,HL-U509,3,105,8728a5e296f39e49d2fa74c31820e99f
12928,b95a9f47dd73bb9b799a31ae04ee7da1,175a5d217fad85df9f6639d7ced1e5d9,SO69980,35,TI-M823,1,35,8728a5e296f39e49d2fa74c31820e99f
12928,b95a9f47dd73bb9b799a31ae04ee7da1,175a5d217fad85df9f6639d7ced1e5d9,SO69980,5,TT-M928,1,5,8728a5e296f39e49d2fa74c31820e99f
12928,d630b2db6e8046e30b4728ca862ba4e1,02ad1a5ca18e58629b8c1d6a6401d071,SO58437,48,GL-H102-L,2,48,07b31bae17c7890b17d79a654aa230cf
12928,d630b2db6e8046e30b4728ca862ba4e1,02ad1a5ca18e58629b8c1d6a6401d071,SO58437,70,SH-W890-L,1,70,07b31bae17c7890b17d79a654aa230cf
12929,a8ef76a01442567fb64eb6f4408a9835,427ed6396fba4ed8ead9ec3229517d2b,SO56896,4640,BK-M68S-46,2,4640,eba5233d2dd8ea5031e646882335ece0
12929,a8ef76a01442567fb64eb6f4408a9835,427ed6396fba4ed8ead9ec3229517d2b,SO56896,22,FE-6654,1,22,eba5233d2dd8ea5031e646882335ece0
12929,a8ef76a01442567fb64eb6f4408a9835,427ed6396fba4ed8ead9ec3229517d2b,SO56896,105,HL-U509-R,3,105,eba5233d2dd8ea5031e646882335ece0
12929,e348aa55d5b10dd2c23ab2b7ce7e1e5f,700b2fdf8bbe790f020e8c6fb93a2d71,SO46688,2443,BK-R89R-48,1,2443,b9edfdebe9fb3fad4862841e57e559d8
12930,100feae0ab76bce714e9670fc87cdb42,541309d30f5cea4d94f655886354e3fd,SO46790,4364,BK-R89B-58,2,4364,fd2d4f3c923f907724bbdb60a26a944e
12930,eba5233d2dd8ea5031e646882335ece0,629ffff971d10f275a79a70fae527fbc,SO56637,4590,BK-M68B-46,2,4590,b988e88fd94a3b47434beeb650cff880
12930,eba5233d2dd8ea5031e646882335ece0,629ffff971d10f275a79a70fae527fbc,SO56637,2,PK-7098,1,2,b988e88fd94a3b47434beeb650cff880
12930,eba5233d2dd8ea5031e646882335ece0,629ffff971d10f275a79a70fae527fbc,SO56637,35,TI-M823,1,35,b988e88fd94a3b47434beeb650cff880
12931,7f026edc73bd4602381834e9b850d6c2,eedd9be5500334505ed9d4aef801ac3d,SO52215,27,CA-1098,3,27,db2b287636ac5ebda430de4f3f643b24
12931,95103530881768b5cfc7e33970db9cd7,2ed3972e38245b633ec6b146c2970148,SO62436,22,FE-6654,1,22,305c66634c155cab2b5cc3ce00351eb1
12931,95103530881768b5cfc7e33970db9cd7,2ed3972e38245b633ec6b146c2970148,SO62436,105,HL-U509,3,105,305c66634c155cab2b5cc3ce00351eb1
12931,95103530881768b5cfc7e33970db9cd7,2ed3972e38245b633ec6b146c2970148,SO62436,150,LJ-0192-X,3,150,305c66634c155cab2b5cc3ce00351eb1
12931,95103530881768b5cfc7e33970db9cd7,2ed3972e38245b633ec6b146c2970148,SO62436,35,TI-M823,1,35,305c66634c155cab2b5cc3ce00351eb1
12931,95103530881768b5cfc7e33970db9cd7,2ed3972e38245b633ec6b146c2970148,SO62436,5,TT-M928,1,5,305c66634c155cab2b5cc3ce00351eb1
12932,f06fd077b6afc2d69af6e1e548da266d,c135545cc3f3a739132ffdbc8096f3d4,SO69245,27,CA-1098,3,27,175a5d217fad85df9f6639d7ced1e5d9
12932,fde67888c64f701b59876ec559099b3e,6353a8421ee460b64f2c988cc72a8391,SO56831,35,TI-M823,1,35,4ceff7612cfa4420892fe23b23ca9265
12932,fde67888c64f701b59876ec559099b3e,6353a8421ee460b64f2c988cc72a8391,SO56831,5,TT-M928,1,5,4ceff7612cfa4420892fe23b23ca9265
12933,4ddc8821c34bceaf3dba4a18741acca3,af1457846a79173ef71dd9d5dd69805a,SO61148,27,CA-1098,3,27,2d6e054ac82934d489c58cc8399a1628
12933,4ddc8821c34bceaf3dba4a18741acca3,af1457846a79173ef71dd9d5dd69805a,SO61148,105,HL-U509,3,105,2d6e054ac82934d489c58cc8399a1628
12933,4ddc8821c34bceaf3dba4a18741acca3,af1457846a79173ef71dd9d5dd69805a,SO61148,150,LJ-0192-L,3,150,2d6e054ac82934d489c58cc8399a1628
12933,4ddc8821c34bceaf3dba4a18741acca3,af1457846a79173ef71dd9d5dd69805a,SO61148,35,TI-M823,1,35,2d6e054ac82934d489c58cc8399a1628
12933,4ddc8821c34bceaf3dba4a18741acca3,af1457846a79173ef71dd9d5dd69805a,SO61148,5,TT-M928,1,5,2d6e054ac82934d489c58cc8399a1628
12933,883b9b4170853b321c03290f64ba199f,412998e77ee121227580e3d363f75fa2,SO60636,27,CA-1098,3,27,af1457846a79173ef71dd9d5dd69805a
12934,288d3167bf0dc7676963fa7998052f54,b9edfdebe9fb3fad4862841e57e559d8,SO46751,4364,BK-R89B-52,2,4364,d6cafebfd2db462e512bc5b597cf9232
12934,629ffff971d10f275a79a70fae527fbc,d6ab5a0eee939524352092b964d92b84,SO56007,4590,BK-M68B-46,2,4590,3c1811b546060d91957cc446aabc4a3c
12934,629ffff971d10f275a79a70fae527fbc,d6ab5a0eee939524352092b964d92b84,SO56007,105,HL-U509-R,3,105,3c1811b546060d91957cc446aabc4a3c
12934,629ffff971d10f275a79a70fae527fbc,d6ab5a0eee939524352092b964d92b84,SO56007,35,TI-M823,1,35,3c1811b546060d91957cc446aabc4a3c
12934,629ffff971d10f275a79a70fae527fbc,d6ab5a0eee939524352092b964d92b84,SO56007,5,TT-M928,1,5,3c1811b546060d91957cc446aabc4a3c
12935,4ceff7612cfa4420892fe23b23ca9265,5691ac18f59a9af20f9d8703772afbba,SO56585,4640,BK-M68S-42,2,4640,089c2a426c196c5ca5facb20896c90bb
12935,4ceff7612cfa4420892fe23b23ca9265,5691ac18f59a9af20f9d8703772afbba,SO56585,22,FE-6654,1,22,089c2a426c196c5ca5facb20896c90bb
12935,4ceff7612cfa4420892fe23b23ca9265,5691ac18f59a9af20f9d8703772afbba,SO56585,9,SO-R809-L,1,9,089c2a426c196c5ca5facb20896c90bb
12935,a74d75778ebcaa9a01805f980ea906db,288d3167bf0dc7676963fa7998052f54,SO46856,2443,BK-R89R-52,1,2443,afdb67129022ab285264def615fa587a
12936,0001ffe4d82d0d8f9fec5ab0b4faa2db,3dc63b2d6dcc8f0b6720b06b5439a0b1,SO67059,35,TI-M823,1,35,4004a117f65dfd3221a9cce8fce5a45f
12936,0001ffe4d82d0d8f9fec5ab0b4faa2db,3dc63b2d6dcc8f0b6720b06b5439a0b1,SO67059,5,TT-M928,1,5,4004a117f65dfd3221a9cce8fce5a45f
12936,511572e8a25e86c2f48ae9e6d73a1e6a,8e8847c1bdf012037ee13bb62da8a5c1,SO68111,2,PK-7098,1,2,691ad1b0dca3643b923973defd014d47
12936,511572e8a25e86c2f48ae9e6d73a1e6a,8e8847c1bdf012037ee13bb62da8a5c1,SO68111,30,TI-M602,1,30,691ad1b0dca3643b923973defd014d47
12936,c4369eefdf9bb8a3f9115e96b40aaf17,b34050290c25b0f7b52a2b8f767df87d,SO68753,105,HL-U509,3,105,c135545cc3f3a739132ffdbc8096f3d4
12936,c4369eefdf9bb8a3f9115e96b40aaf17,b34050290c25b0f7b52a2b8f767df87d,SO68753,29,TI-T723,1,29,c135545cc3f3a739132ffdbc8096f3d4
12936,c4369eefdf9bb8a3f9115e96b40aaf17,b34050290c25b0f7b52a2b8f767df87d,SO68753,5,TT-T092,1,5,c135545cc3f3a739132ffdbc8096f3d4
12936,e5114f65ece65e14e7b721dab1e674e0,c7390752782466cfc9a3ed7d3a79e046,SO68700,70,SH-W890-L,1,70,fe1fd19c021e78ec395980c2e347865e
12936,e5114f65ece65e14e7b721dab1e674e0,c7390752782466cfc9a3ed7d3a79e046,SO68700,54,SJ-0194-S,1,54,fe1fd19c021e78ec395980c2e347865e
12937,03bf7d2a8718ee9aca4bd2f37e962fc4,290499d9b8e65db426ba9b842714eb6d,SO63591,22,FE-6654,1,22,7130adfd843cdcb6d0bcd9d13792693a
12937,03bf7d2a8718ee9aca4bd2f37e962fc4,290499d9b8e65db426ba9b842714eb6d,SO63591,54,SJ-0194-S,1,54,7130adfd843cdcb6d0bcd9d13792693a
12938,3e07f09fb2edbdf0bf6a54c17634514b,dca79d69a6b38e95c4b03bfab997796c,SO52995,22,FE-6654,1,22,c375f33d72ca7161f341c2726e82d67a
12938,3e07f09fb2edbdf0bf6a54c17634514b,dca79d69a6b38e95c4b03bfab997796c,SO52995,48,GL-H102-S,2,48,c375f33d72ca7161f341c2726e82d67a
12938,3e07f09fb2edbdf0bf6a54c17634514b,dca79d69a6b38e95c4b03bfab997796c,SO52995,105,HL-U509-B,3,105,c375f33d72ca7161f341c2726e82d67a
12939,59c3d64cb01cd5ad7fd25246d81a55ff,ac15b60491fe99190c0248790e690757,SO55521,2,PK-7098,1,2,d8a4ea0dc4237ee8690ee37b3902fd0e
12939,59c3d64cb01cd5ad7fd25246d81a55ff,ac15b60491fe99190c0248790e690757,SO55521,30,TI-M602,1,30,d8a4ea0dc4237ee8690ee37b3902fd0e
12939,60b901e6d879ccf3b3246e54133acee5,01e8942a5792053a553c4612bd6c06a6,SO75079,64,VE-C304-M,1,64,021d7f51f97fea2b23b069288066b34d
12939,60b901e6d879ccf3b3246e54133acee5,01e8942a5792053a553c4612bd6c06a6,SO75079,5,WB-H098,1,5,021d7f51f97fea2b23b069288066b34d
12939,6e5c4b769f8f70f9fd01b24ba5be9695,40e7dd73b09eac540e790daf6fac41af,SO54841,10,BC-M005,1,10,106dfbaf552c07a1b08d065f2c343982
12939,6e5c4b769f8f70f9fd01b24ba5be9695,40e7dd73b09eac540e790daf6fac41af,SO54841,8,CL-9009,1,8,106dfbaf552c07a1b08d065f2c343982
12939,6e5c4b769f8f70f9fd01b24ba5be9695,40e7dd73b09eac540e790daf6fac41af,SO54841,55,HY-1023-70,1,55,106dfbaf552c07a1b08d065f2c343982
12939,6e5c4b769f8f70f9fd01b24ba5be9695,40e7dd73b09eac540e790daf6fac41af,SO54841,5,WB-H098,1,5,106dfbaf552c07a1b08d065f2c343982
12939,b322422d9a721bbdefa133133dd407c1,07b7d2aed13a63a16377587dcc0abbe8,SO66860,27,CA-1098,3,27,2296af5563b2061aa1d88124a37eecb7
12939,b322422d9a721bbdefa133133dd407c1,07b7d2aed13a63a16377587dcc0abbe8,SO66860,8,CL-9009,1,8,2296af5563b2061aa1d88124a37eecb7
12939,b322422d9a721bbdefa133133dd407c1,07b7d2aed13a63a16377587dcc0abbe8,SO66860,2,PK-7098,1,2,2296af5563b2061aa1d88124a37eecb7
12939,b322422d9a721bbdefa133133dd407c1,07b7d2aed13a63a16377587dcc0abbe8,SO66860,35,TI-M823,1,35,2296af5563b2061aa1d88124a37eecb7
12939,b322422d9a721bbdefa133133dd407c1,07b7d2aed13a63a16377587dcc0abbe8,SO66860,5,TT-M928,1,5,2296af5563b2061aa1d88124a37eecb7
12940,70951886788165a5e2439adfce4d0cce,ca38f30e56a72f4d0c8d2264322c5862,SO68952,27,CA-1098,3,27,c885741a5e3e55c84950327011b70289
12940,ce08c22f7777768ce4197eab9727516c,4a800301260b2639fa1ec3efafb5f86c,SO60015,48,GL-H102-L,2,48,5072507e949a2c25948a591c4da194e1
12940,ce08c22f7777768ce4197eab9727516c,4a800301260b2639fa1ec3efafb5f86c,SO60015,105,HL-U509,3,105,5072507e949a2c25948a591c4da194e1
12940,ce08c22f7777768ce4197eab9727516c,4a800301260b2639fa1ec3efafb5f86c,SO60015,35,TI-M823,1,35,5072507e949a2c25948a591c4da194e1
12940,ce08c22f7777768ce4197eab9727516c,4a800301260b2639fa1ec3efafb5f86c,SO60015,5,TT-M928,1,5,5072507e949a2c25948a591c4da194e1
12941,3519c8eb4095dbc69d80eb61856d3435,6e5c4b769f8f70f9fd01b24ba5be9695,SO55598,4640,BK-M68S-38,2,4640,d6ab5a0eee939524352092b964d92b84
12941,3519c8eb4095dbc69d80eb61856d3435,6e5c4b769f8f70f9fd01b24ba5be9695,SO55598,55,HY-1023-70,1,55,d6ab5a0eee939524352092b964d92b84
12941,afdb67129022ab285264def615fa587a,d6cafebfd2db462e512bc5b597cf9232,SO46811,2443,BK-R89R-48,1,2443,de3a4af731cd077daa2beb37e580c57f
12942,a2c49941411089cb2a9cbf78cb803c26,73a69a5c77a7d23172e54d7ce07a638e,SO56175,4640,BK-M68S-38,2,4640,39fe373cdcb4534addde73890415b660
12942,c75ebcb138485ff2faa2ca7c6dda6bf5,ebce0865da088132946764a3527b5a4e,SO46780,4364,BK-R89B-58,2,4364,72171e6e7eab0887133ec8422525979d
12943,40ff348468b73116a7077c246985e0bf,a2c49941411089cb2a9cbf78cb803c26,SO56759,27,CA-1098,3,27,830e779850b1d58733a7ad711bf6b83f
12943,9a027fc72b503940a96d5137762a263e,0e000451f430d2e5b745a08b4ee7836c,SO74753,22,FE-6654,1,22,54d3ba66c5e71d3112695b882ca2030e
12943,9a027fc72b503940a96d5137762a263e,0e000451f430d2e5b745a08b4ee7836c,SO74753,105,HL-U509,3,105,54d3ba66c5e71d3112695b882ca2030e
12943,9a027fc72b503940a96d5137762a263e,0e000451f430d2e5b745a08b4ee7836c,SO74753,35,TI-M823,1,35,54d3ba66c5e71d3112695b882ca2030e
12943,9a027fc72b503940a96d5137762a263e,0e000451f430d2e5b745a08b4ee7836c,SO74753,5,TT-M928,1,5,54d3ba66c5e71d3112695b882ca2030e
12944,478ecc8cdaa127c33884d9f6c72c2cd5,3fbd0407b55d3a3da21388a2ddbf881c,SO58603,2,PK-7098,1,2,174acf6ca4e9804d47a59a499422e621
12944,478ecc8cdaa127c33884d9f6c72c2cd5,3fbd0407b55d3a3da21388a2ddbf881c,SO58603,30,TI-M602,1,30,174acf6ca4e9804d47a59a499422e621
12944,6d1d8a1c7851eb5a946d45009cea6d9f,3f0c8308e4e2e5c4ddc1b7e19304f613,SO65694,10,BC-M005,1,10,6582aa26281b9a92ad60e6a03e274c00
12944,6d1d8a1c7851eb5a946d45009cea6d9f,3f0c8308e4e2e5c4ddc1b7e19304f613,SO65694,27,CA-1098,3,27,6582aa26281b9a92ad60e6a03e274c00
12944,6d1d8a1c7851eb5a946d45009cea6d9f,3f0c8308e4e2e5c4ddc1b7e19304f613,SO65694,54,SJ-0194-X,1,54,6582aa26281b9a92ad60e6a03e274c00
12944,6d1d8a1c7851eb5a946d45009cea6d9f,3f0c8308e4e2e5c4ddc1b7e19304f613,SO65694,5,WB-H098,1,5,6582aa26281b9a92ad60e6a03e274c00
12944,d34ba8f5d7fd7d5959a34c283fbec422,9c56075241a26f6fa77eb86b15411c6e,SO55073,35,TI-M823,1,35,ac15b60491fe99190c0248790e690757
12944,d34ba8f5d7fd7d5959a34c283fbec422,9c56075241a26f6fa77eb86b15411c6e,SO55073,5,TT-M928,1,5,ac15b60491fe99190c0248790e690757
12944,debbb2493c6588799fc787e1854bcda5,40883861f6e25a2e09e848a7891f4f38,SO58094,9,SO-R809-M,1,9,0814775cfc25da756a9b4197347ab771
12944,debbb2493c6588799fc787e1854bcda5,40883861f6e25a2e09e848a7891f4f38,SO58094,5,WB-H098,1,5,0814775cfc25da756a9b4197347ab771
12945,07b31bae17c7890b17d79a654aa230cf,a976f17830aceaaa93d5daef0bc209a3,SO58152,10,BC-M005,1,10,ef5bad66aa19ccfb82cacb73584b83ea
12945,07b31bae17c7890b17d79a654aa230cf,a976f17830aceaaa93d5daef0bc209a3,SO58152,105,HL-U509,3,105,ef5bad66aa19ccfb82cacb73584b83ea
12945,07b31bae17c7890b17d79a654aa230cf,a976f17830aceaaa93d5daef0bc209a3,SO58152,5,WB-H098,1,5,ef5bad66aa19ccfb82cacb73584b83ea
12945,4555f65c4664801d78b9f5477f89d8fd,7ee641303ef8d8b10d0ed00a060c73cc,SO62507,105,HL-U509,3,105,94c60e0b5e2b0f78b919a5d4c67d70a2
12945,4555f65c4664801d78b9f5477f89d8fd,7ee641303ef8d8b10d0ed00a060c73cc,SO62507,35,TI-M823,1,35,94c60e0b5e2b0f78b919a5d4c67d70a2
12945,4555f65c4664801d78b9f5477f89d8fd,7ee641303ef8d8b10d0ed00a060c73cc,SO62507,5,TT-M928,1,5,94c60e0b5e2b0f78b919a5d4c67d70a2
12945,4555f65c4664801d78b9f5477f89d8fd,7ee641303ef8d8b10d0ed00a060c73cc,SO62507,64,VE-C304-M,1,64,94c60e0b5e2b0f78b919a5d4c67d70a2
12945,6ef7b4bb93d4e54234cf965ed2334682,ccf89c691dabb1412404274596922d90,SO65971,30,TI-M602,1,30,93ddc10d6cf61153011df052aa76671f
12945,77a2a0387f57f7477e6ad3b5f0bb3093,6cf9e035d2f1d8ffe1b9f2f96a9e7a3a,SO75006,9,BC-R205,1,9,5728955fc583cbfd901d0ba25cb20f92
12945,77a2a0387f57f7477e6ad3b5f0bb3093,6cf9e035d2f1d8ffe1b9f2f96a9e7a3a,SO75006,55,HY-1023-70,1,55,5728955fc583cbfd901d0ba25cb20f92
12945,77a2a0387f57f7477e6ad3b5f0bb3093,6cf9e035d2f1d8ffe1b9f2f96a9e7a3a,SO75006,29,TI-T723,1,29,5728955fc583cbfd901d0ba25cb20f92
12945,77a2a0387f57f7477e6ad3b5f0bb3093,6cf9e035d2f1d8ffe1b9f2f96a9e7a3a,SO75006,5,TT-T092,1,5,5728955fc583cbfd901d0ba25cb20f92
12945,77a2a0387f57f7477e6ad3b5f0bb3093,6cf9e035d2f1d8ffe1b9f2f96a9e7a3a,SO75006,5,WB-H098,1,5,5728955fc583cbfd901d0ba25cb20f92
12946,2296af5563b2061aa1d88124a37eecb7,6866da5d40f1aad2d82129d5ffa25bda,SO66540,22,FE-6654,1,22,05e7920e8caf0303dc01b77666952b75
12946,2296af5563b2061aa1d88124a37eecb7,6866da5d40f1aad2d82129d5ffa25bda,SO66540,48,GL-H102-M,2,48,05e7920e8caf0303dc01b77666952b75
12946,2296af5563b2061aa1d88124a37eecb7,6866da5d40f1aad2d82129d5ffa25bda,SO66540,105,HL-U509,3,105,05e7920e8caf0303dc01b77666952b75
12947,541309d30f5cea4d94f655886354e3fd,4de859c864889d3c068280a6c1c3328c,SO46685,4364,BK-R89B-52,2,4364,9168e86a755a5c41b2494b0599f3c88a
12947,83d1ed00595e79ee5ea3797e97970fe8,fe1fd19c021e78ec395980c2e347865e,SO69219,4590,BK-M68B-38,2,4590,705fa39ab40831529471c768490339ab
12947,83d1ed00595e79ee5ea3797e97970fe8,fe1fd19c021e78ec395980c2e347865e,SO69219,27,CA-1098,3,27,705fa39ab40831529471c768490339ab
12947,83d1ed00595e79ee5ea3797e97970fe8,fe1fd19c021e78ec395980c2e347865e,SO69219,22,FE-6654,1,22,705fa39ab40831529471c768490339ab
12948,c375f33d72ca7161f341c2726e82d67a,9f79f7706bc6a7654ef0b8977966f69a,SO52757,22,FE-6654,1,22,0dc34ca2aaa8612cde077f1880b78b25
12948,c375f33d72ca7161f341c2726e82d67a,9f79f7706bc6a7654ef0b8977966f69a,SO52757,55,HY-1023-70,1,55,0dc34ca2aaa8612cde077f1880b78b25
12949,6e32728b966bb91cefefa1316da21ca8,b322422d9a721bbdefa133133dd407c1,SO67739,4640,BK-M68S-46,2,4640,de5009f9bf3e9725d2381f4a5e913111
12949,6e32728b966bb91cefefa1316da21ca8,b322422d9a721bbdefa133133dd407c1,SO67739,22,FE-6654,1,22,de5009f9bf3e9725d2381f4a5e913111
12949,6e32728b966bb91cefefa1316da21ca8,b322422d9a721bbdefa133133dd407c1,SO67739,105,HL-U509-B,3,105,de5009f9bf3e9725d2381f4a5e913111
12949,c75ebcb138485ff2faa2ca7c6dda6bf5,ebce0865da088132946764a3527b5a4e,SO46781,4364,BK-R89B-58,2,4364,72171e6e7eab0887133ec8422525979d
12950,175a5d217fad85df9f6639d7ced1e5d9,511572e8a25e86c2f48ae9e6d73a1e6a,SO68928,4590,BK-M68B-38,2,4590,66e56e10b0f528b66a45e307ecdf4774
12950,175a5d217fad85df9f6639d7ced1e5d9,511572e8a25e86c2f48ae9e6d73a1e6a,SO68928,22,FE-6654,1,22,66e56e10b0f528b66a45e307ecdf4774
12950,663d11326de76cfa493cc577763c59ee,afdb67129022ab285264def615fa587a,SO46906,2443,BK-R89R-44,1,2443,b9836987c405fca6133a2969f25c7398
12951,d6ab5a0eee939524352092b964d92b84,106dfbaf552c07a1b08d065f2c343982,SO55218,27,CA-1098,3,27,3c4bf68562424c26986beae6ce13704a
12951,d6ab5a0eee939524352092b964d92b84,106dfbaf552c07a1b08d065f2c343982,SO55218,22,FE-6654,1,22,3c4bf68562424c26986beae6ce13704a
12952,abe94c2111c58e9c9672602d41bce66e,0149f124a48640c62d90840ac5760331,SO64153,10,BC-M005,1,10,99b7e934795a93975a5e0c0b9b57d9ba
12952,abe94c2111c58e9c9672602d41bce66e,0149f124a48640c62d90840ac5760331,SO64153,22,FE-6654,1,22,99b7e934795a93975a5e0c0b9b57d9ba
12952,abe94c2111c58e9c9672602d41bce66e,0149f124a48640c62d90840ac5760331,SO64153,5,WB-H098,1,5,99b7e934795a93975a5e0c0b9b57d9ba
12953,fda052162862bb845297063fd71a580c,1678083e7ff90bd404baad3f60bffa37,SO56419,22,FE-6654,1,22,a2c49941411089cb2a9cbf78cb803c26
12953,fda052162862bb845297063fd71a580c,1678083e7ff90bd404baad3f60bffa37,SO56419,48,GL-H102-L,2,48,a2c49941411089cb2a9cbf78cb803c26
12953,fda052162862bb845297063fd71a580c,1678083e7ff90bd404baad3f60bffa37,SO56419,105,HL-U509,3,105,a2c49941411089cb2a9cbf78cb803c26
12954,4dbf892d41ae205f6e36838031cff786,de22d232bbe84481579f6252f1e7091d,SO58231,2,PK-7098,1,2,3fbd0407b55d3a3da21388a2ddbf881c
12954,4dbf892d41ae205f6e36838031cff786,de22d232bbe84481579f6252f1e7091d,SO58231,35,TI-M823,1,35,3fbd0407b55d3a3da21388a2ddbf881c
12954,4dbf892d41ae205f6e36838031cff786,de22d232bbe84481579f6252f1e7091d,SO58231,5,TT-M928,1,5,3fbd0407b55d3a3da21388a2ddbf881c
12954,d6fb379288416774d139632beb88e26b,3ebfce6ccd7540a632ae7e6ad8100c29,SO60179,27,CA-1098,3,27,412998e77ee121227580e3d363f75fa2
12955,2797a91b25bc2aa85124c99bc574dc83,86bfb8ffc7a79e52d833cedce4d275bf,SO71055,105,HL-U509-B,3,105,a9adf65abbb865184bf924d14a93d0c4
12955,2797a91b25bc2aa85124c99bc574dc83,86bfb8ffc7a79e52d833cedce4d275bf,SO71055,35,TI-M823,1,35,a9adf65abbb865184bf924d14a93d0c4
12955,2797a91b25bc2aa85124c99bc574dc83,86bfb8ffc7a79e52d833cedce4d275bf,SO71055,5,TT-M928,1,5,a9adf65abbb865184bf924d14a93d0c4
12955,6cf9e035d2f1d8ffe1b9f2f96a9e7a3a,982b3b4109cce5d4e5bf1fcbe0ae259b,SO74619,27,CA-1098,3,27,db10519e66d9a7b809b91935ad1a696d
12956,4ddc8821c34bceaf3dba4a18741acca3,af1457846a79173ef71dd9d5dd69805a,SO61146,48,GL-H102-M,2,48,2d6e054ac82934d489c58cc8399a1628
12956,4ddc8821c34bceaf3dba4a18741acca3,af1457846a79173ef71dd9d5dd69805a,SO61146,105,HL-U509,3,105,2d6e054ac82934d489c58cc8399a1628
12956,4ddc8821c34bceaf3dba4a18741acca3,af1457846a79173ef71dd9d5dd69805a,SO61146,35,TI-M823,1,35,2d6e054ac82934d489c58cc8399a1628
12956,4ddc8821c34bceaf3dba4a18741acca3,af1457846a79173ef71dd9d5dd69805a,SO61146,5,TT-M928,1,5,2d6e054ac82934d489c58cc8399a1628
12956,83d1ed00595e79ee5ea3797e97970fe8,fe1fd19c021e78ec395980c2e347865e,SO69179,27,CA-1098,3,27,705fa39ab40831529471c768490339ab
12957,d7f57f35d2bad1349ca24a67a2635eea,5432d51ee94799c0125bb158c8a8bd22,SO74041,27,CA-1098,3,27,1ba7e8cdf85da6cf5e11554703236b52
12957,eba6cab7267f82e3b2a063d5ea445bb9,73b2264d673ee7b5b2e7e165020516ac,SO58053,35,TI-M823,1,35,02ad1a5ca18e58629b8c1d6a6401d071
12958,3f72b837978dcd042b73e7270f11a4ca,83d1ed00595e79ee5ea3797e97970fe8,SO70286,159,ST-1401,1,159,99c8f306659fd98cbb9d7f03ec0c2a7a
12958,3f72b837978dcd042b73e7270f11a4ca,83d1ed00595e79ee5ea3797e97970fe8,SO70286,35,TI-M823,1,35,99c8f306659fd98cbb9d7f03ec0c2a7a
12958,3f72b837978dcd042b73e7270f11a4ca,83d1ed00595e79ee5ea3797e97970fe8,SO70286,5,TT-M928,1,5,99c8f306659fd98cbb9d7f03ec0c2a7a
12958,b322422d9a721bbdefa133133dd407c1,07b7d2aed13a63a16377587dcc0abbe8,SO66839,27,CA-1098,3,27,2296af5563b2061aa1d88124a37eecb7
12959,8728a5e296f39e49d2fa74c31820e99f,66e56e10b0f528b66a45e307ecdf4774,SO69597,10,BC-M005,1,10,3fe686907939d07097f6c87f08025422
12959,8728a5e296f39e49d2fa74c31820e99f,66e56e10b0f528b66a45e307ecdf4774,SO69597,55,HY-1023-70,1,55,3fe686907939d07097f6c87f08025422
12959,8728a5e296f39e49d2fa74c31820e99f,66e56e10b0f528b66a45e307ecdf4774,SO69597,5,WB-H098,1,5,3fe686907939d07097f6c87f08025422
12959,922d04aa1f67bbe0270bfad98508f43e,0383d48e76cd8a3dfb9e2a890f2cac18,SO61801,30,TI-M602,1,30,76918877cf6ce7011018cd9708723392
12959,922d04aa1f67bbe0270bfad98508f43e,0383d48e76cd8a3dfb9e2a890f2cac18,SO61801,5,TT-M928,1,5,76918877cf6ce7011018cd9708723392
12959,a946e75bc65318721cd1e01162d392dd,5efefff01843f5aa3f7d8a4d44b4bf2e,SO63449,27,CA-1098,3,27,3a23b248b732af434a45fce0302aa11f
12959,a946e75bc65318721cd1e01162d392dd,5efefff01843f5aa3f7d8a4d44b4bf2e,SO63449,150,LJ-0192-S,3,150,3a23b248b732af434a45fce0302aa11f
12959,a946e75bc65318721cd1e01162d392dd,5efefff01843f5aa3f7d8a4d44b4bf2e,SO63449,5,WB-H098,1,5,3a23b248b732af434a45fce0302aa11f
12959,d27974ca95fd620ac92cf95bf8c1d1f2,4c6ed4daa82e7326b84c24f4c2ae7064,SO74183,35,TI-M823,1,35,3e107cd1554225ea3056ed5010adce90
12960,1678083e7ff90bd404baad3f60bffa37,7b0730955172ecda497d7cca6b1d87a1,SO55786,2,PK-7098,1,2,73a69a5c77a7d23172e54d7ce07a638e
12960,1678083e7ff90bd404baad3f60bffa37,7b0730955172ecda497d7cca6b1d87a1,SO55786,35,TI-M823,1,35,73a69a5c77a7d23172e54d7ce07a638e
12960,1678083e7ff90bd404baad3f60bffa37,7b0730955172ecda497d7cca6b1d87a1,SO55786,5,TT-M928,1,5,73a69a5c77a7d23172e54d7ce07a638e
12960,640540d73b85c3ecd2e3bf5541686e87,eba6cab7267f82e3b2a063d5ea445bb9,SO58720,27,CA-1098,3,27,d630b2db6e8046e30b4728ca862ba4e1
12961,bb858b10001c01aea17b4e635d0662a2,d612b5fb3f6011688fb0c9927693365a,SO74780,105,HL-U509-R,3,105,2fb09097185e604aaadbfde958fd6262
12961,bb858b10001c01aea17b4e635d0662a2,d612b5fb3f6011688fb0c9927693365a,SO74780,35,TI-M823,1,35,2fb09097185e604aaadbfde958fd6262
12961,bb858b10001c01aea17b4e635d0662a2,d612b5fb3f6011688fb0c9927693365a,SO74780,5,TT-M928,1,5,2fb09097185e604aaadbfde958fd6262
12961,f544b472453b297a8b55709fbfd3746d,70951886788165a5e2439adfce4d0cce,SO70034,27,CA-1098,3,27,331afa0aff1b1cfbf3d24944ab38c9d2
12962,49fce086a31f1cfcf16b54e462f7cbc0,99c8f306659fd98cbb9d7f03ec0c2a7a,SO70795,105,HL-U509,3,105,e84848120190a8d0e696fbeb15647a74
12962,49fce086a31f1cfcf16b54e462f7cbc0,99c8f306659fd98cbb9d7f03ec0c2a7a,SO70795,35,TI-M823,1,35,e84848120190a8d0e696fbeb15647a74
12962,49fce086a31f1cfcf16b54e462f7cbc0,99c8f306659fd98cbb9d7f03ec0c2a7a,SO70795,5,TT-M928,1,5,e84848120190a8d0e696fbeb15647a74
12962,962bae2fb03296a3b9cacabfa929322c,0da2bc000f1fe4ea8746f9aea0bb5879,SO69103,27,CA-1098,3,27,c4369eefdf9bb8a3f9115e96b40aaf17
12963,41ef6b06b63ba4f6a5234245a439b157,c4c454d69a39e60a6f5cf2f97148adad,SO72597,27,CA-1098,3,27,545a3d56d20b22e09aa85bfa5ed8738d
12963,d7f57f35d2bad1349ca24a67a2635eea,5432d51ee94799c0125bb158c8a8bd22,SO74062,48,GL-H102-L,2,48,1ba7e8cdf85da6cf5e11554703236b52
12963,d7f57f35d2bad1349ca24a67a2635eea,5432d51ee94799c0125bb158c8a8bd22,SO74062,105,HL-U509-R,3,105,1ba7e8cdf85da6cf5e11554703236b52
12963,d7f57f35d2bad1349ca24a67a2635eea,5432d51ee94799c0125bb158c8a8bd22,SO74062,35,TI-M823,1,35,1ba7e8cdf85da6cf5e11554703236b52
12963,d7f57f35d2bad1349ca24a67a2635eea,5432d51ee94799c0125bb158c8a8bd22,SO74062,5,TT-M928,1,5,1ba7e8cdf85da6cf5e11554703236b52
12964,36ab6f1df21f3c9a169c8942e981959a,058af5b2a408d57b708367e5bf4e9d9c,SO67665,10,BC-M005,1,10,8e8847c1bdf012037ee13bb62da8a5c1
12964,36ab6f1df21f3c9a169c8942e981959a,058af5b2a408d57b708367e5bf4e9d9c,SO67665,105,HL-U509-R,3,105,8e8847c1bdf012037ee13bb62da8a5c1
12964,36ab6f1df21f3c9a169c8942e981959a,058af5b2a408d57b708367e5bf4e9d9c,SO67665,5,WB-H098,1,5,8e8847c1bdf012037ee13bb62da8a5c1
12964,3db19f5f710f10e90ecc7154c649d60a,f544b472453b297a8b55709fbfd3746d,SO70897,5,WB-H098,1,5,fee8e08233f3f00450bce31967abb0f1
12964,a2c49941411089cb2a9cbf78cb803c26,73a69a5c77a7d23172e54d7ce07a638e,SO56150,30,TI-M602,1,30,39fe373cdcb4534addde73890415b660
12964,ccf89c691dabb1412404274596922d90,b0241b451647f25db5f52074445d820c,SO65058,35,TI-M823,1,35,7299e51cfc0d5174743a6701a8a96488
12965,7f026edc73bd4602381834e9b850d6c2,eedd9be5500334505ed9d4aef801ac3d,SO52263,22,FE-6654,1,22,db2b287636ac5ebda430de4f3f643b24
12965,7f026edc73bd4602381834e9b850d6c2,eedd9be5500334505ed9d4aef801ac3d,SO52263,105,HL-U509,3,105,db2b287636ac5ebda430de4f3f643b24
12966,d53f9d33cac0a297449a74a10d031570,e0bcd0ff3072dfe15609d6be1529b0b8,SO61579,22,FE-6654,1,22,4cc27df81afd686c0420394e090460cb
12966,d53f9d33cac0a297449a74a10d031570,e0bcd0ff3072dfe15609d6be1529b0b8,SO61579,105,HL-U509-R,3,105,4cc27df81afd686c0420394e090460cb
12966,d53f9d33cac0a297449a74a10d031570,e0bcd0ff3072dfe15609d6be1529b0b8,SO61579,150,LJ-0192-L,3,150,4cc27df81afd686c0420394e090460cb
12967,7983129d9883ebc3b9dce3311996b001,0df76889b3e31ccfd17b50cc73baef03,SO59798,22,FE-6654,1,22,7254e54716fe52361e62aa16ea2e0797
12968,128ee9ff420de424a605a0ee4a6f7916,fee8e08233f3f00450bce31967abb0f1,SO71402,22,FE-6654,1,22,2797a91b25bc2aa85124c99bc574dc83
12969,8d1d4829b2e801ba4e41ba48f5a549d4,a6d37e298c3042e300813f55a17e0875,SO65519,10,BC-M005,1,10,ccf89c691dabb1412404274596922d90
12969,8d1d4829b2e801ba4e41ba48f5a549d4,a6d37e298c3042e300813f55a17e0875,SO65519,150,LJ-0192-L,3,150,ccf89c691dabb1412404274596922d90
12969,8d1d4829b2e801ba4e41ba48f5a549d4,a6d37e298c3042e300813f55a17e0875,SO65519,5,WB-H098,1,5,ccf89c691dabb1412404274596922d90
12969,8eb7a1b0dba9fdd5f4248b9cb6b9119b,9f1ff00ea8fd9fd8f2d421ba5ec45a18,SO68236,2,PK-7098,1,2,c7390752782466cfc9a3ed7d3a79e046
12969,8eb7a1b0dba9fdd5f4248b9cb6b9119b,9f1ff00ea8fd9fd8f2d421ba5ec45a18,SO68236,35,TI-M823,1,35,c7390752782466cfc9a3ed7d3a79e046
12969,8eb7a1b0dba9fdd5f4248b9cb6b9119b,9f1ff00ea8fd9fd8f2d421ba5ec45a18,SO68236,5,TT-M928,1,5,c7390752782466cfc9a3ed7d3a79e046
12969,9e8cbc3edbb5efb3f48d6afb260e4725,174acf6ca4e9804d47a59a499422e621,SO59228,2,PK-7098,1,2,640540d73b85c3ecd2e3bf5541686e87
12969,9e8cbc3edbb5efb3f48d6afb260e4725,174acf6ca4e9804d47a59a499422e621,SO59228,30,TI-M602,1,30,640540d73b85c3ecd2e3bf5541686e87
12969,9e8cbc3edbb5efb3f48d6afb260e4725,174acf6ca4e9804d47a59a499422e621,SO59228,5,TT-M928,1,5,640540d73b85c3ecd2e3bf5541686e87
12969,eba6cab7267f82e3b2a063d5ea445bb9,73b2264d673ee7b5b2e7e165020516ac,SO58038,2,PK-7098,1,2,02ad1a5ca18e58629b8c1d6a6401d071
12969,eba6cab7267f82e3b2a063d5ea445bb9,73b2264d673ee7b5b2e7e165020516ac,SO58038,29,TI-T723,1,29,02ad1a5ca18e58629b8c1d6a6401d071
12969,eba6cab7267f82e3b2a063d5ea445bb9,73b2264d673ee7b5b2e7e165020516ac,SO58038,5,TT-T092,1,5,02ad1a5ca18e58629b8c1d6a6401d071
12970,07b31bae17c7890b17d79a654aa230cf,a976f17830aceaaa93d5daef0bc209a3,SO58170,22,FE-6654,1,22,ef5bad66aa19ccfb82cacb73584b83ea
12970,07b31bae17c7890b17d79a654aa230cf,a976f17830aceaaa93d5daef0bc209a3,SO58170,105,HL-U509-R,3,105,ef5bad66aa19ccfb82cacb73584b83ea
12970,07b31bae17c7890b17d79a654aa230cf,a976f17830aceaaa93d5daef0bc209a3,SO58170,150,LJ-0192-L,3,150,ef5bad66aa19ccfb82cacb73584b83ea
12970,07b31bae17c7890b17d79a654aa230cf,a976f17830aceaaa93d5daef0bc209a3,SO58170,35,TI-M823,1,35,ef5bad66aa19ccfb82cacb73584b83ea
12970,0e23f371129aecc6b2033620b226f8d7,fda052162862bb845297063fd71a580c,SO57206,22,FE-6654,1,22,40ff348468b73116a7077c246985e0bf
12970,0e23f371129aecc6b2033620b226f8d7,fda052162862bb845297063fd71a580c,SO57206,30,TI-M602,1,30,40ff348468b73116a7077c246985e0bf
12970,0e23f371129aecc6b2033620b226f8d7,fda052162862bb845297063fd71a580c,SO57206,5,TT-M928,1,5,40ff348468b73116a7077c246985e0bf
12970,175a5d217fad85df9f6639d7ced1e5d9,511572e8a25e86c2f48ae9e6d73a1e6a,SO68910,10,BC-M005,1,10,66e56e10b0f528b66a45e307ecdf4774
12970,175a5d217fad85df9f6639d7ced1e5d9,511572e8a25e86c2f48ae9e6d73a1e6a,SO68910,54,SJ-0194-S,1,54,66e56e10b0f528b66a45e307ecdf4774
12970,175a5d217fad85df9f6639d7ced1e5d9,511572e8a25e86c2f48ae9e6d73a1e6a,SO68910,5,WB-H098,1,5,66e56e10b0f528b66a45e307ecdf4774
12970,702a02712215141594ddf8e52b0a651c,cd15e5f80ff20dd345bfaa51400dd0d6,SO67506,8,CL-9009,1,8,caa707f97407c07371136aaf471a91d4
12970,702a02712215141594ddf8e52b0a651c,cd15e5f80ff20dd345bfaa51400dd0d6,SO67506,2,PK-7098,1,2,caa707f97407c07371136aaf471a91d4
12970,702a02712215141594ddf8e52b0a651c,cd15e5f80ff20dd345bfaa51400dd0d6,SO67506,159,ST-1401,1,159,caa707f97407c07371136aaf471a91d4
12970,702a02712215141594ddf8e52b0a651c,cd15e5f80ff20dd345bfaa51400dd0d6,SO67506,29,TI-T723,1,29,caa707f97407c07371136aaf471a91d4
12970,702a02712215141594ddf8e52b0a651c,cd15e5f80ff20dd345bfaa51400dd0d6,SO67506,5,TT-T092,1,5,caa707f97407c07371136aaf471a91d4
12971,606ed413481267c98754e3351f662859,4ddc8821c34bceaf3dba4a18741acca3,SO61947,22,FE-6654,1,22,f8025d3776b5f7522a6120cb4e9e0783
12972,232e830f1ac667c081eaaca23cdf9b5f,4b5c3229e0725ef8d303f494db9faec8,SO64500,35,TI-M823,1,35,abe94c2111c58e9c9672602d41bce66e
12972,232e830f1ac667c081eaaca23cdf9b5f,4b5c3229e0725ef8d303f494db9faec8,SO64500,5,TT-M928,1,5,abe94c2111c58e9c9672602d41bce66e
12972,244cede513841376c37dc856f2f5e7b9,5e1b952a22eccca86f7f056a9efb42a4,SO58379,48,GL-H102-S,2,48,debbb2493c6588799fc787e1854bcda5
12972,244cede513841376c37dc856f2f5e7b9,5e1b952a22eccca86f7f056a9efb42a4,SO58379,5,WB-H098,1,5,debbb2493c6588799fc787e1854bcda5
12972,ccb91034934bb047c5f6a32eb289b95b,640540d73b85c3ecd2e3bf5541686e87,SO59726,10,BC-M005,1,10,3ebfce6ccd7540a632ae7e6ad8100c29
12972,ccb91034934bb047c5f6a32eb289b95b,640540d73b85c3ecd2e3bf5541686e87,SO59726,54,SJ-0194-S,1,54,3ebfce6ccd7540a632ae7e6ad8100c29
12972,ccb91034934bb047c5f6a32eb289b95b,640540d73b85c3ecd2e3bf5541686e87,SO59726,5,WB-H098,1,5,3ebfce6ccd7540a632ae7e6ad8100c29
12972,e871b36e68b0b3d0af9c742d81fef27a,3fe686907939d07097f6c87f08025422,SO70111,2,PK-7098,1,2,1faee5670542865e021595151379fe5c
12972,e871b36e68b0b3d0af9c742d81fef27a,3fe686907939d07097f6c87f08025422,SO70111,30,TI-M602,1,30,1faee5670542865e021595151379fe5c
12972,e871b36e68b0b3d0af9c742d81fef27a,3fe686907939d07097f6c87f08025422,SO70111,5,TT-M928,1,5,1faee5670542865e021595151379fe5c
12973,3e107cd1554225ea3056ed5010adce90,aa14ddbc43aa2d3be1e6ac019bb7b5bc,SO73808,27,CA-1098,3,27,43e2cc7ff261723f93f64f3f7e9faa8d
12973,3fe686907939d07097f6c87f08025422,8eb7a1b0dba9fdd5f4248b9cb6b9119b,SO69053,105,HL-U509-B,3,105,e5114f65ece65e14e7b721dab1e674e0
12973,3fe686907939d07097f6c87f08025422,8eb7a1b0dba9fdd5f4248b9cb6b9119b,SO69053,35,TI-M823,1,35,e5114f65ece65e14e7b721dab1e674e0
12973,3fe686907939d07097f6c87f08025422,8eb7a1b0dba9fdd5f4248b9cb6b9119b,SO69053,5,TT-M928,1,5,e5114f65ece65e14e7b721dab1e674e0
12974,01e8942a5792053a553c4612bd6c06a6,6583882ca853d66524856501b27519f5,SO74718,22,FE-6654,1,22,722dc621a1a56555843f574144bfcdf0
12974,01e8942a5792053a553c4612bd6c06a6,6583882ca853d66524856501b27519f5,SO74718,105,HL-U509,3,105,722dc621a1a56555843f574144bfcdf0
12975,8eb7a1b0dba9fdd5f4248b9cb6b9119b,9f1ff00ea8fd9fd8f2d421ba5ec45a18,SO68241,4590,BK-M68B-42,2,4590,c7390752782466cfc9a3ed7d3a79e046
12975,8eb7a1b0dba9fdd5f4248b9cb6b9119b,9f1ff00ea8fd9fd8f2d421ba5ec45a18,SO68241,22,FE-6654,1,22,c7390752782466cfc9a3ed7d3a79e046
12975,8eb7a1b0dba9fdd5f4248b9cb6b9119b,9f1ff00ea8fd9fd8f2d421ba5ec45a18,SO68241,120,RA-H123,1,120,c7390752782466cfc9a3ed7d3a79e046
12975,c75ebcb138485ff2faa2ca7c6dda6bf5,ebce0865da088132946764a3527b5a4e,SO46782,4364,BK-R89R-58,2,4364,72171e6e7eab0887133ec8422525979d
12976,e2f0a420a4c1a9e8e292761f835e0489,4eec6eda382b9c44e240ad4b4b5e9cc0,SO65601,22,FE-6654,1,22,9d934f91c460e9947414d00048f2fa36
12977,90c6314650a0d54fdcabe5cd5406f9af,f476906875bc5d9abe836b4ea1f485c1,SO53962,22,FE-6654,1,22,41464bd548f06ca845208f69df30ac82
12977,90c6314650a0d54fdcabe5cd5406f9af,f476906875bc5d9abe836b4ea1f485c1,SO53962,150,LJ-0192-X,3,150,41464bd548f06ca845208f69df30ac82
12978,d53f9d33cac0a297449a74a10d031570,e0bcd0ff3072dfe15609d6be1529b0b8,SO61576,8,CL-9009,1,8,4cc27df81afd686c0420394e090460cb
12978,d53f9d33cac0a297449a74a10d031570,e0bcd0ff3072dfe15609d6be1529b0b8,SO61576,2,PK-7098,1,2,4cc27df81afd686c0420394e090460cb
12978,d53f9d33cac0a297449a74a10d031570,e0bcd0ff3072dfe15609d6be1529b0b8,SO61576,35,TI-M823,1,35,4cc27df81afd686c0420394e090460cb
12978,d53f9d33cac0a297449a74a10d031570,e0bcd0ff3072dfe15609d6be1529b0b8,SO61576,5,TT-M928,1,5,4cc27df81afd686c0420394e090460cb
12979,15699e35c72c4036c71409f3f3d69528,f5933feadc49c253e4f0e77b236946e9,SO53046,22,FE-6654,1,22,deff8ad81a213d1110c1f409a7f40fcd
12979,15699e35c72c4036c71409f3f3d69528,f5933feadc49c253e4f0e77b236946e9,SO53046,159,ST-1401,1,159,deff8ad81a213d1110c1f409a7f40fcd
12980,72171e6e7eab0887133ec8422525979d,03e9c154083778a02a19e7d2c3dcd97d,SO46740,4364,BK-R89B-58,2,4364,e348aa55d5b10dd2c23ab2b7ce7e1e5f
12980,bc761b2b7297029a695fbd6dd0470724,fef3080ec197edd1a04bb18afd31d16d,SO55661,4590,BK-M68B-46,2,4590,9b6872ca1d80024637e967d1066bba0a
12980,bc761b2b7297029a695fbd6dd0470724,fef3080ec197edd1a04bb18afd31d16d,SO55661,22,FE-6654,1,22,9b6872ca1d80024637e967d1066bba0a
12980,bc761b2b7297029a695fbd6dd0470724,fef3080ec197edd1a04bb18afd31d16d,SO55661,54,SJ-0194-X,1,54,9b6872ca1d80024637e967d1066bba0a
12981,40ff348468b73116a7077c246985e0bf,a2c49941411089cb2a9cbf78cb803c26,SO56783,4640,BK-M68S-42,2,4640,830e779850b1d58733a7ad711bf6b83f
12981,40ff348468b73116a7077c246985e0bf,a2c49941411089cb2a9cbf78cb803c26,SO56783,22,FE-6654,1,22,830e779850b1d58733a7ad711bf6b83f
12981,40ff348468b73116a7077c246985e0bf,a2c49941411089cb2a9cbf78cb803c26,SO56783,48,GL-H102-S,2,48,830e779850b1d58733a7ad711bf6b83f
12981,d1638c6e02871b5c4957d2fe848b551a,d3fa88b8a081356f91911e74ecf7e481,SO46866,2443,BK-R89R-48,1,2443,579ccf7535264274969f909add894a18
12982,36ab6f1df21f3c9a169c8942e981959a,058af5b2a408d57b708367e5bf4e9d9c,SO67682,9,SO-R809-M,1,9,8e8847c1bdf012037ee13bb62da8a5c1
12982,36ab6f1df21f3c9a169c8942e981959a,058af5b2a408d57b708367e5bf4e9d9c,SO67682,35,TI-M823,1,35,8e8847c1bdf012037ee13bb62da8a5c1
12982,36ab6f1df21f3c9a169c8942e981959a,058af5b2a408d57b708367e5bf4e9d9c,SO67682,5,TT-M928,1,5,8e8847c1bdf012037ee13bb62da8a5c1
12982,6582aa26281b9a92ad60e6a03e274c00,232e830f1ac667c081eaaca23cdf9b5f,SO65406,27,CA-1098,3,27,18f358e551b5b85912bc952ab9894c0d
12983,9223b53f03a405f817e91392f0294f6a,3e07f09fb2edbdf0bf6a54c17634514b,SO53819,10,BC-M005,1,10,14e4b13c27fb9bce9938ce35b6597eca
12983,9223b53f03a405f817e91392f0294f6a,3e07f09fb2edbdf0bf6a54c17634514b,SO53819,22,FE-6654,1,22,14e4b13c27fb9bce9938ce35b6597eca
12983,9223b53f03a405f817e91392f0294f6a,3e07f09fb2edbdf0bf6a54c17634514b,SO53819,64,VE-C304-S,1,64,14e4b13c27fb9bce9938ce35b6597eca
12983,9223b53f03a405f817e91392f0294f6a,3e07f09fb2edbdf0bf6a54c17634514b,SO53819,5,WB-H098,1,5,14e4b13c27fb9bce9938ce35b6597eca
12984,6eaadc1181f307997dc853d9ed40db36,0814775cfc25da756a9b4197347ab771,SO58502,10,BC-M005,1,10,4dbf892d41ae205f6e36838031cff786
12984,6eaadc1181f307997dc853d9ed40db36,0814775cfc25da756a9b4197347ab771,SO58502,27,CA-1098,3,27,4dbf892d41ae205f6e36838031cff786
12984,6eaadc1181f307997dc853d9ed40db36,0814775cfc25da756a9b4197347ab771,SO58502,5,WB-H098,1,5,4dbf892d41ae205f6e36838031cff786
12984,8728a5e296f39e49d2fa74c31820e99f,66e56e10b0f528b66a45e307ecdf4774,SO69588,105,HL-U509,3,105,3fe686907939d07097f6c87f08025422
12984,8728a5e296f39e49d2fa74c31820e99f,66e56e10b0f528b66a45e307ecdf4774,SO69588,29,TI-T723,1,29,3fe686907939d07097f6c87f08025422
12984,8728a5e296f39e49d2fa74c31820e99f,66e56e10b0f528b66a45e307ecdf4774,SO69588,5,TT-T092,1,5,3fe686907939d07097f6c87f08025422
12984,b8cc77f0099ae7d3a20b9f0b74d70b12,70ad7386c1fe794c57fa3908ff22435d,SO52200,2,PK-7098,1,2,5e9b4970006d8f02ba0bc1763fa8b9a6
12984,b8cc77f0099ae7d3a20b9f0b74d70b12,70ad7386c1fe794c57fa3908ff22435d,SO52200,35,TI-M823,1,35,5e9b4970006d8f02ba0bc1763fa8b9a6
12984,d34ba8f5d7fd7d5959a34c283fbec422,9c56075241a26f6fa77eb86b15411c6e,SO55049,105,HL-U509,3,105,ac15b60491fe99190c0248790e690757
12984,d34ba8f5d7fd7d5959a34c283fbec422,9c56075241a26f6fa77eb86b15411c6e,SO55049,30,TI-M602,1,30,ac15b60491fe99190c0248790e690757
12984,d34ba8f5d7fd7d5959a34c283fbec422,9c56075241a26f6fa77eb86b15411c6e,SO55049,5,TT-M928,1,5,ac15b60491fe99190c0248790e690757
12985,290499d9b8e65db426ba9b842714eb6d,606ed413481267c98754e3351f662859,SO62643,27,CA-1098,3,27,d1024973c3d10f08cb9fa1736e6ed8b7
12985,95103530881768b5cfc7e33970db9cd7,2ed3972e38245b633ec6b146c2970148,SO62440,35,TI-M823,1,35,305c66634c155cab2b5cc3ce00351eb1
12986,2becb9647677a1a316b388bbad689580,013f173c58073e845f675d26fdde1918,SO61422,2384,BK-T79Y-54,1,2384,0383d48e76cd8a3dfb9e2a890f2cac18
12986,2becb9647677a1a316b388bbad689580,013f173c58073e845f675d26fdde1918,SO61422,105,HL-U509-B,3,105,0383d48e76cd8a3dfb9e2a890f2cac18
12986,2becb9647677a1a316b388bbad689580,013f173c58073e845f675d26fdde1918,SO61422,29,TI-T723,1,29,0383d48e76cd8a3dfb9e2a890f2cac18
12986,2becb9647677a1a316b388bbad689580,013f173c58073e845f675d26fdde1918,SO61422,5,TT-T092,1,5,0383d48e76cd8a3dfb9e2a890f2cac18
12986,90c6314650a0d54fdcabe5cd5406f9af,f476906875bc5d9abe836b4ea1f485c1,SO53964,4590,BK-M68B-38,2,4590,41464bd548f06ca845208f69df30ac82
12986,90c6314650a0d54fdcabe5cd5406f9af,f476906875bc5d9abe836b4ea1f485c1,SO53964,105,HL-U509-R,3,105,41464bd548f06ca845208f69df30ac82
12986,90c6314650a0d54fdcabe5cd5406f9af,f476906875bc5d9abe836b4ea1f485c1,SO53964,35,TI-M823,1,35,41464bd548f06ca845208f69df30ac82
12986,90c6314650a0d54fdcabe5cd5406f9af,f476906875bc5d9abe836b4ea1f485c1,SO53964,5,TT-M928,1,5,41464bd548f06ca845208f69df30ac82
12987,0814775cfc25da756a9b4197347ab771,d76e0ba1fa041675ae9af958c5b41ae4,SO57834,4590,BK-M68B-38,2,4590,de22d232bbe84481579f6252f1e7091d
12987,6d4d5745fb8f7f5dbaff1d157cfd66e0,c595f6cc53ad9db801808994a1189b6c,SO47855,4142,BK-M68S-42,2,4142,31fe4966a778432b46c41b3ae4fc9171
12987,fe1fd19c021e78ec395980c2e347865e,16e364d19895243407b256ec272d5394,SO68400,2384,BK-T79U-46,1,2384,63efdd3324df66c9965bd622cdebe06a
12987,fe1fd19c021e78ec395980c2e347865e,16e364d19895243407b256ec272d5394,SO68400,9,SO-R809-L,1,9,63efdd3324df66c9965bd622cdebe06a
12988,4dbf892d41ae205f6e36838031cff786,de22d232bbe84481579f6252f1e7091d,SO58245,4640,BK-M68S-42,2,4640,3fbd0407b55d3a3da21388a2ddbf881c
12988,4dbf892d41ae205f6e36838031cff786,de22d232bbe84481579f6252f1e7091d,SO58245,2,PK-7098,1,2,3fbd0407b55d3a3da21388a2ddbf881c
12988,4dbf892d41ae205f6e36838031cff786,de22d232bbe84481579f6252f1e7091d,SO58245,120,RA-H123,1,120,3fbd0407b55d3a3da21388a2ddbf881c
12988,4dbf892d41ae205f6e36838031cff786,de22d232bbe84481579f6252f1e7091d,SO58245,35,TI-M823,1,35,3fbd0407b55d3a3da21388a2ddbf881c
12988,4dbf892d41ae205f6e36838031cff786,de22d232bbe84481579f6252f1e7091d,SO58245,5,TT-M928,1,5,3fbd0407b55d3a3da21388a2ddbf881c
12988,705fa39ab40831529471c768490339ab,63efdd3324df66c9965bd622cdebe06a,SO68886,2384,BK-T79Y-54,1,2384,4584ca349e0920f4436a3c2f36158b85
12988,d10ad4e7451df9f235212ada0987c259,c00aa7441b750e57533585b4ed172f85,SO47743,4098,BK-M68B-46,2,4098,7db2c3979b26317fc94657585dda1256
12989,7e15f50bd26e439e6a22f5205a8064db,a1d0c0a14c6c8f8a8ef8220209c23a64,SO67903,9,BC-R205,1,9,702a02712215141594ddf8e52b0a651c
12989,7e15f50bd26e439e6a22f5205a8064db,a1d0c0a14c6c8f8a8ef8220209c23a64,SO67903,2384,BK-T79U-50,1,2384,702a02712215141594ddf8e52b0a651c
12989,7e15f50bd26e439e6a22f5205a8064db,a1d0c0a14c6c8f8a8ef8220209c23a64,SO67903,5,WB-H098,1,5,702a02712215141594ddf8e52b0a651c
12989,d10ad4e7451df9f235212ada0987c259,c00aa7441b750e57533585b4ed172f85,SO47744,4098,BK-M68B-42,2,4098,7db2c3979b26317fc94657585dda1256
12989,de22d232bbe84481579f6252f1e7091d,cae5717327bee7d74e261c550aa5081f,SO57583,4590,BK-M68B-38,2,4590,ab4946738415af86b5e3cee69b13301f
12989,de22d232bbe84481579f6252f1e7091d,cae5717327bee7d74e261c550aa5081f,SO57583,105,HL-U509-R,3,105,ab4946738415af86b5e3cee69b13301f
12989,de22d232bbe84481579f6252f1e7091d,cae5717327bee7d74e261c550aa5081f,SO57583,35,TI-M823,1,35,ab4946738415af86b5e3cee69b13301f
12989,de22d232bbe84481579f6252f1e7091d,cae5717327bee7d74e261c550aa5081f,SO57583,5,TT-M928,1,5,ab4946738415af86b5e3cee69b13301f
12990,1b9e9a1c42d997d68923258c60ed20d5,97a385eedf715bd7450079b92de22ba2,SO47866,4142,BK-M68S-38,2,4142,0901723b6b14e1720aa78a72eedad5f3
12990,702a02712215141594ddf8e52b0a651c,cd15e5f80ff20dd345bfaa51400dd0d6,SO67575,2384,BK-T79Y-60,1,2384,caa707f97407c07371136aaf471a91d4
12990,702a02712215141594ddf8e52b0a651c,cd15e5f80ff20dd345bfaa51400dd0d6,SO67575,54,SJ-0194-X,1,54,caa707f97407c07371136aaf471a91d4
12990,d630b2db6e8046e30b4728ca862ba4e1,02ad1a5ca18e58629b8c1d6a6401d071,SO58460,4640,BK-M68S-42,2,4640,07b31bae17c7890b17d79a654aa230cf
12991,1b9e9a1c42d997d68923258c60ed20d5,97a385eedf715bd7450079b92de22ba2,SO47867,4098,BK-M68B-42,2,4098,0901723b6b14e1720aa78a72eedad5f3
12991,2296af5563b2061aa1d88124a37eecb7,6866da5d40f1aad2d82129d5ffa25bda,SO66547,4640,BK-M68S-38,2,4640,05e7920e8caf0303dc01b77666952b75
12991,2296af5563b2061aa1d88124a37eecb7,6866da5d40f1aad2d82129d5ffa25bda,SO66547,105,HL-U509-R,3,105,05e7920e8caf0303dc01b77666952b75
12991,640540d73b85c3ecd2e3bf5541686e87,eba6cab7267f82e3b2a063d5ea445bb9,SO58776,9,BC-R205,1,9,d630b2db6e8046e30b4728ca862ba4e1
12991,640540d73b85c3ecd2e3bf5541686e87,eba6cab7267f82e3b2a063d5ea445bb9,SO58776,1215,BK-T44U-54,1,1215,d630b2db6e8046e30b4728ca862ba4e1
12991,640540d73b85c3ecd2e3bf5541686e87,eba6cab7267f82e3b2a063d5ea445bb9,SO58776,27,CA-1098,3,27,d630b2db6e8046e30b4728ca862ba4e1
12991,640540d73b85c3ecd2e3bf5541686e87,eba6cab7267f82e3b2a063d5ea445bb9,SO58776,5,WB-H098,1,5,d630b2db6e8046e30b4728ca862ba4e1
12992,8dd08d219271ec96c543f486de430703,d53f9d33cac0a297449a74a10d031570,SO62289,2,PK-7098,1,2,04dbdf67bb8714ba18c9c36d50d1f5dc
12992,8dd08d219271ec96c543f486de430703,d53f9d33cac0a297449a74a10d031570,SO62289,5,TT-M928,1,5,04dbdf67bb8714ba18c9c36d50d1f5dc
12992,99b7e934795a93975a5e0c0b9b57d9ba,870bd4f3713260418e4f342f31dc7e33,SO63825,105,HL-U509-R,3,105,7a8e187aeb003f6e34c02a4d5b9b153e
12992,99b7e934795a93975a5e0c0b9b57d9ba,870bd4f3713260418e4f342f31dc7e33,SO63825,150,LJ-0192-S,3,150,7a8e187aeb003f6e34c02a4d5b9b153e
12992,99b7e934795a93975a5e0c0b9b57d9ba,870bd4f3713260418e4f342f31dc7e33,SO63825,25,TI-M267,1,25,7a8e187aeb003f6e34c02a4d5b9b153e
12992,99b7e934795a93975a5e0c0b9b57d9ba,870bd4f3713260418e4f342f31dc7e33,SO63825,5,TT-M928,1,5,7a8e187aeb003f6e34c02a4d5b9b153e
12992,fef3080ec197edd1a04bb18afd31d16d,b8d9d66529b0a1e91f6137abcdd065dd,SO54895,2,PK-7098,1,2,4310d0d92131e34ff2716d85e1953174
12992,fef3080ec197edd1a04bb18afd31d16d,b8d9d66529b0a1e91f6137abcdd065dd,SO54895,29,TI-T723,1,29,4310d0d92131e34ff2716d85e1953174
12992,fef3080ec197edd1a04bb18afd31d16d,b8d9d66529b0a1e91f6137abcdd065dd,SO54895,5,TT-T092,1,5,4310d0d92131e34ff2716d85e1953174
12993,0814775cfc25da756a9b4197347ab771,d76e0ba1fa041675ae9af958c5b41ae4,SO57794,2,PK-7098,1,2,de22d232bbe84481579f6252f1e7091d
12993,0814775cfc25da756a9b4197347ab771,d76e0ba1fa041675ae9af958c5b41ae4,SO57794,25,TI-M267,1,25,de22d232bbe84481579f6252f1e7091d
12993,0df76889b3e31ccfd17b50cc73baef03,debbb2493c6588799fc787e1854bcda5,SO58782,29,TI-T723,1,29,6eaadc1181f307997dc853d9ed40db36
12993,3c1811b546060d91957cc446aabc4a3c,3c4bf68562424c26986beae6ce13704a,SO55685,105,HL-U509-R,3,105,3c8e2c51453f4d665f1050da871dead6
12993,3c1811b546060d91957cc446aabc4a3c,3c4bf68562424c26986beae6ce13704a,SO55685,5,TT-M928,1,5,3c8e2c51453f4d665f1050da871dead6
12994,75fe8d7dec9d2a51be64595ab37dc674,ef5bad66aa19ccfb82cacb73584b83ea,SO58573,10,BC-M005,1,10,23f22724b430320654759f8512440ebc
12994,75fe8d7dec9d2a51be64595ab37dc674,ef5bad66aa19ccfb82cacb73584b83ea,SO58573,4590,BK-M68B-42,2,4590,23f22724b430320654759f8512440ebc
12994,75fe8d7dec9d2a51be64595ab37dc674,ef5bad66aa19ccfb82cacb73584b83ea,SO58573,55,HY-1023-70,1,55,23f22724b430320654759f8512440ebc
12994,75fe8d7dec9d2a51be64595ab37dc674,ef5bad66aa19ccfb82cacb73584b83ea,SO58573,5,WB-H098,1,5,23f22724b430320654759f8512440ebc
12994,7ae19b95cb229a2fdbd25f66c051d923,ca904a2445f5f72709798833a74ae7c3,SO47940,4142,BK-M68S-42,2,4142,cb5cf2f8eca0fe257d74c13a785b98c3
12994,b34050290c25b0f7b52a2b8f767df87d,caa707f97407c07371136aaf471a91d4,SO68029,2384,BK-T79U-50,1,2384,36ab6f1df21f3c9a169c8942e981959a
12994,b34050290c25b0f7b52a2b8f767df87d,caa707f97407c07371136aaf471a91d4,SO68029,105,HL-U509-B,3,105,36ab6f1df21f3c9a169c8942e981959a
12995,6d4d5745fb8f7f5dbaff1d157cfd66e0,c595f6cc53ad9db801808994a1189b6c,SO47856,4098,BK-M68B-46,2,4098,31fe4966a778432b46c41b3ae4fc9171
12995,83d1ed00595e79ee5ea3797e97970fe8,fe1fd19c021e78ec395980c2e347865e,SO69244,2384,BK-T79Y-46,1,2384,705fa39ab40831529471c768490339ab
12995,83d1ed00595e79ee5ea3797e97970fe8,fe1fd19c021e78ec395980c2e347865e,SO69244,48,GL-H102-M,2,48,705fa39ab40831529471c768490339ab
12995,83d1ed00595e79ee5ea3797e97970fe8,fe1fd19c021e78ec395980c2e347865e,SO69244,105,HL-U509-B,3,105,705fa39ab40831529471c768490339ab
12995,ef5bad66aa19ccfb82cacb73584b83ea,0e23f371129aecc6b2033620b226f8d7,SO57893,4590,BK-M68B-46,2,4590,485ae69515bc4c60ef546ff289741f60
12995,ef5bad66aa19ccfb82cacb73584b83ea,0e23f371129aecc6b2033620b226f8d7,SO57893,8,CL-9009,1,8,485ae69515bc4c60ef546ff289741f60
12995,ef5bad66aa19ccfb82cacb73584b83ea,0e23f371129aecc6b2033620b226f8d7,SO57893,55,HY-1023-70,1,55,485ae69515bc4c60ef546ff289741f60
12996,16e364d19895243407b256ec272d5394,4004a117f65dfd3221a9cce8fce5a45f,SO67644,2384,BK-T79Y-50,1,2384,7acd252f45ad6fe668386456a673d543
12996,c677c7c135ec8863ce920e94467b93e3,13554fafffaf23d93f17c1b353041e27,SO47899,4098,BK-M68B-38,2,4098,6d4d5745fb8f7f5dbaff1d157cfd66e0
12996,debbb2493c6588799fc787e1854bcda5,40883861f6e25a2e09e848a7891f4f38,SO58117,4640,BK-M68S-38,2,4640,0814775cfc25da756a9b4197347ab771
12996,debbb2493c6588799fc787e1854bcda5,40883861f6e25a2e09e848a7891f4f38,SO58117,55,HY-1023-70,1,55,0814775cfc25da756a9b4197347ab771
12997,d53f9d33cac0a297449a74a10d031570,e0bcd0ff3072dfe15609d6be1529b0b8,SO61542,105,HL-U509-B,3,105,4cc27df81afd686c0420394e090460cb
12997,d53f9d33cac0a297449a74a10d031570,e0bcd0ff3072dfe15609d6be1529b0b8,SO61542,5,TT-M928,1,5,4cc27df81afd686c0420394e090460cb
12997,e0cd1349b4c6e1b5f14ed427e358c2d0,f06fd077b6afc2d69af6e1e548da266d,SO70313,8,CL-9009,1,8,b95a9f47dd73bb9b799a31ae04ee7da1
12997,e0cd1349b4c6e1b5f14ed427e358c2d0,f06fd077b6afc2d69af6e1e548da266d,SO70313,2,PK-7098,1,2,b95a9f47dd73bb9b799a31ae04ee7da1
12997,e0cd1349b4c6e1b5f14ed427e358c2d0,f06fd077b6afc2d69af6e1e548da266d,SO70313,25,TI-M267,1,25,b95a9f47dd73bb9b799a31ae04ee7da1
12997,e0cd1349b4c6e1b5f14ed427e358c2d0,f06fd077b6afc2d69af6e1e548da266d,SO70316,27,CA-1098,3,27,b95a9f47dd73bb9b799a31ae04ee7da1
12997,e0cd1349b4c6e1b5f14ed427e358c2d0,f06fd077b6afc2d69af6e1e548da266d,SO70316,29,TI-T723,1,29,b95a9f47dd73bb9b799a31ae04ee7da1
12997,e0cd1349b4c6e1b5f14ed427e358c2d0,f06fd077b6afc2d69af6e1e548da266d,SO70316,5,TT-T092,1,5,b95a9f47dd73bb9b799a31ae04ee7da1
12998,6866da5d40f1aad2d82129d5ffa25bda,b68fd63ca41d49bfc1b18251202c053f,SO65777,4640,BK-M68S-42,2,4640,eea5b3bd1bd5d5c62a1d22f78d3ba263
12998,6866da5d40f1aad2d82129d5ffa25bda,b68fd63ca41d49bfc1b18251202c053f,SO65777,22,FE-6654,1,22,eea5b3bd1bd5d5c62a1d22f78d3ba263
12998,6866da5d40f1aad2d82129d5ffa25bda,b68fd63ca41d49bfc1b18251202c053f,SO65777,54,SJ-0194-S,1,54,eea5b3bd1bd5d5c62a1d22f78d3ba263
12998,d10ad4e7451df9f235212ada0987c259,c00aa7441b750e57533585b4ed172f85,SO47745,4098,BK-M68B-42,2,4098,7db2c3979b26317fc94657585dda1256
12998,d630b2db6e8046e30b4728ca862ba4e1,02ad1a5ca18e58629b8c1d6a6401d071,SO58467,1215,BK-T44U-50,1,1215,07b31bae17c7890b17d79a654aa230cf
12998,d630b2db6e8046e30b4728ca862ba4e1,02ad1a5ca18e58629b8c1d6a6401d071,SO58467,105,HL-U509-B,3,105,07b31bae17c7890b17d79a654aa230cf
12999,244cede513841376c37dc856f2f5e7b9,5e1b952a22eccca86f7f056a9efb42a4,SO58405,4590,BK-M68B-42,2,4590,debbb2493c6588799fc787e1854bcda5
12999,244cede513841376c37dc856f2f5e7b9,5e1b952a22eccca86f7f056a9efb42a4,SO58405,55,HY-1023-70,1,55,debbb2493c6588799fc787e1854bcda5
12999,cb5cf2f8eca0fe257d74c13a785b98c3,9aa1878029541c8ed2422b8b536e6b87,SO47909,4142,BK-M68S-46,2,4142,1b9e9a1c42d997d68923258c60ed20d5
12999,e5114f65ece65e14e7b721dab1e674e0,c7390752782466cfc9a3ed7d3a79e046,SO68738,2384,BK-T79Y-46,1,2384,fe1fd19c021e78ec395980c2e347865e
12999,e5114f65ece65e14e7b721dab1e674e0,c7390752782466cfc9a3ed7d3a79e046,SO68738,105,HL-U509-R,3,105,fe1fd19c021e78ec395980c2e347865e
13000,13554fafffaf23d93f17c1b353041e27,29811b471c7da705b519bb457273565b,SO47798,4142,BK-M68S-42,2,4142,c595f6cc53ad9db801808994a1189b6c
13000,5e1b952a22eccca86f7f056a9efb42a4,a8ef76a01442567fb64eb6f4408a9835,SO57737,4590,BK-M68B-42,2,4590,40883861f6e25a2e09e848a7891f4f38
13000,70951886788165a5e2439adfce4d0cce,ca38f30e56a72f4d0c8d2264322c5862,SO69025,9,BC-R205,1,9,c885741a5e3e55c84950327011b70289
13000,70951886788165a5e2439adfce4d0cce,ca38f30e56a72f4d0c8d2264322c5862,SO69025,2384,BK-T79U-60,1,2384,c885741a5e3e55c84950327011b70289
13000,70951886788165a5e2439adfce4d0cce,ca38f30e56a72f4d0c8d2264322c5862,SO69025,105,HL-U509-R,3,105,c885741a5e3e55c84950327011b70289
13000,70951886788165a5e2439adfce4d0cce,ca38f30e56a72f4d0c8d2264322c5862,SO69025,5,WB-H098,1,5,c885741a5e3e55c84950327011b70289
13001,4dbaf4bdbce8284f0eb9870406ab7f04,31fe4966a778432b46c41b3ae4fc9171,SO47917,4098,BK-M68B-38,2,4098,f1f6939ed2d920fdfc3de31d6a3d32ac
13001,63efdd3324df66c9965bd622cdebe06a,7acd252f45ad6fe668386456a673d543,SO68088,2384,BK-T79Y-50,1,2384,6e32728b966bb91cefefa1316da21ca8
13001,63efdd3324df66c9965bd622cdebe06a,7acd252f45ad6fe668386456a673d543,SO68088,29,TI-T723,1,29,6e32728b966bb91cefefa1316da21ca8
13001,63efdd3324df66c9965bd622cdebe06a,7acd252f45ad6fe668386456a673d543,SO68088,5,TT-T092,1,5,6e32728b966bb91cefefa1316da21ca8
13001,de22d232bbe84481579f6252f1e7091d,cae5717327bee7d74e261c550aa5081f,SO57582,4590,BK-M68B-46,2,4590,ab4946738415af86b5e3cee69b13301f
13001,de22d232bbe84481579f6252f1e7091d,cae5717327bee7d74e261c550aa5081f,SO57582,2,PK-7098,1,2,ab4946738415af86b5e3cee69b13301f
13001,de22d232bbe84481579f6252f1e7091d,cae5717327bee7d74e261c550aa5081f,SO57582,35,TI-M823,1,35,ab4946738415af86b5e3cee69b13301f
13002,70951886788165a5e2439adfce4d0cce,ca38f30e56a72f4d0c8d2264322c5862,SO68956,25,TI-M267,1,25,c885741a5e3e55c84950327011b70289
13002,76e3c19dbb0dadc4c6dc771d856e4676,ad4fbe0c82c7e5968d4cf22c2ad19e28,SO53295,27,CA-1098,3,27,15699e35c72c4036c71409f3f3d69528
13002,76e3c19dbb0dadc4c6dc771d856e4676,ad4fbe0c82c7e5968d4cf22c2ad19e28,SO53295,159,ST-1401,1,159,15699e35c72c4036c71409f3f3d69528
13002,8f472ffe3ff3109f420ae91355ff8f3f,e0cd1349b4c6e1b5f14ed427e358c2d0,SO71158,27,CA-1098,3,27,8fa3bab223bec6501ad71f96bb1067b6
13002,8f472ffe3ff3109f420ae91355ff8f3f,e0cd1349b4c6e1b5f14ed427e358c2d0,SO71158,105,HL-U509,3,105,8fa3bab223bec6501ad71f96bb1067b6
13002,8f472ffe3ff3109f420ae91355ff8f3f,e0cd1349b4c6e1b5f14ed427e358c2d0,SO71158,54,SJ-0194-M,1,54,8fa3bab223bec6501ad71f96bb1067b6
13002,8f472ffe3ff3109f420ae91355ff8f3f,e0cd1349b4c6e1b5f14ed427e358c2d0,SO71158,4,TT-R982,1,4,8fa3bab223bec6501ad71f96bb1067b6
13003,305c66634c155cab2b5cc3ce00351eb1,2becb9647677a1a316b388bbad689580,SO62095,159,ST-1401,1,159,922d04aa1f67bbe0270bfad98508f43e
13003,5abaefcc8525a8f4cfd95cba9e926532,fde67888c64f701b59876ec559099b3e,SO57635,105,HL-U509-B,3,105,73b2264d673ee7b5b2e7e165020516ac
13003,5abaefcc8525a8f4cfd95cba9e926532,fde67888c64f701b59876ec559099b3e,SO57635,25,TI-M267,1,25,73b2264d673ee7b5b2e7e165020516ac
13003,5abaefcc8525a8f4cfd95cba9e926532,fde67888c64f701b59876ec559099b3e,SO57635,5,TT-M928,1,5,73b2264d673ee7b5b2e7e165020516ac
13003,b8d9d66529b0a1e91f6137abcdd065dd,6d44506d59926d8d13d35f75d97f2a64,SO54202,2,PK-7098,1,2,90c6314650a0d54fdcabe5cd5406f9af
13003,b8d9d66529b0a1e91f6137abcdd065dd,6d44506d59926d8d13d35f75d97f2a64,SO54202,4,TT-R982,1,4,90c6314650a0d54fdcabe5cd5406f9af
13004,4b5c3229e0725ef8d303f494db9faec8,f46ace11e93788e473124f7be16a19d5,SO63694,159,ST-1401,1,159,0149f124a48640c62d90840ac5760331
13004,64cadfde6f66bc25043d0d69f5ae5471,18f358e551b5b85912bc952ab9894c0d,SO65814,2,PK-7098,1,2,8d1d4829b2e801ba4e41ba48f5a549d4
13004,64cadfde6f66bc25043d0d69f5ae5471,18f358e551b5b85912bc952ab9894c0d,SO65814,4,TT-R982,1,4,8d1d4829b2e801ba4e41ba48f5a549d4
13004,883b9b4170853b321c03290f64ba199f,412998e77ee121227580e3d363f75fa2,SO60640,25,TI-M267,1,25,af1457846a79173ef71dd9d5dd69805a
13005,08ff55594d8ca57b756a1953f77ebc89,54d3ba66c5e71d3112695b882ca2030e,SO74939,159,ST-1401,1,159,12092303778fcfa88ed7d284b74c6a6a
13005,08ff55594d8ca57b756a1953f77ebc89,54d3ba66c5e71d3112695b882ca2030e,SO74939,4,TT-R982,1,4,12092303778fcfa88ed7d284b74c6a6a
13005,1556bafff387fc8f2f6fef64c1daa6bc,8728a5e296f39e49d2fa74c31820e99f,SO70462,159,ST-1401,1,159,e871b36e68b0b3d0af9c742d81fef27a
13005,b0241b451647f25db5f52074445d820c,7a8e187aeb003f6e34c02a4d5b9b153e,SO64245,105,HL-U509-R,3,105,56d78836c9cf0de136c4d2d37aba2280
13005,b0241b451647f25db5f52074445d820c,7a8e187aeb003f6e34c02a4d5b9b153e,SO64245,25,TI-M267,1,25,56d78836c9cf0de136c4d2d37aba2280
13005,b0241b451647f25db5f52074445d820c,7a8e187aeb003f6e34c02a4d5b9b153e,SO64245,5,TT-M928,1,5,56d78836c9cf0de136c4d2d37aba2280
13006,174acf6ca4e9804d47a59a499422e621,5abaefcc8525a8f4cfd95cba9e926532,SO58340,4640,BK-M68S-38,2,4640,eba6cab7267f82e3b2a063d5ea445bb9
13006,4dbaf4bdbce8284f0eb9870406ab7f04,31fe4966a778432b46c41b3ae4fc9171,SO47918,4098,BK-M68B-46,2,4098,f1f6939ed2d920fdfc3de31d6a3d32ac
13006,de5009f9bf3e9725d2381f4a5e913111,2296af5563b2061aa1d88124a37eecb7,SO67416,9,BC-R205,1,9,a1d0c0a14c6c8f8a8ef8220209c23a64
13006,de5009f9bf3e9725d2381f4a5e913111,2296af5563b2061aa1d88124a37eecb7,SO67416,2384,BK-T79U-54,1,2384,a1d0c0a14c6c8f8a8ef8220209c23a64
13007,4a800301260b2639fa1ec3efafb5f86c,23f22724b430320654759f8512440ebc,SO59205,1215,BK-T44U-46,1,1215,a189cc17a15cdb4e39e80dfcd8374c76
13007,4a800301260b2639fa1ec3efafb5f86c,23f22724b430320654759f8512440ebc,SO59205,105,HL-U509-R,3,105,a189cc17a15cdb4e39e80dfcd8374c76
13007,97a385eedf715bd7450079b92de22ba2,44d326c8c23112823a8152f26e4bb95b,SO47776,4142,BK-M68S-38,2,4142,d10ad4e7451df9f235212ada0987c259
13007,c4369eefdf9bb8a3f9115e96b40aaf17,b34050290c25b0f7b52a2b8f767df87d,SO68786,4590,BK-M68B-42,2,4590,c135545cc3f3a739132ffdbc8096f3d4
13007,c4369eefdf9bb8a3f9115e96b40aaf17,b34050290c25b0f7b52a2b8f767df87d,SO68786,55,HY-1023-70,1,55,c135545cc3f3a739132ffdbc8096f3d4
13008,4c6ed4daa82e7326b84c24f4c2ae7064,b2ce0ef2540789e8a6976165b6c917d8,SO73261,22,FE-6654,1,22,aa14ddbc43aa2d3be1e6ac019bb7b5bc
13008,4c6ed4daa82e7326b84c24f4c2ae7064,b2ce0ef2540789e8a6976165b6c917d8,SO73261,105,HL-U509-B,3,105,aa14ddbc43aa2d3be1e6ac019bb7b5bc
13008,4c6ed4daa82e7326b84c24f4c2ae7064,b2ce0ef2540789e8a6976165b6c917d8,SO73261,5,TT-M928,1,5,aa14ddbc43aa2d3be1e6ac019bb7b5bc
13008,58f0b42da53adeeccbfa693883fea672,56d78836c9cf0de136c4d2d37aba2280,SO64379,25,TI-M267,1,25,d4746e41b619da57ee9f1a2e2cc254e8
13008,58f0b42da53adeeccbfa693883fea672,8c9ec1be720ee75d56d0c250d10610fa,SO64379,2,PK-7098,1,2,d4746e41b619da57ee9f1a2e2cc254e8
13008,63efdd3324df66c9965bd622cdebe06a,7acd252f45ad6fe668386456a673d543,SO68036,2,PK-7098,1,2,6e32728b966bb91cefefa1316da21ca8
13008,63efdd3324df66c9965bd622cdebe06a,7acd252f45ad6fe668386456a673d543,SO68036,29,TI-T723,1,29,6e32728b966bb91cefefa1316da21ca8
13008,63efdd3324df66c9965bd622cdebe06a,7acd252f45ad6fe668386456a673d543,SO68036,5,TT-T092,1,5,6e32728b966bb91cefefa1316da21ca8
13009,2296af5563b2061aa1d88124a37eecb7,6866da5d40f1aad2d82129d5ffa25bda,SO66517,48,GL-H102-L,2,48,05e7920e8caf0303dc01b77666952b75
13009,2296af5563b2061aa1d88124a37eecb7,6866da5d40f1aad2d82129d5ffa25bda,SO66517,105,HL-U509-R,3,105,05e7920e8caf0303dc01b77666952b75
13009,2296af5563b2061aa1d88124a37eecb7,6866da5d40f1aad2d82129d5ffa25bda,SO66517,29,TI-T723,1,29,05e7920e8caf0303dc01b77666952b75
13009,2296af5563b2061aa1d88124a37eecb7,6866da5d40f1aad2d82129d5ffa25bda,SO66517,5,TT-T092,1,5,05e7920e8caf0303dc01b77666952b75
13009,5cbbe853aa1a5a1370f9a614904c4b15,86e0fc464cbb08ae74bd039224afec9a,SO73581,8,CL-9009,1,8,47a161474962a6dcc03cfa64127a641f
13009,5cbbe853aa1a5a1370f9a614904c4b15,86e0fc464cbb08ae74bd039224afec9a,SO73581,2,PK-7098,1,2,47a161474962a6dcc03cfa64127a641f
13009,5cbbe853aa1a5a1370f9a614904c4b15,86e0fc464cbb08ae74bd039224afec9a,SO73581,25,TI-M267,1,25,47a161474962a6dcc03cfa64127a641f
13009,9f1ff00ea8fd9fd8f2d421ba5ec45a18,f88b3743a9ce1f9455b6de69380b486a,SO67425,105,HL-U509,3,105,0001ffe4d82d0d8f9fec5ab0b4faa2db
13009,9f1ff00ea8fd9fd8f2d421ba5ec45a18,f88b3743a9ce1f9455b6de69380b486a,SO67425,5,TT-M928,1,5,0001ffe4d82d0d8f9fec5ab0b4faa2db
13010,7254e54716fe52361e62aa16ea2e0797,6eaadc1181f307997dc853d9ed40db36,SO59486,1215,BK-T44U-54,1,1215,e7df1b3ee078bdcfc260a877f321287d
13010,7254e54716fe52361e62aa16ea2e0797,6eaadc1181f307997dc853d9ed40db36,SO59486,27,CA-1098,3,27,e7df1b3ee078bdcfc260a877f321287d
13010,7254e54716fe52361e62aa16ea2e0797,6eaadc1181f307997dc853d9ed40db36,SO59486,105,HL-U509-B,3,105,e7df1b3ee078bdcfc260a877f321287d
13010,7254e54716fe52361e62aa16ea2e0797,6eaadc1181f307997dc853d9ed40db36,SO59486,54,SJ-0194-X,1,54,e7df1b3ee078bdcfc260a877f321287d
13010,7ae19b95cb229a2fdbd25f66c051d923,ca904a2445f5f72709798833a74ae7c3,SO47941,4142,BK-M68S-46,2,4142,cb5cf2f8eca0fe257d74c13a785b98c3
13010,8eb7a1b0dba9fdd5f4248b9cb6b9119b,9f1ff00ea8fd9fd8f2d421ba5ec45a18,SO68252,4590,BK-M68B-42,2,4590,c7390752782466cfc9a3ed7d3a79e046
13010,8eb7a1b0dba9fdd5f4248b9cb6b9119b,9f1ff00ea8fd9fd8f2d421ba5ec45a18,SO68252,2,PK-7098,1,2,c7390752782466cfc9a3ed7d3a79e046
13010,8eb7a1b0dba9fdd5f4248b9cb6b9119b,9f1ff00ea8fd9fd8f2d421ba5ec45a18,SO68252,35,TI-M823,1,35,c7390752782466cfc9a3ed7d3a79e046
13011,4dbf892d41ae205f6e36838031cff786,de22d232bbe84481579f6252f1e7091d,SO58241,4590,BK-M68B-38,2,4590,3fbd0407b55d3a3da21388a2ddbf881c
13011,4dbf892d41ae205f6e36838031cff786,de22d232bbe84481579f6252f1e7091d,SO58241,22,FE-6654,1,22,3fbd0407b55d3a3da21388a2ddbf881c
13011,691ad1b0dca3643b923973defd014d47,6dd75c28a9a8a39e02bc0a175f82a9f3,SO67838,2384,BK-T79Y-46,1,2384,9f1ff00ea8fd9fd8f2d421ba5ec45a18
13011,691ad1b0dca3643b923973defd014d47,6dd75c28a9a8a39e02bc0a175f82a9f3,SO67838,105,HL-U509-R,3,105,9f1ff00ea8fd9fd8f2d421ba5ec45a18
13011,691ad1b0dca3643b923973defd014d47,6dd75c28a9a8a39e02bc0a175f82a9f3,SO67838,29,TI-T723,1,29,9f1ff00ea8fd9fd8f2d421ba5ec45a18
13011,691ad1b0dca3643b923973defd014d47,6dd75c28a9a8a39e02bc0a175f82a9f3,SO67838,5,TT-T092,1,5,9f1ff00ea8fd9fd8f2d421ba5ec45a18
13011,cef496a29639a0ba3d5ad94ef759770a,42c8d51c48328d79f09bd1db2203a02d,SO47886,4098,BK-M68B-38,2,4098,6222fb05a8551828f3607e483b652095
13012,40883861f6e25a2e09e848a7891f4f38,eba5233d2dd8ea5031e646882335ece0,SO57473,4590,BK-M68B-42,2,4590,d76e0ba1fa041675ae9af958c5b41ae4
13012,40883861f6e25a2e09e848a7891f4f38,eba5233d2dd8ea5031e646882335ece0,SO57473,159,ST-1401,1,159,d76e0ba1fa041675ae9af958c5b41ae4
13012,40883861f6e25a2e09e848a7891f4f38,eba5233d2dd8ea5031e646882335ece0,SO57473,35,TI-M823,1,35,d76e0ba1fa041675ae9af958c5b41ae4
13012,40883861f6e25a2e09e848a7891f4f38,eba5233d2dd8ea5031e646882335ece0,SO57473,5,TT-M928,1,5,d76e0ba1fa041675ae9af958c5b41ae4
13012,c885741a5e3e55c84950327011b70289,7e15f50bd26e439e6a22f5205a8064db,SO68681,9,BC-R205,1,9,0da2bc000f1fe4ea8746f9aea0bb5879
13012,c885741a5e3e55c84950327011b70289,7e15f50bd26e439e6a22f5205a8064db,SO68681,2384,BK-T79U-46,1,2384,0da2bc000f1fe4ea8746f9aea0bb5879
13012,c885741a5e3e55c84950327011b70289,7e15f50bd26e439e6a22f5205a8064db,SO68681,54,SJ-0194-X,1,54,0da2bc000f1fe4ea8746f9aea0bb5879
13012,c885741a5e3e55c84950327011b70289,7e15f50bd26e439e6a22f5205a8064db,SO68681,5,WB-H098,1,5,0da2bc000f1fe4ea8746f9aea0bb5879
13012,cef496a29639a0ba3d5ad94ef759770a,42c8d51c48328d79f09bd1db2203a02d,SO47887,4142,BK-M68S-46,2,4142,6222fb05a8551828f3607e483b652095
13013,702a02712215141594ddf8e52b0a651c,cd15e5f80ff20dd345bfaa51400dd0d6,SO67489,70,SH-W890-L,1,70,caa707f97407c07371136aaf471a91d4
13013,7acd252f45ad6fe668386456a673d543,0120f4004ede1143c3be6caa4227affe,SO67147,120,RA-H123,1,120,b322422d9a721bbdefa133133dd407c1
13013,7acd252f45ad6fe668386456a673d543,0120f4004ede1143c3be6caa4227affe,SO67147,25,TI-M267,1,25,b322422d9a721bbdefa133133dd407c1
13013,7acd252f45ad6fe668386456a673d543,0120f4004ede1143c3be6caa4227affe,SO67147,5,TT-M928,1,5,b322422d9a721bbdefa133133dd407c1
13013,b95a9f47dd73bb9b799a31ae04ee7da1,175a5d217fad85df9f6639d7ced1e5d9,SO69953,2,PK-7098,1,2,8728a5e296f39e49d2fa74c31820e99f
13013,b95a9f47dd73bb9b799a31ae04ee7da1,175a5d217fad85df9f6639d7ced1e5d9,SO69953,29,TI-T723,1,29,8728a5e296f39e49d2fa74c31820e99f
13013,b95a9f47dd73bb9b799a31ae04ee7da1,175a5d217fad85df9f6639d7ced1e5d9,SO69953,5,TT-T092,1,5,8728a5e296f39e49d2fa74c31820e99f
13014,722dc621a1a56555843f574144bfcdf0,d27974ca95fd620ac92cf95bf8c1d1f2,SO74537,120,RA-H123,1,120,d612b5fb3f6011688fb0c9927693365a
13014,de22d232bbe84481579f6252f1e7091d,cae5717327bee7d74e261c550aa5081f,SO57570,105,HL-U509,3,105,ab4946738415af86b5e3cee69b13301f
13014,de22d232bbe84481579f6252f1e7091d,cae5717327bee7d74e261c550aa5081f,SO57570,35,TI-M823,1,35,ab4946738415af86b5e3cee69b13301f
13014,de22d232bbe84481579f6252f1e7091d,cae5717327bee7d74e261c550aa5081f,SO57570,5,TT-M928,1,5,ab4946738415af86b5e3cee69b13301f
13015,361e2c62255e0c1887ac2139911ca300,20b5e9ce0f87defd975a322149ec8cc6,SO51912,35,TI-M823,1,35,eedd9be5500334505ed9d4aef801ac3d
13015,5abaefcc8525a8f4cfd95cba9e926532,fde67888c64f701b59876ec559099b3e,SO57637,120,RA-H123,1,120,73b2264d673ee7b5b2e7e165020516ac
13016,100feae0ab76bce714e9670fc87cdb42,541309d30f5cea4d94f655886354e3fd,SO46791,2443,BK-R89R-48,1,2443,fd2d4f3c923f907724bbdb60a26a944e
13016,cae5717327bee7d74e261c550aa5081f,18025e6a8791d350428f65c0783ebd99,SO56741,4590,BK-M68B-42,2,4590,ed268f8f3837888893f896b7240f1254
13016,cae5717327bee7d74e261c550aa5081f,18025e6a8791d350428f65c0783ebd99,SO56741,105,HL-U509,3,105,ed268f8f3837888893f896b7240f1254
13016,cae5717327bee7d74e261c550aa5081f,18025e6a8791d350428f65c0783ebd99,SO56741,35,TI-M823,1,35,ed268f8f3837888893f896b7240f1254
13016,cae5717327bee7d74e261c550aa5081f,18025e6a8791d350428f65c0783ebd99,SO56741,5,TT-M928,1,5,ed268f8f3837888893f896b7240f1254
13017,c87874400b9f907bdf9ea37d75a4b341,23bd9a9b90557e9da7babfb8e3d2df22,SO64580,2,PK-7098,1,2,8b9fe4b34e3c54f08bfcac3d9691e260
13017,c87874400b9f907bdf9ea37d75a4b341,23bd9a9b90557e9da7babfb8e3d2df22,SO64580,35,TI-M823,1,35,8b9fe4b34e3c54f08bfcac3d9691e260
13017,c87874400b9f907bdf9ea37d75a4b341,23bd9a9b90557e9da7babfb8e3d2df22,SO64580,5,TT-M928,1,5,8b9fe4b34e3c54f08bfcac3d9691e260
13018,49fce086a31f1cfcf16b54e462f7cbc0,99c8f306659fd98cbb9d7f03ec0c2a7a,SO70804,540,BK-M18B-44,1,540,e84848120190a8d0e696fbeb15647a74
13018,49fce086a31f1cfcf16b54e462f7cbc0,99c8f306659fd98cbb9d7f03ec0c2a7a,SO70804,22,FE-6654,1,22,e84848120190a8d0e696fbeb15647a74
13018,49fce086a31f1cfcf16b54e462f7cbc0,99c8f306659fd98cbb9d7f03ec0c2a7a,SO70804,9,SO-R809-L,1,9,e84848120190a8d0e696fbeb15647a74
13018,de0ec1db92da84eb75354f77c92b4831,83fd58ad8dee673cf915b18f70b86416,SO47737,4142,BK-M68S-46,2,4142,34fbf2f6480a253f5b18c3295860e4ca
13019,66e56e10b0f528b66a45e307ecdf4774,691ad1b0dca3643b923973defd014d47,SO68596,10,BC-M005,1,10,8eb7a1b0dba9fdd5f4248b9cb6b9119b
13019,66e56e10b0f528b66a45e307ecdf4774,691ad1b0dca3643b923973defd014d47,SO68596,4640,BK-M68S-38,2,4640,8eb7a1b0dba9fdd5f4248b9cb6b9119b
13019,66e56e10b0f528b66a45e307ecdf4774,691ad1b0dca3643b923973defd014d47,SO68596,22,FE-6654,1,22,8eb7a1b0dba9fdd5f4248b9cb6b9119b
13019,66e56e10b0f528b66a45e307ecdf4774,691ad1b0dca3643b923973defd014d47,SO68596,105,HL-U509-R,3,105,8eb7a1b0dba9fdd5f4248b9cb6b9119b
13019,66e56e10b0f528b66a45e307ecdf4774,691ad1b0dca3643b923973defd014d47,SO68596,5,WB-H098,1,5,8eb7a1b0dba9fdd5f4248b9cb6b9119b
13019,aa4ae995295bc6ee1d97c709a638619d,e348aa55d5b10dd2c23ab2b7ce7e1e5f,SO46800,2443,BK-R89R-52,1,2443,288d3167bf0dc7676963fa7998052f54
13020,336a679e4b20d70ee4a230ccc5fd12f7,feac3e52d8032301cde96120a3dfe0d4,SO47753,4098,BK-M68B-42,2,4098,eca42dce13e2b8f5a7af58263fefeb0a
13020,47a161474962a6dcc03cfa64127a641f,8920fd63645007b243abb750709b1172,SO73239,540,BK-M18B-52,1,540,c5ed53572c667b119dde2fc0f54de602
13021,1b9e9a1c42d997d68923258c60ed20d5,97a385eedf715bd7450079b92de22ba2,SO47868,4142,BK-M68S-42,2,4142,0901723b6b14e1720aa78a72eedad5f3
13021,e366e24b8ad0b1107528f2f58cd15a81,921bc92a493b53f98f24e6a8a12801be,SO72492,540,BK-M18B-44,1,540,c83e871e48c2716e0f28e60d166a5c98
13021,e366e24b8ad0b1107528f2f58cd15a81,921bc92a493b53f98f24e6a8a12801be,SO72492,22,FE-6654,1,22,c83e871e48c2716e0f28e60d166a5c98
13021,e366e24b8ad0b1107528f2f58cd15a81,921bc92a493b53f98f24e6a8a12801be,SO72492,105,HL-U509,3,105,c83e871e48c2716e0f28e60d166a5c98
13022,86e0fc464cbb08ae74bd039224afec9a,38c9e5d1e366b4c5c36aae682bc960c4,SO72706,565,BK-M18S-40,1,565,8920fd63645007b243abb750709b1172
13022,86e0fc464cbb08ae74bd039224afec9a,38c9e5d1e366b4c5c36aae682bc960c4,SO72706,8,CL-9009,1,8,8920fd63645007b243abb750709b1172
13022,86e0fc464cbb08ae74bd039224afec9a,38c9e5d1e366b4c5c36aae682bc960c4,SO72706,22,FE-6654,1,22,8920fd63645007b243abb750709b1172
13022,d10ad4e7451df9f235212ada0987c259,c00aa7441b750e57533585b4ed172f85,SO47746,4098,BK-M68B-38,2,4098,7db2c3979b26317fc94657585dda1256
13023,3a2f313512bb520c43971e54ba834dec,a1fedb8f5f2e08543339a5f167bee6b7,SO65887,150,LJ-0192-S,3,150,e2f0a420a4c1a9e8e292761f835e0489
13023,3a2f313512bb520c43971e54ba834dec,a1fedb8f5f2e08543339a5f167bee6b7,SO65887,9,SO-R809-L,1,9,e2f0a420a4c1a9e8e292761f835e0489
13023,e4b40b4ba619c72ec5a69caad258d393,b0950d12c62d3aeda81b2e8d06f2aef4,SO74186,25,TI-M267,1,25,8babade0595c11e14dd89058a850f2cd
13023,e4b40b4ba619c72ec5a69caad258d393,b0950d12c62d3aeda81b2e8d06f2aef4,SO74186,5,TT-M928,1,5,8babade0595c11e14dd89058a850f2cd
13024,6d4d5745fb8f7f5dbaff1d157cfd66e0,c595f6cc53ad9db801808994a1189b6c,SO47857,4098,BK-M68B-42,2,4098,31fe4966a778432b46c41b3ae4fc9171
13024,c83e871e48c2716e0f28e60d166a5c98,6a8d7e42bb852c45fbf8610361d391a0,SO72105,540,BK-M18B-48,1,540,c4c454d69a39e60a6f5cf2f97148adad
13024,c83e871e48c2716e0f28e60d166a5c98,6a8d7e42bb852c45fbf8610361d391a0,SO72105,22,FE-6654,1,22,c4c454d69a39e60a6f5cf2f97148adad
13024,c83e871e48c2716e0f28e60d166a5c98,6a8d7e42bb852c45fbf8610361d391a0,SO72105,54,SJ-0194-X,1,54,c4c454d69a39e60a6f5cf2f97148adad
13025,31fe4966a778432b46c41b3ae4fc9171,de0ec1db92da84eb75354f77c92b4831,SO47820,4142,BK-M68S-38,2,4142,b9e08b025ef074f1404952480e6fa92a
13025,8babade0595c11e14dd89058a850f2cd,a048b8d5f3f9178f163e2be055f0138b,SO73867,565,BK-M18S-52,1,565,501407dcfde5b685045ca3072168d5bb
13025,8babade0595c11e14dd89058a850f2cd,a048b8d5f3f9178f163e2be055f0138b,SO73867,54,SJ-0194-L,1,54,501407dcfde5b685045ca3072168d5bb
13026,0383d48e76cd8a3dfb9e2a890f2cac18,d6fb379288416774d139632beb88e26b,SO60959,22,FE-6654,1,22,883b9b4170853b321c03290f64ba199f
13026,0383d48e76cd8a3dfb9e2a890f2cac18,d6fb379288416774d139632beb88e26b,SO60959,54,SJ-0194-X,1,54,883b9b4170853b321c03290f64ba199f
13026,0383d48e76cd8a3dfb9e2a890f2cac18,d6fb379288416774d139632beb88e26b,SO60959,25,TI-M267,1,25,883b9b4170853b321c03290f64ba199f
13026,0383d48e76cd8a3dfb9e2a890f2cac18,d6fb379288416774d139632beb88e26b,SO60959,5,TT-M928,1,5,883b9b4170853b321c03290f64ba199f
13026,e366e24b8ad0b1107528f2f58cd15a81,921bc92a493b53f98f24e6a8a12801be,SO72447,150,LJ-0192-L,3,150,c83e871e48c2716e0f28e60d166a5c98
13027,61e00b038efd34bdf9c747596273cbcf,7130adfd843cdcb6d0bcd9d13792693a,SO64036,4590,BK-M68B-42,2,4590,4b5c3229e0725ef8d303f494db9faec8
13027,61e00b038efd34bdf9c747596273cbcf,7130adfd843cdcb6d0bcd9d13792693a,SO64036,22,FE-6654,1,22,4b5c3229e0725ef8d303f494db9faec8
13027,61e00b038efd34bdf9c747596273cbcf,7130adfd843cdcb6d0bcd9d13792693a,SO64036,2,PK-7098,1,2,4b5c3229e0725ef8d303f494db9faec8
13028,1ba7e8cdf85da6cf5e11554703236b52,9592b44e2c3f304a9875f45537bec6eb,SO73683,9,SO-R809-M,1,9,4c6ed4daa82e7326b84c24f4c2ae7064
13028,1ba7e8cdf85da6cf5e11554703236b52,9592b44e2c3f304a9875f45537bec6eb,SO73683,35,TI-M823,1,35,4c6ed4daa82e7326b84c24f4c2ae7064
13028,1ba7e8cdf85da6cf5e11554703236b52,9592b44e2c3f304a9875f45537bec6eb,SO73683,5,TT-M928,1,5,4c6ed4daa82e7326b84c24f4c2ae7064
13029,5c741aa8e0753be65314a304e7b39c14,d945ec2aae74dbfb829453026b91c235,SO62067,10,BC-M005,1,10,7ee641303ef8d8b10d0ed00a060c73cc
13029,5c741aa8e0753be65314a304e7b39c14,d945ec2aae74dbfb829453026b91c235,SO62067,769,BK-M38S-38,1,769,7ee641303ef8d8b10d0ed00a060c73cc
13029,d1638c6e02871b5c4957d2fe848b551a,d3fa88b8a081356f91911e74ecf7e481,SO46867,4364,BK-R89B-52,2,4364,579ccf7535264274969f909add894a18
13030,e82ca4c6beebe812f10fa1041b97a160,9d934f91c460e9947414d00048f2fa36,SO66049,22,FE-6654,1,22,6d1d8a1c7851eb5a946d45009cea6d9f
13030,e82ca4c6beebe812f10fa1041b97a160,9d934f91c460e9947414d00048f2fa36,SO66049,55,HY-1023-70,1,55,6d1d8a1c7851eb5a946d45009cea6d9f
13031,7b0730955172ecda497d7cca6b1d87a1,d3c54b4368c62c2ff11535bf2b677170,SO55013,22,FE-6654,1,22,5a06908cc28b799b04fc1c47664462e6
13032,3c1811b546060d91957cc446aabc4a3c,3c4bf68562424c26986beae6ce13704a,SO55722,4590,BK-M68B-46,2,4590,3c8e2c51453f4d665f1050da871dead6
13032,3c1811b546060d91957cc446aabc4a3c,3c4bf68562424c26986beae6ce13704a,SO55722,2,PK-7098,1,2,3c8e2c51453f4d665f1050da871dead6
13032,e348aa55d5b10dd2c23ab2b7ce7e1e5f,700b2fdf8bbe790f020e8c6fb93a2d71,SO46689,2443,BK-R89R-48,1,2443,b9edfdebe9fb3fad4862841e57e559d8
13033,bb858b10001c01aea17b4e635d0662a2,d612b5fb3f6011688fb0c9927693365a,SO74781,10,BC-M005,1,10,2fb09097185e604aaadbfde958fd6262
13033,bb858b10001c01aea17b4e635d0662a2,d612b5fb3f6011688fb0c9927693365a,SO74781,27,CA-1098,3,27,2fb09097185e604aaadbfde958fd6262
13033,bb858b10001c01aea17b4e635d0662a2,d612b5fb3f6011688fb0c9927693365a,SO74781,22,FE-6654,1,22,2fb09097185e604aaadbfde958fd6262
13033,bb858b10001c01aea17b4e635d0662a2,d612b5fb3f6011688fb0c9927693365a,SO74781,5,WB-H098,1,5,2fb09097185e604aaadbfde958fd6262
13034,5072507e949a2c25948a591c4da194e1,a189cc17a15cdb4e39e80dfcd8374c76,SO59653,8,CL-9009,1,8,ad0b7f5ad35732646f1e5f67418d5995
13034,5072507e949a2c25948a591c4da194e1,a189cc17a15cdb4e39e80dfcd8374c76,SO59653,2,PK-7098,1,2,ad0b7f5ad35732646f1e5f67418d5995
13034,5072507e949a2c25948a591c4da194e1,a189cc17a15cdb4e39e80dfcd8374c76,SO59653,25,TI-M267,1,25,ad0b7f5ad35732646f1e5f67418d5995
13034,e82ca4c6beebe812f10fa1041b97a160,9d934f91c460e9947414d00048f2fa36,SO66029,48,GL-H102-M,2,48,6d1d8a1c7851eb5a946d45009cea6d9f
13034,e82ca4c6beebe812f10fa1041b97a160,9d934f91c460e9947414d00048f2fa36,SO66029,105,HL-U509-B,3,105,6d1d8a1c7851eb5a946d45009cea6d9f
13035,c677c7c135ec8863ce920e94467b93e3,13554fafffaf23d93f17c1b353041e27,SO47900,4098,BK-M68B-46,2,4098,6d4d5745fb8f7f5dbaff1d157cfd66e0
13035,c83e871e48c2716e0f28e60d166a5c98,6a8d7e42bb852c45fbf8610361d391a0,SO72061,10,BC-M005,1,10,c4c454d69a39e60a6f5cf2f97148adad
13035,c83e871e48c2716e0f28e60d166a5c98,6a8d7e42bb852c45fbf8610361d391a0,SO72061,565,BK-M18S-42,1,565,c4c454d69a39e60a6f5cf2f97148adad
13035,c83e871e48c2716e0f28e60d166a5c98,6a8d7e42bb852c45fbf8610361d391a0,SO72061,27,CA-1098,3,27,c4c454d69a39e60a6f5cf2f97148adad
13035,c83e871e48c2716e0f28e60d166a5c98,6a8d7e42bb852c45fbf8610361d391a0,SO72061,5,WB-H098,1,5,c4c454d69a39e60a6f5cf2f97148adad
13036,8920fd63645007b243abb750709b1172,58c4ce5b9433e7b6d41793d5a76d5590,SO72271,565,BK-M18S-52,1,565,0d3057f268050d468f468434f8ec809a
13036,8920fd63645007b243abb750709b1172,58c4ce5b9433e7b6d41793d5a76d5590,SO72271,27,CA-1098,3,27,0d3057f268050d468f468434f8ec809a
13036,8920fd63645007b243abb750709b1172,58c4ce5b9433e7b6d41793d5a76d5590,SO72271,54,SJ-0194-M,1,54,0d3057f268050d468f468434f8ec809a
13036,e84927d3e6cb5062480084b8208ad296,eca42dce13e2b8f5a7af58263fefeb0a,SO47791,4098,BK-M68B-38,2,4098,dd10b03a406a44cb52e7d41971c2b941
13037,1556bafff387fc8f2f6fef64c1daa6bc,8728a5e296f39e49d2fa74c31820e99f,SO70454,25,TI-M267,1,25,e871b36e68b0b3d0af9c742d81fef27a
13037,8d71482745a6a1be4fbbc5562ade4657,089c2a426c196c5ca5facb20896c90bb,SO56914,105,HL-U509,3,105,d9f7611cf8d29b48a1d3d8fddb8c5b2e
13038,254d832c83ccdb2c33eab65a4fd196ff,75fe8d7dec9d2a51be64595ab37dc674,SO59577,1215,BK-T44U-54,1,1215,4a800301260b2639fa1ec3efafb5f86c
13038,31fe4966a778432b46c41b3ae4fc9171,de0ec1db92da84eb75354f77c92b4831,SO47821,4142,BK-M68S-38,2,4142,b9e08b025ef074f1404952480e6fa92a
13038,c885741a5e3e55c84950327011b70289,7e15f50bd26e439e6a22f5205a8064db,SO68661,4590,BK-M68B-38,2,4590,0da2bc000f1fe4ea8746f9aea0bb5879
13039,3dc63b2d6dcc8f0b6720b06b5439a0b1,8d1d4829b2e801ba4e41ba48f5a549d4,SO66297,769,BK-M38S-38,1,769,6ef7b4bb93d4e54234cf965ed2334682
13039,3dc63b2d6dcc8f0b6720b06b5439a0b1,8d1d4829b2e801ba4e41ba48f5a549d4,SO66297,70,SH-W890-M,1,70,6ef7b4bb93d4e54234cf965ed2334682
13039,e348aa55d5b10dd2c23ab2b7ce7e1e5f,700b2fdf8bbe790f020e8c6fb93a2d71,SO46690,2443,BK-R89R-44,1,2443,b9edfdebe9fb3fad4862841e57e559d8
13040,8f472ffe3ff3109f420ae91355ff8f3f,e0cd1349b4c6e1b5f14ed427e358c2d0,SO71152,105,HL-U509-R,3,105,8fa3bab223bec6501ad71f96bb1067b6
13040,8f472ffe3ff3109f420ae91355ff8f3f,e0cd1349b4c6e1b5f14ed427e358c2d0,SO71152,25,TI-M267,1,25,8fa3bab223bec6501ad71f96bb1067b6
13040,bb858b10001c01aea17b4e635d0662a2,d612b5fb3f6011688fb0c9927693365a,SO74758,105,HL-U509-B,3,105,2fb09097185e604aaadbfde958fd6262
13041,348f48807f500aeac729fb17d9bc97f1,5072507e949a2c25948a591c4da194e1,SO60460,105,HL-U509-R,3,105,f108e0cd2f96a0c22086f9d45ee08f19
13041,348f48807f500aeac729fb17d9bc97f1,5072507e949a2c25948a591c4da194e1,SO60460,25,TI-M267,1,25,f108e0cd2f96a0c22086f9d45ee08f19
13041,348f48807f500aeac729fb17d9bc97f1,5072507e949a2c25948a591c4da194e1,SO60460,5,TT-M928,1,5,f108e0cd2f96a0c22086f9d45ee08f19
13041,bc761b2b7297029a695fbd6dd0470724,fef3080ec197edd1a04bb18afd31d16d,SO55621,105,HL-U509,3,105,9b6872ca1d80024637e967d1066bba0a
13041,bc761b2b7297029a695fbd6dd0470724,fef3080ec197edd1a04bb18afd31d16d,SO55621,54,SJ-0194-S,1,54,9b6872ca1d80024637e967d1066bba0a
13042,175a5d217fad85df9f6639d7ced1e5d9,511572e8a25e86c2f48ae9e6d73a1e6a,SO68895,48,GL-H102-L,2,48,66e56e10b0f528b66a45e307ecdf4774
13042,175a5d217fad85df9f6639d7ced1e5d9,511572e8a25e86c2f48ae9e6d73a1e6a,SO68895,105,HL-U509,3,105,66e56e10b0f528b66a45e307ecdf4774
13042,6eaadc1181f307997dc853d9ed40db36,0814775cfc25da756a9b4197347ab771,SO58476,25,TI-M267,1,25,4dbf892d41ae205f6e36838031cff786
13043,058af5b2a408d57b708367e5bf4e9d9c,e82ca4c6beebe812f10fa1041b97a160,SO66769,22,FE-6654,1,22,c507827aa5f4f6bbedf64058461c621b
13043,058af5b2a408d57b708367e5bf4e9d9c,e82ca4c6beebe812f10fa1041b97a160,SO66769,105,HL-U509,3,105,c507827aa5f4f6bbedf64058461c621b
13043,058af5b2a408d57b708367e5bf4e9d9c,e82ca4c6beebe812f10fa1041b97a160,SO66769,25,TI-M267,1,25,c507827aa5f4f6bbedf64058461c621b
13043,058af5b2a408d57b708367e5bf4e9d9c,e82ca4c6beebe812f10fa1041b97a160,SO66769,5,TT-M928,1,5,c507827aa5f4f6bbedf64058461c621b
13043,55f9f4cb5784581a517e59904e0d5e2f,9b6872ca1d80024637e967d1066bba0a,SO56024,105,HL-U509-R,3,105,1678083e7ff90bd404baad3f60bffa37
13043,55f9f4cb5784581a517e59904e0d5e2f,9b6872ca1d80024637e967d1066bba0a,SO56024,54,SJ-0194-S,1,54,1678083e7ff90bd404baad3f60bffa37
13044,16918840d98f27ce45948fe73dd5592f,04dbdf67bb8714ba18c9c36d50d1f5dc,SO62696,25,TI-M267,1,25,95103530881768b5cfc7e33970db9cd7
13044,49fce086a31f1cfcf16b54e462f7cbc0,99c8f306659fd98cbb9d7f03ec0c2a7a,SO70759,105,HL-U509-R,3,105,e84848120190a8d0e696fbeb15647a74
13045,629ffff971d10f275a79a70fae527fbc,d6ab5a0eee939524352092b964d92b84,SO55976,105,HL-U509-B,3,105,3c1811b546060d91957cc446aabc4a3c
13045,8dd08d219271ec96c543f486de430703,d53f9d33cac0a297449a74a10d031570,SO62285,2,PK-7098,1,2,04dbdf67bb8714ba18c9c36d50d1f5dc
13045,8dd08d219271ec96c543f486de430703,d53f9d33cac0a297449a74a10d031570,SO62285,25,TI-M267,1,25,04dbdf67bb8714ba18c9c36d50d1f5dc
13046,1f50dad3f1493a5cf408c4eb3987479e,226d694fb4b7f71d62444f9528be8704,SO54664,25,TI-M267,1,25,9c56075241a26f6fa77eb86b15411c6e
13046,1f50dad3f1493a5cf408c4eb3987479e,226d694fb4b7f71d62444f9528be8704,SO54664,5,TT-M928,1,5,9c56075241a26f6fa77eb86b15411c6e
13046,2becb9647677a1a316b388bbad689580,013f173c58073e845f675d26fdde1918,SO61374,105,HL-U509,3,105,0383d48e76cd8a3dfb9e2a890f2cac18
13047,18f358e551b5b85912bc952ab9894c0d,abe94c2111c58e9c9672602d41bce66e,SO64901,70,SH-W890-M,1,70,a6d37e298c3042e300813f55a17e0875
13047,18f358e551b5b85912bc952ab9894c0d,abe94c2111c58e9c9672602d41bce66e,SO64901,54,SJ-0194-S,1,54,a6d37e298c3042e300813f55a17e0875
13047,3dc63b2d6dcc8f0b6720b06b5439a0b1,8d1d4829b2e801ba4e41ba48f5a549d4,SO66267,54,SJ-0194-X,1,54,6ef7b4bb93d4e54234cf965ed2334682
13047,3dc63b2d6dcc8f0b6720b06b5439a0b1,8d1d4829b2e801ba4e41ba48f5a549d4,SO66267,29,TI-T723,1,29,6ef7b4bb93d4e54234cf965ed2334682
13047,3dc63b2d6dcc8f0b6720b06b5439a0b1,8d1d4829b2e801ba4e41ba48f5a549d4,SO66267,5,TT-T092,1,5,6ef7b4bb93d4e54234cf965ed2334682
13047,cd15e5f80ff20dd345bfaa51400dd0d6,3a2f313512bb520c43971e54ba834dec,SO66643,25,TI-M267,1,25,4efe8b2ca156042f8a3d8dd6aba54520
13047,cd15e5f80ff20dd345bfaa51400dd0d6,3a2f313512bb520c43971e54ba834dec,SO66643,5,TT-M928,1,5,4efe8b2ca156042f8a3d8dd6aba54520
13048,0df76889b3e31ccfd17b50cc73baef03,debbb2493c6588799fc787e1854bcda5,SO58781,150,LJ-0192-X,3,150,6eaadc1181f307997dc853d9ed40db36
13048,0df76889b3e31ccfd17b50cc73baef03,debbb2493c6588799fc787e1854bcda5,SO58781,29,TI-T723,1,29,6eaadc1181f307997dc853d9ed40db36
13048,0df76889b3e31ccfd17b50cc73baef03,debbb2493c6588799fc787e1854bcda5,SO58781,5,TT-T092,1,5,6eaadc1181f307997dc853d9ed40db36
13048,86bfb8ffc7a79e52d833cedce4d275bf,962bae2fb03296a3b9cacabfa929322c,SO70168,27,CA-1098,3,27,ec24e4cf9fcc90f3bbe81b2fb3735c21
13048,86bfb8ffc7a79e52d833cedce4d275bf,962bae2fb03296a3b9cacabfa929322c,SO70168,70,SH-W890-M,1,70,ec24e4cf9fcc90f3bbe81b2fb3735c21
13048,c926349b55a58d87d7d5008c349fd1e9,9e8cbc3edbb5efb3f48d6afb260e4725,SO60049,2,PK-7098,1,2,ccb91034934bb047c5f6a32eb289b95b
13048,c926349b55a58d87d7d5008c349fd1e9,9e8cbc3edbb5efb3f48d6afb260e4725,SO60049,25,TI-M267,1,25,ccb91034934bb047c5f6a32eb289b95b
13049,5072507e949a2c25948a591c4da194e1,a189cc17a15cdb4e39e80dfcd8374c76,SO59707,9,BC-R205,1,9,ad0b7f5ad35732646f1e5f67418d5995
13049,5072507e949a2c25948a591c4da194e1,a189cc17a15cdb4e39e80dfcd8374c76,SO59707,1215,BK-T44U-46,1,1215,ad0b7f5ad35732646f1e5f67418d5995
13049,cb5cf2f8eca0fe257d74c13a785b98c3,9aa1878029541c8ed2422b8b536e6b87,SO47910,4142,BK-M68S-38,2,4142,1b9e9a1c42d997d68923258c60ed20d5
13049,f544b472453b297a8b55709fbfd3746d,70951886788165a5e2439adfce4d0cce,SO70076,4590,BK-M68B-42,2,4590,331afa0aff1b1cfbf3d24944ab38c9d2
13049,f544b472453b297a8b55709fbfd3746d,70951886788165a5e2439adfce4d0cce,SO70076,22,FE-6654,1,22,331afa0aff1b1cfbf3d24944ab38c9d2
13049,f544b472453b297a8b55709fbfd3746d,70951886788165a5e2439adfce4d0cce,SO70076,105,HL-U509-R,3,105,331afa0aff1b1cfbf3d24944ab38c9d2
13050,2becb9647677a1a316b388bbad689580,013f173c58073e845f675d26fdde1918,SO61425,1215,BK-T44U-54,1,1215,0383d48e76cd8a3dfb9e2a890f2cac18
13050,2becb9647677a1a316b388bbad689580,013f173c58073e845f675d26fdde1918,SO61425,105,HL-U509-R,3,105,0383d48e76cd8a3dfb9e2a890f2cac18
13050,86bfb8ffc7a79e52d833cedce4d275bf,962bae2fb03296a3b9cacabfa929322c,SO70228,4590,BK-M68B-42,2,4590,ec24e4cf9fcc90f3bbe81b2fb3735c21
13050,86bfb8ffc7a79e52d833cedce4d275bf,962bae2fb03296a3b9cacabfa929322c,SO70228,35,TI-M823,1,35,ec24e4cf9fcc90f3bbe81b2fb3735c21
13050,cef496a29639a0ba3d5ad94ef759770a,42c8d51c48328d79f09bd1db2203a02d,SO47888,4142,BK-M68S-42,2,4142,6222fb05a8551828f3607e483b652095
13051,31fe4966a778432b46c41b3ae4fc9171,de0ec1db92da84eb75354f77c92b4831,SO47822,4142,BK-M68S-42,2,4142,b9e08b025ef074f1404952480e6fa92a
13051,478ecc8cdaa127c33884d9f6c72c2cd5,3fbd0407b55d3a3da21388a2ddbf881c,SO58630,4640,BK-M68S-46,2,4640,174acf6ca4e9804d47a59a499422e621
13051,478ecc8cdaa127c33884d9f6c72c2cd5,3fbd0407b55d3a3da21388a2ddbf881c,SO58630,2,PK-7098,1,2,174acf6ca4e9804d47a59a499422e621
13051,478ecc8cdaa127c33884d9f6c72c2cd5,3fbd0407b55d3a3da21388a2ddbf881c,SO58630,35,TI-M823,1,35,174acf6ca4e9804d47a59a499422e621
13051,478ecc8cdaa127c33884d9f6c72c2cd5,3fbd0407b55d3a3da21388a2ddbf881c,SO58630,5,TT-M928,1,5,174acf6ca4e9804d47a59a499422e621
13051,962bae2fb03296a3b9cacabfa929322c,0da2bc000f1fe4ea8746f9aea0bb5879,SO69160,9,BC-R205,1,9,c4369eefdf9bb8a3f9115e96b40aaf17
13051,962bae2fb03296a3b9cacabfa929322c,0da2bc000f1fe4ea8746f9aea0bb5879,SO69160,2384,BK-T79U-60,1,2384,c4369eefdf9bb8a3f9115e96b40aaf17
13051,962bae2fb03296a3b9cacabfa929322c,0da2bc000f1fe4ea8746f9aea0bb5879,SO69160,5,WB-H098,1,5,c4369eefdf9bb8a3f9115e96b40aaf17
13052,a976f17830aceaaa93d5daef0bc209a3,d9f7611cf8d29b48a1d3d8fddb8c5b2e,SO57514,22,FE-6654,1,22,0e23f371129aecc6b2033620b226f8d7
13052,a976f17830aceaaa93d5daef0bc209a3,d9f7611cf8d29b48a1d3d8fddb8c5b2e,SO57514,9,SO-R809-M,1,9,0e23f371129aecc6b2033620b226f8d7
13053,226d694fb4b7f71d62444f9528be8704,714597fe9448176d17876617114a65bc,SO54020,22,FE-6654,1,22,9444f850ff0c10a862b4a6a9c4ab0a74
13053,226d694fb4b7f71d62444f9528be8704,714597fe9448176d17876617114a65bc,SO54020,55,HY-1023-70,1,55,9444f850ff0c10a862b4a6a9c4ab0a74
13054,aa14ddbc43aa2d3be1e6ac019bb7b5bc,dcf73f840a50da0145f24e8e0169dc4b,SO72901,22,FE-6654,1,22,a6f2945baeceeef4c8d541a22f6e99e9
13054,aa14ddbc43aa2d3be1e6ac019bb7b5bc,dcf73f840a50da0145f24e8e0169dc4b,SO72901,54,SJ-0194-S,1,54,a6f2945baeceeef4c8d541a22f6e99e9
13055,1786ecaa04cd18d45fa6519a0c4a5c4a,237af51ebd50812b99ed354c75c3e11d,SO46805,4364,BK-R89B-44,2,4364,d3fa88b8a081356f91911e74ecf7e481
13055,64cadfde6f66bc25043d0d69f5ae5471,18f358e551b5b85912bc952ab9894c0d,SO65849,769,BK-M38S-46,1,769,8d1d4829b2e801ba4e41ba48f5a549d4
13055,64cadfde6f66bc25043d0d69f5ae5471,18f358e551b5b85912bc952ab9894c0d,SO65849,27,CA-1098,3,27,8d1d4829b2e801ba4e41ba48f5a549d4
13055,64cadfde6f66bc25043d0d69f5ae5471,18f358e551b5b85912bc952ab9894c0d,SO65849,70,SH-W890-S,1,70,8d1d4829b2e801ba4e41ba48f5a549d4
13055,64cadfde6f66bc25043d0d69f5ae5471,18f358e551b5b85912bc952ab9894c0d,SO65849,54,SJ-0194-M,1,54,8d1d4829b2e801ba4e41ba48f5a549d4
13056,ca38f30e56a72f4d0c8d2264322c5862,de5009f9bf3e9725d2381f4a5e913111,SO68187,769,BK-M38S-38,1,769,7e15f50bd26e439e6a22f5205a8064db
13056,ca38f30e56a72f4d0c8d2264322c5862,de5009f9bf3e9725d2381f4a5e913111,SO68187,27,CA-1098,3,27,7e15f50bd26e439e6a22f5205a8064db
13056,ca38f30e56a72f4d0c8d2264322c5862,de5009f9bf3e9725d2381f4a5e913111,SO68187,70,SH-W890-M,1,70,7e15f50bd26e439e6a22f5205a8064db
13056,fd2d4f3c923f907724bbdb60a26a944e,9168e86a755a5c41b2494b0599f3c88a,SO46745,2443,BK-R89R-48,1,2443,237af51ebd50812b99ed354c75c3e11d
13057,e871b36e68b0b3d0af9c742d81fef27a,3fe686907939d07097f6c87f08025422,SO70139,769,BK-M38S-38,1,769,1faee5670542865e021595151379fe5c
13057,e871b36e68b0b3d0af9c742d81fef27a,3fe686907939d07097f6c87f08025422,SO70139,27,CA-1098,3,27,1faee5670542865e021595151379fe5c
13057,e871b36e68b0b3d0af9c742d81fef27a,3fe686907939d07097f6c87f08025422,SO70139,150,LJ-0192-S,3,150,1faee5670542865e021595151379fe5c
13057,e871b36e68b0b3d0af9c742d81fef27a,3fe686907939d07097f6c87f08025422,SO70139,70,SH-W890-S,1,70,1faee5670542865e021595151379fe5c
13057,fd2d4f3c923f907724bbdb60a26a944e,9168e86a755a5c41b2494b0599f3c88a,SO46746,2443,BK-R89R-44,1,2443,237af51ebd50812b99ed354c75c3e11d
13058,100acb16459de9c5ebfc99be9a36afbe,72171e6e7eab0887133ec8422525979d,SO46840,2443,BK-R89R-48,1,2443,aa4ae995295bc6ee1d97c709a638619d
13058,20b851db79828c985958154243411278,96a3262695f10a59b726f3dfd4782c4d,SO51551,10,BC-M005,1,10,a7cb0a760406e2013c8442a429fed0ae
13058,20b851db79828c985958154243411278,96a3262695f10a59b726f3dfd4782c4d,SO51551,565,BK-M18S-52,1,565,a7cb0a760406e2013c8442a429fed0ae
13058,20b851db79828c985958154243411278,96a3262695f10a59b726f3dfd4782c4d,SO51551,27,CA-1098,3,27,a7cb0a760406e2013c8442a429fed0ae
13058,20b851db79828c985958154243411278,96a3262695f10a59b726f3dfd4782c4d,SO51551,5,WB-H098,1,5,a7cb0a760406e2013c8442a429fed0ae
13059,237af51ebd50812b99ed354c75c3e11d,59e3b2198b06015c3db5bbabfa658d5a,SO46704,2443,BK-R89R-52,1,2443,4593d632f4e33a6fedc30d17cbdc0c29
13059,78cee6501c10922e466c02f814c8627b,892aa61c5dad53571248cc492fa50176,SO51209,565,BK-M18S-44,1,565,109423a52128e234487abcd717f01458
13059,78cee6501c10922e466c02f814c8627b,892aa61c5dad53571248cc492fa50176,SO51209,22,FE-6654,1,22,109423a52128e234487abcd717f01458
13059,78cee6501c10922e466c02f814c8627b,892aa61c5dad53571248cc492fa50176,SO51209,48,GL-H102-M,2,48,109423a52128e234487abcd717f01458
13059,78cee6501c10922e466c02f814c8627b,892aa61c5dad53571248cc492fa50176,SO51209,105,HL-U509,3,105,109423a52128e234487abcd717f01458
13060,3509cccaf2642efa12aab8da9ba03c1f,0e3f5655bf7de733060720a9c9e92669,SO46734,4364,BK-R89B-48,2,4364,541309d30f5cea4d94f655886354e3fd
13060,f5933feadc49c253e4f0e77b236946e9,0b80ce5eab877cae9997209e0bee6e60,SO52451,10,BC-M005,1,10,b8cc77f0099ae7d3a20b9f0b74d70b12
13060,f5933feadc49c253e4f0e77b236946e9,0b80ce5eab877cae9997209e0bee6e60,SO52451,565,BK-M18S-48,1,565,b8cc77f0099ae7d3a20b9f0b74d70b12
13060,f5933feadc49c253e4f0e77b236946e9,0b80ce5eab877cae9997209e0bee6e60,SO52451,22,FE-6654,1,22,b8cc77f0099ae7d3a20b9f0b74d70b12
13060,f5933feadc49c253e4f0e77b236946e9,0b80ce5eab877cae9997209e0bee6e60,SO52451,48,GL-H102-L,2,48,b8cc77f0099ae7d3a20b9f0b74d70b12
13060,f5933feadc49c253e4f0e77b236946e9,0b80ce5eab877cae9997209e0bee6e60,SO52451,5,WB-H098,1,5,b8cc77f0099ae7d3a20b9f0b74d70b12
13061,64cadfde6f66bc25043d0d69f5ae5471,18f358e551b5b85912bc952ab9894c0d,SO65846,22,FE-6654,1,22,8d1d4829b2e801ba4e41ba48f5a549d4
13061,64cadfde6f66bc25043d0d69f5ae5471,18f358e551b5b85912bc952ab9894c0d,SO65846,48,GL-H102-L,2,48,8d1d4829b2e801ba4e41ba48f5a549d4
13062,705fa39ab40831529471c768490339ab,63efdd3324df66c9965bd622cdebe06a,SO68857,10,BC-M005,1,10,4584ca349e0920f4436a3c2f36158b85
13062,705fa39ab40831529471c768490339ab,63efdd3324df66c9965bd622cdebe06a,SO68857,4590,BK-M68B-42,2,4590,4584ca349e0920f4436a3c2f36158b85
13062,705fa39ab40831529471c768490339ab,63efdd3324df66c9965bd622cdebe06a,SO68857,27,CA-1098,3,27,4584ca349e0920f4436a3c2f36158b85
13062,705fa39ab40831529471c768490339ab,63efdd3324df66c9965bd622cdebe06a,SO68857,5,WB-H098,1,5,4584ca349e0920f4436a3c2f36158b85
13062,ebce0865da088132946764a3527b5a4e,c79548466fdad0728a9aa092fbad03a7,SO46679,4364,BK-R89B-44,2,4364,03e9c154083778a02a19e7d2c3dcd97d
13063,d3fa88b8a081356f91911e74ecf7e481,4593d632f4e33a6fedc30d17cbdc0c29,SO46762,2443,BK-R89R-44,1,2443,bea2034ab47ba6f72c2dea803bbc3328
13063,f06fd077b6afc2d69af6e1e548da266d,c135545cc3f3a739132ffdbc8096f3d4,SO69288,4590,BK-M68B-46,2,4590,175a5d217fad85df9f6639d7ced1e5d9
13063,f06fd077b6afc2d69af6e1e548da266d,c135545cc3f3a739132ffdbc8096f3d4,SO69288,105,HL-U509-R,3,105,175a5d217fad85df9f6639d7ced1e5d9
13064,9f1ff00ea8fd9fd8f2d421ba5ec45a18,f88b3743a9ce1f9455b6de69380b486a,SO67456,10,BC-M005,1,10,0001ffe4d82d0d8f9fec5ab0b4faa2db
13064,9f1ff00ea8fd9fd8f2d421ba5ec45a18,f88b3743a9ce1f9455b6de69380b486a,SO67456,4640,BK-M68S-38,2,4640,0001ffe4d82d0d8f9fec5ab0b4faa2db
13064,9f1ff00ea8fd9fd8f2d421ba5ec45a18,f88b3743a9ce1f9455b6de69380b486a,SO67456,8,CL-9009,1,8,0001ffe4d82d0d8f9fec5ab0b4faa2db
13064,9f1ff00ea8fd9fd8f2d421ba5ec45a18,f88b3743a9ce1f9455b6de69380b486a,SO67456,55,HY-1023-70,1,55,0001ffe4d82d0d8f9fec5ab0b4faa2db
13064,9f1ff00ea8fd9fd8f2d421ba5ec45a18,f88b3743a9ce1f9455b6de69380b486a,SO67456,5,WB-H098,1,5,0001ffe4d82d0d8f9fec5ab0b4faa2db
13064,a74d75778ebcaa9a01805f980ea906db,288d3167bf0dc7676963fa7998052f54,SO46857,4364,BK-R89R-58,2,4364,afdb67129022ab285264def615fa587a
13065,5072507e949a2c25948a591c4da194e1,a189cc17a15cdb4e39e80dfcd8374c76,SO59685,1701,BK-R79Y-48,1,1701,ad0b7f5ad35732646f1e5f67418d5995
13066,4310d0d92131e34ff2716d85e1953174,90c6314650a0d54fdcabe5cd5406f9af,SO54641,10,BC-M005,1,10,d3c54b4368c62c2ff11535bf2b677170
13066,4310d0d92131e34ff2716d85e1953174,90c6314650a0d54fdcabe5cd5406f9af,SO54641,540,BK-M18B-40,1,540,d3c54b4368c62c2ff11535bf2b677170
13066,4310d0d92131e34ff2716d85e1953174,90c6314650a0d54fdcabe5cd5406f9af,SO54641,105,HL-U509-B,3,105,d3c54b4368c62c2ff11535bf2b677170
13066,4310d0d92131e34ff2716d85e1953174,90c6314650a0d54fdcabe5cd5406f9af,SO54641,5,WB-H098,1,5,d3c54b4368c62c2ff11535bf2b677170
13066,7dcc4d0bd00b29e904618bdf6adc66e9,3509cccaf2642efa12aab8da9ba03c1f,SO46831,2443,BK-R89R-48,1,2443,100feae0ab76bce714e9670fc87cdb42
13067,a74d75778ebcaa9a01805f980ea906db,288d3167bf0dc7676963fa7998052f54,SO46858,2443,BK-R89R-52,1,2443,afdb67129022ab285264def615fa587a
13067,d76e0ba1fa041675ae9af958c5b41ae4,b988e88fd94a3b47434beeb650cff880,SO56995,540,BK-M18B-40,1,540,cae5717327bee7d74e261c550aa5081f
13067,d76e0ba1fa041675ae9af958c5b41ae4,b988e88fd94a3b47434beeb650cff880,SO56995,22,FE-6654,1,22,cae5717327bee7d74e261c550aa5081f
13067,d76e0ba1fa041675ae9af958c5b41ae4,b988e88fd94a3b47434beeb650cff880,SO56995,54,SJ-0194-S,1,54,cae5717327bee7d74e261c550aa5081f
13068,1678083e7ff90bd404baad3f60bffa37,7b0730955172ecda497d7cca6b1d87a1,SO55791,10,BC-M005,1,10,73a69a5c77a7d23172e54d7ce07a638e
13068,1678083e7ff90bd404baad3f60bffa37,7b0730955172ecda497d7cca6b1d87a1,SO55791,565,BK-M18S-52,1,565,73a69a5c77a7d23172e54d7ce07a638e
13068,1678083e7ff90bd404baad3f60bffa37,7b0730955172ecda497d7cca6b1d87a1,SO55791,54,SJ-0194-M,1,54,73a69a5c77a7d23172e54d7ce07a638e
13068,1678083e7ff90bd404baad3f60bffa37,7b0730955172ecda497d7cca6b1d87a1,SO55791,5,WB-H098,1,5,73a69a5c77a7d23172e54d7ce07a638e
13068,de3a4af731cd077daa2beb37e580c57f,4a318fb9cfbe73b094d25673d3ce9e38,SO46771,4364,BK-R89B-52,2,4364,3509cccaf2642efa12aab8da9ba03c1f
13069,1678083e7ff90bd404baad3f60bffa37,7b0730955172ecda497d7cca6b1d87a1,SO55789,10,BC-M005,1,10,73a69a5c77a7d23172e54d7ce07a638e
13069,1678083e7ff90bd404baad3f60bffa37,7b0730955172ecda497d7cca6b1d87a1,SO55789,540,BK-M18B-42,1,540,73a69a5c77a7d23172e54d7ce07a638e
13069,afdb67129022ab285264def615fa587a,d6cafebfd2db462e512bc5b597cf9232,SO46812,4364,BK-R89R-58,2,4364,de3a4af731cd077daa2beb37e580c57f
13070,4310d0d92131e34ff2716d85e1953174,90c6314650a0d54fdcabe5cd5406f9af,SO54638,22,FE-6654,1,22,d3c54b4368c62c2ff11535bf2b677170
13070,4310d0d92131e34ff2716d85e1953174,90c6314650a0d54fdcabe5cd5406f9af,SO54638,105,HL-U509,3,105,d3c54b4368c62c2ff11535bf2b677170
13071,0df76889b3e31ccfd17b50cc73baef03,debbb2493c6588799fc787e1854bcda5,SO58788,29,TI-T723,1,29,6eaadc1181f307997dc853d9ed40db36
13071,76918877cf6ce7011018cd9708723392,883b9b4170853b321c03290f64ba199f,SO61517,35,TI-M823,1,35,4ddc8821c34bceaf3dba4a18741acca3
13071,8f472ffe3ff3109f420ae91355ff8f3f,e0cd1349b4c6e1b5f14ed427e358c2d0,SO71164,30,TI-M602,1,30,8fa3bab223bec6501ad71f96bb1067b6
13071,a1e59736d286765313b8212467dc64b2,43e2cc7ff261723f93f64f3f7e9faa8d,SO74228,10,BC-M005,1,10,ca5b8307fa5f2189fb98330a9d65927c
13071,a1e59736d286765313b8212467dc64b2,43e2cc7ff261723f93f64f3f7e9faa8d,SO74228,105,HL-U509,3,105,ca5b8307fa5f2189fb98330a9d65927c
13071,a1e59736d286765313b8212467dc64b2,43e2cc7ff261723f93f64f3f7e9faa8d,SO74228,5,WB-H098,1,5,ca5b8307fa5f2189fb98330a9d65927c
13072,4ddc8821c34bceaf3dba4a18741acca3,af1457846a79173ef71dd9d5dd69805a,SO61117,120,RA-H123,1,120,2d6e054ac82934d489c58cc8399a1628
13072,88d8e3ff674b1514a19b24621707f0d9,ca5b8307fa5f2189fb98330a9d65927c,SO74469,35,TI-M823,1,35,df09a3a727ac0f29208c5ef3bf7625e6
13073,86bfb8ffc7a79e52d833cedce4d275bf,962bae2fb03296a3b9cacabfa929322c,SO70208,22,FE-6654,1,22,ec24e4cf9fcc90f3bbe81b2fb3735c21
13074,375bde15092f45652b6398c1dff650d0,830e779850b1d58733a7ad711bf6b83f,SO57345,22,FE-6654,1,22,a8ef76a01442567fb64eb6f4408a9835
13074,375bde15092f45652b6398c1dff650d0,830e779850b1d58733a7ad711bf6b83f,SO57345,105,HL-U509-B,3,105,a8ef76a01442567fb64eb6f4408a9835
13075,485ae69515bc4c60ef546ff289741f60,40ff348468b73116a7077c246985e0bf,SO57627,4590,BK-M68B-38,2,4590,375bde15092f45652b6398c1dff650d0
13075,c677c7c135ec8863ce920e94467b93e3,13554fafffaf23d93f17c1b353041e27,SO47901,4142,BK-M68S-42,2,4142,6d4d5745fb8f7f5dbaff1d157cfd66e0
13075,c885741a5e3e55c84950327011b70289,7e15f50bd26e439e6a22f5205a8064db,SO68682,2384,BK-T79U-46,1,2384,0da2bc000f1fe4ea8746f9aea0bb5879
13075,c885741a5e3e55c84950327011b70289,7e15f50bd26e439e6a22f5205a8064db,SO68682,48,GL-H102-S,2,48,0da2bc000f1fe4ea8746f9aea0bb5879
13075,c885741a5e3e55c84950327011b70289,7e15f50bd26e439e6a22f5205a8064db,SO68682,105,HL-U509,3,105,0da2bc000f1fe4ea8746f9aea0bb5879
13075,c885741a5e3e55c84950327011b70289,7e15f50bd26e439e6a22f5205a8064db,SO68682,29,TI-T723,1,29,0da2bc000f1fe4ea8746f9aea0bb5879
13075,c885741a5e3e55c84950327011b70289,7e15f50bd26e439e6a22f5205a8064db,SO68682,5,TT-T092,1,5,0da2bc000f1fe4ea8746f9aea0bb5879
13076,23f22724b430320654759f8512440ebc,485ae69515bc4c60ef546ff289741f60,SO58278,4640,BK-M68S-46,2,4640,b0b2c17e5682f78d8fc262463fd0a4f3
13076,23f22724b430320654759f8512440ebc,485ae69515bc4c60ef546ff289741f60,SO58278,55,HY-1023-70,1,55,b0b2c17e5682f78d8fc262463fd0a4f3
13076,23f22724b430320654759f8512440ebc,485ae69515bc4c60ef546ff289741f60,SO58278,54,SJ-0194-S,1,54,b0b2c17e5682f78d8fc262463fd0a4f3
13076,4584ca349e0920f4436a3c2f36158b85,6e32728b966bb91cefefa1316da21ca8,SO68539,2384,BK-T79U-46,1,2384,ca38f30e56a72f4d0c8d2264322c5862
13076,c677c7c135ec8863ce920e94467b93e3,13554fafffaf23d93f17c1b353041e27,SO47902,4098,BK-M68B-42,2,4098,6d4d5745fb8f7f5dbaff1d157cfd66e0
13077,1556bafff387fc8f2f6fef64c1daa6bc,8728a5e296f39e49d2fa74c31820e99f,SO70522,9,BC-R205,1,9,e871b36e68b0b3d0af9c742d81fef27a
13077,1556bafff387fc8f2f6fef64c1daa6bc,8728a5e296f39e49d2fa74c31820e99f,SO70522,2384,BK-T79Y-54,1,2384,e871b36e68b0b3d0af9c742d81fef27a
13077,1556bafff387fc8f2f6fef64c1daa6bc,8728a5e296f39e49d2fa74c31820e99f,SO70522,48,GL-H102-L,2,48,e871b36e68b0b3d0af9c742d81fef27a
13077,1556bafff387fc8f2f6fef64c1daa6bc,8728a5e296f39e49d2fa74c31820e99f,SO70522,5,WB-H098,1,5,e871b36e68b0b3d0af9c742d81fef27a
13077,a189cc17a15cdb4e39e80dfcd8374c76,b0b2c17e5682f78d8fc262463fd0a4f3,SO58689,4590,BK-M68B-38,2,4590,244cede513841376c37dc856f2f5e7b9
13077,cb5cf2f8eca0fe257d74c13a785b98c3,9aa1878029541c8ed2422b8b536e6b87,SO47911,4098,BK-M68B-38,2,4098,1b9e9a1c42d997d68923258c60ed20d5
13078,07b31bae17c7890b17d79a654aa230cf,a976f17830aceaaa93d5daef0bc209a3,SO58183,4640,BK-M68S-38,2,4640,ef5bad66aa19ccfb82cacb73584b83ea
13078,07b31bae17c7890b17d79a654aa230cf,a976f17830aceaaa93d5daef0bc209a3,SO58183,35,TI-M823,1,35,ef5bad66aa19ccfb82cacb73584b83ea
13078,07b31bae17c7890b17d79a654aa230cf,a976f17830aceaaa93d5daef0bc209a3,SO58183,5,TT-M928,1,5,ef5bad66aa19ccfb82cacb73584b83ea
13078,49fce086a31f1cfcf16b54e462f7cbc0,99c8f306659fd98cbb9d7f03ec0c2a7a,SO70822,2384,BK-T79U-60,1,2384,e84848120190a8d0e696fbeb15647a74
13078,49fce086a31f1cfcf16b54e462f7cbc0,99c8f306659fd98cbb9d7f03ec0c2a7a,SO70822,105,HL-U509-B,3,105,e84848120190a8d0e696fbeb15647a74
13078,b9e08b025ef074f1404952480e6fa92a,34fbf2f6480a253f5b18c3295860e4ca,SO47784,4142,BK-M68S-46,2,4142,336a679e4b20d70ee4a230ccc5fd12f7
13079,478ecc8cdaa127c33884d9f6c72c2cd5,3fbd0407b55d3a3da21388a2ddbf881c,SO58631,10,BC-M005,1,10,174acf6ca4e9804d47a59a499422e621
13079,478ecc8cdaa127c33884d9f6c72c2cd5,3fbd0407b55d3a3da21388a2ddbf881c,SO58631,4590,BK-M68B-38,2,4590,174acf6ca4e9804d47a59a499422e621
13079,478ecc8cdaa127c33884d9f6c72c2cd5,3fbd0407b55d3a3da21388a2ddbf881c,SO58631,5,WB-H098,1,5,174acf6ca4e9804d47a59a499422e621
13079,524fe547a612733b95c353e432357926,0901723b6b14e1720aa78a72eedad5f3,SO47926,4098,BK-M68B-42,2,4098,cef496a29639a0ba3d5ad94ef759770a
13079,ec24e4cf9fcc90f3bbe81b2fb3735c21,c4369eefdf9bb8a3f9115e96b40aaf17,SO69863,9,BC-R205,1,9,f06fd077b6afc2d69af6e1e548da266d
13079,ec24e4cf9fcc90f3bbe81b2fb3735c21,c4369eefdf9bb8a3f9115e96b40aaf17,SO69863,2384,BK-T79Y-60,1,2384,f06fd077b6afc2d69af6e1e548da266d
13080,5abaefcc8525a8f4cfd95cba9e926532,fde67888c64f701b59876ec559099b3e,SO57676,4640,BK-M68S-42,2,4640,73b2264d673ee7b5b2e7e165020516ac
13080,5abaefcc8525a8f4cfd95cba9e926532,fde67888c64f701b59876ec559099b3e,SO57676,2,PK-7098,1,2,73b2264d673ee7b5b2e7e165020516ac
13080,5abaefcc8525a8f4cfd95cba9e926532,fde67888c64f701b59876ec559099b3e,SO57676,35,TI-M823,1,35,73b2264d673ee7b5b2e7e165020516ac
13080,5abaefcc8525a8f4cfd95cba9e926532,fde67888c64f701b59876ec559099b3e,SO57676,5,TT-M928,1,5,73b2264d673ee7b5b2e7e165020516ac
13080,5fcf51a91997cecbc58d2bde1a28e1ec,4dbaf4bdbce8284f0eb9870406ab7f04,SO48123,4098,BK-M68B-42,2,4098,5df3d5e6ab78e9109e9a80b7ac423282
13080,99c8f306659fd98cbb9d7f03ec0c2a7a,705fa39ab40831529471c768490339ab,SO69944,9,BC-R205,1,9,fff3c307c93eda1eb91d53ca588846fe
13080,99c8f306659fd98cbb9d7f03ec0c2a7a,705fa39ab40831529471c768490339ab,SO69944,2384,BK-T79Y-60,1,2384,fff3c307c93eda1eb91d53ca588846fe
13080,99c8f306659fd98cbb9d7f03ec0c2a7a,705fa39ab40831529471c768490339ab,SO69944,105,HL-U509,3,105,fff3c307c93eda1eb91d53ca588846fe
13080,99c8f306659fd98cbb9d7f03ec0c2a7a,705fa39ab40831529471c768490339ab,SO69944,5,WB-H098,1,5,fff3c307c93eda1eb91d53ca588846fe
13081,2f58ddcb4c9f30e1ac2a6edb90189d95,b34e643874d56f7909d7abbfa923fb5a,SO48270,4098,BK-M68B-42,2,4098,a08a8a7cdc12ac1d6f6ca90a6b513d94
13081,478ecc8cdaa127c33884d9f6c72c2cd5,3fbd0407b55d3a3da21388a2ddbf881c,SO58632,4590,BK-M68B-42,2,4590,174acf6ca4e9804d47a59a499422e621
13081,478ecc8cdaa127c33884d9f6c72c2cd5,3fbd0407b55d3a3da21388a2ddbf881c,SO58632,35,TI-M823,1,35,174acf6ca4e9804d47a59a499422e621
13081,fd5ba6fdeb81e07b2caf0b103489bd8d,e871b36e68b0b3d0af9c742d81fef27a,SO71023,2384,BK-T79Y-46,1,2384,17520f5649fab40fb66771362888cb90
13081,fd5ba6fdeb81e07b2caf0b103489bd8d,e871b36e68b0b3d0af9c742d81fef27a,SO71023,9,SO-R809-M,1,9,17520f5649fab40fb66771362888cb90
13082,23f22724b430320654759f8512440ebc,485ae69515bc4c60ef546ff289741f60,SO58279,4640,BK-M68S-38,2,4640,b0b2c17e5682f78d8fc262463fd0a4f3
13082,23f22724b430320654759f8512440ebc,485ae69515bc4c60ef546ff289741f60,SO58279,8,CL-9009,1,8,b0b2c17e5682f78d8fc262463fd0a4f3
13082,23f22724b430320654759f8512440ebc,485ae69515bc4c60ef546ff289741f60,SO58279,55,HY-1023-70,1,55,b0b2c17e5682f78d8fc262463fd0a4f3
13082,c23832fbf23a0e7899927ece4d109c94,a1b2320235143a40a1ff4226b58f48d0,SO48136,4142,BK-M68S-42,2,4142,4d73c32f6dcd1ffe87dd7575935d313e
13082,fee8e08233f3f00450bce31967abb0f1,331afa0aff1b1cfbf3d24944ab38c9d2,SO70597,9,BC-R205,1,9,86bfb8ffc7a79e52d833cedce4d275bf
13082,fee8e08233f3f00450bce31967abb0f1,331afa0aff1b1cfbf3d24944ab38c9d2,SO70597,2384,BK-T79U-50,1,2384,86bfb8ffc7a79e52d833cedce4d275bf
13082,fee8e08233f3f00450bce31967abb0f1,331afa0aff1b1cfbf3d24944ab38c9d2,SO70597,54,SJ-0194-X,1,54,86bfb8ffc7a79e52d833cedce4d275bf
13082,fee8e08233f3f00450bce31967abb0f1,331afa0aff1b1cfbf3d24944ab38c9d2,SO70597,5,WB-H098,1,5,86bfb8ffc7a79e52d833cedce4d275bf
13083,100feae0ab76bce714e9670fc87cdb42,541309d30f5cea4d94f655886354e3fd,SO46792,4364,BK-R89B-44,2,4364,fd2d4f3c923f907724bbdb60a26a944e
13083,cae5717327bee7d74e261c550aa5081f,18025e6a8791d350428f65c0783ebd99,SO56742,4640,BK-M68S-46,2,4640,ed268f8f3837888893f896b7240f1254
13083,cae5717327bee7d74e261c550aa5081f,18025e6a8791d350428f65c0783ebd99,SO56742,27,CA-1098,3,27,ed268f8f3837888893f896b7240f1254
13083,cae5717327bee7d74e261c550aa5081f,18025e6a8791d350428f65c0783ebd99,SO56742,22,FE-6654,1,22,ed268f8f3837888893f896b7240f1254
13084,7983129d9883ebc3b9dce3311996b001,0df76889b3e31ccfd17b50cc73baef03,SO59827,1701,BK-R79Y-42,1,1701,7254e54716fe52361e62aa16ea2e0797
13084,7983129d9883ebc3b9dce3311996b001,0df76889b3e31ccfd17b50cc73baef03,SO59827,27,CA-1098,3,27,7254e54716fe52361e62aa16ea2e0797
13084,7983129d9883ebc3b9dce3311996b001,0df76889b3e31ccfd17b50cc73baef03,SO59827,105,HL-U509-R,3,105,7254e54716fe52361e62aa16ea2e0797
13084,7983129d9883ebc3b9dce3311996b001,0df76889b3e31ccfd17b50cc73baef03,SO59827,54,SJ-0194-L,1,54,7254e54716fe52361e62aa16ea2e0797
13085,237af51ebd50812b99ed354c75c3e11d,59e3b2198b06015c3db5bbabfa658d5a,SO46705,2443,BK-R89R-52,1,2443,4593d632f4e33a6fedc30d17cbdc0c29
13085,7983129d9883ebc3b9dce3311996b001,0df76889b3e31ccfd17b50cc73baef03,SO59803,565,BK-M18S-44,1,565,7254e54716fe52361e62aa16ea2e0797
13085,7983129d9883ebc3b9dce3311996b001,0df76889b3e31ccfd17b50cc73baef03,SO59803,22,FE-6654,1,22,7254e54716fe52361e62aa16ea2e0797
13085,7983129d9883ebc3b9dce3311996b001,0df76889b3e31ccfd17b50cc73baef03,SO59803,48,GL-H102-L,2,48,7254e54716fe52361e62aa16ea2e0797
13085,7983129d9883ebc3b9dce3311996b001,0df76889b3e31ccfd17b50cc73baef03,SO59803,105,HL-U509-R,3,105,7254e54716fe52361e62aa16ea2e0797
13086,7afee94d3e6bff4193546ca658f9d3bf,aa4ae995295bc6ee1d97c709a638619d,SO46892,2443,BK-R89R-52,1,2443,a74d75778ebcaa9a01805f980ea906db
13086,de5009f9bf3e9725d2381f4a5e913111,2296af5563b2061aa1d88124a37eecb7,SO67386,4640,BK-M68S-42,2,4640,a1d0c0a14c6c8f8a8ef8220209c23a64
13086,de5009f9bf3e9725d2381f4a5e913111,2296af5563b2061aa1d88124a37eecb7,SO67386,2,PK-7098,1,2,a1d0c0a14c6c8f8a8ef8220209c23a64
13086,de5009f9bf3e9725d2381f4a5e913111,2296af5563b2061aa1d88124a37eecb7,SO67386,35,TI-M823,1,35,a1d0c0a14c6c8f8a8ef8220209c23a64
13086,de5009f9bf3e9725d2381f4a5e913111,2296af5563b2061aa1d88124a37eecb7,SO67386,5,TT-M928,1,5,a1d0c0a14c6c8f8a8ef8220209c23a64
13087,175a5d217fad85df9f6639d7ced1e5d9,511572e8a25e86c2f48ae9e6d73a1e6a,SO68924,4640,BK-M68S-38,2,4640,66e56e10b0f528b66a45e307ecdf4774
13087,175a5d217fad85df9f6639d7ced1e5d9,511572e8a25e86c2f48ae9e6d73a1e6a,SO68924,35,TI-M823,1,35,66e56e10b0f528b66a45e307ecdf4774
13087,175a5d217fad85df9f6639d7ced1e5d9,511572e8a25e86c2f48ae9e6d73a1e6a,SO68924,5,TT-M928,1,5,66e56e10b0f528b66a45e307ecdf4774
13087,663d11326de76cfa493cc577763c59ee,afdb67129022ab285264def615fa587a,SO46907,2443,BK-R89R-44,1,2443,b9836987c405fca6133a2969f25c7398
13088,6e32728b966bb91cefefa1316da21ca8,b322422d9a721bbdefa133133dd407c1,SO67735,4590,BK-M68B-38,2,4590,de5009f9bf3e9725d2381f4a5e913111
13088,6e32728b966bb91cefefa1316da21ca8,b322422d9a721bbdefa133133dd407c1,SO67735,22,FE-6654,1,22,de5009f9bf3e9725d2381f4a5e913111
13088,7f9d156e18f1be5abef55a22081e71ce,7dcc4d0bd00b29e904618bdf6adc66e9,SO46922,2443,BK-R89R-44,1,2443,65b64297f0421f6e057524afb222b411
13089,17520f5649fab40fb66771362888cb90,1faee5670542865e021595151379fe5c,SO70672,2384,BK-T79Y-46,1,2384,3f72b837978dcd042b73e7270f11a4ca
13089,17520f5649fab40fb66771362888cb90,1faee5670542865e021595151379fe5c,SO70672,105,HL-U509-R,3,105,3f72b837978dcd042b73e7270f11a4ca
13089,4bd94d77610f3faab529dc08576e03ab,c23832fbf23a0e7899927ece4d109c94,SO48210,4142,BK-M68S-42,2,4142,9818ca9856d3cf7b357612ed1c1f59a2
13089,ce08c22f7777768ce4197eab9727516c,4a800301260b2639fa1ec3efafb5f86c,SO60026,10,BC-M005,1,10,5072507e949a2c25948a591c4da194e1
13089,ce08c22f7777768ce4197eab9727516c,4a800301260b2639fa1ec3efafb5f86c,SO60026,4590,BK-M68B-42,2,4590,5072507e949a2c25948a591c4da194e1
13089,ce08c22f7777768ce4197eab9727516c,4a800301260b2639fa1ec3efafb5f86c,SO60026,5,WB-H098,1,5,5072507e949a2c25948a591c4da194e1
13090,2797a91b25bc2aa85124c99bc574dc83,86bfb8ffc7a79e52d833cedce4d275bf,SO71092,2384,BK-T79U-60,1,2384,a9adf65abbb865184bf924d14a93d0c4
13090,2797a91b25bc2aa85124c99bc574dc83,86bfb8ffc7a79e52d833cedce4d275bf,SO71092,105,HL-U509-R,3,105,a9adf65abbb865184bf924d14a93d0c4
13090,348f48807f500aeac729fb17d9bc97f1,5072507e949a2c25948a591c4da194e1,SO60505,4640,BK-M68S-38,2,4640,f108e0cd2f96a0c22086f9d45ee08f19
13090,348f48807f500aeac729fb17d9bc97f1,5072507e949a2c25948a591c4da194e1,SO60505,22,FE-6654,1,22,f108e0cd2f96a0c22086f9d45ee08f19
13090,348f48807f500aeac729fb17d9bc97f1,5072507e949a2c25948a591c4da194e1,SO60505,2,PK-7098,1,2,f108e0cd2f96a0c22086f9d45ee08f19
13090,ba588be30dd16be47b9647a72fe81700,c5f333101183a33b4b4d94a271add9fd,SO48666,4098,BK-M68B-42,2,4098,88adb3ec0d383666ee2acd29f43e3429
13091,5881f2ec92a43470fcbe3d3477a2a1fe,fc92d87f5fdfc4fdb58244cc592e3788,SO48682,4142,BK-M68S-42,2,4142,4d547de074f47405ab655adca639c8c2
13091,b21e833d3ead6056f1265f13fe1ff015,7983129d9883ebc3b9dce3311996b001,SO60614,4590,BK-M68B-42,2,4590,4804ee33768b143d9706052696f7dfbd
13091,b21e833d3ead6056f1265f13fe1ff015,7983129d9883ebc3b9dce3311996b001,SO60614,55,HY-1023-70,1,55,4804ee33768b143d9706052696f7dfbd
13091,ec24e4cf9fcc90f3bbe81b2fb3735c21,c4369eefdf9bb8a3f9115e96b40aaf17,SO69849,2384,BK-T79Y-60,1,2384,f06fd077b6afc2d69af6e1e548da266d
13091,ec24e4cf9fcc90f3bbe81b2fb3735c21,c4369eefdf9bb8a3f9115e96b40aaf17,SO69849,48,GL-H102-M,2,48,f06fd077b6afc2d69af6e1e548da266d
13091,ec24e4cf9fcc90f3bbe81b2fb3735c21,c4369eefdf9bb8a3f9115e96b40aaf17,SO69849,105,HL-U509-R,3,105,f06fd077b6afc2d69af6e1e548da266d
13092,14e4b13c27fb9bce9938ce35b6597eca,c375f33d72ca7161f341c2726e82d67a,SO53360,120,RA-H123,1,120,9b98d27287b27eeee9ebc06e1d5a9a8d
13092,921bc92a493b53f98f24e6a8a12801be,17520f5649fab40fb66771362888cb90,SO71459,22,FE-6654,1,22,6a8d7e42bb852c45fbf8610361d391a0
13092,921bc92a493b53f98f24e6a8a12801be,17520f5649fab40fb66771362888cb90,SO71459,150,LJ-0192-X,3,150,6a8d7e42bb852c45fbf8610361d391a0
13092,921bc92a493b53f98f24e6a8a12801be,17520f5649fab40fb66771362888cb90,SO71459,35,TI-M823,1,35,6a8d7e42bb852c45fbf8610361d391a0
13092,921bc92a493b53f98f24e6a8a12801be,17520f5649fab40fb66771362888cb90,SO71459,5,TT-M928,1,5,6a8d7e42bb852c45fbf8610361d391a0
13093,d6cafebfd2db462e512bc5b597cf9232,b0d346be9fa7508e21d5c500b97e6b7a,SO46714,2443,BK-R89R-44,1,2443,4a318fb9cfbe73b094d25673d3ce9e38
13093,d9f7611cf8d29b48a1d3d8fddb8c5b2e,55f9f4cb5784581a517e59904e0d5e2f,SO56682,4590,BK-M68B-46,2,4590,fda052162862bb845297063fd71a580c
13093,d9f7611cf8d29b48a1d3d8fddb8c5b2e,55f9f4cb5784581a517e59904e0d5e2f,SO56682,35,TI-M823,1,35,fda052162862bb845297063fd71a580c
13093,d9f7611cf8d29b48a1d3d8fddb8c5b2e,55f9f4cb5784581a517e59904e0d5e2f,SO56682,5,TT-M928,1,5,fda052162862bb845297063fd71a580c
13094,13b7c2277967bc61802018c764b5b2a0,9c55d6518880c1abf100a24da2546368,SO74531,22,FE-6654,1,22,0e000451f430d2e5b745a08b4ee7836c
13094,13b7c2277967bc61802018c764b5b2a0,9c55d6518880c1abf100a24da2546368,SO74531,105,HL-U509-R,3,105,0e000451f430d2e5b745a08b4ee7836c
13095,0dc34ca2aaa8612cde077f1880b78b25,361e2c62255e0c1887ac2139911ca300,SO52491,105,HL-U509-R,3,105,7f026edc73bd4602381834e9b850d6c2
13095,0dc34ca2aaa8612cde077f1880b78b25,361e2c62255e0c1887ac2139911ca300,SO52491,30,TI-M602,1,30,7f026edc73bd4602381834e9b850d6c2
13095,0dc34ca2aaa8612cde077f1880b78b25,361e2c62255e0c1887ac2139911ca300,SO52491,5,TT-M928,1,5,7f026edc73bd4602381834e9b850d6c2
13095,1ba7e8cdf85da6cf5e11554703236b52,9592b44e2c3f304a9875f45537bec6eb,SO73681,105,HL-U509-B,3,105,4c6ed4daa82e7326b84c24f4c2ae7064
13095,1ba7e8cdf85da6cf5e11554703236b52,9592b44e2c3f304a9875f45537bec6eb,SO73681,35,TI-M823,1,35,4c6ed4daa82e7326b84c24f4c2ae7064
13095,1ba7e8cdf85da6cf5e11554703236b52,9592b44e2c3f304a9875f45537bec6eb,SO73681,5,TT-M928,1,5,4c6ed4daa82e7326b84c24f4c2ae7064
13095,3fe686907939d07097f6c87f08025422,8eb7a1b0dba9fdd5f4248b9cb6b9119b,SO69035,55,HY-1023-70,1,55,e5114f65ece65e14e7b721dab1e674e0
13095,3fe686907939d07097f6c87f08025422,8eb7a1b0dba9fdd5f4248b9cb6b9119b,SO69035,29,TI-T723,1,29,e5114f65ece65e14e7b721dab1e674e0
13095,3fe686907939d07097f6c87f08025422,8eb7a1b0dba9fdd5f4248b9cb6b9119b,SO69035,5,TT-T092,1,5,e5114f65ece65e14e7b721dab1e674e0
13095,f544b472453b297a8b55709fbfd3746d,70951886788165a5e2439adfce4d0cce,SO70043,10,BC-M005,1,10,331afa0aff1b1cfbf3d24944ab38c9d2
13095,f544b472453b297a8b55709fbfd3746d,70951886788165a5e2439adfce4d0cce,SO70043,105,HL-U509-R,3,105,331afa0aff1b1cfbf3d24944ab38c9d2
13095,f544b472453b297a8b55709fbfd3746d,70951886788165a5e2439adfce4d0cce,SO70043,150,LJ-0192-L,3,150,331afa0aff1b1cfbf3d24944ab38c9d2
13096,1556bafff387fc8f2f6fef64c1daa6bc,8728a5e296f39e49d2fa74c31820e99f,SO70482,10,BC-M005,1,10,e871b36e68b0b3d0af9c742d81fef27a
13096,1556bafff387fc8f2f6fef64c1daa6bc,8728a5e296f39e49d2fa74c31820e99f,SO70482,27,CA-1098,3,27,e871b36e68b0b3d0af9c742d81fef27a
13096,1556bafff387fc8f2f6fef64c1daa6bc,8728a5e296f39e49d2fa74c31820e99f,SO70482,5,WB-H098,1,5,e871b36e68b0b3d0af9c742d81fef27a
13096,31c99d724c1f182c60edb82eb4740277,e84848120190a8d0e696fbeb15647a74,SO71246,10,BC-M005,1,10,3db19f5f710f10e90ecc7154c649d60a
13096,31c99d724c1f182c60edb82eb4740277,e84848120190a8d0e696fbeb15647a74,SO71246,22,FE-6654,1,22,3db19f5f710f10e90ecc7154c649d60a
13096,31c99d724c1f182c60edb82eb4740277,e84848120190a8d0e696fbeb15647a74,SO71246,35,TI-M823,1,35,3db19f5f710f10e90ecc7154c649d60a
13096,31c99d724c1f182c60edb82eb4740277,e84848120190a8d0e696fbeb15647a74,SO71246,5,TT-M928,1,5,3db19f5f710f10e90ecc7154c649d60a
13096,31c99d724c1f182c60edb82eb4740277,e84848120190a8d0e696fbeb15647a74,SO71246,64,VE-C304-S,1,64,3db19f5f710f10e90ecc7154c649d60a
13096,31c99d724c1f182c60edb82eb4740277,e84848120190a8d0e696fbeb15647a74,SO71246,5,WB-H098,1,5,3db19f5f710f10e90ecc7154c649d60a
13096,c135545cc3f3a739132ffdbc8096f3d4,36ab6f1df21f3c9a169c8942e981959a,SO68415,2,PK-7098,1,2,511572e8a25e86c2f48ae9e6d73a1e6a
13096,c135545cc3f3a739132ffdbc8096f3d4,36ab6f1df21f3c9a169c8942e981959a,SO68415,29,TI-T723,1,29,511572e8a25e86c2f48ae9e6d73a1e6a
13096,c135545cc3f3a739132ffdbc8096f3d4,36ab6f1df21f3c9a169c8942e981959a,SO68415,5,TT-T092,1,5,511572e8a25e86c2f48ae9e6d73a1e6a
13096,db10519e66d9a7b809b91935ad1a696d,d7f57f35d2bad1349ca24a67a2635eea,SO74487,30,TI-M602,1,30,6583882ca853d66524856501b27519f5
13097,39fe373cdcb4534addde73890415b660,41fc4cb27e0ee552c4c9247e1a476cc5,SO55908,22,FE-6654,1,22,3519c8eb4095dbc69d80eb61856d3435
13098,5abaefcc8525a8f4cfd95cba9e926532,fde67888c64f701b59876ec559099b3e,SO57662,22,FE-6654,1,22,73b2264d673ee7b5b2e7e165020516ac
13098,5abaefcc8525a8f4cfd95cba9e926532,fde67888c64f701b59876ec559099b3e,SO57662,150,LJ-0192-X,3,150,73b2264d673ee7b5b2e7e165020516ac
13099,73b2264d673ee7b5b2e7e165020516ac,4ceff7612cfa4420892fe23b23ca9265,SO57382,120,RA-H123,1,120,8d71482745a6a1be4fbbc5562ade4657
13099,fe1fd19c021e78ec395980c2e347865e,16e364d19895243407b256ec272d5394,SO68375,22,FE-6654,1,22,63efdd3324df66c9965bd622cdebe06a
13099,fe1fd19c021e78ec395980c2e347865e,16e364d19895243407b256ec272d5394,SO68375,105,HL-U509-R,3,105,63efdd3324df66c9965bd622cdebe06a
13099,fe1fd19c021e78ec395980c2e347865e,16e364d19895243407b256ec272d5394,SO68375,35,TI-M823,1,35,63efdd3324df66c9965bd622cdebe06a
13099,fe1fd19c021e78ec395980c2e347865e,16e364d19895243407b256ec272d5394,SO68375,5,TT-M928,1,5,63efdd3324df66c9965bd622cdebe06a
13100,b988e88fd94a3b47434beeb650cff880,3c1811b546060d91957cc446aabc4a3c,SO56364,4640,BK-M68S-46,2,4640,18025e6a8791d350428f65c0783ebd99
13100,b988e88fd94a3b47434beeb650cff880,3c1811b546060d91957cc446aabc4a3c,SO56364,22,FE-6654,1,22,18025e6a8791d350428f65c0783ebd99
13100,b988e88fd94a3b47434beeb650cff880,3c1811b546060d91957cc446aabc4a3c,SO56364,105,HL-U509-B,3,105,18025e6a8791d350428f65c0783ebd99
13101,3519c8eb4095dbc69d80eb61856d3435,6e5c4b769f8f70f9fd01b24ba5be9695,SO55600,4590,BK-M68B-42,2,4590,d6ab5a0eee939524352092b964d92b84
13101,3519c8eb4095dbc69d80eb61856d3435,6e5c4b769f8f70f9fd01b24ba5be9695,SO55600,22,FE-6654,1,22,d6ab5a0eee939524352092b964d92b84
13101,3519c8eb4095dbc69d80eb61856d3435,6e5c4b769f8f70f9fd01b24ba5be9695,SO55600,105,HL-U509,3,105,d6ab5a0eee939524352092b964d92b84
13101,d1024973c3d10f08cb9fa1736e6ed8b7,f8025d3776b5f7522a6120cb4e9e0783,SO62386,2384,BK-T79Y-46,1,2384,5c741aa8e0753be65314a304e7b39c14
13102,39fe373cdcb4534addde73890415b660,41fc4cb27e0ee552c4c9247e1a476cc5,SO55913,10,BC-M005,1,10,3519c8eb4095dbc69d80eb61856d3435
13102,39fe373cdcb4534addde73890415b660,41fc4cb27e0ee552c4c9247e1a476cc5,SO55913,4590,BK-M68B-46,2,4590,3519c8eb4095dbc69d80eb61856d3435
13102,39fe373cdcb4534addde73890415b660,41fc4cb27e0ee552c4c9247e1a476cc5,SO55913,22,FE-6654,1,22,3519c8eb4095dbc69d80eb61856d3435
13102,39fe373cdcb4534addde73890415b660,41fc4cb27e0ee552c4c9247e1a476cc5,SO55913,55,HY-1023-70,1,55,3519c8eb4095dbc69d80eb61856d3435
13102,39fe373cdcb4534addde73890415b660,41fc4cb27e0ee552c4c9247e1a476cc5,SO55913,5,WB-H098,1,5,3519c8eb4095dbc69d80eb61856d3435
13103,128ee9ff420de424a605a0ee4a6f7916,fee8e08233f3f00450bce31967abb0f1,SO71416,9,BC-R205,1,9,2797a91b25bc2aa85124c99bc574dc83
13103,128ee9ff420de424a605a0ee4a6f7916,fee8e08233f3f00450bce31967abb0f1,SO71416,2384,BK-T79Y-46,1,2384,2797a91b25bc2aa85124c99bc574dc83
13103,128ee9ff420de424a605a0ee4a6f7916,fee8e08233f3f00450bce31967abb0f1,SO71416,5,WB-H098,1,5,2797a91b25bc2aa85124c99bc574dc83
13103,ccb91034934bb047c5f6a32eb289b95b,640540d73b85c3ecd2e3bf5541686e87,SO59753,4590,BK-M68B-46,2,4590,3ebfce6ccd7540a632ae7e6ad8100c29
13103,ccb91034934bb047c5f6a32eb289b95b,640540d73b85c3ecd2e3bf5541686e87,SO59753,22,FE-6654,1,22,3ebfce6ccd7540a632ae7e6ad8100c29
13103,ccb91034934bb047c5f6a32eb289b95b,640540d73b85c3ecd2e3bf5541686e87,SO59753,48,GL-H102-S,2,48,3ebfce6ccd7540a632ae7e6ad8100c29
13103,ccb91034934bb047c5f6a32eb289b95b,640540d73b85c3ecd2e3bf5541686e87,SO59753,54,SJ-0194-M,1,54,3ebfce6ccd7540a632ae7e6ad8100c29
13103,e41e8ee2e2795c7c1363a9f5054d57d7,0e0f7e43982ae36c0cd7c9ba6bc6c699,SO48701,4098,BK-M68B-42,2,4098,fee42f8d62443b64a7e92c5e13c2fffe
13104,af1457846a79173ef71dd9d5dd69805a,254d832c83ccdb2c33eab65a4fd196ff,SO60370,4640,BK-M68S-42,2,4640,ce08c22f7777768ce4197eab9727516c
13104,af1457846a79173ef71dd9d5dd69805a,254d832c83ccdb2c33eab65a4fd196ff,SO60370,105,HL-U509-R,3,105,ce08c22f7777768ce4197eab9727516c
13104,af1457846a79173ef71dd9d5dd69805a,254d832c83ccdb2c33eab65a4fd196ff,SO60370,35,TI-M823,1,35,ce08c22f7777768ce4197eab9727516c
13104,af1457846a79173ef71dd9d5dd69805a,254d832c83ccdb2c33eab65a4fd196ff,SO60370,5,TT-M928,1,5,ce08c22f7777768ce4197eab9727516c
13104,c5f333101183a33b4b4d94a271add9fd,694d75fcfc5bc50259336e29e881a36c,SO48530,4142,BK-M68S-38,2,4142,a1be4f014e5b3c959503117fd1ee566a
13104,d5985f40495ba672dff8a99620b879c8,a9adf65abbb865184bf924d14a93d0c4,SO71544,2384,BK-T79Y-46,1,2384,8f472ffe3ff3109f420ae91355ff8f3f
13104,d5985f40495ba672dff8a99620b879c8,a9adf65abbb865184bf924d14a93d0c4,SO71544,105,HL-U509-B,3,105,8f472ffe3ff3109f420ae91355ff8f3f
13104,d5985f40495ba672dff8a99620b879c8,a9adf65abbb865184bf924d14a93d0c4,SO71544,9,SO-R809-L,1,9,8f472ffe3ff3109f420ae91355ff8f3f
13105,c5f333101183a33b4b4d94a271add9fd,694d75fcfc5bc50259336e29e881a36c,SO48531,4098,BK-M68B-42,2,4098,a1be4f014e5b3c959503117fd1ee566a
13105,dfcee565bb2da80a7b76451a5cd314a1,6582aa26281b9a92ad60e6a03e274c00,SO66205,9,BC-R205,1,9,64cadfde6f66bc25043d0d69f5ae5471
13105,dfcee565bb2da80a7b76451a5cd314a1,6582aa26281b9a92ad60e6a03e274c00,SO66205,1215,BK-T44U-54,1,1215,64cadfde6f66bc25043d0d69f5ae5471
13105,dfcee565bb2da80a7b76451a5cd314a1,6582aa26281b9a92ad60e6a03e274c00,SO66205,8,CL-9009,1,8,64cadfde6f66bc25043d0d69f5ae5471
13105,dfcee565bb2da80a7b76451a5cd314a1,6582aa26281b9a92ad60e6a03e274c00,SO66205,2,PK-7098,1,2,64cadfde6f66bc25043d0d69f5ae5471
13105,dfcee565bb2da80a7b76451a5cd314a1,6582aa26281b9a92ad60e6a03e274c00,SO66205,5,WB-H098,1,5,64cadfde6f66bc25043d0d69f5ae5471
13105,ec24e4cf9fcc90f3bbe81b2fb3735c21,c4369eefdf9bb8a3f9115e96b40aaf17,SO69850,4590,BK-M68B-46,2,4590,f06fd077b6afc2d69af6e1e548da266d
13105,ec24e4cf9fcc90f3bbe81b2fb3735c21,c4369eefdf9bb8a3f9115e96b40aaf17,SO69850,2,PK-7098,1,2,f06fd077b6afc2d69af6e1e548da266d
13106,05e7920e8caf0303dc01b77666952b75,eea5b3bd1bd5d5c62a1d22f78d3ba263,SO66260,1215,BK-T44U-50,1,1215,3a2f313512bb520c43971e54ba834dec
13106,05e7920e8caf0303dc01b77666952b75,eea5b3bd1bd5d5c62a1d22f78d3ba263,SO66260,2,PK-7098,1,2,3a2f313512bb520c43971e54ba834dec
13106,05e7920e8caf0303dc01b77666952b75,eea5b3bd1bd5d5c62a1d22f78d3ba263,SO66260,29,TI-T723,1,29,3a2f313512bb520c43971e54ba834dec
13106,05e7920e8caf0303dc01b77666952b75,eea5b3bd1bd5d5c62a1d22f78d3ba263,SO66260,5,TT-T092,1,5,3a2f313512bb520c43971e54ba834dec
13106,a9adf65abbb865184bf924d14a93d0c4,ec24e4cf9fcc90f3bbe81b2fb3735c21,SO70730,4640,BK-M68S-38,2,4640,e0cd1349b4c6e1b5f14ed427e358c2d0
13106,a9adf65abbb865184bf924d14a93d0c4,ec24e4cf9fcc90f3bbe81b2fb3735c21,SO70730,55,HY-1023-70,1,55,e0cd1349b4c6e1b5f14ed427e358c2d0
13106,d842148982d8efbc5cc6f26b41cc7251,0c0fda0e7ef55245aa19e42bf9928281,SO48598,4142,BK-M68S-38,2,4142,5acc3f37654c9c360551251e81e6001c
13107,0fc0d540e96e3fc1463b71e253aac75b,a08a8a7cdc12ac1d6f6ca90a6b513d94,SO48451,4098,BK-M68B-38,2,4098,694d75fcfc5bc50259336e29e881a36c
13107,31c99d724c1f182c60edb82eb4740277,e84848120190a8d0e696fbeb15647a74,SO71268,4590,BK-M68B-38,2,4590,3db19f5f710f10e90ecc7154c649d60a
13107,31c99d724c1f182c60edb82eb4740277,e84848120190a8d0e696fbeb15647a74,SO71268,22,FE-6654,1,22,3db19f5f710f10e90ecc7154c649d60a
13107,31c99d724c1f182c60edb82eb4740277,e84848120190a8d0e696fbeb15647a74,SO71268,105,HL-U509-R,3,105,3db19f5f710f10e90ecc7154c649d60a
13107,9f1ff00ea8fd9fd8f2d421ba5ec45a18,f88b3743a9ce1f9455b6de69380b486a,SO67480,1215,BK-T44U-46,1,1215,0001ffe4d82d0d8f9fec5ab0b4faa2db
13107,9f1ff00ea8fd9fd8f2d421ba5ec45a18,f88b3743a9ce1f9455b6de69380b486a,SO67480,105,HL-U509-B,3,105,0001ffe4d82d0d8f9fec5ab0b4faa2db
13108,88077cf01a3e17831c2d0bcca5897c5b,95a2a9aefc393f8630e934768cacf4cd,SO73076,10,BC-M005,1,10,86e0fc464cbb08ae74bd039224afec9a
13108,88077cf01a3e17831c2d0bcca5897c5b,95a2a9aefc393f8630e934768cacf4cd,SO73076,4590,BK-M68B-42,2,4590,86e0fc464cbb08ae74bd039224afec9a
13108,88077cf01a3e17831c2d0bcca5897c5b,95a2a9aefc393f8630e934768cacf4cd,SO73076,8,CL-9009,1,8,86e0fc464cbb08ae74bd039224afec9a
13108,88077cf01a3e17831c2d0bcca5897c5b,95a2a9aefc393f8630e934768cacf4cd,SO73076,55,HY-1023-70,1,55,86e0fc464cbb08ae74bd039224afec9a
13108,88077cf01a3e17831c2d0bcca5897c5b,95a2a9aefc393f8630e934768cacf4cd,SO73076,5,WB-H098,1,5,86e0fc464cbb08ae74bd039224afec9a
13108,c885741a5e3e55c84950327011b70289,7e15f50bd26e439e6a22f5205a8064db,SO68678,1215,BK-T44U-50,1,1215,0da2bc000f1fe4ea8746f9aea0bb5879
13108,c885741a5e3e55c84950327011b70289,7e15f50bd26e439e6a22f5205a8064db,SO68678,48,GL-H102-S,2,48,0da2bc000f1fe4ea8746f9aea0bb5879
13108,c885741a5e3e55c84950327011b70289,7e15f50bd26e439e6a22f5205a8064db,SO68678,105,HL-U509-B,3,105,0da2bc000f1fe4ea8746f9aea0bb5879
13108,dc4e871b1fb11890821e8f8192f25df1,0cae3b8f778ef4612ed00352a284e421,SO48623,4142,BK-M68S-46,2,4142,2f1c6881a8aee249301a33785404cd23
13109,86e0fc464cbb08ae74bd039224afec9a,38c9e5d1e366b4c5c36aae682bc960c4,SO72710,4590,BK-M68B-42,2,4590,8920fd63645007b243abb750709b1172
13109,86e0fc464cbb08ae74bd039224afec9a,38c9e5d1e366b4c5c36aae682bc960c4,SO72710,55,HY-1023-70,1,55,8920fd63645007b243abb750709b1172
13109,8eb7a1b0dba9fdd5f4248b9cb6b9119b,9f1ff00ea8fd9fd8f2d421ba5ec45a18,SO68265,1215,BK-T44U-50,1,1215,c7390752782466cfc9a3ed7d3a79e046
13109,8eb7a1b0dba9fdd5f4248b9cb6b9119b,9f1ff00ea8fd9fd8f2d421ba5ec45a18,SO68265,105,HL-U509,3,105,c7390752782466cfc9a3ed7d3a79e046
13109,8eb7a1b0dba9fdd5f4248b9cb6b9119b,9f1ff00ea8fd9fd8f2d421ba5ec45a18,SO68265,29,TI-T723,1,29,c7390752782466cfc9a3ed7d3a79e046
13109,8eb7a1b0dba9fdd5f4248b9cb6b9119b,9f1ff00ea8fd9fd8f2d421ba5ec45a18,SO68265,5,TT-T092,1,5,c7390752782466cfc9a3ed7d3a79e046
13109,dc4e871b1fb11890821e8f8192f25df1,0cae3b8f778ef4612ed00352a284e421,SO48624,4098,BK-M68B-46,2,4098,2f1c6881a8aee249301a33785404cd23
13110,0c0fda0e7ef55245aa19e42bf9928281,4d8769725b0b7f33aebf747e80c5c4e0,SO48457,4098,BK-M68B-46,2,4098,8db869d79195e5e17fdcc7c203499b29
13110,31c99d724c1f182c60edb82eb4740277,e84848120190a8d0e696fbeb15647a74,SO71279,1215,BK-T44U-54,1,1215,3db19f5f710f10e90ecc7154c649d60a
13110,b2ce0ef2540789e8a6976165b6c917d8,128ee9ff420de424a605a0ee4a6f7916,SO72418,4640,BK-M68S-38,2,4640,dcf73f840a50da0145f24e8e0169dc4b
13111,2324aa49dea31d140d6701555edd756c,88adb3ec0d383666ee2acd29f43e3429,SO48728,4142,BK-M68S-42,2,4142,5881f2ec92a43470fcbe3d3477a2a1fe
13111,99c8f306659fd98cbb9d7f03ec0c2a7a,705fa39ab40831529471c768490339ab,SO69942,1215,BK-T44U-50,1,1215,fff3c307c93eda1eb91d53ca588846fe
13111,99c8f306659fd98cbb9d7f03ec0c2a7a,705fa39ab40831529471c768490339ab,SO69942,105,HL-U509,3,105,fff3c307c93eda1eb91d53ca588846fe
13111,e366e24b8ad0b1107528f2f58cd15a81,921bc92a493b53f98f24e6a8a12801be,SO72495,10,BC-M005,1,10,c83e871e48c2716e0f28e60d166a5c98
13111,e366e24b8ad0b1107528f2f58cd15a81,921bc92a493b53f98f24e6a8a12801be,SO72495,4590,BK-M68B-38,2,4590,c83e871e48c2716e0f28e60d166a5c98
13111,e366e24b8ad0b1107528f2f58cd15a81,921bc92a493b53f98f24e6a8a12801be,SO72495,22,FE-6654,1,22,c83e871e48c2716e0f28e60d166a5c98
13111,e366e24b8ad0b1107528f2f58cd15a81,921bc92a493b53f98f24e6a8a12801be,SO72495,54,SJ-0194-S,1,54,c83e871e48c2716e0f28e60d166a5c98
13111,e366e24b8ad0b1107528f2f58cd15a81,921bc92a493b53f98f24e6a8a12801be,SO72495,5,WB-H098,1,5,c83e871e48c2716e0f28e60d166a5c98
13112,3db19f5f710f10e90ecc7154c649d60a,f544b472453b297a8b55709fbfd3746d,SO70937,1215,BK-T44U-54,1,1215,fee8e08233f3f00450bce31967abb0f1
13112,3db19f5f710f10e90ecc7154c649d60a,f544b472453b297a8b55709fbfd3746d,SO70937,48,GL-H102-L,2,48,fee8e08233f3f00450bce31967abb0f1
13112,3db19f5f710f10e90ecc7154c649d60a,f544b472453b297a8b55709fbfd3746d,SO70937,105,HL-U509-R,3,105,fee8e08233f3f00450bce31967abb0f1
13112,aa14ddbc43aa2d3be1e6ac019bb7b5bc,dcf73f840a50da0145f24e8e0169dc4b,SO72921,4590,BK-M68B-42,2,4590,a6f2945baeceeef4c8d541a22f6e99e9
13112,aa14ddbc43aa2d3be1e6ac019bb7b5bc,dcf73f840a50da0145f24e8e0169dc4b,SO72921,48,GL-H102-S,2,48,a6f2945baeceeef4c8d541a22f6e99e9
13112,aa14ddbc43aa2d3be1e6ac019bb7b5bc,dcf73f840a50da0145f24e8e0169dc4b,SO72921,105,HL-U509-R,3,105,a6f2945baeceeef4c8d541a22f6e99e9
13112,aa14ddbc43aa2d3be1e6ac019bb7b5bc,dcf73f840a50da0145f24e8e0169dc4b,SO72921,35,TI-M823,1,35,a6f2945baeceeef4c8d541a22f6e99e9
13112,aa14ddbc43aa2d3be1e6ac019bb7b5bc,dcf73f840a50da0145f24e8e0169dc4b,SO72921,5,TT-M928,1,5,a6f2945baeceeef4c8d541a22f6e99e9
13112,c5f333101183a33b4b4d94a271add9fd,694d75fcfc5bc50259336e29e881a36c,SO48532,4098,BK-M68B-46,2,4098,a1be4f014e5b3c959503117fd1ee566a
13113,4bbde6a0c4076e78bc106bdc331a94c5,0fc0d540e96e3fc1463b71e253aac75b,SO48586,4142,BK-M68S-42,2,4142,c5f333101183a33b4b4d94a271add9fd
13113,7130adfd843cdcb6d0bcd9d13792693a,d1024973c3d10f08cb9fa1736e6ed8b7,SO63108,4640,BK-M68S-46,2,4640,f46ace11e93788e473124f7be16a19d5
13113,7130adfd843cdcb6d0bcd9d13792693a,d1024973c3d10f08cb9fa1736e6ed8b7,SO63108,35,TI-M823,1,35,f46ace11e93788e473124f7be16a19d5
13113,7130adfd843cdcb6d0bcd9d13792693a,d1024973c3d10f08cb9fa1736e6ed8b7,SO63108,5,TT-M928,1,5,f46ace11e93788e473124f7be16a19d5
13113,f544b472453b297a8b55709fbfd3746d,70951886788165a5e2439adfce4d0cce,SO70071,9,BC-R205,1,9,331afa0aff1b1cfbf3d24944ab38c9d2
13113,f544b472453b297a8b55709fbfd3746d,70951886788165a5e2439adfce4d0cce,SO70071,2384,BK-T79U-46,1,2384,331afa0aff1b1cfbf3d24944ab38c9d2
13113,f544b472453b297a8b55709fbfd3746d,70951886788165a5e2439adfce4d0cce,SO70071,8,CL-9009,1,8,331afa0aff1b1cfbf3d24944ab38c9d2
13114,128ee9ff420de424a605a0ee4a6f7916,fee8e08233f3f00450bce31967abb0f1,SO71417,2384,BK-T79Y-46,1,2384,2797a91b25bc2aa85124c99bc574dc83
13114,290499d9b8e65db426ba9b842714eb6d,606ed413481267c98754e3351f662859,SO62676,4590,BK-M68B-46,2,4590,d1024973c3d10f08cb9fa1736e6ed8b7
13114,290499d9b8e65db426ba9b842714eb6d,606ed413481267c98754e3351f662859,SO62676,22,FE-6654,1,22,d1024973c3d10f08cb9fa1736e6ed8b7
13114,290499d9b8e65db426ba9b842714eb6d,606ed413481267c98754e3351f662859,SO62676,105,HL-U509-R,3,105,d1024973c3d10f08cb9fa1736e6ed8b7
13114,5cdbc8775008d87082e2d847e626b2f8,4bd94d77610f3faab529dc08576e03ab,SO48418,4142,BK-M68S-38,2,4142,bbe7548219ab98340a1170c8a2e7847b
13115,94c60e0b5e2b0f78b919a5d4c67d70a2,0d15ba5aa4c9ad0377b26e0cf7a86280,SO62220,4590,BK-M68B-38,2,4590,9913e55755fcc4267a06c1e6adbbc7fb
13115,94c60e0b5e2b0f78b919a5d4c67d70a2,0d15ba5aa4c9ad0377b26e0cf7a86280,SO62220,2,PK-7098,1,2,9913e55755fcc4267a06c1e6adbbc7fb
13115,e41e8ee2e2795c7c1363a9f5054d57d7,0e0f7e43982ae36c0cd7c9ba6bc6c699,SO48699,4098,BK-M68B-46,2,4098,fee42f8d62443b64a7e92c5e13c2fffe
13115,f544b472453b297a8b55709fbfd3746d,70951886788165a5e2439adfce4d0cce,SO70072,9,BC-R205,1,9,331afa0aff1b1cfbf3d24944ab38c9d2
13115,f544b472453b297a8b55709fbfd3746d,70951886788165a5e2439adfce4d0cce,SO70072,2384,BK-T79U-54,1,2384,331afa0aff1b1cfbf3d24944ab38c9d2
13115,f544b472453b297a8b55709fbfd3746d,70951886788165a5e2439adfce4d0cce,SO70072,105,HL-U509,3,105,331afa0aff1b1cfbf3d24944ab38c9d2
13115,f544b472453b297a8b55709fbfd3746d,70951886788165a5e2439adfce4d0cce,SO70072,5,WB-H098,1,5,331afa0aff1b1cfbf3d24944ab38c9d2
13116,6a8d7e42bb852c45fbf8610361d391a0,3f72b837978dcd042b73e7270f11a4ca,SO71099,159,ST-1401,1,159,49fce086a31f1cfcf16b54e462f7cbc0
13116,9c56075241a26f6fa77eb86b15411c6e,9444f850ff0c10a862b4a6a9c4ab0a74,SO54381,2,PK-7098,1,2,ab2e81a99745ffff6c06e2be93290d1b
13116,9c56075241a26f6fa77eb86b15411c6e,9444f850ff0c10a862b4a6a9c4ab0a74,SO54381,25,TI-M267,1,25,ab2e81a99745ffff6c06e2be93290d1b
13116,9c56075241a26f6fa77eb86b15411c6e,9444f850ff0c10a862b4a6a9c4ab0a74,SO54381,5,TT-M928,1,5,ab2e81a99745ffff6c06e2be93290d1b
13116,caa707f97407c07371136aaf471a91d4,4efe8b2ca156042f8a3d8dd6aba54520,SO67087,105,HL-U509-R,3,105,058af5b2a408d57b708367e5bf4e9d9c
13116,caa707f97407c07371136aaf471a91d4,4efe8b2ca156042f8a3d8dd6aba54520,SO67087,4,TT-R982,1,4,058af5b2a408d57b708367e5bf4e9d9c
13117,7c461b9e57346f51c212a91b3cf92bfc,813f26755901d08d11203eb467615b65,SO48438,4098,BK-M68B-46,2,4098,3fce335517b518d0723258ab9aab91d5
13117,d53f9d33cac0a297449a74a10d031570,e0bcd0ff3072dfe15609d6be1529b0b8,SO61587,4640,BK-M68S-38,2,4640,4cc27df81afd686c0420394e090460cb
13117,d53f9d33cac0a297449a74a10d031570,e0bcd0ff3072dfe15609d6be1529b0b8,SO61587,22,FE-6654,1,22,4cc27df81afd686c0420394e090460cb
13117,d53f9d33cac0a297449a74a10d031570,e0bcd0ff3072dfe15609d6be1529b0b8,SO61587,2,PK-7098,1,2,4cc27df81afd686c0420394e090460cb
13117,e84848120190a8d0e696fbeb15647a74,fff3c307c93eda1eb91d53ca588846fe,SO70435,2384,BK-T79Y-50,1,2384,f544b472453b297a8b55709fbfd3746d
13117,e84848120190a8d0e696fbeb15647a74,fff3c307c93eda1eb91d53ca588846fe,SO70435,54,SJ-0194-S,1,54,f544b472453b297a8b55709fbfd3746d
13118,4c6ed4daa82e7326b84c24f4c2ae7064,b2ce0ef2540789e8a6976165b6c917d8,SO73336,1215,BK-T44U-46,1,1215,aa14ddbc43aa2d3be1e6ac019bb7b5bc
13118,4c6ed4daa82e7326b84c24f4c2ae7064,b2ce0ef2540789e8a6976165b6c917d8,SO73336,105,HL-U509,3,105,aa14ddbc43aa2d3be1e6ac019bb7b5bc
13118,9795c57676ee8b8b6ba9a6f9014a520b,c5ed53572c667b119dde2fc0f54de602,SO73765,4590,BK-M68B-46,2,4590,b0950d12c62d3aeda81b2e8d06f2aef4
13118,9795c57676ee8b8b6ba9a6f9014a520b,c5ed53572c667b119dde2fc0f54de602,SO73765,22,FE-6654,1,22,b0950d12c62d3aeda81b2e8d06f2aef4
13118,9795c57676ee8b8b6ba9a6f9014a520b,c5ed53572c667b119dde2fc0f54de602,SO73765,54,SJ-0194-L,1,54,b0950d12c62d3aeda81b2e8d06f2aef4
13118,ba588be30dd16be47b9647a72fe81700,c5f333101183a33b4b4d94a271add9fd,SO48663,4098,BK-M68B-46,2,4098,88adb3ec0d383666ee2acd29f43e3429
13119,4555f65c4664801d78b9f5477f89d8fd,7ee641303ef8d8b10d0ed00a060c73cc,SO62520,10,BC-M005,1,10,94c60e0b5e2b0f78b919a5d4c67d70a2
13119,4555f65c4664801d78b9f5477f89d8fd,7ee641303ef8d8b10d0ed00a060c73cc,SO62520,4640,BK-M68S-42,2,4640,94c60e0b5e2b0f78b919a5d4c67d70a2
13119,4555f65c4664801d78b9f5477f89d8fd,7ee641303ef8d8b10d0ed00a060c73cc,SO62520,105,HL-U509-R,3,105,94c60e0b5e2b0f78b919a5d4c67d70a2
13119,5acc3f37654c9c360551251e81e6001c,8db869d79195e5e17fdcc7c203499b29,SO48544,4142,BK-M68S-42,2,4142,0cae3b8f778ef4612ed00352a284e421
13119,921bc92a493b53f98f24e6a8a12801be,17520f5649fab40fb66771362888cb90,SO71485,2384,BK-T79U-54,1,2384,6a8d7e42bb852c45fbf8610361d391a0
13119,921bc92a493b53f98f24e6a8a12801be,17520f5649fab40fb66771362888cb90,SO71485,27,CA-1098,3,27,6a8d7e42bb852c45fbf8610361d391a0
13120,8920fd63645007b243abb750709b1172,58c4ce5b9433e7b6d41793d5a76d5590,SO72280,105,HL-U509,3,105,0d3057f268050d468f468434f8ec809a
13120,8920fd63645007b243abb750709b1172,58c4ce5b9433e7b6d41793d5a76d5590,SO72280,54,SJ-0194-L,1,54,0d3057f268050d468f468434f8ec809a
13120,8920fd63645007b243abb750709b1172,58c4ce5b9433e7b6d41793d5a76d5590,SO72280,4,TT-R982,1,4,0d3057f268050d468f468434f8ec809a
13120,ad4fbe0c82c7e5968d4cf22c2ad19e28,72e75576254db1afef14ecdc050391c2,SO52673,48,GL-H102-S,2,48,f5933feadc49c253e4f0e77b236946e9
13120,ad4fbe0c82c7e5968d4cf22c2ad19e28,72e75576254db1afef14ecdc050391c2,SO52673,25,TI-M267,1,25,f5933feadc49c253e4f0e77b236946e9
13120,ca5b8307fa5f2189fb98330a9d65927c,88077cf01a3e17831c2d0bcca5897c5b,SO73951,8,CL-9009,1,8,5cbbe853aa1a5a1370f9a614904c4b15
13120,ca5b8307fa5f2189fb98330a9d65927c,88077cf01a3e17831c2d0bcca5897c5b,SO73951,55,HY-1023-70,1,55,5cbbe853aa1a5a1370f9a614904c4b15
13121,1678083e7ff90bd404baad3f60bffa37,7b0730955172ecda497d7cca6b1d87a1,SO55752,55,HY-1023-70,1,55,73a69a5c77a7d23172e54d7ce07a638e
13121,64cadfde6f66bc25043d0d69f5ae5471,18f358e551b5b85912bc952ab9894c0d,SO65805,2,PK-7098,1,2,8d1d4829b2e801ba4e41ba48f5a549d4
13121,64cadfde6f66bc25043d0d69f5ae5471,18f358e551b5b85912bc952ab9894c0d,SO65805,25,TI-M267,1,25,8d1d4829b2e801ba4e41ba48f5a549d4
13121,d1024973c3d10f08cb9fa1736e6ed8b7,f8025d3776b5f7522a6120cb4e9e0783,SO62350,105,HL-U509-R,3,105,5c741aa8e0753be65314a304e7b39c14
13121,d1024973c3d10f08cb9fa1736e6ed8b7,f8025d3776b5f7522a6120cb4e9e0783,SO62350,4,TT-R982,1,4,5c741aa8e0753be65314a304e7b39c14
13122,2becb9647677a1a316b388bbad689580,013f173c58073e845f675d26fdde1918,SO61420,4590,BK-M68B-46,2,4590,0383d48e76cd8a3dfb9e2a890f2cac18
13122,2becb9647677a1a316b388bbad689580,013f173c58073e845f675d26fdde1918,SO61420,27,CA-1098,3,27,0383d48e76cd8a3dfb9e2a890f2cac18
13122,2becb9647677a1a316b388bbad689580,013f173c58073e845f675d26fdde1918,SO61420,22,FE-6654,1,22,0383d48e76cd8a3dfb9e2a890f2cac18
13122,2becb9647677a1a316b388bbad689580,013f173c58073e845f675d26fdde1918,SO61420,55,HY-1023-70,1,55,0383d48e76cd8a3dfb9e2a890f2cac18
13122,38c9e5d1e366b4c5c36aae682bc960c4,8fa3bab223bec6501ad71f96bb1067b6,SO71688,2384,BK-T79Y-60,1,2384,58c4ce5b9433e7b6d41793d5a76d5590
13122,38c9e5d1e366b4c5c36aae682bc960c4,8fa3bab223bec6501ad71f96bb1067b6,SO71688,105,HL-U509-R,3,105,58c4ce5b9433e7b6d41793d5a76d5590
13122,fc92d87f5fdfc4fdb58244cc592e3788,5cdbc8775008d87082e2d847e626b2f8,SO48559,4142,BK-M68S-42,2,4142,b398f9f9c5791f694aee052dae13609e
13123,0d15ba5aa4c9ad0377b26e0cf7a86280,b21e833d3ead6056f1265f13fe1ff015,SO61472,4590,BK-M68B-38,2,4590,4a70a3ec50fd16032883bf6fc79c55dd
13123,0d15ba5aa4c9ad0377b26e0cf7a86280,b21e833d3ead6056f1265f13fe1ff015,SO61472,2,PK-7098,1,2,4a70a3ec50fd16032883bf6fc79c55dd
13123,0e0f7e43982ae36c0cd7c9ba6bc6c699,7c461b9e57346f51c212a91b3cf92bfc,SO48575,4098,BK-M68B-42,2,4098,20d42f6cfcb5eda27dc59cfb68aa4732
13123,8728a5e296f39e49d2fa74c31820e99f,66e56e10b0f528b66a45e307ecdf4774,SO69655,2384,BK-T79Y-54,1,2384,3fe686907939d07097f6c87f08025422
13123,8728a5e296f39e49d2fa74c31820e99f,66e56e10b0f528b66a45e307ecdf4774,SO69655,105,HL-U509,3,105,3fe686907939d07097f6c87f08025422
13124,331afa0aff1b1cfbf3d24944ab38c9d2,c885741a5e3e55c84950327011b70289,SO69661,25,TI-M267,1,25,962bae2fb03296a3b9cacabfa929322c
13124,df09a3a727ac0f29208c5ef3bf7625e6,5cbbe853aa1a5a1370f9a614904c4b15,SO74281,4,TT-R982,1,4,9c55d6518880c1abf100a24da2546368
13124,e84848120190a8d0e696fbeb15647a74,fff3c307c93eda1eb91d53ca588846fe,SO70382,8,CL-9009,1,8,f544b472453b297a8b55709fbfd3746d
13124,e84848120190a8d0e696fbeb15647a74,fff3c307c93eda1eb91d53ca588846fe,SO70382,55,HY-1023-70,1,55,f544b472453b297a8b55709fbfd3746d
13125,23f22724b430320654759f8512440ebc,485ae69515bc4c60ef546ff289741f60,SO58253,55,HY-1023-70,1,55,b0b2c17e5682f78d8fc262463fd0a4f3
13125,23f22724b430320654759f8512440ebc,485ae69515bc4c60ef546ff289741f60,SO58253,150,LJ-0192-M,3,150,b0b2c17e5682f78d8fc262463fd0a4f3
13125,331afa0aff1b1cfbf3d24944ab38c9d2,c885741a5e3e55c84950327011b70289,SO69666,2,PK-7098,1,2,962bae2fb03296a3b9cacabfa929322c
13125,331afa0aff1b1cfbf3d24944ab38c9d2,c885741a5e3e55c84950327011b70289,SO69666,4,TT-R982,1,4,962bae2fb03296a3b9cacabfa929322c
13125,501407dcfde5b685045ca3072168d5bb,41ef6b06b63ba4f6a5234245a439b157,SO73505,2,PK-7098,1,2,5432d51ee94799c0125bb158c8a8bd22
13125,501407dcfde5b685045ca3072168d5bb,41ef6b06b63ba4f6a5234245a439b157,SO73505,25,TI-M267,1,25,5432d51ee94799c0125bb158c8a8bd22
13126,128ee9ff420de424a605a0ee4a6f7916,fee8e08233f3f00450bce31967abb0f1,SO71423,9,BC-R205,1,9,2797a91b25bc2aa85124c99bc574dc83
13126,128ee9ff420de424a605a0ee4a6f7916,fee8e08233f3f00450bce31967abb0f1,SO71423,2384,BK-T79U-46,1,2384,2797a91b25bc2aa85124c99bc574dc83
13126,128ee9ff420de424a605a0ee4a6f7916,fee8e08233f3f00450bce31967abb0f1,SO71423,8,CL-9009,1,8,2797a91b25bc2aa85124c99bc574dc83
13126,7130adfd843cdcb6d0bcd9d13792693a,d1024973c3d10f08cb9fa1736e6ed8b7,SO63109,10,BC-M005,1,10,f46ace11e93788e473124f7be16a19d5
13126,7130adfd843cdcb6d0bcd9d13792693a,d1024973c3d10f08cb9fa1736e6ed8b7,SO63109,4640,BK-M68S-38,2,4640,f46ace11e93788e473124f7be16a19d5
13126,7130adfd843cdcb6d0bcd9d13792693a,d1024973c3d10f08cb9fa1736e6ed8b7,SO63109,105,HL-U509-R,3,105,f46ace11e93788e473124f7be16a19d5
13126,b398f9f9c5791f694aee052dae13609e,bbe7548219ab98340a1170c8a2e7847b,SO48491,4098,BK-M68B-38,2,4098,7c461b9e57346f51c212a91b3cf92bfc
13127,348f48807f500aeac729fb17d9bc97f1,5072507e949a2c25948a591c4da194e1,SO60463,2,PK-7098,1,2,f108e0cd2f96a0c22086f9d45ee08f19
13127,348f48807f500aeac729fb17d9bc97f1,5072507e949a2c25948a591c4da194e1,SO60463,4,TT-R982,1,4,f108e0cd2f96a0c22086f9d45ee08f19
13127,702a02712215141594ddf8e52b0a651c,cd15e5f80ff20dd345bfaa51400dd0d6,SO67495,55,HY-1023-70,1,55,caa707f97407c07371136aaf471a91d4
13127,c507827aa5f4f6bbedf64058461c621b,6d1d8a1c7851eb5a946d45009cea6d9f,SO66433,25,TI-M267,1,25,dfcee565bb2da80a7b76451a5cd314a1
13128,2324aa49dea31d140d6701555edd756c,88adb3ec0d383666ee2acd29f43e3429,SO48727,4098,BK-M68B-42,2,4098,5881f2ec92a43470fcbe3d3477a2a1fe
13128,305c66634c155cab2b5cc3ce00351eb1,2becb9647677a1a316b388bbad689580,SO62142,4590,BK-M68B-38,2,4590,922d04aa1f67bbe0270bfad98508f43e
13128,305c66634c155cab2b5cc3ce00351eb1,2becb9647677a1a316b388bbad689580,SO62142,105,HL-U509-R,3,105,922d04aa1f67bbe0270bfad98508f43e
13128,331afa0aff1b1cfbf3d24944ab38c9d2,c885741a5e3e55c84950327011b70289,SO69721,2384,BK-T79U-60,1,2384,962bae2fb03296a3b9cacabfa929322c
13128,331afa0aff1b1cfbf3d24944ab38c9d2,c885741a5e3e55c84950327011b70289,SO69721,54,SJ-0194-X,1,54,962bae2fb03296a3b9cacabfa929322c
13129,5c741aa8e0753be65314a304e7b39c14,d945ec2aae74dbfb829453026b91c235,SO62077,4640,BK-M68S-46,2,4640,7ee641303ef8d8b10d0ed00a060c73cc
13129,5c741aa8e0753be65314a304e7b39c14,d945ec2aae74dbfb829453026b91c235,SO62077,35,TI-M823,1,35,7ee641303ef8d8b10d0ed00a060c73cc
13129,6a8d7e42bb852c45fbf8610361d391a0,3f72b837978dcd042b73e7270f11a4ca,SO71148,2384,BK-T79Y-54,1,2384,49fce086a31f1cfcf16b54e462f7cbc0
13129,6a8d7e42bb852c45fbf8610361d391a0,3f72b837978dcd042b73e7270f11a4ca,SO71148,105,HL-U509-B,3,105,49fce086a31f1cfcf16b54e462f7cbc0
13129,dc4e871b1fb11890821e8f8192f25df1,0cae3b8f778ef4612ed00352a284e421,SO48621,4098,BK-M68B-42,2,4098,2f1c6881a8aee249301a33785404cd23
13130,12b1840e7453d3f4221dc0d69006ef40,2f1c6881a8aee249301a33785404cd23,SO48690,4098,BK-M68B-42,2,4098,f3393c2fcf78ad71519178f1876f05b3
13130,6a8d7e42bb852c45fbf8610361d391a0,3f72b837978dcd042b73e7270f11a4ca,SO71149,2384,BK-T79Y-50,1,2384,49fce086a31f1cfcf16b54e462f7cbc0
13130,6a8d7e42bb852c45fbf8610361d391a0,3f72b837978dcd042b73e7270f11a4ca,SO71149,9,SO-R809-L,1,9,49fce086a31f1cfcf16b54e462f7cbc0
13130,d53f9d33cac0a297449a74a10d031570,e0bcd0ff3072dfe15609d6be1529b0b8,SO61588,4640,BK-M68S-38,2,4640,4cc27df81afd686c0420394e090460cb
13130,d53f9d33cac0a297449a74a10d031570,e0bcd0ff3072dfe15609d6be1529b0b8,SO61588,35,TI-M823,1,35,4cc27df81afd686c0420394e090460cb
13131,128ee9ff420de424a605a0ee4a6f7916,fee8e08233f3f00450bce31967abb0f1,SO71424,2384,BK-T79Y-50,1,2384,2797a91b25bc2aa85124c99bc574dc83
13131,128ee9ff420de424a605a0ee4a6f7916,fee8e08233f3f00450bce31967abb0f1,SO71424,27,CA-1098,3,27,2797a91b25bc2aa85124c99bc574dc83
13131,641f75927019dae5752cf63866b6ddca,5acc3f37654c9c360551251e81e6001c,SO48673,4098,BK-M68B-42,2,4098,dc4e871b1fb11890821e8f8192f25df1
13131,94c60e0b5e2b0f78b919a5d4c67d70a2,0d15ba5aa4c9ad0377b26e0cf7a86280,SO62221,4590,BK-M68B-46,2,4590,9913e55755fcc4267a06c1e6adbbc7fb
13132,2bb3043229844628920922115ca2f967,2f58ddcb4c9f30e1ac2a6edb90189d95,SO48499,4098,BK-M68B-38,2,4098,0fc0d540e96e3fc1463b71e253aac75b
13132,7ee641303ef8d8b10d0ed00a060c73cc,eef21e68ecca703bb338920b950f203c,SO61774,4590,BK-M68B-38,2,4590,0d15ba5aa4c9ad0377b26e0cf7a86280
13132,7ee641303ef8d8b10d0ed00a060c73cc,eef21e68ecca703bb338920b950f203c,SO61774,105,HL-U509-R,3,105,0d15ba5aa4c9ad0377b26e0cf7a86280
13132,7ee641303ef8d8b10d0ed00a060c73cc,eef21e68ecca703bb338920b950f203c,SO61774,35,TI-M823,1,35,0d15ba5aa4c9ad0377b26e0cf7a86280
13132,7ee641303ef8d8b10d0ed00a060c73cc,eef21e68ecca703bb338920b950f203c,SO61774,5,TT-M928,1,5,0d15ba5aa4c9ad0377b26e0cf7a86280
13132,e84848120190a8d0e696fbeb15647a74,fff3c307c93eda1eb91d53ca588846fe,SO70451,9,BC-R205,1,9,f544b472453b297a8b55709fbfd3746d
13132,e84848120190a8d0e696fbeb15647a74,fff3c307c93eda1eb91d53ca588846fe,SO70451,2384,BK-T79Y-46,1,2384,f544b472453b297a8b55709fbfd3746d
13132,e84848120190a8d0e696fbeb15647a74,fff3c307c93eda1eb91d53ca588846fe,SO70451,64,VE-C304-S,1,64,f544b472453b297a8b55709fbfd3746d
13132,e84848120190a8d0e696fbeb15647a74,fff3c307c93eda1eb91d53ca588846fe,SO70451,5,WB-H098,1,5,f544b472453b297a8b55709fbfd3746d
13133,0e0f7e43982ae36c0cd7c9ba6bc6c699,7c461b9e57346f51c212a91b3cf92bfc,SO48576,4098,BK-M68B-46,2,4098,20d42f6cfcb5eda27dc59cfb68aa4732
13133,870bd4f3713260418e4f342f31dc7e33,94c60e0b5e2b0f78b919a5d4c67d70a2,SO62932,10,BC-M005,1,10,2fe1a028f9398deb2efcd536c8246fae
13133,870bd4f3713260418e4f342f31dc7e33,94c60e0b5e2b0f78b919a5d4c67d70a2,SO62932,4590,BK-M68B-46,2,4590,2fe1a028f9398deb2efcd536c8246fae
13133,870bd4f3713260418e4f342f31dc7e33,94c60e0b5e2b0f78b919a5d4c67d70a2,SO62932,105,HL-U509-B,3,105,2fe1a028f9398deb2efcd536c8246fae
13133,870bd4f3713260418e4f342f31dc7e33,94c60e0b5e2b0f78b919a5d4c67d70a2,SO62932,5,WB-H098,1,5,2fe1a028f9398deb2efcd536c8246fae
13133,8728a5e296f39e49d2fa74c31820e99f,66e56e10b0f528b66a45e307ecdf4774,SO69656,2384,BK-T79Y-50,1,2384,3fe686907939d07097f6c87f08025422
13133,8728a5e296f39e49d2fa74c31820e99f,66e56e10b0f528b66a45e307ecdf4774,SO69656,105,HL-U509-R,3,105,3fe686907939d07097f6c87f08025422
13134,41ef6b06b63ba4f6a5234245a439b157,c4c454d69a39e60a6f5cf2f97148adad,SO72639,1215,BK-T44U-46,1,1215,545a3d56d20b22e09aa85bfa5ed8738d
13134,41ef6b06b63ba4f6a5234245a439b157,c4c454d69a39e60a6f5cf2f97148adad,SO72639,105,HL-U509,3,105,545a3d56d20b22e09aa85bfa5ed8738d
13134,88adb3ec0d383666ee2acd29f43e3429,a1be4f014e5b3c959503117fd1ee566a,SO48610,4098,BK-M68B-38,2,4098,fc92d87f5fdfc4fdb58244cc592e3788
13134,c83e871e48c2716e0f28e60d166a5c98,6a8d7e42bb852c45fbf8610361d391a0,SO72107,4590,BK-M68B-42,2,4590,c4c454d69a39e60a6f5cf2f97148adad
13134,c83e871e48c2716e0f28e60d166a5c98,6a8d7e42bb852c45fbf8610361d391a0,SO72107,55,HY-1023-70,1,55,c4c454d69a39e60a6f5cf2f97148adad
13135,0d15ba5aa4c9ad0377b26e0cf7a86280,b21e833d3ead6056f1265f13fe1ff015,SO61473,10,BC-M005,1,10,4a70a3ec50fd16032883bf6fc79c55dd
13135,0d15ba5aa4c9ad0377b26e0cf7a86280,b21e833d3ead6056f1265f13fe1ff015,SO61473,4590,BK-M68B-38,2,4590,4a70a3ec50fd16032883bf6fc79c55dd
13135,2bb3043229844628920922115ca2f967,2f58ddcb4c9f30e1ac2a6edb90189d95,SO48500,4098,BK-M68B-38,2,4098,0fc0d540e96e3fc1463b71e253aac75b
13135,fd5ba6fdeb81e07b2caf0b103489bd8d,e871b36e68b0b3d0af9c742d81fef27a,SO71020,2384,BK-T79U-54,1,2384,17520f5649fab40fb66771362888cb90
13135,fd5ba6fdeb81e07b2caf0b103489bd8d,e871b36e68b0b3d0af9c742d81fef27a,SO71020,105,HL-U509,3,105,17520f5649fab40fb66771362888cb90
13136,883b9b4170853b321c03290f64ba199f,412998e77ee121227580e3d363f75fa2,SO60639,2,PK-7098,1,2,af1457846a79173ef71dd9d5dd69805a
13136,883b9b4170853b321c03290f64ba199f,412998e77ee121227580e3d363f75fa2,SO60639,25,TI-M267,1,25,af1457846a79173ef71dd9d5dd69805a
13136,b34050290c25b0f7b52a2b8f767df87d,caa707f97407c07371136aaf471a91d4,SO67972,105,HL-U509-R,3,105,36ab6f1df21f3c9a169c8942e981959a
13137,348f48807f500aeac729fb17d9bc97f1,5072507e949a2c25948a591c4da194e1,SO60459,105,HL-U509,3,105,f108e0cd2f96a0c22086f9d45ee08f19
13137,348f48807f500aeac729fb17d9bc97f1,5072507e949a2c25948a591c4da194e1,SO60459,25,TI-M267,1,25,f108e0cd2f96a0c22086f9d45ee08f19
13137,348f48807f500aeac729fb17d9bc97f1,5072507e949a2c25948a591c4da194e1,SO60459,5,TT-M928,1,5,f108e0cd2f96a0c22086f9d45ee08f19
13137,d34ba8f5d7fd7d5959a34c283fbec422,9c56075241a26f6fa77eb86b15411c6e,SO55041,4,TT-R982,1,4,ac15b60491fe99190c0248790e690757
13137,de22d232bbe84481579f6252f1e7091d,cae5717327bee7d74e261c550aa5081f,SO57544,55,HY-1023-70,1,55,ab4946738415af86b5e3cee69b13301f
13137,de22d232bbe84481579f6252f1e7091d,cae5717327bee7d74e261c550aa5081f,SO57544,54,SJ-0194-X,1,54,ab4946738415af86b5e3cee69b13301f
13138,0dc34ca2aaa8612cde077f1880b78b25,361e2c62255e0c1887ac2139911ca300,SO52478,55,HY-1023-70,1,55,7f026edc73bd4602381834e9b850d6c2
13138,9f79f7706bc6a7654ef0b8977966f69a,e2f7ff887646789ea003d03bc2025325,SO52119,4,TT-R982,1,4,361e2c62255e0c1887ac2139911ca300
13138,ba19c22033aaecc6c5dad47f63e5858c,8dd08d219271ec96c543f486de430703,SO63004,25,TI-M267,1,25,16918840d98f27ce45948fe73dd5592f
13139,20d42f6cfcb5eda27dc59cfb68aa4732,3fce335517b518d0723258ab9aab91d5,SO48516,4142,BK-M68S-42,2,4142,0c0fda0e7ef55245aa19e42bf9928281
13139,290499d9b8e65db426ba9b842714eb6d,606ed413481267c98754e3351f662859,SO62678,4590,BK-M68B-42,2,4590,d1024973c3d10f08cb9fa1736e6ed8b7
13139,290499d9b8e65db426ba9b842714eb6d,606ed413481267c98754e3351f662859,SO62678,55,HY-1023-70,1,55,d1024973c3d10f08cb9fa1736e6ed8b7
13139,290499d9b8e65db426ba9b842714eb6d,606ed413481267c98754e3351f662859,SO62678,35,TI-M823,1,35,d1024973c3d10f08cb9fa1736e6ed8b7
13139,290499d9b8e65db426ba9b842714eb6d,606ed413481267c98754e3351f662859,SO62678,5,TT-M928,1,5,d1024973c3d10f08cb9fa1736e6ed8b7
13139,31c99d724c1f182c60edb82eb4740277,e84848120190a8d0e696fbeb15647a74,SO71278,2384,BK-T79Y-50,1,2384,3db19f5f710f10e90ecc7154c649d60a
13139,31c99d724c1f182c60edb82eb4740277,e84848120190a8d0e696fbeb15647a74,SO71278,9,SO-R809-M,1,9,3db19f5f710f10e90ecc7154c649d60a
13140,290499d9b8e65db426ba9b842714eb6d,606ed413481267c98754e3351f662859,SO62633,70,SH-W890-S,1,70,d1024973c3d10f08cb9fa1736e6ed8b7
13140,2fb09097185e604aaadbfde958fd6262,a1e59736d286765313b8212467dc64b2,SO74591,9,BC-R205,1,9,88d8e3ff674b1514a19b24621707f0d9
13140,2fb09097185e604aaadbfde958fd6262,a1e59736d286765313b8212467dc64b2,SO74591,105,HL-U509,3,105,88d8e3ff674b1514a19b24621707f0d9
13140,2fb09097185e604aaadbfde958fd6262,a1e59736d286765313b8212467dc64b2,SO74591,5,WB-H098,1,5,88d8e3ff674b1514a19b24621707f0d9
13140,5728955fc583cbfd901d0ba25cb20f92,db10519e66d9a7b809b91935ad1a696d,SO74845,10,BC-M005,1,10,01e8942a5792053a553c4612bd6c06a6
13140,5728955fc583cbfd901d0ba25cb20f92,db10519e66d9a7b809b91935ad1a696d,SO74845,2,PK-7098,1,2,01e8942a5792053a553c4612bd6c06a6
13140,5728955fc583cbfd901d0ba25cb20f92,db10519e66d9a7b809b91935ad1a696d,SO74845,159,ST-1401,1,159,01e8942a5792053a553c4612bd6c06a6
13140,5728955fc583cbfd901d0ba25cb20f92,db10519e66d9a7b809b91935ad1a696d,SO74845,25,TI-M267,1,25,01e8942a5792053a553c4612bd6c06a6
13140,5728955fc583cbfd901d0ba25cb20f92,db10519e66d9a7b809b91935ad1a696d,SO74845,5,TT-M928,1,5,01e8942a5792053a553c4612bd6c06a6
13140,5728955fc583cbfd901d0ba25cb20f92,db10519e66d9a7b809b91935ad1a696d,SO74845,5,WB-H098,1,5,01e8942a5792053a553c4612bd6c06a6
13141,6a8d7e42bb852c45fbf8610361d391a0,3f72b837978dcd042b73e7270f11a4ca,SO71093,2,PK-7098,1,2,49fce086a31f1cfcf16b54e462f7cbc0
13141,6a8d7e42bb852c45fbf8610361d391a0,3f72b837978dcd042b73e7270f11a4ca,SO71093,25,TI-M267,1,25,49fce086a31f1cfcf16b54e462f7cbc0
13141,c135545cc3f3a739132ffdbc8096f3d4,36ab6f1df21f3c9a169c8942e981959a,SO68403,27,CA-1098,3,27,511572e8a25e86c2f48ae9e6d73a1e6a
13141,c135545cc3f3a739132ffdbc8096f3d4,36ab6f1df21f3c9a169c8942e981959a,SO68403,70,SH-W890-L,1,70,511572e8a25e86c2f48ae9e6d73a1e6a
13141,d5985f40495ba672dff8a99620b879c8,a9adf65abbb865184bf924d14a93d0c4,SO71505,9,BC-R205,1,9,8f472ffe3ff3109f420ae91355ff8f3f
13141,d5985f40495ba672dff8a99620b879c8,a9adf65abbb865184bf924d14a93d0c4,SO71505,120,RA-H123,1,120,8f472ffe3ff3109f420ae91355ff8f3f
13141,d5985f40495ba672dff8a99620b879c8,a9adf65abbb865184bf924d14a93d0c4,SO71505,5,WB-H098,1,5,8f472ffe3ff3109f420ae91355ff8f3f
13142,175a5d217fad85df9f6639d7ced1e5d9,511572e8a25e86c2f48ae9e6d73a1e6a,SO68925,4640,BK-M68S-46,2,4640,66e56e10b0f528b66a45e307ecdf4774
13142,175a5d217fad85df9f6639d7ced1e5d9,511572e8a25e86c2f48ae9e6d73a1e6a,SO68925,35,TI-M823,1,35,66e56e10b0f528b66a45e307ecdf4774
13142,e348aa55d5b10dd2c23ab2b7ce7e1e5f,700b2fdf8bbe790f020e8c6fb93a2d71,SO46691,2443,BK-R89R-44,1,2443,b9edfdebe9fb3fad4862841e57e559d8
13143,a946e75bc65318721cd1e01162d392dd,5efefff01843f5aa3f7d8a4d44b4bf2e,SO63472,4640,BK-M68S-42,2,4640,3a23b248b732af434a45fce0302aa11f
13143,a946e75bc65318721cd1e01162d392dd,5efefff01843f5aa3f7d8a4d44b4bf2e,SO63472,105,HL-U509-R,3,105,3a23b248b732af434a45fce0302aa11f
13143,a946e75bc65318721cd1e01162d392dd,5efefff01843f5aa3f7d8a4d44b4bf2e,SO63472,150,LJ-0192-S,3,150,3a23b248b732af434a45fce0302aa11f
13144,0d15ba5aa4c9ad0377b26e0cf7a86280,b21e833d3ead6056f1265f13fe1ff015,SO61452,2,PK-7098,1,2,4a70a3ec50fd16032883bf6fc79c55dd
13144,0d15ba5aa4c9ad0377b26e0cf7a86280,b21e833d3ead6056f1265f13fe1ff015,SO61452,30,TI-M602,1,30,4a70a3ec50fd16032883bf6fc79c55dd
13144,64cadfde6f66bc25043d0d69f5ae5471,18f358e551b5b85912bc952ab9894c0d,SO65844,8,CL-9009,1,8,8d1d4829b2e801ba4e41ba48f5a549d4
13144,64cadfde6f66bc25043d0d69f5ae5471,18f358e551b5b85912bc952ab9894c0d,SO65844,2,PK-7098,1,2,8d1d4829b2e801ba4e41ba48f5a549d4
13144,64cadfde6f66bc25043d0d69f5ae5471,18f358e551b5b85912bc952ab9894c0d,SO65844,35,TI-M823,1,35,8d1d4829b2e801ba4e41ba48f5a549d4
13144,830e779850b1d58733a7ad711bf6b83f,39fe373cdcb4534addde73890415b660,SO56500,105,HL-U509-B,3,105,427ed6396fba4ed8ead9ec3229517d2b
13144,830e779850b1d58733a7ad711bf6b83f,39fe373cdcb4534addde73890415b660,SO56500,29,TI-T723,1,29,427ed6396fba4ed8ead9ec3229517d2b
13144,830e779850b1d58733a7ad711bf6b83f,39fe373cdcb4534addde73890415b660,SO56500,5,TT-T092,1,5,427ed6396fba4ed8ead9ec3229517d2b
13144,90c6314650a0d54fdcabe5cd5406f9af,f476906875bc5d9abe836b4ea1f485c1,SO53942,10,BC-M005,1,10,41464bd548f06ca845208f69df30ac82
13144,90c6314650a0d54fdcabe5cd5406f9af,f476906875bc5d9abe836b4ea1f485c1,SO53942,120,RA-H123,1,120,41464bd548f06ca845208f69df30ac82
13144,90c6314650a0d54fdcabe5cd5406f9af,f476906875bc5d9abe836b4ea1f485c1,SO53942,5,WB-H098,1,5,41464bd548f06ca845208f69df30ac82
13145,f544b472453b297a8b55709fbfd3746d,70951886788165a5e2439adfce4d0cce,SO70064,4590,BK-M68B-42,2,4590,331afa0aff1b1cfbf3d24944ab38c9d2
13145,f544b472453b297a8b55709fbfd3746d,70951886788165a5e2439adfce4d0cce,SO70064,2,PK-7098,1,2,331afa0aff1b1cfbf3d24944ab38c9d2
13145,f544b472453b297a8b55709fbfd3746d,70951886788165a5e2439adfce4d0cce,SO70064,35,TI-M823,1,35,331afa0aff1b1cfbf3d24944ab38c9d2
13145,f544b472453b297a8b55709fbfd3746d,70951886788165a5e2439adfce4d0cce,SO70064,5,TT-M928,1,5,331afa0aff1b1cfbf3d24944ab38c9d2
13146,4dbf892d41ae205f6e36838031cff786,de22d232bbe84481579f6252f1e7091d,SO58233,27,CA-1098,3,27,3fbd0407b55d3a3da21388a2ddbf881c
13146,4dbf892d41ae205f6e36838031cff786,de22d232bbe84481579f6252f1e7091d,SO58233,22,FE-6654,1,22,3fbd0407b55d3a3da21388a2ddbf881c
13147,9a95fdf4e925d9cbd65f87b5aa4ac212,478ecc8cdaa127c33884d9f6c72c2cd5,SO59613,105,HL-U509,3,105,9e8cbc3edbb5efb3f48d6afb260e4725
13147,9a95fdf4e925d9cbd65f87b5aa4ac212,478ecc8cdaa127c33884d9f6c72c2cd5,SO59613,35,TI-M823,1,35,9e8cbc3edbb5efb3f48d6afb260e4725
13147,9a95fdf4e925d9cbd65f87b5aa4ac212,478ecc8cdaa127c33884d9f6c72c2cd5,SO59613,5,TT-M928,1,5,9e8cbc3edbb5efb3f48d6afb260e4725
13148,4310d0d92131e34ff2716d85e1953174,90c6314650a0d54fdcabe5cd5406f9af,SO54655,9,BC-R205,1,9,d3c54b4368c62c2ff11535bf2b677170
13148,4310d0d92131e34ff2716d85e1953174,90c6314650a0d54fdcabe5cd5406f9af,SO54655,2240,BK-R64Y-44,2,2240,d3c54b4368c62c2ff11535bf2b677170
13148,4310d0d92131e34ff2716d85e1953174,90c6314650a0d54fdcabe5cd5406f9af,SO54655,8,CL-9009,1,8,d3c54b4368c62c2ff11535bf2b677170
13149,a9cd7a99d71cca9cb644010050374ade,3db19f5f710f10e90ecc7154c649d60a,SO71696,25,TI-M267,1,25,128ee9ff420de424a605a0ee4a6f7916
13149,a9cd7a99d71cca9cb644010050374ade,3db19f5f710f10e90ecc7154c649d60a,SO71696,5,TT-M928,1,5,128ee9ff420de424a605a0ee4a6f7916
13149,a9cefc49af6424b430612adfc69876ee,d34ba8f5d7fd7d5959a34c283fbec422,SO55821,105,HL-U509,3,105,59c3d64cb01cd5ad7fd25246d81a55ff
13150,2becb9647677a1a316b388bbad689580,013f173c58073e845f675d26fdde1918,SO61375,105,HL-U509,3,105,0383d48e76cd8a3dfb9e2a890f2cac18
13150,8c9ec1be720ee75d56d0c250d10610fa,16918840d98f27ce45948fe73dd5592f,SO63621,22,FE-6654,1,22,81a5d08c6beaeec9e42baae5d63dd780
13150,8c9ec1be720ee75d56d0c250d10610fa,16918840d98f27ce45948fe73dd5592f,SO63621,2,PK-7098,1,2,81a5d08c6beaeec9e42baae5d63dd780
13150,8c9ec1be720ee75d56d0c250d10610fa,16918840d98f27ce45948fe73dd5592f,SO63621,25,TI-M267,1,25,81a5d08c6beaeec9e42baae5d63dd780
13150,8c9ec1be720ee75d56d0c250d10610fa,16918840d98f27ce45948fe73dd5592f,SO63621,5,TT-M928,1,5,81a5d08c6beaeec9e42baae5d63dd780
13151,8920fd63645007b243abb750709b1172,58c4ce5b9433e7b6d41793d5a76d5590,SO72314,10,BC-M005,1,10,0d3057f268050d468f468434f8ec809a
13151,8920fd63645007b243abb750709b1172,58c4ce5b9433e7b6d41793d5a76d5590,SO72314,22,FE-6654,1,22,0d3057f268050d468f468434f8ec809a
13151,8920fd63645007b243abb750709b1172,58c4ce5b9433e7b6d41793d5a76d5590,SO72314,55,HY-1023-70,1,55,0d3057f268050d468f468434f8ec809a
13151,8920fd63645007b243abb750709b1172,58c4ce5b9433e7b6d41793d5a76d5590,SO72314,5,WB-H098,1,5,0d3057f268050d468f468434f8ec809a
13152,afdb67129022ab285264def615fa587a,d6cafebfd2db462e512bc5b597cf9232,SO46813,4364,BK-R89B-58,2,4364,de3a4af731cd077daa2beb37e580c57f
13152,e84848120190a8d0e696fbeb15647a74,fff3c307c93eda1eb91d53ca588846fe,SO70426,4640,BK-M68S-42,2,4640,f544b472453b297a8b55709fbfd3746d
13152,e84848120190a8d0e696fbeb15647a74,fff3c307c93eda1eb91d53ca588846fe,SO70426,27,CA-1098,3,27,f544b472453b297a8b55709fbfd3746d
13152,e84848120190a8d0e696fbeb15647a74,fff3c307c93eda1eb91d53ca588846fe,SO70426,22,FE-6654,1,22,f544b472453b297a8b55709fbfd3746d
13152,e84848120190a8d0e696fbeb15647a74,fff3c307c93eda1eb91d53ca588846fe,SO70426,150,LJ-0192-M,3,150,f544b472453b297a8b55709fbfd3746d
13153,072bf847aeeee970f66483e596496cd9,cfceb7490eff6e660974507be7c579c6,SO52656,22,FE-6654,1,22,dca79d69a6b38e95c4b03bfab997796c
13153,072bf847aeeee970f66483e596496cd9,cfceb7490eff6e660974507be7c579c6,SO52656,105,HL-U509-B,3,105,dca79d69a6b38e95c4b03bfab997796c
13153,072bf847aeeee970f66483e596496cd9,cfceb7490eff6e660974507be7c579c6,SO52656,150,LJ-0192-X,3,150,dca79d69a6b38e95c4b03bfab997796c
13154,e871b36e68b0b3d0af9c742d81fef27a,3fe686907939d07097f6c87f08025422,SO70144,10,BC-M005,1,10,1faee5670542865e021595151379fe5c
13154,e871b36e68b0b3d0af9c742d81fef27a,3fe686907939d07097f6c87f08025422,SO70144,4590,BK-M68B-46,2,4590,1faee5670542865e021595151379fe5c
13154,e871b36e68b0b3d0af9c742d81fef27a,3fe686907939d07097f6c87f08025422,SO70144,5,WB-H098,1,5,1faee5670542865e021595151379fe5c
13155,375bde15092f45652b6398c1dff650d0,830e779850b1d58733a7ad711bf6b83f,SO57313,70,SH-W890-S,1,70,a8ef76a01442567fb64eb6f4408a9835
13155,375bde15092f45652b6398c1dff650d0,830e779850b1d58733a7ad711bf6b83f,SO57313,64,VE-C304-L,1,64,a8ef76a01442567fb64eb6f4408a9835
13155,ca5b8307fa5f2189fb98330a9d65927c,88077cf01a3e17831c2d0bcca5897c5b,SO73954,9,BC-R205,1,9,5cbbe853aa1a5a1370f9a614904c4b15
13155,d3c54b4368c62c2ff11535bf2b677170,41464bd548f06ca845208f69df30ac82,SO54320,48,GL-H102-L,2,48,da9c4ba6c9a1ae8725389bfd38b5763a
13155,d3c54b4368c62c2ff11535bf2b677170,41464bd548f06ca845208f69df30ac82,SO54320,105,HL-U509-B,3,105,da9c4ba6c9a1ae8725389bfd38b5763a
13155,d3c54b4368c62c2ff11535bf2b677170,41464bd548f06ca845208f69df30ac82,SO54320,25,TI-M267,1,25,da9c4ba6c9a1ae8725389bfd38b5763a
13156,d7f57f35d2bad1349ca24a67a2635eea,5432d51ee94799c0125bb158c8a8bd22,SO74029,565,BK-M18S-48,1,565,1ba7e8cdf85da6cf5e11554703236b52
13156,d7f57f35d2bad1349ca24a67a2635eea,5432d51ee94799c0125bb158c8a8bd22,SO74029,2,PK-7098,1,2,1ba7e8cdf85da6cf5e11554703236b52
13156,d7f57f35d2bad1349ca24a67a2635eea,5432d51ee94799c0125bb158c8a8bd22,SO74029,25,TI-M267,1,25,1ba7e8cdf85da6cf5e11554703236b52
13156,dc4e871b1fb11890821e8f8192f25df1,0cae3b8f778ef4612ed00352a284e421,SO48622,4142,BK-M68S-46,2,4142,2f1c6881a8aee249301a33785404cd23
13157,40eee601514259a9632d510ca71226cc,8babade0595c11e14dd89058a850f2cd,SO74420,105,HL-U509-R,3,105,982b3b4109cce5d4e5bf1fcbe0ae259b
13157,6582aa26281b9a92ad60e6a03e274c00,232e830f1ac667c081eaaca23cdf9b5f,SO65398,25,TI-M267,1,25,18f358e551b5b85912bc952ab9894c0d
13158,705fa39ab40831529471c768490339ab,63efdd3324df66c9965bd622cdebe06a,SO68819,9,BC-R205,1,9,4584ca349e0920f4436a3c2f36158b85
13158,705fa39ab40831529471c768490339ab,63efdd3324df66c9965bd622cdebe06a,SO68819,55,HY-1023-70,1,55,4584ca349e0920f4436a3c2f36158b85
13158,705fa39ab40831529471c768490339ab,63efdd3324df66c9965bd622cdebe06a,SO68819,9,SO-R809-L,1,9,4584ca349e0920f4436a3c2f36158b85
13158,705fa39ab40831529471c768490339ab,63efdd3324df66c9965bd622cdebe06a,SO68819,5,WB-H098,1,5,4584ca349e0920f4436a3c2f36158b85
13158,e5114f65ece65e14e7b721dab1e674e0,c7390752782466cfc9a3ed7d3a79e046,SO68686,27,CA-1098,3,27,fe1fd19c021e78ec395980c2e347865e
13158,e5114f65ece65e14e7b721dab1e674e0,c7390752782466cfc9a3ed7d3a79e046,SO68686,70,SH-W890-L,1,70,fe1fd19c021e78ec395980c2e347865e
13158,f799d104dd23bb828dcdaaefc4d25b61,ca510b577b53d588f80b4fc76030ea52,SO52285,105,HL-U509,3,105,cfceb7490eff6e660974507be7c579c6
13158,f799d104dd23bb828dcdaaefc4d25b61,ca510b577b53d588f80b4fc76030ea52,SO52285,25,TI-M267,1,25,cfceb7490eff6e660974507be7c579c6
13158,f799d104dd23bb828dcdaaefc4d25b61,ca510b577b53d588f80b4fc76030ea52,SO52285,5,TT-M928,1,5,cfceb7490eff6e660974507be7c579c6
13159,2296af5563b2061aa1d88124a37eecb7,6866da5d40f1aad2d82129d5ffa25bda,SO66520,9,BC-R205,1,9,05e7920e8caf0303dc01b77666952b75
13159,2296af5563b2061aa1d88124a37eecb7,6866da5d40f1aad2d82129d5ffa25bda,SO66520,105,HL-U509-B,3,105,05e7920e8caf0303dc01b77666952b75
13159,2296af5563b2061aa1d88124a37eecb7,6866da5d40f1aad2d82129d5ffa25bda,SO66520,5,WB-H098,1,5,05e7920e8caf0303dc01b77666952b75
13159,5432d51ee94799c0125bb158c8a8bd22,545a3d56d20b22e09aa85bfa5ed8738d,SO73101,8,CL-9009,1,8,9592b44e2c3f304a9875f45537bec6eb
13159,5432d51ee94799c0125bb158c8a8bd22,545a3d56d20b22e09aa85bfa5ed8738d,SO73101,2,PK-7098,1,2,9592b44e2c3f304a9875f45537bec6eb
13159,5432d51ee94799c0125bb158c8a8bd22,545a3d56d20b22e09aa85bfa5ed8738d,SO73101,25,TI-M267,1,25,9592b44e2c3f304a9875f45537bec6eb
13159,870bd4f3713260418e4f342f31dc7e33,94c60e0b5e2b0f78b919a5d4c67d70a2,SO62883,70,SH-W890-L,1,70,2fe1a028f9398deb2efcd536c8246fae
13159,870bd4f3713260418e4f342f31dc7e33,94c60e0b5e2b0f78b919a5d4c67d70a2,SO62883,54,SJ-0194-X,1,54,2fe1a028f9398deb2efcd536c8246fae
13160,5881f2ec92a43470fcbe3d3477a2a1fe,fc92d87f5fdfc4fdb58244cc592e3788,SO48681,4142,BK-M68S-38,2,4142,4d547de074f47405ab655adca639c8c2
13160,8f472ffe3ff3109f420ae91355ff8f3f,e0cd1349b4c6e1b5f14ed427e358c2d0,SO71217,9,BC-R205,1,9,8fa3bab223bec6501ad71f96bb1067b6
13160,8f472ffe3ff3109f420ae91355ff8f3f,e0cd1349b4c6e1b5f14ed427e358c2d0,SO71217,2384,BK-T79Y-46,1,2384,8fa3bab223bec6501ad71f96bb1067b6
13160,b210069485754303767745919c328b97,305c66634c155cab2b5cc3ce00351eb1,SO62864,4640,BK-M68S-38,2,4640,5efefff01843f5aa3f7d8a4d44b4bf2e
13160,b210069485754303767745919c328b97,305c66634c155cab2b5cc3ce00351eb1,SO62864,55,HY-1023-70,1,55,5efefff01843f5aa3f7d8a4d44b4bf2e
13161,8f472ffe3ff3109f420ae91355ff8f3f,e0cd1349b4c6e1b5f14ed427e358c2d0,SO71186,4640,BK-M68S-38,2,4640,8fa3bab223bec6501ad71f96bb1067b6
13161,8f472ffe3ff3109f420ae91355ff8f3f,e0cd1349b4c6e1b5f14ed427e358c2d0,SO71186,22,FE-6654,1,22,8fa3bab223bec6501ad71f96bb1067b6
13161,de3a4af731cd077daa2beb37e580c57f,4a318fb9cfbe73b094d25673d3ce9e38,SO46772,4364,BK-R89B-48,2,4364,3509cccaf2642efa12aab8da9ba03c1f
13162,db2f6a564b6f5f41253c68874b50962b,76918877cf6ce7011018cd9708723392,SO62269,22,FE-6654,1,22,606ed413481267c98754e3351f662859
13162,db2f6a564b6f5f41253c68874b50962b,76918877cf6ce7011018cd9708723392,SO62269,64,VE-C304-S,1,64,606ed413481267c98754e3351f662859
13163,e7df1b3ee078bdcfc260a877f321287d,4dbf892d41ae205f6e36838031cff786,SO59110,22,FE-6654,1,22,478ecc8cdaa127c33884d9f6c72c2cd5
13163,e7df1b3ee078bdcfc260a877f321287d,4dbf892d41ae205f6e36838031cff786,SO59110,9,SO-R809-M,1,9,478ecc8cdaa127c33884d9f6c72c2cd5
13164,4cc27df81afd686c0420394e090460cb,39ff8ac1e8a44088f96e17b846ec8baf,SO61300,10,BC-M005,1,10,6477c205c5117a9448ba863e111acf32
13164,4cc27df81afd686c0420394e090460cb,39ff8ac1e8a44088f96e17b846ec8baf,SO61300,22,FE-6654,1,22,6477c205c5117a9448ba863e111acf32
13164,4cc27df81afd686c0420394e090460cb,39ff8ac1e8a44088f96e17b846ec8baf,SO61300,64,VE-C304-S,1,64,6477c205c5117a9448ba863e111acf32
13164,4cc27df81afd686c0420394e090460cb,39ff8ac1e8a44088f96e17b846ec8baf,SO61300,5,WB-H098,1,5,6477c205c5117a9448ba863e111acf32
13165,1556bafff387fc8f2f6fef64c1daa6bc,8728a5e296f39e49d2fa74c31820e99f,SO70504,4640,BK-M68S-46,2,4640,e871b36e68b0b3d0af9c742d81fef27a
13165,afdb67129022ab285264def615fa587a,d6cafebfd2db462e512bc5b597cf9232,SO46814,4364,BK-R89R-58,2,4364,de3a4af731cd077daa2beb37e580c57f
13166,6e5c4b769f8f70f9fd01b24ba5be9695,40e7dd73b09eac540e790daf6fac41af,SO54861,22,FE-6654,1,22,106dfbaf552c07a1b08d065f2c343982
13166,6e5c4b769f8f70f9fd01b24ba5be9695,40e7dd73b09eac540e790daf6fac41af,SO54861,150,LJ-0192-M,3,150,106dfbaf552c07a1b08d065f2c343982
13167,86bfb8ffc7a79e52d833cedce4d275bf,962bae2fb03296a3b9cacabfa929322c,SO70207,2,PK-7098,1,2,ec24e4cf9fcc90f3bbe81b2fb3735c21
13167,86bfb8ffc7a79e52d833cedce4d275bf,962bae2fb03296a3b9cacabfa929322c,SO70207,35,TI-M823,1,35,ec24e4cf9fcc90f3bbe81b2fb3735c21
13167,86bfb8ffc7a79e52d833cedce4d275bf,962bae2fb03296a3b9cacabfa929322c,SO70207,5,TT-M928,1,5,ec24e4cf9fcc90f3bbe81b2fb3735c21
13168,caa707f97407c07371136aaf471a91d4,4efe8b2ca156042f8a3d8dd6aba54520,SO67125,105,HL-U509,3,105,058af5b2a408d57b708367e5bf4e9d9c
13168,caa707f97407c07371136aaf471a91d4,4efe8b2ca156042f8a3d8dd6aba54520,SO67125,35,TI-M823,1,35,058af5b2a408d57b708367e5bf4e9d9c
13168,caa707f97407c07371136aaf471a91d4,4efe8b2ca156042f8a3d8dd6aba54520,SO67125,5,TT-M928,1,5,058af5b2a408d57b708367e5bf4e9d9c
13169,254d832c83ccdb2c33eab65a4fd196ff,75fe8d7dec9d2a51be64595ab37dc674,SO59538,22,FE-6654,1,22,4a800301260b2639fa1ec3efafb5f86c
13169,254d832c83ccdb2c33eab65a4fd196ff,75fe8d7dec9d2a51be64595ab37dc674,SO59538,150,LJ-0192-L,3,150,4a800301260b2639fa1ec3efafb5f86c
13169,c135545cc3f3a739132ffdbc8096f3d4,36ab6f1df21f3c9a169c8942e981959a,SO68412,120,RA-H123,1,120,511572e8a25e86c2f48ae9e6d73a1e6a
13170,cae5717327bee7d74e261c550aa5081f,18025e6a8791d350428f65c0783ebd99,SO56736,22,FE-6654,1,22,ed268f8f3837888893f896b7240f1254
13170,cae5717327bee7d74e261c550aa5081f,18025e6a8791d350428f65c0783ebd99,SO56736,105,HL-U509-R,3,105,ed268f8f3837888893f896b7240f1254
13170,cae5717327bee7d74e261c550aa5081f,18025e6a8791d350428f65c0783ebd99,SO56736,54,SJ-0194-S,1,54,ed268f8f3837888893f896b7240f1254
13170,d8a4ea0dc4237ee8690ee37b3902fd0e,0c8ff735cb2b05718573c08173335fd4,SO55143,120,RA-H123,1,120,fef3080ec197edd1a04bb18afd31d16d
13171,9a95fdf4e925d9cbd65f87b5aa4ac212,478ecc8cdaa127c33884d9f6c72c2cd5,SO59616,22,FE-6654,1,22,9e8cbc3edbb5efb3f48d6afb260e4725
13171,9a95fdf4e925d9cbd65f87b5aa4ac212,478ecc8cdaa127c33884d9f6c72c2cd5,SO59616,150,LJ-0192-S,3,150,9e8cbc3edbb5efb3f48d6afb260e4725
13171,db2b287636ac5ebda430de4f3f643b24,7af7abc5e37d5fa2e2334b4fec2584e2,SO51968,120,RA-H123,1,120,bee2b842cd357511cf4c8e509f5af192
13172,7e15f50bd26e439e6a22f5205a8064db,a1d0c0a14c6c8f8a8ef8220209c23a64,SO67879,22,FE-6654,1,22,702a02712215141594ddf8e52b0a651c
13172,7e15f50bd26e439e6a22f5205a8064db,a1d0c0a14c6c8f8a8ef8220209c23a64,SO67879,2,PK-7098,1,2,702a02712215141594ddf8e52b0a651c
13172,db10519e66d9a7b809b91935ad1a696d,d7f57f35d2bad1349ca24a67a2635eea,SO74470,120,RA-H123,1,120,6583882ca853d66524856501b27519f5
13173,de3a4af731cd077daa2beb37e580c57f,4a318fb9cfbe73b094d25673d3ce9e38,SO46773,4364,BK-R89R-58,2,4364,3509cccaf2642efa12aab8da9ba03c1f
13173,ed268f8f3837888893f896b7240f1254,a9cefc49af6424b430612adfc69876ee,SO56471,4640,BK-M68S-46,2,4640,6353a8421ee460b64f2c988cc72a8391
13173,ed268f8f3837888893f896b7240f1254,a9cefc49af6424b430612adfc69876ee,SO56471,22,FE-6654,1,22,6353a8421ee460b64f2c988cc72a8391
13173,ed268f8f3837888893f896b7240f1254,a9cefc49af6424b430612adfc69876ee,SO56471,48,GL-H102-S,2,48,6353a8421ee460b64f2c988cc72a8391
13173,ed268f8f3837888893f896b7240f1254,a9cefc49af6424b430612adfc69876ee,SO56471,150,LJ-0192-L,3,150,6353a8421ee460b64f2c988cc72a8391
13174,100acb16459de9c5ebfc99be9a36afbe,72171e6e7eab0887133ec8422525979d,SO46841,4364,BK-R89R-58,2,4364,aa4ae995295bc6ee1d97c709a638619d
13174,5691ac18f59a9af20f9d8703772afbba,d8a4ea0dc4237ee8690ee37b3902fd0e,SO55956,4640,BK-M68S-46,2,4640,bc761b2b7297029a695fbd6dd0470724
13174,5691ac18f59a9af20f9d8703772afbba,d8a4ea0dc4237ee8690ee37b3902fd0e,SO55956,22,FE-6654,1,22,bc761b2b7297029a695fbd6dd0470724
13174,5691ac18f59a9af20f9d8703772afbba,d8a4ea0dc4237ee8690ee37b3902fd0e,SO55956,105,HL-U509-R,3,105,bc761b2b7297029a695fbd6dd0470724
13175,60b901e6d879ccf3b3246e54133acee5,01e8942a5792053a553c4612bd6c06a6,SO75075,105,HL-U509-B,3,105,021d7f51f97fea2b23b069288066b34d
13175,60b901e6d879ccf3b3246e54133acee5,01e8942a5792053a553c4612bd6c06a6,SO75075,150,LJ-0192-M,3,150,021d7f51f97fea2b23b069288066b34d
13175,60b901e6d879ccf3b3246e54133acee5,01e8942a5792053a553c4612bd6c06a6,SO75075,30,TI-M602,1,30,021d7f51f97fea2b23b069288066b34d
13175,60b901e6d879ccf3b3246e54133acee5,01e8942a5792053a553c4612bd6c06a6,SO75075,5,TT-M928,1,5,021d7f51f97fea2b23b069288066b34d
13175,6477c205c5117a9448ba863e111acf32,c926349b55a58d87d7d5008c349fd1e9,SO60864,105,HL-U509-B,3,105,013f173c58073e845f675d26fdde1918
13175,6477c205c5117a9448ba863e111acf32,c926349b55a58d87d7d5008c349fd1e9,SO60864,5,WB-H098,1,5,013f173c58073e845f675d26fdde1918
13175,8e8847c1bdf012037ee13bb62da8a5c1,c507827aa5f4f6bbedf64058461c621b,SO67224,10,BC-M005,1,10,6dd75c28a9a8a39e02bc0a175f82a9f3
13175,8e8847c1bdf012037ee13bb62da8a5c1,c507827aa5f4f6bbedf64058461c621b,SO67224,150,LJ-0192-M,3,150,6dd75c28a9a8a39e02bc0a175f82a9f3
13175,8e8847c1bdf012037ee13bb62da8a5c1,c507827aa5f4f6bbedf64058461c621b,SO67224,5,WB-H098,1,5,6dd75c28a9a8a39e02bc0a175f82a9f3
13175,fee8e08233f3f00450bce31967abb0f1,331afa0aff1b1cfbf3d24944ab38c9d2,SO70561,22,FE-6654,1,22,86bfb8ffc7a79e52d833cedce4d275bf
13175,fee8e08233f3f00450bce31967abb0f1,331afa0aff1b1cfbf3d24944ab38c9d2,SO70561,35,TI-M823,1,35,86bfb8ffc7a79e52d833cedce4d275bf
13175,fee8e08233f3f00450bce31967abb0f1,331afa0aff1b1cfbf3d24944ab38c9d2,SO70561,5,TT-M928,1,5,86bfb8ffc7a79e52d833cedce4d275bf
13176,4ceff7612cfa4420892fe23b23ca9265,5691ac18f59a9af20f9d8703772afbba,SO56582,10,BC-M005,1,10,089c2a426c196c5ca5facb20896c90bb
13176,4ceff7612cfa4420892fe23b23ca9265,5691ac18f59a9af20f9d8703772afbba,SO56582,4590,BK-M68B-42,2,4590,089c2a426c196c5ca5facb20896c90bb
13176,4ceff7612cfa4420892fe23b23ca9265,5691ac18f59a9af20f9d8703772afbba,SO56582,5,WB-H098,1,5,089c2a426c196c5ca5facb20896c90bb
13176,7f9d156e18f1be5abef55a22081e71ce,7dcc4d0bd00b29e904618bdf6adc66e9,SO46923,2443,BK-R89R-48,1,2443,65b64297f0421f6e057524afb222b411
13177,493ae116dff448cca13e0d6443b3c3c2,579ccf7535264274969f909add894a18,SO46912,4364,BK-R89B-52,2,4364,72514ec24cd9e6144a04f1abf93e0b08
13177,4ceff7612cfa4420892fe23b23ca9265,5691ac18f59a9af20f9d8703772afbba,SO56583,4590,BK-M68B-46,2,4590,089c2a426c196c5ca5facb20896c90bb
13177,4ceff7612cfa4420892fe23b23ca9265,5691ac18f59a9af20f9d8703772afbba,SO56583,22,FE-6654,1,22,089c2a426c196c5ca5facb20896c90bb
13178,089c2a426c196c5ca5facb20896c90bb,bc761b2b7297029a695fbd6dd0470724,SO56315,4590,BK-M68B-42,2,4590,55f9f4cb5784581a517e59904e0d5e2f
13178,089c2a426c196c5ca5facb20896c90bb,bc761b2b7297029a695fbd6dd0470724,SO56315,22,FE-6654,1,22,55f9f4cb5784581a517e59904e0d5e2f
13178,c75ebcb138485ff2faa2ca7c6dda6bf5,ebce0865da088132946764a3527b5a4e,SO46784,4364,BK-R89B-48,2,4364,72171e6e7eab0887133ec8422525979d
13179,427ed6396fba4ed8ead9ec3229517d2b,3519c8eb4095dbc69d80eb61856d3435,SO56242,10,BC-M005,1,10,629ffff971d10f275a79a70fae527fbc
13179,427ed6396fba4ed8ead9ec3229517d2b,3519c8eb4095dbc69d80eb61856d3435,SO56242,8,CL-9009,1,8,629ffff971d10f275a79a70fae527fbc
13179,427ed6396fba4ed8ead9ec3229517d2b,3519c8eb4095dbc69d80eb61856d3435,SO56242,55,HY-1023-70,1,55,629ffff971d10f275a79a70fae527fbc
13179,427ed6396fba4ed8ead9ec3229517d2b,3519c8eb4095dbc69d80eb61856d3435,SO56242,5,WB-H098,1,5,629ffff971d10f275a79a70fae527fbc
13179,56d78836c9cf0de136c4d2d37aba2280,ba19c22033aaecc6c5dad47f63e5858c,SO63973,2,PK-7098,1,2,8c9ec1be720ee75d56d0c250d10610fa
13179,56d78836c9cf0de136c4d2d37aba2280,ba19c22033aaecc6c5dad47f63e5858c,SO63973,35,TI-M823,1,35,8c9ec1be720ee75d56d0c250d10610fa
13179,56d78836c9cf0de136c4d2d37aba2280,ba19c22033aaecc6c5dad47f63e5858c,SO63973,5,TT-M928,1,5,8c9ec1be720ee75d56d0c250d10610fa
13179,a048b8d5f3f9178f163e2be055f0138b,c83e871e48c2716e0f28e60d166a5c98,SO72985,105,HL-U509-B,3,105,41ef6b06b63ba4f6a5234245a439b157
13179,a048b8d5f3f9178f163e2be055f0138b,c83e871e48c2716e0f28e60d166a5c98,SO72985,5,WB-H098,1,5,41ef6b06b63ba4f6a5234245a439b157
13179,a6d37e298c3042e300813f55a17e0875,99b7e934795a93975a5e0c0b9b57d9ba,SO64631,30,TI-M602,1,30,b0241b451647f25db5f52074445d820c
13180,a1fedb8f5f2e08543339a5f167bee6b7,8b9fe4b34e3c54f08bfcac3d9691e260,SO64951,120,RA-H123,1,120,4eec6eda382b9c44e240ad4b4b5e9cc0
13180,b0b2c17e5682f78d8fc262463fd0a4f3,375bde15092f45652b6398c1dff650d0,SO57994,22,FE-6654,1,22,5e1b952a22eccca86f7f056a9efb42a4
13180,b0b2c17e5682f78d8fc262463fd0a4f3,375bde15092f45652b6398c1dff650d0,SO57994,48,GL-H102-L,2,48,5e1b952a22eccca86f7f056a9efb42a4
13180,b0b2c17e5682f78d8fc262463fd0a4f3,375bde15092f45652b6398c1dff650d0,SO57994,105,HL-U509-B,3,105,5e1b952a22eccca86f7f056a9efb42a4
13181,106dfbaf552c07a1b08d065f2c343982,3f20f21c57e09a6c071e44d1fe74b58a,SO54530,27,CA-1098,3,27,dba3e44e23a1d2c2f299811e94db7fce
13181,106dfbaf552c07a1b08d065f2c343982,3f20f21c57e09a6c071e44d1fe74b58a,SO54530,120,RA-H123,1,120,dba3e44e23a1d2c2f299811e94db7fce
13181,99c8f306659fd98cbb9d7f03ec0c2a7a,705fa39ab40831529471c768490339ab,SO69909,22,FE-6654,1,22,fff3c307c93eda1eb91d53ca588846fe
13181,99c8f306659fd98cbb9d7f03ec0c2a7a,705fa39ab40831529471c768490339ab,SO69909,105,HL-U509-B,3,105,fff3c307c93eda1eb91d53ca588846fe
13182,b322422d9a721bbdefa133133dd407c1,07b7d2aed13a63a16377587dcc0abbe8,SO66862,10,BC-M005,1,10,2296af5563b2061aa1d88124a37eecb7
13182,b322422d9a721bbdefa133133dd407c1,07b7d2aed13a63a16377587dcc0abbe8,SO66862,27,CA-1098,3,27,2296af5563b2061aa1d88124a37eecb7
13182,b322422d9a721bbdefa133133dd407c1,07b7d2aed13a63a16377587dcc0abbe8,SO66862,22,FE-6654,1,22,2296af5563b2061aa1d88124a37eecb7
13182,b322422d9a721bbdefa133133dd407c1,07b7d2aed13a63a16377587dcc0abbe8,SO66862,5,WB-H098,1,5,2296af5563b2061aa1d88124a37eecb7
13182,e366e24b8ad0b1107528f2f58cd15a81,921bc92a493b53f98f24e6a8a12801be,SO72440,120,RA-H123,1,120,c83e871e48c2716e0f28e60d166a5c98
13183,d8a4ea0dc4237ee8690ee37b3902fd0e,0c8ff735cb2b05718573c08173335fd4,SO55172,22,FE-6654,1,22,fef3080ec197edd1a04bb18afd31d16d
13183,d8a4ea0dc4237ee8690ee37b3902fd0e,0c8ff735cb2b05718573c08173335fd4,SO55172,54,SJ-0194-L,1,54,fef3080ec197edd1a04bb18afd31d16d
13183,dba3e44e23a1d2c2f299811e94db7fce,51c449e55b4a63a16fb45beb689150d5,SO54258,120,RA-H123,1,120,226d694fb4b7f71d62444f9528be8704
13184,545a3d56d20b22e09aa85bfa5ed8738d,31c99d724c1f182c60edb82eb4740277,SO72190,120,RA-H123,1,120,a9cd7a99d71cca9cb644010050374ade
13184,66e56e10b0f528b66a45e307ecdf4774,691ad1b0dca3643b923973defd014d47,SO68591,10,BC-M005,1,10,8eb7a1b0dba9fdd5f4248b9cb6b9119b
13184,66e56e10b0f528b66a45e307ecdf4774,691ad1b0dca3643b923973defd014d47,SO68591,22,FE-6654,1,22,8eb7a1b0dba9fdd5f4248b9cb6b9119b
13184,66e56e10b0f528b66a45e307ecdf4774,691ad1b0dca3643b923973defd014d47,SO68591,64,VE-C304-M,1,64,8eb7a1b0dba9fdd5f4248b9cb6b9119b
13184,66e56e10b0f528b66a45e307ecdf4774,691ad1b0dca3643b923973defd014d47,SO68591,5,WB-H098,1,5,8eb7a1b0dba9fdd5f4248b9cb6b9119b
13185,106dfbaf552c07a1b08d065f2c343982,3f20f21c57e09a6c071e44d1fe74b58a,SO54552,10,BC-M005,1,10,dba3e44e23a1d2c2f299811e94db7fce
13185,106dfbaf552c07a1b08d065f2c343982,3f20f21c57e09a6c071e44d1fe74b58a,SO54552,55,HY-1023-70,1,55,dba3e44e23a1d2c2f299811e94db7fce
13185,106dfbaf552c07a1b08d065f2c343982,3f20f21c57e09a6c071e44d1fe74b58a,SO54552,5,WB-H098,1,5,dba3e44e23a1d2c2f299811e94db7fce
13185,5abaefcc8525a8f4cfd95cba9e926532,fde67888c64f701b59876ec559099b3e,SO57653,5,WB-H098,1,5,73b2264d673ee7b5b2e7e165020516ac
13185,5efefff01843f5aa3f7d8a4d44b4bf2e,922d04aa1f67bbe0270bfad98508f43e,SO62551,33,TI-R982,1,33,db2f6a564b6f5f41253c68874b50962b
13185,a189cc17a15cdb4e39e80dfcd8374c76,b0b2c17e5682f78d8fc262463fd0a4f3,SO58673,2,PK-7098,1,2,244cede513841376c37dc856f2f5e7b9
13185,a189cc17a15cdb4e39e80dfcd8374c76,b0b2c17e5682f78d8fc262463fd0a4f3,SO58673,35,TI-M823,1,35,244cede513841376c37dc856f2f5e7b9
13185,a189cc17a15cdb4e39e80dfcd8374c76,b0b2c17e5682f78d8fc262463fd0a4f3,SO58673,5,TT-M928,1,5,244cede513841376c37dc856f2f5e7b9
13186,5e1b952a22eccca86f7f056a9efb42a4,a8ef76a01442567fb64eb6f4408a9835,SO57724,22,FE-6654,1,22,40883861f6e25a2e09e848a7891f4f38
13187,0e23f371129aecc6b2033620b226f8d7,fda052162862bb845297063fd71a580c,SO57224,8,CL-9009,1,8,40ff348468b73116a7077c246985e0bf
13187,0e23f371129aecc6b2033620b226f8d7,fda052162862bb845297063fd71a580c,SO57224,22,FE-6654,1,22,40ff348468b73116a7077c246985e0bf
13188,8eb7a1b0dba9fdd5f4248b9cb6b9119b,9f1ff00ea8fd9fd8f2d421ba5ec45a18,SO68238,22,FE-6654,1,22,c7390752782466cfc9a3ed7d3a79e046
13188,8eb7a1b0dba9fdd5f4248b9cb6b9119b,9f1ff00ea8fd9fd8f2d421ba5ec45a18,SO68238,105,HL-U509,3,105,c7390752782466cfc9a3ed7d3a79e046
13189,6353a8421ee460b64f2c988cc72a8391,59c3d64cb01cd5ad7fd25246d81a55ff,SO56214,4640,BK-M68S-42,2,4640,5691ac18f59a9af20f9d8703772afbba
13189,6353a8421ee460b64f2c988cc72a8391,59c3d64cb01cd5ad7fd25246d81a55ff,SO56214,2,PK-7098,1,2,5691ac18f59a9af20f9d8703772afbba
13189,d1638c6e02871b5c4957d2fe848b551a,d3fa88b8a081356f91911e74ecf7e481,SO46868,2443,BK-R89R-48,1,2443,579ccf7535264274969f909add894a18
13190,c75ebcb138485ff2faa2ca7c6dda6bf5,ebce0865da088132946764a3527b5a4e,SO46785,4364,BK-R89B-44,2,4364,72171e6e7eab0887133ec8422525979d
13190,d76e0ba1fa041675ae9af958c5b41ae4,b988e88fd94a3b47434beeb650cff880,SO56998,4640,BK-M68S-42,2,4640,cae5717327bee7d74e261c550aa5081f
13191,6582aa26281b9a92ad60e6a03e274c00,232e830f1ac667c081eaaca23cdf9b5f,SO65430,22,FE-6654,1,22,18f358e551b5b85912bc952ab9894c0d
13191,6582aa26281b9a92ad60e6a03e274c00,232e830f1ac667c081eaaca23cdf9b5f,SO65430,48,GL-H102-S,2,48,18f358e551b5b85912bc952ab9894c0d
13192,e84848120190a8d0e696fbeb15647a74,fff3c307c93eda1eb91d53ca588846fe,SO70419,22,FE-6654,1,22,f544b472453b297a8b55709fbfd3746d
13192,e84848120190a8d0e696fbeb15647a74,fff3c307c93eda1eb91d53ca588846fe,SO70419,105,HL-U509-R,3,105,f544b472453b297a8b55709fbfd3746d
13193,f8025d3776b5f7522a6120cb4e9e0783,2d6e054ac82934d489c58cc8399a1628,SO61631,22,FE-6654,1,22,d945ec2aae74dbfb829453026b91c235
13193,f8025d3776b5f7522a6120cb4e9e0783,2d6e054ac82934d489c58cc8399a1628,SO61631,150,LJ-0192-S,3,150,d945ec2aae74dbfb829453026b91c235
13194,cd15e5f80ff20dd345bfaa51400dd0d6,3a2f313512bb520c43971e54ba834dec,SO66682,22,FE-6654,1,22,4efe8b2ca156042f8a3d8dd6aba54520
13194,cd15e5f80ff20dd345bfaa51400dd0d6,3a2f313512bb520c43971e54ba834dec,SO66682,105,HL-U509-R,3,105,4efe8b2ca156042f8a3d8dd6aba54520
13195,5691ac18f59a9af20f9d8703772afbba,d8a4ea0dc4237ee8690ee37b3902fd0e,SO55950,22,FE-6654,1,22,bc761b2b7297029a695fbd6dd0470724
13195,5691ac18f59a9af20f9d8703772afbba,d8a4ea0dc4237ee8690ee37b3902fd0e,SO55950,150,LJ-0192-L,3,150,bc761b2b7297029a695fbd6dd0470724
13196,b34050290c25b0f7b52a2b8f767df87d,caa707f97407c07371136aaf471a91d4,SO68004,22,FE-6654,1,22,36ab6f1df21f3c9a169c8942e981959a
13196,b34050290c25b0f7b52a2b8f767df87d,caa707f97407c07371136aaf471a91d4,SO68004,105,HL-U509,3,105,36ab6f1df21f3c9a169c8942e981959a
13197,05e7920e8caf0303dc01b77666952b75,eea5b3bd1bd5d5c62a1d22f78d3ba263,SO66229,5,WB-H098,1,5,3a2f313512bb520c43971e54ba834dec
13197,1556bafff387fc8f2f6fef64c1daa6bc,8728a5e296f39e49d2fa74c31820e99f,SO70497,8,CL-9009,1,8,e871b36e68b0b3d0af9c742d81fef27a
13197,1556bafff387fc8f2f6fef64c1daa6bc,8728a5e296f39e49d2fa74c31820e99f,SO70497,2,PK-7098,1,2,e871b36e68b0b3d0af9c742d81fef27a
13197,1556bafff387fc8f2f6fef64c1daa6bc,8728a5e296f39e49d2fa74c31820e99f,SO70497,35,TI-M823,1,35,e871b36e68b0b3d0af9c742d81fef27a
13197,1556bafff387fc8f2f6fef64c1daa6bc,8728a5e296f39e49d2fa74c31820e99f,SO70497,5,TT-M928,1,5,e871b36e68b0b3d0af9c742d81fef27a
13197,a9cefc49af6424b430612adfc69876ee,d34ba8f5d7fd7d5959a34c283fbec422,SO55840,10,BC-M005,1,10,59c3d64cb01cd5ad7fd25246d81a55ff
13197,a9cefc49af6424b430612adfc69876ee,d34ba8f5d7fd7d5959a34c283fbec422,SO55840,105,HL-U509,3,105,59c3d64cb01cd5ad7fd25246d81a55ff
13197,a9cefc49af6424b430612adfc69876ee,d34ba8f5d7fd7d5959a34c283fbec422,SO55840,5,WB-H098,1,5,59c3d64cb01cd5ad7fd25246d81a55ff
13198,714597fe9448176d17876617114a65bc,d6ec5bff1a0809822c740ce35792fa7a,SO53210,55,HY-1023-70,1,55,3143ce3c6436ed5bd25398756b7b661d
13198,714597fe9448176d17876617114a65bc,d6ec5bff1a0809822c740ce35792fa7a,SO53210,5,WB-H098,1,5,3143ce3c6436ed5bd25398756b7b661d
13198,8e8847c1bdf012037ee13bb62da8a5c1,c507827aa5f4f6bbedf64058461c621b,SO67225,10,BC-M005,1,10,6dd75c28a9a8a39e02bc0a175f82a9f3
13198,8e8847c1bdf012037ee13bb62da8a5c1,c507827aa5f4f6bbedf64058461c621b,SO67225,5,WB-H098,1,5,6dd75c28a9a8a39e02bc0a175f82a9f3
13198,dba3e44e23a1d2c2f299811e94db7fce,51c449e55b4a63a16fb45beb689150d5,SO54295,35,TI-M823,1,35,226d694fb4b7f71d62444f9528be8704
13198,dba3e44e23a1d2c2f299811e94db7fce,51c449e55b4a63a16fb45beb689150d5,SO54295,5,TT-M928,1,5,226d694fb4b7f71d62444f9528be8704
13199,361e2c62255e0c1887ac2139911ca300,20b5e9ce0f87defd975a322149ec8cc6,SO51897,10,BC-M005,1,10,eedd9be5500334505ed9d4aef801ac3d
13199,361e2c62255e0c1887ac2139911ca300,20b5e9ce0f87defd975a322149ec8cc6,SO51897,8,CL-9009,1,8,eedd9be5500334505ed9d4aef801ac3d
13199,361e2c62255e0c1887ac2139911ca300,20b5e9ce0f87defd975a322149ec8cc6,SO51897,5,WB-H098,1,5,eedd9be5500334505ed9d4aef801ac3d
13199,6d1d8a1c7851eb5a946d45009cea6d9f,3f0c8308e4e2e5c4ddc1b7e19304f613,SO65717,2,PK-7098,1,2,6582aa26281b9a92ad60e6a03e274c00
13199,6d1d8a1c7851eb5a946d45009cea6d9f,3f0c8308e4e2e5c4ddc1b7e19304f613,SO65717,35,TI-M823,1,35,6582aa26281b9a92ad60e6a03e274c00
13199,6d1d8a1c7851eb5a946d45009cea6d9f,3f0c8308e4e2e5c4ddc1b7e19304f613,SO65717,5,TT-M928,1,5,6582aa26281b9a92ad60e6a03e274c00
13199,c7390752782466cfc9a3ed7d3a79e046,0001ffe4d82d0d8f9fec5ab0b4faa2db,SO67926,105,HL-U509,3,105,16e364d19895243407b256ec272d5394
13199,c7390752782466cfc9a3ed7d3a79e046,0001ffe4d82d0d8f9fec5ab0b4faa2db,SO67926,5,WB-H098,1,5,16e364d19895243407b256ec272d5394
13200,1556bafff387fc8f2f6fef64c1daa6bc,8728a5e296f39e49d2fa74c31820e99f,SO70499,22,FE-6654,1,22,e871b36e68b0b3d0af9c742d81fef27a
13200,1556bafff387fc8f2f6fef64c1daa6bc,8728a5e296f39e49d2fa74c31820e99f,SO70499,2,PK-7098,1,2,e871b36e68b0b3d0af9c742d81fef27a
13201,c4369eefdf9bb8a3f9115e96b40aaf17,b34050290c25b0f7b52a2b8f767df87d,SO68758,10,BC-M005,1,10,c135545cc3f3a739132ffdbc8096f3d4
13201,db2f6a564b6f5f41253c68874b50962b,76918877cf6ce7011018cd9708723392,SO62258,8,CL-9009,1,8,606ed413481267c98754e3351f662859
13201,db2f6a564b6f5f41253c68874b50962b,76918877cf6ce7011018cd9708723392,SO62258,5,WB-H098,1,5,606ed413481267c98754e3351f662859
13201,e366e24b8ad0b1107528f2f58cd15a81,921bc92a493b53f98f24e6a8a12801be,SO72478,8,CL-9009,1,8,c83e871e48c2716e0f28e60d166a5c98
13201,e366e24b8ad0b1107528f2f58cd15a81,921bc92a493b53f98f24e6a8a12801be,SO72478,2,PK-7098,1,2,c83e871e48c2716e0f28e60d166a5c98
13201,e366e24b8ad0b1107528f2f58cd15a81,921bc92a493b53f98f24e6a8a12801be,SO72478,35,TI-M823,1,35,c83e871e48c2716e0f28e60d166a5c98
13201,e366e24b8ad0b1107528f2f58cd15a81,921bc92a493b53f98f24e6a8a12801be,SO72478,5,TT-M928,1,5,c83e871e48c2716e0f28e60d166a5c98
13202,3c1811b546060d91957cc446aabc4a3c,3c4bf68562424c26986beae6ce13704a,SO55721,4640,BK-M68S-38,2,4640,3c8e2c51453f4d665f1050da871dead6
13202,3c1811b546060d91957cc446aabc4a3c,3c4bf68562424c26986beae6ce13704a,SO55721,22,FE-6654,1,22,3c8e2c51453f4d665f1050da871dead6
13202,3c1811b546060d91957cc446aabc4a3c,3c4bf68562424c26986beae6ce13704a,SO55721,105,HL-U509-R,3,105,3c8e2c51453f4d665f1050da871dead6
13202,d3fa88b8a081356f91911e74ecf7e481,4593d632f4e33a6fedc30d17cbdc0c29,SO46763,4364,BK-R89B-48,2,4364,bea2034ab47ba6f72c2dea803bbc3328
13203,1678083e7ff90bd404baad3f60bffa37,7b0730955172ecda497d7cca6b1d87a1,SO55794,10,BC-M005,1,10,73a69a5c77a7d23172e54d7ce07a638e
13203,1678083e7ff90bd404baad3f60bffa37,7b0730955172ecda497d7cca6b1d87a1,SO55794,4590,BK-M68B-38,2,4590,73a69a5c77a7d23172e54d7ce07a638e
13203,1678083e7ff90bd404baad3f60bffa37,7b0730955172ecda497d7cca6b1d87a1,SO55794,5,WB-H098,1,5,73a69a5c77a7d23172e54d7ce07a638e
13203,7f9d156e18f1be5abef55a22081e71ce,7dcc4d0bd00b29e904618bdf6adc66e9,SO46924,4364,BK-R89B-48,2,4364,65b64297f0421f6e057524afb222b411
13204,f544b472453b297a8b55709fbfd3746d,70951886788165a5e2439adfce4d0cce,SO70058,22,FE-6654,1,22,331afa0aff1b1cfbf3d24944ab38c9d2
13204,f544b472453b297a8b55709fbfd3746d,70951886788165a5e2439adfce4d0cce,SO70058,120,RA-H123,1,120,331afa0aff1b1cfbf3d24944ab38c9d2
13205,4ceff7612cfa4420892fe23b23ca9265,5691ac18f59a9af20f9d8703772afbba,SO56584,10,BC-M005,1,10,089c2a426c196c5ca5facb20896c90bb
13205,4ceff7612cfa4420892fe23b23ca9265,5691ac18f59a9af20f9d8703772afbba,SO56584,4590,BK-M68B-46,2,4590,089c2a426c196c5ca5facb20896c90bb
13205,4ceff7612cfa4420892fe23b23ca9265,5691ac18f59a9af20f9d8703772afbba,SO56584,55,HY-1023-70,1,55,089c2a426c196c5ca5facb20896c90bb
13205,a74d75778ebcaa9a01805f980ea906db,288d3167bf0dc7676963fa7998052f54,SO46859,2443,BK-R89R-52,1,2443,afdb67129022ab285264def615fa587a
13206,15aceb75d86814cb479f1b1a9487c3d4,f799d104dd23bb828dcdaaefc4d25b61,SO52901,10,BC-M005,1,10,072bf847aeeee970f66483e596496cd9
13206,15aceb75d86814cb479f1b1a9487c3d4,f799d104dd23bb828dcdaaefc4d25b61,SO52901,55,HY-1023-70,1,55,072bf847aeeee970f66483e596496cd9
13206,15aceb75d86814cb479f1b1a9487c3d4,f799d104dd23bb828dcdaaefc4d25b61,SO52901,5,WB-H098,1,5,072bf847aeeee970f66483e596496cd9
13206,94c60e0b5e2b0f78b919a5d4c67d70a2,0d15ba5aa4c9ad0377b26e0cf7a86280,SO62208,10,BC-M005,1,10,9913e55755fcc4267a06c1e6adbbc7fb
13206,94c60e0b5e2b0f78b919a5d4c67d70a2,0d15ba5aa4c9ad0377b26e0cf7a86280,SO62208,27,CA-1098,3,27,9913e55755fcc4267a06c1e6adbbc7fb
13206,94c60e0b5e2b0f78b919a5d4c67d70a2,0d15ba5aa4c9ad0377b26e0cf7a86280,SO62208,22,FE-6654,1,22,9913e55755fcc4267a06c1e6adbbc7fb
13206,94c60e0b5e2b0f78b919a5d4c67d70a2,0d15ba5aa4c9ad0377b26e0cf7a86280,SO62208,35,TI-M823,1,35,9913e55755fcc4267a06c1e6adbbc7fb
13206,94c60e0b5e2b0f78b919a5d4c67d70a2,0d15ba5aa4c9ad0377b26e0cf7a86280,SO62208,5,TT-M928,1,5,9913e55755fcc4267a06c1e6adbbc7fb
13206,94c60e0b5e2b0f78b919a5d4c67d70a2,0d15ba5aa4c9ad0377b26e0cf7a86280,SO62208,5,WB-H098,1,5,9913e55755fcc4267a06c1e6adbbc7fb
13206,e2f0a420a4c1a9e8e292761f835e0489,4eec6eda382b9c44e240ad4b4b5e9cc0,SO65583,2,PK-7098,1,2,9d934f91c460e9947414d00048f2fa36
13206,e2f0a420a4c1a9e8e292761f835e0489,4eec6eda382b9c44e240ad4b4b5e9cc0,SO65583,5,WB-H098,1,5,9d934f91c460e9947414d00048f2fa36
13207,7e15f50bd26e439e6a22f5205a8064db,a1d0c0a14c6c8f8a8ef8220209c23a64,SO67881,22,FE-6654,1,22,702a02712215141594ddf8e52b0a651c
13207,7e15f50bd26e439e6a22f5205a8064db,a1d0c0a14c6c8f8a8ef8220209c23a64,SO67881,64,VE-C304-L,1,64,702a02712215141594ddf8e52b0a651c
13208,55f9f4cb5784581a517e59904e0d5e2f,9b6872ca1d80024637e967d1066bba0a,SO56058,4590,BK-M68B-46,2,4590,1678083e7ff90bd404baad3f60bffa37
13208,55f9f4cb5784581a517e59904e0d5e2f,9b6872ca1d80024637e967d1066bba0a,SO56058,105,HL-U509-B,3,105,1678083e7ff90bd404baad3f60bffa37
13208,55f9f4cb5784581a517e59904e0d5e2f,9b6872ca1d80024637e967d1066bba0a,SO56058,35,TI-M823,1,35,1678083e7ff90bd404baad3f60bffa37
13208,55f9f4cb5784581a517e59904e0d5e2f,9b6872ca1d80024637e967d1066bba0a,SO56058,5,TT-M928,1,5,1678083e7ff90bd404baad3f60bffa37
13208,e348aa55d5b10dd2c23ab2b7ce7e1e5f,700b2fdf8bbe790f020e8c6fb93a2d71,SO46692,2443,BK-R89R-48,1,2443,b9edfdebe9fb3fad4862841e57e559d8
13209,eea5b3bd1bd5d5c62a1d22f78d3ba263,c87874400b9f907bdf9ea37d75a4b341,SO65491,4640,BK-M68S-46,2,4640,a1fedb8f5f2e08543339a5f167bee6b7
13210,1556bafff387fc8f2f6fef64c1daa6bc,8728a5e296f39e49d2fa74c31820e99f,SO70505,4640,BK-M68S-42,2,4640,e871b36e68b0b3d0af9c742d81fef27a
13210,e348aa55d5b10dd2c23ab2b7ce7e1e5f,700b2fdf8bbe790f020e8c6fb93a2d71,SO46693,4364,BK-R89B-44,2,4364,b9edfdebe9fb3fad4862841e57e559d8
13211,8592725b85eec4822018b8728dd5b88d,88d8e3ff674b1514a19b24621707f0d9,SO74839,22,FE-6654,1,22,56e52500a7f5ab963646137a401683cd
13211,8592725b85eec4822018b8728dd5b88d,88d8e3ff674b1514a19b24621707f0d9,SO74839,9,SO-R809-M,1,9,56e52500a7f5ab963646137a401683cd
13212,493ae116dff448cca13e0d6443b3c3c2,579ccf7535264274969f909add894a18,SO46913,4364,BK-R89B-48,2,4364,72514ec24cd9e6144a04f1abf93e0b08
13212,e0cd1349b4c6e1b5f14ed427e358c2d0,f06fd077b6afc2d69af6e1e548da266d,SO70353,4640,BK-M68S-46,2,4640,b95a9f47dd73bb9b799a31ae04ee7da1
13212,e0cd1349b4c6e1b5f14ed427e358c2d0,f06fd077b6afc2d69af6e1e548da266d,SO70353,8,CL-9009,1,8,b95a9f47dd73bb9b799a31ae04ee7da1
13212,e0cd1349b4c6e1b5f14ed427e358c2d0,f06fd077b6afc2d69af6e1e548da266d,SO70353,55,HY-1023-70,1,55,b95a9f47dd73bb9b799a31ae04ee7da1
13213,da9c4ba6c9a1ae8725389bfd38b5763a,3e48b2167bd86ef570e46d0b286c4f74,SO54081,22,FE-6654,1,22,9223b53f03a405f817e91392f0294f6a
13214,100feae0ab76bce714e9670fc87cdb42,541309d30f5cea4d94f655886354e3fd,SO46793,4364,BK-R89B-48,2,4364,fd2d4f3c923f907724bbdb60a26a944e
13214,e0cd1349b4c6e1b5f14ed427e358c2d0,f06fd077b6afc2d69af6e1e548da266d,SO70355,4640,BK-M68S-42,2,4640,b95a9f47dd73bb9b799a31ae04ee7da1
13215,d4746e41b619da57ee9f1a2e2cc254e8,81a5d08c6beaeec9e42baae5d63dd780,SO64099,10,BC-M005,1,10,23bd9a9b90557e9da7babfb8e3d2df22
13215,d4746e41b619da57ee9f1a2e2cc254e8,81a5d08c6beaeec9e42baae5d63dd780,SO64099,22,FE-6654,1,22,23bd9a9b90557e9da7babfb8e3d2df22
13215,d4746e41b619da57ee9f1a2e2cc254e8,81a5d08c6beaeec9e42baae5d63dd780,SO64099,105,HL-U509,3,105,23bd9a9b90557e9da7babfb8e3d2df22
13215,d4746e41b619da57ee9f1a2e2cc254e8,81a5d08c6beaeec9e42baae5d63dd780,SO64099,5,WB-H098,1,5,23bd9a9b90557e9da7babfb8e3d2df22
13216,5abaefcc8525a8f4cfd95cba9e926532,fde67888c64f701b59876ec559099b3e,SO57660,22,FE-6654,1,22,73b2264d673ee7b5b2e7e165020516ac
13216,5abaefcc8525a8f4cfd95cba9e926532,fde67888c64f701b59876ec559099b3e,SO57660,48,GL-H102-S,2,48,73b2264d673ee7b5b2e7e165020516ac
13216,5abaefcc8525a8f4cfd95cba9e926532,fde67888c64f701b59876ec559099b3e,SO57660,150,LJ-0192-S,3,150,73b2264d673ee7b5b2e7e165020516ac
13217,2296af5563b2061aa1d88124a37eecb7,6866da5d40f1aad2d82129d5ffa25bda,SO66543,4590,BK-M68B-42,2,4590,05e7920e8caf0303dc01b77666952b75
13217,2296af5563b2061aa1d88124a37eecb7,6866da5d40f1aad2d82129d5ffa25bda,SO66543,22,FE-6654,1,22,05e7920e8caf0303dc01b77666952b75
13217,2296af5563b2061aa1d88124a37eecb7,6866da5d40f1aad2d82129d5ffa25bda,SO66543,105,HL-U509-R,3,105,05e7920e8caf0303dc01b77666952b75
13218,99c8f306659fd98cbb9d7f03ec0c2a7a,705fa39ab40831529471c768490339ab,SO69910,22,FE-6654,1,22,fff3c307c93eda1eb91d53ca588846fe
13218,99c8f306659fd98cbb9d7f03ec0c2a7a,705fa39ab40831529471c768490339ab,SO69910,64,VE-C304-M,1,64,fff3c307c93eda1eb91d53ca588846fe
13219,691ad1b0dca3643b923973defd014d47,6dd75c28a9a8a39e02bc0a175f82a9f3,SO67813,22,FE-6654,1,22,9f1ff00ea8fd9fd8f2d421ba5ec45a18
13220,73a69a5c77a7d23172e54d7ce07a638e,5a06908cc28b799b04fc1c47664462e6,SO55491,4640,BK-M68S-42,2,4640,41fc4cb27e0ee552c4c9247e1a476cc5
13220,73a69a5c77a7d23172e54d7ce07a638e,5a06908cc28b799b04fc1c47664462e6,SO55491,22,FE-6654,1,22,41fc4cb27e0ee552c4c9247e1a476cc5
13220,73a69a5c77a7d23172e54d7ce07a638e,5a06908cc28b799b04fc1c47664462e6,SO55491,159,ST-1401,1,159,41fc4cb27e0ee552c4c9247e1a476cc5
13220,e348aa55d5b10dd2c23ab2b7ce7e1e5f,700b2fdf8bbe790f020e8c6fb93a2d71,SO46694,4364,BK-R89B-44,2,4364,b9edfdebe9fb3fad4862841e57e559d8
13221,c6dec085564ebca8c2e300f077425d2f,fd2d4f3c923f907724bbdb60a26a944e,SO46850,2443,BK-R89R-52,1,2443,1786ecaa04cd18d45fa6519a0c4a5c4a
13221,cae5717327bee7d74e261c550aa5081f,18025e6a8791d350428f65c0783ebd99,SO56738,4590,BK-M68B-38,2,4590,ed268f8f3837888893f896b7240f1254
13221,cae5717327bee7d74e261c550aa5081f,18025e6a8791d350428f65c0783ebd99,SO56738,22,FE-6654,1,22,ed268f8f3837888893f896b7240f1254
13221,cae5717327bee7d74e261c550aa5081f,18025e6a8791d350428f65c0783ebd99,SO56738,105,HL-U509-R,3,105,ed268f8f3837888893f896b7240f1254
13222,5e1b952a22eccca86f7f056a9efb42a4,a8ef76a01442567fb64eb6f4408a9835,SO57713,10,BC-M005,1,10,40883861f6e25a2e09e848a7891f4f38
13222,5e1b952a22eccca86f7f056a9efb42a4,a8ef76a01442567fb64eb6f4408a9835,SO57713,48,GL-H102-M,2,48,40883861f6e25a2e09e848a7891f4f38
13222,5e1b952a22eccca86f7f056a9efb42a4,a8ef76a01442567fb64eb6f4408a9835,SO57713,105,HL-U509-B,3,105,40883861f6e25a2e09e848a7891f4f38
13222,5e1b952a22eccca86f7f056a9efb42a4,a8ef76a01442567fb64eb6f4408a9835,SO57713,5,WB-H098,1,5,40883861f6e25a2e09e848a7891f4f38
13222,6e5c4b769f8f70f9fd01b24ba5be9695,40e7dd73b09eac540e790daf6fac41af,SO54846,27,CA-1098,3,27,106dfbaf552c07a1b08d065f2c343982
13222,6e5c4b769f8f70f9fd01b24ba5be9695,40e7dd73b09eac540e790daf6fac41af,SO54846,5,WB-H098,1,5,106dfbaf552c07a1b08d065f2c343982
13222,86bfb8ffc7a79e52d833cedce4d275bf,962bae2fb03296a3b9cacabfa929322c,SO70209,22,FE-6654,1,22,ec24e4cf9fcc90f3bbe81b2fb3735c21
13222,86bfb8ffc7a79e52d833cedce4d275bf,962bae2fb03296a3b9cacabfa929322c,SO70209,35,TI-M823,1,35,ec24e4cf9fcc90f3bbe81b2fb3735c21
13222,86bfb8ffc7a79e52d833cedce4d275bf,962bae2fb03296a3b9cacabfa929322c,SO70209,5,TT-M928,1,5,ec24e4cf9fcc90f3bbe81b2fb3735c21
13223,962bae2fb03296a3b9cacabfa929322c,0da2bc000f1fe4ea8746f9aea0bb5879,SO69126,22,FE-6654,1,22,c4369eefdf9bb8a3f9115e96b40aaf17
13223,962bae2fb03296a3b9cacabfa929322c,0da2bc000f1fe4ea8746f9aea0bb5879,SO69126,105,HL-U509-R,3,105,c4369eefdf9bb8a3f9115e96b40aaf17
13224,6eaadc1181f307997dc853d9ed40db36,0814775cfc25da756a9b4197347ab771,SO58524,4590,BK-M68B-46,2,4590,4dbf892d41ae205f6e36838031cff786
13224,6eaadc1181f307997dc853d9ed40db36,0814775cfc25da756a9b4197347ab771,SO58524,48,GL-H102-M,2,48,4dbf892d41ae205f6e36838031cff786
13224,6eaadc1181f307997dc853d9ed40db36,0814775cfc25da756a9b4197347ab771,SO58524,105,HL-U509,3,105,4dbf892d41ae205f6e36838031cff786
13224,72514ec24cd9e6144a04f1abf93e0b08,c75ebcb138485ff2faa2ca7c6dda6bf5,SO46879,4364,BK-R89B-58,2,4364,100acb16459de9c5ebfc99be9a36afbe
13225,a9cd7a99d71cca9cb644010050374ade,3db19f5f710f10e90ecc7154c649d60a,SO71746,4640,BK-M68S-46,2,4640,128ee9ff420de424a605a0ee4a6f7916
13225,a9cd7a99d71cca9cb644010050374ade,3db19f5f710f10e90ecc7154c649d60a,SO71746,2,PK-7098,1,2,128ee9ff420de424a605a0ee4a6f7916
13225,de3a4af731cd077daa2beb37e580c57f,4a318fb9cfbe73b094d25673d3ce9e38,SO46774,4364,BK-R89B-48,2,4364,3509cccaf2642efa12aab8da9ba03c1f
13226,3509cccaf2642efa12aab8da9ba03c1f,0e3f5655bf7de733060720a9c9e92669,SO46735,4364,BK-R89R-58,2,4364,541309d30f5cea4d94f655886354e3fd
13226,d5985f40495ba672dff8a99620b879c8,a9adf65abbb865184bf924d14a93d0c4,SO71541,4640,BK-M68S-42,2,4640,8f472ffe3ff3109f420ae91355ff8f3f
13226,d5985f40495ba672dff8a99620b879c8,a9adf65abbb865184bf924d14a93d0c4,SO71541,8,CL-9009,1,8,8f472ffe3ff3109f420ae91355ff8f3f
13226,d5985f40495ba672dff8a99620b879c8,a9adf65abbb865184bf924d14a93d0c4,SO71541,55,HY-1023-70,1,55,8f472ffe3ff3109f420ae91355ff8f3f
13227,6353a8421ee460b64f2c988cc72a8391,59c3d64cb01cd5ad7fd25246d81a55ff,SO56211,22,FE-6654,1,22,5691ac18f59a9af20f9d8703772afbba
13227,6353a8421ee460b64f2c988cc72a8391,59c3d64cb01cd5ad7fd25246d81a55ff,SO56211,150,LJ-0192-L,3,150,5691ac18f59a9af20f9d8703772afbba
13228,b210069485754303767745919c328b97,305c66634c155cab2b5cc3ce00351eb1,SO62848,22,FE-6654,1,22,5efefff01843f5aa3f7d8a4d44b4bf2e
13228,b210069485754303767745919c328b97,305c66634c155cab2b5cc3ce00351eb1,SO62848,105,HL-U509,3,105,5efefff01843f5aa3f7d8a4d44b4bf2e
13229,0d15ba5aa4c9ad0377b26e0cf7a86280,b21e833d3ead6056f1265f13fe1ff015,SO61464,22,FE-6654,1,22,4a70a3ec50fd16032883bf6fc79c55dd
13230,5e1b952a22eccca86f7f056a9efb42a4,a8ef76a01442567fb64eb6f4408a9835,SO57728,4640,BK-M68S-42,2,4640,40883861f6e25a2e09e848a7891f4f38
13230,5e1b952a22eccca86f7f056a9efb42a4,a8ef76a01442567fb64eb6f4408a9835,SO57728,22,FE-6654,1,22,40883861f6e25a2e09e848a7891f4f38
13230,5e1b952a22eccca86f7f056a9efb42a4,a8ef76a01442567fb64eb6f4408a9835,SO57728,120,RA-H123,1,120,40883861f6e25a2e09e848a7891f4f38
13230,afdb67129022ab285264def615fa587a,d6cafebfd2db462e512bc5b597cf9232,SO46816,2443,BK-R89R-52,1,2443,de3a4af731cd077daa2beb37e580c57f
13231,2296af5563b2061aa1d88124a37eecb7,6866da5d40f1aad2d82129d5ffa25bda,SO66525,27,CA-1098,3,27,05e7920e8caf0303dc01b77666952b75
13231,2296af5563b2061aa1d88124a37eecb7,6866da5d40f1aad2d82129d5ffa25bda,SO66525,105,HL-U509-R,3,105,05e7920e8caf0303dc01b77666952b75
13231,2296af5563b2061aa1d88124a37eecb7,6866da5d40f1aad2d82129d5ffa25bda,SO66525,150,LJ-0192-S,3,150,05e7920e8caf0303dc01b77666952b75
13231,2296af5563b2061aa1d88124a37eecb7,6866da5d40f1aad2d82129d5ffa25bda,SO66525,29,TI-T723,1,29,05e7920e8caf0303dc01b77666952b75
13231,2296af5563b2061aa1d88124a37eecb7,6866da5d40f1aad2d82129d5ffa25bda,SO66525,5,TT-T092,1,5,05e7920e8caf0303dc01b77666952b75
13231,73b2264d673ee7b5b2e7e165020516ac,4ceff7612cfa4420892fe23b23ca9265,SO57405,105,HL-U509-B,3,105,8d71482745a6a1be4fbbc5562ade4657
13231,73b2264d673ee7b5b2e7e165020516ac,4ceff7612cfa4420892fe23b23ca9265,SO57405,35,TI-M823,1,35,8d71482745a6a1be4fbbc5562ade4657
13231,73b2264d673ee7b5b2e7e165020516ac,4ceff7612cfa4420892fe23b23ca9265,SO57405,5,TT-M928,1,5,8d71482745a6a1be4fbbc5562ade4657
13231,cae5717327bee7d74e261c550aa5081f,18025e6a8791d350428f65c0783ebd99,SO56716,30,TI-M602,1,30,ed268f8f3837888893f896b7240f1254
13231,d4746e41b619da57ee9f1a2e2cc254e8,81a5d08c6beaeec9e42baae5d63dd780,SO64085,10,BC-M005,1,10,23bd9a9b90557e9da7babfb8e3d2df22
13231,d4746e41b619da57ee9f1a2e2cc254e8,81a5d08c6beaeec9e42baae5d63dd780,SO64085,5,WB-H098,1,5,23bd9a9b90557e9da7babfb8e3d2df22
13232,3a2f313512bb520c43971e54ba834dec,a1fedb8f5f2e08543339a5f167bee6b7,SO65926,22,FE-6654,1,22,e2f0a420a4c1a9e8e292761f835e0489
13233,79c5eb49b683e206aa6d5b40f84c60eb,9b657dcbee0478c7d9be871266f00f1f,SO47260,4364,BK-R89B-48,2,4364,f459baa887e18a3fb6af0118506f75a6
13233,b95a9f47dd73bb9b799a31ae04ee7da1,175a5d217fad85df9f6639d7ced1e5d9,SO69985,4590,BK-M68B-38,2,4590,8728a5e296f39e49d2fa74c31820e99f
13233,b95a9f47dd73bb9b799a31ae04ee7da1,175a5d217fad85df9f6639d7ced1e5d9,SO69985,22,FE-6654,1,22,8728a5e296f39e49d2fa74c31820e99f
13233,b95a9f47dd73bb9b799a31ae04ee7da1,175a5d217fad85df9f6639d7ced1e5d9,SO69985,105,HL-U509,3,105,8728a5e296f39e49d2fa74c31820e99f
13233,b95a9f47dd73bb9b799a31ae04ee7da1,175a5d217fad85df9f6639d7ced1e5d9,SO69985,54,SJ-0194-S,1,54,8728a5e296f39e49d2fa74c31820e99f
13234,cfceb7490eff6e660974507be7c579c6,01eb8a9956865747637639482336f5f8,SO52055,10,BC-M005,1,10,e5bf4a4a03e320ed76cf2ca68fa5b4c0
13234,cfceb7490eff6e660974507be7c579c6,01eb8a9956865747637639482336f5f8,SO52055,22,FE-6654,1,22,e5bf4a4a03e320ed76cf2ca68fa5b4c0
13234,cfceb7490eff6e660974507be7c579c6,01eb8a9956865747637639482336f5f8,SO52055,5,WB-H098,1,5,e5bf4a4a03e320ed76cf2ca68fa5b4c0
13235,3143ce3c6436ed5bd25398756b7b661d,6be9692276a308e4b872323af1ad8fe2,SO52951,22,FE-6654,1,22,ad4fbe0c82c7e5968d4cf22c2ad19e28
13235,3143ce3c6436ed5bd25398756b7b661d,6be9692276a308e4b872323af1ad8fe2,SO52951,105,HL-U509-B,3,105,ad4fbe0c82c7e5968d4cf22c2ad19e28
13236,c4369eefdf9bb8a3f9115e96b40aaf17,b34050290c25b0f7b52a2b8f767df87d,SO68779,22,FE-6654,1,22,c135545cc3f3a739132ffdbc8096f3d4
13237,ab4946738415af86b5e3cee69b13301f,ed268f8f3837888893f896b7240f1254,SO57287,10,BC-M005,1,10,fde67888c64f701b59876ec559099b3e
13237,ab4946738415af86b5e3cee69b13301f,ed268f8f3837888893f896b7240f1254,SO57287,4640,BK-M68S-46,2,4640,fde67888c64f701b59876ec559099b3e
13237,ab4946738415af86b5e3cee69b13301f,ed268f8f3837888893f896b7240f1254,SO57287,5,WB-H098,1,5,fde67888c64f701b59876ec559099b3e
13237,ff865f6f4949cd6d631d069a4268d9aa,021a9f9ff27cc992988201b84cae392f,SO47228,4364,BK-R89B-48,2,4364,b5bd60d2c998267a6b6a11a2521b0b65
13238,0df76889b3e31ccfd17b50cc73baef03,debbb2493c6588799fc787e1854bcda5,SO58811,4590,BK-M68B-46,2,4590,6eaadc1181f307997dc853d9ed40db36
13238,0df76889b3e31ccfd17b50cc73baef03,debbb2493c6588799fc787e1854bcda5,SO58811,105,HL-U509-R,3,105,6eaadc1181f307997dc853d9ed40db36
13238,74b4466b347c60a98e00951770d7b9a2,6fc36aded95458634a0e8ab8b9ebc24a,SO47139,4364,BK-R89B-48,2,4364,84fa845331bd2bc65a54c460e17483e0
13239,0da2bc000f1fe4ea8746f9aea0bb5879,702a02712215141594ddf8e52b0a651c,SO68293,2,PK-7098,1,2,b34050290c25b0f7b52a2b8f767df87d
13239,0da2bc000f1fe4ea8746f9aea0bb5879,702a02712215141594ddf8e52b0a651c,SO68293,30,TI-M602,1,30,b34050290c25b0f7b52a2b8f767df87d
13239,0da2bc000f1fe4ea8746f9aea0bb5879,702a02712215141594ddf8e52b0a651c,SO68293,5,TT-M928,1,5,b34050290c25b0f7b52a2b8f767df87d
13239,5cbbe853aa1a5a1370f9a614904c4b15,86e0fc464cbb08ae74bd039224afec9a,SO73596,10,BC-M005,1,10,47a161474962a6dcc03cfa64127a641f
13239,5cbbe853aa1a5a1370f9a614904c4b15,86e0fc464cbb08ae74bd039224afec9a,SO73596,5,WB-H098,1,5,47a161474962a6dcc03cfa64127a641f
13239,75fe8d7dec9d2a51be64595ab37dc674,ef5bad66aa19ccfb82cacb73584b83ea,SO58567,48,GL-H102-M,2,48,23f22724b430320654759f8512440ebc
13239,75fe8d7dec9d2a51be64595ab37dc674,ef5bad66aa19ccfb82cacb73584b83ea,SO58567,105,HL-U509-B,3,105,23f22724b430320654759f8512440ebc
13239,75fe8d7dec9d2a51be64595ab37dc674,ef5bad66aa19ccfb82cacb73584b83ea,SO58567,35,TI-M823,1,35,23f22724b430320654759f8512440ebc
13239,75fe8d7dec9d2a51be64595ab37dc674,ef5bad66aa19ccfb82cacb73584b83ea,SO58567,5,TT-M928,1,5,23f22724b430320654759f8512440ebc
13239,c5ed53572c667b119dde2fc0f54de602,0d3057f268050d468f468434f8ec809a,SO72804,29,TI-T723,1,29,e366e24b8ad0b1107528f2f58cd15a81
13239,c5ed53572c667b119dde2fc0f54de602,0d3057f268050d468f468434f8ec809a,SO72804,5,TT-T092,1,5,e366e24b8ad0b1107528f2f58cd15a81
13240,eea5b3bd1bd5d5c62a1d22f78d3ba263,c87874400b9f907bdf9ea37d75a4b341,SO65486,22,FE-6654,1,22,a1fedb8f5f2e08543339a5f167bee6b7
13241,6d1d8a1c7851eb5a946d45009cea6d9f,3f0c8308e4e2e5c4ddc1b7e19304f613,SO65723,4590,BK-M68B-42,2,4590,6582aa26281b9a92ad60e6a03e274c00
13241,6d1d8a1c7851eb5a946d45009cea6d9f,3f0c8308e4e2e5c4ddc1b7e19304f613,SO65723,22,FE-6654,1,22,6582aa26281b9a92ad60e6a03e274c00
13241,6d1d8a1c7851eb5a946d45009cea6d9f,3f0c8308e4e2e5c4ddc1b7e19304f613,SO65723,9,SO-R809-M,1,9,6582aa26281b9a92ad60e6a03e274c00
13242,63efdd3324df66c9965bd622cdebe06a,7acd252f45ad6fe668386456a673d543,SO68059,22,FE-6654,1,22,6e32728b966bb91cefefa1316da21ca8
13242,63efdd3324df66c9965bd622cdebe06a,7acd252f45ad6fe668386456a673d543,SO68059,105,HL-U509-B,3,105,6e32728b966bb91cefefa1316da21ca8
13243,41c97bac51d5ee4cfce0cfa86385fdbe,7afee94d3e6bff4193546ca658f9d3bf,SO47131,4364,BK-R89R-58,2,4364,8799729d3a89b836b7fb8096b7f545c8
13243,640540d73b85c3ecd2e3bf5541686e87,eba6cab7267f82e3b2a063d5ea445bb9,SO58759,10,BC-M005,1,10,d630b2db6e8046e30b4728ca862ba4e1
13243,640540d73b85c3ecd2e3bf5541686e87,eba6cab7267f82e3b2a063d5ea445bb9,SO58759,4640,BK-M68S-42,2,4640,d630b2db6e8046e30b4728ca862ba4e1
13244,511572e8a25e86c2f48ae9e6d73a1e6a,8e8847c1bdf012037ee13bb62da8a5c1,SO68128,22,FE-6654,1,22,691ad1b0dca3643b923973defd014d47
13244,511572e8a25e86c2f48ae9e6d73a1e6a,8e8847c1bdf012037ee13bb62da8a5c1,SO68128,48,GL-H102-L,2,48,691ad1b0dca3643b923973defd014d47
13244,511572e8a25e86c2f48ae9e6d73a1e6a,8e8847c1bdf012037ee13bb62da8a5c1,SO68128,105,HL-U509-B,3,105,691ad1b0dca3643b923973defd014d47
13245,2ed3972e38245b633ec6b146c2970148,6477c205c5117a9448ba863e111acf32,SO61691,22,FE-6654,1,22,2becb9647677a1a316b388bbad689580
13245,2ed3972e38245b633ec6b146c2970148,6477c205c5117a9448ba863e111acf32,SO61691,48,GL-H102-S,2,48,2becb9647677a1a316b388bbad689580
13246,368bf74b3769bb91f49d30908786b862,100acb16459de9c5ebfc99be9a36afbe,SO47068,2443,BK-R89R-52,1,2443,7afee94d3e6bff4193546ca658f9d3bf
13246,58c4ce5b9433e7b6d41793d5a76d5590,1556bafff387fc8f2f6fef64c1daa6bc,SO71327,10,BC-M005,1,10,fd5ba6fdeb81e07b2caf0b103489bd8d
13246,58c4ce5b9433e7b6d41793d5a76d5590,1556bafff387fc8f2f6fef64c1daa6bc,SO71327,4640,BK-M68S-42,2,4640,fd5ba6fdeb81e07b2caf0b103489bd8d
13246,58c4ce5b9433e7b6d41793d5a76d5590,1556bafff387fc8f2f6fef64c1daa6bc,SO71327,105,HL-U509-B,3,105,fd5ba6fdeb81e07b2caf0b103489bd8d
13246,58c4ce5b9433e7b6d41793d5a76d5590,1556bafff387fc8f2f6fef64c1daa6bc,SO71327,5,WB-H098,1,5,fd5ba6fdeb81e07b2caf0b103489bd8d
13247,93292bf41ccb6542d121825f25cbf70b,84fa845331bd2bc65a54c460e17483e0,SO47200,4364,BK-R89B-44,2,4364,402c87e1893d53d9506b00bc7914b980
13247,fd5ba6fdeb81e07b2caf0b103489bd8d,e871b36e68b0b3d0af9c742d81fef27a,SO70992,4590,BK-M68B-46,2,4590,17520f5649fab40fb66771362888cb90
13247,fd5ba6fdeb81e07b2caf0b103489bd8d,e871b36e68b0b3d0af9c742d81fef27a,SO70992,22,FE-6654,1,22,17520f5649fab40fb66771362888cb90
13247,fd5ba6fdeb81e07b2caf0b103489bd8d,e871b36e68b0b3d0af9c742d81fef27a,SO70992,150,LJ-0192-S,3,150,17520f5649fab40fb66771362888cb90
13248,540c97e65b08aac734db0196254259fd,c6dec085564ebca8c2e300f077425d2f,SO47078,4364,BK-R89B-48,2,4364,6fc36aded95458634a0e8ab8b9ebc24a
13248,86bfb8ffc7a79e52d833cedce4d275bf,962bae2fb03296a3b9cacabfa929322c,SO70217,10,BC-M005,1,10,ec24e4cf9fcc90f3bbe81b2fb3735c21
13248,86bfb8ffc7a79e52d833cedce4d275bf,962bae2fb03296a3b9cacabfa929322c,SO70217,4590,BK-M68B-42,2,4590,ec24e4cf9fcc90f3bbe81b2fb3735c21
13248,86bfb8ffc7a79e52d833cedce4d275bf,962bae2fb03296a3b9cacabfa929322c,SO70217,5,WB-H098,1,5,ec24e4cf9fcc90f3bbe81b2fb3735c21
13249,5efefff01843f5aa3f7d8a4d44b4bf2e,922d04aa1f67bbe0270bfad98508f43e,SO62568,2384,BK-T79Y-54,1,2384,db2f6a564b6f5f41253c68874b50962b
13249,5efefff01843f5aa3f7d8a4d44b4bf2e,922d04aa1f67bbe0270bfad98508f43e,SO62568,54,SJ-0194-S,1,54,db2f6a564b6f5f41253c68874b50962b
13249,629ffff971d10f275a79a70fae527fbc,d6ab5a0eee939524352092b964d92b84,SO56006,4640,BK-M68S-38,2,4640,3c1811b546060d91957cc446aabc4a3c
13249,629ffff971d10f275a79a70fae527fbc,d6ab5a0eee939524352092b964d92b84,SO56006,2,PK-7098,1,2,3c1811b546060d91957cc446aabc4a3c
13249,629ffff971d10f275a79a70fae527fbc,d6ab5a0eee939524352092b964d92b84,SO56006,35,TI-M823,1,35,3c1811b546060d91957cc446aabc4a3c
13250,de22d232bbe84481579f6252f1e7091d,cae5717327bee7d74e261c550aa5081f,SO57578,4640,BK-M68S-46,2,4640,ab4946738415af86b5e3cee69b13301f
13250,ee76080374845c1990834952499ba763,402c87e1893d53d9506b00bc7914b980,SO47265,4364,BK-R89B-48,2,4364,d6e34f14e6924cef6c0e043d6ab84346
13251,485ae69515bc4c60ef546ff289741f60,40ff348468b73116a7077c246985e0bf,SO57632,2384,BK-T79Y-46,1,2384,375bde15092f45652b6398c1dff650d0
13251,485ae69515bc4c60ef546ff289741f60,40ff348468b73116a7077c246985e0bf,SO57632,55,HY-1023-70,1,55,375bde15092f45652b6398c1dff650d0
13251,485ae69515bc4c60ef546ff289741f60,40ff348468b73116a7077c246985e0bf,SO57632,29,TI-T723,1,29,375bde15092f45652b6398c1dff650d0
13251,485ae69515bc4c60ef546ff289741f60,40ff348468b73116a7077c246985e0bf,SO57632,5,TT-T092,1,5,375bde15092f45652b6398c1dff650d0
13251,cbb00636032a355ee463d321ac8ee9fb,f8fc91862dc66c3aaaa0e65ff94d1479,SO50379,4098,BK-M68B-38,2,4098,f1877c1756a68271d12db39ddc87dad7
13251,d76e0ba1fa041675ae9af958c5b41ae4,b988e88fd94a3b47434beeb650cff880,SO56960,4640,BK-M68S-38,2,4640,cae5717327bee7d74e261c550aa5081f
13251,d76e0ba1fa041675ae9af958c5b41ae4,b988e88fd94a3b47434beeb650cff880,SO56960,2,PK-7098,1,2,cae5717327bee7d74e261c550aa5081f
13252,4dbf892d41ae205f6e36838031cff786,de22d232bbe84481579f6252f1e7091d,SO58196,4590,BK-M68B-46,2,4590,3fbd0407b55d3a3da21388a2ddbf881c
13252,4dbf892d41ae205f6e36838031cff786,de22d232bbe84481579f6252f1e7091d,SO58196,105,HL-U509-B,3,105,3fbd0407b55d3a3da21388a2ddbf881c
13252,5e1b952a22eccca86f7f056a9efb42a4,a8ef76a01442567fb64eb6f4408a9835,SO57746,2384,BK-T79U-46,1,2384,40883861f6e25a2e09e848a7891f4f38
13252,5e1b952a22eccca86f7f056a9efb42a4,a8ef76a01442567fb64eb6f4408a9835,SO57746,105,HL-U509,3,105,40883861f6e25a2e09e848a7891f4f38
13252,7f480de9e8eb6071d108895ecf71651d,af04e65ff21d922e75b51466fd45d408,SO50477,4142,BK-M68S-46,2,4142,727839743fd8ddb93101d7c79edd3f76
13253,640540d73b85c3ecd2e3bf5541686e87,eba6cab7267f82e3b2a063d5ea445bb9,SO58774,9,BC-R205,1,9,d630b2db6e8046e30b4728ca862ba4e1
13253,640540d73b85c3ecd2e3bf5541686e87,eba6cab7267f82e3b2a063d5ea445bb9,SO58774,2384,BK-T79Y-60,1,2384,d630b2db6e8046e30b4728ca862ba4e1
13253,640540d73b85c3ecd2e3bf5541686e87,eba6cab7267f82e3b2a063d5ea445bb9,SO58774,5,WB-H098,1,5,d630b2db6e8046e30b4728ca862ba4e1
13253,6eaadc1181f307997dc853d9ed40db36,0814775cfc25da756a9b4197347ab771,SO58473,10,BC-M005,1,10,4dbf892d41ae205f6e36838031cff786
13253,6eaadc1181f307997dc853d9ed40db36,0814775cfc25da756a9b4197347ab771,SO58473,4590,BK-M68B-38,2,4590,4dbf892d41ae205f6e36838031cff786
13253,8242bea4faa7e8112c9c701d437fbe67,52bde41d0f4e244c3d741707e5f19618,SO50390,4142,BK-M68S-38,2,4142,18ed686c4efc5757b5c809cfcc456ce1
13254,186b0be01dd08ffcc5cb19cc226fb731,f51bd0753a33f206ae6eb82577c92f80,SO50908,4098,BK-M68B-38,2,4098,fdc1a11f11cd643200d6bfb5eb92100e
13254,5abaefcc8525a8f4cfd95cba9e926532,fde67888c64f701b59876ec559099b3e,SO57688,2384,BK-T79Y-60,1,2384,73b2264d673ee7b5b2e7e165020516ac
13254,5abaefcc8525a8f4cfd95cba9e926532,fde67888c64f701b59876ec559099b3e,SO57688,27,CA-1098,3,27,73b2264d673ee7b5b2e7e165020516ac
13254,debbb2493c6588799fc787e1854bcda5,40883861f6e25a2e09e848a7891f4f38,SO58072,4590,BK-M68B-42,2,4590,0814775cfc25da756a9b4197347ab771
13254,debbb2493c6588799fc787e1854bcda5,40883861f6e25a2e09e848a7891f4f38,SO58072,55,HY-1023-70,1,55,0814775cfc25da756a9b4197347ab771
13254,debbb2493c6588799fc787e1854bcda5,40883861f6e25a2e09e848a7891f4f38,SO58072,9,SO-R809-M,1,9,0814775cfc25da756a9b4197347ab771
13255,1678083e7ff90bd404baad3f60bffa37,7b0730955172ecda497d7cca6b1d87a1,SO55739,10,BC-M005,1,10,73a69a5c77a7d23172e54d7ce07a638e
13255,1678083e7ff90bd404baad3f60bffa37,7b0730955172ecda497d7cca6b1d87a1,SO55739,4640,BK-M68S-38,2,4640,73a69a5c77a7d23172e54d7ce07a638e
13255,1678083e7ff90bd404baad3f60bffa37,7b0730955172ecda497d7cca6b1d87a1,SO55739,22,FE-6654,1,22,73a69a5c77a7d23172e54d7ce07a638e
13255,1678083e7ff90bd404baad3f60bffa37,7b0730955172ecda497d7cca6b1d87a1,SO55739,5,WB-H098,1,5,73a69a5c77a7d23172e54d7ce07a638e
13255,6d44506d59926d8d13d35f75d97f2a64,deff8ad81a213d1110c1f409a7f40fcd,SO53448,9,BC-R205,1,9,f476906875bc5d9abe836b4ea1f485c1
13255,6d44506d59926d8d13d35f75d97f2a64,deff8ad81a213d1110c1f409a7f40fcd,SO53448,540,BK-R19B-58,1,540,f476906875bc5d9abe836b4ea1f485c1
13255,6d44506d59926d8d13d35f75d97f2a64,deff8ad81a213d1110c1f409a7f40fcd,SO53448,105,HL-U509,3,105,f476906875bc5d9abe836b4ea1f485c1
13255,6d44506d59926d8d13d35f75d97f2a64,deff8ad81a213d1110c1f409a7f40fcd,SO53448,5,WB-H098,1,5,f476906875bc5d9abe836b4ea1f485c1
13255,95a2a9aefc393f8630e934768cacf4cd,8f472ffe3ff3109f420ae91355ff8f3f,SO72182,9,BC-R205,1,9,38c9e5d1e366b4c5c36aae682bc960c4
13255,95a2a9aefc393f8630e934768cacf4cd,8f472ffe3ff3109f420ae91355ff8f3f,SO72182,2384,BK-T79Y-46,1,2384,38c9e5d1e366b4c5c36aae682bc960c4
13255,95a2a9aefc393f8630e934768cacf4cd,8f472ffe3ff3109f420ae91355ff8f3f,SO72182,5,WB-H098,1,5,38c9e5d1e366b4c5c36aae682bc960c4
13255,ddc7146176eec240951e44da05d5f12b,54e631e6ad5b9a63c134f0ca46d89658,SO50813,4098,BK-M68B-42,2,4098,7dc1c03103798a474aa763047623df54
13256,3c4bf68562424c26986beae6ce13704a,dba3e44e23a1d2c2f299811e94db7fce,SO54975,540,BK-R19B-58,1,540,1f50dad3f1493a5cf408c4eb3987479e
13256,3c4bf68562424c26986beae6ce13704a,dba3e44e23a1d2c2f299811e94db7fce,SO54975,55,HY-1023-70,1,55,1f50dad3f1493a5cf408c4eb3987479e
13256,3c4bf68562424c26986beae6ce13704a,dba3e44e23a1d2c2f299811e94db7fce,SO54975,21,TI-R092,1,21,1f50dad3f1493a5cf408c4eb3987479e
13256,3c4bf68562424c26986beae6ce13704a,dba3e44e23a1d2c2f299811e94db7fce,SO54975,4,TT-R982,1,4,1f50dad3f1493a5cf408c4eb3987479e
13256,629ffff971d10f275a79a70fae527fbc,d6ab5a0eee939524352092b964d92b84,SO55969,10,BC-M005,1,10,3c1811b546060d91957cc446aabc4a3c
13256,629ffff971d10f275a79a70fae527fbc,d6ab5a0eee939524352092b964d92b84,SO55969,4640,BK-M68S-46,2,4640,3c1811b546060d91957cc446aabc4a3c
13256,629ffff971d10f275a79a70fae527fbc,d6ab5a0eee939524352092b964d92b84,SO55969,105,HL-U509,3,105,3c1811b546060d91957cc446aabc4a3c
13256,629ffff971d10f275a79a70fae527fbc,d6ab5a0eee939524352092b964d92b84,SO55969,5,WB-H098,1,5,3c1811b546060d91957cc446aabc4a3c
13256,8babade0595c11e14dd89058a850f2cd,a048b8d5f3f9178f163e2be055f0138b,SO73938,9,BC-R205,1,9,501407dcfde5b685045ca3072168d5bb
13256,8babade0595c11e14dd89058a850f2cd,a048b8d5f3f9178f163e2be055f0138b,SO73938,2384,BK-T79U-54,1,2384,501407dcfde5b685045ca3072168d5bb
13256,8babade0595c11e14dd89058a850f2cd,a048b8d5f3f9178f163e2be055f0138b,SO73938,105,HL-U509-R,3,105,501407dcfde5b685045ca3072168d5bb
13256,8babade0595c11e14dd89058a850f2cd,a048b8d5f3f9178f163e2be055f0138b,SO73938,5,WB-H098,1,5,501407dcfde5b685045ca3072168d5bb
13256,f4630495c408b1838e43e9291392dcdf,bcecb4362a7ad5f479ac9c9c0f6761bb,SO50934,4142,BK-M68S-38,2,4142,c045063ec789c07ddd7ad868b7789049
13257,07b31bae17c7890b17d79a654aa230cf,a976f17830aceaaa93d5daef0bc209a3,SO58141,4640,BK-M68S-42,2,4640,ef5bad66aa19ccfb82cacb73584b83ea
13257,07b31bae17c7890b17d79a654aa230cf,a976f17830aceaaa93d5daef0bc209a3,SO58141,27,CA-1098,3,27,ef5bad66aa19ccfb82cacb73584b83ea
13257,07b31bae17c7890b17d79a654aa230cf,a976f17830aceaaa93d5daef0bc209a3,SO58141,105,HL-U509,3,105,ef5bad66aa19ccfb82cacb73584b83ea
13257,07b31bae17c7890b17d79a654aa230cf,a976f17830aceaaa93d5daef0bc209a3,SO58141,35,TI-M823,1,35,ef5bad66aa19ccfb82cacb73584b83ea
13257,07b31bae17c7890b17d79a654aa230cf,a976f17830aceaaa93d5daef0bc209a3,SO58141,5,TT-M928,1,5,ef5bad66aa19ccfb82cacb73584b83ea
13257,40e7dd73b09eac540e790daf6fac41af,14e4b13c27fb9bce9938ce35b6597eca,SO54184,540,BK-R19B-44,1,540,3f20f21c57e09a6c071e44d1fe74b58a
13257,e366e24b8ad0b1107528f2f58cd15a81,921bc92a493b53f98f24e6a8a12801be,SO72511,2384,BK-T79Y-54,1,2384,c83e871e48c2716e0f28e60d166a5c98
13257,e366e24b8ad0b1107528f2f58cd15a81,921bc92a493b53f98f24e6a8a12801be,SO72511,105,HL-U509-R,3,105,c83e871e48c2716e0f28e60d166a5c98
13257,fdf68f0ae4edf12f9c0572d684f6fb6b,bd0ae680b4a62b8b5bdab83f032b2284,SO43759,3578,BK-R93R-62,1,3578,8bb6e395a61f435871f799e706173295
13258,478ecc8cdaa127c33884d9f6c72c2cd5,3fbd0407b55d3a3da21388a2ddbf881c,SO58587,4640,BK-M68S-46,2,4640,174acf6ca4e9804d47a59a499422e621
13258,478ecc8cdaa127c33884d9f6c72c2cd5,3fbd0407b55d3a3da21388a2ddbf881c,SO58587,2,PK-7098,1,2,174acf6ca4e9804d47a59a499422e621
13258,478ecc8cdaa127c33884d9f6c72c2cd5,3fbd0407b55d3a3da21388a2ddbf881c,SO58587,35,TI-M823,1,35,174acf6ca4e9804d47a59a499422e621
13258,478ecc8cdaa127c33884d9f6c72c2cd5,3fbd0407b55d3a3da21388a2ddbf881c,SO58587,5,TT-M928,1,5,174acf6ca4e9804d47a59a499422e621
13258,512b6608a6cfdf1555c0fafeb6022830,17044eafedd2e32a8a67b6b194bb83d3,SO43725,3578,BK-R93R-44,1,3578,54867044168b33be2be2e9550aae73b6
13258,88077cf01a3e17831c2d0bcca5897c5b,95a2a9aefc393f8630e934768cacf4cd,SO73095,2384,BK-T79U-54,1,2384,86e0fc464cbb08ae74bd039224afec9a
13258,8d71482745a6a1be4fbbc5562ade4657,089c2a426c196c5ca5facb20896c90bb,SO56957,9,BC-R205,1,9,d9f7611cf8d29b48a1d3d8fddb8c5b2e
13258,8d71482745a6a1be4fbbc5562ade4657,089c2a426c196c5ca5facb20896c90bb,SO56957,540,BK-R19B-52,1,540,d9f7611cf8d29b48a1d3d8fddb8c5b2e
13258,8d71482745a6a1be4fbbc5562ade4657,089c2a426c196c5ca5facb20896c90bb,SO56957,8,CL-9009,1,8,d9f7611cf8d29b48a1d3d8fddb8c5b2e
13258,8d71482745a6a1be4fbbc5562ade4657,089c2a426c196c5ca5facb20896c90bb,SO56957,5,WB-H098,1,5,d9f7611cf8d29b48a1d3d8fddb8c5b2e
13259,2797a91b25bc2aa85124c99bc574dc83,86bfb8ffc7a79e52d833cedce4d275bf,SO71068,1215,BK-T44U-50,1,1215,a9adf65abbb865184bf924d14a93d0c4
13259,4dbf892d41ae205f6e36838031cff786,de22d232bbe84481579f6252f1e7091d,SO58195,10,BC-M005,1,10,3fbd0407b55d3a3da21388a2ddbf881c
13259,4dbf892d41ae205f6e36838031cff786,de22d232bbe84481579f6252f1e7091d,SO58195,4640,BK-M68S-46,2,4640,3fbd0407b55d3a3da21388a2ddbf881c
13259,4dbf892d41ae205f6e36838031cff786,de22d232bbe84481579f6252f1e7091d,SO58195,27,CA-1098,3,27,3fbd0407b55d3a3da21388a2ddbf881c
13259,4dbf892d41ae205f6e36838031cff786,de22d232bbe84481579f6252f1e7091d,SO58195,22,FE-6654,1,22,3fbd0407b55d3a3da21388a2ddbf881c
13259,4dbf892d41ae205f6e36838031cff786,de22d232bbe84481579f6252f1e7091d,SO58195,105,HL-U509-R,3,105,3fbd0407b55d3a3da21388a2ddbf881c
13259,4dbf892d41ae205f6e36838031cff786,de22d232bbe84481579f6252f1e7091d,SO58195,5,WB-H098,1,5,3fbd0407b55d3a3da21388a2ddbf881c
13259,87553261d36dba5a0bbb0f1d4027c7b7,c694f825bbbc9515aa53a3169d7ebce9,SO43808,3578,BK-R93R-52,1,3578,e1177aa92fd6f143803910e5ee60d40a
13259,d76e0ba1fa041675ae9af958c5b41ae4,b988e88fd94a3b47434beeb650cff880,SO57010,540,BK-R19B-58,1,540,cae5717327bee7d74e261c550aa5081f
13259,d76e0ba1fa041675ae9af958c5b41ae4,b988e88fd94a3b47434beeb650cff880,SO57010,27,CA-1098,3,27,cae5717327bee7d74e261c550aa5081f
13259,d76e0ba1fa041675ae9af958c5b41ae4,b988e88fd94a3b47434beeb650cff880,SO57010,105,HL-U509-B,3,105,cae5717327bee7d74e261c550aa5081f
13259,d76e0ba1fa041675ae9af958c5b41ae4,b988e88fd94a3b47434beeb650cff880,SO57010,150,LJ-0192-L,3,150,cae5717327bee7d74e261c550aa5081f
13259,d76e0ba1fa041675ae9af958c5b41ae4,b988e88fd94a3b47434beeb650cff880,SO57010,21,TI-R092,1,21,cae5717327bee7d74e261c550aa5081f
13259,d76e0ba1fa041675ae9af958c5b41ae4,b988e88fd94a3b47434beeb650cff880,SO57010,4,TT-R982,1,4,cae5717327bee7d74e261c550aa5081f
13260,07b38747fb1cdad01d7ff97006ca5ccb,512b6608a6cfdf1555c0fafeb6022830,SO43776,3578,BK-R93R-56,1,3578,f5a02f7bc48083e48175f972314af8be
13260,abe94c2111c58e9c9672602d41bce66e,0149f124a48640c62d90840ac5760331,SO64175,540,BK-R19B-58,1,540,99b7e934795a93975a5e0c0b9b57d9ba
13260,db2b287636ac5ebda430de4f3f643b24,7af7abc5e37d5fa2e2334b4fec2584e2,SO52013,742,BK-T18Y-58,1,742,bee2b842cd357511cf4c8e509f5af192
13260,db2b287636ac5ebda430de4f3f643b24,7af7abc5e37d5fa2e2334b4fec2584e2,SO52013,27,CA-1098,3,27,bee2b842cd357511cf4c8e509f5af192
13260,de22d232bbe84481579f6252f1e7091d,cae5717327bee7d74e261c550aa5081f,SO57535,10,BC-M005,1,10,ab4946738415af86b5e3cee69b13301f
13260,de22d232bbe84481579f6252f1e7091d,cae5717327bee7d74e261c550aa5081f,SO57535,4640,BK-M68S-38,2,4640,ab4946738415af86b5e3cee69b13301f
13260,de22d232bbe84481579f6252f1e7091d,cae5717327bee7d74e261c550aa5081f,SO57535,105,HL-U509,3,105,ab4946738415af86b5e3cee69b13301f
13260,de22d232bbe84481579f6252f1e7091d,cae5717327bee7d74e261c550aa5081f,SO57535,5,WB-H098,1,5,ab4946738415af86b5e3cee69b13301f
13261,4555f65c4664801d78b9f5477f89d8fd,7ee641303ef8d8b10d0ed00a060c73cc,SO62513,742,BK-T18U-58,1,742,94c60e0b5e2b0f78b919a5d4c67d70a2
13261,8bb6e395a61f435871f799e706173295,121689451d0e65a4fc6c180cbe0d452f,SO43737,3578,BK-R93R-44,1,3578,14353ec5f8684711ecb09fb3893b126c
13261,9f1ff00ea8fd9fd8f2d421ba5ec45a18,f88b3743a9ce1f9455b6de69380b486a,SO67474,540,BK-R19B-58,1,540,0001ffe4d82d0d8f9fec5ab0b4faa2db
13261,ef5bad66aa19ccfb82cacb73584b83ea,0e23f371129aecc6b2033620b226f8d7,SO57844,10,BC-M005,1,10,485ae69515bc4c60ef546ff289741f60
13261,ef5bad66aa19ccfb82cacb73584b83ea,0e23f371129aecc6b2033620b226f8d7,SO57844,4590,BK-M68B-46,2,4590,485ae69515bc4c60ef546ff289741f60
13261,ef5bad66aa19ccfb82cacb73584b83ea,0e23f371129aecc6b2033620b226f8d7,SO57844,105,HL-U509-R,3,105,485ae69515bc4c60ef546ff289741f60
13262,0001ffe4d82d0d8f9fec5ab0b4faa2db,3dc63b2d6dcc8f0b6720b06b5439a0b1,SO67060,27,CA-1098,3,27,4004a117f65dfd3221a9cce8fce5a45f
13262,6e5c4b769f8f70f9fd01b24ba5be9695,40e7dd73b09eac540e790daf6fac41af,SO54853,27,CA-1098,3,27,106dfbaf552c07a1b08d065f2c343982
13262,6e5c4b769f8f70f9fd01b24ba5be9695,40e7dd73b09eac540e790daf6fac41af,SO54853,105,HL-U509,3,105,106dfbaf552c07a1b08d065f2c343982
13262,6e5c4b769f8f70f9fd01b24ba5be9695,40e7dd73b09eac540e790daf6fac41af,SO54853,29,TI-T723,1,29,106dfbaf552c07a1b08d065f2c343982
13262,6e5c4b769f8f70f9fd01b24ba5be9695,40e7dd73b09eac540e790daf6fac41af,SO54853,5,TT-T092,1,5,106dfbaf552c07a1b08d065f2c343982
13263,167c301692e8c30daa0602fbcbeb02b6,564f7f85bc0f9399a0ce2e5f21901984,SO46226,3578,BK-R93R-52,1,3578,5bdc8cd31bb1859c6d9dd782c52a85ae
13263,348f48807f500aeac729fb17d9bc97f1,5072507e949a2c25948a591c4da194e1,SO60517,9,BC-R205,1,9,f108e0cd2f96a0c22086f9d45ee08f19
13263,348f48807f500aeac729fb17d9bc97f1,5072507e949a2c25948a591c4da194e1,SO60517,2384,BK-T79U-46,1,2384,f108e0cd2f96a0c22086f9d45ee08f19
13263,348f48807f500aeac729fb17d9bc97f1,5072507e949a2c25948a591c4da194e1,SO60517,105,HL-U509-B,3,105,f108e0cd2f96a0c22086f9d45ee08f19
13263,348f48807f500aeac729fb17d9bc97f1,5072507e949a2c25948a591c4da194e1,SO60517,150,LJ-0192-M,3,150,f108e0cd2f96a0c22086f9d45ee08f19
13263,348f48807f500aeac729fb17d9bc97f1,5072507e949a2c25948a591c4da194e1,SO60517,5,WB-H098,1,5,f108e0cd2f96a0c22086f9d45ee08f19
13263,4804ee33768b143d9706052696f7dfbd,7254e54716fe52361e62aa16ea2e0797,SO60251,10,BC-M005,1,10,c660dc308b247ce08aeecd155306bae0
13263,4804ee33768b143d9706052696f7dfbd,7254e54716fe52361e62aa16ea2e0797,SO60251,4640,BK-M68S-46,2,4640,c660dc308b247ce08aeecd155306bae0
13263,4804ee33768b143d9706052696f7dfbd,7254e54716fe52361e62aa16ea2e0797,SO60251,48,GL-H102-L,2,48,c660dc308b247ce08aeecd155306bae0
13263,4804ee33768b143d9706052696f7dfbd,7254e54716fe52361e62aa16ea2e0797,SO60251,5,WB-H098,1,5,c660dc308b247ce08aeecd155306bae0
13263,f8025d3776b5f7522a6120cb4e9e0783,2d6e054ac82934d489c58cc8399a1628,SO61603,4886,BK-R89B-44,2,4886,d945ec2aae74dbfb829453026b91c235
13263,f8025d3776b5f7522a6120cb4e9e0783,2d6e054ac82934d489c58cc8399a1628,SO61603,8,CL-9009,1,8,d945ec2aae74dbfb829453026b91c235
13264,07b7d2aed13a63a16377587dcc0abbe8,02b96ab6e0935145589be4e1408a1675,SO66133,742,BK-T18Y-58,1,742,6866da5d40f1aad2d82129d5ffa25bda
13264,07b7d2aed13a63a16377587dcc0abbe8,02b96ab6e0935145589be4e1408a1675,SO66133,105,HL-U509-R,3,105,6866da5d40f1aad2d82129d5ffa25bda
13264,14353ec5f8684711ecb09fb3893b126c,a81896693628eb9ebcc919d85e627b8f,SO43720,3578,BK-R93R-44,1,3578,7de904cde4fa8a64f25573759fca404f
13264,5e1b952a22eccca86f7f056a9efb42a4,a8ef76a01442567fb64eb6f4408a9835,SO57690,10,BC-M005,1,10,40883861f6e25a2e09e848a7891f4f38
13264,5e1b952a22eccca86f7f056a9efb42a4,a8ef76a01442567fb64eb6f4408a9835,SO57690,4640,BK-M68S-46,2,4640,40883861f6e25a2e09e848a7891f4f38
13264,5e1b952a22eccca86f7f056a9efb42a4,a8ef76a01442567fb64eb6f4408a9835,SO57690,105,HL-U509,3,105,40883861f6e25a2e09e848a7891f4f38
13264,5e1b952a22eccca86f7f056a9efb42a4,a8ef76a01442567fb64eb6f4408a9835,SO57690,5,WB-H098,1,5,40883861f6e25a2e09e848a7891f4f38
13264,c7390752782466cfc9a3ed7d3a79e046,0001ffe4d82d0d8f9fec5ab0b4faa2db,SO67957,540,BK-R19B-52,1,540,16e364d19895243407b256ec272d5394
13265,6477c205c5117a9448ba863e111acf32,c926349b55a58d87d7d5008c349fd1e9,SO60838,10,BC-M005,1,10,013f173c58073e845f675d26fdde1918
13265,6477c205c5117a9448ba863e111acf32,c926349b55a58d87d7d5008c349fd1e9,SO60838,4640,BK-M68S-38,2,4640,013f173c58073e845f675d26fdde1918
13265,6477c205c5117a9448ba863e111acf32,c926349b55a58d87d7d5008c349fd1e9,SO60838,105,HL-U509-B,3,105,013f173c58073e845f675d26fdde1918
13265,6477c205c5117a9448ba863e111acf32,c926349b55a58d87d7d5008c349fd1e9,SO60838,5,WB-H098,1,5,013f173c58073e845f675d26fdde1918
13265,c694f825bbbc9515aa53a3169d7ebce9,1d0cd3f4d344a14526f6b36b1240748e,SO43752,3578,BK-R93R-44,1,3578,688f3e8d70a208f2fa540fbe4a53979e
13265,caa707f97407c07371136aaf471a91d4,4efe8b2ca156042f8a3d8dd6aba54520,SO67128,742,BK-T18Y-58,1,742,058af5b2a408d57b708367e5bf4e9d9c
13265,caa707f97407c07371136aaf471a91d4,4efe8b2ca156042f8a3d8dd6aba54520,SO67128,29,TI-T723,1,29,058af5b2a408d57b708367e5bf4e9d9c
13265,e871b36e68b0b3d0af9c742d81fef27a,3fe686907939d07097f6c87f08025422,SO70161,540,BK-R19B-58,1,540,1faee5670542865e021595151379fe5c
13266,5a06908cc28b799b04fc1c47664462e6,da9c4ba6c9a1ae8725389bfd38b5763a,SO54755,8,CL-9009,1,8,6d338b8c41c717c4336ad0084a80dca4
13266,5a06908cc28b799b04fc1c47664462e6,da9c4ba6c9a1ae8725389bfd38b5763a,SO54755,22,FE-6654,1,22,6d338b8c41c717c4336ad0084a80dca4
13267,40eee601514259a9632d510ca71226cc,8babade0595c11e14dd89058a850f2cd,SO74431,10,BC-M005,1,10,982b3b4109cce5d4e5bf1fcbe0ae259b
13267,40eee601514259a9632d510ca71226cc,8babade0595c11e14dd89058a850f2cd,SO74431,5,WB-H098,1,5,982b3b4109cce5d4e5bf1fcbe0ae259b
13267,55f9f4cb5784581a517e59904e0d5e2f,9b6872ca1d80024637e967d1066bba0a,SO56048,105,HL-U509,3,105,1678083e7ff90bd404baad3f60bffa37
13267,55f9f4cb5784581a517e59904e0d5e2f,9b6872ca1d80024637e967d1066bba0a,SO56048,35,TI-M823,1,35,1678083e7ff90bd404baad3f60bffa37
13267,55f9f4cb5784581a517e59904e0d5e2f,9b6872ca1d80024637e967d1066bba0a,SO56048,5,TT-M928,1,5,1678083e7ff90bd404baad3f60bffa37
13267,640540d73b85c3ecd2e3bf5541686e87,eba6cab7267f82e3b2a063d5ea445bb9,SO58722,5,TT-T092,1,5,d630b2db6e8046e30b4728ca862ba4e1
13267,e0cd1349b4c6e1b5f14ed427e358c2d0,f06fd077b6afc2d69af6e1e548da266d,SO70326,25,TI-M267,1,25,b95a9f47dd73bb9b799a31ae04ee7da1
13267,e0cd1349b4c6e1b5f14ed427e358c2d0,f06fd077b6afc2d69af6e1e548da266d,SO70326,5,TT-M928,1,5,b95a9f47dd73bb9b799a31ae04ee7da1
13268,606ed413481267c98754e3351f662859,4ddc8821c34bceaf3dba4a18741acca3,SO61932,105,HL-U509-B,3,105,f8025d3776b5f7522a6120cb4e9e0783
13268,606ed413481267c98754e3351f662859,4ddc8821c34bceaf3dba4a18741acca3,SO61932,30,TI-M602,1,30,f8025d3776b5f7522a6120cb4e9e0783
13268,606ed413481267c98754e3351f662859,4ddc8821c34bceaf3dba4a18741acca3,SO61932,5,TT-M928,1,5,f8025d3776b5f7522a6120cb4e9e0783
13268,93ddc10d6cf61153011df052aa76671f,7299e51cfc0d5174743a6701a8a96488,SO65652,10,BC-M005,1,10,02b96ab6e0935145589be4e1408a1675
13268,93ddc10d6cf61153011df052aa76671f,7299e51cfc0d5174743a6701a8a96488,SO65652,105,HL-U509-R,3,105,02b96ab6e0935145589be4e1408a1675
13268,93ddc10d6cf61153011df052aa76671f,7299e51cfc0d5174743a6701a8a96488,SO65652,64,VE-C304-L,1,64,02b96ab6e0935145589be4e1408a1675
13268,93ddc10d6cf61153011df052aa76671f,7299e51cfc0d5174743a6701a8a96488,SO65652,5,WB-H098,1,5,02b96ab6e0935145589be4e1408a1675
13268,ad4fbe0c82c7e5968d4cf22c2ad19e28,72e75576254db1afef14ecdc050391c2,SO52687,105,HL-U509,3,105,f5933feadc49c253e4f0e77b236946e9
13268,ad4fbe0c82c7e5968d4cf22c2ad19e28,72e75576254db1afef14ecdc050391c2,SO52687,29,TI-T723,1,29,f5933feadc49c253e4f0e77b236946e9
13268,ad4fbe0c82c7e5968d4cf22c2ad19e28,72e75576254db1afef14ecdc050391c2,SO52687,5,TT-T092,1,5,f5933feadc49c253e4f0e77b236946e9
13268,f46ace11e93788e473124f7be16a19d5,5c741aa8e0753be65314a304e7b39c14,SO62797,2,PK-7098,1,2,4555f65c4664801d78b9f5477f89d8fd
13268,f46ace11e93788e473124f7be16a19d5,5c741aa8e0753be65314a304e7b39c14,SO62797,35,TI-M823,1,35,4555f65c4664801d78b9f5477f89d8fd
13269,be6c9b96c35f6d80642550df922ea69a,8799729d3a89b836b7fb8096b7f545c8,SO47194,4364,BK-R89B-52,2,4364,9b657dcbee0478c7d9be871266f00f1f
13269,d5985f40495ba672dff8a99620b879c8,a9adf65abbb865184bf924d14a93d0c4,SO71540,4590,BK-M68B-42,2,4590,8f472ffe3ff3109f420ae91355ff8f3f
13269,d5985f40495ba672dff8a99620b879c8,a9adf65abbb865184bf924d14a93d0c4,SO71540,22,FE-6654,1,22,8f472ffe3ff3109f420ae91355ff8f3f
13269,d5985f40495ba672dff8a99620b879c8,a9adf65abbb865184bf924d14a93d0c4,SO71540,9,SO-R809-M,1,9,8f472ffe3ff3109f420ae91355ff8f3f
13270,7acd252f45ad6fe668386456a673d543,0120f4004ede1143c3be6caa4227affe,SO67185,10,BC-M005,1,10,b322422d9a721bbdefa133133dd407c1
13270,7acd252f45ad6fe668386456a673d543,0120f4004ede1143c3be6caa4227affe,SO67185,4590,BK-M68B-46,2,4590,b322422d9a721bbdefa133133dd407c1
13270,7acd252f45ad6fe668386456a673d543,0120f4004ede1143c3be6caa4227affe,SO67185,105,HL-U509-R,3,105,b322422d9a721bbdefa133133dd407c1
13270,7acd252f45ad6fe668386456a673d543,0120f4004ede1143c3be6caa4227affe,SO67185,150,LJ-0192-S,3,150,b322422d9a721bbdefa133133dd407c1
13270,7acd252f45ad6fe668386456a673d543,0120f4004ede1143c3be6caa4227affe,SO67185,5,WB-H098,1,5,b322422d9a721bbdefa133133dd407c1
13271,0120f4004ede1143c3be6caa4227affe,93ddc10d6cf61153011df052aa76671f,SO66409,4640,BK-M68S-38,2,4640,07b7d2aed13a63a16377587dcc0abbe8
13272,8728a5e296f39e49d2fa74c31820e99f,66e56e10b0f528b66a45e307ecdf4774,SO69615,22,FE-6654,1,22,3fe686907939d07097f6c87f08025422
13272,8728a5e296f39e49d2fa74c31820e99f,66e56e10b0f528b66a45e307ecdf4774,SO69615,48,GL-H102-L,2,48,3fe686907939d07097f6c87f08025422
13272,8728a5e296f39e49d2fa74c31820e99f,66e56e10b0f528b66a45e307ecdf4774,SO69615,105,HL-U509-R,3,105,3fe686907939d07097f6c87f08025422
13273,ad9d849aa74e54742c555c19900c6f1e,93292bf41ccb6542d121825f25cbf70b,SO47318,4364,BK-R89B-48,2,4364,ee76080374845c1990834952499ba763
13273,b0b2c17e5682f78d8fc262463fd0a4f3,375bde15092f45652b6398c1dff650d0,SO58000,4590,BK-M68B-38,2,4590,5e1b952a22eccca86f7f056a9efb42a4
13273,b0b2c17e5682f78d8fc262463fd0a4f3,375bde15092f45652b6398c1dff650d0,SO58000,22,FE-6654,1,22,5e1b952a22eccca86f7f056a9efb42a4
13273,b0b2c17e5682f78d8fc262463fd0a4f3,375bde15092f45652b6398c1dff650d0,SO58000,159,ST-1401,1,159,5e1b952a22eccca86f7f056a9efb42a4
13274,5e1b952a22eccca86f7f056a9efb42a4,a8ef76a01442567fb64eb6f4408a9835,SO57729,4590,BK-M68B-46,2,4590,40883861f6e25a2e09e848a7891f4f38
13274,5e1b952a22eccca86f7f056a9efb42a4,a8ef76a01442567fb64eb6f4408a9835,SO57729,48,GL-H102-S,2,48,40883861f6e25a2e09e848a7891f4f38
13274,5e1b952a22eccca86f7f056a9efb42a4,a8ef76a01442567fb64eb6f4408a9835,SO57729,105,HL-U509,3,105,40883861f6e25a2e09e848a7891f4f38
13274,5e1b952a22eccca86f7f056a9efb42a4,a8ef76a01442567fb64eb6f4408a9835,SO57729,35,TI-M823,1,35,40883861f6e25a2e09e848a7891f4f38
13274,5e1b952a22eccca86f7f056a9efb42a4,a8ef76a01442567fb64eb6f4408a9835,SO57729,5,TT-M928,1,5,40883861f6e25a2e09e848a7891f4f38
13274,8799729d3a89b836b7fb8096b7f545c8,a74d75778ebcaa9a01805f980ea906db,SO47088,2443,BK-R89R-48,1,2443,663d11326de76cfa493cc577763c59ee
13275,f04e53711455521533f4c5ed7dcaa287,5e9b4970006d8f02ba0bc1763fa8b9a6,SO52562,22,FE-6654,1,22,f799d104dd23bb828dcdaaefc4d25b61
13276,8920fd63645007b243abb750709b1172,58c4ce5b9433e7b6d41793d5a76d5590,SO72312,22,FE-6654,1,22,0d3057f268050d468f468434f8ec809a
13277,ab4946738415af86b5e3cee69b13301f,ed268f8f3837888893f896b7240f1254,SO57288,4590,BK-M68B-42,2,4590,fde67888c64f701b59876ec559099b3e
13277,ab4946738415af86b5e3cee69b13301f,ed268f8f3837888893f896b7240f1254,SO57288,22,FE-6654,1,22,fde67888c64f701b59876ec559099b3e
13277,ff865f6f4949cd6d631d069a4268d9aa,021a9f9ff27cc992988201b84cae392f,SO47225,4364,BK-R89B-48,2,4364,b5bd60d2c998267a6b6a11a2521b0b65
13278,9adbaac8d97fd446c4d97ce11625bd78,f459baa887e18a3fb6af0118506f75a6,SO47325,4364,BK-R89B-44,2,4364,aa06fa50828269965eade0f7422d1b9e
13278,a976f17830aceaaa93d5daef0bc209a3,d9f7611cf8d29b48a1d3d8fddb8c5b2e,SO57517,4640,BK-M68S-46,2,4640,0e23f371129aecc6b2033620b226f8d7
13278,a976f17830aceaaa93d5daef0bc209a3,d9f7611cf8d29b48a1d3d8fddb8c5b2e,SO57517,22,FE-6654,1,22,0e23f371129aecc6b2033620b226f8d7
13278,a976f17830aceaaa93d5daef0bc209a3,d9f7611cf8d29b48a1d3d8fddb8c5b2e,SO57517,55,HY-1023-70,1,55,0e23f371129aecc6b2033620b226f8d7
13279,3e5c252ff13111aa6a12067ee19d69e6,b9836987c405fca6133a2969f25c7398,SO47104,4364,BK-R89B-58,2,4364,7f9d156e18f1be5abef55a22081e71ce
13279,6eaadc1181f307997dc853d9ed40db36,0814775cfc25da756a9b4197347ab771,SO58525,4590,BK-M68B-46,2,4590,4dbf892d41ae205f6e36838031cff786
13279,6eaadc1181f307997dc853d9ed40db36,0814775cfc25da756a9b4197347ab771,SO58525,22,FE-6654,1,22,4dbf892d41ae205f6e36838031cff786
13279,6eaadc1181f307997dc853d9ed40db36,0814775cfc25da756a9b4197347ab771,SO58525,105,HL-U509-R,3,105,4dbf892d41ae205f6e36838031cff786
13280,73b2264d673ee7b5b2e7e165020516ac,4ceff7612cfa4420892fe23b23ca9265,SO57410,4640,BK-M68S-46,2,4640,8d71482745a6a1be4fbbc5562ade4657
13280,73b2264d673ee7b5b2e7e165020516ac,4ceff7612cfa4420892fe23b23ca9265,SO57410,22,FE-6654,1,22,8d71482745a6a1be4fbbc5562ade4657
13280,73b2264d673ee7b5b2e7e165020516ac,4ceff7612cfa4420892fe23b23ca9265,SO57410,105,HL-U509-R,3,105,8d71482745a6a1be4fbbc5562ade4657
13280,fdc720a8abaa222620409b00b4e00cc2,a9badca0a12d937b4dcb70fd1c65dc63,SO47287,4364,BK-R89B-48,2,4364,8bcf785b838fcdc4c1567a41e1906287
13281,722dc621a1a56555843f574144bfcdf0,d27974ca95fd620ac92cf95bf8c1d1f2,SO74549,22,FE-6654,1,22,d612b5fb3f6011688fb0c9927693365a
13282,38c9e5d1e366b4c5c36aae682bc960c4,8fa3bab223bec6501ad71f96bb1067b6,SO71659,22,FE-6654,1,22,58c4ce5b9433e7b6d41793d5a76d5590
13282,38c9e5d1e366b4c5c36aae682bc960c4,8fa3bab223bec6501ad71f96bb1067b6,SO71659,105,HL-U509,3,105,58c4ce5b9433e7b6d41793d5a76d5590
13283,41c97bac51d5ee4cfce0cfa86385fdbe,7afee94d3e6bff4193546ca658f9d3bf,SO47132,4364,BK-R89B-48,2,4364,8799729d3a89b836b7fb8096b7f545c8
13283,debbb2493c6588799fc787e1854bcda5,40883861f6e25a2e09e848a7891f4f38,SO58110,4590,BK-M68B-38,2,4590,0814775cfc25da756a9b4197347ab771
13283,debbb2493c6588799fc787e1854bcda5,40883861f6e25a2e09e848a7891f4f38,SO58110,22,FE-6654,1,22,0814775cfc25da756a9b4197347ab771
13284,2becb9647677a1a316b388bbad689580,013f173c58073e845f675d26fdde1918,SO61421,2384,BK-T79U-60,1,2384,0383d48e76cd8a3dfb9e2a890f2cac18
13284,2becb9647677a1a316b388bbad689580,013f173c58073e845f675d26fdde1918,SO61421,27,CA-1098,3,27,0383d48e76cd8a3dfb9e2a890f2cac18
13284,3519c8eb4095dbc69d80eb61856d3435,6e5c4b769f8f70f9fd01b24ba5be9695,SO55597,4590,BK-M68B-46,2,4590,d6ab5a0eee939524352092b964d92b84
13284,3519c8eb4095dbc69d80eb61856d3435,6e5c4b769f8f70f9fd01b24ba5be9695,SO55597,48,GL-H102-S,2,48,d6ab5a0eee939524352092b964d92b84
13284,3519c8eb4095dbc69d80eb61856d3435,6e5c4b769f8f70f9fd01b24ba5be9695,SO55597,55,HY-1023-70,1,55,d6ab5a0eee939524352092b964d92b84
13285,6be9692276a308e4b872323af1ad8fe2,bee2b842cd357511cf4c8e509f5af192,SO52347,8,CL-9009,1,8,72e75576254db1afef14ecdc050391c2
13285,6be9692276a308e4b872323af1ad8fe2,bee2b842cd357511cf4c8e509f5af192,SO52347,5,WB-H098,1,5,72e75576254db1afef14ecdc050391c2
13285,83d1ed00595e79ee5ea3797e97970fe8,fe1fd19c021e78ec395980c2e347865e,SO69187,10,BC-M005,1,10,705fa39ab40831529471c768490339ab
13285,83d1ed00595e79ee5ea3797e97970fe8,fe1fd19c021e78ec395980c2e347865e,SO69187,48,GL-H102-M,2,48,705fa39ab40831529471c768490339ab
13285,83d1ed00595e79ee5ea3797e97970fe8,fe1fd19c021e78ec395980c2e347865e,SO69187,55,HY-1023-70,1,55,705fa39ab40831529471c768490339ab
13285,83d1ed00595e79ee5ea3797e97970fe8,fe1fd19c021e78ec395980c2e347865e,SO69187,5,WB-H098,1,5,705fa39ab40831529471c768490339ab
13285,de22d232bbe84481579f6252f1e7091d,cae5717327bee7d74e261c550aa5081f,SO57568,10,BC-M005,1,10,ab4946738415af86b5e3cee69b13301f
13285,de22d232bbe84481579f6252f1e7091d,cae5717327bee7d74e261c550aa5081f,SO57568,22,FE-6654,1,22,ab4946738415af86b5e3cee69b13301f
13285,de22d232bbe84481579f6252f1e7091d,cae5717327bee7d74e261c550aa5081f,SO57568,105,HL-U509-B,3,105,ab4946738415af86b5e3cee69b13301f
13285,de22d232bbe84481579f6252f1e7091d,cae5717327bee7d74e261c550aa5081f,SO57568,35,TI-M823,1,35,ab4946738415af86b5e3cee69b13301f
13285,de22d232bbe84481579f6252f1e7091d,cae5717327bee7d74e261c550aa5081f,SO57568,5,WB-H098,1,5,ab4946738415af86b5e3cee69b13301f
13286,a189cc17a15cdb4e39e80dfcd8374c76,b0b2c17e5682f78d8fc262463fd0a4f3,SO58681,10,BC-M005,1,10,244cede513841376c37dc856f2f5e7b9
13286,a189cc17a15cdb4e39e80dfcd8374c76,b0b2c17e5682f78d8fc262463fd0a4f3,SO58681,4640,BK-M68S-42,2,4640,244cede513841376c37dc856f2f5e7b9
13286,a189cc17a15cdb4e39e80dfcd8374c76,b0b2c17e5682f78d8fc262463fd0a4f3,SO58681,5,WB-H098,1,5,244cede513841376c37dc856f2f5e7b9
13286,a9badca0a12d937b4dcb70fd1c65dc63,368bf74b3769bb91f49d30908786b862,SO47168,4364,BK-R89B-52,2,4364,41c97bac51d5ee4cfce0cfa86385fdbe
13287,07b31bae17c7890b17d79a654aa230cf,a976f17830aceaaa93d5daef0bc209a3,SO58177,4640,BK-M68S-42,2,4640,ef5bad66aa19ccfb82cacb73584b83ea
13287,b5bd60d2c998267a6b6a11a2521b0b65,540c97e65b08aac734db0196254259fd,SO47180,2443,BK-R89R-52,1,2443,74b4466b347c60a98e00951770d7b9a2
13288,244cede513841376c37dc856f2f5e7b9,5e1b952a22eccca86f7f056a9efb42a4,SO58396,10,BC-M005,1,10,debbb2493c6588799fc787e1854bcda5
13288,244cede513841376c37dc856f2f5e7b9,5e1b952a22eccca86f7f056a9efb42a4,SO58396,4640,BK-M68S-46,2,4640,debbb2493c6588799fc787e1854bcda5
13288,244cede513841376c37dc856f2f5e7b9,5e1b952a22eccca86f7f056a9efb42a4,SO58396,22,FE-6654,1,22,debbb2493c6588799fc787e1854bcda5
13288,244cede513841376c37dc856f2f5e7b9,5e1b952a22eccca86f7f056a9efb42a4,SO58396,105,HL-U509-B,3,105,debbb2493c6588799fc787e1854bcda5
13288,244cede513841376c37dc856f2f5e7b9,5e1b952a22eccca86f7f056a9efb42a4,SO58396,5,WB-H098,1,5,debbb2493c6588799fc787e1854bcda5
13288,9adbaac8d97fd446c4d97ce11625bd78,f459baa887e18a3fb6af0118506f75a6,SO47326,4364,BK-R89B-58,2,4364,aa06fa50828269965eade0f7422d1b9e
13289,01e8942a5792053a553c4612bd6c06a6,6583882ca853d66524856501b27519f5,SO74701,10,BC-M005,1,10,722dc621a1a56555843f574144bfcdf0
13289,01e8942a5792053a553c4612bd6c06a6,6583882ca853d66524856501b27519f5,SO74701,27,CA-1098,3,27,722dc621a1a56555843f574144bfcdf0
13289,01e8942a5792053a553c4612bd6c06a6,6583882ca853d66524856501b27519f5,SO74701,5,WB-H098,1,5,722dc621a1a56555843f574144bfcdf0
13289,04dbdf67bb8714ba18c9c36d50d1f5dc,4cc27df81afd686c0420394e090460cb,SO61990,5,WB-H098,1,5,2ed3972e38245b633ec6b146c2970148
13289,922d04aa1f67bbe0270bfad98508f43e,0383d48e76cd8a3dfb9e2a890f2cac18,SO61832,2,PK-7098,1,2,76918877cf6ce7011018cd9708723392
13289,922d04aa1f67bbe0270bfad98508f43e,0383d48e76cd8a3dfb9e2a890f2cac18,SO61832,35,TI-M823,1,35,76918877cf6ce7011018cd9708723392
13290,3db19f5f710f10e90ecc7154c649d60a,f544b472453b297a8b55709fbfd3746d,SO70891,10,BC-M005,1,10,fee8e08233f3f00450bce31967abb0f1
13290,3db19f5f710f10e90ecc7154c649d60a,f544b472453b297a8b55709fbfd3746d,SO70891,8,CL-9009,1,8,fee8e08233f3f00450bce31967abb0f1
13290,3db19f5f710f10e90ecc7154c649d60a,f544b472453b297a8b55709fbfd3746d,SO70891,5,WB-H098,1,5,fee8e08233f3f00450bce31967abb0f1
13290,4ceff7612cfa4420892fe23b23ca9265,5691ac18f59a9af20f9d8703772afbba,SO56576,105,HL-U509-R,3,105,089c2a426c196c5ca5facb20896c90bb
13290,4ceff7612cfa4420892fe23b23ca9265,5691ac18f59a9af20f9d8703772afbba,SO56576,35,TI-M823,1,35,089c2a426c196c5ca5facb20896c90bb
13290,4ceff7612cfa4420892fe23b23ca9265,5691ac18f59a9af20f9d8703772afbba,SO56576,5,TT-M928,1,5,089c2a426c196c5ca5facb20896c90bb
13290,6ef7b4bb93d4e54234cf965ed2334682,ccf89c691dabb1412404274596922d90,SO65973,9,SO-R809-M,1,9,93ddc10d6cf61153011df052aa76671f
13290,6ef7b4bb93d4e54234cf965ed2334682,ccf89c691dabb1412404274596922d90,SO65973,5,WB-H098,1,5,93ddc10d6cf61153011df052aa76671f
13291,478ecc8cdaa127c33884d9f6c72c2cd5,3fbd0407b55d3a3da21388a2ddbf881c,SO58620,22,FE-6654,1,22,174acf6ca4e9804d47a59a499422e621
13291,478ecc8cdaa127c33884d9f6c72c2cd5,3fbd0407b55d3a3da21388a2ddbf881c,SO58620,48,GL-H102-S,2,48,174acf6ca4e9804d47a59a499422e621
13291,478ecc8cdaa127c33884d9f6c72c2cd5,3fbd0407b55d3a3da21388a2ddbf881c,SO58620,105,HL-U509-B,3,105,174acf6ca4e9804d47a59a499422e621
13292,a189cc17a15cdb4e39e80dfcd8374c76,b0b2c17e5682f78d8fc262463fd0a4f3,SO58682,4590,BK-M68B-46,2,4590,244cede513841376c37dc856f2f5e7b9
13292,a189cc17a15cdb4e39e80dfcd8374c76,b0b2c17e5682f78d8fc262463fd0a4f3,SO58682,2,PK-7098,1,2,244cede513841376c37dc856f2f5e7b9
13292,e4eb0466781b24d67b81f508aeab70b7,74b4466b347c60a98e00951770d7b9a2,SO47247,4364,BK-R89R-58,2,4364,93292bf41ccb6542d121825f25cbf70b
13293,4555f65c4664801d78b9f5477f89d8fd,7ee641303ef8d8b10d0ed00a060c73cc,SO62508,22,FE-6654,1,22,94c60e0b5e2b0f78b919a5d4c67d70a2
13294,7e15f50bd26e439e6a22f5205a8064db,a1d0c0a14c6c8f8a8ef8220209c23a64,SO67878,10,BC-M005,1,10,702a02712215141594ddf8e52b0a651c
13294,7e15f50bd26e439e6a22f5205a8064db,a1d0c0a14c6c8f8a8ef8220209c23a64,SO67878,22,FE-6654,1,22,702a02712215141594ddf8e52b0a651c
13294,7e15f50bd26e439e6a22f5205a8064db,a1d0c0a14c6c8f8a8ef8220209c23a64,SO67878,150,LJ-0192-M,3,150,702a02712215141594ddf8e52b0a651c
13294,7e15f50bd26e439e6a22f5205a8064db,a1d0c0a14c6c8f8a8ef8220209c23a64,SO67878,5,WB-H098,1,5,702a02712215141594ddf8e52b0a651c
13295,08ff55594d8ca57b756a1953f77ebc89,54d3ba66c5e71d3112695b882ca2030e,SO74968,22,FE-6654,1,22,12092303778fcfa88ed7d284b74c6a6a
13295,08ff55594d8ca57b756a1953f77ebc89,54d3ba66c5e71d3112695b882ca2030e,SO74968,150,LJ-0192-M,3,150,12092303778fcfa88ed7d284b74c6a6a
13296,41fc4cb27e0ee552c4c9247e1a476cc5,6d338b8c41c717c4336ad0084a80dca4,SO55125,22,FE-6654,1,22,6e5c4b769f8f70f9fd01b24ba5be9695
13297,b210069485754303767745919c328b97,305c66634c155cab2b5cc3ce00351eb1,SO62849,22,FE-6654,1,22,5efefff01843f5aa3f7d8a4d44b4bf2e
13298,4dbf892d41ae205f6e36838031cff786,de22d232bbe84481579f6252f1e7091d,SO58236,10,BC-M005,1,10,3fbd0407b55d3a3da21388a2ddbf881c
13298,4dbf892d41ae205f6e36838031cff786,de22d232bbe84481579f6252f1e7091d,SO58236,4640,BK-M68S-42,2,4640,3fbd0407b55d3a3da21388a2ddbf881c
13298,79c5eb49b683e206aa6d5b40f84c60eb,9b657dcbee0478c7d9be871266f00f1f,SO47258,4364,BK-R89B-52,2,4364,f459baa887e18a3fb6af0118506f75a6
13299,375bde15092f45652b6398c1dff650d0,830e779850b1d58733a7ad711bf6b83f,SO57353,10,BC-M005,1,10,a8ef76a01442567fb64eb6f4408a9835
13299,375bde15092f45652b6398c1dff650d0,830e779850b1d58733a7ad711bf6b83f,SO57353,4640,BK-M68S-38,2,4640,a8ef76a01442567fb64eb6f4408a9835
13299,375bde15092f45652b6398c1dff650d0,830e779850b1d58733a7ad711bf6b83f,SO57353,22,FE-6654,1,22,a8ef76a01442567fb64eb6f4408a9835
13299,375bde15092f45652b6398c1dff650d0,830e779850b1d58733a7ad711bf6b83f,SO57353,35,TI-M823,1,35,a8ef76a01442567fb64eb6f4408a9835
13299,375bde15092f45652b6398c1dff650d0,830e779850b1d58733a7ad711bf6b83f,SO57353,5,TT-M928,1,5,a8ef76a01442567fb64eb6f4408a9835
13299,ad9d849aa74e54742c555c19900c6f1e,93292bf41ccb6542d121825f25cbf70b,SO47319,2443,BK-R89R-52,1,2443,ee76080374845c1990834952499ba763
13300,6582aa26281b9a92ad60e6a03e274c00,232e830f1ac667c081eaaca23cdf9b5f,SO65423,10,BC-M005,1,10,18f358e551b5b85912bc952ab9894c0d
13300,6582aa26281b9a92ad60e6a03e274c00,232e830f1ac667c081eaaca23cdf9b5f,SO65423,27,CA-1098,3,27,18f358e551b5b85912bc952ab9894c0d
13300,6582aa26281b9a92ad60e6a03e274c00,232e830f1ac667c081eaaca23cdf9b5f,SO65423,22,FE-6654,1,22,18f358e551b5b85912bc952ab9894c0d
13300,6582aa26281b9a92ad60e6a03e274c00,232e830f1ac667c081eaaca23cdf9b5f,SO65423,5,WB-H098,1,5,18f358e551b5b85912bc952ab9894c0d
13301,0120f4004ede1143c3be6caa4227affe,93ddc10d6cf61153011df052aa76671f,SO66396,10,BC-M005,1,10,07b7d2aed13a63a16377587dcc0abbe8
13301,0120f4004ede1143c3be6caa4227affe,93ddc10d6cf61153011df052aa76671f,SO66396,22,FE-6654,1,22,07b7d2aed13a63a16377587dcc0abbe8
13301,0120f4004ede1143c3be6caa4227affe,93ddc10d6cf61153011df052aa76671f,SO66396,105,HL-U509-B,3,105,07b7d2aed13a63a16377587dcc0abbe8
13302,41464bd548f06ca845208f69df30ac82,15aceb75d86814cb479f1b1a9487c3d4,SO53691,22,FE-6654,1,22,3e48b2167bd86ef570e46d0b286c4f74
13302,41464bd548f06ca845208f69df30ac82,15aceb75d86814cb479f1b1a9487c3d4,SO53691,105,HL-U509-R,3,105,3e48b2167bd86ef570e46d0b286c4f74
13303,64cadfde6f66bc25043d0d69f5ae5471,18f358e551b5b85912bc952ab9894c0d,SO65828,9,SO-R809-L,1,9,8d1d4829b2e801ba4e41ba48f5a549d4
13303,64cadfde6f66bc25043d0d69f5ae5471,18f358e551b5b85912bc952ab9894c0d,SO65828,5,WB-H098,1,5,8d1d4829b2e801ba4e41ba48f5a549d4
13303,73b2264d673ee7b5b2e7e165020516ac,4ceff7612cfa4420892fe23b23ca9265,SO57408,2,PK-7098,1,2,8d71482745a6a1be4fbbc5562ade4657
13303,73b2264d673ee7b5b2e7e165020516ac,4ceff7612cfa4420892fe23b23ca9265,SO57408,35,TI-M823,1,35,8d71482745a6a1be4fbbc5562ade4657
13303,73b2264d673ee7b5b2e7e165020516ac,4ceff7612cfa4420892fe23b23ca9265,SO57408,5,TT-M928,1,5,8d71482745a6a1be4fbbc5562ade4657
13303,e2f0a420a4c1a9e8e292761f835e0489,4eec6eda382b9c44e240ad4b4b5e9cc0,SO65577,10,BC-M005,1,10,9d934f91c460e9947414d00048f2fa36
13304,6eaadc1181f307997dc853d9ed40db36,0814775cfc25da756a9b4197347ab771,SO58529,4640,BK-M68S-38,2,4640,4dbf892d41ae205f6e36838031cff786
13304,6eaadc1181f307997dc853d9ed40db36,0814775cfc25da756a9b4197347ab771,SO58529,22,FE-6654,1,22,4dbf892d41ae205f6e36838031cff786
13304,6eaadc1181f307997dc853d9ed40db36,0814775cfc25da756a9b4197347ab771,SO58529,105,HL-U509-R,3,105,4dbf892d41ae205f6e36838031cff786
13304,6eaadc1181f307997dc853d9ed40db36,0814775cfc25da756a9b4197347ab771,SO58529,54,SJ-0194-M,1,54,4dbf892d41ae205f6e36838031cff786
13304,9adbaac8d97fd446c4d97ce11625bd78,f459baa887e18a3fb6af0118506f75a6,SO47327,4364,BK-R89B-52,2,4364,aa06fa50828269965eade0f7422d1b9e
13305,40883861f6e25a2e09e848a7891f4f38,eba5233d2dd8ea5031e646882335ece0,SO57462,22,FE-6654,1,22,d76e0ba1fa041675ae9af958c5b41ae4
13305,40883861f6e25a2e09e848a7891f4f38,eba5233d2dd8ea5031e646882335ece0,SO57462,150,LJ-0192-S,3,150,d76e0ba1fa041675ae9af958c5b41ae4
13306,47a161474962a6dcc03cfa64127a641f,8920fd63645007b243abb750709b1172,SO73221,22,FE-6654,1,22,c5ed53572c667b119dde2fc0f54de602
13306,47a161474962a6dcc03cfa64127a641f,8920fd63645007b243abb750709b1172,SO73221,150,LJ-0192-S,3,150,c5ed53572c667b119dde2fc0f54de602
13307,7254e54716fe52361e62aa16ea2e0797,6eaadc1181f307997dc853d9ed40db36,SO59445,22,FE-6654,1,22,e7df1b3ee078bdcfc260a877f321287d
13307,7254e54716fe52361e62aa16ea2e0797,6eaadc1181f307997dc853d9ed40db36,SO59445,48,GL-H102-L,2,48,e7df1b3ee078bdcfc260a877f321287d
13307,7254e54716fe52361e62aa16ea2e0797,6eaadc1181f307997dc853d9ed40db36,SO59445,105,HL-U509-B,3,105,e7df1b3ee078bdcfc260a877f321287d
13308,a8ef76a01442567fb64eb6f4408a9835,427ed6396fba4ed8ead9ec3229517d2b,SO56878,8,CL-9009,1,8,eba5233d2dd8ea5031e646882335ece0
13308,a8ef76a01442567fb64eb6f4408a9835,427ed6396fba4ed8ead9ec3229517d2b,SO56878,22,FE-6654,1,22,eba5233d2dd8ea5031e646882335ece0
13309,ed268f8f3837888893f896b7240f1254,a9cefc49af6424b430612adfc69876ee,SO56469,22,FE-6654,1,22,6353a8421ee460b64f2c988cc72a8391
13310,d3c54b4368c62c2ff11535bf2b677170,41464bd548f06ca845208f69df30ac82,SO54356,8,CL-9009,1,8,da9c4ba6c9a1ae8725389bfd38b5763a
13310,d3c54b4368c62c2ff11535bf2b677170,41464bd548f06ca845208f69df30ac82,SO54356,22,FE-6654,1,22,da9c4ba6c9a1ae8725389bfd38b5763a
13311,8babade0595c11e14dd89058a850f2cd,a048b8d5f3f9178f163e2be055f0138b,SO73907,8,CL-9009,1,8,501407dcfde5b685045ca3072168d5bb
13311,8babade0595c11e14dd89058a850f2cd,a048b8d5f3f9178f163e2be055f0138b,SO73907,22,FE-6654,1,22,501407dcfde5b685045ca3072168d5bb
13312,2fe1a028f9398deb2efcd536c8246fae,9913e55755fcc4267a06c1e6adbbc7fb,SO62613,27,CA-1098,3,27,8dd08d219271ec96c543f486de430703
13312,2fe1a028f9398deb2efcd536c8246fae,9913e55755fcc4267a06c1e6adbbc7fb,SO62613,22,FE-6654,1,22,8dd08d219271ec96c543f486de430703
13312,2fe1a028f9398deb2efcd536c8246fae,9913e55755fcc4267a06c1e6adbbc7fb,SO62613,150,LJ-0192-S,3,150,8dd08d219271ec96c543f486de430703
13313,d3c54b4368c62c2ff11535bf2b677170,41464bd548f06ca845208f69df30ac82,SO54357,22,FE-6654,1,22,da9c4ba6c9a1ae8725389bfd38b5763a
13313,d3c54b4368c62c2ff11535bf2b677170,41464bd548f06ca845208f69df30ac82,SO54357,55,HY-1023-70,1,55,da9c4ba6c9a1ae8725389bfd38b5763a
13314,07b31bae17c7890b17d79a654aa230cf,a976f17830aceaaa93d5daef0bc209a3,SO58179,4590,BK-M68B-42,2,4590,ef5bad66aa19ccfb82cacb73584b83ea
13314,07b31bae17c7890b17d79a654aa230cf,a976f17830aceaaa93d5daef0bc209a3,SO58179,27,CA-1098,3,27,ef5bad66aa19ccfb82cacb73584b83ea
13314,07b31bae17c7890b17d79a654aa230cf,a976f17830aceaaa93d5daef0bc209a3,SO58179,22,FE-6654,1,22,ef5bad66aa19ccfb82cacb73584b83ea
13314,07b31bae17c7890b17d79a654aa230cf,a976f17830aceaaa93d5daef0bc209a3,SO58179,105,HL-U509,3,105,ef5bad66aa19ccfb82cacb73584b83ea
13314,07b31bae17c7890b17d79a654aa230cf,a976f17830aceaaa93d5daef0bc209a3,SO58179,150,LJ-0192-M,3,150,ef5bad66aa19ccfb82cacb73584b83ea
13314,ff865f6f4949cd6d631d069a4268d9aa,021a9f9ff27cc992988201b84cae392f,SO47226,2443,BK-R89R-44,1,2443,b5bd60d2c998267a6b6a11a2521b0b65
13315,40883861f6e25a2e09e848a7891f4f38,eba5233d2dd8ea5031e646882335ece0,SO57470,10,BC-M005,1,10,d76e0ba1fa041675ae9af958c5b41ae4
13315,40883861f6e25a2e09e848a7891f4f38,eba5233d2dd8ea5031e646882335ece0,SO57470,4590,BK-M68B-42,2,4590,d76e0ba1fa041675ae9af958c5b41ae4
13315,40883861f6e25a2e09e848a7891f4f38,eba5233d2dd8ea5031e646882335ece0,SO57470,55,HY-1023-70,1,55,d76e0ba1fa041675ae9af958c5b41ae4
13315,ad9d849aa74e54742c555c19900c6f1e,93292bf41ccb6542d121825f25cbf70b,SO47320,4364,BK-R89B-52,2,4364,ee76080374845c1990834952499ba763
13316,0814775cfc25da756a9b4197347ab771,d76e0ba1fa041675ae9af958c5b41ae4,SO57828,4640,BK-M68S-42,2,4640,de22d232bbe84481579f6252f1e7091d
13316,0814775cfc25da756a9b4197347ab771,d76e0ba1fa041675ae9af958c5b41ae4,SO57828,105,HL-U509-B,3,105,de22d232bbe84481579f6252f1e7091d
13316,0814775cfc25da756a9b4197347ab771,d76e0ba1fa041675ae9af958c5b41ae4,SO57828,35,TI-M823,1,35,de22d232bbe84481579f6252f1e7091d
13316,0814775cfc25da756a9b4197347ab771,d76e0ba1fa041675ae9af958c5b41ae4,SO57828,5,TT-M928,1,5,de22d232bbe84481579f6252f1e7091d
13316,6e1ea8c2b90f9655373e732ea4445676,be6c9b96c35f6d80642550df922ea69a,SO47309,4364,BK-R89B-52,2,4364,79c5eb49b683e206aa6d5b40f84c60eb
13317,128ee9ff420de424a605a0ee4a6f7916,fee8e08233f3f00450bce31967abb0f1,SO71386,22,FE-6654,1,22,2797a91b25bc2aa85124c99bc574dc83
13317,128ee9ff420de424a605a0ee4a6f7916,fee8e08233f3f00450bce31967abb0f1,SO71386,105,HL-U509-R,3,105,2797a91b25bc2aa85124c99bc574dc83
13318,072bf847aeeee970f66483e596496cd9,cfceb7490eff6e660974507be7c579c6,SO52651,8,CL-9009,1,8,dca79d69a6b38e95c4b03bfab997796c
13318,072bf847aeeee970f66483e596496cd9,cfceb7490eff6e660974507be7c579c6,SO52651,35,TI-M823,1,35,dca79d69a6b38e95c4b03bfab997796c
13318,072bf847aeeee970f66483e596496cd9,cfceb7490eff6e660974507be7c579c6,SO52651,5,TT-M928,1,5,dca79d69a6b38e95c4b03bfab997796c
13318,15aceb75d86814cb479f1b1a9487c3d4,f799d104dd23bb828dcdaaefc4d25b61,SO52900,10,BC-M005,1,10,072bf847aeeee970f66483e596496cd9
13318,15aceb75d86814cb479f1b1a9487c3d4,f799d104dd23bb828dcdaaefc4d25b61,SO52900,54,SJ-0194-L,1,54,072bf847aeeee970f66483e596496cd9
13318,15aceb75d86814cb479f1b1a9487c3d4,f799d104dd23bb828dcdaaefc4d25b61,SO52900,5,WB-H098,1,5,072bf847aeeee970f66483e596496cd9
13318,36ab6f1df21f3c9a169c8942e981959a,058af5b2a408d57b708367e5bf4e9d9c,SO67662,2,PK-7098,1,2,8e8847c1bdf012037ee13bb62da8a5c1
13318,36ab6f1df21f3c9a169c8942e981959a,058af5b2a408d57b708367e5bf4e9d9c,SO67662,33,TI-R982,1,33,8e8847c1bdf012037ee13bb62da8a5c1
13318,36ab6f1df21f3c9a169c8942e981959a,058af5b2a408d57b708367e5bf4e9d9c,SO67662,4,TT-R982,1,4,8e8847c1bdf012037ee13bb62da8a5c1
13318,6582aa26281b9a92ad60e6a03e274c00,232e830f1ac667c081eaaca23cdf9b5f,SO65410,48,GL-H102-L,2,48,18f358e551b5b85912bc952ab9894c0d
13318,6582aa26281b9a92ad60e6a03e274c00,232e830f1ac667c081eaaca23cdf9b5f,SO65410,29,TI-T723,1,29,18f358e551b5b85912bc952ab9894c0d
13318,6582aa26281b9a92ad60e6a03e274c00,232e830f1ac667c081eaaca23cdf9b5f,SO65410,5,TT-T092,1,5,18f358e551b5b85912bc952ab9894c0d
13319,244cede513841376c37dc856f2f5e7b9,5e1b952a22eccca86f7f056a9efb42a4,SO58398,4640,BK-M68S-46,2,4640,debbb2493c6588799fc787e1854bcda5
13319,244cede513841376c37dc856f2f5e7b9,5e1b952a22eccca86f7f056a9efb42a4,SO58398,22,FE-6654,1,22,debbb2493c6588799fc787e1854bcda5
13319,244cede513841376c37dc856f2f5e7b9,5e1b952a22eccca86f7f056a9efb42a4,SO58398,105,HL-U509-B,3,105,debbb2493c6588799fc787e1854bcda5
13319,244cede513841376c37dc856f2f5e7b9,5e1b952a22eccca86f7f056a9efb42a4,SO58398,54,SJ-0194-S,1,54,debbb2493c6588799fc787e1854bcda5
13319,244cede513841376c37dc856f2f5e7b9,5e1b952a22eccca86f7f056a9efb42a4,SO58398,35,TI-M823,1,35,debbb2493c6588799fc787e1854bcda5
13319,3e5c252ff13111aa6a12067ee19d69e6,b9836987c405fca6133a2969f25c7398,SO47105,4364,BK-R89R-58,2,4364,7f9d156e18f1be5abef55a22081e71ce
13320,14e4b13c27fb9bce9938ce35b6597eca,c375f33d72ca7161f341c2726e82d67a,SO53387,22,FE-6654,1,22,9b98d27287b27eeee9ebc06e1d5a9a8d
13321,e4b40b4ba619c72ec5a69caad258d393,b0950d12c62d3aeda81b2e8d06f2aef4,SO74216,10,BC-M005,1,10,8babade0595c11e14dd89058a850f2cd
13321,e4b40b4ba619c72ec5a69caad258d393,b0950d12c62d3aeda81b2e8d06f2aef4,SO74216,22,FE-6654,1,22,8babade0595c11e14dd89058a850f2cd
13321,e4b40b4ba619c72ec5a69caad258d393,b0950d12c62d3aeda81b2e8d06f2aef4,SO74216,105,HL-U509-B,3,105,8babade0595c11e14dd89058a850f2cd
13321,e4b40b4ba619c72ec5a69caad258d393,b0950d12c62d3aeda81b2e8d06f2aef4,SO74216,5,WB-H098,1,5,8babade0595c11e14dd89058a850f2cd
13322,5e1b952a22eccca86f7f056a9efb42a4,a8ef76a01442567fb64eb6f4408a9835,SO57726,22,FE-6654,1,22,40883861f6e25a2e09e848a7891f4f38
13322,5e1b952a22eccca86f7f056a9efb42a4,a8ef76a01442567fb64eb6f4408a9835,SO57726,64,VE-C304-S,1,64,40883861f6e25a2e09e848a7891f4f38
13323,a048b8d5f3f9178f163e2be055f0138b,c83e871e48c2716e0f28e60d166a5c98,SO73000,22,FE-6654,1,22,41ef6b06b63ba4f6a5234245a439b157
13323,a048b8d5f3f9178f163e2be055f0138b,c83e871e48c2716e0f28e60d166a5c98,SO73000,120,RA-H123,1,120,41ef6b06b63ba4f6a5234245a439b157
13324,5e1b952a22eccca86f7f056a9efb42a4,a8ef76a01442567fb64eb6f4408a9835,SO57732,4590,BK-M68B-42,2,4590,40883861f6e25a2e09e848a7891f4f38
13324,5e1b952a22eccca86f7f056a9efb42a4,a8ef76a01442567fb64eb6f4408a9835,SO57732,8,CL-9009,1,8,40883861f6e25a2e09e848a7891f4f38
13324,5e1b952a22eccca86f7f056a9efb42a4,a8ef76a01442567fb64eb6f4408a9835,SO57732,2,PK-7098,1,2,40883861f6e25a2e09e848a7891f4f38
13324,5e1b952a22eccca86f7f056a9efb42a4,a8ef76a01442567fb64eb6f4408a9835,SO57732,35,TI-M823,1,35,40883861f6e25a2e09e848a7891f4f38
13324,5e1b952a22eccca86f7f056a9efb42a4,a8ef76a01442567fb64eb6f4408a9835,SO57732,5,TT-M928,1,5,40883861f6e25a2e09e848a7891f4f38
13324,9b657dcbee0478c7d9be871266f00f1f,663d11326de76cfa493cc577763c59ee,SO47147,4364,BK-R89B-48,2,4364,3e5c252ff13111aa6a12067ee19d69e6
13325,021a9f9ff27cc992988201b84cae392f,65b64297f0421f6e057524afb222b411,SO47125,4364,BK-R89B-48,2,4364,540c97e65b08aac734db0196254259fd
13325,640540d73b85c3ecd2e3bf5541686e87,eba6cab7267f82e3b2a063d5ea445bb9,SO58761,4640,BK-M68S-42,2,4640,d630b2db6e8046e30b4728ca862ba4e1
13325,640540d73b85c3ecd2e3bf5541686e87,eba6cab7267f82e3b2a063d5ea445bb9,SO58761,22,FE-6654,1,22,d630b2db6e8046e30b4728ca862ba4e1
13325,640540d73b85c3ecd2e3bf5541686e87,eba6cab7267f82e3b2a063d5ea445bb9,SO58761,105,HL-U509-R,3,105,d630b2db6e8046e30b4728ca862ba4e1
13326,021a9f9ff27cc992988201b84cae392f,65b64297f0421f6e057524afb222b411,SO47126,4364,BK-R89R-58,2,4364,540c97e65b08aac734db0196254259fd
13326,174acf6ca4e9804d47a59a499422e621,5abaefcc8525a8f4cfd95cba9e926532,SO58335,4590,BK-M68B-46,2,4590,eba6cab7267f82e3b2a063d5ea445bb9
13326,174acf6ca4e9804d47a59a499422e621,5abaefcc8525a8f4cfd95cba9e926532,SO58335,35,TI-M823,2,70,eba6cab7267f82e3b2a063d5ea445bb9
13327,4555f65c4664801d78b9f5477f89d8fd,7ee641303ef8d8b10d0ed00a060c73cc,SO62509,27,CA-1098,3,27,94c60e0b5e2b0f78b919a5d4c67d70a2
13327,4555f65c4664801d78b9f5477f89d8fd,7ee641303ef8d8b10d0ed00a060c73cc,SO62509,22,FE-6654,1,22,94c60e0b5e2b0f78b919a5d4c67d70a2
13328,2ed3972e38245b633ec6b146c2970148,6477c205c5117a9448ba863e111acf32,SO61723,9,BC-R205,1,9,2becb9647677a1a316b388bbad689580
13328,2ed3972e38245b633ec6b146c2970148,6477c205c5117a9448ba863e111acf32,SO61723,2384,BK-T79U-60,1,2384,2becb9647677a1a316b388bbad689580
13328,2ed3972e38245b633ec6b146c2970148,6477c205c5117a9448ba863e111acf32,SO61723,5,WB-H098,1,5,2becb9647677a1a316b388bbad689580
13328,a2c49941411089cb2a9cbf78cb803c26,73a69a5c77a7d23172e54d7ce07a638e,SO56174,10,BC-M005,1,10,39fe373cdcb4534addde73890415b660
13328,a2c49941411089cb2a9cbf78cb803c26,73a69a5c77a7d23172e54d7ce07a638e,SO56174,4590,BK-M68B-42,2,4590,39fe373cdcb4534addde73890415b660
13328,a2c49941411089cb2a9cbf78cb803c26,73a69a5c77a7d23172e54d7ce07a638e,SO56174,5,WB-H098,1,5,39fe373cdcb4534addde73890415b660
13329,6eaadc1181f307997dc853d9ed40db36,0814775cfc25da756a9b4197347ab771,SO58526,10,BC-M005,1,10,4dbf892d41ae205f6e36838031cff786
13329,6eaadc1181f307997dc853d9ed40db36,0814775cfc25da756a9b4197347ab771,SO58526,4590,BK-M68B-46,2,4590,4dbf892d41ae205f6e36838031cff786
13329,6eaadc1181f307997dc853d9ed40db36,0814775cfc25da756a9b4197347ab771,SO58526,54,SJ-0194-S,1,54,4dbf892d41ae205f6e36838031cff786
13329,6eaadc1181f307997dc853d9ed40db36,0814775cfc25da756a9b4197347ab771,SO58526,5,WB-H098,1,5,4dbf892d41ae205f6e36838031cff786
13329,b5bd60d2c998267a6b6a11a2521b0b65,540c97e65b08aac734db0196254259fd,SO47181,2443,BK-R89R-44,1,2443,74b4466b347c60a98e00951770d7b9a2
13330,07b7d2aed13a63a16377587dcc0abbe8,02b96ab6e0935145589be4e1408a1675,SO66108,10,BC-M005,1,10,6866da5d40f1aad2d82129d5ffa25bda
13330,07b7d2aed13a63a16377587dcc0abbe8,02b96ab6e0935145589be4e1408a1675,SO66108,5,WB-H098,1,5,6866da5d40f1aad2d82129d5ffa25bda
13330,39fe373cdcb4534addde73890415b660,41fc4cb27e0ee552c4c9247e1a476cc5,SO55889,5,WB-H098,1,5,3519c8eb4095dbc69d80eb61856d3435
13330,59c3d64cb01cd5ad7fd25246d81a55ff,ac15b60491fe99190c0248790e690757,SO55536,105,HL-U509,3,105,d8a4ea0dc4237ee8690ee37b3902fd0e
13330,59c3d64cb01cd5ad7fd25246d81a55ff,ac15b60491fe99190c0248790e690757,SO55536,35,TI-M823,1,35,d8a4ea0dc4237ee8690ee37b3902fd0e
13330,59c3d64cb01cd5ad7fd25246d81a55ff,ac15b60491fe99190c0248790e690757,SO55536,5,TT-M928,1,5,d8a4ea0dc4237ee8690ee37b3902fd0e
13331,04dbdf67bb8714ba18c9c36d50d1f5dc,4cc27df81afd686c0420394e090460cb,SO62000,22,FE-6654,1,22,2ed3972e38245b633ec6b146c2970148
13331,04dbdf67bb8714ba18c9c36d50d1f5dc,4cc27df81afd686c0420394e090460cb,SO62000,105,HL-U509-B,3,105,2ed3972e38245b633ec6b146c2970148
13331,04dbdf67bb8714ba18c9c36d50d1f5dc,4cc27df81afd686c0420394e090460cb,SO62000,9,SO-R809-M,1,9,2ed3972e38245b633ec6b146c2970148
13332,66e56e10b0f528b66a45e307ecdf4774,691ad1b0dca3643b923973defd014d47,SO68593,22,FE-6654,1,22,8eb7a1b0dba9fdd5f4248b9cb6b9119b
13332,66e56e10b0f528b66a45e307ecdf4774,691ad1b0dca3643b923973defd014d47,SO68593,105,HL-U509,3,105,8eb7a1b0dba9fdd5f4248b9cb6b9119b
13333,a1d0c0a14c6c8f8a8ef8220209c23a64,05e7920e8caf0303dc01b77666952b75,SO66991,22,FE-6654,1,22,cd15e5f80ff20dd345bfaa51400dd0d6
13334,81a5d08c6beaeec9e42baae5d63dd780,95103530881768b5cfc7e33970db9cd7,SO63333,10,BC-M005,1,10,b210069485754303767745919c328b97
13334,81a5d08c6beaeec9e42baae5d63dd780,95103530881768b5cfc7e33970db9cd7,SO63333,22,FE-6654,1,22,b210069485754303767745919c328b97
13334,81a5d08c6beaeec9e42baae5d63dd780,95103530881768b5cfc7e33970db9cd7,SO63333,105,HL-U509-B,3,105,b210069485754303767745919c328b97
13334,81a5d08c6beaeec9e42baae5d63dd780,95103530881768b5cfc7e33970db9cd7,SO63333,5,WB-H098,1,5,b210069485754303767745919c328b97
13335,dcf73f840a50da0145f24e8e0169dc4b,2797a91b25bc2aa85124c99bc574dc83,SO72037,22,FE-6654,1,22,d5985f40495ba672dff8a99620b879c8
13335,dcf73f840a50da0145f24e8e0169dc4b,2797a91b25bc2aa85124c99bc574dc83,SO72037,150,LJ-0192-L,3,150,d5985f40495ba672dff8a99620b879c8
13336,39fe373cdcb4534addde73890415b660,41fc4cb27e0ee552c4c9247e1a476cc5,SO55909,22,FE-6654,1,22,3519c8eb4095dbc69d80eb61856d3435
13336,39fe373cdcb4534addde73890415b660,41fc4cb27e0ee552c4c9247e1a476cc5,SO55909,105,HL-U509-R,3,105,3519c8eb4095dbc69d80eb61856d3435
13336,39fe373cdcb4534addde73890415b660,41fc4cb27e0ee552c4c9247e1a476cc5,SO55909,150,LJ-0192-M,3,150,3519c8eb4095dbc69d80eb61856d3435
13337,9a95fdf4e925d9cbd65f87b5aa4ac212,478ecc8cdaa127c33884d9f6c72c2cd5,SO59619,22,FE-6654,1,22,9e8cbc3edbb5efb3f48d6afb260e4725
13337,9a95fdf4e925d9cbd65f87b5aa4ac212,478ecc8cdaa127c33884d9f6c72c2cd5,SO59619,159,ST-1401,1,159,9e8cbc3edbb5efb3f48d6afb260e4725
13338,4c9ae581a14adbccc0bcd009c17b6cbe,56e52500a7f5ab963646137a401683cd,SO75059,10,BC-M005,1,10,838eec1f117f2cab9e9c306f7efbff28
13338,4c9ae581a14adbccc0bcd009c17b6cbe,56e52500a7f5ab963646137a401683cd,SO75059,22,FE-6654,1,22,838eec1f117f2cab9e9c306f7efbff28
13338,4c9ae581a14adbccc0bcd009c17b6cbe,56e52500a7f5ab963646137a401683cd,SO75059,105,HL-U509,3,105,838eec1f117f2cab9e9c306f7efbff28
13338,4c9ae581a14adbccc0bcd009c17b6cbe,56e52500a7f5ab963646137a401683cd,SO75059,150,LJ-0192-S,3,150,838eec1f117f2cab9e9c306f7efbff28
13338,4c9ae581a14adbccc0bcd009c17b6cbe,56e52500a7f5ab963646137a401683cd,SO75059,5,WB-H098,1,5,838eec1f117f2cab9e9c306f7efbff28
13339,0dc34ca2aaa8612cde077f1880b78b25,361e2c62255e0c1887ac2139911ca300,SO52510,22,FE-6654,1,22,7f026edc73bd4602381834e9b850d6c2
13339,0dc34ca2aaa8612cde077f1880b78b25,361e2c62255e0c1887ac2139911ca300,SO52510,9,SO-R809-L,1,9,7f026edc73bd4602381834e9b850d6c2
13340,174acf6ca4e9804d47a59a499422e621,5abaefcc8525a8f4cfd95cba9e926532,SO58333,10,BC-M005,1,10,eba6cab7267f82e3b2a063d5ea445bb9
13340,174acf6ca4e9804d47a59a499422e621,5abaefcc8525a8f4cfd95cba9e926532,SO58333,4590,BK-M68B-42,2,4590,eba6cab7267f82e3b2a063d5ea445bb9
13340,174acf6ca4e9804d47a59a499422e621,5abaefcc8525a8f4cfd95cba9e926532,SO58333,55,HY-1023-70,1,55,eba6cab7267f82e3b2a063d5ea445bb9
13340,174acf6ca4e9804d47a59a499422e621,5abaefcc8525a8f4cfd95cba9e926532,SO58333,5,WB-H098,1,5,eba6cab7267f82e3b2a063d5ea445bb9
13340,e4eb0466781b24d67b81f508aeab70b7,74b4466b347c60a98e00951770d7b9a2,SO47248,4364,BK-R89B-48,2,4364,93292bf41ccb6542d121825f25cbf70b
13341,deff8ad81a213d1110c1f409a7f40fcd,b8cc77f0099ae7d3a20b9f0b74d70b12,SO52824,22,FE-6654,1,22,f04e53711455521533f4c5ed7dcaa287
13341,deff8ad81a213d1110c1f409a7f40fcd,b8cc77f0099ae7d3a20b9f0b74d70b12,SO52824,120,RA-H123,1,120,f04e53711455521533f4c5ed7dcaa287
13342,3f72b837978dcd042b73e7270f11a4ca,83d1ed00595e79ee5ea3797e97970fe8,SO70288,8,CL-9009,1,8,99c8f306659fd98cbb9d7f03ec0c2a7a
13342,3f72b837978dcd042b73e7270f11a4ca,83d1ed00595e79ee5ea3797e97970fe8,SO70288,22,FE-6654,1,22,99c8f306659fd98cbb9d7f03ec0c2a7a
13342,3f72b837978dcd042b73e7270f11a4ca,83d1ed00595e79ee5ea3797e97970fe8,SO70288,2,PK-7098,1,2,99c8f306659fd98cbb9d7f03ec0c2a7a
13343,16918840d98f27ce45948fe73dd5592f,04dbdf67bb8714ba18c9c36d50d1f5dc,SO62740,9,BC-R205,1,9,95103530881768b5cfc7e33970db9cd7
13343,16918840d98f27ce45948fe73dd5592f,04dbdf67bb8714ba18c9c36d50d1f5dc,SO62740,2384,BK-T79Y-60,1,2384,95103530881768b5cfc7e33970db9cd7
13343,16918840d98f27ce45948fe73dd5592f,04dbdf67bb8714ba18c9c36d50d1f5dc,SO62740,8,CL-9009,1,8,95103530881768b5cfc7e33970db9cd7
13343,de22d232bbe84481579f6252f1e7091d,cae5717327bee7d74e261c550aa5081f,SO57579,4590,BK-M68B-46,2,4590,ab4946738415af86b5e3cee69b13301f
13343,de22d232bbe84481579f6252f1e7091d,cae5717327bee7d74e261c550aa5081f,SO57579,22,FE-6654,1,22,ab4946738415af86b5e3cee69b13301f
13343,de22d232bbe84481579f6252f1e7091d,cae5717327bee7d74e261c550aa5081f,SO57579,2,PK-7098,1,2,ab4946738415af86b5e3cee69b13301f
13344,375bde15092f45652b6398c1dff650d0,830e779850b1d58733a7ad711bf6b83f,SO57347,27,CA-1098,3,27,a8ef76a01442567fb64eb6f4408a9835
13344,375bde15092f45652b6398c1dff650d0,830e779850b1d58733a7ad711bf6b83f,SO57347,22,FE-6654,1,22,a8ef76a01442567fb64eb6f4408a9835
13344,375bde15092f45652b6398c1dff650d0,830e779850b1d58733a7ad711bf6b83f,SO57347,150,LJ-0192-S,3,150,a8ef76a01442567fb64eb6f4408a9835
13345,922d04aa1f67bbe0270bfad98508f43e,0383d48e76cd8a3dfb9e2a890f2cac18,SO61845,2384,BK-T79U-54,1,2384,76918877cf6ce7011018cd9708723392
13345,922d04aa1f67bbe0270bfad98508f43e,0383d48e76cd8a3dfb9e2a890f2cac18,SO61845,48,GL-H102-S,2,48,76918877cf6ce7011018cd9708723392
13345,922d04aa1f67bbe0270bfad98508f43e,0383d48e76cd8a3dfb9e2a890f2cac18,SO61845,29,TI-T723,1,29,76918877cf6ce7011018cd9708723392
13345,922d04aa1f67bbe0270bfad98508f43e,0383d48e76cd8a3dfb9e2a890f2cac18,SO61845,5,TT-T092,1,5,76918877cf6ce7011018cd9708723392
13345,d630b2db6e8046e30b4728ca862ba4e1,02ad1a5ca18e58629b8c1d6a6401d071,SO58455,4590,BK-M68B-42,2,4590,07b31bae17c7890b17d79a654aa230cf
13345,d630b2db6e8046e30b4728ca862ba4e1,02ad1a5ca18e58629b8c1d6a6401d071,SO58455,22,FE-6654,1,22,07b31bae17c7890b17d79a654aa230cf
13346,375bde15092f45652b6398c1dff650d0,830e779850b1d58733a7ad711bf6b83f,SO57355,4590,BK-M68B-38,2,4590,a8ef76a01442567fb64eb6f4408a9835
13346,375bde15092f45652b6398c1dff650d0,830e779850b1d58733a7ad711bf6b83f,SO57355,22,FE-6654,1,22,a8ef76a01442567fb64eb6f4408a9835
13346,e4eb0466781b24d67b81f508aeab70b7,74b4466b347c60a98e00951770d7b9a2,SO47249,4364,BK-R89B-52,2,4364,93292bf41ccb6542d121825f25cbf70b
13347,254d832c83ccdb2c33eab65a4fd196ff,75fe8d7dec9d2a51be64595ab37dc674,SO59539,22,FE-6654,1,22,4a800301260b2639fa1ec3efafb5f86c
13347,254d832c83ccdb2c33eab65a4fd196ff,75fe8d7dec9d2a51be64595ab37dc674,SO59539,150,LJ-0192-L,3,150,4a800301260b2639fa1ec3efafb5f86c
13348,41c97bac51d5ee4cfce0cfa86385fdbe,7afee94d3e6bff4193546ca658f9d3bf,SO47137,4364,BK-R89R-58,2,4364,8799729d3a89b836b7fb8096b7f545c8
13348,6eaadc1181f307997dc853d9ed40db36,0814775cfc25da756a9b4197347ab771,SO58527,4590,BK-M68B-38,2,4590,4dbf892d41ae205f6e36838031cff786
13348,6eaadc1181f307997dc853d9ed40db36,0814775cfc25da756a9b4197347ab771,SO58527,105,HL-U509,3,105,4dbf892d41ae205f6e36838031cff786
13348,6eaadc1181f307997dc853d9ed40db36,0814775cfc25da756a9b4197347ab771,SO58527,35,TI-M823,1,35,4dbf892d41ae205f6e36838031cff786
13348,6eaadc1181f307997dc853d9ed40db36,0814775cfc25da756a9b4197347ab771,SO58527,5,TT-M928,1,5,4dbf892d41ae205f6e36838031cff786
13348,6eaadc1181f307997dc853d9ed40db36,0814775cfc25da756a9b4197347ab771,SO58527,64,VE-C304-S,1,64,4dbf892d41ae205f6e36838031cff786
13349,ad4fbe0c82c7e5968d4cf22c2ad19e28,72e75576254db1afef14ecdc050391c2,SO52711,22,FE-6654,1,22,f5933feadc49c253e4f0e77b236946e9
13350,94c60e0b5e2b0f78b919a5d4c67d70a2,0d15ba5aa4c9ad0377b26e0cf7a86280,SO62194,9,SO-R809-L,1,9,9913e55755fcc4267a06c1e6adbbc7fb
13350,94c60e0b5e2b0f78b919a5d4c67d70a2,0d15ba5aa4c9ad0377b26e0cf7a86280,SO62194,5,WB-H098,1,5,9913e55755fcc4267a06c1e6adbbc7fb
13350,d4ae40bdb21d7c1f4fee96082340d3a2,9a027fc72b503940a96d5137762a263e,SO75100,10,BC-M005,1,10,08ff55594d8ca57b756a1953f77ebc89
13350,d4ae40bdb21d7c1f4fee96082340d3a2,9a027fc72b503940a96d5137762a263e,SO75100,64,VE-C304-L,1,64,08ff55594d8ca57b756a1953f77ebc89
13350,d4ae40bdb21d7c1f4fee96082340d3a2,9a027fc72b503940a96d5137762a263e,SO75100,5,WB-H098,1,5,08ff55594d8ca57b756a1953f77ebc89
13350,fda052162862bb845297063fd71a580c,1678083e7ff90bd404baad3f60bffa37,SO56418,35,TI-M823,1,35,a2c49941411089cb2a9cbf78cb803c26
13350,fda052162862bb845297063fd71a580c,1678083e7ff90bd404baad3f60bffa37,SO56418,5,TT-M928,1,5,a2c49941411089cb2a9cbf78cb803c26
13351,5abaefcc8525a8f4cfd95cba9e926532,fde67888c64f701b59876ec559099b3e,SO57670,4590,BK-M68B-46,2,4590,73b2264d673ee7b5b2e7e165020516ac
13351,79c5eb49b683e206aa6d5b40f84c60eb,9b657dcbee0478c7d9be871266f00f1f,SO47259,4364,BK-R89B-48,2,4364,f459baa887e18a3fb6af0118506f75a6
13352,b21e833d3ead6056f1265f13fe1ff015,7983129d9883ebc3b9dce3311996b001,SO60602,22,FE-6654,1,22,4804ee33768b143d9706052696f7dfbd
13352,b21e833d3ead6056f1265f13fe1ff015,7983129d9883ebc3b9dce3311996b001,SO60602,105,HL-U509,3,105,4804ee33768b143d9706052696f7dfbd
13353,1faee5670542865e021595151379fe5c,e5114f65ece65e14e7b721dab1e674e0,SO69767,10,BC-M005,1,10,83d1ed00595e79ee5ea3797e97970fe8
13353,1faee5670542865e021595151379fe5c,e5114f65ece65e14e7b721dab1e674e0,SO69767,4640,BK-M68S-42,2,4640,83d1ed00595e79ee5ea3797e97970fe8
13353,1faee5670542865e021595151379fe5c,e5114f65ece65e14e7b721dab1e674e0,SO69767,27,CA-1098,3,27,83d1ed00595e79ee5ea3797e97970fe8
13353,1faee5670542865e021595151379fe5c,e5114f65ece65e14e7b721dab1e674e0,SO69767,22,FE-6654,1,22,83d1ed00595e79ee5ea3797e97970fe8
13353,1faee5670542865e021595151379fe5c,e5114f65ece65e14e7b721dab1e674e0,SO69767,5,WB-H098,1,5,83d1ed00595e79ee5ea3797e97970fe8
13353,fdc720a8abaa222620409b00b4e00cc2,a9badca0a12d937b4dcb70fd1c65dc63,SO47288,4364,BK-R89B-44,2,4364,8bcf785b838fcdc4c1567a41e1906287
13354,5e1b952a22eccca86f7f056a9efb42a4,a8ef76a01442567fb64eb6f4408a9835,SO57731,4590,BK-M68B-42,2,4590,40883861f6e25a2e09e848a7891f4f38
13354,5e1b952a22eccca86f7f056a9efb42a4,a8ef76a01442567fb64eb6f4408a9835,SO57731,22,FE-6654,1,22,40883861f6e25a2e09e848a7891f4f38
13354,ad9d849aa74e54742c555c19900c6f1e,93292bf41ccb6542d121825f25cbf70b,SO47321,4364,BK-R89B-44,2,4364,ee76080374845c1990834952499ba763
13355,0df76889b3e31ccfd17b50cc73baef03,debbb2493c6588799fc787e1854bcda5,SO58813,4640,BK-M68S-46,2,4640,6eaadc1181f307997dc853d9ed40db36
13355,0df76889b3e31ccfd17b50cc73baef03,debbb2493c6588799fc787e1854bcda5,SO58813,22,FE-6654,1,22,6eaadc1181f307997dc853d9ed40db36
13355,0df76889b3e31ccfd17b50cc73baef03,debbb2493c6588799fc787e1854bcda5,SO58813,35,TI-M823,1,35,6eaadc1181f307997dc853d9ed40db36
13355,be6c9b96c35f6d80642550df922ea69a,8799729d3a89b836b7fb8096b7f545c8,SO47195,4364,BK-R89R-58,2,4364,9b657dcbee0478c7d9be871266f00f1f
13356,4584ca349e0920f4436a3c2f36158b85,6e32728b966bb91cefefa1316da21ca8,SO68499,22,FE-6654,1,22,ca38f30e56a72f4d0c8d2264322c5862
13356,4584ca349e0920f4436a3c2f36158b85,6e32728b966bb91cefefa1316da21ca8,SO68499,9,SO-R809-L,1,9,ca38f30e56a72f4d0c8d2264322c5862
13357,128ee9ff420de424a605a0ee4a6f7916,fee8e08233f3f00450bce31967abb0f1,SO71412,4640,BK-M68S-38,2,4640,2797a91b25bc2aa85124c99bc574dc83
13357,128ee9ff420de424a605a0ee4a6f7916,fee8e08233f3f00450bce31967abb0f1,SO71412,2,PK-7098,1,2,2797a91b25bc2aa85124c99bc574dc83
13357,128ee9ff420de424a605a0ee4a6f7916,fee8e08233f3f00450bce31967abb0f1,SO71412,35,TI-M823,1,35,2797a91b25bc2aa85124c99bc574dc83
13357,128ee9ff420de424a605a0ee4a6f7916,fee8e08233f3f00450bce31967abb0f1,SO71412,5,TT-M928,1,5,2797a91b25bc2aa85124c99bc574dc83
13357,41c97bac51d5ee4cfce0cfa86385fdbe,7afee94d3e6bff4193546ca658f9d3bf,SO47133,4364,BK-R89B-58,2,4364,8799729d3a89b836b7fb8096b7f545c8
13358,4004a117f65dfd3221a9cce8fce5a45f,6ef7b4bb93d4e54234cf965ed2334682,SO66739,10,BC-M005,1,10,0120f4004ede1143c3be6caa4227affe
13358,4004a117f65dfd3221a9cce8fce5a45f,6ef7b4bb93d4e54234cf965ed2334682,SO66739,4590,BK-M68B-42,2,4590,0120f4004ede1143c3be6caa4227affe
13358,4004a117f65dfd3221a9cce8fce5a45f,6ef7b4bb93d4e54234cf965ed2334682,SO66739,22,FE-6654,1,22,0120f4004ede1143c3be6caa4227affe
13358,4004a117f65dfd3221a9cce8fce5a45f,6ef7b4bb93d4e54234cf965ed2334682,SO66739,55,HY-1023-70,1,55,0120f4004ede1143c3be6caa4227affe
13358,4004a117f65dfd3221a9cce8fce5a45f,6ef7b4bb93d4e54234cf965ed2334682,SO66739,5,WB-H098,1,5,0120f4004ede1143c3be6caa4227affe
13359,3f72b837978dcd042b73e7270f11a4ca,83d1ed00595e79ee5ea3797e97970fe8,SO70295,4590,BK-M68B-46,2,4590,99c8f306659fd98cbb9d7f03ec0c2a7a
13359,3f72b837978dcd042b73e7270f11a4ca,83d1ed00595e79ee5ea3797e97970fe8,SO70295,2,PK-7098,1,2,99c8f306659fd98cbb9d7f03ec0c2a7a
13359,3f72b837978dcd042b73e7270f11a4ca,83d1ed00595e79ee5ea3797e97970fe8,SO70295,159,ST-1401,1,159,99c8f306659fd98cbb9d7f03ec0c2a7a
13359,540c97e65b08aac734db0196254259fd,c6dec085564ebca8c2e300f077425d2f,SO47079,4364,BK-R89B-48,2,4364,6fc36aded95458634a0e8ab8b9ebc24a
13360,7f026edc73bd4602381834e9b850d6c2,eedd9be5500334505ed9d4aef801ac3d,SO52250,22,FE-6654,1,22,db2b287636ac5ebda430de4f3f643b24
13360,7f026edc73bd4602381834e9b850d6c2,eedd9be5500334505ed9d4aef801ac3d,SO52250,105,HL-U509-B,3,105,db2b287636ac5ebda430de4f3f643b24
13361,ad9d849aa74e54742c555c19900c6f1e,93292bf41ccb6542d121825f25cbf70b,SO47316,2443,BK-R89R-48,1,2443,ee76080374845c1990834952499ba763
13361,e0cd1349b4c6e1b5f14ed427e358c2d0,f06fd077b6afc2d69af6e1e548da266d,SO70354,4640,BK-M68S-42,2,4640,b95a9f47dd73bb9b799a31ae04ee7da1
13361,e0cd1349b4c6e1b5f14ed427e358c2d0,f06fd077b6afc2d69af6e1e548da266d,SO70354,2,PK-7098,1,2,b95a9f47dd73bb9b799a31ae04ee7da1
13362,021a9f9ff27cc992988201b84cae392f,65b64297f0421f6e057524afb222b411,SO47122,4364,BK-R89R-58,2,4364,540c97e65b08aac734db0196254259fd
13362,128ee9ff420de424a605a0ee4a6f7916,fee8e08233f3f00450bce31967abb0f1,SO71411,4590,BK-M68B-38,2,4590,2797a91b25bc2aa85124c99bc574dc83
13363,51c449e55b4a63a16fb45beb689150d5,18bea060239713ee5f865109f63f3a8a,SO53649,22,FE-6654,1,22,714597fe9448176d17876617114a65bc
13363,51c449e55b4a63a16fb45beb689150d5,18bea060239713ee5f865109f63f3a8a,SO53649,150,LJ-0192-X,3,150,714597fe9448176d17876617114a65bc
13364,eba6cab7267f82e3b2a063d5ea445bb9,73b2264d673ee7b5b2e7e165020516ac,SO58055,22,FE-6654,1,22,02ad1a5ca18e58629b8c1d6a6401d071
13364,eba6cab7267f82e3b2a063d5ea445bb9,73b2264d673ee7b5b2e7e165020516ac,SO58055,105,HL-U509,3,105,02ad1a5ca18e58629b8c1d6a6401d071
13365,dfcee565bb2da80a7b76451a5cd314a1,6582aa26281b9a92ad60e6a03e274c00,SO66184,22,FE-6654,1,22,64cadfde6f66bc25043d0d69f5ae5471
13365,dfcee565bb2da80a7b76451a5cd314a1,6582aa26281b9a92ad60e6a03e274c00,SO66184,2,PK-7098,1,2,64cadfde6f66bc25043d0d69f5ae5471
13366,0d15ba5aa4c9ad0377b26e0cf7a86280,b21e833d3ead6056f1265f13fe1ff015,SO61475,2384,BK-T79Y-50,1,2384,4a70a3ec50fd16032883bf6fc79c55dd
13366,0d15ba5aa4c9ad0377b26e0cf7a86280,b21e833d3ead6056f1265f13fe1ff015,SO61475,105,HL-U509-B,3,105,4a70a3ec50fd16032883bf6fc79c55dd
13366,a189cc17a15cdb4e39e80dfcd8374c76,b0b2c17e5682f78d8fc262463fd0a4f3,SO58683,4590,BK-M68B-46,2,4590,244cede513841376c37dc856f2f5e7b9
13366,a189cc17a15cdb4e39e80dfcd8374c76,b0b2c17e5682f78d8fc262463fd0a4f3,SO58683,105,HL-U509-R,3,105,244cede513841376c37dc856f2f5e7b9
13367,73b2264d673ee7b5b2e7e165020516ac,4ceff7612cfa4420892fe23b23ca9265,SO57412,10,BC-M005,1,10,8d71482745a6a1be4fbbc5562ade4657
13367,73b2264d673ee7b5b2e7e165020516ac,4ceff7612cfa4420892fe23b23ca9265,SO57412,4640,BK-M68S-42,2,4640,8d71482745a6a1be4fbbc5562ade4657
13367,73b2264d673ee7b5b2e7e165020516ac,4ceff7612cfa4420892fe23b23ca9265,SO57412,5,WB-H098,1,5,8d71482745a6a1be4fbbc5562ade4657
13367,ff6b0fd180b0673e54be5105922418c2,d6e34f14e6924cef6c0e043d6ab84346,SO47329,4364,BK-R89B-58,2,4364,fdc720a8abaa222620409b00b4e00cc2
13368,83d1ed00595e79ee5ea3797e97970fe8,fe1fd19c021e78ec395980c2e347865e,SO69213,22,FE-6654,1,22,705fa39ab40831529471c768490339ab
13368,83d1ed00595e79ee5ea3797e97970fe8,fe1fd19c021e78ec395980c2e347865e,SO69213,150,LJ-0192-S,3,150,705fa39ab40831529471c768490339ab
13369,3e5c252ff13111aa6a12067ee19d69e6,b9836987c405fca6133a2969f25c7398,SO47103,2443,BK-R89R-44,1,2443,7f9d156e18f1be5abef55a22081e71ce
13369,640540d73b85c3ecd2e3bf5541686e87,eba6cab7267f82e3b2a063d5ea445bb9,SO58760,4590,BK-M68B-46,2,4590,d630b2db6e8046e30b4728ca862ba4e1
13369,640540d73b85c3ecd2e3bf5541686e87,eba6cab7267f82e3b2a063d5ea445bb9,SO58760,35,TI-M823,1,35,d630b2db6e8046e30b4728ca862ba4e1
13369,640540d73b85c3ecd2e3bf5541686e87,eba6cab7267f82e3b2a063d5ea445bb9,SO58760,5,TT-M928,1,5,d630b2db6e8046e30b4728ca862ba4e1
13370,2797a91b25bc2aa85124c99bc574dc83,86bfb8ffc7a79e52d833cedce4d275bf,SO71064,4590,BK-M68B-38,2,4590,a9adf65abbb865184bf924d14a93d0c4
13370,2797a91b25bc2aa85124c99bc574dc83,86bfb8ffc7a79e52d833cedce4d275bf,SO71064,35,TI-M823,1,35,a9adf65abbb865184bf924d14a93d0c4
13371,4b5c3229e0725ef8d303f494db9faec8,f46ace11e93788e473124f7be16a19d5,SO63717,22,FE-6654,1,22,0149f124a48640c62d90840ac5760331
13371,4b5c3229e0725ef8d303f494db9faec8,f46ace11e93788e473124f7be16a19d5,SO63717,150,LJ-0192-X,3,150,0149f124a48640c62d90840ac5760331
13372,7f026edc73bd4602381834e9b850d6c2,eedd9be5500334505ed9d4aef801ac3d,SO52251,22,FE-6654,1,22,db2b287636ac5ebda430de4f3f643b24
13372,7f026edc73bd4602381834e9b850d6c2,eedd9be5500334505ed9d4aef801ac3d,SO52251,55,HY-1023-70,1,55,db2b287636ac5ebda430de4f3f643b24
13373,3c8e2c51453f4d665f1050da871dead6,1f50dad3f1493a5cf408c4eb3987479e,SO55417,10,BC-M005,1,10,d34ba8f5d7fd7d5959a34c283fbec422
13373,3c8e2c51453f4d665f1050da871dead6,1f50dad3f1493a5cf408c4eb3987479e,SO55417,22,FE-6654,1,22,d34ba8f5d7fd7d5959a34c283fbec422
13373,3c8e2c51453f4d665f1050da871dead6,1f50dad3f1493a5cf408c4eb3987479e,SO55417,105,HL-U509,3,105,d34ba8f5d7fd7d5959a34c283fbec422
13373,3c8e2c51453f4d665f1050da871dead6,1f50dad3f1493a5cf408c4eb3987479e,SO55417,5,WB-H098,1,5,d34ba8f5d7fd7d5959a34c283fbec422
13374,0da2bc000f1fe4ea8746f9aea0bb5879,702a02712215141594ddf8e52b0a651c,SO68306,22,FE-6654,1,22,b34050290c25b0f7b52a2b8f767df87d
13374,0da2bc000f1fe4ea8746f9aea0bb5879,702a02712215141594ddf8e52b0a651c,SO68306,105,HL-U509,3,105,b34050290c25b0f7b52a2b8f767df87d
13375,545a3d56d20b22e09aa85bfa5ed8738d,31c99d724c1f182c60edb82eb4740277,SO72217,22,FE-6654,1,22,a9cd7a99d71cca9cb644010050374ade
13375,545a3d56d20b22e09aa85bfa5ed8738d,31c99d724c1f182c60edb82eb4740277,SO72217,150,LJ-0192-M,3,150,a9cd7a99d71cca9cb644010050374ade
13376,caa707f97407c07371136aaf471a91d4,4efe8b2ca156042f8a3d8dd6aba54520,SO67109,22,FE-6654,1,22,058af5b2a408d57b708367e5bf4e9d9c
13376,caa707f97407c07371136aaf471a91d4,4efe8b2ca156042f8a3d8dd6aba54520,SO67109,9,SO-R809-L,1,9,058af5b2a408d57b708367e5bf4e9d9c
13377,ab4946738415af86b5e3cee69b13301f,ed268f8f3837888893f896b7240f1254,SO57289,4640,BK-M68S-42,2,4640,fde67888c64f701b59876ec559099b3e
13378,375bde15092f45652b6398c1dff650d0,830e779850b1d58733a7ad711bf6b83f,SO57356,10,BC-M005,1,10,a8ef76a01442567fb64eb6f4408a9835
13378,375bde15092f45652b6398c1dff650d0,830e779850b1d58733a7ad711bf6b83f,SO57356,4590,BK-M68B-38,2,4590,a8ef76a01442567fb64eb6f4408a9835
13378,375bde15092f45652b6398c1dff650d0,830e779850b1d58733a7ad711bf6b83f,SO57356,27,CA-1098,3,27,a8ef76a01442567fb64eb6f4408a9835
13378,375bde15092f45652b6398c1dff650d0,830e779850b1d58733a7ad711bf6b83f,SO57356,22,FE-6654,1,22,a8ef76a01442567fb64eb6f4408a9835
13378,375bde15092f45652b6398c1dff650d0,830e779850b1d58733a7ad711bf6b83f,SO57356,5,WB-H098,1,5,a8ef76a01442567fb64eb6f4408a9835
13378,8799729d3a89b836b7fb8096b7f545c8,a74d75778ebcaa9a01805f980ea906db,SO47086,4364,BK-R89B-44,2,4364,663d11326de76cfa493cc577763c59ee
13379,8dd08d219271ec96c543f486de430703,d53f9d33cac0a297449a74a10d031570,SO62316,22,FE-6654,1,22,04dbdf67bb8714ba18c9c36d50d1f5dc
13379,8dd08d219271ec96c543f486de430703,d53f9d33cac0a297449a74a10d031570,SO62316,2,PK-7098,1,2,04dbdf67bb8714ba18c9c36d50d1f5dc
13380,2797a91b25bc2aa85124c99bc574dc83,86bfb8ffc7a79e52d833cedce4d275bf,SO71060,4640,BK-M68S-46,2,4640,a9adf65abbb865184bf924d14a93d0c4
13380,2797a91b25bc2aa85124c99bc574dc83,86bfb8ffc7a79e52d833cedce4d275bf,SO71060,22,FE-6654,1,22,a9adf65abbb865184bf924d14a93d0c4
13380,2797a91b25bc2aa85124c99bc574dc83,86bfb8ffc7a79e52d833cedce4d275bf,SO71060,105,HL-U509-B,3,105,a9adf65abbb865184bf924d14a93d0c4
13380,84fa845331bd2bc65a54c460e17483e0,d1638c6e02871b5c4957d2fe848b551a,SO47093,2443,BK-R89R-48,1,2443,493ae116dff448cca13e0d6443b3c3c2
13381,16918840d98f27ce45948fe73dd5592f,04dbdf67bb8714ba18c9c36d50d1f5dc,SO62721,22,FE-6654,1,22,95103530881768b5cfc7e33970db9cd7
13381,16918840d98f27ce45948fe73dd5592f,04dbdf67bb8714ba18c9c36d50d1f5dc,SO62721,150,LJ-0192-L,3,150,95103530881768b5cfc7e33970db9cd7
13382,6eaadc1181f307997dc853d9ed40db36,0814775cfc25da756a9b4197347ab771,SO58528,4640,BK-M68S-42,2,4640,4dbf892d41ae205f6e36838031cff786
13382,6eaadc1181f307997dc853d9ed40db36,0814775cfc25da756a9b4197347ab771,SO58528,22,FE-6654,1,22,4dbf892d41ae205f6e36838031cff786
13382,6eaadc1181f307997dc853d9ed40db36,0814775cfc25da756a9b4197347ab771,SO58528,2,PK-7098,1,2,4dbf892d41ae205f6e36838031cff786
13382,be6c9b96c35f6d80642550df922ea69a,8799729d3a89b836b7fb8096b7f545c8,SO47191,4364,BK-R89B-58,2,4364,9b657dcbee0478c7d9be871266f00f1f
13383,8799729d3a89b836b7fb8096b7f545c8,a74d75778ebcaa9a01805f980ea906db,SO47087,4364,BK-R89B-52,2,4364,663d11326de76cfa493cc577763c59ee
13383,b95a9f47dd73bb9b799a31ae04ee7da1,175a5d217fad85df9f6639d7ced1e5d9,SO69982,10,BC-M005,1,10,8728a5e296f39e49d2fa74c31820e99f
13383,b95a9f47dd73bb9b799a31ae04ee7da1,175a5d217fad85df9f6639d7ced1e5d9,SO69982,4640,BK-M68S-38,2,4640,8728a5e296f39e49d2fa74c31820e99f
13384,021a9f9ff27cc992988201b84cae392f,65b64297f0421f6e057524afb222b411,SO47124,4364,BK-R89R-58,2,4364,540c97e65b08aac734db0196254259fd
13384,8f472ffe3ff3109f420ae91355ff8f3f,e0cd1349b4c6e1b5f14ed427e358c2d0,SO71183,4640,BK-M68S-42,2,4640,8fa3bab223bec6501ad71f96bb1067b6
13384,8f472ffe3ff3109f420ae91355ff8f3f,e0cd1349b4c6e1b5f14ed427e358c2d0,SO71183,22,FE-6654,1,22,8fa3bab223bec6501ad71f96bb1067b6
13384,8f472ffe3ff3109f420ae91355ff8f3f,e0cd1349b4c6e1b5f14ed427e358c2d0,SO71183,150,LJ-0192-M,3,150,8fa3bab223bec6501ad71f96bb1067b6
13385,a9adf65abbb865184bf924d14a93d0c4,ec24e4cf9fcc90f3bbe81b2fb3735c21,SO70711,10,BC-M005,1,10,e0cd1349b4c6e1b5f14ed427e358c2d0
13385,a9adf65abbb865184bf924d14a93d0c4,ec24e4cf9fcc90f3bbe81b2fb3735c21,SO70711,4590,BK-M68B-38,2,4590,e0cd1349b4c6e1b5f14ed427e358c2d0
13385,a9adf65abbb865184bf924d14a93d0c4,ec24e4cf9fcc90f3bbe81b2fb3735c21,SO70711,22,FE-6654,1,22,e0cd1349b4c6e1b5f14ed427e358c2d0
13385,a9adf65abbb865184bf924d14a93d0c4,ec24e4cf9fcc90f3bbe81b2fb3735c21,SO70711,105,HL-U509-B,3,105,e0cd1349b4c6e1b5f14ed427e358c2d0
13385,a9adf65abbb865184bf924d14a93d0c4,ec24e4cf9fcc90f3bbe81b2fb3735c21,SO70711,5,WB-H098,1,5,e0cd1349b4c6e1b5f14ed427e358c2d0
13385,fffd2144f47526eeb222541136a47d44,b5bd60d2c998267a6b6a11a2521b0b65,SO47297,4364,BK-R89B-52,2,4364,e4eb0466781b24d67b81f508aeab70b7
13386,16e364d19895243407b256ec272d5394,4004a117f65dfd3221a9cce8fce5a45f,SO67604,27,CA-1098,3,27,7acd252f45ad6fe668386456a673d543
13386,16e364d19895243407b256ec272d5394,4004a117f65dfd3221a9cce8fce5a45f,SO67604,22,FE-6654,1,22,7acd252f45ad6fe668386456a673d543
13386,16e364d19895243407b256ec272d5394,4004a117f65dfd3221a9cce8fce5a45f,SO67604,54,SJ-0194-L,1,54,7acd252f45ad6fe668386456a673d543
13387,99c8f306659fd98cbb9d7f03ec0c2a7a,705fa39ab40831529471c768490339ab,SO69911,4590,BK-M68B-42,2,4590,fff3c307c93eda1eb91d53ca588846fe
13387,99c8f306659fd98cbb9d7f03ec0c2a7a,705fa39ab40831529471c768490339ab,SO69911,2,PK-7098,1,2,fff3c307c93eda1eb91d53ca588846fe
13387,99c8f306659fd98cbb9d7f03ec0c2a7a,705fa39ab40831529471c768490339ab,SO69911,35,TI-M823,1,35,fff3c307c93eda1eb91d53ca588846fe
13387,99c8f306659fd98cbb9d7f03ec0c2a7a,705fa39ab40831529471c768490339ab,SO69911,5,TT-M928,1,5,fff3c307c93eda1eb91d53ca588846fe
13388,3f20f21c57e09a6c071e44d1fe74b58a,9b98d27287b27eeee9ebc06e1d5a9a8d,SO53900,22,FE-6654,1,22,51c449e55b4a63a16fb45beb689150d5
13388,3f20f21c57e09a6c071e44d1fe74b58a,9b98d27287b27eeee9ebc06e1d5a9a8d,SO53900,105,HL-U509-B,3,105,51c449e55b4a63a16fb45beb689150d5
13388,3f20f21c57e09a6c071e44d1fe74b58a,9b98d27287b27eeee9ebc06e1d5a9a8d,SO53900,150,LJ-0192-L,3,150,51c449e55b4a63a16fb45beb689150d5
13389,dcf73f840a50da0145f24e8e0169dc4b,2797a91b25bc2aa85124c99bc574dc83,SO72040,27,CA-1098,3,27,d5985f40495ba672dff8a99620b879c8
13389,dcf73f840a50da0145f24e8e0169dc4b,2797a91b25bc2aa85124c99bc574dc83,SO72040,22,FE-6654,1,22,d5985f40495ba672dff8a99620b879c8
13389,dcf73f840a50da0145f24e8e0169dc4b,2797a91b25bc2aa85124c99bc574dc83,SO72040,105,HL-U509-R,3,105,d5985f40495ba672dff8a99620b879c8
13389,dcf73f840a50da0145f24e8e0169dc4b,2797a91b25bc2aa85124c99bc574dc83,SO72040,150,LJ-0192-L,3,150,d5985f40495ba672dff8a99620b879c8
13390,e4b40b4ba619c72ec5a69caad258d393,b0950d12c62d3aeda81b2e8d06f2aef4,SO74215,10,BC-M005,1,10,8babade0595c11e14dd89058a850f2cd
13390,e4b40b4ba619c72ec5a69caad258d393,b0950d12c62d3aeda81b2e8d06f2aef4,SO74215,27,CA-1098,3,27,8babade0595c11e14dd89058a850f2cd
13390,e4b40b4ba619c72ec5a69caad258d393,b0950d12c62d3aeda81b2e8d06f2aef4,SO74215,22,FE-6654,1,22,8babade0595c11e14dd89058a850f2cd
13390,e4b40b4ba619c72ec5a69caad258d393,b0950d12c62d3aeda81b2e8d06f2aef4,SO74215,54,SJ-0194-L,1,54,8babade0595c11e14dd89058a850f2cd
13390,e4b40b4ba619c72ec5a69caad258d393,b0950d12c62d3aeda81b2e8d06f2aef4,SO74215,5,WB-H098,1,5,8babade0595c11e14dd89058a850f2cd
13391,16e364d19895243407b256ec272d5394,4004a117f65dfd3221a9cce8fce5a45f,SO67620,4640,BK-M68S-38,2,4640,7acd252f45ad6fe668386456a673d543
13391,16e364d19895243407b256ec272d5394,4004a117f65dfd3221a9cce8fce5a45f,SO67620,22,FE-6654,1,22,7acd252f45ad6fe668386456a673d543
13391,16e364d19895243407b256ec272d5394,4004a117f65dfd3221a9cce8fce5a45f,SO67620,64,VE-C304-L,1,64,7acd252f45ad6fe668386456a673d543
13392,e84848120190a8d0e696fbeb15647a74,fff3c307c93eda1eb91d53ca588846fe,SO70420,22,FE-6654,1,22,f544b472453b297a8b55709fbfd3746d
13392,e84848120190a8d0e696fbeb15647a74,fff3c307c93eda1eb91d53ca588846fe,SO70420,105,HL-U509-B,3,105,f544b472453b297a8b55709fbfd3746d
13393,02ad1a5ca18e58629b8c1d6a6401d071,8d71482745a6a1be4fbbc5562ade4657,SO57782,4590,BK-M68B-46,2,4590,a976f17830aceaaa93d5daef0bc209a3
13393,02ad1a5ca18e58629b8c1d6a6401d071,8d71482745a6a1be4fbbc5562ade4657,SO57782,22,FE-6654,1,22,a976f17830aceaaa93d5daef0bc209a3
13393,02ad1a5ca18e58629b8c1d6a6401d071,8d71482745a6a1be4fbbc5562ade4657,SO57782,105,HL-U509-R,3,105,a976f17830aceaaa93d5daef0bc209a3
13394,ef5bad66aa19ccfb82cacb73584b83ea,0e23f371129aecc6b2033620b226f8d7,SO57890,10,BC-M005,1,10,485ae69515bc4c60ef546ff289741f60
13394,ef5bad66aa19ccfb82cacb73584b83ea,0e23f371129aecc6b2033620b226f8d7,SO57890,4590,BK-M68B-46,2,4590,485ae69515bc4c60ef546ff289741f60
13394,ef5bad66aa19ccfb82cacb73584b83ea,0e23f371129aecc6b2033620b226f8d7,SO57890,27,CA-1098,3,27,485ae69515bc4c60ef546ff289741f60
13394,ef5bad66aa19ccfb82cacb73584b83ea,0e23f371129aecc6b2033620b226f8d7,SO57890,5,WB-H098,1,5,485ae69515bc4c60ef546ff289741f60
13395,d1024973c3d10f08cb9fa1736e6ed8b7,f8025d3776b5f7522a6120cb4e9e0783,SO62375,22,FE-6654,1,22,5c741aa8e0753be65314a304e7b39c14
13396,df595e3c678d4fae23ce174fe747165e,07b31bae17c7890b17d79a654aa230cf,SO58886,4640,BK-M68S-38,2,4640,75fe8d7dec9d2a51be64595ab37dc674
13396,df595e3c678d4fae23ce174fe747165e,07b31bae17c7890b17d79a654aa230cf,SO58886,2,PK-7098,1,2,75fe8d7dec9d2a51be64595ab37dc674
13396,df595e3c678d4fae23ce174fe747165e,07b31bae17c7890b17d79a654aa230cf,SO58886,35,TI-M823,1,35,75fe8d7dec9d2a51be64595ab37dc674
13396,df595e3c678d4fae23ce174fe747165e,07b31bae17c7890b17d79a654aa230cf,SO58886,5,TT-M928,1,5,75fe8d7dec9d2a51be64595ab37dc674
13397,17520f5649fab40fb66771362888cb90,1faee5670542865e021595151379fe5c,SO70638,10,BC-M005,1,10,3f72b837978dcd042b73e7270f11a4ca
13397,17520f5649fab40fb66771362888cb90,1faee5670542865e021595151379fe5c,SO70638,4640,BK-M68S-46,2,4640,3f72b837978dcd042b73e7270f11a4ca
13397,17520f5649fab40fb66771362888cb90,1faee5670542865e021595151379fe5c,SO70638,22,FE-6654,1,22,3f72b837978dcd042b73e7270f11a4ca
13397,17520f5649fab40fb66771362888cb90,1faee5670542865e021595151379fe5c,SO70638,35,TI-M823,1,35,3f72b837978dcd042b73e7270f11a4ca
13397,17520f5649fab40fb66771362888cb90,1faee5670542865e021595151379fe5c,SO70638,5,TT-M928,1,5,3f72b837978dcd042b73e7270f11a4ca
13397,17520f5649fab40fb66771362888cb90,1faee5670542865e021595151379fe5c,SO70638,5,WB-H098,1,5,3f72b837978dcd042b73e7270f11a4ca
13398,31c99d724c1f182c60edb82eb4740277,e84848120190a8d0e696fbeb15647a74,SO71250,4640,BK-M68S-46,2,4640,3db19f5f710f10e90ecc7154c649d60a
13398,31c99d724c1f182c60edb82eb4740277,e84848120190a8d0e696fbeb15647a74,SO71250,2,PK-7098,1,2,3db19f5f710f10e90ecc7154c649d60a
13399,e0cd1349b4c6e1b5f14ed427e358c2d0,f06fd077b6afc2d69af6e1e548da266d,SO70349,4590,BK-M68B-42,2,4590,b95a9f47dd73bb9b799a31ae04ee7da1
13400,3f72b837978dcd042b73e7270f11a4ca,83d1ed00595e79ee5ea3797e97970fe8,SO70292,10,BC-M005,1,10,99c8f306659fd98cbb9d7f03ec0c2a7a
13400,3f72b837978dcd042b73e7270f11a4ca,83d1ed00595e79ee5ea3797e97970fe8,SO70292,4590,BK-M68B-46,2,4590,99c8f306659fd98cbb9d7f03ec0c2a7a
13400,3f72b837978dcd042b73e7270f11a4ca,83d1ed00595e79ee5ea3797e97970fe8,SO70292,22,FE-6654,1,22,99c8f306659fd98cbb9d7f03ec0c2a7a
13400,3f72b837978dcd042b73e7270f11a4ca,83d1ed00595e79ee5ea3797e97970fe8,SO70292,55,HY-1023-70,1,55,99c8f306659fd98cbb9d7f03ec0c2a7a
13400,3f72b837978dcd042b73e7270f11a4ca,83d1ed00595e79ee5ea3797e97970fe8,SO70292,5,WB-H098,1,5,99c8f306659fd98cbb9d7f03ec0c2a7a
13400,9adbaac8d97fd446c4d97ce11625bd78,f459baa887e18a3fb6af0118506f75a6,SO47324,4364,BK-R89B-52,2,4364,aa06fa50828269965eade0f7422d1b9e
13401,31c99d724c1f182c60edb82eb4740277,e84848120190a8d0e696fbeb15647a74,SO71255,4640,BK-M68S-42,2,4640,3db19f5f710f10e90ecc7154c649d60a
13401,31c99d724c1f182c60edb82eb4740277,e84848120190a8d0e696fbeb15647a74,SO71255,35,TI-M823,1,35,3db19f5f710f10e90ecc7154c649d60a
13401,e61ec60837c3a7c01e31ad9b2d857e99,ff865f6f4949cd6d631d069a4268d9aa,SO47340,2443,BK-R89R-48,1,2443,fffd2144f47526eeb222541136a47d44
13402,8728a5e296f39e49d2fa74c31820e99f,66e56e10b0f528b66a45e307ecdf4774,SO69619,4590,BK-M68B-42,2,4590,3fe686907939d07097f6c87f08025422
13402,8728a5e296f39e49d2fa74c31820e99f,66e56e10b0f528b66a45e307ecdf4774,SO69619,55,HY-1023-70,1,55,3fe686907939d07097f6c87f08025422
13402,fdc720a8abaa222620409b00b4e00cc2,a9badca0a12d937b4dcb70fd1c65dc63,SO47284,2443,BK-R89R-44,1,2443,8bcf785b838fcdc4c1567a41e1906287
13403,b0b2c17e5682f78d8fc262463fd0a4f3,375bde15092f45652b6398c1dff650d0,SO58001,4640,BK-M68S-46,2,4640,5e1b952a22eccca86f7f056a9efb42a4
13403,b0b2c17e5682f78d8fc262463fd0a4f3,375bde15092f45652b6398c1dff650d0,SO58001,22,FE-6654,1,22,5e1b952a22eccca86f7f056a9efb42a4
13403,b0b2c17e5682f78d8fc262463fd0a4f3,375bde15092f45652b6398c1dff650d0,SO58001,55,HY-1023-70,1,55,5e1b952a22eccca86f7f056a9efb42a4
13403,fffd2144f47526eeb222541136a47d44,b5bd60d2c998267a6b6a11a2521b0b65,SO47298,4364,BK-R89R-58,2,4364,e4eb0466781b24d67b81f508aeab70b7
13404,478ecc8cdaa127c33884d9f6c72c2cd5,3fbd0407b55d3a3da21388a2ddbf881c,SO58639,2384,BK-T79Y-60,1,2384,174acf6ca4e9804d47a59a499422e621
13404,478ecc8cdaa127c33884d9f6c72c2cd5,3fbd0407b55d3a3da21388a2ddbf881c,SO58639,9,SO-R809-L,1,9,174acf6ca4e9804d47a59a499422e621
13404,640540d73b85c3ecd2e3bf5541686e87,eba6cab7267f82e3b2a063d5ea445bb9,SO58704,10,BC-M005,1,10,d630b2db6e8046e30b4728ca862ba4e1
13404,640540d73b85c3ecd2e3bf5541686e87,eba6cab7267f82e3b2a063d5ea445bb9,SO58704,4640,BK-M68S-42,2,4640,d630b2db6e8046e30b4728ca862ba4e1
13404,640540d73b85c3ecd2e3bf5541686e87,eba6cab7267f82e3b2a063d5ea445bb9,SO58704,105,HL-U509-B,3,105,d630b2db6e8046e30b4728ca862ba4e1
13404,640540d73b85c3ecd2e3bf5541686e87,eba6cab7267f82e3b2a063d5ea445bb9,SO58704,5,WB-H098,1,5,d630b2db6e8046e30b4728ca862ba4e1
13404,c96b659647361342a1bb035614c242b1,5118f4d1a94c19a06818ba12904e26f0,SO50963,4098,BK-M68B-46,2,4098,186b0be01dd08ffcc5cb19cc226fb731
13405,16918840d98f27ce45948fe73dd5592f,04dbdf67bb8714ba18c9c36d50d1f5dc,SO62702,9,BC-R205,1,9,95103530881768b5cfc7e33970db9cd7
13405,16918840d98f27ce45948fe73dd5592f,04dbdf67bb8714ba18c9c36d50d1f5dc,SO62702,4886,BK-R89B-58,2,4886,95103530881768b5cfc7e33970db9cd7
13405,16918840d98f27ce45948fe73dd5592f,04dbdf67bb8714ba18c9c36d50d1f5dc,SO62702,5,WB-H098,1,5,95103530881768b5cfc7e33970db9cd7
13405,2d6e054ac82934d489c58cc8399a1628,ce08c22f7777768ce4197eab9727516c,SO60832,9,BC-R205,1,9,348f48807f500aeac729fb17d9bc97f1
13405,2d6e054ac82934d489c58cc8399a1628,ce08c22f7777768ce4197eab9727516c,SO60832,2384,BK-T79Y-54,1,2384,348f48807f500aeac729fb17d9bc97f1
13405,2d6e054ac82934d489c58cc8399a1628,ce08c22f7777768ce4197eab9727516c,SO60832,5,WB-H098,1,5,348f48807f500aeac729fb17d9bc97f1
13405,564f7f85bc0f9399a0ce2e5f21901984,37a5117199a38b7e31d389445dab0cef,SO46138,3578,BK-R93R-44,1,3578,e18c2b136f61489c334cb708a5c6d75f
13405,eef21e68ecca703bb338920b950f203c,f108e0cd2f96a0c22086f9d45ee08f19,SO60896,10,BC-M005,1,10,b21e833d3ead6056f1265f13fe1ff015
13405,eef21e68ecca703bb338920b950f203c,f108e0cd2f96a0c22086f9d45ee08f19,SO60896,4590,BK-M68B-46,2,4590,b21e833d3ead6056f1265f13fe1ff015
13405,eef21e68ecca703bb338920b950f203c,f108e0cd2f96a0c22086f9d45ee08f19,SO60896,105,HL-U509-B,3,105,b21e833d3ead6056f1265f13fe1ff015
13405,eef21e68ecca703bb338920b950f203c,f108e0cd2f96a0c22086f9d45ee08f19,SO60896,5,WB-H098,1,5,b21e833d3ead6056f1265f13fe1ff015
13406,0d1574b7622bdd9b2ec0b9869608d4cb,d8b441941a26e6828acf8cdaf0d6084e,SO43841,3578,BK-R93R-56,1,3578,87553261d36dba5a0bbb0f1d4027c7b7
13406,16e364d19895243407b256ec272d5394,4004a117f65dfd3221a9cce8fce5a45f,SO67621,742,BK-T18Y-50,1,742,7acd252f45ad6fe668386456a673d543
13406,16e364d19895243407b256ec272d5394,4004a117f65dfd3221a9cce8fce5a45f,SO67621,105,HL-U509-B,3,105,7acd252f45ad6fe668386456a673d543
13406,7254e54716fe52361e62aa16ea2e0797,6eaadc1181f307997dc853d9ed40db36,SO59409,10,BC-M005,1,10,e7df1b3ee078bdcfc260a877f321287d
13406,7254e54716fe52361e62aa16ea2e0797,6eaadc1181f307997dc853d9ed40db36,SO59409,4640,BK-M68S-46,2,4640,e7df1b3ee078bdcfc260a877f321287d
13406,7254e54716fe52361e62aa16ea2e0797,6eaadc1181f307997dc853d9ed40db36,SO59409,105,HL-U509,3,105,e7df1b3ee078bdcfc260a877f321287d
13406,7254e54716fe52361e62aa16ea2e0797,6eaadc1181f307997dc853d9ed40db36,SO59409,5,WB-H098,1,5,e7df1b3ee078bdcfc260a877f321287d
13406,fd5ba6fdeb81e07b2caf0b103489bd8d,e871b36e68b0b3d0af9c742d81fef27a,SO71016,540,BK-R19B-52,1,540,17520f5649fab40fb66771362888cb90
13406,fd5ba6fdeb81e07b2caf0b103489bd8d,e871b36e68b0b3d0af9c742d81fef27a,SO71016,105,HL-U509,3,105,17520f5649fab40fb66771362888cb90
13407,478ecc8cdaa127c33884d9f6c72c2cd5,3fbd0407b55d3a3da21388a2ddbf881c,SO58637,2384,BK-T79U-50,1,2384,174acf6ca4e9804d47a59a499422e621
13407,478ecc8cdaa127c33884d9f6c72c2cd5,3fbd0407b55d3a3da21388a2ddbf881c,SO58637,27,CA-1098,3,27,174acf6ca4e9804d47a59a499422e621
13407,478ecc8cdaa127c33884d9f6c72c2cd5,3fbd0407b55d3a3da21388a2ddbf881c,SO58637,105,HL-U509-B,3,105,174acf6ca4e9804d47a59a499422e621
13407,478ecc8cdaa127c33884d9f6c72c2cd5,3fbd0407b55d3a3da21388a2ddbf881c,SO58637,150,LJ-0192-L,3,150,174acf6ca4e9804d47a59a499422e621
13407,4c198b2e79c53a9853bfbc76e8e8ae1e,254f2678aa3e07c5a9451a18e28f2624,SO51074,4098,BK-M68B-46,2,4098,93963041729da5d8213c536f91ed9402
13407,6eaadc1181f307997dc853d9ed40db36,0814775cfc25da756a9b4197347ab771,SO58471,4640,BK-M68S-46,2,4640,4dbf892d41ae205f6e36838031cff786
13407,6eaadc1181f307997dc853d9ed40db36,0814775cfc25da756a9b4197347ab771,SO58471,22,FE-6654,1,22,4dbf892d41ae205f6e36838031cff786
13407,6eaadc1181f307997dc853d9ed40db36,0814775cfc25da756a9b4197347ab771,SO58471,105,HL-U509,3,105,4dbf892d41ae205f6e36838031cff786
13408,4dbf892d41ae205f6e36838031cff786,de22d232bbe84481579f6252f1e7091d,SO58193,10,BC-M005,1,10,3fbd0407b55d3a3da21388a2ddbf881c
13408,4dbf892d41ae205f6e36838031cff786,de22d232bbe84481579f6252f1e7091d,SO58193,4590,BK-M68B-42,2,4590,3fbd0407b55d3a3da21388a2ddbf881c
13408,4dbf892d41ae205f6e36838031cff786,de22d232bbe84481579f6252f1e7091d,SO58193,35,TI-M823,1,35,3fbd0407b55d3a3da21388a2ddbf881c
13408,4dbf892d41ae205f6e36838031cff786,de22d232bbe84481579f6252f1e7091d,SO58193,5,TT-M928,1,5,3fbd0407b55d3a3da21388a2ddbf881c
13408,4dbf892d41ae205f6e36838031cff786,de22d232bbe84481579f6252f1e7091d,SO58193,5,WB-H098,1,5,3fbd0407b55d3a3da21388a2ddbf881c
13408,640540d73b85c3ecd2e3bf5541686e87,eba6cab7267f82e3b2a063d5ea445bb9,SO58772,2384,BK-T79Y-54,1,2384,d630b2db6e8046e30b4728ca862ba4e1
13408,640540d73b85c3ecd2e3bf5541686e87,eba6cab7267f82e3b2a063d5ea445bb9,SO58772,27,CA-1098,3,27,d630b2db6e8046e30b4728ca862ba4e1
13408,e5fd8fa8e14be4aed936908e8f86dc7b,ddc7146176eec240951e44da05d5f12b,SO50940,4098,BK-M68B-42,2,4098,a0ab7eafc534bc4a8a48cd6e1cfc4d24
13409,175a5d217fad85df9f6639d7ced1e5d9,511572e8a25e86c2f48ae9e6d73a1e6a,SO68922,10,BC-M005,1,10,66e56e10b0f528b66a45e307ecdf4774
13409,175a5d217fad85df9f6639d7ced1e5d9,511572e8a25e86c2f48ae9e6d73a1e6a,SO68922,27,CA-1098,3,27,66e56e10b0f528b66a45e307ecdf4774
13409,175a5d217fad85df9f6639d7ced1e5d9,511572e8a25e86c2f48ae9e6d73a1e6a,SO68922,105,HL-U509-R,3,105,66e56e10b0f528b66a45e307ecdf4774
13409,175a5d217fad85df9f6639d7ced1e5d9,511572e8a25e86c2f48ae9e6d73a1e6a,SO68922,150,LJ-0192-S,3,150,66e56e10b0f528b66a45e307ecdf4774
13409,175a5d217fad85df9f6639d7ced1e5d9,511572e8a25e86c2f48ae9e6d73a1e6a,SO68922,5,WB-H098,1,5,66e56e10b0f528b66a45e307ecdf4774
13410,5072507e949a2c25948a591c4da194e1,a189cc17a15cdb4e39e80dfcd8374c76,SO59684,10,BC-M005,1,10,ad0b7f5ad35732646f1e5f67418d5995
13410,5072507e949a2c25948a591c4da194e1,a189cc17a15cdb4e39e80dfcd8374c76,SO59684,5,WB-H098,1,5,ad0b7f5ad35732646f1e5f67418d5995
13411,67c3c5a7bf20d113d8d96abf6cb5e85c,c93cdb5d286db70864b70951bb6b1219,SO50864,4142,BK-M68S-46,2,4142,ddc7146176eec240951e44da05d5f12b
13411,de22d232bbe84481579f6252f1e7091d,cae5717327bee7d74e261c550aa5081f,SO57534,4640,BK-M68S-42,2,4640,ab4946738415af86b5e3cee69b13301f
13411,de22d232bbe84481579f6252f1e7091d,cae5717327bee7d74e261c550aa5081f,SO57534,105,HL-U509,3,105,ab4946738415af86b5e3cee69b13301f
13411,e7df1b3ee078bdcfc260a877f321287d,4dbf892d41ae205f6e36838031cff786,SO59141,2384,BK-T79U-50,1,2384,478ecc8cdaa127c33884d9f6c72c2cd5
13411,e7df1b3ee078bdcfc260a877f321287d,4dbf892d41ae205f6e36838031cff786,SO59141,9,SO-R809-L,1,9,478ecc8cdaa127c33884d9f6c72c2cd5
13412,501407dcfde5b685045ca3072168d5bb,41ef6b06b63ba4f6a5234245a439b157,SO73548,2,PK-7098,1,2,5432d51ee94799c0125bb158c8a8bd22
13412,501407dcfde5b685045ca3072168d5bb,41ef6b06b63ba4f6a5234245a439b157,SO73548,29,TI-T723,1,29,5432d51ee94799c0125bb158c8a8bd22
13412,501407dcfde5b685045ca3072168d5bb,41ef6b06b63ba4f6a5234245a439b157,SO73548,5,TT-T092,1,5,5432d51ee94799c0125bb158c8a8bd22
13412,86e0fc464cbb08ae74bd039224afec9a,38c9e5d1e366b4c5c36aae682bc960c4,SO72689,27,CA-1098,3,27,8920fd63645007b243abb750709b1172
13413,1faee5670542865e021595151379fe5c,e5114f65ece65e14e7b721dab1e674e0,SO69751,22,FE-6654,1,22,83d1ed00595e79ee5ea3797e97970fe8
13413,1faee5670542865e021595151379fe5c,e5114f65ece65e14e7b721dab1e674e0,SO69751,105,HL-U509-R,3,105,83d1ed00595e79ee5ea3797e97970fe8
13414,de22d232bbe84481579f6252f1e7091d,cae5717327bee7d74e261c550aa5081f,SO57580,4640,BK-M68S-42,2,4640,ab4946738415af86b5e3cee69b13301f
13415,a189cc17a15cdb4e39e80dfcd8374c76,b0b2c17e5682f78d8fc262463fd0a4f3,SO58684,4590,BK-M68B-46,2,4590,244cede513841376c37dc856f2f5e7b9
13415,a189cc17a15cdb4e39e80dfcd8374c76,b0b2c17e5682f78d8fc262463fd0a4f3,SO58684,22,FE-6654,1,22,244cede513841376c37dc856f2f5e7b9
13415,a189cc17a15cdb4e39e80dfcd8374c76,b0b2c17e5682f78d8fc262463fd0a4f3,SO58684,9,SO-R809-M,1,9,244cede513841376c37dc856f2f5e7b9
13416,40e7dd73b09eac540e790daf6fac41af,14e4b13c27fb9bce9938ce35b6597eca,SO54171,22,FE-6654,1,22,3f20f21c57e09a6c071e44d1fe74b58a
13416,40e7dd73b09eac540e790daf6fac41af,14e4b13c27fb9bce9938ce35b6597eca,SO54171,105,HL-U509-R,3,105,3f20f21c57e09a6c071e44d1fe74b58a
13416,40e7dd73b09eac540e790daf6fac41af,14e4b13c27fb9bce9938ce35b6597eca,SO54171,150,LJ-0192-X,3,150,3f20f21c57e09a6c071e44d1fe74b58a
13417,375bde15092f45652b6398c1dff650d0,830e779850b1d58733a7ad711bf6b83f,SO57354,4590,BK-M68B-38,2,4590,a8ef76a01442567fb64eb6f4408a9835
13417,375bde15092f45652b6398c1dff650d0,830e779850b1d58733a7ad711bf6b83f,SO57354,105,HL-U509-R,3,105,a8ef76a01442567fb64eb6f4408a9835
13417,375bde15092f45652b6398c1dff650d0,830e779850b1d58733a7ad711bf6b83f,SO57354,35,TI-M823,1,35,a8ef76a01442567fb64eb6f4408a9835
13417,375bde15092f45652b6398c1dff650d0,830e779850b1d58733a7ad711bf6b83f,SO57354,5,TT-M928,1,5,a8ef76a01442567fb64eb6f4408a9835
13418,8b9fe4b34e3c54f08bfcac3d9691e260,a946e75bc65318721cd1e01162d392dd,SO64231,2384,BK-T79U-46,1,2384,f75e5f8c15ca91ec5c869dc3881f574f
13418,8b9fe4b34e3c54f08bfcac3d9691e260,a946e75bc65318721cd1e01162d392dd,SO64231,54,SJ-0194-X,1,54,f75e5f8c15ca91ec5c869dc3881f574f
13418,a976f17830aceaaa93d5daef0bc209a3,d9f7611cf8d29b48a1d3d8fddb8c5b2e,SO57516,4590,BK-M68B-42,2,4590,0e23f371129aecc6b2033620b226f8d7
13418,a976f17830aceaaa93d5daef0bc209a3,d9f7611cf8d29b48a1d3d8fddb8c5b2e,SO57516,35,TI-M823,1,35,0e23f371129aecc6b2033620b226f8d7
13419,40883861f6e25a2e09e848a7891f4f38,eba5233d2dd8ea5031e646882335ece0,SO57466,4590,BK-M68B-42,2,4590,d76e0ba1fa041675ae9af958c5b41ae4
13419,a9badca0a12d937b4dcb70fd1c65dc63,368bf74b3769bb91f49d30908786b862,SO47167,4364,BK-R89B-48,2,4364,41c97bac51d5ee4cfce0cfa86385fdbe
13420,40883861f6e25a2e09e848a7891f4f38,eba5233d2dd8ea5031e646882335ece0,SO57467,4640,BK-M68S-42,2,4640,d76e0ba1fa041675ae9af958c5b41ae4
13420,40883861f6e25a2e09e848a7891f4f38,eba5233d2dd8ea5031e646882335ece0,SO57467,105,HL-U509,3,105,d76e0ba1fa041675ae9af958c5b41ae4
13420,aa06fa50828269965eade0f7422d1b9e,2766ca1bca285e813b134ddc2a2efa99,SO47273,2443,BK-R89R-44,1,2443,ff865f6f4949cd6d631d069a4268d9aa
13421,a8ef76a01442567fb64eb6f4408a9835,427ed6396fba4ed8ead9ec3229517d2b,SO56890,22,FE-6654,1,22,eba5233d2dd8ea5031e646882335ece0
13421,a8ef76a01442567fb64eb6f4408a9835,427ed6396fba4ed8ead9ec3229517d2b,SO56890,2,PK-7098,1,2,eba5233d2dd8ea5031e646882335ece0
13422,debbb2493c6588799fc787e1854bcda5,40883861f6e25a2e09e848a7891f4f38,SO58108,22,FE-6654,1,22,0814775cfc25da756a9b4197347ab771
13422,debbb2493c6588799fc787e1854bcda5,40883861f6e25a2e09e848a7891f4f38,SO58108,48,GL-H102-S,2,48,0814775cfc25da756a9b4197347ab771
13422,debbb2493c6588799fc787e1854bcda5,40883861f6e25a2e09e848a7891f4f38,SO58108,105,HL-U509-B,3,105,0814775cfc25da756a9b4197347ab771
13423,16918840d98f27ce45948fe73dd5592f,04dbdf67bb8714ba18c9c36d50d1f5dc,SO62715,8,CL-9009,1,8,95103530881768b5cfc7e33970db9cd7
13423,16918840d98f27ce45948fe73dd5592f,04dbdf67bb8714ba18c9c36d50d1f5dc,SO62715,5,WB-H098,1,5,95103530881768b5cfc7e33970db9cd7
13423,60b901e6d879ccf3b3246e54133acee5,01e8942a5792053a553c4612bd6c06a6,SO75083,35,TI-M823,1,35,021d7f51f97fea2b23b069288066b34d
13423,60b901e6d879ccf3b3246e54133acee5,01e8942a5792053a553c4612bd6c06a6,SO75083,5,TT-M928,1,5,021d7f51f97fea2b23b069288066b34d
13423,eea5b3bd1bd5d5c62a1d22f78d3ba263,c87874400b9f907bdf9ea37d75a4b341,SO65473,10,BC-M005,1,10,a1fedb8f5f2e08543339a5f167bee6b7
13423,eea5b3bd1bd5d5c62a1d22f78d3ba263,c87874400b9f907bdf9ea37d75a4b341,SO65473,55,HY-1023-70,1,55,a1fedb8f5f2e08543339a5f167bee6b7
13423,eea5b3bd1bd5d5c62a1d22f78d3ba263,c87874400b9f907bdf9ea37d75a4b341,SO65473,150,LJ-0192-S,3,150,a1fedb8f5f2e08543339a5f167bee6b7
13423,eea5b3bd1bd5d5c62a1d22f78d3ba263,c87874400b9f907bdf9ea37d75a4b341,SO65473,5,WB-H098,1,5,a1fedb8f5f2e08543339a5f167bee6b7
13424,3e5c252ff13111aa6a12067ee19d69e6,b9836987c405fca6133a2969f25c7398,SO47102,2443,BK-R89R-52,1,2443,7f9d156e18f1be5abef55a22081e71ce
13424,75fe8d7dec9d2a51be64595ab37dc674,ef5bad66aa19ccfb82cacb73584b83ea,SO58570,10,BC-M005,1,10,23f22724b430320654759f8512440ebc
13424,75fe8d7dec9d2a51be64595ab37dc674,ef5bad66aa19ccfb82cacb73584b83ea,SO58570,4590,BK-M68B-42,2,4590,23f22724b430320654759f8512440ebc
13424,75fe8d7dec9d2a51be64595ab37dc674,ef5bad66aa19ccfb82cacb73584b83ea,SO58570,54,SJ-0194-S,1,54,23f22724b430320654759f8512440ebc
13424,75fe8d7dec9d2a51be64595ab37dc674,ef5bad66aa19ccfb82cacb73584b83ea,SO58570,5,WB-H098,1,5,23f22724b430320654759f8512440ebc
13425,478ecc8cdaa127c33884d9f6c72c2cd5,3fbd0407b55d3a3da21388a2ddbf881c,SO58624,4590,BK-M68B-42,2,4590,174acf6ca4e9804d47a59a499422e621
13425,478ecc8cdaa127c33884d9f6c72c2cd5,3fbd0407b55d3a3da21388a2ddbf881c,SO58624,22,FE-6654,1,22,174acf6ca4e9804d47a59a499422e621
13425,478ecc8cdaa127c33884d9f6c72c2cd5,3fbd0407b55d3a3da21388a2ddbf881c,SO58624,150,LJ-0192-M,3,150,174acf6ca4e9804d47a59a499422e621
13425,fffd2144f47526eeb222541136a47d44,b5bd60d2c998267a6b6a11a2521b0b65,SO47299,2443,BK-R89R-48,1,2443,e4eb0466781b24d67b81f508aeab70b7
13426,5e1b952a22eccca86f7f056a9efb42a4,a8ef76a01442567fb64eb6f4408a9835,SO57730,4590,BK-M68B-46,2,4590,40883861f6e25a2e09e848a7891f4f38
13426,5e1b952a22eccca86f7f056a9efb42a4,a8ef76a01442567fb64eb6f4408a9835,SO57730,22,FE-6654,1,22,40883861f6e25a2e09e848a7891f4f38
13426,8b2c1dc879653ef0a877850ef4a01f47,fdc720a8abaa222620409b00b4e00cc2,SO47488,4364,BK-R89B-58,2,4364,80f25c69c14ab1aa6fbbadcbd5eaeded
13427,244cede513841376c37dc856f2f5e7b9,5e1b952a22eccca86f7f056a9efb42a4,SO58397,4590,BK-M68B-46,2,4590,debbb2493c6588799fc787e1854bcda5
13428,0814775cfc25da756a9b4197347ab771,d76e0ba1fa041675ae9af958c5b41ae4,SO57827,4590,BK-M68B-42,2,4590,de22d232bbe84481579f6252f1e7091d
13428,0814775cfc25da756a9b4197347ab771,d76e0ba1fa041675ae9af958c5b41ae4,SO57827,22,FE-6654,1,22,de22d232bbe84481579f6252f1e7091d
13429,09a92962b3b77384fb4671e2a6803a84,e61ec60837c3a7c01e31ad9b2d857e99,SO47529,4364,BK-R89B-52,2,4364,b243d2d1c866ff70a41839ea58d11fdb
13429,c660dc308b247ce08aeecd155306bae0,e7df1b3ee078bdcfc260a877f321287d,SO59956,4640,BK-M68S-46,2,4640,9a95fdf4e925d9cbd65f87b5aa4ac212
13429,c660dc308b247ce08aeecd155306bae0,e7df1b3ee078bdcfc260a877f321287d,SO59956,22,FE-6654,1,22,9a95fdf4e925d9cbd65f87b5aa4ac212
13429,c660dc308b247ce08aeecd155306bae0,e7df1b3ee078bdcfc260a877f321287d,SO59956,64,VE-C304-L,1,64,9a95fdf4e925d9cbd65f87b5aa4ac212
13430,6e5c4b769f8f70f9fd01b24ba5be9695,40e7dd73b09eac540e790daf6fac41af,SO54860,22,FE-6654,1,22,106dfbaf552c07a1b08d065f2c343982
13430,6e5c4b769f8f70f9fd01b24ba5be9695,40e7dd73b09eac540e790daf6fac41af,SO54860,9,SO-R809-M,1,9,106dfbaf552c07a1b08d065f2c343982
13431,c926349b55a58d87d7d5008c349fd1e9,9e8cbc3edbb5efb3f48d6afb260e4725,SO60098,10,BC-M005,1,10,ccb91034934bb047c5f6a32eb289b95b
13431,c926349b55a58d87d7d5008c349fd1e9,9e8cbc3edbb5efb3f48d6afb260e4725,SO60098,4640,BK-M68S-42,2,4640,ccb91034934bb047c5f6a32eb289b95b
13431,c926349b55a58d87d7d5008c349fd1e9,9e8cbc3edbb5efb3f48d6afb260e4725,SO60098,22,FE-6654,1,22,ccb91034934bb047c5f6a32eb289b95b
13431,c926349b55a58d87d7d5008c349fd1e9,9e8cbc3edbb5efb3f48d6afb260e4725,SO60098,54,SJ-0194-S,1,54,ccb91034934bb047c5f6a32eb289b95b
13431,c926349b55a58d87d7d5008c349fd1e9,9e8cbc3edbb5efb3f48d6afb260e4725,SO60098,5,WB-H098,1,5,ccb91034934bb047c5f6a32eb289b95b
13431,ddf2a5b996051378e5e44109810f04c5,5206c46d068e66a8c5511d764ec58206,SO47557,4364,BK-R89B-52,2,4364,abc0c3928eca59906d9e88433e5105be
13432,41fc4cb27e0ee552c4c9247e1a476cc5,6d338b8c41c717c4336ad0084a80dca4,SO55124,22,FE-6654,1,22,6e5c4b769f8f70f9fd01b24ba5be9695
13432,41fc4cb27e0ee552c4c9247e1a476cc5,6d338b8c41c717c4336ad0084a80dca4,SO55124,105,HL-U509,3,105,6e5c4b769f8f70f9fd01b24ba5be9695
13433,412998e77ee121227580e3d363f75fa2,df595e3c678d4fae23ce174fe747165e,SO59880,4590,BK-M68B-42,2,4590,254d832c83ccdb2c33eab65a4fd196ff
13433,412998e77ee121227580e3d363f75fa2,df595e3c678d4fae23ce174fe747165e,SO59880,22,FE-6654,1,22,254d832c83ccdb2c33eab65a4fd196ff
13433,412998e77ee121227580e3d363f75fa2,df595e3c678d4fae23ce174fe747165e,SO59880,105,HL-U509-B,3,105,254d832c83ccdb2c33eab65a4fd196ff
13433,83fd58ad8dee673cf915b18f70b86416,b243d2d1c866ff70a41839ea58d11fdb,SO47582,4364,BK-R89B-44,2,4364,4b07ddfa8857087c363c1402c6fbcaa1
13434,0da2bc000f1fe4ea8746f9aea0bb5879,702a02712215141594ddf8e52b0a651c,SO68323,4640,BK-M68S-38,2,4640,b34050290c25b0f7b52a2b8f767df87d
13434,0da2bc000f1fe4ea8746f9aea0bb5879,702a02712215141594ddf8e52b0a651c,SO68323,35,TI-M823,1,35,b34050290c25b0f7b52a2b8f767df87d
13435,4804ee33768b143d9706052696f7dfbd,7254e54716fe52361e62aa16ea2e0797,SO60293,4640,BK-M68S-46,2,4640,c660dc308b247ce08aeecd155306bae0
13435,4804ee33768b143d9706052696f7dfbd,7254e54716fe52361e62aa16ea2e0797,SO60293,105,HL-U509-B,3,105,c660dc308b247ce08aeecd155306bae0
13435,4804ee33768b143d9706052696f7dfbd,7254e54716fe52361e62aa16ea2e0797,SO60293,35,TI-M823,1,35,c660dc308b247ce08aeecd155306bae0
13435,4804ee33768b143d9706052696f7dfbd,7254e54716fe52361e62aa16ea2e0797,SO60293,5,TT-M928,1,5,c660dc308b247ce08aeecd155306bae0
13435,9712d7a71de3e6d17935b90960bdaceb,8b2c1dc879653ef0a877850ef4a01f47,SO47573,2443,BK-R89R-48,1,2443,e03ae3b5ab9ed92e9fc903c440c40118
13436,7254e54716fe52361e62aa16ea2e0797,6eaadc1181f307997dc853d9ed40db36,SO59454,4590,BK-M68B-38,2,4590,e7df1b3ee078bdcfc260a877f321287d
13436,7254e54716fe52361e62aa16ea2e0797,6eaadc1181f307997dc853d9ed40db36,SO59454,22,FE-6654,1,22,e7df1b3ee078bdcfc260a877f321287d
13436,e03ae3b5ab9ed92e9fc903c440c40118,80f25c69c14ab1aa6fbbadcbd5eaeded,SO47537,4364,BK-R89R-58,2,4364,0fdc213a5f9c4a355f1240ee1160acdb
13437,9444f850ff0c10a862b4a6a9c4ab0a74,3143ce3c6436ed5bd25398756b7b661d,SO53754,22,FE-6654,1,22,76e3c19dbb0dadc4c6dc771d856e4676
13437,9444f850ff0c10a862b4a6a9c4ab0a74,3143ce3c6436ed5bd25398756b7b661d,SO53754,150,LJ-0192-L,3,150,76e3c19dbb0dadc4c6dc771d856e4676
13437,9444f850ff0c10a862b4a6a9c4ab0a74,3143ce3c6436ed5bd25398756b7b661d,SO53754,9,SO-R809-M,1,9,76e3c19dbb0dadc4c6dc771d856e4676
13438,5206c46d068e66a8c5511d764ec58206,79c5eb49b683e206aa6d5b40f84c60eb,SO47472,4364,BK-R89B-58,2,4364,9adbaac8d97fd446c4d97ce11625bd78
13438,c660dc308b247ce08aeecd155306bae0,e7df1b3ee078bdcfc260a877f321287d,SO59957,4640,BK-M68S-42,2,4640,9a95fdf4e925d9cbd65f87b5aa4ac212
13439,4dbf892d41ae205f6e36838031cff786,de22d232bbe84481579f6252f1e7091d,SO58232,22,FE-6654,1,22,3fbd0407b55d3a3da21388a2ddbf881c
13439,4dbf892d41ae205f6e36838031cff786,de22d232bbe84481579f6252f1e7091d,SO58232,105,HL-U509-B,3,105,3fbd0407b55d3a3da21388a2ddbf881c
13440,4b5c3229e0725ef8d303f494db9faec8,f46ace11e93788e473124f7be16a19d5,SO63740,2384,BK-T79Y-50,1,2384,0149f124a48640c62d90840ac5760331
13440,4b5c3229e0725ef8d303f494db9faec8,f46ace11e93788e473124f7be16a19d5,SO63740,54,SJ-0194-L,1,54,0149f124a48640c62d90840ac5760331
13440,ef5bad66aa19ccfb82cacb73584b83ea,0e23f371129aecc6b2033620b226f8d7,SO57889,4590,BK-M68B-38,2,4590,485ae69515bc4c60ef546ff289741f60
13440,ef5bad66aa19ccfb82cacb73584b83ea,0e23f371129aecc6b2033620b226f8d7,SO57889,22,FE-6654,1,22,485ae69515bc4c60ef546ff289741f60
13440,ef5bad66aa19ccfb82cacb73584b83ea,0e23f371129aecc6b2033620b226f8d7,SO57889,64,VE-C304-L,1,64,485ae69515bc4c60ef546ff289741f60
13441,0d3057f268050d468f468434f8ec809a,fd5ba6fdeb81e07b2caf0b103489bd8d,SO71977,22,FE-6654,1,22,921bc92a493b53f98f24e6a8a12801be
13441,0d3057f268050d468f468434f8ec809a,fd5ba6fdeb81e07b2caf0b103489bd8d,SO71977,48,GL-H102-L,2,48,921bc92a493b53f98f24e6a8a12801be
13442,013f173c58073e845f675d26fdde1918,ccb91034934bb047c5f6a32eb289b95b,SO60551,4590,BK-M68B-42,2,4590,d6fb379288416774d139632beb88e26b
13442,013f173c58073e845f675d26fdde1918,ccb91034934bb047c5f6a32eb289b95b,SO60551,22,FE-6654,1,22,d6fb379288416774d139632beb88e26b
13442,013f173c58073e845f675d26fdde1918,ccb91034934bb047c5f6a32eb289b95b,SO60551,2,PK-7098,1,2,d6fb379288416774d139632beb88e26b
13442,83fd58ad8dee673cf915b18f70b86416,b243d2d1c866ff70a41839ea58d11fdb,SO47583,4364,BK-R89B-58,2,4364,4b07ddfa8857087c363c1402c6fbcaa1
13443,ce08c22f7777768ce4197eab9727516c,4a800301260b2639fa1ec3efafb5f86c,SO60020,4640,BK-M68S-46,2,4640,5072507e949a2c25948a591c4da194e1
13443,ce08c22f7777768ce4197eab9727516c,4a800301260b2639fa1ec3efafb5f86c,SO60020,105,HL-U509-R,3,105,5072507e949a2c25948a591c4da194e1
13443,f3a74234d20fe8b7fea9d1e61588ddde,ff6b0fd180b0673e54be5105922418c2,SO47523,4364,BK-R89R-58,2,4364,8b2c1dc879653ef0a877850ef4a01f47
13444,5c741aa8e0753be65314a304e7b39c14,d945ec2aae74dbfb829453026b91c235,SO62064,22,FE-6654,1,22,7ee641303ef8d8b10d0ed00a060c73cc
13444,5c741aa8e0753be65314a304e7b39c14,d945ec2aae74dbfb829453026b91c235,SO62064,105,HL-U509,3,105,7ee641303ef8d8b10d0ed00a060c73cc
13445,49fce086a31f1cfcf16b54e462f7cbc0,99c8f306659fd98cbb9d7f03ec0c2a7a,SO70781,22,FE-6654,1,22,e84848120190a8d0e696fbeb15647a74
13445,49fce086a31f1cfcf16b54e462f7cbc0,99c8f306659fd98cbb9d7f03ec0c2a7a,SO70781,54,SJ-0194-S,1,54,e84848120190a8d0e696fbeb15647a74
13446,348f48807f500aeac729fb17d9bc97f1,5072507e949a2c25948a591c4da194e1,SO60498,4640,BK-M68S-46,2,4640,f108e0cd2f96a0c22086f9d45ee08f19
13446,348f48807f500aeac729fb17d9bc97f1,5072507e949a2c25948a591c4da194e1,SO60498,35,TI-M823,1,35,f108e0cd2f96a0c22086f9d45ee08f19
13446,85a7e482ebe05716e5f3929bdbe4147c,e4eb0466781b24d67b81f508aeab70b7,SO47467,4364,BK-R89R-58,2,4364,ad9d849aa74e54742c555c19900c6f1e
13447,7db2c3979b26317fc94657585dda1256,ddf2a5b996051378e5e44109810f04c5,SO47637,4364,BK-R89R-58,2,4364,7b70c83cb5595922297dfb93de1549d3
13447,af1457846a79173ef71dd9d5dd69805a,254d832c83ccdb2c33eab65a4fd196ff,SO60364,4590,BK-M68B-42,2,4590,ce08c22f7777768ce4197eab9727516c
13447,af1457846a79173ef71dd9d5dd69805a,254d832c83ccdb2c33eab65a4fd196ff,SO60364,22,FE-6654,1,22,ce08c22f7777768ce4197eab9727516c
13447,af1457846a79173ef71dd9d5dd69805a,254d832c83ccdb2c33eab65a4fd196ff,SO60364,105,HL-U509,3,105,ce08c22f7777768ce4197eab9727516c
13448,9e8cbc3edbb5efb3f48d6afb260e4725,174acf6ca4e9804d47a59a499422e621,SO59233,22,FE-6654,1,22,640540d73b85c3ecd2e3bf5541686e87
13449,c926349b55a58d87d7d5008c349fd1e9,9e8cbc3edbb5efb3f48d6afb260e4725,SO60097,10,BC-M005,1,10,ccb91034934bb047c5f6a32eb289b95b
13449,c926349b55a58d87d7d5008c349fd1e9,9e8cbc3edbb5efb3f48d6afb260e4725,SO60097,4590,BK-M68B-46,2,4590,ccb91034934bb047c5f6a32eb289b95b
13449,c926349b55a58d87d7d5008c349fd1e9,9e8cbc3edbb5efb3f48d6afb260e4725,SO60097,105,HL-U509-R,3,105,ccb91034934bb047c5f6a32eb289b95b
13449,c926349b55a58d87d7d5008c349fd1e9,9e8cbc3edbb5efb3f48d6afb260e4725,SO60097,5,WB-H098,1,5,ccb91034934bb047c5f6a32eb289b95b
13449,e03ae3b5ab9ed92e9fc903c440c40118,80f25c69c14ab1aa6fbbadcbd5eaeded,SO47538,4364,BK-R89B-58,2,4364,0fdc213a5f9c4a355f1240ee1160acdb
13450,4360a17b804bbfc81824d06174bd61a1,6d4d5745fb8f7f5dbaff1d157cfd66e0,SO47948,2443,BK-R89R-48,1,2443,4dbaf4bdbce8284f0eb9870406ab7f04
13450,5072507e949a2c25948a591c4da194e1,a189cc17a15cdb4e39e80dfcd8374c76,SO59689,4590,BK-M68B-46,2,4590,ad0b7f5ad35732646f1e5f67418d5995
13450,5072507e949a2c25948a591c4da194e1,a189cc17a15cdb4e39e80dfcd8374c76,SO59689,105,HL-U509,3,105,ad0b7f5ad35732646f1e5f67418d5995
13451,c885741a5e3e55c84950327011b70289,7e15f50bd26e439e6a22f5205a8064db,SO68649,22,FE-6654,1,22,0da2bc000f1fe4ea8746f9aea0bb5879
13452,4a800301260b2639fa1ec3efafb5f86c,23f22724b430320654759f8512440ebc,SO59189,10,BC-M005,1,10,a189cc17a15cdb4e39e80dfcd8374c76
13452,4a800301260b2639fa1ec3efafb5f86c,23f22724b430320654759f8512440ebc,SO59189,4640,BK-M68S-38,2,4640,a189cc17a15cdb4e39e80dfcd8374c76
13452,4a800301260b2639fa1ec3efafb5f86c,23f22724b430320654759f8512440ebc,SO59189,22,FE-6654,1,22,a189cc17a15cdb4e39e80dfcd8374c76
13452,4a800301260b2639fa1ec3efafb5f86c,23f22724b430320654759f8512440ebc,SO59189,5,WB-H098,1,5,a189cc17a15cdb4e39e80dfcd8374c76
13452,de0ec1db92da84eb75354f77c92b4831,83fd58ad8dee673cf915b18f70b86416,SO47732,2443,BK-R89R-48,1,2443,34fbf2f6480a253f5b18c3295860e4ca
13453,af1457846a79173ef71dd9d5dd69805a,254d832c83ccdb2c33eab65a4fd196ff,SO60365,4640,BK-M68S-46,2,4640,ce08c22f7777768ce4197eab9727516c
13453,af1457846a79173ef71dd9d5dd69805a,254d832c83ccdb2c33eab65a4fd196ff,SO60365,105,HL-U509-R,3,105,ce08c22f7777768ce4197eab9727516c
13453,af1457846a79173ef71dd9d5dd69805a,254d832c83ccdb2c33eab65a4fd196ff,SO60365,35,TI-M823,1,35,ce08c22f7777768ce4197eab9727516c
13453,af1457846a79173ef71dd9d5dd69805a,254d832c83ccdb2c33eab65a4fd196ff,SO60365,5,TT-M928,1,5,ce08c22f7777768ce4197eab9727516c
13453,e84927d3e6cb5062480084b8208ad296,eca42dce13e2b8f5a7af58263fefeb0a,SO47789,4364,BK-R89B-48,2,4364,dd10b03a406a44cb52e7d41971c2b941
13454,f108e0cd2f96a0c22086f9d45ee08f19,ad0b7f5ad35732646f1e5f67418d5995,SO60160,4640,BK-M68S-46,2,4640,7983129d9883ebc3b9dce3311996b001
13454,f108e0cd2f96a0c22086f9d45ee08f19,ad0b7f5ad35732646f1e5f67418d5995,SO60160,22,FE-6654,1,22,7983129d9883ebc3b9dce3311996b001
13454,f108e0cd2f96a0c22086f9d45ee08f19,ad0b7f5ad35732646f1e5f67418d5995,SO60160,2,PK-7098,1,2,7983129d9883ebc3b9dce3311996b001
13455,412998e77ee121227580e3d363f75fa2,df595e3c678d4fae23ce174fe747165e,SO59879,4640,BK-M68S-42,2,4640,254d832c83ccdb2c33eab65a4fd196ff
13455,412998e77ee121227580e3d363f75fa2,df595e3c678d4fae23ce174fe747165e,SO59879,8,CL-9009,1,8,254d832c83ccdb2c33eab65a4fd196ff
13455,412998e77ee121227580e3d363f75fa2,df595e3c678d4fae23ce174fe747165e,SO59879,22,FE-6654,1,22,254d832c83ccdb2c33eab65a4fd196ff
13456,6222fb05a8551828f3607e483b652095,427e6053bc13a556e37f64ff8e1619fb,SO47838,4364,BK-R89R-58,2,4364,13554fafffaf23d93f17c1b353041e27
13456,e7df1b3ee078bdcfc260a877f321287d,4dbf892d41ae205f6e36838031cff786,SO59117,4640,BK-M68S-46,2,4640,478ecc8cdaa127c33884d9f6c72c2cd5
13456,e7df1b3ee078bdcfc260a877f321287d,4dbf892d41ae205f6e36838031cff786,SO59117,27,CA-1098,3,27,478ecc8cdaa127c33884d9f6c72c2cd5
13456,e7df1b3ee078bdcfc260a877f321287d,4dbf892d41ae205f6e36838031cff786,SO59117,22,FE-6654,1,22,478ecc8cdaa127c33884d9f6c72c2cd5
13456,e7df1b3ee078bdcfc260a877f321287d,4dbf892d41ae205f6e36838031cff786,SO59117,150,LJ-0192-X,3,150,478ecc8cdaa127c33884d9f6c72c2cd5
13457,8c9ec1be720ee75d56d0c250d10610fa,16918840d98f27ce45948fe73dd5592f,SO63652,22,FE-6654,1,22,81a5d08c6beaeec9e42baae5d63dd780
13457,8c9ec1be720ee75d56d0c250d10610fa,16918840d98f27ce45948fe73dd5592f,SO63652,105,HL-U509-B,3,105,81a5d08c6beaeec9e42baae5d63dd780
13458,dca79d69a6b38e95c4b03bfab997796c,e5bf4a4a03e320ed76cf2ca68fa5b4c0,SO52388,10,BC-M005,1,10,9f79f7706bc6a7654ef0b8977966f69a
13458,dca79d69a6b38e95c4b03bfab997796c,e5bf4a4a03e320ed76cf2ca68fa5b4c0,SO52388,8,CL-9009,1,8,9f79f7706bc6a7654ef0b8977966f69a
13458,dca79d69a6b38e95c4b03bfab997796c,e5bf4a4a03e320ed76cf2ca68fa5b4c0,SO52388,22,FE-6654,1,22,9f79f7706bc6a7654ef0b8977966f69a
13458,dca79d69a6b38e95c4b03bfab997796c,e5bf4a4a03e320ed76cf2ca68fa5b4c0,SO52388,5,WB-H098,1,5,9f79f7706bc6a7654ef0b8977966f69a
13459,fee8e08233f3f00450bce31967abb0f1,331afa0aff1b1cfbf3d24944ab38c9d2,SO70548,22,FE-6654,1,22,86bfb8ffc7a79e52d833cedce4d275bf
13459,fee8e08233f3f00450bce31967abb0f1,331afa0aff1b1cfbf3d24944ab38c9d2,SO70548,105,HL-U509,3,105,86bfb8ffc7a79e52d833cedce4d275bf
13460,8c9ec1be720ee75d56d0c250d10610fa,16918840d98f27ce45948fe73dd5592f,SO63681,9,BC-R205,1,9,81a5d08c6beaeec9e42baae5d63dd780
13460,8c9ec1be720ee75d56d0c250d10610fa,16918840d98f27ce45948fe73dd5592f,SO63681,2384,BK-T79Y-50,1,2384,81a5d08c6beaeec9e42baae5d63dd780
13460,8c9ec1be720ee75d56d0c250d10610fa,16918840d98f27ce45948fe73dd5592f,SO63681,5,WB-H098,1,5,81a5d08c6beaeec9e42baae5d63dd780
13460,ab4946738415af86b5e3cee69b13301f,ed268f8f3837888893f896b7240f1254,SO57290,4590,BK-M68B-42,2,4590,fde67888c64f701b59876ec559099b3e
13461,d6fb379288416774d139632beb88e26b,3ebfce6ccd7540a632ae7e6ad8100c29,SO60234,4590,BK-M68B-42,2,4590,412998e77ee121227580e3d363f75fa2
13461,de0ec1db92da84eb75354f77c92b4831,83fd58ad8dee673cf915b18f70b86416,SO47733,4364,BK-R89B-48,2,4364,34fbf2f6480a253f5b18c3295860e4ca
13462,b2ce0ef2540789e8a6976165b6c917d8,128ee9ff420de424a605a0ee4a6f7916,SO72407,4590,BK-M68B-38,2,4590,dcf73f840a50da0145f24e8e0169dc4b
13462,b2ce0ef2540789e8a6976165b6c917d8,128ee9ff420de424a605a0ee4a6f7916,SO72407,22,FE-6654,1,22,dcf73f840a50da0145f24e8e0169dc4b
13462,b2ce0ef2540789e8a6976165b6c917d8,128ee9ff420de424a605a0ee4a6f7916,SO72407,48,GL-H102-S,2,48,dcf73f840a50da0145f24e8e0169dc4b
13462,b2ce0ef2540789e8a6976165b6c917d8,128ee9ff420de424a605a0ee4a6f7916,SO72407,105,HL-U509-B,3,105,dcf73f840a50da0145f24e8e0169dc4b
13462,f1f6939ed2d920fdfc3de31d6a3d32ac,b9e08b025ef074f1404952480e6fa92a,SO47874,4364,BK-R89B-44,2,4364,5215922a2b5965ae6b1b4f89ed711e40
13463,a9adf65abbb865184bf924d14a93d0c4,ec24e4cf9fcc90f3bbe81b2fb3735c21,SO70695,22,FE-6654,1,22,e0cd1349b4c6e1b5f14ed427e358c2d0
13463,a9adf65abbb865184bf924d14a93d0c4,ec24e4cf9fcc90f3bbe81b2fb3735c21,SO70695,105,HL-U509,3,105,e0cd1349b4c6e1b5f14ed427e358c2d0
13463,a9adf65abbb865184bf924d14a93d0c4,ec24e4cf9fcc90f3bbe81b2fb3735c21,SO70695,150,LJ-0192-X,3,150,e0cd1349b4c6e1b5f14ed427e358c2d0
13464,4804ee33768b143d9706052696f7dfbd,7254e54716fe52361e62aa16ea2e0797,SO60291,4640,BK-M68S-38,2,4640,c660dc308b247ce08aeecd155306bae0
13464,cef496a29639a0ba3d5ad94ef759770a,42c8d51c48328d79f09bd1db2203a02d,SO47882,4364,BK-R89B-48,2,4364,6222fb05a8551828f3607e483b652095
13465,31c99d724c1f182c60edb82eb4740277,e84848120190a8d0e696fbeb15647a74,SO71241,22,FE-6654,1,22,3db19f5f710f10e90ecc7154c649d60a
13465,31c99d724c1f182c60edb82eb4740277,e84848120190a8d0e696fbeb15647a74,SO71241,54,SJ-0194-X,1,54,3db19f5f710f10e90ecc7154c649d60a
13466,38c9e5d1e366b4c5c36aae682bc960c4,8fa3bab223bec6501ad71f96bb1067b6,SO71658,35,TI-M823,1,35,58c4ce5b9433e7b6d41793d5a76d5590
13466,38c9e5d1e366b4c5c36aae682bc960c4,8fa3bab223bec6501ad71f96bb1067b6,SO71658,5,TT-M928,1,5,58c4ce5b9433e7b6d41793d5a76d5590
13466,47a161474962a6dcc03cfa64127a641f,8920fd63645007b243abb750709b1172,SO73206,10,BC-M005,1,10,c5ed53572c667b119dde2fc0f54de602
13466,c507827aa5f4f6bbedf64058461c621b,6d1d8a1c7851eb5a946d45009cea6d9f,SO66460,48,GL-H102-L,2,48,dfcee565bb2da80a7b76451a5cd314a1
13466,c507827aa5f4f6bbedf64058461c621b,6d1d8a1c7851eb5a946d45009cea6d9f,SO66460,54,SJ-0194-L,1,54,dfcee565bb2da80a7b76451a5cd314a1
13466,c507827aa5f4f6bbedf64058461c621b,6d1d8a1c7851eb5a946d45009cea6d9f,SO66460,5,WB-H098,1,5,dfcee565bb2da80a7b76451a5cd314a1
13467,02ad1a5ca18e58629b8c1d6a6401d071,8d71482745a6a1be4fbbc5562ade4657,SO57770,22,FE-6654,1,22,a976f17830aceaaa93d5daef0bc209a3
13468,348f48807f500aeac729fb17d9bc97f1,5072507e949a2c25948a591c4da194e1,SO60494,4640,BK-M68S-38,2,4640,f108e0cd2f96a0c22086f9d45ee08f19
13468,348f48807f500aeac729fb17d9bc97f1,5072507e949a2c25948a591c4da194e1,SO60494,105,HL-U509-B,3,105,f108e0cd2f96a0c22086f9d45ee08f19
13468,348f48807f500aeac729fb17d9bc97f1,5072507e949a2c25948a591c4da194e1,SO60494,150,LJ-0192-S,3,150,f108e0cd2f96a0c22086f9d45ee08f19
13468,348f48807f500aeac729fb17d9bc97f1,5072507e949a2c25948a591c4da194e1,SO60494,35,TI-M823,1,35,f108e0cd2f96a0c22086f9d45ee08f19
13468,348f48807f500aeac729fb17d9bc97f1,5072507e949a2c25948a591c4da194e1,SO60494,5,TT-M928,1,5,f108e0cd2f96a0c22086f9d45ee08f19
13468,524fe547a612733b95c353e432357926,0901723b6b14e1720aa78a72eedad5f3,SO47922,4364,BK-R89B-58,2,4364,cef496a29639a0ba3d5ad94ef759770a
13469,9a027fc72b503940a96d5137762a263e,0e000451f430d2e5b745a08b4ee7836c,SO74740,22,FE-6654,1,22,54d3ba66c5e71d3112695b882ca2030e
13469,9a027fc72b503940a96d5137762a263e,0e000451f430d2e5b745a08b4ee7836c,SO74740,150,LJ-0192-M,3,150,54d3ba66c5e71d3112695b882ca2030e
13470,501407dcfde5b685045ca3072168d5bb,41ef6b06b63ba4f6a5234245a439b157,SO73539,22,FE-6654,1,22,5432d51ee94799c0125bb158c8a8bd22
13470,501407dcfde5b685045ca3072168d5bb,41ef6b06b63ba4f6a5234245a439b157,SO73539,105,HL-U509-B,3,105,5432d51ee94799c0125bb158c8a8bd22
13471,174acf6ca4e9804d47a59a499422e621,5abaefcc8525a8f4cfd95cba9e926532,SO58312,27,CA-1098,3,27,eba6cab7267f82e3b2a063d5ea445bb9
13471,174acf6ca4e9804d47a59a499422e621,5abaefcc8525a8f4cfd95cba9e926532,SO58312,22,FE-6654,1,22,eba6cab7267f82e3b2a063d5ea445bb9
13472,2d6e054ac82934d489c58cc8399a1628,ce08c22f7777768ce4197eab9727516c,SO60813,4640,BK-M68S-38,2,4640,348f48807f500aeac729fb17d9bc97f1
13472,2d6e054ac82934d489c58cc8399a1628,ce08c22f7777768ce4197eab9727516c,SO60813,159,ST-1401,1,159,348f48807f500aeac729fb17d9bc97f1
13472,2d6e054ac82934d489c58cc8399a1628,ce08c22f7777768ce4197eab9727516c,SO60813,35,TI-M823,1,35,348f48807f500aeac729fb17d9bc97f1
13472,2d6e054ac82934d489c58cc8399a1628,ce08c22f7777768ce4197eab9727516c,SO60813,5,TT-M928,1,5,348f48807f500aeac729fb17d9bc97f1
13473,7983129d9883ebc3b9dce3311996b001,0df76889b3e31ccfd17b50cc73baef03,SO59806,10,BC-M005,1,10,7254e54716fe52361e62aa16ea2e0797
13473,7983129d9883ebc3b9dce3311996b001,0df76889b3e31ccfd17b50cc73baef03,SO59806,4590,BK-M68B-38,2,4590,7254e54716fe52361e62aa16ea2e0797
13473,7983129d9883ebc3b9dce3311996b001,0df76889b3e31ccfd17b50cc73baef03,SO59806,9,SO-R809-M,1,9,7254e54716fe52361e62aa16ea2e0797
13473,7983129d9883ebc3b9dce3311996b001,0df76889b3e31ccfd17b50cc73baef03,SO59806,5,WB-H098,1,5,7254e54716fe52361e62aa16ea2e0797
13474,07b31bae17c7890b17d79a654aa230cf,a976f17830aceaaa93d5daef0bc209a3,SO58151,10,BC-M005,1,10,ef5bad66aa19ccfb82cacb73584b83ea
13474,07b31bae17c7890b17d79a654aa230cf,a976f17830aceaaa93d5daef0bc209a3,SO58151,5,WB-H098,1,5,ef5bad66aa19ccfb82cacb73584b83ea
13474,485ae69515bc4c60ef546ff289741f60,40ff348468b73116a7077c246985e0bf,SO57601,105,HL-U509-B,3,105,375bde15092f45652b6398c1dff650d0
13474,485ae69515bc4c60ef546ff289741f60,40ff348468b73116a7077c246985e0bf,SO57601,29,TI-T723,1,29,375bde15092f45652b6398c1dff650d0
13474,485ae69515bc4c60ef546ff289741f60,40ff348468b73116a7077c246985e0bf,SO57601,5,TT-T092,1,5,375bde15092f45652b6398c1dff650d0
13474,6e32728b966bb91cefefa1316da21ca8,b322422d9a721bbdefa133133dd407c1,SO67712,105,HL-U509,3,105,de5009f9bf3e9725d2381f4a5e913111
13474,6e32728b966bb91cefefa1316da21ca8,b322422d9a721bbdefa133133dd407c1,SO67712,150,LJ-0192-M,3,150,de5009f9bf3e9725d2381f4a5e913111
13474,6e32728b966bb91cefefa1316da21ca8,b322422d9a721bbdefa133133dd407c1,SO67712,33,TI-R982,1,33,de5009f9bf3e9725d2381f4a5e913111
13474,6e32728b966bb91cefefa1316da21ca8,b322422d9a721bbdefa133133dd407c1,SO67712,4,TT-R982,1,4,de5009f9bf3e9725d2381f4a5e913111
13474,705fa39ab40831529471c768490339ab,63efdd3324df66c9965bd622cdebe06a,SO68855,27,CA-1098,3,27,4584ca349e0920f4436a3c2f36158b85
13474,705fa39ab40831529471c768490339ab,63efdd3324df66c9965bd622cdebe06a,SO68855,105,HL-U509-B,3,105,4584ca349e0920f4436a3c2f36158b85
13474,705fa39ab40831529471c768490339ab,63efdd3324df66c9965bd622cdebe06a,SO68855,150,LJ-0192-S,3,150,4584ca349e0920f4436a3c2f36158b85
13474,705fa39ab40831529471c768490339ab,63efdd3324df66c9965bd622cdebe06a,SO68855,35,TI-M823,1,35,4584ca349e0920f4436a3c2f36158b85
13474,705fa39ab40831529471c768490339ab,63efdd3324df66c9965bd622cdebe06a,SO68855,5,TT-M928,1,5,4584ca349e0920f4436a3c2f36158b85
13475,9592b44e2c3f304a9875f45537bec6eb,a9cd7a99d71cca9cb644010050374ade,SO72754,22,FE-6654,1,22,b2ce0ef2540789e8a6976165b6c917d8
13475,9592b44e2c3f304a9875f45537bec6eb,a9cd7a99d71cca9cb644010050374ade,SO72754,105,HL-U509,3,105,b2ce0ef2540789e8a6976165b6c917d8
13476,af1457846a79173ef71dd9d5dd69805a,254d832c83ccdb2c33eab65a4fd196ff,SO60348,22,FE-6654,1,22,ce08c22f7777768ce4197eab9727516c
13476,af1457846a79173ef71dd9d5dd69805a,254d832c83ccdb2c33eab65a4fd196ff,SO60348,54,SJ-0194-M,1,54,ce08c22f7777768ce4197eab9727516c
13477,0383d48e76cd8a3dfb9e2a890f2cac18,d6fb379288416774d139632beb88e26b,SO61014,4590,BK-M68B-42,2,4590,883b9b4170853b321c03290f64ba199f
13477,0383d48e76cd8a3dfb9e2a890f2cac18,d6fb379288416774d139632beb88e26b,SO61014,105,HL-U509-R,3,105,883b9b4170853b321c03290f64ba199f
13477,4360a17b804bbfc81824d06174bd61a1,6d4d5745fb8f7f5dbaff1d157cfd66e0,SO47949,4364,BK-R89B-52,2,4364,4dbaf4bdbce8284f0eb9870406ab7f04
13478,5215922a2b5965ae6b1b4f89ed711e40,336a679e4b20d70ee4a230ccc5fd12f7,SO47832,2443,BK-R89R-48,1,2443,e84927d3e6cb5062480084b8208ad296
13478,7254e54716fe52361e62aa16ea2e0797,6eaadc1181f307997dc853d9ed40db36,SO59452,10,BC-M005,1,10,e7df1b3ee078bdcfc260a877f321287d
13478,7254e54716fe52361e62aa16ea2e0797,6eaadc1181f307997dc853d9ed40db36,SO59452,4640,BK-M68S-38,2,4640,e7df1b3ee078bdcfc260a877f321287d
13478,7254e54716fe52361e62aa16ea2e0797,6eaadc1181f307997dc853d9ed40db36,SO59452,120,RA-H123,1,120,e7df1b3ee078bdcfc260a877f321287d
13478,7254e54716fe52361e62aa16ea2e0797,6eaadc1181f307997dc853d9ed40db36,SO59452,5,WB-H098,1,5,e7df1b3ee078bdcfc260a877f321287d
13479,3f0c8308e4e2e5c4ddc1b7e19304f613,61e00b038efd34bdf9c747596273cbcf,SO64821,22,FE-6654,1,22,232e830f1ac667c081eaaca23cdf9b5f
13479,3f0c8308e4e2e5c4ddc1b7e19304f613,61e00b038efd34bdf9c747596273cbcf,SO64821,54,SJ-0194-S,1,54,232e830f1ac667c081eaaca23cdf9b5f
13480,174acf6ca4e9804d47a59a499422e621,5abaefcc8525a8f4cfd95cba9e926532,SO58313,22,FE-6654,1,22,eba6cab7267f82e3b2a063d5ea445bb9
13480,174acf6ca4e9804d47a59a499422e621,5abaefcc8525a8f4cfd95cba9e926532,SO58313,48,GL-H102-M,2,48,eba6cab7267f82e3b2a063d5ea445bb9
13480,174acf6ca4e9804d47a59a499422e621,5abaefcc8525a8f4cfd95cba9e926532,SO58313,105,HL-U509-R,3,105,eba6cab7267f82e3b2a063d5ea445bb9
13481,722dc621a1a56555843f574144bfcdf0,d27974ca95fd620ac92cf95bf8c1d1f2,SO74544,27,CA-1098,3,27,d612b5fb3f6011688fb0c9927693365a
13481,722dc621a1a56555843f574144bfcdf0,d27974ca95fd620ac92cf95bf8c1d1f2,SO74544,22,FE-6654,1,22,d612b5fb3f6011688fb0c9927693365a
13482,427e6053bc13a556e37f64ff8e1619fb,7b70c83cb5595922297dfb93de1549d3,SO47760,4364,BK-R89R-58,2,4364,29811b471c7da705b519bb457273565b
13482,a6f2945baeceeef4c8d541a22f6e99e9,d5985f40495ba672dff8a99620b879c8,SO72549,4590,BK-M68B-46,2,4590,95a2a9aefc393f8630e934768cacf4cd
13482,a6f2945baeceeef4c8d541a22f6e99e9,d5985f40495ba672dff8a99620b879c8,SO72549,22,FE-6654,1,22,95a2a9aefc393f8630e934768cacf4cd
13482,a6f2945baeceeef4c8d541a22f6e99e9,d5985f40495ba672dff8a99620b879c8,SO72549,2,PK-7098,1,2,95a2a9aefc393f8630e934768cacf4cd
13483,5efefff01843f5aa3f7d8a4d44b4bf2e,922d04aa1f67bbe0270bfad98508f43e,SO62555,22,FE-6654,1,22,db2f6a564b6f5f41253c68874b50962b
13483,5efefff01843f5aa3f7d8a4d44b4bf2e,922d04aa1f67bbe0270bfad98508f43e,SO62555,105,HL-U509-B,3,105,db2f6a564b6f5f41253c68874b50962b
13484,236684fb5e7041b0bce387092d87c3ea,5df3d5e6ab78e9109e9a80b7ac423282,SO48166,2443,BK-R89R-44,1,2443,c23832fbf23a0e7899927ece4d109c94
13484,3ebfce6ccd7540a632ae7e6ad8100c29,d630b2db6e8046e30b4728ca862ba4e1,SO59380,4590,BK-M68B-38,2,4590,df595e3c678d4fae23ce174fe747165e
13484,3ebfce6ccd7540a632ae7e6ad8100c29,d630b2db6e8046e30b4728ca862ba4e1,SO59380,105,HL-U509-R,3,105,df595e3c678d4fae23ce174fe747165e
13484,3ebfce6ccd7540a632ae7e6ad8100c29,d630b2db6e8046e30b4728ca862ba4e1,SO59380,35,TI-M823,1,35,df595e3c678d4fae23ce174fe747165e
13484,3ebfce6ccd7540a632ae7e6ad8100c29,d630b2db6e8046e30b4728ca862ba4e1,SO59380,5,TT-M928,1,5,df595e3c678d4fae23ce174fe747165e
13485,deff8ad81a213d1110c1f409a7f40fcd,b8cc77f0099ae7d3a20b9f0b74d70b12,SO52809,10,BC-M005,1,10,f04e53711455521533f4c5ed7dcaa287
13485,deff8ad81a213d1110c1f409a7f40fcd,b8cc77f0099ae7d3a20b9f0b74d70b12,SO52809,22,FE-6654,1,22,f04e53711455521533f4c5ed7dcaa287
13485,deff8ad81a213d1110c1f409a7f40fcd,b8cc77f0099ae7d3a20b9f0b74d70b12,SO52809,5,WB-H098,1,5,f04e53711455521533f4c5ed7dcaa287
13486,254d832c83ccdb2c33eab65a4fd196ff,75fe8d7dec9d2a51be64595ab37dc674,SO59521,10,BC-M005,1,10,4a800301260b2639fa1ec3efafb5f86c
13486,254d832c83ccdb2c33eab65a4fd196ff,75fe8d7dec9d2a51be64595ab37dc674,SO59521,55,HY-1023-70,1,55,4a800301260b2639fa1ec3efafb5f86c
13486,e2f0a420a4c1a9e8e292761f835e0489,4eec6eda382b9c44e240ad4b4b5e9cc0,SO65596,22,FE-6654,1,22,9d934f91c460e9947414d00048f2fa36
13486,e2f0a420a4c1a9e8e292761f835e0489,4eec6eda382b9c44e240ad4b4b5e9cc0,SO65596,35,TI-M823,1,35,9d934f91c460e9947414d00048f2fa36
13486,e2f0a420a4c1a9e8e292761f835e0489,4eec6eda382b9c44e240ad4b4b5e9cc0,SO65596,64,VE-C304-L,1,64,9d934f91c460e9947414d00048f2fa36
13486,eba5233d2dd8ea5031e646882335ece0,629ffff971d10f275a79a70fae527fbc,SO56619,105,HL-U509,3,105,b988e88fd94a3b47434beeb650cff880
13486,eba5233d2dd8ea5031e646882335ece0,629ffff971d10f275a79a70fae527fbc,SO56619,5,WB-H098,1,5,b988e88fd94a3b47434beeb650cff880
13487,348f48807f500aeac729fb17d9bc97f1,5072507e949a2c25948a591c4da194e1,SO60495,4590,BK-M68B-46,2,4590,f108e0cd2f96a0c22086f9d45ee08f19
13487,348f48807f500aeac729fb17d9bc97f1,5072507e949a2c25948a591c4da194e1,SO60495,22,FE-6654,1,22,f108e0cd2f96a0c22086f9d45ee08f19
13487,348f48807f500aeac729fb17d9bc97f1,5072507e949a2c25948a591c4da194e1,SO60495,105,HL-U509,3,105,f108e0cd2f96a0c22086f9d45ee08f19
13487,694d75fcfc5bc50259336e29e881a36c,eef19d609e6d210600b55b2e51330be3,SO48280,4364,BK-R89B-52,2,4364,7e7a9bb13ad063eb81a70efff24ca60a
13488,ce08c22f7777768ce4197eab9727516c,4a800301260b2639fa1ec3efafb5f86c,SO60009,22,FE-6654,1,22,5072507e949a2c25948a591c4da194e1
13488,ce08c22f7777768ce4197eab9727516c,4a800301260b2639fa1ec3efafb5f86c,SO60009,120,RA-H123,1,120,5072507e949a2c25948a591c4da194e1
13489,2d6e054ac82934d489c58cc8399a1628,ce08c22f7777768ce4197eab9727516c,SO60811,4590,BK-M68B-42,2,4590,348f48807f500aeac729fb17d9bc97f1
13489,2d6e054ac82934d489c58cc8399a1628,ce08c22f7777768ce4197eab9727516c,SO60811,2,PK-7098,1,2,348f48807f500aeac729fb17d9bc97f1
13489,b2d2f5ceb10246b49d6ab4905e6f9753,c677c7c135ec8863ce920e94467b93e3,SO48109,2443,BK-R89R-48,1,2443,4360a17b804bbfc81824d06174bd61a1
13490,b8d9d66529b0a1e91f6137abcdd065dd,6d44506d59926d8d13d35f75d97f2a64,SO54225,22,FE-6654,1,22,90c6314650a0d54fdcabe5cd5406f9af
13490,b8d9d66529b0a1e91f6137abcdd065dd,6d44506d59926d8d13d35f75d97f2a64,SO54225,105,HL-U509,3,105,90c6314650a0d54fdcabe5cd5406f9af
13491,02b96ab6e0935145589be4e1408a1675,58f0b42da53adeeccbfa693883fea672,SO65351,105,HL-U509,3,105,b68fd63ca41d49bfc1b18251202c053f
13491,02b96ab6e0935145589be4e1408a1675,58f0b42da53adeeccbfa693883fea672,SO65351,5,WB-H098,1,5,b68fd63ca41d49bfc1b18251202c053f
13491,6cf9e035d2f1d8ffe1b9f2f96a9e7a3a,982b3b4109cce5d4e5bf1fcbe0ae259b,SO74648,22,FE-6654,1,22,db10519e66d9a7b809b91935ad1a696d
13491,6cf9e035d2f1d8ffe1b9f2f96a9e7a3a,982b3b4109cce5d4e5bf1fcbe0ae259b,SO74648,48,GL-H102-S,2,48,db10519e66d9a7b809b91935ad1a696d
13491,6cf9e035d2f1d8ffe1b9f2f96a9e7a3a,982b3b4109cce5d4e5bf1fcbe0ae259b,SO74648,105,HL-U509-R,3,105,db10519e66d9a7b809b91935ad1a696d
13491,6cf9e035d2f1d8ffe1b9f2f96a9e7a3a,982b3b4109cce5d4e5bf1fcbe0ae259b,SO74648,35,TI-M823,1,35,db10519e66d9a7b809b91935ad1a696d
13491,6cf9e035d2f1d8ffe1b9f2f96a9e7a3a,982b3b4109cce5d4e5bf1fcbe0ae259b,SO74648,5,TT-M928,1,5,db10519e66d9a7b809b91935ad1a696d
13491,db2b287636ac5ebda430de4f3f643b24,7af7abc5e37d5fa2e2334b4fec2584e2,SO51988,10,BC-M005,1,10,bee2b842cd357511cf4c8e509f5af192
13491,db2b287636ac5ebda430de4f3f643b24,7af7abc5e37d5fa2e2334b4fec2584e2,SO51988,5,WB-H098,1,5,bee2b842cd357511cf4c8e509f5af192
13492,694d75fcfc5bc50259336e29e881a36c,eef19d609e6d210600b55b2e51330be3,SO48281,4364,BK-R89R-58,2,4364,7e7a9bb13ad063eb81a70efff24ca60a
13492,eef21e68ecca703bb338920b950f203c,f108e0cd2f96a0c22086f9d45ee08f19,SO60929,10,BC-M005,1,10,b21e833d3ead6056f1265f13fe1ff015
13492,eef21e68ecca703bb338920b950f203c,f108e0cd2f96a0c22086f9d45ee08f19,SO60929,4590,BK-M68B-38,2,4590,b21e833d3ead6056f1265f13fe1ff015
13492,eef21e68ecca703bb338920b950f203c,f108e0cd2f96a0c22086f9d45ee08f19,SO60929,27,CA-1098,3,27,b21e833d3ead6056f1265f13fe1ff015
13492,eef21e68ecca703bb338920b950f203c,f108e0cd2f96a0c22086f9d45ee08f19,SO60929,5,WB-H098,1,5,b21e833d3ead6056f1265f13fe1ff015
13493,cae5717327bee7d74e261c550aa5081f,18025e6a8791d350428f65c0783ebd99,SO56737,10,BC-M005,1,10,ed268f8f3837888893f896b7240f1254
13493,cae5717327bee7d74e261c550aa5081f,18025e6a8791d350428f65c0783ebd99,SO56737,5,WB-H098,1,5,ed268f8f3837888893f896b7240f1254
13493,d34ba8f5d7fd7d5959a34c283fbec422,9c56075241a26f6fa77eb86b15411c6e,SO55069,29,TI-T723,1,29,ac15b60491fe99190c0248790e690757
13493,d34ba8f5d7fd7d5959a34c283fbec422,9c56075241a26f6fa77eb86b15411c6e,SO55069,5,TT-T092,1,5,ac15b60491fe99190c0248790e690757
13494,4dbf892d41ae205f6e36838031cff786,de22d232bbe84481579f6252f1e7091d,SO58228,105,HL-U509-R,3,105,3fbd0407b55d3a3da21388a2ddbf881c
13494,4dbf892d41ae205f6e36838031cff786,de22d232bbe84481579f6252f1e7091d,SO58228,5,TT-T092,1,5,3fbd0407b55d3a3da21388a2ddbf881c
13495,fda052162862bb845297063fd71a580c,1678083e7ff90bd404baad3f60bffa37,SO56420,10,BC-M005,1,10,a2c49941411089cb2a9cbf78cb803c26
13495,fda052162862bb845297063fd71a580c,1678083e7ff90bd404baad3f60bffa37,SO56420,5,WB-H098,1,5,a2c49941411089cb2a9cbf78cb803c26
13495,fef3080ec197edd1a04bb18afd31d16d,b8d9d66529b0a1e91f6137abcdd065dd,SO54913,27,CA-1098,3,27,4310d0d92131e34ff2716d85e1953174
13495,fef3080ec197edd1a04bb18afd31d16d,b8d9d66529b0a1e91f6137abcdd065dd,SO54913,29,TI-T723,1,29,4310d0d92131e34ff2716d85e1953174
13495,fef3080ec197edd1a04bb18afd31d16d,b8d9d66529b0a1e91f6137abcdd065dd,SO54913,5,TT-T092,1,5,4310d0d92131e34ff2716d85e1953174
13496,b988e88fd94a3b47434beeb650cff880,3c1811b546060d91957cc446aabc4a3c,SO56358,33,TI-R982,1,33,18025e6a8791d350428f65c0783ebd99
13496,b988e88fd94a3b47434beeb650cff880,3c1811b546060d91957cc446aabc4a3c,SO56358,4,TT-R982,1,4,18025e6a8791d350428f65c0783ebd99
13497,3e48b2167bd86ef570e46d0b286c4f74,072bf847aeeee970f66483e596496cd9,SO53272,105,HL-U509,3,105,3e07f09fb2edbdf0bf6a54c17634514b
13497,3e48b2167bd86ef570e46d0b286c4f74,072bf847aeeee970f66483e596496cd9,SO53272,5,TT-T092,1,5,3e07f09fb2edbdf0bf6a54c17634514b
13498,c87874400b9f907bdf9ea37d75a4b341,23bd9a9b90557e9da7babfb8e3d2df22,SO64562,33,TI-R982,1,33,8b9fe4b34e3c54f08bfcac3d9691e260
13498,c87874400b9f907bdf9ea37d75a4b341,23bd9a9b90557e9da7babfb8e3d2df22,SO64562,4,TT-R982,1,4,8b9fe4b34e3c54f08bfcac3d9691e260
13498,c87874400b9f907bdf9ea37d75a4b341,23bd9a9b90557e9da7babfb8e3d2df22,SO64562,64,VE-C304-L,1,64,8b9fe4b34e3c54f08bfcac3d9691e260
13499,ad4fbe0c82c7e5968d4cf22c2ad19e28,72e75576254db1afef14ecdc050391c2,SO52700,70,SH-W890-L,1,70,f5933feadc49c253e4f0e77b236946e9
13499,ad4fbe0c82c7e5968d4cf22c2ad19e28,72e75576254db1afef14ecdc050391c2,SO52700,64,VE-C304-M,1,64,f5933feadc49c253e4f0e77b236946e9
13500,8f472ffe3ff3109f420ae91355ff8f3f,e0cd1349b4c6e1b5f14ed427e358c2d0,SO71178,105,HL-U509-B,3,105,8fa3bab223bec6501ad71f96bb1067b6
13500,8f472ffe3ff3109f420ae91355ff8f3f,e0cd1349b4c6e1b5f14ed427e358c2d0,SO71178,5,TT-T092,1,5,8fa3bab223bec6501ad71f96bb1067b6
13501,07b31bae17c7890b17d79a654aa230cf,a976f17830aceaaa93d5daef0bc209a3,SO58167,105,HL-U509-R,3,105,ef5bad66aa19ccfb82cacb73584b83ea
13501,07b31bae17c7890b17d79a654aa230cf,a976f17830aceaaa93d5daef0bc209a3,SO58167,5,TT-T092,1,5,ef5bad66aa19ccfb82cacb73584b83ea
13502,232e830f1ac667c081eaaca23cdf9b5f,4b5c3229e0725ef8d303f494db9faec8,SO64497,150,LJ-0192-S,3,150,abe94c2111c58e9c9672602d41bce66e
13502,232e830f1ac667c081eaaca23cdf9b5f,4b5c3229e0725ef8d303f494db9faec8,SO64497,5,TT-T092,1,5,abe94c2111c58e9c9672602d41bce66e
13503,d630b2db6e8046e30b4728ca862ba4e1,02ad1a5ca18e58629b8c1d6a6401d071,SO58450,10,BC-M005,1,10,07b31bae17c7890b17d79a654aa230cf
13503,d630b2db6e8046e30b4728ca862ba4e1,02ad1a5ca18e58629b8c1d6a6401d071,SO58450,55,HY-1023-70,1,55,07b31bae17c7890b17d79a654aa230cf
13503,ed268f8f3837888893f896b7240f1254,a9cefc49af6424b430612adfc69876ee,SO56462,2,PK-7098,1,2,6353a8421ee460b64f2c988cc72a8391
13503,ed268f8f3837888893f896b7240f1254,a9cefc49af6424b430612adfc69876ee,SO56462,29,TI-T723,1,29,6353a8421ee460b64f2c988cc72a8391
13503,ed268f8f3837888893f896b7240f1254,a9cefc49af6424b430612adfc69876ee,SO56462,5,TT-T092,1,5,6353a8421ee460b64f2c988cc72a8391
13504,0b2223e9289eb4a053913fe2c44e1359,cb1acef92aa40abf6c8b8044d9ed1309,SO46244,3578,BK-R93R-62,1,3578,5c70f2bf0cb9e8d72491348c6d6d9b06
13504,b0950d12c62d3aeda81b2e8d06f2aef4,e366e24b8ad0b1107528f2f58cd15a81,SO73347,10,BC-M005,1,10,a048b8d5f3f9178f163e2be055f0138b
13504,b0950d12c62d3aeda81b2e8d06f2aef4,e366e24b8ad0b1107528f2f58cd15a81,SO73347,4590,BK-M68B-46,2,4590,a048b8d5f3f9178f163e2be055f0138b
13504,b0950d12c62d3aeda81b2e8d06f2aef4,e366e24b8ad0b1107528f2f58cd15a81,SO73347,105,HL-U509-R,3,105,a048b8d5f3f9178f163e2be055f0138b
13504,b0950d12c62d3aeda81b2e8d06f2aef4,e366e24b8ad0b1107528f2f58cd15a81,SO73347,5,WB-H098,1,5,a048b8d5f3f9178f163e2be055f0138b
13505,5072507e949a2c25948a591c4da194e1,a189cc17a15cdb4e39e80dfcd8374c76,SO59680,105,HL-U509-B,3,105,ad0b7f5ad35732646f1e5f67418d5995
13505,5072507e949a2c25948a591c4da194e1,a189cc17a15cdb4e39e80dfcd8374c76,SO59680,29,TI-T723,1,29,ad0b7f5ad35732646f1e5f67418d5995
13505,5072507e949a2c25948a591c4da194e1,a189cc17a15cdb4e39e80dfcd8374c76,SO59680,5,TT-T092,1,5,ad0b7f5ad35732646f1e5f67418d5995
13505,ba19c22033aaecc6c5dad47f63e5858c,8dd08d219271ec96c543f486de430703,SO63040,10,BC-M005,1,10,16918840d98f27ce45948fe73dd5592f
13505,ba19c22033aaecc6c5dad47f63e5858c,8dd08d219271ec96c543f486de430703,SO63040,27,CA-1098,3,27,16918840d98f27ce45948fe73dd5592f
13505,ba19c22033aaecc6c5dad47f63e5858c,8dd08d219271ec96c543f486de430703,SO63040,105,HL-U509-B,3,105,16918840d98f27ce45948fe73dd5592f
13505,ba19c22033aaecc6c5dad47f63e5858c,8dd08d219271ec96c543f486de430703,SO63040,5,WB-H098,1,5,16918840d98f27ce45948fe73dd5592f
13506,36ab6f1df21f3c9a169c8942e981959a,058af5b2a408d57b708367e5bf4e9d9c,SO67673,70,SH-W890-S,1,70,8e8847c1bdf012037ee13bb62da8a5c1
13506,36ab6f1df21f3c9a169c8942e981959a,058af5b2a408d57b708367e5bf4e9d9c,SO67673,54,SJ-0194-X,1,54,8e8847c1bdf012037ee13bb62da8a5c1
13507,40ff348468b73116a7077c246985e0bf,a2c49941411089cb2a9cbf78cb803c26,SO56781,10,BC-M005,1,10,830e779850b1d58733a7ad711bf6b83f
13507,40ff348468b73116a7077c246985e0bf,a2c49941411089cb2a9cbf78cb803c26,SO56781,5,WB-H098,1,5,830e779850b1d58733a7ad711bf6b83f
13507,ed268f8f3837888893f896b7240f1254,a9cefc49af6424b430612adfc69876ee,SO56464,29,TI-T723,1,29,6353a8421ee460b64f2c988cc72a8391
13508,7f026edc73bd4602381834e9b850d6c2,eedd9be5500334505ed9d4aef801ac3d,SO52246,27,CA-1098,3,27,db2b287636ac5ebda430de4f3f643b24
13508,7f026edc73bd4602381834e9b850d6c2,eedd9be5500334505ed9d4aef801ac3d,SO52246,150,LJ-0192-X,3,150,db2b287636ac5ebda430de4f3f643b24
13508,7f026edc73bd4602381834e9b850d6c2,eedd9be5500334505ed9d4aef801ac3d,SO52246,70,SH-W890-M,1,70,db2b287636ac5ebda430de4f3f643b24
13509,07b31bae17c7890b17d79a654aa230cf,a976f17830aceaaa93d5daef0bc209a3,SO58166,29,TI-T723,1,29,ef5bad66aa19ccfb82cacb73584b83ea
13509,07b31bae17c7890b17d79a654aa230cf,a976f17830aceaaa93d5daef0bc209a3,SO58166,5,TT-T092,1,5,ef5bad66aa19ccfb82cacb73584b83ea
13509,5072507e949a2c25948a591c4da194e1,a189cc17a15cdb4e39e80dfcd8374c76,SO59683,10,BC-M005,1,10,ad0b7f5ad35732646f1e5f67418d5995
13509,5072507e949a2c25948a591c4da194e1,a189cc17a15cdb4e39e80dfcd8374c76,SO59683,5,WB-H098,1,5,ad0b7f5ad35732646f1e5f67418d5995
13510,9f79f7706bc6a7654ef0b8977966f69a,e2f7ff887646789ea003d03bc2025325,SO52136,48,GL-H102-M,2,48,361e2c62255e0c1887ac2139911ca300
13510,9f79f7706bc6a7654ef0b8977966f69a,e2f7ff887646789ea003d03bc2025325,SO52136,70,SH-W890-L,1,70,361e2c62255e0c1887ac2139911ca300
13511,47a161474962a6dcc03cfa64127a641f,8920fd63645007b243abb750709b1172,SO73189,4640,BK-M68S-38,2,4640,c5ed53572c667b119dde2fc0f54de602
13511,47a161474962a6dcc03cfa64127a641f,8920fd63645007b243abb750709b1172,SO73189,27,CA-1098,3,27,c5ed53572c667b119dde2fc0f54de602
13511,47a161474962a6dcc03cfa64127a641f,8920fd63645007b243abb750709b1172,SO73189,55,HY-1023-70,1,55,c5ed53572c667b119dde2fc0f54de602
13511,47a161474962a6dcc03cfa64127a641f,8920fd63645007b243abb750709b1172,SO73189,150,LJ-0192-L,3,150,c5ed53572c667b119dde2fc0f54de602
13511,7fe55f4f2e51708bd160778e5ef08685,b34f038fa8756c7f3677882d150ade23,SO46420,3578,BK-R93R-52,1,3578,3a5d59e0d6a1a261f70c276f78a569eb
13512,4b5c3229e0725ef8d303f494db9faec8,f46ace11e93788e473124f7be16a19d5,SO63718,70,SH-W890-L,1,70,0149f124a48640c62d90840ac5760331
13513,8920fd63645007b243abb750709b1172,58c4ce5b9433e7b6d41793d5a76d5590,SO72286,10,BC-M005,1,10,0d3057f268050d468f468434f8ec809a
13513,8920fd63645007b243abb750709b1172,58c4ce5b9433e7b6d41793d5a76d5590,SO72286,4590,BK-M68B-46,2,4590,0d3057f268050d468f468434f8ec809a
13513,8920fd63645007b243abb750709b1172,58c4ce5b9433e7b6d41793d5a76d5590,SO72286,105,HL-U509-B,3,105,0d3057f268050d468f468434f8ec809a
13513,bd0ae680b4a62b8b5bdab83f032b2284,ed67a38e51057f3df3dde5580357d4d9,SO43712,3578,BK-R93R-44,1,3578,121689451d0e65a4fc6c180cbe0d452f
13514,545a3d56d20b22e09aa85bfa5ed8738d,31c99d724c1f182c60edb82eb4740277,SO72197,4640,BK-M68S-38,2,4640,a9cd7a99d71cca9cb644010050374ade
13514,545a3d56d20b22e09aa85bfa5ed8738d,31c99d724c1f182c60edb82eb4740277,SO72197,105,HL-U509,3,105,a9cd7a99d71cca9cb644010050374ade
13514,545a3d56d20b22e09aa85bfa5ed8738d,31c99d724c1f182c60edb82eb4740277,SO72197,35,TI-M823,1,35,a9cd7a99d71cca9cb644010050374ade
13514,545a3d56d20b22e09aa85bfa5ed8738d,31c99d724c1f182c60edb82eb4740277,SO72197,5,TT-M928,1,5,a9cd7a99d71cca9cb644010050374ade
13514,ba5216f340c430ae833596806650eed2,bc711710f4e4dd1cfeafbccb182790a0,SO44011,3578,BK-R93R-62,1,3578,22db51e448053c41a0b54d56c61806bc
13515,4d477da2cac19595261e2755bb0750f4,d42ff2e8dfbd670b0e4f7cdb4eb2a548,SO43985,3578,BK-R93R-52,1,3578,595e2f03af2122e9bce5fe0fff67d39e
13515,d7f57f35d2bad1349ca24a67a2635eea,5432d51ee94799c0125bb158c8a8bd22,SO74037,4590,BK-M68B-38,2,4590,1ba7e8cdf85da6cf5e11554703236b52
13515,d7f57f35d2bad1349ca24a67a2635eea,5432d51ee94799c0125bb158c8a8bd22,SO74037,105,HL-U509,3,105,1ba7e8cdf85da6cf5e11554703236b52
13515,d7f57f35d2bad1349ca24a67a2635eea,5432d51ee94799c0125bb158c8a8bd22,SO74037,35,TI-M823,1,35,1ba7e8cdf85da6cf5e11554703236b52
13515,d7f57f35d2bad1349ca24a67a2635eea,5432d51ee94799c0125bb158c8a8bd22,SO74037,5,TT-M928,1,5,1ba7e8cdf85da6cf5e11554703236b52
13516,2fe1a028f9398deb2efcd536c8246fae,9913e55755fcc4267a06c1e6adbbc7fb,SO62611,10,BC-M005,1,10,8dd08d219271ec96c543f486de430703
13516,2fe1a028f9398deb2efcd536c8246fae,9913e55755fcc4267a06c1e6adbbc7fb,SO62611,5,WB-H098,1,5,8dd08d219271ec96c543f486de430703
13516,94b225b5b1f09ecd5e8ecdfb681ff04c,03bf7d2a8718ee9aca4bd2f37e962fc4,SO64345,29,TI-T723,1,29,61e00b038efd34bdf9c747596273cbcf
13517,4eec6eda382b9c44e240ad4b4b5e9cc0,f75e5f8c15ca91ec5c869dc3881f574f,SO64690,10,BC-M005,1,10,94b225b5b1f09ecd5e8ecdfb681ff04c
13517,4eec6eda382b9c44e240ad4b4b5e9cc0,f75e5f8c15ca91ec5c869dc3881f574f,SO64690,4590,BK-M68B-46,2,4590,94b225b5b1f09ecd5e8ecdfb681ff04c
13517,4eec6eda382b9c44e240ad4b4b5e9cc0,f75e5f8c15ca91ec5c869dc3881f574f,SO64690,54,SJ-0194-M,1,54,94b225b5b1f09ecd5e8ecdfb681ff04c
13517,4eec6eda382b9c44e240ad4b4b5e9cc0,f75e5f8c15ca91ec5c869dc3881f574f,SO64690,5,WB-H098,1,5,94b225b5b1f09ecd5e8ecdfb681ff04c
13517,93963041729da5d8213c536f91ed9402,460e666a19398f97709b4a361d97ed76,SO51023,4098,BK-M68B-42,2,4098,048405fe051586c63978bfe6b3a8b733
13517,99c8f306659fd98cbb9d7f03ec0c2a7a,705fa39ab40831529471c768490339ab,SO69917,9,BC-R205,1,9,fff3c307c93eda1eb91d53ca588846fe
13517,99c8f306659fd98cbb9d7f03ec0c2a7a,705fa39ab40831529471c768490339ab,SO69917,1215,BK-T44U-60,1,1215,fff3c307c93eda1eb91d53ca588846fe
13517,99c8f306659fd98cbb9d7f03ec0c2a7a,705fa39ab40831529471c768490339ab,SO69917,48,GL-H102-L,2,48,fff3c307c93eda1eb91d53ca588846fe
13517,99c8f306659fd98cbb9d7f03ec0c2a7a,705fa39ab40831529471c768490339ab,SO69917,5,WB-H098,1,5,fff3c307c93eda1eb91d53ca588846fe
13518,88adb3ec0d383666ee2acd29f43e3429,a1be4f014e5b3c959503117fd1ee566a,SO48611,4098,BK-M68B-42,2,4098,fc92d87f5fdfc4fdb58244cc592e3788
13518,a048b8d5f3f9178f163e2be055f0138b,c83e871e48c2716e0f28e60d166a5c98,SO72952,565,BK-M18S-52,1,565,41ef6b06b63ba4f6a5234245a439b157
13518,a048b8d5f3f9178f163e2be055f0138b,c83e871e48c2716e0f28e60d166a5c98,SO72952,22,FE-6654,1,22,41ef6b06b63ba4f6a5234245a439b157
13518,a048b8d5f3f9178f163e2be055f0138b,c83e871e48c2716e0f28e60d166a5c98,SO72952,2,PK-7098,1,2,41ef6b06b63ba4f6a5234245a439b157
13519,78cee6501c10922e466c02f814c8627b,892aa61c5dad53571248cc492fa50176,SO51204,4886,BK-R89B-44,2,4886,109423a52128e234487abcd717f01458
13519,e41e8ee2e2795c7c1363a9f5054d57d7,0e0f7e43982ae36c0cd7c9ba6bc6c699,SO48700,4098,BK-M68B-42,2,4098,fee42f8d62443b64a7e92c5e13c2fffe
13520,14e4b13c27fb9bce9938ce35b6597eca,c375f33d72ca7161f341c2726e82d67a,SO53345,4886,BK-R89B-52,2,4886,9b98d27287b27eeee9ebc06e1d5a9a8d
13520,14e4b13c27fb9bce9938ce35b6597eca,c375f33d72ca7161f341c2726e82d67a,SO53345,33,TI-R982,1,33,9b98d27287b27eeee9ebc06e1d5a9a8d
13520,14e4b13c27fb9bce9938ce35b6597eca,c375f33d72ca7161f341c2726e82d67a,SO53345,4,TT-R982,1,4,9b98d27287b27eeee9ebc06e1d5a9a8d
13520,88adb3ec0d383666ee2acd29f43e3429,a1be4f014e5b3c959503117fd1ee566a,SO48612,4142,BK-M68S-38,2,4142,fc92d87f5fdfc4fdb58244cc592e3788
13521,b8cc77f0099ae7d3a20b9f0b74d70b12,70ad7386c1fe794c57fa3908ff22435d,SO52153,4886,BK-R89R-58,2,4886,5e9b4970006d8f02ba0bc1763fa8b9a6
13521,ba588be30dd16be47b9647a72fe81700,c5f333101183a33b4b4d94a271add9fd,SO48664,4142,BK-M68S-42,2,4142,88adb3ec0d383666ee2acd29f43e3429
13522,6477c205c5117a9448ba863e111acf32,c926349b55a58d87d7d5008c349fd1e9,SO60842,105,HL-U509-R,3,105,013f173c58073e845f675d26fdde1918
13522,cae5717327bee7d74e261c550aa5081f,18025e6a8791d350428f65c0783ebd99,SO56695,25,TI-M267,1,25,ed268f8f3837888893f896b7240f1254
13523,6eaadc1181f307997dc853d9ed40db36,0814775cfc25da756a9b4197347ab771,SO58482,105,HL-U509-R,3,105,4dbf892d41ae205f6e36838031cff786
13523,eef21e68ecca703bb338920b950f203c,f108e0cd2f96a0c22086f9d45ee08f19,SO60897,2,PK-7098,1,2,b21e833d3ead6056f1265f13fe1ff015
13523,eef21e68ecca703bb338920b950f203c,f108e0cd2f96a0c22086f9d45ee08f19,SO60897,25,TI-M267,1,25,b21e833d3ead6056f1265f13fe1ff015
13523,eef21e68ecca703bb338920b950f203c,f108e0cd2f96a0c22086f9d45ee08f19,SO60897,5,TT-M928,1,5,b21e833d3ead6056f1265f13fe1ff015
13524,089c2a426c196c5ca5facb20896c90bb,bc761b2b7297029a695fbd6dd0470724,SO56320,9,BC-R205,1,9,55f9f4cb5784581a517e59904e0d5e2f
13524,089c2a426c196c5ca5facb20896c90bb,bc761b2b7297029a695fbd6dd0470724,SO56320,4886,BK-R89B-52,2,4886,55f9f4cb5784581a517e59904e0d5e2f
13524,089c2a426c196c5ca5facb20896c90bb,bc761b2b7297029a695fbd6dd0470724,SO56320,5,WB-H098,1,5,55f9f4cb5784581a517e59904e0d5e2f
13524,f3393c2fcf78ad71519178f1876f05b3,2bb3043229844628920922115ca2f967,SO48641,4142,BK-M68S-42,2,4142,4bbde6a0c4076e78bc106bdc331a94c5
13525,0cae3b8f778ef4612ed00352a284e421,e56b89db4bdb2b3ba01ca1e3dbaf16ef,SO48484,4142,BK-M68S-38,2,4142,53e3822e4ab7309bbe5f440fa5f4e7de
13525,174acf6ca4e9804d47a59a499422e621,5abaefcc8525a8f4cfd95cba9e926532,SO58338,9,BC-R205,1,9,eba6cab7267f82e3b2a063d5ea445bb9
13525,174acf6ca4e9804d47a59a499422e621,5abaefcc8525a8f4cfd95cba9e926532,SO58338,4886,BK-R89R-58,2,4886,eba6cab7267f82e3b2a063d5ea445bb9
13525,174acf6ca4e9804d47a59a499422e621,5abaefcc8525a8f4cfd95cba9e926532,SO58338,48,GL-H102-S,2,48,eba6cab7267f82e3b2a063d5ea445bb9
13525,174acf6ca4e9804d47a59a499422e621,5abaefcc8525a8f4cfd95cba9e926532,SO58338,54,SJ-0194-X,1,54,eba6cab7267f82e3b2a063d5ea445bb9
13525,174acf6ca4e9804d47a59a499422e621,5abaefcc8525a8f4cfd95cba9e926532,SO58338,5,WB-H098,1,5,eba6cab7267f82e3b2a063d5ea445bb9
13526,39ff8ac1e8a44088f96e17b846ec8baf,9a95fdf4e925d9cbd65f87b5aa4ac212,SO60428,4886,BK-R89B-44,2,4886,c926349b55a58d87d7d5008c349fd1e9
13526,39ff8ac1e8a44088f96e17b846ec8baf,9a95fdf4e925d9cbd65f87b5aa4ac212,SO60428,105,HL-U509-R,3,105,c926349b55a58d87d7d5008c349fd1e9
13526,cfa82f31e4639f537cf9d0fe9050f93b,782652638a2153c2b28e4a4522354d0f,SO48929,4142,BK-M68S-38,2,4142,8b4b8fc84396c30bd5bacc7370e1491c
13527,305c66634c155cab2b5cc3ce00351eb1,2becb9647677a1a316b388bbad689580,SO62138,4886,BK-R89B-52,2,4886,922d04aa1f67bbe0270bfad98508f43e
13527,305c66634c155cab2b5cc3ce00351eb1,2becb9647677a1a316b388bbad689580,SO62138,33,TI-R982,1,33,922d04aa1f67bbe0270bfad98508f43e
13527,305c66634c155cab2b5cc3ce00351eb1,2becb9647677a1a316b388bbad689580,SO62138,4,TT-R982,1,4,922d04aa1f67bbe0270bfad98508f43e
13527,76b32549988cdcac2435e968471f4954,e41e8ee2e2795c7c1363a9f5054d57d7,SO48866,4098,BK-M68B-46,2,4098,782652638a2153c2b28e4a4522354d0f
13528,8b4b8fc84396c30bd5bacc7370e1491c,ef6f862d87544c63e2c3dbb4d95a25a1,SO48883,4142,BK-M68S-46,2,4142,2238742959ecea1cc6a6148c4f555b08
13528,c87874400b9f907bdf9ea37d75a4b341,23bd9a9b90557e9da7babfb8e3d2df22,SO64598,9,BC-R205,1,9,8b9fe4b34e3c54f08bfcac3d9691e260
13528,c87874400b9f907bdf9ea37d75a4b341,23bd9a9b90557e9da7babfb8e3d2df22,SO64598,4886,BK-R89B-48,2,4886,8b9fe4b34e3c54f08bfcac3d9691e260
13528,c87874400b9f907bdf9ea37d75a4b341,23bd9a9b90557e9da7babfb8e3d2df22,SO64598,2,PK-7098,1,2,8b9fe4b34e3c54f08bfcac3d9691e260
13528,c87874400b9f907bdf9ea37d75a4b341,23bd9a9b90557e9da7babfb8e3d2df22,SO64598,5,WB-H098,1,5,8b9fe4b34e3c54f08bfcac3d9691e260
13529,61e00b038efd34bdf9c747596273cbcf,7130adfd843cdcb6d0bcd9d13792693a,SO64041,4886,BK-R89B-44,2,4886,4b5c3229e0725ef8d303f494db9faec8
13529,61e00b038efd34bdf9c747596273cbcf,7130adfd843cdcb6d0bcd9d13792693a,SO64041,33,TI-R982,1,33,4b5c3229e0725ef8d303f494db9faec8
13529,61e00b038efd34bdf9c747596273cbcf,7130adfd843cdcb6d0bcd9d13792693a,SO64041,4,TT-R982,1,4,4b5c3229e0725ef8d303f494db9faec8
13529,61e00b038efd34bdf9c747596273cbcf,7130adfd843cdcb6d0bcd9d13792693a,SO64041,64,VE-C304-L,1,64,4b5c3229e0725ef8d303f494db9faec8
13529,dbd014c6041b3624cb17ead892c37e4d,0c1f008e577b55c7f8b72ceeae17ff1c,SO48937,4142,BK-M68S-38,2,4142,3d2f1a711567258a8d30dab6a6dbd8f6
13530,4efe8b2ca156042f8a3d8dd6aba54520,e2f0a420a4c1a9e8e292761f835e0489,SO66345,2,PK-7098,1,2,e82ca4c6beebe812f10fa1041b97a160
13530,4efe8b2ca156042f8a3d8dd6aba54520,e2f0a420a4c1a9e8e292761f835e0489,SO66345,159,ST-1401,1,159,e82ca4c6beebe812f10fa1041b97a160
13530,4efe8b2ca156042f8a3d8dd6aba54520,e2f0a420a4c1a9e8e292761f835e0489,SO66345,25,TI-M267,1,25,e82ca4c6beebe812f10fa1041b97a160
13531,6866da5d40f1aad2d82129d5ffa25bda,b68fd63ca41d49bfc1b18251202c053f,SO65767,70,SH-W890-L,1,70,eea5b3bd1bd5d5c62a1d22f78d3ba263
13532,0001ffe4d82d0d8f9fec5ab0b4faa2db,3dc63b2d6dcc8f0b6720b06b5439a0b1,SO67054,2,PK-7098,1,2,4004a117f65dfd3221a9cce8fce5a45f
13532,0001ffe4d82d0d8f9fec5ab0b4faa2db,3dc63b2d6dcc8f0b6720b06b5439a0b1,SO67054,5,TT-T092,1,5,4004a117f65dfd3221a9cce8fce5a45f
13533,41ef6b06b63ba4f6a5234245a439b157,c4c454d69a39e60a6f5cf2f97148adad,SO72613,105,HL-U509-R,3,105,545a3d56d20b22e09aa85bfa5ed8738d
13533,41ef6b06b63ba4f6a5234245a439b157,c4c454d69a39e60a6f5cf2f97148adad,SO72613,29,TI-T723,1,29,545a3d56d20b22e09aa85bfa5ed8738d
13533,41ef6b06b63ba4f6a5234245a439b157,c4c454d69a39e60a6f5cf2f97148adad,SO72613,5,TT-T092,1,5,545a3d56d20b22e09aa85bfa5ed8738d
13533,5691ac18f59a9af20f9d8703772afbba,d8a4ea0dc4237ee8690ee37b3902fd0e,SO55949,10,BC-M005,1,10,bc761b2b7297029a695fbd6dd0470724
13533,5691ac18f59a9af20f9d8703772afbba,d8a4ea0dc4237ee8690ee37b3902fd0e,SO55949,54,SJ-0194-S,1,54,bc761b2b7297029a695fbd6dd0470724
13533,5691ac18f59a9af20f9d8703772afbba,d8a4ea0dc4237ee8690ee37b3902fd0e,SO55949,5,WB-H098,1,5,bc761b2b7297029a695fbd6dd0470724
13534,23bd9a9b90557e9da7babfb8e3d2df22,b210069485754303767745919c328b97,SO63789,10,BC-M005,1,10,a946e75bc65318721cd1e01162d392dd
13534,23bd9a9b90557e9da7babfb8e3d2df22,b210069485754303767745919c328b97,SO63789,105,HL-U509-R,3,105,a946e75bc65318721cd1e01162d392dd
13534,23bd9a9b90557e9da7babfb8e3d2df22,b210069485754303767745919c328b97,SO63789,5,WB-H098,1,5,a946e75bc65318721cd1e01162d392dd
13534,95a2a9aefc393f8630e934768cacf4cd,8f472ffe3ff3109f420ae91355ff8f3f,SO72157,2,PK-7098,1,2,38c9e5d1e366b4c5c36aae682bc960c4
13534,95a2a9aefc393f8630e934768cacf4cd,8f472ffe3ff3109f420ae91355ff8f3f,SO72157,29,TI-T723,1,29,38c9e5d1e366b4c5c36aae682bc960c4
13534,95a2a9aefc393f8630e934768cacf4cd,8f472ffe3ff3109f420ae91355ff8f3f,SO72157,5,TT-T092,1,5,38c9e5d1e366b4c5c36aae682bc960c4
13535,5efefff01843f5aa3f7d8a4d44b4bf2e,922d04aa1f67bbe0270bfad98508f43e,SO62559,8,CL-9009,1,8,db2f6a564b6f5f41253c68874b50962b
13535,5efefff01843f5aa3f7d8a4d44b4bf2e,922d04aa1f67bbe0270bfad98508f43e,SO62559,2,PK-7098,1,2,db2f6a564b6f5f41253c68874b50962b
13535,5efefff01843f5aa3f7d8a4d44b4bf2e,922d04aa1f67bbe0270bfad98508f43e,SO62559,29,TI-T723,1,29,db2f6a564b6f5f41253c68874b50962b
13535,5efefff01843f5aa3f7d8a4d44b4bf2e,922d04aa1f67bbe0270bfad98508f43e,SO62559,5,TT-T092,1,5,db2f6a564b6f5f41253c68874b50962b
13535,e5114f65ece65e14e7b721dab1e674e0,c7390752782466cfc9a3ed7d3a79e046,SO68713,10,BC-M005,1,10,fe1fd19c021e78ec395980c2e347865e
13535,e5114f65ece65e14e7b721dab1e674e0,c7390752782466cfc9a3ed7d3a79e046,SO68713,5,WB-H098,1,5,fe1fd19c021e78ec395980c2e347865e
13536,03e9c154083778a02a19e7d2c3dcd97d,d37ddfbd511aeb9a1d163babcb308cf0,SO46570,3578,BK-R93R-52,1,3578,700b2fdf8bbe790f020e8c6fb93a2d71
13536,5cbbe853aa1a5a1370f9a614904c4b15,86e0fc464cbb08ae74bd039224afec9a,SO73589,4640,BK-M68S-38,2,4640,47a161474962a6dcc03cfa64127a641f
13536,5cbbe853aa1a5a1370f9a614904c4b15,86e0fc464cbb08ae74bd039224afec9a,SO73589,105,HL-U509,3,105,47a161474962a6dcc03cfa64127a641f
13536,5cbbe853aa1a5a1370f9a614904c4b15,86e0fc464cbb08ae74bd039224afec9a,SO73589,35,TI-M823,1,35,47a161474962a6dcc03cfa64127a641f
13536,5cbbe853aa1a5a1370f9a614904c4b15,86e0fc464cbb08ae74bd039224afec9a,SO73589,5,TT-M928,1,5,47a161474962a6dcc03cfa64127a641f
13537,1ba7e8cdf85da6cf5e11554703236b52,9592b44e2c3f304a9875f45537bec6eb,SO73657,10,BC-M005,1,10,4c6ed4daa82e7326b84c24f4c2ae7064
13537,1ba7e8cdf85da6cf5e11554703236b52,9592b44e2c3f304a9875f45537bec6eb,SO73657,4590,BK-M68B-38,2,4590,4c6ed4daa82e7326b84c24f4c2ae7064
13537,1ba7e8cdf85da6cf5e11554703236b52,9592b44e2c3f304a9875f45537bec6eb,SO73657,22,FE-6654,1,22,4c6ed4daa82e7326b84c24f4c2ae7064
13537,1ba7e8cdf85da6cf5e11554703236b52,9592b44e2c3f304a9875f45537bec6eb,SO73657,5,WB-H098,1,5,4c6ed4daa82e7326b84c24f4c2ae7064
13537,e0f48f5bd9667361697fd7895dbec731,671cb8c9b19c0247af30375f5adaed12,SO46392,3578,BK-R93R-52,1,3578,f87821540a577f1c9a7d3e6ff2e77222
13538,8920fd63645007b243abb750709b1172,58c4ce5b9433e7b6d41793d5a76d5590,SO72284,4590,BK-M68B-46,2,4590,0d3057f268050d468f468434f8ec809a
13538,8920fd63645007b243abb750709b1172,58c4ce5b9433e7b6d41793d5a76d5590,SO72284,105,HL-U509,3,105,0d3057f268050d468f468434f8ec809a
13538,c947239f01c6b75acb71b136a7ee0eb3,22db51e448053c41a0b54d56c61806bc,SO44049,3578,BK-R93R-56,1,3578,aa79d369c30c2b1258b3d47e8c10d56a
13539,8728a5e296f39e49d2fa74c31820e99f,66e56e10b0f528b66a45e307ecdf4774,SO69611,105,HL-U509,3,105,3fe686907939d07097f6c87f08025422
13539,8728a5e296f39e49d2fa74c31820e99f,66e56e10b0f528b66a45e307ecdf4774,SO69611,29,TI-T723,1,29,3fe686907939d07097f6c87f08025422
13539,8728a5e296f39e49d2fa74c31820e99f,66e56e10b0f528b66a45e307ecdf4774,SO69611,5,TT-T092,1,5,3fe686907939d07097f6c87f08025422
13539,8c9ec1be720ee75d56d0c250d10610fa,16918840d98f27ce45948fe73dd5592f,SO63664,10,BC-M005,1,10,81a5d08c6beaeec9e42baae5d63dd780
13540,1aaafc415cabd13fe410504154a58757,0d1574b7622bdd9b2ec0b9869608d4cb,SO43975,3578,BK-R93R-48,1,3578,93eed705e4cb42d159d4aadc9a0a8461
13540,870bd4f3713260418e4f342f31dc7e33,94c60e0b5e2b0f78b919a5d4c67d70a2,SO62944,9,BC-R205,1,9,2fe1a028f9398deb2efcd536c8246fae
13540,870bd4f3713260418e4f342f31dc7e33,94c60e0b5e2b0f78b919a5d4c67d70a2,SO62944,540,BK-R19B-58,1,540,2fe1a028f9398deb2efcd536c8246fae
13540,db2b287636ac5ebda430de4f3f643b24,7af7abc5e37d5fa2e2334b4fec2584e2,SO51966,10,BC-M005,1,10,bee2b842cd357511cf4c8e509f5af192
13540,db2b287636ac5ebda430de4f3f643b24,7af7abc5e37d5fa2e2334b4fec2584e2,SO51966,4640,BK-M68S-42,2,4640,bee2b842cd357511cf4c8e509f5af192
13540,db2b287636ac5ebda430de4f3f643b24,7af7abc5e37d5fa2e2334b4fec2584e2,SO51966,27,CA-1098,3,27,bee2b842cd357511cf4c8e509f5af192
13540,db2b287636ac5ebda430de4f3f643b24,7af7abc5e37d5fa2e2334b4fec2584e2,SO51966,22,FE-6654,1,22,bee2b842cd357511cf4c8e509f5af192
13540,db2b287636ac5ebda430de4f3f643b24,7af7abc5e37d5fa2e2334b4fec2584e2,SO51966,105,HL-U509-B,3,105,bee2b842cd357511cf4c8e509f5af192
13540,db2b287636ac5ebda430de4f3f643b24,7af7abc5e37d5fa2e2334b4fec2584e2,SO51966,5,WB-H098,1,5,bee2b842cd357511cf4c8e509f5af192
13541,4cc27df81afd686c0420394e090460cb,39ff8ac1e8a44088f96e17b846ec8baf,SO61310,540,BK-R19B-58,1,540,6477c205c5117a9448ba863e111acf32
13541,4cc27df81afd686c0420394e090460cb,39ff8ac1e8a44088f96e17b846ec8baf,SO61310,21,TI-R092,1,21,6477c205c5117a9448ba863e111acf32
13541,5b2e258a90271b858fa32867ebccdae6,85e7a76ab1d6d23e87ea418480d5ffe2,SO44068,3578,BK-R93R-52,1,3578,07074f83c23833dcaa105e1acf3c3b98
13541,9c56075241a26f6fa77eb86b15411c6e,9444f850ff0c10a862b4a6a9c4ab0a74,SO54377,10,BC-M005,1,10,ab2e81a99745ffff6c06e2be93290d1b
13541,9c56075241a26f6fa77eb86b15411c6e,9444f850ff0c10a862b4a6a9c4ab0a74,SO54377,4640,BK-M68S-46,2,4640,ab2e81a99745ffff6c06e2be93290d1b
13541,9c56075241a26f6fa77eb86b15411c6e,9444f850ff0c10a862b4a6a9c4ab0a74,SO54377,22,FE-6654,1,22,ab2e81a99745ffff6c06e2be93290d1b
13541,9c56075241a26f6fa77eb86b15411c6e,9444f850ff0c10a862b4a6a9c4ab0a74,SO54377,35,TI-M823,1,35,ab2e81a99745ffff6c06e2be93290d1b
13541,9c56075241a26f6fa77eb86b15411c6e,9444f850ff0c10a862b4a6a9c4ab0a74,SO54377,5,TT-M928,1,5,ab2e81a99745ffff6c06e2be93290d1b
13541,9c56075241a26f6fa77eb86b15411c6e,9444f850ff0c10a862b4a6a9c4ab0a74,SO54377,5,WB-H098,1,5,ab2e81a99745ffff6c06e2be93290d1b
13542,545a3d56d20b22e09aa85bfa5ed8738d,31c99d724c1f182c60edb82eb4740277,SO72196,10,BC-M005,1,10,a9cd7a99d71cca9cb644010050374ade
13542,545a3d56d20b22e09aa85bfa5ed8738d,31c99d724c1f182c60edb82eb4740277,SO72196,4640,BK-M68S-46,2,4640,a9cd7a99d71cca9cb644010050374ade
13542,545a3d56d20b22e09aa85bfa5ed8738d,31c99d724c1f182c60edb82eb4740277,SO72196,105,HL-U509-B,3,105,a9cd7a99d71cca9cb644010050374ade
13542,6d4278f55ab037dfce90690af7b0158a,72571bd90824be952816cc46cf59d536,SO44054,3578,BK-R93R-56,1,3578,f96fbbcf63b1b65747983976e60d5967
13543,3e107cd1554225ea3056ed5010adce90,aa14ddbc43aa2d3be1e6ac019bb7b5bc,SO73807,10,BC-M005,1,10,43e2cc7ff261723f93f64f3f7e9faa8d
13543,3e107cd1554225ea3056ed5010adce90,aa14ddbc43aa2d3be1e6ac019bb7b5bc,SO73807,4590,BK-M68B-46,2,4590,43e2cc7ff261723f93f64f3f7e9faa8d
13543,3e107cd1554225ea3056ed5010adce90,aa14ddbc43aa2d3be1e6ac019bb7b5bc,SO73807,105,HL-U509-B,3,105,43e2cc7ff261723f93f64f3f7e9faa8d
13543,3e107cd1554225ea3056ed5010adce90,aa14ddbc43aa2d3be1e6ac019bb7b5bc,SO73807,5,WB-H098,1,5,43e2cc7ff261723f93f64f3f7e9faa8d
13543,6d4278f55ab037dfce90690af7b0158a,72571bd90824be952816cc46cf59d536,SO44055,3578,BK-R93R-62,1,3578,f96fbbcf63b1b65747983976e60d5967
13544,ed268f8f3837888893f896b7240f1254,a9cefc49af6424b430612adfc69876ee,SO56468,10,BC-M005,1,10,6353a8421ee460b64f2c988cc72a8391
13544,ed268f8f3837888893f896b7240f1254,a9cefc49af6424b430612adfc69876ee,SO56468,48,GL-H102-M,2,48,6353a8421ee460b64f2c988cc72a8391
13544,ed268f8f3837888893f896b7240f1254,a9cefc49af6424b430612adfc69876ee,SO56468,5,WB-H098,1,5,6353a8421ee460b64f2c988cc72a8391
13544,fd5ba6fdeb81e07b2caf0b103489bd8d,e871b36e68b0b3d0af9c742d81fef27a,SO70974,105,HL-U509-B,3,105,17520f5649fab40fb66771362888cb90
13544,fd5ba6fdeb81e07b2caf0b103489bd8d,e871b36e68b0b3d0af9c742d81fef27a,SO70974,29,TI-T723,1,29,17520f5649fab40fb66771362888cb90
13544,fd5ba6fdeb81e07b2caf0b103489bd8d,e871b36e68b0b3d0af9c742d81fef27a,SO70974,5,TT-T092,1,5,17520f5649fab40fb66771362888cb90
13545,4d477da2cac19595261e2755bb0750f4,d42ff2e8dfbd670b0e4f7cdb4eb2a548,SO43984,3578,BK-R93R-44,1,3578,595e2f03af2122e9bce5fe0fff67d39e
13545,aa14ddbc43aa2d3be1e6ac019bb7b5bc,dcf73f840a50da0145f24e8e0169dc4b,SO72870,4590,BK-M68B-38,2,4590,a6f2945baeceeef4c8d541a22f6e99e9
13545,aa14ddbc43aa2d3be1e6ac019bb7b5bc,dcf73f840a50da0145f24e8e0169dc4b,SO72870,105,HL-U509,3,105,a6f2945baeceeef4c8d541a22f6e99e9
13546,0605970f0e23f47a1e2af81a5f9bc913,07b38747fb1cdad01d7ff97006ca5ccb,SO43922,3578,BK-R93R-62,1,3578,cd9e79fd7a43f48acc7de09fefb697d8
13546,aa14ddbc43aa2d3be1e6ac019bb7b5bc,dcf73f840a50da0145f24e8e0169dc4b,SO72867,10,BC-M005,1,10,a6f2945baeceeef4c8d541a22f6e99e9
13546,aa14ddbc43aa2d3be1e6ac019bb7b5bc,dcf73f840a50da0145f24e8e0169dc4b,SO72867,4590,BK-M68B-42,2,4590,a6f2945baeceeef4c8d541a22f6e99e9
13546,aa14ddbc43aa2d3be1e6ac019bb7b5bc,dcf73f840a50da0145f24e8e0169dc4b,SO72867,105,HL-U509-R,3,105,a6f2945baeceeef4c8d541a22f6e99e9
13547,702a02712215141594ddf8e52b0a651c,cd15e5f80ff20dd345bfaa51400dd0d6,SO67527,10,BC-M005,1,10,caa707f97407c07371136aaf471a91d4
13547,702a02712215141594ddf8e52b0a651c,cd15e5f80ff20dd345bfaa51400dd0d6,SO67527,105,HL-U509-B,3,105,caa707f97407c07371136aaf471a91d4
13547,702a02712215141594ddf8e52b0a651c,cd15e5f80ff20dd345bfaa51400dd0d6,SO67527,5,WB-H098,1,5,caa707f97407c07371136aaf471a91d4
13547,94b225b5b1f09ecd5e8ecdfb681ff04c,03bf7d2a8718ee9aca4bd2f37e962fc4,SO64344,29,TI-T723,1,29,61e00b038efd34bdf9c747596273cbcf
13547,94b225b5b1f09ecd5e8ecdfb681ff04c,03bf7d2a8718ee9aca4bd2f37e962fc4,SO64344,5,TT-T092,1,5,61e00b038efd34bdf9c747596273cbcf
13548,07d38a7203ab5925667e754d788a14f6,b47e9c83e7be8d53bdb2baa76353f95d,SO43931,3578,BK-R93R-52,1,3578,052bef40cf5de65502f816e08746e64c
13548,d7f57f35d2bad1349ca24a67a2635eea,5432d51ee94799c0125bb158c8a8bd22,SO74036,10,BC-M005,1,10,1ba7e8cdf85da6cf5e11554703236b52
13548,d7f57f35d2bad1349ca24a67a2635eea,5432d51ee94799c0125bb158c8a8bd22,SO74036,4640,BK-M68S-46,2,4640,1ba7e8cdf85da6cf5e11554703236b52
13549,ab4946738415af86b5e3cee69b13301f,ed268f8f3837888893f896b7240f1254,SO57274,48,GL-H102-S,2,48,fde67888c64f701b59876ec559099b3e
13549,ab4946738415af86b5e3cee69b13301f,ed268f8f3837888893f896b7240f1254,SO57274,70,SH-W890-M,1,70,fde67888c64f701b59876ec559099b3e
13550,ac15b60491fe99190c0248790e690757,ab2e81a99745ffff6c06e2be93290d1b,SO54792,70,SH-W890-M,1,70,0c8ff735cb2b05718573c08173335fd4
13551,1faee5670542865e021595151379fe5c,e5114f65ece65e14e7b721dab1e674e0,SO69769,9,BC-R205,1,9,83d1ed00595e79ee5ea3797e97970fe8
13551,1faee5670542865e021595151379fe5c,e5114f65ece65e14e7b721dab1e674e0,SO69769,1215,BK-T44U-50,1,1215,83d1ed00595e79ee5ea3797e97970fe8
13551,5118f4d1a94c19a06818ba12904e26f0,35a6fa1efa2ccca1297564c53a3633af,SO50828,4098,BK-M68B-38,2,4098,f51bd0753a33f206ae6eb82577c92f80
13551,9d934f91c460e9947414d00048f2fa36,94b225b5b1f09ecd5e8ecdfb681ff04c,SO65096,4590,BK-M68B-38,2,4590,3f0c8308e4e2e5c4ddc1b7e19304f613
13551,9d934f91c460e9947414d00048f2fa36,94b225b5b1f09ecd5e8ecdfb681ff04c,SO65096,55,HY-1023-70,1,55,3f0c8308e4e2e5c4ddc1b7e19304f613
13552,03e9c154083778a02a19e7d2c3dcd97d,d37ddfbd511aeb9a1d163babcb308cf0,SO46572,3578,BK-R93R-56,1,3578,700b2fdf8bbe790f020e8c6fb93a2d71
13552,47a161474962a6dcc03cfa64127a641f,8920fd63645007b243abb750709b1172,SO73192,4640,BK-M68S-42,2,4640,c5ed53572c667b119dde2fc0f54de602
13552,47a161474962a6dcc03cfa64127a641f,8920fd63645007b243abb750709b1172,SO73192,22,FE-6654,1,22,c5ed53572c667b119dde2fc0f54de602
13552,47a161474962a6dcc03cfa64127a641f,8920fd63645007b243abb750709b1172,SO73192,2,PK-7098,1,2,c5ed53572c667b119dde2fc0f54de602
13553,2797a91b25bc2aa85124c99bc574dc83,86bfb8ffc7a79e52d833cedce4d275bf,SO71069,1215,BK-T44U-54,1,1215,a9adf65abbb865184bf924d14a93d0c4
13553,5f8b10fd69342734dd36c905a170cf51,9af1e473046ebbc43d1ad2aa50b49777,SO50789,4142,BK-M68S-38,2,4142,c93cdb5d286db70864b70951bb6b1219
13553,c87874400b9f907bdf9ea37d75a4b341,23bd9a9b90557e9da7babfb8e3d2df22,SO64524,4590,BK-M68B-42,2,4590,8b9fe4b34e3c54f08bfcac3d9691e260
13553,c87874400b9f907bdf9ea37d75a4b341,23bd9a9b90557e9da7babfb8e3d2df22,SO64524,22,FE-6654,1,22,8b9fe4b34e3c54f08bfcac3d9691e260
13554,186b0be01dd08ffcc5cb19cc226fb731,f51bd0753a33f206ae6eb82577c92f80,SO50909,4142,BK-M68S-46,2,4142,fdc1a11f11cd643200d6bfb5eb92100e
13554,3f0c8308e4e2e5c4ddc1b7e19304f613,61e00b038efd34bdf9c747596273cbcf,SO64791,4640,BK-M68S-46,2,4640,232e830f1ac667c081eaaca23cdf9b5f
13554,3f0c8308e4e2e5c4ddc1b7e19304f613,61e00b038efd34bdf9c747596273cbcf,SO64791,105,HL-U509-B,3,105,232e830f1ac667c081eaaca23cdf9b5f
13554,99c8f306659fd98cbb9d7f03ec0c2a7a,705fa39ab40831529471c768490339ab,SO69918,1215,BK-T44U-50,1,1215,fff3c307c93eda1eb91d53ca588846fe
13555,03e9c154083778a02a19e7d2c3dcd97d,d37ddfbd511aeb9a1d163babcb308cf0,SO46573,3578,BK-R93R-56,1,3578,700b2fdf8bbe790f020e8c6fb93a2d71
13555,16e364d19895243407b256ec272d5394,4004a117f65dfd3221a9cce8fce5a45f,SO67640,540,BK-R19B-58,1,540,7acd252f45ad6fe668386456a673d543
13555,16e364d19895243407b256ec272d5394,4004a117f65dfd3221a9cce8fce5a45f,SO67640,8,CL-9009,1,8,7acd252f45ad6fe668386456a673d543
13555,16e364d19895243407b256ec272d5394,4004a117f65dfd3221a9cce8fce5a45f,SO67640,2,PK-7098,1,2,7acd252f45ad6fe668386456a673d543
13555,16e364d19895243407b256ec272d5394,4004a117f65dfd3221a9cce8fce5a45f,SO67640,21,TI-R092,1,21,7acd252f45ad6fe668386456a673d543
13555,dba3e44e23a1d2c2f299811e94db7fce,51c449e55b4a63a16fb45beb689150d5,SO54266,10,BC-M005,1,10,226d694fb4b7f71d62444f9528be8704
13555,dba3e44e23a1d2c2f299811e94db7fce,51c449e55b4a63a16fb45beb689150d5,SO54266,4590,BK-M68B-46,2,4590,226d694fb4b7f71d62444f9528be8704
13555,dba3e44e23a1d2c2f299811e94db7fce,51c449e55b4a63a16fb45beb689150d5,SO54266,48,GL-H102-S,2,48,226d694fb4b7f71d62444f9528be8704
13555,dba3e44e23a1d2c2f299811e94db7fce,51c449e55b4a63a16fb45beb689150d5,SO54266,5,WB-H098,1,5,226d694fb4b7f71d62444f9528be8704
13556,2797a91b25bc2aa85124c99bc574dc83,86bfb8ffc7a79e52d833cedce4d275bf,SO71087,9,BC-R205,1,9,a9adf65abbb865184bf924d14a93d0c4
13556,2797a91b25bc2aa85124c99bc574dc83,86bfb8ffc7a79e52d833cedce4d275bf,SO71087,540,BK-R19B-44,1,540,a9adf65abbb865184bf924d14a93d0c4
13556,2797a91b25bc2aa85124c99bc574dc83,86bfb8ffc7a79e52d833cedce4d275bf,SO71087,105,HL-U509,3,105,a9adf65abbb865184bf924d14a93d0c4
13556,2797a91b25bc2aa85124c99bc574dc83,86bfb8ffc7a79e52d833cedce4d275bf,SO71087,5,WB-H098,1,5,a9adf65abbb865184bf924d14a93d0c4
13556,4ceff7612cfa4420892fe23b23ca9265,5691ac18f59a9af20f9d8703772afbba,SO56542,4590,BK-M68B-42,2,4590,089c2a426c196c5ca5facb20896c90bb
13556,4ceff7612cfa4420892fe23b23ca9265,5691ac18f59a9af20f9d8703772afbba,SO56542,105,HL-U509,3,105,089c2a426c196c5ca5facb20896c90bb
13556,700b2fdf8bbe790f020e8c6fb93a2d71,0a2fc1bbcd813bb0c58bfba89e3844f8,SO46536,3578,BK-R93R-44,1,3578,109b131069827970adb3b6d3aea896c2
13557,254f2678aa3e07c5a9451a18e28f2624,c164277d605c0bcbcd6b5749ac477b26,SO50951,4142,BK-M68S-46,2,4142,460e666a19398f97709b4a361d97ed76
13557,b210069485754303767745919c328b97,305c66634c155cab2b5cc3ce00351eb1,SO62827,4590,BK-M68B-38,2,4590,5efefff01843f5aa3f7d8a4d44b4bf2e
13557,b210069485754303767745919c328b97,305c66634c155cab2b5cc3ce00351eb1,SO62827,22,FE-6654,1,22,5efefff01843f5aa3f7d8a4d44b4bf2e
13557,b210069485754303767745919c328b97,305c66634c155cab2b5cc3ce00351eb1,SO62827,55,HY-1023-70,1,55,5efefff01843f5aa3f7d8a4d44b4bf2e
13558,1678083e7ff90bd404baad3f60bffa37,7b0730955172ecda497d7cca6b1d87a1,SO55740,4640,BK-M68S-42,2,4640,73a69a5c77a7d23172e54d7ce07a638e
13558,1678083e7ff90bd404baad3f60bffa37,7b0730955172ecda497d7cca6b1d87a1,SO55740,22,FE-6654,1,22,73a69a5c77a7d23172e54d7ce07a638e
13558,1678083e7ff90bd404baad3f60bffa37,7b0730955172ecda497d7cca6b1d87a1,SO55740,35,TI-M823,1,35,73a69a5c77a7d23172e54d7ce07a638e
13558,1678083e7ff90bd404baad3f60bffa37,7b0730955172ecda497d7cca6b1d87a1,SO55740,5,TT-M928,1,5,73a69a5c77a7d23172e54d7ce07a638e
13558,23e53557c4c2300cb2511c53082467bb,d0f6d44eeb1872b3e00d9f219db7d91c,SO46497,3578,BK-R93R-62,1,3578,f5f4a24c43cdbbee05aff7941a939ee5
13558,a9adf65abbb865184bf924d14a93d0c4,ec24e4cf9fcc90f3bbe81b2fb3735c21,SO70745,540,BK-R19B-44,1,540,e0cd1349b4c6e1b5f14ed427e358c2d0
13559,2becb9647677a1a316b388bbad689580,013f173c58073e845f675d26fdde1918,SO61423,540,BK-R19B-52,1,540,0383d48e76cd8a3dfb9e2a890f2cac18
13559,2becb9647677a1a316b388bbad689580,013f173c58073e845f675d26fdde1918,SO61423,105,HL-U509-B,3,105,0383d48e76cd8a3dfb9e2a890f2cac18
13559,2becb9647677a1a316b388bbad689580,013f173c58073e845f675d26fdde1918,SO61423,21,TI-R092,1,21,0383d48e76cd8a3dfb9e2a890f2cac18
13559,2becb9647677a1a316b388bbad689580,013f173c58073e845f675d26fdde1918,SO61423,4,TT-R982,1,4,0383d48e76cd8a3dfb9e2a890f2cac18
13559,6d4278f55ab037dfce90690af7b0158a,72571bd90824be952816cc46cf59d536,SO44056,3578,BK-R93R-56,1,3578,f96fbbcf63b1b65747983976e60d5967
13559,9c56075241a26f6fa77eb86b15411c6e,9444f850ff0c10a862b4a6a9c4ab0a74,SO54387,10,BC-M005,1,10,ab2e81a99745ffff6c06e2be93290d1b
13559,9c56075241a26f6fa77eb86b15411c6e,9444f850ff0c10a862b4a6a9c4ab0a74,SO54387,4640,BK-M68S-38,2,4640,ab2e81a99745ffff6c06e2be93290d1b
13560,0cb388227f4fdb8ab3e94e6477d98f5a,4918909674a26c217d8cc4a92860400c,SO44216,3578,BK-R93R-56,1,3578,531a5e6e1b551dc67663de449307272a
13560,4310d0d92131e34ff2716d85e1953174,90c6314650a0d54fdcabe5cd5406f9af,SO54604,10,BC-M005,1,10,d3c54b4368c62c2ff11535bf2b677170
13560,4310d0d92131e34ff2716d85e1953174,90c6314650a0d54fdcabe5cd5406f9af,SO54604,4640,BK-M68S-42,2,4640,d3c54b4368c62c2ff11535bf2b677170
13560,4310d0d92131e34ff2716d85e1953174,90c6314650a0d54fdcabe5cd5406f9af,SO54604,5,WB-H098,1,5,d3c54b4368c62c2ff11535bf2b677170
13560,b68fd63ca41d49bfc1b18251202c053f,d4746e41b619da57ee9f1a2e2cc254e8,SO64895,540,BK-R19B-52,1,540,c87874400b9f907bdf9ea37d75a4b341
13561,76918877cf6ce7011018cd9708723392,883b9b4170853b321c03290f64ba199f,SO61489,4640,BK-M68S-42,2,4640,4ddc8821c34bceaf3dba4a18741acca3
13561,76918877cf6ce7011018cd9708723392,883b9b4170853b321c03290f64ba199f,SO61489,22,FE-6654,1,22,4ddc8821c34bceaf3dba4a18741acca3
13561,76918877cf6ce7011018cd9708723392,883b9b4170853b321c03290f64ba199f,SO61489,2,PK-7098,1,2,4ddc8821c34bceaf3dba4a18741acca3
13561,f51bd0753a33f206ae6eb82577c92f80,060e60684e6fb7ae3c79db1e8c889417,SO50781,4098,BK-M68B-42,2,4098,f7b0a9ecc2f6023330b7a948b9e76688
13562,9f14679403a464909296961b7547fa87,186b0be01dd08ffcc5cb19cc226fb731,SO51031,4098,BK-M68B-42,2,4098,892aa61c5dad53571248cc492fa50176
13562,d53f9d33cac0a297449a74a10d031570,e0bcd0ff3072dfe15609d6be1529b0b8,SO61549,4640,BK-M68S-46,2,4640,4cc27df81afd686c0420394e090460cb
13563,8bb6e395a61f435871f799e706173295,121689451d0e65a4fc6c180cbe0d452f,SO43739,3578,BK-R93R-62,1,3578,14353ec5f8684711ecb09fb3893b126c
13563,99b7e934795a93975a5e0c0b9b57d9ba,870bd4f3713260418e4f342f31dc7e33,SO63824,10,BC-M005,1,10,7a8e187aeb003f6e34c02a4d5b9b153e
13563,99b7e934795a93975a5e0c0b9b57d9ba,870bd4f3713260418e4f342f31dc7e33,SO63824,4640,BK-M68S-42,2,4640,7a8e187aeb003f6e34c02a4d5b9b153e
13563,99b7e934795a93975a5e0c0b9b57d9ba,870bd4f3713260418e4f342f31dc7e33,SO63824,105,HL-U509,3,105,7a8e187aeb003f6e34c02a4d5b9b153e
13563,99b7e934795a93975a5e0c0b9b57d9ba,870bd4f3713260418e4f342f31dc7e33,SO63824,5,WB-H098,1,5,7a8e187aeb003f6e34c02a4d5b9b153e
13564,8920fd63645007b243abb750709b1172,58c4ce5b9433e7b6d41793d5a76d5590,SO72281,10,BC-M005,1,10,0d3057f268050d468f468434f8ec809a
13564,8920fd63645007b243abb750709b1172,58c4ce5b9433e7b6d41793d5a76d5590,SO72281,4590,BK-M68B-38,2,4590,0d3057f268050d468f468434f8ec809a
13564,8920fd63645007b243abb750709b1172,58c4ce5b9433e7b6d41793d5a76d5590,SO72281,27,CA-1098,3,27,0d3057f268050d468f468434f8ec809a
13564,8920fd63645007b243abb750709b1172,58c4ce5b9433e7b6d41793d5a76d5590,SO72281,105,HL-U509-R,3,105,0d3057f268050d468f468434f8ec809a
13564,8920fd63645007b243abb750709b1172,58c4ce5b9433e7b6d41793d5a76d5590,SO72281,5,WB-H098,1,5,0d3057f268050d468f468434f8ec809a
13564,8a5d7ee8a6750efd5364f3ccd8e7ea1b,79aec4feadc6bb77df978e9aecbf488e,SO46430,3578,BK-R93R-56,1,3578,f2a989663bc8d65aa827c90de8522a12
13565,5cbbe853aa1a5a1370f9a614904c4b15,86e0fc464cbb08ae74bd039224afec9a,SO73587,4590,BK-M68B-42,2,4590,47a161474962a6dcc03cfa64127a641f
13565,5cbbe853aa1a5a1370f9a614904c4b15,86e0fc464cbb08ae74bd039224afec9a,SO73587,2,PK-7098,1,2,47a161474962a6dcc03cfa64127a641f
13565,5cbbe853aa1a5a1370f9a614904c4b15,86e0fc464cbb08ae74bd039224afec9a,SO73587,35,TI-M823,1,35,47a161474962a6dcc03cfa64127a641f
13565,65b64297f0421f6e057524afb222b411,100feae0ab76bce714e9670fc87cdb42,SO46884,2443,BK-R89R-44,1,2443,c6dec085564ebca8c2e300f077425d2f
13566,e0bcd0ff3072dfe15609d6be1529b0b8,c660dc308b247ce08aeecd155306bae0,SO60725,27,CA-1098,3,27,39ff8ac1e8a44088f96e17b846ec8baf
13566,e0bcd0ff3072dfe15609d6be1529b0b8,c660dc308b247ce08aeecd155306bae0,SO60725,5,TT-T092,1,5,39ff8ac1e8a44088f96e17b846ec8baf
13567,1ba7e8cdf85da6cf5e11554703236b52,9592b44e2c3f304a9875f45537bec6eb,SO73658,4640,BK-M68S-46,2,4640,4c6ed4daa82e7326b84c24f4c2ae7064
13567,1ba7e8cdf85da6cf5e11554703236b52,9592b44e2c3f304a9875f45537bec6eb,SO73658,2,PK-7098,1,2,4c6ed4daa82e7326b84c24f4c2ae7064
13567,1ba7e8cdf85da6cf5e11554703236b52,9592b44e2c3f304a9875f45537bec6eb,SO73658,35,TI-M823,1,35,4c6ed4daa82e7326b84c24f4c2ae7064
13567,9d2399b04a78a683bb013aa08df31452,f96fbbcf63b1b65747983976e60d5967,SO44158,3578,BK-R93R-44,1,3578,5b2e258a90271b858fa32867ebccdae6
13568,3143ce3c6436ed5bd25398756b7b661d,6be9692276a308e4b872323af1ad8fe2,SO52943,150,LJ-0192-S,3,150,ad4fbe0c82c7e5968d4cf22c2ad19e28
13568,3143ce3c6436ed5bd25398756b7b661d,6be9692276a308e4b872323af1ad8fe2,SO52943,70,SH-W890-S,1,70,ad4fbe0c82c7e5968d4cf22c2ad19e28
13569,4a800301260b2639fa1ec3efafb5f86c,23f22724b430320654759f8512440ebc,SO59180,27,CA-1098,3,27,a189cc17a15cdb4e39e80dfcd8374c76
13569,4a800301260b2639fa1ec3efafb5f86c,23f22724b430320654759f8512440ebc,SO59180,105,HL-U509-R,3,105,a189cc17a15cdb4e39e80dfcd8374c76
13569,4a800301260b2639fa1ec3efafb5f86c,23f22724b430320654759f8512440ebc,SO59180,5,TT-T092,1,5,a189cc17a15cdb4e39e80dfcd8374c76
13570,531a5e6e1b551dc67663de449307272a,1c37e3540a186a26df97e1d816a180d8,SO44192,3578,BK-R93R-48,1,3578,0a6897e1c1e03291162006eaf64d9e6d
13570,9c55d6518880c1abf100a24da2546368,47a161474962a6dcc03cfa64127a641f,SO74107,10,BC-M005,1,10,9795c57676ee8b8b6ba9a6f9014a520b
13570,9c55d6518880c1abf100a24da2546368,47a161474962a6dcc03cfa64127a641f,SO74107,4640,BK-M68S-42,2,4640,9795c57676ee8b8b6ba9a6f9014a520b
13570,9c55d6518880c1abf100a24da2546368,47a161474962a6dcc03cfa64127a641f,SO74107,105,HL-U509-B,3,105,9795c57676ee8b8b6ba9a6f9014a520b
13570,9c55d6518880c1abf100a24da2546368,47a161474962a6dcc03cfa64127a641f,SO74107,5,WB-H098,1,5,9795c57676ee8b8b6ba9a6f9014a520b
13571,361e2c62255e0c1887ac2139911ca300,20b5e9ce0f87defd975a322149ec8cc6,SO51902,48,GL-H102-S,2,48,eedd9be5500334505ed9d4aef801ac3d
13571,361e2c62255e0c1887ac2139911ca300,20b5e9ce0f87defd975a322149ec8cc6,SO51902,150,LJ-0192-M,3,150,eedd9be5500334505ed9d4aef801ac3d
13571,361e2c62255e0c1887ac2139911ca300,20b5e9ce0f87defd975a322149ec8cc6,SO51902,70,SH-W890-L,1,70,eedd9be5500334505ed9d4aef801ac3d
13572,1c37e3540a186a26df97e1d816a180d8,13c2439a16b8e0eab906d0cd09c97dbc,SO44141,3578,BK-R93R-52,1,3578,aa23a148fd157c87970b5fa9079424f9
13572,86e0fc464cbb08ae74bd039224afec9a,38c9e5d1e366b4c5c36aae682bc960c4,SO72649,4590,BK-M68B-46,2,4590,8920fd63645007b243abb750709b1172
13572,86e0fc464cbb08ae74bd039224afec9a,38c9e5d1e366b4c5c36aae682bc960c4,SO72649,22,FE-6654,1,22,8920fd63645007b243abb750709b1172
13572,86e0fc464cbb08ae74bd039224afec9a,38c9e5d1e366b4c5c36aae682bc960c4,SO72649,150,LJ-0192-S,3,150,8920fd63645007b243abb750709b1172
13573,3fbd0407b55d3a3da21388a2ddbf881c,ab4946738415af86b5e3cee69b13301f,SO57925,150,LJ-0192-X,3,150,5abaefcc8525a8f4cfd95cba9e926532
13573,3fbd0407b55d3a3da21388a2ddbf881c,ab4946738415af86b5e3cee69b13301f,SO57925,70,SH-W890-S,1,70,5abaefcc8525a8f4cfd95cba9e926532
13574,db2b287636ac5ebda430de4f3f643b24,7af7abc5e37d5fa2e2334b4fec2584e2,SO52001,105,HL-U509-R,3,105,bee2b842cd357511cf4c8e509f5af192
13574,db2b287636ac5ebda430de4f3f643b24,7af7abc5e37d5fa2e2334b4fec2584e2,SO52001,5,TT-T092,1,5,bee2b842cd357511cf4c8e509f5af192
13575,013f173c58073e845f675d26fdde1918,ccb91034934bb047c5f6a32eb289b95b,SO60521,10,BC-M005,1,10,d6fb379288416774d139632beb88e26b
13575,013f173c58073e845f675d26fdde1918,ccb91034934bb047c5f6a32eb289b95b,SO60521,4590,BK-M68B-46,2,4590,d6fb379288416774d139632beb88e26b
13575,013f173c58073e845f675d26fdde1918,ccb91034934bb047c5f6a32eb289b95b,SO60521,105,HL-U509,3,105,d6fb379288416774d139632beb88e26b
13575,013f173c58073e845f675d26fdde1918,ccb91034934bb047c5f6a32eb289b95b,SO60521,54,SJ-0194-M,1,54,d6fb379288416774d139632beb88e26b
13575,013f173c58073e845f675d26fdde1918,ccb91034934bb047c5f6a32eb289b95b,SO60521,5,WB-H098,1,5,d6fb379288416774d139632beb88e26b
13575,0383d48e76cd8a3dfb9e2a890f2cac18,d6fb379288416774d139632beb88e26b,SO61029,2384,BK-T79Y-60,1,2384,883b9b4170853b321c03290f64ba199f
13575,0383d48e76cd8a3dfb9e2a890f2cac18,d6fb379288416774d139632beb88e26b,SO61029,2,PK-7098,1,2,883b9b4170853b321c03290f64ba199f
13575,0383d48e76cd8a3dfb9e2a890f2cac18,d6fb379288416774d139632beb88e26b,SO61029,29,TI-T723,1,29,883b9b4170853b321c03290f64ba199f
13575,0383d48e76cd8a3dfb9e2a890f2cac18,d6fb379288416774d139632beb88e26b,SO61029,5,TT-T092,1,5,883b9b4170853b321c03290f64ba199f
13575,7a8e187aeb003f6e34c02a4d5b9b153e,2fe1a028f9398deb2efcd536c8246fae,SO63504,9,BC-R205,1,9,ba19c22033aaecc6c5dad47f63e5858c
13575,7a8e187aeb003f6e34c02a4d5b9b153e,2fe1a028f9398deb2efcd536c8246fae,SO63504,4886,BK-R89B-48,2,4886,ba19c22033aaecc6c5dad47f63e5858c
13575,7a8e187aeb003f6e34c02a4d5b9b153e,2fe1a028f9398deb2efcd536c8246fae,SO63504,5,WB-H098,1,5,ba19c22033aaecc6c5dad47f63e5858c
13575,c6dec085564ebca8c2e300f077425d2f,fd2d4f3c923f907724bbdb60a26a944e,SO46846,4364,BK-R89B-44,2,4364,1786ecaa04cd18d45fa6519a0c4a5c4a
13576,0814775cfc25da756a9b4197347ab771,d76e0ba1fa041675ae9af958c5b41ae4,SO57789,4590,BK-M68B-42,2,4590,de22d232bbe84481579f6252f1e7091d
13576,0814775cfc25da756a9b4197347ab771,d76e0ba1fa041675ae9af958c5b41ae4,SO57789,105,HL-U509,3,105,de22d232bbe84481579f6252f1e7091d
13576,5fe5d9c2e4271c97cde82ca667158d56,5d86cf50673484650827265c9f4ddfb2,SO43742,3578,BK-R93R-56,1,3578,8b2e1fff3ce3e2505a49fe7473894072
13576,b21e833d3ead6056f1265f13fe1ff015,7983129d9883ebc3b9dce3311996b001,SO60625,9,BC-R205,1,9,4804ee33768b143d9706052696f7dfbd
13576,b21e833d3ead6056f1265f13fe1ff015,7983129d9883ebc3b9dce3311996b001,SO60625,2384,BK-T79Y-46,1,2384,4804ee33768b143d9706052696f7dfbd
13576,b21e833d3ead6056f1265f13fe1ff015,7983129d9883ebc3b9dce3311996b001,SO60625,48,GL-H102-M,2,48,4804ee33768b143d9706052696f7dfbd
13576,b21e833d3ead6056f1265f13fe1ff015,7983129d9883ebc3b9dce3311996b001,SO60625,5,WB-H098,1,5,4804ee33768b143d9706052696f7dfbd
13577,254d832c83ccdb2c33eab65a4fd196ff,75fe8d7dec9d2a51be64595ab37dc674,SO59576,2384,BK-T79U-50,1,2384,4a800301260b2639fa1ec3efafb5f86c
13577,254d832c83ccdb2c33eab65a4fd196ff,75fe8d7dec9d2a51be64595ab37dc674,SO59576,2,PK-7098,1,2,4a800301260b2639fa1ec3efafb5f86c
13577,254d832c83ccdb2c33eab65a4fd196ff,75fe8d7dec9d2a51be64595ab37dc674,SO59576,29,TI-T723,1,29,4a800301260b2639fa1ec3efafb5f86c
13577,254d832c83ccdb2c33eab65a4fd196ff,75fe8d7dec9d2a51be64595ab37dc674,SO59576,5,TT-T092,1,5,4a800301260b2639fa1ec3efafb5f86c
13577,883b9b4170853b321c03290f64ba199f,412998e77ee121227580e3d363f75fa2,SO60632,10,BC-M005,1,10,af1457846a79173ef71dd9d5dd69805a
13577,883b9b4170853b321c03290f64ba199f,412998e77ee121227580e3d363f75fa2,SO60632,4590,BK-M68B-42,2,4590,af1457846a79173ef71dd9d5dd69805a
13577,94b225b5b1f09ecd5e8ecdfb681ff04c,03bf7d2a8718ee9aca4bd2f37e962fc4,SO64307,4886,BK-R89B-48,2,4886,61e00b038efd34bdf9c747596273cbcf
13577,94b225b5b1f09ecd5e8ecdfb681ff04c,03bf7d2a8718ee9aca4bd2f37e962fc4,SO64307,33,TI-R982,1,33,61e00b038efd34bdf9c747596273cbcf
13577,94b225b5b1f09ecd5e8ecdfb681ff04c,03bf7d2a8718ee9aca4bd2f37e962fc4,SO64307,4,TT-R982,1,4,61e00b038efd34bdf9c747596273cbcf
13577,94b225b5b1f09ecd5e8ecdfb681ff04c,03bf7d2a8718ee9aca4bd2f37e962fc4,SO64307,64,VE-C304-M,1,64,61e00b038efd34bdf9c747596273cbcf
13577,b9836987c405fca6133a2969f25c7398,de3a4af731cd077daa2beb37e580c57f,SO46869,4364,BK-R89B-58,2,4364,7dcc4d0bd00b29e904618bdf6adc66e9
13578,01e8942a5792053a553c4612bd6c06a6,6583882ca853d66524856501b27519f5,SO74716,10,BC-M005,1,10,722dc621a1a56555843f574144bfcdf0
13578,01e8942a5792053a553c4612bd6c06a6,6583882ca853d66524856501b27519f5,SO74716,105,HL-U509-B,3,105,722dc621a1a56555843f574144bfcdf0
13579,17520f5649fab40fb66771362888cb90,1faee5670542865e021595151379fe5c,SO70645,742,BK-T18Y-54,1,742,3f72b837978dcd042b73e7270f11a4ca
13579,17520f5649fab40fb66771362888cb90,1faee5670542865e021595151379fe5c,SO70645,27,CA-1098,3,27,3f72b837978dcd042b73e7270f11a4ca
13579,17520f5649fab40fb66771362888cb90,1faee5670542865e021595151379fe5c,SO70645,105,HL-U509-B,3,105,3f72b837978dcd042b73e7270f11a4ca
13579,2797a91b25bc2aa85124c99bc574dc83,86bfb8ffc7a79e52d833cedce4d275bf,SO71089,540,BK-R19B-44,1,540,a9adf65abbb865184bf924d14a93d0c4
13579,2797a91b25bc2aa85124c99bc574dc83,86bfb8ffc7a79e52d833cedce4d275bf,SO71089,105,HL-U509,3,105,a9adf65abbb865184bf924d14a93d0c4
13579,2797a91b25bc2aa85124c99bc574dc83,86bfb8ffc7a79e52d833cedce4d275bf,SO71089,21,TI-R092,1,21,a9adf65abbb865184bf924d14a93d0c4
13579,2797a91b25bc2aa85124c99bc574dc83,86bfb8ffc7a79e52d833cedce4d275bf,SO71089,4,TT-R982,1,4,a9adf65abbb865184bf924d14a93d0c4
13579,6f876727a6ca9c8f7a1e0ab845d1df49,a7a38fdd2b588a9e04c8833fe252e250,SO44258,3578,BK-R93R-62,1,3578,f9160ced7c82c26576dae88d37ef543e
13579,9e8cbc3edbb5efb3f48d6afb260e4725,174acf6ca4e9804d47a59a499422e621,SO59213,10,BC-M005,1,10,640540d73b85c3ecd2e3bf5541686e87
13579,9e8cbc3edbb5efb3f48d6afb260e4725,174acf6ca4e9804d47a59a499422e621,SO59213,4640,BK-M68S-38,2,4640,640540d73b85c3ecd2e3bf5541686e87
13580,0383d48e76cd8a3dfb9e2a890f2cac18,d6fb379288416774d139632beb88e26b,SO60958,4640,BK-M68S-46,2,4640,883b9b4170853b321c03290f64ba199f
13580,0383d48e76cd8a3dfb9e2a890f2cac18,d6fb379288416774d139632beb88e26b,SO60958,105,HL-U509-R,3,105,883b9b4170853b321c03290f64ba199f
13580,47a161474962a6dcc03cfa64127a641f,8920fd63645007b243abb750709b1172,SO73252,540,BK-R19B-58,1,540,c5ed53572c667b119dde2fc0f54de602
13580,47a161474962a6dcc03cfa64127a641f,8920fd63645007b243abb750709b1172,SO73252,105,HL-U509,3,105,c5ed53572c667b119dde2fc0f54de602
13580,d7f57f35d2bad1349ca24a67a2635eea,5432d51ee94799c0125bb158c8a8bd22,SO74074,742,BK-T18Y-44,1,742,1ba7e8cdf85da6cf5e11554703236b52
13580,d7f57f35d2bad1349ca24a67a2635eea,5432d51ee94799c0125bb158c8a8bd22,SO74074,105,HL-U509-R,3,105,1ba7e8cdf85da6cf5e11554703236b52
13580,e43c329598651187dc896f473b960062,d65fe2f8a3307343bdecec12e6ef15b0,SO44240,3578,BK-R93R-44,1,3578,3a0c86e2d3f9856bab812272b3f829ab
13581,7983129d9883ebc3b9dce3311996b001,0df76889b3e31ccfd17b50cc73baef03,SO59830,9,BC-R205,1,9,7254e54716fe52361e62aa16ea2e0797
13581,7983129d9883ebc3b9dce3311996b001,0df76889b3e31ccfd17b50cc73baef03,SO59830,2384,BK-T79U-54,1,2384,7254e54716fe52361e62aa16ea2e0797
13581,7983129d9883ebc3b9dce3311996b001,0df76889b3e31ccfd17b50cc73baef03,SO59830,64,VE-C304-M,1,64,7254e54716fe52361e62aa16ea2e0797
13581,7983129d9883ebc3b9dce3311996b001,0df76889b3e31ccfd17b50cc73baef03,SO59830,5,WB-H098,1,5,7254e54716fe52361e62aa16ea2e0797
13581,8b2e1fff3ce3e2505a49fe7473894072,e9e022777a166797321214171f83507a,SO43722,3578,BK-R93R-48,1,3578,1d0cd3f4d344a14526f6b36b1240748e
13581,a189cc17a15cdb4e39e80dfcd8374c76,b0b2c17e5682f78d8fc262463fd0a4f3,SO58640,10,BC-M005,1,10,244cede513841376c37dc856f2f5e7b9
13581,a189cc17a15cdb4e39e80dfcd8374c76,b0b2c17e5682f78d8fc262463fd0a4f3,SO58640,4640,BK-M68S-46,2,4640,244cede513841376c37dc856f2f5e7b9
13581,a189cc17a15cdb4e39e80dfcd8374c76,b0b2c17e5682f78d8fc262463fd0a4f3,SO58640,5,WB-H098,1,5,244cede513841376c37dc856f2f5e7b9
13582,5e9b4970006d8f02ba0bc1763fa8b9a6,b2e85aa5f9c095607e638c7e6e2c694b,SO51955,105,HL-U509-R,3,105,ca510b577b53d588f80b4fc76030ea52
13582,5e9b4970006d8f02ba0bc1763fa8b9a6,b2e85aa5f9c095607e638c7e6e2c694b,SO51955,29,TI-T723,1,29,ca510b577b53d588f80b4fc76030ea52
13582,5e9b4970006d8f02ba0bc1763fa8b9a6,b2e85aa5f9c095607e638c7e6e2c694b,SO51955,5,TT-T092,1,5,ca510b577b53d588f80b4fc76030ea52
13582,9d934f91c460e9947414d00048f2fa36,94b225b5b1f09ecd5e8ecdfb681ff04c,SO65128,27,CA-1098,3,27,3f0c8308e4e2e5c4ddc1b7e19304f613
13583,9a95fdf4e925d9cbd65f87b5aa4ac212,478ecc8cdaa127c33884d9f6c72c2cd5,SO59646,2384,BK-T79Y-60,1,2384,9e8cbc3edbb5efb3f48d6afb260e4725
13583,9a95fdf4e925d9cbd65f87b5aa4ac212,478ecc8cdaa127c33884d9f6c72c2cd5,SO59646,9,SO-R809-L,1,9,9e8cbc3edbb5efb3f48d6afb260e4725
13583,b6bbe024fcbfd670a10e8dec3cd187f9,5fe5d9c2e4271c97cde82ca667158d56,SO43801,3578,BK-R93R-44,1,3578,d8b441941a26e6828acf8cdaf0d6084e
13583,e7df1b3ee078bdcfc260a877f321287d,4dbf892d41ae205f6e36838031cff786,SO59079,4640,BK-M68S-38,2,4640,478ecc8cdaa127c33884d9f6c72c2cd5
13583,e7df1b3ee078bdcfc260a877f321287d,4dbf892d41ae205f6e36838031cff786,SO59079,27,CA-1098,3,27,478ecc8cdaa127c33884d9f6c72c2cd5
13583,e7df1b3ee078bdcfc260a877f321287d,4dbf892d41ae205f6e36838031cff786,SO59079,105,HL-U509,3,105,478ecc8cdaa127c33884d9f6c72c2cd5
13583,e7df1b3ee078bdcfc260a877f321287d,4dbf892d41ae205f6e36838031cff786,SO59079,35,TI-M823,1,35,478ecc8cdaa127c33884d9f6c72c2cd5
13583,e7df1b3ee078bdcfc260a877f321287d,4dbf892d41ae205f6e36838031cff786,SO59079,5,TT-M928,1,5,478ecc8cdaa127c33884d9f6c72c2cd5
13584,5072507e949a2c25948a591c4da194e1,a189cc17a15cdb4e39e80dfcd8374c76,SO59651,4590,BK-M68B-38,2,4590,ad0b7f5ad35732646f1e5f67418d5995
13584,5072507e949a2c25948a591c4da194e1,a189cc17a15cdb4e39e80dfcd8374c76,SO59651,105,HL-U509-B,3,105,ad0b7f5ad35732646f1e5f67418d5995
13584,86088cdbc16fb0d5afd262a9b229fed2,9effb9136439084df69d3197f50eb040,SO43832,3578,BK-R93R-62,1,3578,b6bbe024fcbfd670a10e8dec3cd187f9
13584,b210069485754303767745919c328b97,305c66634c155cab2b5cc3ce00351eb1,SO62872,2384,BK-T79Y-46,1,2384,5efefff01843f5aa3f7d8a4d44b4bf2e
13584,b210069485754303767745919c328b97,305c66634c155cab2b5cc3ce00351eb1,SO62872,105,HL-U509-B,3,105,5efefff01843f5aa3f7d8a4d44b4bf2e
13584,b210069485754303767745919c328b97,305c66634c155cab2b5cc3ce00351eb1,SO62872,29,TI-T723,1,29,5efefff01843f5aa3f7d8a4d44b4bf2e
13584,b210069485754303767745919c328b97,305c66634c155cab2b5cc3ce00351eb1,SO62872,5,TT-T092,1,5,5efefff01843f5aa3f7d8a4d44b4bf2e
13585,412998e77ee121227580e3d363f75fa2,df595e3c678d4fae23ce174fe747165e,SO59836,4590,BK-M68B-46,2,4590,254d832c83ccdb2c33eab65a4fd196ff
13585,412998e77ee121227580e3d363f75fa2,df595e3c678d4fae23ce174fe747165e,SO59836,22,FE-6654,1,22,254d832c83ccdb2c33eab65a4fd196ff
13585,412998e77ee121227580e3d363f75fa2,df595e3c678d4fae23ce174fe747165e,SO59836,54,SJ-0194-M,1,54,254d832c83ccdb2c33eab65a4fd196ff
13585,63deedb09952ba4161e5d9ab30ea4d41,8a35f63c875d260642a69f75d4eee5b8,SO43804,3578,BK-R93R-62,1,3578,07b38747fb1cdad01d7ff97006ca5ccb
13585,95103530881768b5cfc7e33970db9cd7,2ed3972e38245b633ec6b146c2970148,SO62468,2384,BK-T79U-46,1,2384,305c66634c155cab2b5cc3ce00351eb1
13585,95103530881768b5cfc7e33970db9cd7,2ed3972e38245b633ec6b146c2970148,SO62468,105,HL-U509-R,3,105,305c66634c155cab2b5cc3ce00351eb1
13586,a8ef76a01442567fb64eb6f4408a9835,427ed6396fba4ed8ead9ec3229517d2b,SO56892,27,CA-1098,3,27,eba5233d2dd8ea5031e646882335ece0
13586,b0950d12c62d3aeda81b2e8d06f2aef4,e366e24b8ad0b1107528f2f58cd15a81,SO73372,55,HY-1023-70,1,55,a048b8d5f3f9178f163e2be055f0138b
13586,b0950d12c62d3aeda81b2e8d06f2aef4,e366e24b8ad0b1107528f2f58cd15a81,SO73372,29,TI-T723,1,29,a048b8d5f3f9178f163e2be055f0138b
13586,b0950d12c62d3aeda81b2e8d06f2aef4,e366e24b8ad0b1107528f2f58cd15a81,SO73372,5,TT-T092,1,5,a048b8d5f3f9178f163e2be055f0138b
13587,fff3c307c93eda1eb91d53ca588846fe,4584ca349e0920f4436a3c2f36158b85,SO69360,10,BC-M005,1,10,70951886788165a5e2439adfce4d0cce
13587,fff3c307c93eda1eb91d53ca588846fe,4584ca349e0920f4436a3c2f36158b85,SO69360,64,VE-C304-M,1,64,70951886788165a5e2439adfce4d0cce
13587,fff3c307c93eda1eb91d53ca588846fe,4584ca349e0920f4436a3c2f36158b85,SO69360,5,WB-H098,1,5,70951886788165a5e2439adfce4d0cce
13588,3db19f5f710f10e90ecc7154c649d60a,f544b472453b297a8b55709fbfd3746d,SO70909,10,BC-M005,1,10,fee8e08233f3f00450bce31967abb0f1
13588,3db19f5f710f10e90ecc7154c649d60a,f544b472453b297a8b55709fbfd3746d,SO70909,5,WB-H098,1,5,fee8e08233f3f00450bce31967abb0f1
13589,a6d37e298c3042e300813f55a17e0875,99b7e934795a93975a5e0c0b9b57d9ba,SO64649,10,BC-M005,1,10,b0241b451647f25db5f52074445d820c
13589,a6d37e298c3042e300813f55a17e0875,99b7e934795a93975a5e0c0b9b57d9ba,SO64649,64,VE-C304-L,1,64,b0241b451647f25db5f52074445d820c
13589,a6d37e298c3042e300813f55a17e0875,99b7e934795a93975a5e0c0b9b57d9ba,SO64649,5,WB-H098,1,5,b0241b451647f25db5f52074445d820c
13590,14353ec5f8684711ecb09fb3893b126c,a81896693628eb9ebcc919d85e627b8f,SO43721,3578,BK-R93R-62,1,3578,7de904cde4fa8a64f25573759fca404f
13590,2fe1a028f9398deb2efcd536c8246fae,9913e55755fcc4267a06c1e6adbbc7fb,SO62624,9,BC-R205,1,9,8dd08d219271ec96c543f486de430703
13590,2fe1a028f9398deb2efcd536c8246fae,9913e55755fcc4267a06c1e6adbbc7fb,SO62624,2384,BK-T79U-54,1,2384,8dd08d219271ec96c543f486de430703
13590,2fe1a028f9398deb2efcd536c8246fae,9913e55755fcc4267a06c1e6adbbc7fb,SO62624,5,WB-H098,1,5,8dd08d219271ec96c543f486de430703
13590,ccb91034934bb047c5f6a32eb289b95b,640540d73b85c3ecd2e3bf5541686e87,SO59715,4590,BK-M68B-42,2,4590,3ebfce6ccd7540a632ae7e6ad8100c29
13590,ccb91034934bb047c5f6a32eb289b95b,640540d73b85c3ecd2e3bf5541686e87,SO59715,105,HL-U509-R,3,105,3ebfce6ccd7540a632ae7e6ad8100c29
13591,0383d48e76cd8a3dfb9e2a890f2cac18,d6fb379288416774d139632beb88e26b,SO60957,10,BC-M005,1,10,883b9b4170853b321c03290f64ba199f
13591,0383d48e76cd8a3dfb9e2a890f2cac18,d6fb379288416774d139632beb88e26b,SO60957,4640,BK-M68S-42,2,4640,883b9b4170853b321c03290f64ba199f
13591,0383d48e76cd8a3dfb9e2a890f2cac18,d6fb379288416774d139632beb88e26b,SO60957,5,WB-H098,1,5,883b9b4170853b321c03290f64ba199f
13591,4f0012e973c89ab113494955e064e478,8a2170b82ac0269686d99172f5ebc133,SO43714,3578,BK-R93R-44,1,3578,5d86cf50673484650827265c9f4ddfb2
13591,9913e55755fcc4267a06c1e6adbbc7fb,4a70a3ec50fd16032883bf6fc79c55dd,SO61905,9,BC-R205,1,9,d53f9d33cac0a297449a74a10d031570
13591,9913e55755fcc4267a06c1e6adbbc7fb,4a70a3ec50fd16032883bf6fc79c55dd,SO61905,2384,BK-T79U-50,1,2384,d53f9d33cac0a297449a74a10d031570
13591,9913e55755fcc4267a06c1e6adbbc7fb,4a70a3ec50fd16032883bf6fc79c55dd,SO61905,27,CA-1098,3,27,d53f9d33cac0a297449a74a10d031570
13591,9913e55755fcc4267a06c1e6adbbc7fb,4a70a3ec50fd16032883bf6fc79c55dd,SO61905,105,HL-U509-R,3,105,d53f9d33cac0a297449a74a10d031570
13591,9913e55755fcc4267a06c1e6adbbc7fb,4a70a3ec50fd16032883bf6fc79c55dd,SO61905,5,WB-H098,1,5,d53f9d33cac0a297449a74a10d031570
13592,013f173c58073e845f675d26fdde1918,ccb91034934bb047c5f6a32eb289b95b,SO60560,2384,BK-T79U-46,1,2384,d6fb379288416774d139632beb88e26b
13592,013f173c58073e845f675d26fdde1918,ccb91034934bb047c5f6a32eb289b95b,SO60560,105,HL-U509,3,105,d6fb379288416774d139632beb88e26b
13592,61e00b038efd34bdf9c747596273cbcf,7130adfd843cdcb6d0bcd9d13792693a,SO64007,4886,BK-R89B-44,2,4886,4b5c3229e0725ef8d303f494db9faec8
13592,61e00b038efd34bdf9c747596273cbcf,7130adfd843cdcb6d0bcd9d13792693a,SO64007,105,HL-U509-R,3,105,4b5c3229e0725ef8d303f494db9faec8
13592,d6cafebfd2db462e512bc5b597cf9232,b0d346be9fa7508e21d5c500b97e6b7a,SO46711,2443,BK-R89R-48,1,2443,4a318fb9cfbe73b094d25673d3ce9e38
13592,e0bcd0ff3072dfe15609d6be1529b0b8,c660dc308b247ce08aeecd155306bae0,SO60698,4640,BK-M68S-46,2,4640,39ff8ac1e8a44088f96e17b846ec8baf
13592,e0bcd0ff3072dfe15609d6be1529b0b8,c660dc308b247ce08aeecd155306bae0,SO60698,105,HL-U509-R,3,105,39ff8ac1e8a44088f96e17b846ec8baf
13593,5432d51ee94799c0125bb158c8a8bd22,545a3d56d20b22e09aa85bfa5ed8738d,SO73150,10,BC-M005,1,10,9592b44e2c3f304a9875f45537bec6eb
13593,5432d51ee94799c0125bb158c8a8bd22,545a3d56d20b22e09aa85bfa5ed8738d,SO73150,105,HL-U509-B,3,105,9592b44e2c3f304a9875f45537bec6eb
13593,5432d51ee94799c0125bb158c8a8bd22,545a3d56d20b22e09aa85bfa5ed8738d,SO73150,5,WB-H098,1,5,9592b44e2c3f304a9875f45537bec6eb
13594,3a23b248b732af434a45fce0302aa11f,db2f6a564b6f5f41253c68874b50962b,SO62980,10,BC-M005,1,10,290499d9b8e65db426ba9b842714eb6d
13594,3a23b248b732af434a45fce0302aa11f,db2f6a564b6f5f41253c68874b50962b,SO62980,105,HL-U509-B,3,105,290499d9b8e65db426ba9b842714eb6d
13595,1786ecaa04cd18d45fa6519a0c4a5c4a,237af51ebd50812b99ed354c75c3e11d,SO46803,4364,BK-R89B-58,2,4364,d3fa88b8a081356f91911e74ecf7e481
13595,4a800301260b2639fa1ec3efafb5f86c,23f22724b430320654759f8512440ebc,SO59204,2384,BK-T79U-54,1,2384,a189cc17a15cdb4e39e80dfcd8374c76
13595,4a800301260b2639fa1ec3efafb5f86c,23f22724b430320654759f8512440ebc,SO59204,105,HL-U509-B,3,105,a189cc17a15cdb4e39e80dfcd8374c76
13595,4ddc8821c34bceaf3dba4a18741acca3,af1457846a79173ef71dd9d5dd69805a,SO61094,10,BC-M005,1,10,2d6e054ac82934d489c58cc8399a1628
13595,4ddc8821c34bceaf3dba4a18741acca3,af1457846a79173ef71dd9d5dd69805a,SO61094,4590,BK-M68B-46,2,4590,2d6e054ac82934d489c58cc8399a1628
13595,4ddc8821c34bceaf3dba4a18741acca3,af1457846a79173ef71dd9d5dd69805a,SO61094,5,WB-H098,1,5,2d6e054ac82934d489c58cc8399a1628
13595,b0241b451647f25db5f52074445d820c,7a8e187aeb003f6e34c02a4d5b9b153e,SO64250,4886,BK-R89B-44,2,4886,56d78836c9cf0de136c4d2d37aba2280
13595,b0241b451647f25db5f52074445d820c,7a8e187aeb003f6e34c02a4d5b9b153e,SO64250,33,TI-R982,1,33,56d78836c9cf0de136c4d2d37aba2280
13595,b0241b451647f25db5f52074445d820c,7a8e187aeb003f6e34c02a4d5b9b153e,SO64250,4,TT-R982,1,4,56d78836c9cf0de136c4d2d37aba2280
13596,f04e53711455521533f4c5ed7dcaa287,5e9b4970006d8f02ba0bc1763fa8b9a6,SO52550,10,BC-M005,1,10,f799d104dd23bb828dcdaaefc4d25b61
13597,c87874400b9f907bdf9ea37d75a4b341,23bd9a9b90557e9da7babfb8e3d2df22,SO64581,10,BC-M005,1,10,8b9fe4b34e3c54f08bfcac3d9691e260
13597,c87874400b9f907bdf9ea37d75a4b341,23bd9a9b90557e9da7babfb8e3d2df22,SO64581,27,CA-1098,3,27,8b9fe4b34e3c54f08bfcac3d9691e260
13597,c87874400b9f907bdf9ea37d75a4b341,23bd9a9b90557e9da7babfb8e3d2df22,SO64581,105,HL-U509,3,105,8b9fe4b34e3c54f08bfcac3d9691e260
13597,c87874400b9f907bdf9ea37d75a4b341,23bd9a9b90557e9da7babfb8e3d2df22,SO64581,5,WB-H098,1,5,8b9fe4b34e3c54f08bfcac3d9691e260
13598,c7390752782466cfc9a3ed7d3a79e046,0001ffe4d82d0d8f9fec5ab0b4faa2db,SO67937,10,BC-M005,1,10,16e364d19895243407b256ec272d5394
13598,c7390752782466cfc9a3ed7d3a79e046,0001ffe4d82d0d8f9fec5ab0b4faa2db,SO67937,105,HL-U509-R,3,105,16e364d19895243407b256ec272d5394
13598,c7390752782466cfc9a3ed7d3a79e046,0001ffe4d82d0d8f9fec5ab0b4faa2db,SO67937,5,WB-H098,1,5,16e364d19895243407b256ec272d5394
13599,9f1ff00ea8fd9fd8f2d421ba5ec45a18,f88b3743a9ce1f9455b6de69380b486a,SO67450,2,PK-7098,1,2,0001ffe4d82d0d8f9fec5ab0b4faa2db
13599,9f1ff00ea8fd9fd8f2d421ba5ec45a18,f88b3743a9ce1f9455b6de69380b486a,SO67450,29,TI-T723,1,29,0001ffe4d82d0d8f9fec5ab0b4faa2db
13599,9f1ff00ea8fd9fd8f2d421ba5ec45a18,f88b3743a9ce1f9455b6de69380b486a,SO67450,5,TT-T092,1,5,0001ffe4d82d0d8f9fec5ab0b4faa2db
13599,ab4946738415af86b5e3cee69b13301f,ed268f8f3837888893f896b7240f1254,SO57283,10,BC-M005,1,10,fde67888c64f701b59876ec559099b3e
13599,ab4946738415af86b5e3cee69b13301f,ed268f8f3837888893f896b7240f1254,SO57283,5,WB-H098,1,5,fde67888c64f701b59876ec559099b3e
13600,0d15ba5aa4c9ad0377b26e0cf7a86280,b21e833d3ead6056f1265f13fe1ff015,SO61470,2384,BK-T79Y-50,1,2384,4a70a3ec50fd16032883bf6fc79c55dd
13600,0d15ba5aa4c9ad0377b26e0cf7a86280,b21e833d3ead6056f1265f13fe1ff015,SO61470,27,CA-1098,3,27,4a70a3ec50fd16032883bf6fc79c55dd
13600,0d15ba5aa4c9ad0377b26e0cf7a86280,b21e833d3ead6056f1265f13fe1ff015,SO61470,105,HL-U509-R,3,105,4a70a3ec50fd16032883bf6fc79c55dd
13600,0d15ba5aa4c9ad0377b26e0cf7a86280,b21e833d3ead6056f1265f13fe1ff015,SO61470,29,TI-T723,1,29,4a70a3ec50fd16032883bf6fc79c55dd
13600,0d15ba5aa4c9ad0377b26e0cf7a86280,b21e833d3ead6056f1265f13fe1ff015,SO61470,5,TT-T092,1,5,4a70a3ec50fd16032883bf6fc79c55dd
13600,9e8cbc3edbb5efb3f48d6afb260e4725,174acf6ca4e9804d47a59a499422e621,SO59212,10,BC-M005,1,10,640540d73b85c3ecd2e3bf5541686e87
13600,9e8cbc3edbb5efb3f48d6afb260e4725,174acf6ca4e9804d47a59a499422e621,SO59212,4640,BK-M68S-38,2,4640,640540d73b85c3ecd2e3bf5541686e87
13600,9e8cbc3edbb5efb3f48d6afb260e4725,174acf6ca4e9804d47a59a499422e621,SO59212,105,HL-U509-B,3,105,640540d73b85c3ecd2e3bf5541686e87
13600,9e8cbc3edbb5efb3f48d6afb260e4725,174acf6ca4e9804d47a59a499422e621,SO59212,150,LJ-0192-M,3,150,640540d73b85c3ecd2e3bf5541686e87
13600,9e8cbc3edbb5efb3f48d6afb260e4725,174acf6ca4e9804d47a59a499422e621,SO59212,5,WB-H098,1,5,640540d73b85c3ecd2e3bf5541686e87
13600,d7c0b05cc309d4516231ccf0d3417744,63deedb09952ba4161e5d9ab30ea4d41,SO43941,3578,BK-R93R-56,1,3578,0605970f0e23f47a1e2af81a5f9bc913
13601,6583882ca853d66524856501b27519f5,1ba7e8cdf85da6cf5e11554703236b52,SO74329,10,BC-M005,1,10,d27974ca95fd620ac92cf95bf8c1d1f2
13601,6583882ca853d66524856501b27519f5,1ba7e8cdf85da6cf5e11554703236b52,SO74329,105,HL-U509-R,3,105,d27974ca95fd620ac92cf95bf8c1d1f2
13602,4cc27df81afd686c0420394e090460cb,39ff8ac1e8a44088f96e17b846ec8baf,SO61303,2384,BK-T79Y-54,1,2384,6477c205c5117a9448ba863e111acf32
13602,4cc27df81afd686c0420394e090460cb,39ff8ac1e8a44088f96e17b846ec8baf,SO61303,105,HL-U509-B,3,105,6477c205c5117a9448ba863e111acf32
13602,af1457846a79173ef71dd9d5dd69805a,254d832c83ccdb2c33eab65a4fd196ff,SO60322,10,BC-M005,1,10,ce08c22f7777768ce4197eab9727516c
13602,af1457846a79173ef71dd9d5dd69805a,254d832c83ccdb2c33eab65a4fd196ff,SO60322,4640,BK-M68S-46,2,4640,ce08c22f7777768ce4197eab9727516c
13602,af1457846a79173ef71dd9d5dd69805a,254d832c83ccdb2c33eab65a4fd196ff,SO60322,27,CA-1098,3,27,ce08c22f7777768ce4197eab9727516c
13602,af1457846a79173ef71dd9d5dd69805a,254d832c83ccdb2c33eab65a4fd196ff,SO60322,105,HL-U509-B,3,105,ce08c22f7777768ce4197eab9727516c
13602,af1457846a79173ef71dd9d5dd69805a,254d832c83ccdb2c33eab65a4fd196ff,SO60322,5,WB-H098,1,5,ce08c22f7777768ce4197eab9727516c
13602,bc711710f4e4dd1cfeafbccb182790a0,cd9e79fd7a43f48acc7de09fefb697d8,SO43954,3578,BK-R93R-44,1,3578,c5b6ac945db87cf50d20426452434c3a
13603,412998e77ee121227580e3d363f75fa2,df595e3c678d4fae23ce174fe747165e,SO59871,10,BC-M005,1,10,254d832c83ccdb2c33eab65a4fd196ff
13603,412998e77ee121227580e3d363f75fa2,df595e3c678d4fae23ce174fe747165e,SO59871,105,HL-U509-R,3,105,254d832c83ccdb2c33eab65a4fd196ff
13603,412998e77ee121227580e3d363f75fa2,df595e3c678d4fae23ce174fe747165e,SO59871,5,WB-H098,1,5,254d832c83ccdb2c33eab65a4fd196ff
13603,6e5c4b769f8f70f9fd01b24ba5be9695,40e7dd73b09eac540e790daf6fac41af,SO54856,150,LJ-0192-L,3,150,106dfbaf552c07a1b08d065f2c343982
13603,6e5c4b769f8f70f9fd01b24ba5be9695,40e7dd73b09eac540e790daf6fac41af,SO54856,29,TI-T723,1,29,106dfbaf552c07a1b08d065f2c343982
13603,6e5c4b769f8f70f9fd01b24ba5be9695,40e7dd73b09eac540e790daf6fac41af,SO54856,5,TT-T092,1,5,106dfbaf552c07a1b08d065f2c343982
13604,511572e8a25e86c2f48ae9e6d73a1e6a,8e8847c1bdf012037ee13bb62da8a5c1,SO68126,9,BC-R205,1,9,691ad1b0dca3643b923973defd014d47
13604,511572e8a25e86c2f48ae9e6d73a1e6a,8e8847c1bdf012037ee13bb62da8a5c1,SO68126,105,HL-U509-R,3,105,691ad1b0dca3643b923973defd014d47
13604,511572e8a25e86c2f48ae9e6d73a1e6a,8e8847c1bdf012037ee13bb62da8a5c1,SO68126,150,LJ-0192-M,3,150,691ad1b0dca3643b923973defd014d47
13604,511572e8a25e86c2f48ae9e6d73a1e6a,8e8847c1bdf012037ee13bb62da8a5c1,SO68126,29,TI-T723,1,29,691ad1b0dca3643b923973defd014d47
13604,511572e8a25e86c2f48ae9e6d73a1e6a,8e8847c1bdf012037ee13bb62da8a5c1,SO68126,5,TT-T092,1,5,691ad1b0dca3643b923973defd014d47
13604,511572e8a25e86c2f48ae9e6d73a1e6a,8e8847c1bdf012037ee13bb62da8a5c1,SO68126,5,WB-H098,1,5,691ad1b0dca3643b923973defd014d47
13604,8592725b85eec4822018b8728dd5b88d,88d8e3ff674b1514a19b24621707f0d9,SO74842,10,BC-M005,1,10,56e52500a7f5ab963646137a401683cd
13604,8592725b85eec4822018b8728dd5b88d,88d8e3ff674b1514a19b24621707f0d9,SO74842,105,HL-U509-B,3,105,56e52500a7f5ab963646137a401683cd
13605,0149f124a48640c62d90840ac5760331,4555f65c4664801d78b9f5477f89d8fd,SO63367,4886,BK-R89B-58,2,4886,870bd4f3713260418e4f342f31dc7e33
13605,0149f124a48640c62d90840ac5760331,4555f65c4664801d78b9f5477f89d8fd,SO63367,105,HL-U509-R,3,105,870bd4f3713260418e4f342f31dc7e33
13605,2fe1a028f9398deb2efcd536c8246fae,9913e55755fcc4267a06c1e6adbbc7fb,SO62625,9,BC-R205,1,9,8dd08d219271ec96c543f486de430703
13605,2fe1a028f9398deb2efcd536c8246fae,9913e55755fcc4267a06c1e6adbbc7fb,SO62625,2384,BK-T79U-46,1,2384,8dd08d219271ec96c543f486de430703
13605,2fe1a028f9398deb2efcd536c8246fae,9913e55755fcc4267a06c1e6adbbc7fb,SO62625,5,WB-H098,1,5,8dd08d219271ec96c543f486de430703
13605,b9836987c405fca6133a2969f25c7398,de3a4af731cd077daa2beb37e580c57f,SO46870,2443,BK-R89R-44,1,2443,7dcc4d0bd00b29e904618bdf6adc66e9
13605,ce08c22f7777768ce4197eab9727516c,4a800301260b2639fa1ec3efafb5f86c,SO59983,4590,BK-M68B-46,2,4590,5072507e949a2c25948a591c4da194e1
13606,0b2687a4d54329af7fc2df3d9ee1a02b,89426de0285546a41a891a5ec5aae6ae,SO44413,3578,BK-R93R-62,1,3578,b17aa434fc2718b9cd1a0d02141e0641
13606,b0950d12c62d3aeda81b2e8d06f2aef4,e366e24b8ad0b1107528f2f58cd15a81,SO73383,742,BK-T18U-50,1,742,a048b8d5f3f9178f163e2be055f0138b
13606,ce08c22f7777768ce4197eab9727516c,4a800301260b2639fa1ec3efafb5f86c,SO59987,10,BC-M005,1,10,5072507e949a2c25948a591c4da194e1
13606,ce08c22f7777768ce4197eab9727516c,4a800301260b2639fa1ec3efafb5f86c,SO59987,4640,BK-M68S-42,2,4640,5072507e949a2c25948a591c4da194e1
13606,ce08c22f7777768ce4197eab9727516c,4a800301260b2639fa1ec3efafb5f86c,SO59987,5,WB-H098,1,5,5072507e949a2c25948a591c4da194e1
13606,d7f57f35d2bad1349ca24a67a2635eea,5432d51ee94799c0125bb158c8a8bd22,SO74089,540,BK-R19B-48,1,540,1ba7e8cdf85da6cf5e11554703236b52
13607,86e0fc464cbb08ae74bd039224afec9a,38c9e5d1e366b4c5c36aae682bc960c4,SO72722,540,BK-R19B-52,1,540,8920fd63645007b243abb750709b1172
13607,86e0fc464cbb08ae74bd039224afec9a,38c9e5d1e366b4c5c36aae682bc960c4,SO72722,48,GL-H102-M,2,48,8920fd63645007b243abb750709b1172
13607,c0c3930df842a4775c91daa172fcc42d,9d0c5a1a95274b55fd3f6fd19fd273ae,SO44421,3578,BK-R93R-52,1,3578,179dd140475e65390a6f692d562104f8
13607,eef21e68ecca703bb338920b950f203c,f108e0cd2f96a0c22086f9d45ee08f19,SO60895,4640,BK-M68S-46,2,4640,b21e833d3ead6056f1265f13fe1ff015
13607,eef21e68ecca703bb338920b950f203c,f108e0cd2f96a0c22086f9d45ee08f19,SO60895,2,PK-7098,1,2,b21e833d3ead6056f1265f13fe1ff015
13608,8eb7a1b0dba9fdd5f4248b9cb6b9119b,9f1ff00ea8fd9fd8f2d421ba5ec45a18,SO68228,105,HL-U509,3,105,c7390752782466cfc9a3ed7d3a79e046
13608,8eb7a1b0dba9fdd5f4248b9cb6b9119b,9f1ff00ea8fd9fd8f2d421ba5ec45a18,SO68228,33,TI-R982,1,33,c7390752782466cfc9a3ed7d3a79e046
13608,8eb7a1b0dba9fdd5f4248b9cb6b9119b,9f1ff00ea8fd9fd8f2d421ba5ec45a18,SO68228,4,TT-R982,1,4,c7390752782466cfc9a3ed7d3a79e046
13609,23bd9a9b90557e9da7babfb8e3d2df22,b210069485754303767745919c328b97,SO63790,10,BC-M005,1,10,a946e75bc65318721cd1e01162d392dd
13609,fd5ba6fdeb81e07b2caf0b103489bd8d,e871b36e68b0b3d0af9c742d81fef27a,SO70975,55,HY-1023-70,1,55,17520f5649fab40fb66771362888cb90
13609,fd5ba6fdeb81e07b2caf0b103489bd8d,e871b36e68b0b3d0af9c742d81fef27a,SO70975,29,TI-T723,1,29,17520f5649fab40fb66771362888cb90
13609,fd5ba6fdeb81e07b2caf0b103489bd8d,e871b36e68b0b3d0af9c742d81fef27a,SO70975,5,TT-T092,1,5,17520f5649fab40fb66771362888cb90
13610,ac15b60491fe99190c0248790e690757,ab2e81a99745ffff6c06e2be93290d1b,SO54794,10,BC-M005,1,10,0c8ff735cb2b05718573c08173335fd4
13610,ac15b60491fe99190c0248790e690757,ab2e81a99745ffff6c06e2be93290d1b,SO54794,105,HL-U509-R,3,105,0c8ff735cb2b05718573c08173335fd4
13611,d612b5fb3f6011688fb0c9927693365a,3e107cd1554225ea3056ed5010adce90,SO74401,2,PK-7098,1,2,a1e59736d286765313b8212467dc64b2
13611,d612b5fb3f6011688fb0c9927693365a,3e107cd1554225ea3056ed5010adce90,SO74401,33,TI-R982,1,33,a1e59736d286765313b8212467dc64b2
13611,d612b5fb3f6011688fb0c9927693365a,3e107cd1554225ea3056ed5010adce90,SO74401,4,TT-R982,1,4,a1e59736d286765313b8212467dc64b2
13612,412998e77ee121227580e3d363f75fa2,df595e3c678d4fae23ce174fe747165e,SO59866,29,TI-T723,1,29,254d832c83ccdb2c33eab65a4fd196ff
13612,412998e77ee121227580e3d363f75fa2,df595e3c678d4fae23ce174fe747165e,SO59866,5,TT-T092,1,5,254d832c83ccdb2c33eab65a4fd196ff
13612,ca5b8307fa5f2189fb98330a9d65927c,88077cf01a3e17831c2d0bcca5897c5b,SO73987,10,BC-M005,1,10,5cbbe853aa1a5a1370f9a614904c4b15
13612,ca5b8307fa5f2189fb98330a9d65927c,88077cf01a3e17831c2d0bcca5897c5b,SO73987,105,HL-U509-B,3,105,5cbbe853aa1a5a1370f9a614904c4b15
13612,ca5b8307fa5f2189fb98330a9d65927c,88077cf01a3e17831c2d0bcca5897c5b,SO73987,5,WB-H098,1,5,5cbbe853aa1a5a1370f9a614904c4b15
13613,2becb9647677a1a316b388bbad689580,013f173c58073e845f675d26fdde1918,SO61376,8,CL-9009,1,8,0383d48e76cd8a3dfb9e2a890f2cac18
13613,4ddc8821c34bceaf3dba4a18741acca3,af1457846a79173ef71dd9d5dd69805a,SO61106,70,SH-W890-M,1,70,2d6e054ac82934d489c58cc8399a1628
13613,ad4fbe0c82c7e5968d4cf22c2ad19e28,72e75576254db1afef14ecdc050391c2,SO52672,2,PK-7098,1,2,f5933feadc49c253e4f0e77b236946e9
13613,ad4fbe0c82c7e5968d4cf22c2ad19e28,72e75576254db1afef14ecdc050391c2,SO52672,25,TI-M267,1,25,f5933feadc49c253e4f0e77b236946e9
13614,4584ca349e0920f4436a3c2f36158b85,6e32728b966bb91cefefa1316da21ca8,SO68472,2,PK-7098,1,2,ca38f30e56a72f4d0c8d2264322c5862
13614,4584ca349e0920f4436a3c2f36158b85,6e32728b966bb91cefefa1316da21ca8,SO68472,25,TI-M267,1,25,ca38f30e56a72f4d0c8d2264322c5862
13614,a8ef76a01442567fb64eb6f4408a9835,427ed6396fba4ed8ead9ec3229517d2b,SO56857,8,CL-9009,1,8,eba5233d2dd8ea5031e646882335ece0
13614,fde67888c64f701b59876ec559099b3e,6353a8421ee460b64f2c988cc72a8391,SO56802,70,SH-W890-S,1,70,4ceff7612cfa4420892fe23b23ca9265
13614,fde67888c64f701b59876ec559099b3e,6353a8421ee460b64f2c988cc72a8391,SO56802,9,SO-R809-L,1,9,4ceff7612cfa4420892fe23b23ca9265
13615,0383d48e76cd8a3dfb9e2a890f2cac18,d6fb379288416774d139632beb88e26b,SO60966,27,CA-1098,3,27,883b9b4170853b321c03290f64ba199f
13615,0383d48e76cd8a3dfb9e2a890f2cac18,d6fb379288416774d139632beb88e26b,SO60966,70,SH-W890-L,1,70,883b9b4170853b321c03290f64ba199f
13615,5e9b4970006d8f02ba0bc1763fa8b9a6,b2e85aa5f9c095607e638c7e6e2c694b,SO51931,8,CL-9009,1,8,ca510b577b53d588f80b4fc76030ea52
13615,70951886788165a5e2439adfce4d0cce,ca38f30e56a72f4d0c8d2264322c5862,SO68955,105,HL-U509,3,105,c885741a5e3e55c84950327011b70289
13615,70951886788165a5e2439adfce4d0cce,ca38f30e56a72f4d0c8d2264322c5862,SO68955,25,TI-M267,1,25,c885741a5e3e55c84950327011b70289
13616,3f72b837978dcd042b73e7270f11a4ca,83d1ed00595e79ee5ea3797e97970fe8,SO70309,2384,BK-T79Y-60,1,2384,99c8f306659fd98cbb9d7f03ec0c2a7a
13616,3f72b837978dcd042b73e7270f11a4ca,83d1ed00595e79ee5ea3797e97970fe8,SO70309,55,HY-1023-70,1,55,99c8f306659fd98cbb9d7f03ec0c2a7a
13616,3f72b837978dcd042b73e7270f11a4ca,83d1ed00595e79ee5ea3797e97970fe8,SO70309,29,TI-T723,1,29,99c8f306659fd98cbb9d7f03ec0c2a7a
13616,3f72b837978dcd042b73e7270f11a4ca,83d1ed00595e79ee5ea3797e97970fe8,SO70309,5,TT-T092,1,5,99c8f306659fd98cbb9d7f03ec0c2a7a
13616,59802186a17f07a81aa34b5b19aea33d,ceed546c67e37bbf1b77e495913e2f57,SO48916,4098,BK-M68B-38,2,4098,83e0911c7df633c9fad72d0a891f5e14
13616,7130adfd843cdcb6d0bcd9d13792693a,d1024973c3d10f08cb9fa1736e6ed8b7,SO63110,4640,BK-M68S-38,2,4640,f46ace11e93788e473124f7be16a19d5
13616,7130adfd843cdcb6d0bcd9d13792693a,d1024973c3d10f08cb9fa1736e6ed8b7,SO63110,8,CL-9009,1,8,f46ace11e93788e473124f7be16a19d5
13616,7130adfd843cdcb6d0bcd9d13792693a,d1024973c3d10f08cb9fa1736e6ed8b7,SO63110,22,FE-6654,1,22,f46ace11e93788e473124f7be16a19d5
13617,128ee9ff420de424a605a0ee4a6f7916,fee8e08233f3f00450bce31967abb0f1,SO71359,150,LJ-0192-L,3,150,2797a91b25bc2aa85124c99bc574dc83
13617,128ee9ff420de424a605a0ee4a6f7916,fee8e08233f3f00450bce31967abb0f1,SO71359,4,TT-R982,1,4,2797a91b25bc2aa85124c99bc574dc83
13617,5728955fc583cbfd901d0ba25cb20f92,db10519e66d9a7b809b91935ad1a696d,SO74844,25,TI-M267,1,25,01e8942a5792053a553c4612bd6c06a6
13617,fda052162862bb845297063fd71a580c,1678083e7ff90bd404baad3f60bffa37,SO56386,8,CL-9009,1,8,a2c49941411089cb2a9cbf78cb803c26
13617,fda052162862bb845297063fd71a580c,1678083e7ff90bd404baad3f60bffa37,SO56386,55,HY-1023-70,1,55,a2c49941411089cb2a9cbf78cb803c26
13618,3d2f1a711567258a8d30dab6a6dbd8f6,2324aa49dea31d140d6701555edd756c,SO48890,4098,BK-M68B-38,2,4098,99ceae0afd3bddfab39f9341c7fd7a90
13618,9913e55755fcc4267a06c1e6adbbc7fb,4a70a3ec50fd16032883bf6fc79c55dd,SO61911,4590,BK-M68B-42,2,4590,d53f9d33cac0a297449a74a10d031570
13618,a9cd7a99d71cca9cb644010050374ade,3db19f5f710f10e90ecc7154c649d60a,SO71771,2384,BK-T79U-46,1,2384,128ee9ff420de424a605a0ee4a6f7916
13618,a9cd7a99d71cca9cb644010050374ade,3db19f5f710f10e90ecc7154c649d60a,SO71771,105,HL-U509-B,3,105,128ee9ff420de424a605a0ee4a6f7916
13619,5621f5e25d40f729483fc0a25664bcc3,76b32549988cdcac2435e968471f4954,SO48961,4098,BK-M68B-38,2,4098,cfa82f31e4639f537cf9d0fe9050f93b
13619,58c4ce5b9433e7b6d41793d5a76d5590,1556bafff387fc8f2f6fef64c1daa6bc,SO71350,9,BC-R205,1,9,fd5ba6fdeb81e07b2caf0b103489bd8d
13619,58c4ce5b9433e7b6d41793d5a76d5590,1556bafff387fc8f2f6fef64c1daa6bc,SO71350,2384,BK-T79U-60,1,2384,fd5ba6fdeb81e07b2caf0b103489bd8d
13619,58c4ce5b9433e7b6d41793d5a76d5590,1556bafff387fc8f2f6fef64c1daa6bc,SO71350,105,HL-U509-R,3,105,fd5ba6fdeb81e07b2caf0b103489bd8d
13619,58c4ce5b9433e7b6d41793d5a76d5590,1556bafff387fc8f2f6fef64c1daa6bc,SO71350,5,WB-H098,1,5,fd5ba6fdeb81e07b2caf0b103489bd8d
13619,5efefff01843f5aa3f7d8a4d44b4bf2e,922d04aa1f67bbe0270bfad98508f43e,SO62567,4590,BK-M68B-46,2,4590,db2f6a564b6f5f41253c68874b50962b
13619,5efefff01843f5aa3f7d8a4d44b4bf2e,922d04aa1f67bbe0270bfad98508f43e,SO62567,27,CA-1098,3,27,db2f6a564b6f5f41253c68874b50962b
13619,5efefff01843f5aa3f7d8a4d44b4bf2e,922d04aa1f67bbe0270bfad98508f43e,SO62567,22,FE-6654,1,22,db2f6a564b6f5f41253c68874b50962b
13620,870bd4f3713260418e4f342f31dc7e33,94c60e0b5e2b0f78b919a5d4c67d70a2,SO62933,4590,BK-M68B-38,2,4590,2fe1a028f9398deb2efcd536c8246fae
13620,870bd4f3713260418e4f342f31dc7e33,94c60e0b5e2b0f78b919a5d4c67d70a2,SO62933,8,CL-9009,1,8,2fe1a028f9398deb2efcd536c8246fae
13620,870bd4f3713260418e4f342f31dc7e33,94c60e0b5e2b0f78b919a5d4c67d70a2,SO62933,22,FE-6654,1,22,2fe1a028f9398deb2efcd536c8246fae
13620,870bd4f3713260418e4f342f31dc7e33,94c60e0b5e2b0f78b919a5d4c67d70a2,SO62933,55,HY-1023-70,1,55,2fe1a028f9398deb2efcd536c8246fae
13620,99ceae0afd3bddfab39f9341c7fd7a90,5881f2ec92a43470fcbe3d3477a2a1fe,SO48845,4098,BK-M68B-46,2,4098,6c1f25b149f7224c4de256ef6e37c951
13620,a9adf65abbb865184bf924d14a93d0c4,ec24e4cf9fcc90f3bbe81b2fb3735c21,SO70750,2384,BK-T79U-46,1,2384,e0cd1349b4c6e1b5f14ed427e358c2d0
13620,a9adf65abbb865184bf924d14a93d0c4,ec24e4cf9fcc90f3bbe81b2fb3735c21,SO70750,105,HL-U509-B,3,105,e0cd1349b4c6e1b5f14ed427e358c2d0
13621,290499d9b8e65db426ba9b842714eb6d,606ed413481267c98754e3351f662859,SO62632,70,SH-W890-M,1,70,d1024973c3d10f08cb9fa1736e6ed8b7
13621,c87874400b9f907bdf9ea37d75a4b341,23bd9a9b90557e9da7babfb8e3d2df22,SO64535,8,CL-9009,1,8,8b9fe4b34e3c54f08bfcac3d9691e260
13621,e82ca4c6beebe812f10fa1041b97a160,9d934f91c460e9947414d00048f2fa36,SO66023,48,GL-H102-M,2,48,6d1d8a1c7851eb5a946d45009cea6d9f
13621,e82ca4c6beebe812f10fa1041b97a160,9d934f91c460e9947414d00048f2fa36,SO66023,105,HL-U509-B,3,105,6d1d8a1c7851eb5a946d45009cea6d9f
13621,e82ca4c6beebe812f10fa1041b97a160,9d934f91c460e9947414d00048f2fa36,SO66023,25,TI-M267,1,25,6d1d8a1c7851eb5a946d45009cea6d9f
13621,e82ca4c6beebe812f10fa1041b97a160,9d934f91c460e9947414d00048f2fa36,SO66023,5,TT-M928,1,5,6d1d8a1c7851eb5a946d45009cea6d9f
13622,2fe1a028f9398deb2efcd536c8246fae,9913e55755fcc4267a06c1e6adbbc7fb,SO62621,4590,BK-M68B-38,2,4590,8dd08d219271ec96c543f486de430703
13622,2fe1a028f9398deb2efcd536c8246fae,9913e55755fcc4267a06c1e6adbbc7fb,SO62621,22,FE-6654,1,22,8dd08d219271ec96c543f486de430703
13622,ceed546c67e37bbf1b77e495913e2f57,f3393c2fcf78ad71519178f1876f05b3,SO48819,4142,BK-M68S-38,2,4142,43a48533e5870a15f120f16375636633
13622,ec24e4cf9fcc90f3bbe81b2fb3735c21,c4369eefdf9bb8a3f9115e96b40aaf17,SO69864,2384,BK-T79U-46,1,2384,f06fd077b6afc2d69af6e1e548da266d
13622,ec24e4cf9fcc90f3bbe81b2fb3735c21,c4369eefdf9bb8a3f9115e96b40aaf17,SO69864,105,HL-U509-R,3,105,f06fd077b6afc2d69af6e1e548da266d
13622,ec24e4cf9fcc90f3bbe81b2fb3735c21,c4369eefdf9bb8a3f9115e96b40aaf17,SO69864,29,TI-T723,1,29,f06fd077b6afc2d69af6e1e548da266d
13622,ec24e4cf9fcc90f3bbe81b2fb3735c21,c4369eefdf9bb8a3f9115e96b40aaf17,SO69864,5,TT-T092,1,5,f06fd077b6afc2d69af6e1e548da266d
13623,0383d48e76cd8a3dfb9e2a890f2cac18,d6fb379288416774d139632beb88e26b,SO60968,4,TT-R982,1,4,883b9b4170853b321c03290f64ba199f
13623,702a02712215141594ddf8e52b0a651c,cd15e5f80ff20dd345bfaa51400dd0d6,SO67485,8,CL-9009,1,8,caa707f97407c07371136aaf471a91d4
13623,702a02712215141594ddf8e52b0a651c,cd15e5f80ff20dd345bfaa51400dd0d6,SO67485,2,PK-7098,1,2,caa707f97407c07371136aaf471a91d4
13623,702a02712215141594ddf8e52b0a651c,cd15e5f80ff20dd345bfaa51400dd0d6,SO67485,25,TI-M267,1,25,caa707f97407c07371136aaf471a91d4
13623,702a02712215141594ddf8e52b0a651c,cd15e5f80ff20dd345bfaa51400dd0d6,SO67485,5,TT-M928,1,5,caa707f97407c07371136aaf471a91d4
13623,b0950d12c62d3aeda81b2e8d06f2aef4,e366e24b8ad0b1107528f2f58cd15a81,SO73345,55,HY-1023-70,1,55,a048b8d5f3f9178f163e2be055f0138b
13624,4c6ed4daa82e7326b84c24f4c2ae7064,b2ce0ef2540789e8a6976165b6c917d8,SO73264,55,HY-1023-70,1,55,aa14ddbc43aa2d3be1e6ac019bb7b5bc
13624,db10519e66d9a7b809b91935ad1a696d,d7f57f35d2bad1349ca24a67a2635eea,SO74475,4,TT-R982,1,4,6583882ca853d66524856501b27519f5
13624,f476906875bc5d9abe836b4ea1f485c1,f04e53711455521533f4c5ed7dcaa287,SO53136,105,HL-U509,3,105,15aceb75d86814cb479f1b1a9487c3d4
13624,f476906875bc5d9abe836b4ea1f485c1,f04e53711455521533f4c5ed7dcaa287,SO53136,25,TI-M267,1,25,15aceb75d86814cb479f1b1a9487c3d4
13625,4cc27df81afd686c0420394e090460cb,39ff8ac1e8a44088f96e17b846ec8baf,SO61309,4640,BK-M68S-42,2,4640,6477c205c5117a9448ba863e111acf32
13625,4cc27df81afd686c0420394e090460cb,39ff8ac1e8a44088f96e17b846ec8baf,SO61309,120,RA-H123,1,120,6477c205c5117a9448ba863e111acf32
13625,8728a5e296f39e49d2fa74c31820e99f,66e56e10b0f528b66a45e307ecdf4774,SO69658,2384,BK-T79U-60,1,2384,3fe686907939d07097f6c87f08025422
13625,8728a5e296f39e49d2fa74c31820e99f,66e56e10b0f528b66a45e307ecdf4774,SO69658,105,HL-U509-B,3,105,3fe686907939d07097f6c87f08025422
13625,8728a5e296f39e49d2fa74c31820e99f,66e56e10b0f528b66a45e307ecdf4774,SO69658,54,SJ-0194-L,1,54,3fe686907939d07097f6c87f08025422
13625,b0a28b9424a894b803da41df596f0291,83e0911c7df633c9fad72d0a891f5e14,SO48971,4098,BK-M68B-46,2,4098,dbd014c6041b3624cb17ead892c37e4d
13626,922d04aa1f67bbe0270bfad98508f43e,0383d48e76cd8a3dfb9e2a890f2cac18,SO61842,10,BC-M005,1,10,76918877cf6ce7011018cd9708723392
13626,922d04aa1f67bbe0270bfad98508f43e,0383d48e76cd8a3dfb9e2a890f2cac18,SO61842,4590,BK-M68B-42,2,4590,76918877cf6ce7011018cd9708723392
13626,922d04aa1f67bbe0270bfad98508f43e,0383d48e76cd8a3dfb9e2a890f2cac18,SO61842,22,FE-6654,1,22,76918877cf6ce7011018cd9708723392
13626,922d04aa1f67bbe0270bfad98508f43e,0383d48e76cd8a3dfb9e2a890f2cac18,SO61842,55,HY-1023-70,1,55,76918877cf6ce7011018cd9708723392
13626,922d04aa1f67bbe0270bfad98508f43e,0383d48e76cd8a3dfb9e2a890f2cac18,SO61842,5,WB-H098,1,5,76918877cf6ce7011018cd9708723392
13626,95c18655480c149d1174efe4e25df34e,6c1f25b149f7224c4de256ef6e37c951,SO48908,4098,BK-M68B-46,2,4098,76b32549988cdcac2435e968471f4954
13626,a9adf65abbb865184bf924d14a93d0c4,ec24e4cf9fcc90f3bbe81b2fb3735c21,SO70751,2384,BK-T79U-46,1,2384,e0cd1349b4c6e1b5f14ed427e358c2d0
13626,a9adf65abbb865184bf924d14a93d0c4,ec24e4cf9fcc90f3bbe81b2fb3735c21,SO70751,105,HL-U509-R,3,105,e0cd1349b4c6e1b5f14ed427e358c2d0
13626,a9adf65abbb865184bf924d14a93d0c4,ec24e4cf9fcc90f3bbe81b2fb3735c21,SO70751,54,SJ-0194-M,1,54,e0cd1349b4c6e1b5f14ed427e358c2d0
13627,106dfbaf552c07a1b08d065f2c343982,3f20f21c57e09a6c071e44d1fe74b58a,SO54534,27,CA-1098,3,27,dba3e44e23a1d2c2f299811e94db7fce
13627,106dfbaf552c07a1b08d065f2c343982,3f20f21c57e09a6c071e44d1fe74b58a,SO54534,54,SJ-0194-X,1,54,dba3e44e23a1d2c2f299811e94db7fce
13627,106dfbaf552c07a1b08d065f2c343982,3f20f21c57e09a6c071e44d1fe74b58a,SO54534,4,TT-R982,1,4,dba3e44e23a1d2c2f299811e94db7fce
13627,5a06908cc28b799b04fc1c47664462e6,da9c4ba6c9a1ae8725389bfd38b5763a,SO54717,2,PK-7098,1,2,6d338b8c41c717c4336ad0084a80dca4
13627,5a06908cc28b799b04fc1c47664462e6,da9c4ba6c9a1ae8725389bfd38b5763a,SO54717,25,TI-M267,1,25,6d338b8c41c717c4336ad0084a80dca4
13627,8f472ffe3ff3109f420ae91355ff8f3f,e0cd1349b4c6e1b5f14ed427e358c2d0,SO71159,120,RA-H123,1,120,8fa3bab223bec6501ad71f96bb1067b6
13628,02b96ab6e0935145589be4e1408a1675,58f0b42da53adeeccbfa693883fea672,SO65335,120,RA-H123,1,120,b68fd63ca41d49bfc1b18251202c053f
13628,73a69a5c77a7d23172e54d7ce07a638e,5a06908cc28b799b04fc1c47664462e6,SO55456,2,PK-7098,1,2,41fc4cb27e0ee552c4c9247e1a476cc5
13628,73a69a5c77a7d23172e54d7ce07a638e,5a06908cc28b799b04fc1c47664462e6,SO55456,25,TI-M267,1,25,41fc4cb27e0ee552c4c9247e1a476cc5
13628,73a69a5c77a7d23172e54d7ce07a638e,5a06908cc28b799b04fc1c47664462e6,SO55456,5,TT-M928,1,5,41fc4cb27e0ee552c4c9247e1a476cc5
13628,caa707f97407c07371136aaf471a91d4,4efe8b2ca156042f8a3d8dd6aba54520,SO67086,105,HL-U509-B,3,105,058af5b2a408d57b708367e5bf4e9d9c
13628,caa707f97407c07371136aaf471a91d4,4efe8b2ca156042f8a3d8dd6aba54520,SO67086,4,TT-R982,1,4,058af5b2a408d57b708367e5bf4e9d9c
13629,6a8d7e42bb852c45fbf8610361d391a0,3f72b837978dcd042b73e7270f11a4ca,SO71151,2384,BK-T79U-50,1,2384,49fce086a31f1cfcf16b54e462f7cbc0
13629,6a8d7e42bb852c45fbf8610361d391a0,3f72b837978dcd042b73e7270f11a4ca,SO71151,29,TI-T723,1,29,49fce086a31f1cfcf16b54e462f7cbc0
13629,9913e55755fcc4267a06c1e6adbbc7fb,4a70a3ec50fd16032883bf6fc79c55dd,SO61912,4640,BK-M68S-46,2,4640,d53f9d33cac0a297449a74a10d031570
13629,9913e55755fcc4267a06c1e6adbbc7fb,4a70a3ec50fd16032883bf6fc79c55dd,SO61912,22,FE-6654,1,22,d53f9d33cac0a297449a74a10d031570
13629,9913e55755fcc4267a06c1e6adbbc7fb,4a70a3ec50fd16032883bf6fc79c55dd,SO61912,105,HL-U509-R,3,105,d53f9d33cac0a297449a74a10d031570
13629,9913e55755fcc4267a06c1e6adbbc7fb,4a70a3ec50fd16032883bf6fc79c55dd,SO61912,150,LJ-0192-S,3,150,d53f9d33cac0a297449a74a10d031570
13629,b0a28b9424a894b803da41df596f0291,83e0911c7df633c9fad72d0a891f5e14,SO48972,4098,BK-M68B-42,2,4098,dbd014c6041b3624cb17ead892c37e4d
13630,6c1f25b149f7224c4de256ef6e37c951,4d547de074f47405ab655adca639c8c2,SO48812,4142,BK-M68S-46,2,4142,e41e8ee2e2795c7c1363a9f5054d57d7
13630,870bd4f3713260418e4f342f31dc7e33,94c60e0b5e2b0f78b919a5d4c67d70a2,SO62934,10,BC-M005,1,10,2fe1a028f9398deb2efcd536c8246fae
13630,870bd4f3713260418e4f342f31dc7e33,94c60e0b5e2b0f78b919a5d4c67d70a2,SO62934,4590,BK-M68B-38,2,4590,2fe1a028f9398deb2efcd536c8246fae
13630,870bd4f3713260418e4f342f31dc7e33,94c60e0b5e2b0f78b919a5d4c67d70a2,SO62934,22,FE-6654,1,22,2fe1a028f9398deb2efcd536c8246fae
13630,870bd4f3713260418e4f342f31dc7e33,94c60e0b5e2b0f78b919a5d4c67d70a2,SO62934,2,PK-7098,1,2,2fe1a028f9398deb2efcd536c8246fae
13630,870bd4f3713260418e4f342f31dc7e33,94c60e0b5e2b0f78b919a5d4c67d70a2,SO62934,35,TI-M823,1,35,2fe1a028f9398deb2efcd536c8246fae
13630,870bd4f3713260418e4f342f31dc7e33,94c60e0b5e2b0f78b919a5d4c67d70a2,SO62934,5,WB-H098,1,5,2fe1a028f9398deb2efcd536c8246fae
13630,95a2a9aefc393f8630e934768cacf4cd,8f472ffe3ff3109f420ae91355ff8f3f,SO72184,2384,BK-T79Y-50,1,2384,38c9e5d1e366b4c5c36aae682bc960c4
13631,2fe1a028f9398deb2efcd536c8246fae,9913e55755fcc4267a06c1e6adbbc7fb,SO62622,4590,BK-M68B-46,2,4590,8dd08d219271ec96c543f486de430703
13631,2fe1a028f9398deb2efcd536c8246fae,9913e55755fcc4267a06c1e6adbbc7fb,SO62622,105,HL-U509-R,3,105,8dd08d219271ec96c543f486de430703
13631,2fe1a028f9398deb2efcd536c8246fae,9913e55755fcc4267a06c1e6adbbc7fb,SO62622,35,TI-M823,1,35,8dd08d219271ec96c543f486de430703
13631,2fe1a028f9398deb2efcd536c8246fae,9913e55755fcc4267a06c1e6adbbc7fb,SO62622,5,TT-M928,1,5,8dd08d219271ec96c543f486de430703
13631,5cbbe853aa1a5a1370f9a614904c4b15,86e0fc464cbb08ae74bd039224afec9a,SO73640,9,BC-R205,1,9,47a161474962a6dcc03cfa64127a641f
13631,5cbbe853aa1a5a1370f9a614904c4b15,86e0fc464cbb08ae74bd039224afec9a,SO73640,2384,BK-T79Y-54,1,2384,47a161474962a6dcc03cfa64127a641f
13631,5cbbe853aa1a5a1370f9a614904c4b15,86e0fc464cbb08ae74bd039224afec9a,SO73640,5,WB-H098,1,5,47a161474962a6dcc03cfa64127a641f
13631,6c1f25b149f7224c4de256ef6e37c951,4d547de074f47405ab655adca639c8c2,SO48813,4098,BK-M68B-46,2,4098,e41e8ee2e2795c7c1363a9f5054d57d7
13632,305c66634c155cab2b5cc3ce00351eb1,2becb9647677a1a316b388bbad689580,SO62143,4640,BK-M68S-38,2,4640,922d04aa1f67bbe0270bfad98508f43e
13632,4c6ed4daa82e7326b84c24f4c2ae7064,b2ce0ef2540789e8a6976165b6c917d8,SO73337,2384,BK-T79Y-46,1,2384,aa14ddbc43aa2d3be1e6ac019bb7b5bc
13632,4c6ed4daa82e7326b84c24f4c2ae7064,b2ce0ef2540789e8a6976165b6c917d8,SO73337,27,CA-1098,3,27,aa14ddbc43aa2d3be1e6ac019bb7b5bc
13632,4c6ed4daa82e7326b84c24f4c2ae7064,b2ce0ef2540789e8a6976165b6c917d8,SO73337,54,SJ-0194-M,1,54,aa14ddbc43aa2d3be1e6ac019bb7b5bc
13632,86e8658344547a7d34cd2bcd4750bd8f,8b4b8fc84396c30bd5bacc7370e1491c,SO48984,4142,BK-M68S-42,2,4142,74245d8f0073f388c4be6464c8e2f29f
13633,290499d9b8e65db426ba9b842714eb6d,606ed413481267c98754e3351f662859,SO62677,4590,BK-M68B-38,2,4590,d1024973c3d10f08cb9fa1736e6ed8b7
13633,290499d9b8e65db426ba9b842714eb6d,606ed413481267c98754e3351f662859,SO62677,105,HL-U509-B,3,105,d1024973c3d10f08cb9fa1736e6ed8b7
13633,290499d9b8e65db426ba9b842714eb6d,606ed413481267c98754e3351f662859,SO62677,35,TI-M823,1,35,d1024973c3d10f08cb9fa1736e6ed8b7
13633,290499d9b8e65db426ba9b842714eb6d,606ed413481267c98754e3351f662859,SO62677,5,TT-M928,1,5,d1024973c3d10f08cb9fa1736e6ed8b7
13633,3032fcbd695819ad7b6723a9cd53f277,95c18655480c149d1174efe4e25df34e,SO49006,4098,BK-M68B-42,2,4098,5621f5e25d40f729483fc0a25664bcc3
13633,c5ed53572c667b119dde2fc0f54de602,0d3057f268050d468f468434f8ec809a,SO72848,2384,BK-T79Y-54,1,2384,e366e24b8ad0b1107528f2f58cd15a81
13634,3e107cd1554225ea3056ed5010adce90,aa14ddbc43aa2d3be1e6ac019bb7b5bc,SO73801,9,SO-R809-M,1,9,43e2cc7ff261723f93f64f3f7e9faa8d
13634,3e107cd1554225ea3056ed5010adce90,aa14ddbc43aa2d3be1e6ac019bb7b5bc,SO73801,4,TT-R982,1,4,43e2cc7ff261723f93f64f3f7e9faa8d
13634,93ddc10d6cf61153011df052aa76671f,7299e51cfc0d5174743a6701a8a96488,SO65632,22,FE-6654,1,22,02b96ab6e0935145589be4e1408a1675
13634,93ddc10d6cf61153011df052aa76671f,7299e51cfc0d5174743a6701a8a96488,SO65632,150,LJ-0192-M,3,150,02b96ab6e0935145589be4e1408a1675
13634,93ddc10d6cf61153011df052aa76671f,7299e51cfc0d5174743a6701a8a96488,SO65632,25,TI-M267,1,25,02b96ab6e0935145589be4e1408a1675
13634,93ddc10d6cf61153011df052aa76671f,7299e51cfc0d5174743a6701a8a96488,SO65632,5,TT-M928,1,5,02b96ab6e0935145589be4e1408a1675
13634,e366e24b8ad0b1107528f2f58cd15a81,921bc92a493b53f98f24e6a8a12801be,SO72448,120,RA-H123,1,120,c83e871e48c2716e0f28e60d166a5c98
13635,72e75576254db1afef14ecdc050391c2,20b851db79828c985958154243411278,SO52068,2,PK-7098,1,2,0b80ce5eab877cae9997209e0bee6e60
13635,72e75576254db1afef14ecdc050391c2,20b851db79828c985958154243411278,SO52068,25,TI-M267,1,25,0b80ce5eab877cae9997209e0bee6e60
13635,72e75576254db1afef14ecdc050391c2,20b851db79828c985958154243411278,SO52068,5,TT-M928,1,5,0b80ce5eab877cae9997209e0bee6e60
13635,9592b44e2c3f304a9875f45537bec6eb,a9cd7a99d71cca9cb644010050374ade,SO72735,120,RA-H123,1,120,b2ce0ef2540789e8a6976165b6c917d8
13635,ca5b8307fa5f2189fb98330a9d65927c,88077cf01a3e17831c2d0bcca5897c5b,SO73950,48,GL-H102-S,2,48,5cbbe853aa1a5a1370f9a614904c4b15
13635,ca5b8307fa5f2189fb98330a9d65927c,88077cf01a3e17831c2d0bcca5897c5b,SO73950,105,HL-U509-B,3,105,5cbbe853aa1a5a1370f9a614904c4b15
13635,ca5b8307fa5f2189fb98330a9d65927c,88077cf01a3e17831c2d0bcca5897c5b,SO73950,4,TT-R982,1,4,5cbbe853aa1a5a1370f9a614904c4b15
13636,0d3057f268050d468f468434f8ec809a,fd5ba6fdeb81e07b2caf0b103489bd8d,SO72000,2384,BK-T79Y-46,1,2384,921bc92a493b53f98f24e6a8a12801be
13636,0d3057f268050d468f468434f8ec809a,fd5ba6fdeb81e07b2caf0b103489bd8d,SO72000,54,SJ-0194-X,1,54,921bc92a493b53f98f24e6a8a12801be
13636,59802186a17f07a81aa34b5b19aea33d,ceed546c67e37bbf1b77e495913e2f57,SO48917,4142,BK-M68S-46,2,4142,83e0911c7df633c9fad72d0a891f5e14
13636,db2f6a564b6f5f41253c68874b50962b,76918877cf6ce7011018cd9708723392,SO62277,4640,BK-M68S-46,2,4640,606ed413481267c98754e3351f662859
13636,db2f6a564b6f5f41253c68874b50962b,76918877cf6ce7011018cd9708723392,SO62277,2,PK-7098,1,2,606ed413481267c98754e3351f662859
13637,1ba7e8cdf85da6cf5e11554703236b52,9592b44e2c3f304a9875f45537bec6eb,SO73715,9,BC-R205,1,9,4c6ed4daa82e7326b84c24f4c2ae7064
13637,1ba7e8cdf85da6cf5e11554703236b52,9592b44e2c3f304a9875f45537bec6eb,SO73715,2384,BK-T79Y-54,1,2384,4c6ed4daa82e7326b84c24f4c2ae7064
13637,1ba7e8cdf85da6cf5e11554703236b52,9592b44e2c3f304a9875f45537bec6eb,SO73715,105,HL-U509-B,3,105,4c6ed4daa82e7326b84c24f4c2ae7064
13637,1ba7e8cdf85da6cf5e11554703236b52,9592b44e2c3f304a9875f45537bec6eb,SO73715,5,WB-H098,1,5,4c6ed4daa82e7326b84c24f4c2ae7064
13637,3032fcbd695819ad7b6723a9cd53f277,95c18655480c149d1174efe4e25df34e,SO49007,4098,BK-M68B-46,2,4098,5621f5e25d40f729483fc0a25664bcc3
13637,305c66634c155cab2b5cc3ce00351eb1,2becb9647677a1a316b388bbad689580,SO62145,4590,BK-M68B-42,2,4590,922d04aa1f67bbe0270bfad98508f43e
13638,41ef6b06b63ba4f6a5234245a439b157,c4c454d69a39e60a6f5cf2f97148adad,SO72640,2384,BK-T79U-50,1,2384,545a3d56d20b22e09aa85bfa5ed8738d
13638,41ef6b06b63ba4f6a5234245a439b157,c4c454d69a39e60a6f5cf2f97148adad,SO72640,105,HL-U509-B,3,105,545a3d56d20b22e09aa85bfa5ed8738d
13638,59802186a17f07a81aa34b5b19aea33d,ceed546c67e37bbf1b77e495913e2f57,SO48918,4098,BK-M68B-46,2,4098,83e0911c7df633c9fad72d0a891f5e14
13638,b210069485754303767745919c328b97,305c66634c155cab2b5cc3ce00351eb1,SO62865,10,BC-M005,1,10,5efefff01843f5aa3f7d8a4d44b4bf2e
13638,b210069485754303767745919c328b97,305c66634c155cab2b5cc3ce00351eb1,SO62865,4590,BK-M68B-38,2,4590,5efefff01843f5aa3f7d8a4d44b4bf2e
13638,b210069485754303767745919c328b97,305c66634c155cab2b5cc3ce00351eb1,SO62865,54,SJ-0194-X,1,54,5efefff01843f5aa3f7d8a4d44b4bf2e
13638,b210069485754303767745919c328b97,305c66634c155cab2b5cc3ce00351eb1,SO62865,5,WB-H098,1,5,5efefff01843f5aa3f7d8a4d44b4bf2e
13639,629ffff971d10f275a79a70fae527fbc,d6ab5a0eee939524352092b964d92b84,SO55972,105,HL-U509-R,3,105,3c1811b546060d91957cc446aabc4a3c
13639,629ffff971d10f275a79a70fae527fbc,d6ab5a0eee939524352092b964d92b84,SO55972,25,TI-M267,1,25,3c1811b546060d91957cc446aabc4a3c
13639,629ffff971d10f275a79a70fae527fbc,d6ab5a0eee939524352092b964d92b84,SO55972,5,TT-M928,1,5,3c1811b546060d91957cc446aabc4a3c
13639,b21e833d3ead6056f1265f13fe1ff015,7983129d9883ebc3b9dce3311996b001,SO60569,120,RA-H123,1,120,4804ee33768b143d9706052696f7dfbd
13639,c375f33d72ca7161f341c2726e82d67a,9f79f7706bc6a7654ef0b8977966f69a,SO52728,4,TT-R982,1,4,0dc34ca2aaa8612cde077f1880b78b25
13640,6d338b8c41c717c4336ad0084a80dca4,9223b53f03a405f817e91392f0294f6a,SO54432,2,PK-7098,1,2,40e7dd73b09eac540e790daf6fac41af
13640,6d338b8c41c717c4336ad0084a80dca4,9223b53f03a405f817e91392f0294f6a,SO54432,25,TI-M267,1,25,40e7dd73b09eac540e790daf6fac41af
13640,6d338b8c41c717c4336ad0084a80dca4,9223b53f03a405f817e91392f0294f6a,SO54432,5,TT-M928,1,5,40e7dd73b09eac540e790daf6fac41af
13640,86bfb8ffc7a79e52d833cedce4d275bf,962bae2fb03296a3b9cacabfa929322c,SO70169,105,HL-U509,3,105,ec24e4cf9fcc90f3bbe81b2fb3735c21
13640,86bfb8ffc7a79e52d833cedce4d275bf,962bae2fb03296a3b9cacabfa929322c,SO70169,4,TT-R982,1,4,ec24e4cf9fcc90f3bbe81b2fb3735c21
13641,106dfbaf552c07a1b08d065f2c343982,3f20f21c57e09a6c071e44d1fe74b58a,SO54532,48,GL-H102-L,2,48,dba3e44e23a1d2c2f299811e94db7fce
13641,106dfbaf552c07a1b08d065f2c343982,3f20f21c57e09a6c071e44d1fe74b58a,SO54532,105,HL-U509-R,3,105,dba3e44e23a1d2c2f299811e94db7fce
13641,106dfbaf552c07a1b08d065f2c343982,3f20f21c57e09a6c071e44d1fe74b58a,SO54532,54,SJ-0194-S,1,54,dba3e44e23a1d2c2f299811e94db7fce
13641,106dfbaf552c07a1b08d065f2c343982,3f20f21c57e09a6c071e44d1fe74b58a,SO54532,4,TT-R982,1,4,dba3e44e23a1d2c2f299811e94db7fce
13641,5072507e949a2c25948a591c4da194e1,a189cc17a15cdb4e39e80dfcd8374c76,SO59652,2,PK-7098,1,2,ad0b7f5ad35732646f1e5f67418d5995
13641,5072507e949a2c25948a591c4da194e1,a189cc17a15cdb4e39e80dfcd8374c76,SO59652,25,TI-M267,1,25,ad0b7f5ad35732646f1e5f67418d5995
13642,5e1b952a22eccca86f7f056a9efb42a4,a8ef76a01442567fb64eb6f4408a9835,SO57693,25,TI-M267,1,25,40883861f6e25a2e09e848a7891f4f38
13642,5e1b952a22eccca86f7f056a9efb42a4,a8ef76a01442567fb64eb6f4408a9835,SO57693,5,TT-M928,1,5,40883861f6e25a2e09e848a7891f4f38
13642,eba6cab7267f82e3b2a063d5ea445bb9,73b2264d673ee7b5b2e7e165020516ac,SO58026,150,LJ-0192-S,3,150,02ad1a5ca18e58629b8c1d6a6401d071
13643,95a2a9aefc393f8630e934768cacf4cd,8f472ffe3ff3109f420ae91355ff8f3f,SO72185,2384,BK-T79Y-54,1,2384,38c9e5d1e366b4c5c36aae682bc960c4
13643,95a2a9aefc393f8630e934768cacf4cd,8f472ffe3ff3109f420ae91355ff8f3f,SO72185,9,SO-R809-L,1,9,38c9e5d1e366b4c5c36aae682bc960c4
13643,a426a338561351b3011d85cfc86bf781,12b1840e7453d3f4221dc0d69006ef40,SO48854,4142,BK-M68S-42,2,4142,ceed546c67e37bbf1b77e495913e2f57
13643,f46ace11e93788e473124f7be16a19d5,5c741aa8e0753be65314a304e7b39c14,SO62809,10,BC-M005,1,10,4555f65c4664801d78b9f5477f89d8fd
13643,f46ace11e93788e473124f7be16a19d5,5c741aa8e0753be65314a304e7b39c14,SO62809,4640,BK-M68S-46,2,4640,4555f65c4664801d78b9f5477f89d8fd
13643,f46ace11e93788e473124f7be16a19d5,5c741aa8e0753be65314a304e7b39c14,SO62809,5,WB-H098,1,5,4555f65c4664801d78b9f5477f89d8fd
13644,95103530881768b5cfc7e33970db9cd7,2ed3972e38245b633ec6b146c2970148,SO62459,4640,BK-M68S-46,2,4640,305c66634c155cab2b5cc3ce00351eb1
13644,9795c57676ee8b8b6ba9a6f9014a520b,c5ed53572c667b119dde2fc0f54de602,SO73787,2384,BK-T79Y-60,1,2384,b0950d12c62d3aeda81b2e8d06f2aef4
13644,9795c57676ee8b8b6ba9a6f9014a520b,c5ed53572c667b119dde2fc0f54de602,SO73787,105,HL-U509-R,3,105,b0950d12c62d3aeda81b2e8d06f2aef4
13644,9795c57676ee8b8b6ba9a6f9014a520b,c5ed53572c667b119dde2fc0f54de602,SO73787,54,SJ-0194-X,1,54,b0950d12c62d3aeda81b2e8d06f2aef4
13644,dbd014c6041b3624cb17ead892c37e4d,0c1f008e577b55c7f8b72ceeae17ff1c,SO48936,4142,BK-M68S-38,2,4142,3d2f1a711567258a8d30dab6a6dbd8f6
13645,47a161474962a6dcc03cfa64127a641f,8920fd63645007b243abb750709b1172,SO73254,9,BC-R205,1,9,c5ed53572c667b119dde2fc0f54de602
13645,47a161474962a6dcc03cfa64127a641f,8920fd63645007b243abb750709b1172,SO73254,2384,BK-T79Y-54,1,2384,c5ed53572c667b119dde2fc0f54de602
13645,47a161474962a6dcc03cfa64127a641f,8920fd63645007b243abb750709b1172,SO73254,5,WB-H098,1,5,c5ed53572c667b119dde2fc0f54de602
13645,5c741aa8e0753be65314a304e7b39c14,d945ec2aae74dbfb829453026b91c235,SO62079,4590,BK-M68B-38,2,4590,7ee641303ef8d8b10d0ed00a060c73cc
13645,5c741aa8e0753be65314a304e7b39c14,d945ec2aae74dbfb829453026b91c235,SO62079,105,HL-U509-B,3,105,7ee641303ef8d8b10d0ed00a060c73cc
13645,5c741aa8e0753be65314a304e7b39c14,d945ec2aae74dbfb829453026b91c235,SO62079,35,TI-M823,1,35,7ee641303ef8d8b10d0ed00a060c73cc
13645,5c741aa8e0753be65314a304e7b39c14,d945ec2aae74dbfb829453026b91c235,SO62079,5,TT-M928,1,5,7ee641303ef8d8b10d0ed00a060c73cc
13645,7328906f8bab0a3b391053e4df6588d3,a426a338561351b3011d85cfc86bf781,SO48955,4098,BK-M68B-38,2,4098,59802186a17f07a81aa34b5b19aea33d
13646,86e8658344547a7d34cd2bcd4750bd8f,8b4b8fc84396c30bd5bacc7370e1491c,SO48985,4098,BK-M68B-42,2,4098,74245d8f0073f388c4be6464c8e2f29f
13646,b2ce0ef2540789e8a6976165b6c917d8,128ee9ff420de424a605a0ee4a6f7916,SO72437,2384,BK-T79U-60,1,2384,dcf73f840a50da0145f24e8e0169dc4b
13646,d1024973c3d10f08cb9fa1736e6ed8b7,f8025d3776b5f7522a6120cb4e9e0783,SO62384,10,BC-M005,1,10,5c741aa8e0753be65314a304e7b39c14
13646,d1024973c3d10f08cb9fa1736e6ed8b7,f8025d3776b5f7522a6120cb4e9e0783,SO62384,4590,BK-M68B-46,2,4590,5c741aa8e0753be65314a304e7b39c14
13646,d1024973c3d10f08cb9fa1736e6ed8b7,f8025d3776b5f7522a6120cb4e9e0783,SO62384,22,FE-6654,1,22,5c741aa8e0753be65314a304e7b39c14
13646,d1024973c3d10f08cb9fa1736e6ed8b7,f8025d3776b5f7522a6120cb4e9e0783,SO62384,48,GL-H102-L,2,48,5c741aa8e0753be65314a304e7b39c14
13646,d1024973c3d10f08cb9fa1736e6ed8b7,f8025d3776b5f7522a6120cb4e9e0783,SO62384,54,SJ-0194-X,1,54,5c741aa8e0753be65314a304e7b39c14
13646,d1024973c3d10f08cb9fa1736e6ed8b7,f8025d3776b5f7522a6120cb4e9e0783,SO62384,5,WB-H098,1,5,5c741aa8e0753be65314a304e7b39c14
13647,04dbdf67bb8714ba18c9c36d50d1f5dc,4cc27df81afd686c0420394e090460cb,SO62009,4640,BK-M68S-42,2,4640,2ed3972e38245b633ec6b146c2970148
13647,04dbdf67bb8714ba18c9c36d50d1f5dc,4cc27df81afd686c0420394e090460cb,SO62009,35,TI-M823,1,35,2ed3972e38245b633ec6b146c2970148
13647,04dbdf67bb8714ba18c9c36d50d1f5dc,4cc27df81afd686c0420394e090460cb,SO62009,5,TT-M928,1,5,2ed3972e38245b633ec6b146c2970148
13647,5cbbe853aa1a5a1370f9a614904c4b15,86e0fc464cbb08ae74bd039224afec9a,SO73637,2384,BK-T79Y-50,1,2384,47a161474962a6dcc03cfa64127a641f
13647,6c1f25b149f7224c4de256ef6e37c951,4d547de074f47405ab655adca639c8c2,SO48814,4098,BK-M68B-42,2,4098,e41e8ee2e2795c7c1363a9f5054d57d7
13648,1ba7e8cdf85da6cf5e11554703236b52,9592b44e2c3f304a9875f45537bec6eb,SO73712,2384,BK-T79Y-50,1,2384,4c6ed4daa82e7326b84c24f4c2ae7064
13648,1ba7e8cdf85da6cf5e11554703236b52,9592b44e2c3f304a9875f45537bec6eb,SO73712,105,HL-U509,3,105,4c6ed4daa82e7326b84c24f4c2ae7064
13648,d945ec2aae74dbfb829453026b91c235,348f48807f500aeac729fb17d9bc97f1,SO61362,4590,BK-M68B-38,2,4590,eef21e68ecca703bb338920b950f203c
13648,d945ec2aae74dbfb829453026b91c235,348f48807f500aeac729fb17d9bc97f1,SO61362,2,PK-7098,1,2,eef21e68ecca703bb338920b950f203c
13648,dbfd88fff205d4dd875043cc0852f905,74245d8f0073f388c4be6464c8e2f29f,SO49028,4098,BK-M68B-42,2,4098,1d94ce9f1e285f2d6cb6680691aed781
13649,04dbdf67bb8714ba18c9c36d50d1f5dc,4cc27df81afd686c0420394e090460cb,SO62010,4590,BK-M68B-46,2,4590,2ed3972e38245b633ec6b146c2970148
13649,04dbdf67bb8714ba18c9c36d50d1f5dc,4cc27df81afd686c0420394e090460cb,SO62010,105,HL-U509-R,3,105,2ed3972e38245b633ec6b146c2970148
13649,04dbdf67bb8714ba18c9c36d50d1f5dc,4cc27df81afd686c0420394e090460cb,SO62010,35,TI-M823,1,35,2ed3972e38245b633ec6b146c2970148
13649,04dbdf67bb8714ba18c9c36d50d1f5dc,4cc27df81afd686c0420394e090460cb,SO62010,5,TT-M928,1,5,2ed3972e38245b633ec6b146c2970148
13649,5432d51ee94799c0125bb158c8a8bd22,545a3d56d20b22e09aa85bfa5ed8738d,SO73179,2384,BK-T79Y-60,1,2384,9592b44e2c3f304a9875f45537bec6eb
13649,5432d51ee94799c0125bb158c8a8bd22,545a3d56d20b22e09aa85bfa5ed8738d,SO73179,9,SO-R809-M,1,9,9592b44e2c3f304a9875f45537bec6eb
13649,5621f5e25d40f729483fc0a25664bcc3,76b32549988cdcac2435e968471f4954,SO48962,4098,BK-M68B-46,2,4098,cfa82f31e4639f537cf9d0fe9050f93b
13650,3d2f1a711567258a8d30dab6a6dbd8f6,2324aa49dea31d140d6701555edd756c,SO48891,4098,BK-M68B-42,2,4098,99ceae0afd3bddfab39f9341c7fd7a90
13650,76918877cf6ce7011018cd9708723392,883b9b4170853b321c03290f64ba199f,SO61525,10,BC-M005,1,10,4ddc8821c34bceaf3dba4a18741acca3
13650,76918877cf6ce7011018cd9708723392,883b9b4170853b321c03290f64ba199f,SO61525,4640,BK-M68S-46,2,4640,4ddc8821c34bceaf3dba4a18741acca3
13650,76918877cf6ce7011018cd9708723392,883b9b4170853b321c03290f64ba199f,SO61525,5,WB-H098,1,5,4ddc8821c34bceaf3dba4a18741acca3
13650,9c55d6518880c1abf100a24da2546368,47a161474962a6dcc03cfa64127a641f,SO74145,2384,BK-T79Y-46,1,2384,9795c57676ee8b8b6ba9a6f9014a520b
13651,2ed3972e38245b633ec6b146c2970148,6477c205c5117a9448ba863e111acf32,SO61719,10,BC-M005,1,10,2becb9647677a1a316b388bbad689580
13651,2ed3972e38245b633ec6b146c2970148,6477c205c5117a9448ba863e111acf32,SO61719,4640,BK-M68S-42,2,4640,2becb9647677a1a316b388bbad689580
13651,2ed3972e38245b633ec6b146c2970148,6477c205c5117a9448ba863e111acf32,SO61719,27,CA-1098,3,27,2becb9647677a1a316b388bbad689580
13651,2ed3972e38245b633ec6b146c2970148,6477c205c5117a9448ba863e111acf32,SO61719,5,WB-H098,1,5,2becb9647677a1a316b388bbad689580
13651,501407dcfde5b685045ca3072168d5bb,41ef6b06b63ba4f6a5234245a439b157,SO73578,2384,BK-T79Y-50,1,2384,5432d51ee94799c0125bb158c8a8bd22
13651,501407dcfde5b685045ca3072168d5bb,41ef6b06b63ba4f6a5234245a439b157,SO73578,105,HL-U509-B,3,105,5432d51ee94799c0125bb158c8a8bd22
13651,99ceae0afd3bddfab39f9341c7fd7a90,5881f2ec92a43470fcbe3d3477a2a1fe,SO48846,4098,BK-M68B-42,2,4098,6c1f25b149f7224c4de256ef6e37c951
13652,5abaefcc8525a8f4cfd95cba9e926532,fde67888c64f701b59876ec559099b3e,SO57654,22,FE-6654,1,22,73b2264d673ee7b5b2e7e165020516ac
13652,5abaefcc8525a8f4cfd95cba9e926532,fde67888c64f701b59876ec559099b3e,SO57654,9,SO-R809-L,1,9,73b2264d673ee7b5b2e7e165020516ac
13653,07f0f4d1950116643ea4a45db1bc7999,7cfccbeb91431429b23b0e41a99488f0,SO48169,4364,BK-R89B-52,2,4364,efeeb9aa018e1010ee17c973765ea138
13653,254d832c83ccdb2c33eab65a4fd196ff,75fe8d7dec9d2a51be64595ab37dc674,SO59548,4640,BK-M68S-38,2,4640,4a800301260b2639fa1ec3efafb5f86c
13653,254d832c83ccdb2c33eab65a4fd196ff,75fe8d7dec9d2a51be64595ab37dc674,SO59548,8,CL-9009,1,8,4a800301260b2639fa1ec3efafb5f86c
13653,254d832c83ccdb2c33eab65a4fd196ff,75fe8d7dec9d2a51be64595ab37dc674,SO59548,2,PK-7098,1,2,4a800301260b2639fa1ec3efafb5f86c
13653,254d832c83ccdb2c33eab65a4fd196ff,75fe8d7dec9d2a51be64595ab37dc674,SO59548,35,TI-M823,1,35,4a800301260b2639fa1ec3efafb5f86c
13654,7ee641303ef8d8b10d0ed00a060c73cc,eef21e68ecca703bb338920b950f203c,SO61757,22,FE-6654,1,22,0d15ba5aa4c9ad0377b26e0cf7a86280
13654,7ee641303ef8d8b10d0ed00a060c73cc,eef21e68ecca703bb338920b950f203c,SO61757,105,HL-U509,3,105,0d15ba5aa4c9ad0377b26e0cf7a86280
13655,86bfb8ffc7a79e52d833cedce4d275bf,962bae2fb03296a3b9cacabfa929322c,SO70195,22,FE-6654,1,22,ec24e4cf9fcc90f3bbe81b2fb3735c21
13656,305c66634c155cab2b5cc3ce00351eb1,2becb9647677a1a316b388bbad689580,SO62117,22,FE-6654,1,22,922d04aa1f67bbe0270bfad98508f43e
13656,305c66634c155cab2b5cc3ce00351eb1,2becb9647677a1a316b388bbad689580,SO62117,105,HL-U509-B,3,105,922d04aa1f67bbe0270bfad98508f43e
13657,5df3d5e6ab78e9109e9a80b7ac423282,f1f6939ed2d920fdfc3de31d6a3d32ac,SO48094,2443,BK-R89R-52,1,2443,a1b2320235143a40a1ff4226b58f48d0
13657,9a95fdf4e925d9cbd65f87b5aa4ac212,478ecc8cdaa127c33884d9f6c72c2cd5,SO59624,4590,BK-M68B-38,2,4590,9e8cbc3edbb5efb3f48d6afb260e4725
13657,9a95fdf4e925d9cbd65f87b5aa4ac212,478ecc8cdaa127c33884d9f6c72c2cd5,SO59624,27,CA-1098,3,27,9e8cbc3edbb5efb3f48d6afb260e4725
13657,9a95fdf4e925d9cbd65f87b5aa4ac212,478ecc8cdaa127c33884d9f6c72c2cd5,SO59624,22,FE-6654,1,22,9e8cbc3edbb5efb3f48d6afb260e4725
13657,9a95fdf4e925d9cbd65f87b5aa4ac212,478ecc8cdaa127c33884d9f6c72c2cd5,SO59624,150,LJ-0192-S,3,150,9e8cbc3edbb5efb3f48d6afb260e4725
13658,07f0f4d1950116643ea4a45db1bc7999,7cfccbeb91431429b23b0e41a99488f0,SO48172,2443,BK-R89R-48,1,2443,efeeb9aa018e1010ee17c973765ea138
13658,e0bcd0ff3072dfe15609d6be1529b0b8,c660dc308b247ce08aeecd155306bae0,SO60734,4640,BK-M68S-42,2,4640,39ff8ac1e8a44088f96e17b846ec8baf
13658,e0bcd0ff3072dfe15609d6be1529b0b8,c660dc308b247ce08aeecd155306bae0,SO60734,22,FE-6654,1,22,39ff8ac1e8a44088f96e17b846ec8baf
13658,e0bcd0ff3072dfe15609d6be1529b0b8,c660dc308b247ce08aeecd155306bae0,SO60734,2,PK-7098,1,2,39ff8ac1e8a44088f96e17b846ec8baf
13659,254d832c83ccdb2c33eab65a4fd196ff,75fe8d7dec9d2a51be64595ab37dc674,SO59528,22,FE-6654,1,22,4a800301260b2639fa1ec3efafb5f86c
13659,254d832c83ccdb2c33eab65a4fd196ff,75fe8d7dec9d2a51be64595ab37dc674,SO59528,105,HL-U509-R,3,105,4a800301260b2639fa1ec3efafb5f86c
13659,254d832c83ccdb2c33eab65a4fd196ff,75fe8d7dec9d2a51be64595ab37dc674,SO59528,9,SO-R809-M,1,9,4a800301260b2639fa1ec3efafb5f86c
13660,174acf6ca4e9804d47a59a499422e621,5abaefcc8525a8f4cfd95cba9e926532,SO58334,4590,BK-M68B-46,2,4590,eba6cab7267f82e3b2a063d5ea445bb9
13660,174acf6ca4e9804d47a59a499422e621,5abaefcc8525a8f4cfd95cba9e926532,SO58334,22,FE-6654,1,22,eba6cab7267f82e3b2a063d5ea445bb9
13660,174acf6ca4e9804d47a59a499422e621,5abaefcc8525a8f4cfd95cba9e926532,SO58334,105,HL-U509-R,3,105,eba6cab7267f82e3b2a063d5ea445bb9
13660,8b9fe4b34e3c54f08bfcac3d9691e260,a946e75bc65318721cd1e01162d392dd,SO64236,9,BC-R205,1,9,f75e5f8c15ca91ec5c869dc3881f574f
13660,8b9fe4b34e3c54f08bfcac3d9691e260,a946e75bc65318721cd1e01162d392dd,SO64236,2384,BK-T79Y-46,1,2384,f75e5f8c15ca91ec5c869dc3881f574f
13660,8b9fe4b34e3c54f08bfcac3d9691e260,a946e75bc65318721cd1e01162d392dd,SO64236,5,WB-H098,1,5,f75e5f8c15ca91ec5c869dc3881f574f
13661,4b5c3229e0725ef8d303f494db9faec8,f46ace11e93788e473124f7be16a19d5,SO63703,10,BC-M005,1,10,0149f124a48640c62d90840ac5760331
13661,4b5c3229e0725ef8d303f494db9faec8,f46ace11e93788e473124f7be16a19d5,SO63703,4640,BK-M68S-42,2,4640,0149f124a48640c62d90840ac5760331
13661,4b5c3229e0725ef8d303f494db9faec8,f46ace11e93788e473124f7be16a19d5,SO63703,5,WB-H098,1,5,0149f124a48640c62d90840ac5760331
13661,bc711710f4e4dd1cfeafbccb182790a0,cd9e79fd7a43f48acc7de09fefb697d8,SO43955,3578,BK-R93R-56,1,3578,c5b6ac945db87cf50d20426452434c3a
13662,aa4ae995295bc6ee1d97c709a638619d,e348aa55d5b10dd2c23ab2b7ce7e1e5f,SO46799,4364,BK-R89R-58,2,4364,288d3167bf0dc7676963fa7998052f54
13662,b2e85aa5f9c095607e638c7e6e2c694b,3500da16b6d3d0da611bc08c2b1e1c05,SO51503,769,BK-M38S-38,1,769,88f50aa0771fa4f938f7b54792e066c8
13662,b2e85aa5f9c095607e638c7e6e2c694b,3500da16b6d3d0da611bc08c2b1e1c05,SO51503,70,SH-W890-S,1,70,88f50aa0771fa4f938f7b54792e066c8
13663,9f79f7706bc6a7654ef0b8977966f69a,e2f7ff887646789ea003d03bc2025325,SO52143,8,CL-9009,1,8,361e2c62255e0c1887ac2139911ca300
13663,9f79f7706bc6a7654ef0b8977966f69a,e2f7ff887646789ea003d03bc2025325,SO52143,2,PK-7098,1,2,361e2c62255e0c1887ac2139911ca300
13663,9f79f7706bc6a7654ef0b8977966f69a,e2f7ff887646789ea003d03bc2025325,SO52143,5,TT-T092,1,5,361e2c62255e0c1887ac2139911ca300
13664,83d1ed00595e79ee5ea3797e97970fe8,fe1fd19c021e78ec395980c2e347865e,SO69205,2,PK-7098,1,2,705fa39ab40831529471c768490339ab
13664,83d1ed00595e79ee5ea3797e97970fe8,fe1fd19c021e78ec395980c2e347865e,SO69205,159,ST-1401,1,159,705fa39ab40831529471c768490339ab
13664,83d1ed00595e79ee5ea3797e97970fe8,fe1fd19c021e78ec395980c2e347865e,SO69205,29,TI-T723,1,29,705fa39ab40831529471c768490339ab
13664,83d1ed00595e79ee5ea3797e97970fe8,fe1fd19c021e78ec395980c2e347865e,SO69205,5,TT-T092,1,5,705fa39ab40831529471c768490339ab
13664,870bd4f3713260418e4f342f31dc7e33,94c60e0b5e2b0f78b919a5d4c67d70a2,SO62908,10,BC-M005,1,10,2fe1a028f9398deb2efcd536c8246fae
13664,870bd4f3713260418e4f342f31dc7e33,94c60e0b5e2b0f78b919a5d4c67d70a2,SO62908,5,WB-H098,1,5,2fe1a028f9398deb2efcd536c8246fae
13665,56e52500a7f5ab963646137a401683cd,df09a3a727ac0f29208c5ef3bf7625e6,SO74685,105,HL-U509,3,105,13b7c2277967bc61802018c764b5b2a0
13665,56e52500a7f5ab963646137a401683cd,df09a3a727ac0f29208c5ef3bf7625e6,SO74685,29,TI-T723,1,29,13b7c2277967bc61802018c764b5b2a0
13665,56e52500a7f5ab963646137a401683cd,df09a3a727ac0f29208c5ef3bf7625e6,SO74685,5,TT-T092,1,5,13b7c2277967bc61802018c764b5b2a0
13665,a946e75bc65318721cd1e01162d392dd,5efefff01843f5aa3f7d8a4d44b4bf2e,SO63459,10,BC-M005,1,10,3a23b248b732af434a45fce0302aa11f
13665,a946e75bc65318721cd1e01162d392dd,5efefff01843f5aa3f7d8a4d44b4bf2e,SO63459,5,WB-H098,1,5,3a23b248b732af434a45fce0302aa11f
13666,ad2d8c85f4c05bcb0bd6f990bd634d72,b63003b792fb0099f3c299464a2cb4bd,SO44402,3578,BK-R93R-56,1,3578,8bf3f2187c9d8d382ac1537b53267abc
13666,b2ce0ef2540789e8a6976165b6c917d8,128ee9ff420de424a605a0ee4a6f7916,SO72365,4640,BK-M68S-38,2,4640,dcf73f840a50da0145f24e8e0169dc4b
13666,b2ce0ef2540789e8a6976165b6c917d8,128ee9ff420de424a605a0ee4a6f7916,SO72365,2,PK-7098,1,2,dcf73f840a50da0145f24e8e0169dc4b
13667,18bea060239713ee5f865109f63f3a8a,7f026edc73bd4602381834e9b850d6c2,SO52851,769,BK-M38S-46,1,769,d6ec5bff1a0809822c740ce35792fa7a
13667,18bea060239713ee5f865109f63f3a8a,7f026edc73bd4602381834e9b850d6c2,SO52851,150,LJ-0192-X,3,150,d6ec5bff1a0809822c740ce35792fa7a
13667,bea2034ab47ba6f72c2dea803bbc3328,2f6f8a5ec1c6c4b60d2ceb4eb5ad9c78,SO46720,4364,BK-R89R-58,2,4364,ebce0865da088132946764a3527b5a4e
13668,6be9692276a308e4b872323af1ad8fe2,bee2b842cd357511cf4c8e509f5af192,SO52330,27,CA-1098,3,27,72e75576254db1afef14ecdc050391c2
13668,6be9692276a308e4b872323af1ad8fe2,bee2b842cd357511cf4c8e509f5af192,SO52330,70,SH-W890-M,1,70,72e75576254db1afef14ecdc050391c2
13668,a6f2945baeceeef4c8d541a22f6e99e9,d5985f40495ba672dff8a99620b879c8,SO72517,8,CL-9009,1,8,95a2a9aefc393f8630e934768cacf4cd
13668,f04e53711455521533f4c5ed7dcaa287,5e9b4970006d8f02ba0bc1763fa8b9a6,SO52525,2,PK-7098,1,2,f799d104dd23bb828dcdaaefc4d25b61
13668,f04e53711455521533f4c5ed7dcaa287,5e9b4970006d8f02ba0bc1763fa8b9a6,SO52525,25,TI-M267,1,25,f799d104dd23bb828dcdaaefc4d25b61
13669,12092303778fcfa88ed7d284b74c6a6a,40eee601514259a9632d510ca71226cc,SO74786,2,PK-7098,1,2,6cf9e035d2f1d8ffe1b9f2f96a9e7a3a
13669,12092303778fcfa88ed7d284b74c6a6a,40eee601514259a9632d510ca71226cc,SO74786,25,TI-M267,1,25,6cf9e035d2f1d8ffe1b9f2f96a9e7a3a
13669,75fe8d7dec9d2a51be64595ab37dc674,ef5bad66aa19ccfb82cacb73584b83ea,SO58546,8,CL-9009,1,8,23f22724b430320654759f8512440ebc
13669,830e779850b1d58733a7ad711bf6b83f,39fe373cdcb4534addde73890415b660,SO56495,48,GL-H102-S,2,48,427ed6396fba4ed8ead9ec3229517d2b
13669,830e779850b1d58733a7ad711bf6b83f,39fe373cdcb4534addde73890415b660,SO56495,70,SH-W890-L,1,70,427ed6396fba4ed8ead9ec3229517d2b
13670,02ad1a5ca18e58629b8c1d6a6401d071,8d71482745a6a1be4fbbc5562ade4657,SO57749,25,TI-M267,1,25,a976f17830aceaaa93d5daef0bc209a3
13670,02ad1a5ca18e58629b8c1d6a6401d071,8d71482745a6a1be4fbbc5562ade4657,SO57749,5,TT-M928,1,5,a976f17830aceaaa93d5daef0bc209a3
13670,95a2a9aefc393f8630e934768cacf4cd,8f472ffe3ff3109f420ae91355ff8f3f,SO72134,70,SH-W890-L,1,70,38c9e5d1e366b4c5c36aae682bc960c4
13670,95a2a9aefc393f8630e934768cacf4cd,8f472ffe3ff3109f420ae91355ff8f3f,SO72134,54,SJ-0194-X,1,54,38c9e5d1e366b4c5c36aae682bc960c4
13670,f476906875bc5d9abe836b4ea1f485c1,f04e53711455521533f4c5ed7dcaa287,SO53139,48,GL-H102-L,2,48,15aceb75d86814cb479f1b1a9487c3d4
13671,d4ae40bdb21d7c1f4fee96082340d3a2,9a027fc72b503940a96d5137762a263e,SO75118,8,CL-9009,1,8,08ff55594d8ca57b756a1953f77ebc89
13671,d4ae40bdb21d7c1f4fee96082340d3a2,9a027fc72b503940a96d5137762a263e,SO75118,2,PK-7098,1,2,08ff55594d8ca57b756a1953f77ebc89
13671,d4ae40bdb21d7c1f4fee96082340d3a2,9a027fc72b503940a96d5137762a263e,SO75118,120,RA-H123,1,120,08ff55594d8ca57b756a1953f77ebc89
13671,d4ae40bdb21d7c1f4fee96082340d3a2,9a027fc72b503940a96d5137762a263e,SO75118,5,TT-T092,1,5,08ff55594d8ca57b756a1953f77ebc89
13672,0383d48e76cd8a3dfb9e2a890f2cac18,d6fb379288416774d139632beb88e26b,SO60989,150,LJ-0192-X,3,150,883b9b4170853b321c03290f64ba199f
13672,0383d48e76cd8a3dfb9e2a890f2cac18,d6fb379288416774d139632beb88e26b,SO60989,70,SH-W890-S,1,70,883b9b4170853b321c03290f64ba199f
13673,fd5ba6fdeb81e07b2caf0b103489bd8d,e871b36e68b0b3d0af9c742d81fef27a,SO70969,48,GL-H102-S,2,48,17520f5649fab40fb66771362888cb90
13673,fd5ba6fdeb81e07b2caf0b103489bd8d,e871b36e68b0b3d0af9c742d81fef27a,SO70969,70,SH-W890-S,1,70,17520f5649fab40fb66771362888cb90
13674,a976f17830aceaaa93d5daef0bc209a3,d9f7611cf8d29b48a1d3d8fddb8c5b2e,SO57507,48,GL-H102-M,2,48,0e23f371129aecc6b2033620b226f8d7
13674,a976f17830aceaaa93d5daef0bc209a3,d9f7611cf8d29b48a1d3d8fddb8c5b2e,SO57507,70,SH-W890-L,1,70,0e23f371129aecc6b2033620b226f8d7
13674,a976f17830aceaaa93d5daef0bc209a3,d9f7611cf8d29b48a1d3d8fddb8c5b2e,SO57507,54,SJ-0194-S,1,54,0e23f371129aecc6b2033620b226f8d7
13675,4804ee33768b143d9706052696f7dfbd,7254e54716fe52361e62aa16ea2e0797,SO60281,10,BC-M005,1,10,c660dc308b247ce08aeecd155306bae0
13675,4804ee33768b143d9706052696f7dfbd,7254e54716fe52361e62aa16ea2e0797,SO60281,105,HL-U509-R,3,105,c660dc308b247ce08aeecd155306bae0
13675,4804ee33768b143d9706052696f7dfbd,7254e54716fe52361e62aa16ea2e0797,SO60281,5,WB-H098,1,5,c660dc308b247ce08aeecd155306bae0
13675,e0cd1349b4c6e1b5f14ed427e358c2d0,f06fd077b6afc2d69af6e1e548da266d,SO70346,27,CA-1098,3,27,b95a9f47dd73bb9b799a31ae04ee7da1
13675,e0cd1349b4c6e1b5f14ed427e358c2d0,f06fd077b6afc2d69af6e1e548da266d,SO70346,2,PK-7098,1,2,b95a9f47dd73bb9b799a31ae04ee7da1
13675,e0cd1349b4c6e1b5f14ed427e358c2d0,f06fd077b6afc2d69af6e1e548da266d,SO70346,120,RA-H123,1,120,b95a9f47dd73bb9b799a31ae04ee7da1
13675,e0cd1349b4c6e1b5f14ed427e358c2d0,f06fd077b6afc2d69af6e1e548da266d,SO70346,29,TI-T723,1,29,b95a9f47dd73bb9b799a31ae04ee7da1
13675,e0cd1349b4c6e1b5f14ed427e358c2d0,f06fd077b6afc2d69af6e1e548da266d,SO70346,5,TT-T092,1,5,b95a9f47dd73bb9b799a31ae04ee7da1
13676,41fc4cb27e0ee552c4c9247e1a476cc5,6d338b8c41c717c4336ad0084a80dca4,SO55121,2,PK-7098,1,2,6e5c4b769f8f70f9fd01b24ba5be9695
13676,41fc4cb27e0ee552c4c9247e1a476cc5,6d338b8c41c717c4336ad0084a80dca4,SO55121,29,TI-T723,1,29,6e5c4b769f8f70f9fd01b24ba5be9695
13676,41fc4cb27e0ee552c4c9247e1a476cc5,6d338b8c41c717c4336ad0084a80dca4,SO55121,5,TT-T092,1,5,6e5c4b769f8f70f9fd01b24ba5be9695
13676,a6d37e298c3042e300813f55a17e0875,99b7e934795a93975a5e0c0b9b57d9ba,SO64642,33,TI-R982,1,33,b0241b451647f25db5f52074445d820c
13677,0e000451f430d2e5b745a08b4ee7836c,9795c57676ee8b8b6ba9a6f9014a520b,SO74361,105,HL-U509-R,3,105,e4b40b4ba619c72ec5a69caad258d393
13677,0e000451f430d2e5b745a08b4ee7836c,9795c57676ee8b8b6ba9a6f9014a520b,SO74361,5,TT-T092,1,5,e4b40b4ba619c72ec5a69caad258d393
13678,07074f83c23833dcaa105e1acf3c3b98,4d477da2cac19595261e2755bb0750f4,SO44042,3578,BK-R93R-52,1,3578,13c2439a16b8e0eab906d0cd09c97dbc
13678,7299e51cfc0d5174743a6701a8a96488,56d78836c9cf0de136c4d2d37aba2280,SO64736,4640,BK-M68S-42,2,4640,58f0b42da53adeeccbfa693883fea672
13678,7299e51cfc0d5174743a6701a8a96488,56d78836c9cf0de136c4d2d37aba2280,SO64736,105,HL-U509-B,3,105,58f0b42da53adeeccbfa693883fea672
13679,0149f124a48640c62d90840ac5760331,4555f65c4664801d78b9f5477f89d8fd,SO63372,4640,BK-M68S-42,2,4640,870bd4f3713260418e4f342f31dc7e33
13679,0149f124a48640c62d90840ac5760331,4555f65c4664801d78b9f5477f89d8fd,SO63372,35,TI-M823,1,35,870bd4f3713260418e4f342f31dc7e33
13679,07074f83c23833dcaa105e1acf3c3b98,4d477da2cac19595261e2755bb0750f4,SO44043,3578,BK-R93R-44,1,3578,13c2439a16b8e0eab906d0cd09c97dbc
13680,4b5c3229e0725ef8d303f494db9faec8,f46ace11e93788e473124f7be16a19d5,SO63701,10,BC-M005,1,10,0149f124a48640c62d90840ac5760331
13680,4b5c3229e0725ef8d303f494db9faec8,f46ace11e93788e473124f7be16a19d5,SO63701,4640,BK-M68S-46,2,4640,0149f124a48640c62d90840ac5760331
13680,4b5c3229e0725ef8d303f494db9faec8,f46ace11e93788e473124f7be16a19d5,SO63701,35,TI-M823,1,35,0149f124a48640c62d90840ac5760331
13680,4b5c3229e0725ef8d303f494db9faec8,f46ace11e93788e473124f7be16a19d5,SO63701,5,TT-M928,1,5,0149f124a48640c62d90840ac5760331
13680,ba5216f340c430ae833596806650eed2,bc711710f4e4dd1cfeafbccb182790a0,SO44010,3578,BK-R93R-62,1,3578,22db51e448053c41a0b54d56c61806bc
13681,702a02712215141594ddf8e52b0a651c,cd15e5f80ff20dd345bfaa51400dd0d6,SO67526,105,HL-U509-R,3,105,caa707f97407c07371136aaf471a91d4
13681,702a02712215141594ddf8e52b0a651c,cd15e5f80ff20dd345bfaa51400dd0d6,SO67526,35,TI-M823,1,35,caa707f97407c07371136aaf471a91d4
13681,702a02712215141594ddf8e52b0a651c,cd15e5f80ff20dd345bfaa51400dd0d6,SO67526,5,TT-M928,1,5,caa707f97407c07371136aaf471a91d4
13682,c926349b55a58d87d7d5008c349fd1e9,9e8cbc3edbb5efb3f48d6afb260e4725,SO60087,8,CL-9009,1,8,ccb91034934bb047c5f6a32eb289b95b
13682,c926349b55a58d87d7d5008c349fd1e9,9e8cbc3edbb5efb3f48d6afb260e4725,SO60087,2,PK-7098,1,2,ccb91034934bb047c5f6a32eb289b95b
13682,c926349b55a58d87d7d5008c349fd1e9,9e8cbc3edbb5efb3f48d6afb260e4725,SO60087,5,TT-T092,1,5,ccb91034934bb047c5f6a32eb289b95b
13683,0da2bc000f1fe4ea8746f9aea0bb5879,702a02712215141594ddf8e52b0a651c,SO68315,105,HL-U509-B,3,105,b34050290c25b0f7b52a2b8f767df87d
13683,0da2bc000f1fe4ea8746f9aea0bb5879,702a02712215141594ddf8e52b0a651c,SO68315,150,LJ-0192-M,3,150,b34050290c25b0f7b52a2b8f767df87d
13683,0da2bc000f1fe4ea8746f9aea0bb5879,702a02712215141594ddf8e52b0a651c,SO68315,5,TT-T092,1,5,b34050290c25b0f7b52a2b8f767df87d
13684,0d3057f268050d468f468434f8ec809a,fd5ba6fdeb81e07b2caf0b103489bd8d,SO71976,105,HL-U509-B,3,105,921bc92a493b53f98f24e6a8a12801be
13684,0d3057f268050d468f468434f8ec809a,fd5ba6fdeb81e07b2caf0b103489bd8d,SO71976,5,TT-T092,1,5,921bc92a493b53f98f24e6a8a12801be
13685,18f358e551b5b85912bc952ab9894c0d,abe94c2111c58e9c9672602d41bce66e,SO64945,540,BK-R19B-58,1,540,a6d37e298c3042e300813f55a17e0875
13685,18f358e551b5b85912bc952ab9894c0d,abe94c2111c58e9c9672602d41bce66e,SO64945,21,TI-R092,1,21,a6d37e298c3042e300813f55a17e0875
13685,18f358e551b5b85912bc952ab9894c0d,abe94c2111c58e9c9672602d41bce66e,SO64945,4,TT-R982,1,4,a6d37e298c3042e300813f55a17e0875
13685,830e779850b1d58733a7ad711bf6b83f,39fe373cdcb4534addde73890415b660,SO56485,4590,BK-M68B-46,2,4590,427ed6396fba4ed8ead9ec3229517d2b
13685,830e779850b1d58733a7ad711bf6b83f,39fe373cdcb4534addde73890415b660,SO56485,22,FE-6654,1,22,427ed6396fba4ed8ead9ec3229517d2b
13685,830e779850b1d58733a7ad711bf6b83f,39fe373cdcb4534addde73890415b660,SO56485,9,SO-R809-M,1,9,427ed6396fba4ed8ead9ec3229517d2b
13685,830e779850b1d58733a7ad711bf6b83f,39fe373cdcb4534addde73890415b660,SO56485,35,TI-M823,1,35,427ed6396fba4ed8ead9ec3229517d2b
13685,830e779850b1d58733a7ad711bf6b83f,39fe373cdcb4534addde73890415b660,SO56485,5,TT-M928,1,5,427ed6396fba4ed8ead9ec3229517d2b
13685,928ba50351efae8cbed881787bcb4783,0b2687a4d54329af7fc2df3d9ee1a02b,SO44472,3578,BK-R93R-48,1,3578,3a863c1566a0017156508557cf038c56
13686,64cadfde6f66bc25043d0d69f5ae5471,18f358e551b5b85912bc952ab9894c0d,SO65875,540,BK-R19B-52,1,540,8d1d4829b2e801ba4e41ba48f5a549d4
13686,b9178f906541b173529de99dd13c0e85,6f876727a6ca9c8f7a1e0ab845d1df49,SO44361,3578,BK-R93R-62,1,3578,c886ecef680be79a8fb0e1da7d50af4b
13686,b988e88fd94a3b47434beeb650cff880,3c1811b546060d91957cc446aabc4a3c,SO56337,4640,BK-M68S-42,2,4640,18025e6a8791d350428f65c0783ebd99
13686,b988e88fd94a3b47434beeb650cff880,3c1811b546060d91957cc446aabc4a3c,SO56337,55,HY-1023-70,1,55,18025e6a8791d350428f65c0783ebd99
13687,1aaafc415cabd13fe410504154a58757,0d1574b7622bdd9b2ec0b9869608d4cb,SO43974,3578,BK-R93R-48,1,3578,93eed705e4cb42d159d4aadc9a0a8461
13687,9d934f91c460e9947414d00048f2fa36,94b225b5b1f09ecd5e8ecdfb681ff04c,SO65098,4590,BK-M68B-38,2,4590,3f0c8308e4e2e5c4ddc1b7e19304f613
13688,4ddc8821c34bceaf3dba4a18741acca3,af1457846a79173ef71dd9d5dd69805a,SO61143,2,PK-7098,1,2,2d6e054ac82934d489c58cc8399a1628
13688,4ddc8821c34bceaf3dba4a18741acca3,af1457846a79173ef71dd9d5dd69805a,SO61143,25,TI-M267,1,25,2d6e054ac82934d489c58cc8399a1628
13689,b68fd63ca41d49bfc1b18251202c053f,d4746e41b619da57ee9f1a2e2cc254e8,SO64864,4640,BK-M68S-42,2,4640,c87874400b9f907bdf9ea37d75a4b341
13689,f96fbbcf63b1b65747983976e60d5967,1aaafc415cabd13fe410504154a58757,SO44031,3578,BK-R93R-52,1,3578,85e7a76ab1d6d23e87ea418480d5ffe2
13690,07074f83c23833dcaa105e1acf3c3b98,4d477da2cac19595261e2755bb0750f4,SO44044,3578,BK-R93R-56,1,3578,13c2439a16b8e0eab906d0cd09c97dbc
13690,4efe8b2ca156042f8a3d8dd6aba54520,e2f0a420a4c1a9e8e292761f835e0489,SO66327,4640,BK-M68S-46,2,4640,e82ca4c6beebe812f10fa1041b97a160
13690,86bfb8ffc7a79e52d833cedce4d275bf,962bae2fb03296a3b9cacabfa929322c,SO70222,9,BC-R205,1,9,ec24e4cf9fcc90f3bbe81b2fb3735c21
13690,86bfb8ffc7a79e52d833cedce4d275bf,962bae2fb03296a3b9cacabfa929322c,SO70222,1215,BK-T44U-54,1,1215,ec24e4cf9fcc90f3bbe81b2fb3735c21
13690,86bfb8ffc7a79e52d833cedce4d275bf,962bae2fb03296a3b9cacabfa929322c,SO70222,105,HL-U509,3,105,ec24e4cf9fcc90f3bbe81b2fb3735c21
13690,86bfb8ffc7a79e52d833cedce4d275bf,962bae2fb03296a3b9cacabfa929322c,SO70222,5,WB-H098,1,5,ec24e4cf9fcc90f3bbe81b2fb3735c21
13691,9d934f91c460e9947414d00048f2fa36,94b225b5b1f09ecd5e8ecdfb681ff04c,SO65097,10,BC-M005,1,10,3f0c8308e4e2e5c4ddc1b7e19304f613
13691,9d934f91c460e9947414d00048f2fa36,94b225b5b1f09ecd5e8ecdfb681ff04c,SO65097,4640,BK-M68S-46,2,4640,3f0c8308e4e2e5c4ddc1b7e19304f613
13691,9d934f91c460e9947414d00048f2fa36,94b225b5b1f09ecd5e8ecdfb681ff04c,SO65097,64,VE-C304-M,1,64,3f0c8308e4e2e5c4ddc1b7e19304f613
13691,9d934f91c460e9947414d00048f2fa36,94b225b5b1f09ecd5e8ecdfb681ff04c,SO65097,5,WB-H098,1,5,3f0c8308e4e2e5c4ddc1b7e19304f613
13691,aa23a148fd157c87970b5fa9079424f9,431cc1626e28e1bbd4e7b7eb7efcecec,SO44051,3578,BK-R93R-62,1,3578,98c729ba235458f3bd79313db6be8db6
13692,70951886788165a5e2439adfce4d0cce,ca38f30e56a72f4d0c8d2264322c5862,SO68982,25,TI-R628,1,25,c885741a5e3e55c84950327011b70289
13693,13c2439a16b8e0eab906d0cd09c97dbc,595e2f03af2122e9bce5fe0fff67d39e,SO44015,3578,BK-R93R-44,1,3578,431cc1626e28e1bbd4e7b7eb7efcecec
13693,6d1d8a1c7851eb5a946d45009cea6d9f,3f0c8308e4e2e5c4ddc1b7e19304f613,SO65681,4640,BK-M68S-46,2,4640,6582aa26281b9a92ad60e6a03e274c00
13693,b2ce0ef2540789e8a6976165b6c917d8,128ee9ff420de424a605a0ee4a6f7916,SO72410,1215,BK-T44U-46,1,1215,dcf73f840a50da0145f24e8e0169dc4b
13693,b2ce0ef2540789e8a6976165b6c917d8,128ee9ff420de424a605a0ee4a6f7916,SO72410,48,GL-H102-L,2,48,dcf73f840a50da0145f24e8e0169dc4b
13693,b2ce0ef2540789e8a6976165b6c917d8,128ee9ff420de424a605a0ee4a6f7916,SO72410,29,TI-T723,1,29,dcf73f840a50da0145f24e8e0169dc4b
13693,b2ce0ef2540789e8a6976165b6c917d8,128ee9ff420de424a605a0ee4a6f7916,SO72410,5,TT-T092,1,5,dcf73f840a50da0145f24e8e0169dc4b
13694,3c1811b546060d91957cc446aabc4a3c,3c4bf68562424c26986beae6ce13704a,SO55713,105,HL-U509,3,105,3c8e2c51453f4d665f1050da871dead6
13694,3c1811b546060d91957cc446aabc4a3c,3c4bf68562424c26986beae6ce13704a,SO55713,33,TI-R982,1,33,3c8e2c51453f4d665f1050da871dead6
13694,3c1811b546060d91957cc446aabc4a3c,3c4bf68562424c26986beae6ce13704a,SO55713,4,TT-R982,1,4,3c8e2c51453f4d665f1050da871dead6
13694,9f1ff00ea8fd9fd8f2d421ba5ec45a18,f88b3743a9ce1f9455b6de69380b486a,SO67449,29,TI-T723,1,29,0001ffe4d82d0d8f9fec5ab0b4faa2db
13694,9f1ff00ea8fd9fd8f2d421ba5ec45a18,f88b3743a9ce1f9455b6de69380b486a,SO67449,5,TT-T092,1,5,0001ffe4d82d0d8f9fec5ab0b4faa2db
13695,39ff8ac1e8a44088f96e17b846ec8baf,9a95fdf4e925d9cbd65f87b5aa4ac212,SO60406,35,TI-M823,1,35,c926349b55a58d87d7d5008c349fd1e9
13696,9b98d27287b27eeee9ebc06e1d5a9a8d,0dc34ca2aaa8612cde077f1880b78b25,SO53104,27,CA-1098,3,27,18bea060239713ee5f865109f63f3a8a
13696,9b98d27287b27eeee9ebc06e1d5a9a8d,0dc34ca2aaa8612cde077f1880b78b25,SO53104,105,HL-U509-R,3,105,18bea060239713ee5f865109f63f3a8a
13696,9b98d27287b27eeee9ebc06e1d5a9a8d,0dc34ca2aaa8612cde077f1880b78b25,SO53104,5,TT-M928,1,5,18bea060239713ee5f865109f63f3a8a
13697,3a863c1566a0017156508557cf038c56,b17aa434fc2718b9cd1a0d02141e0641,SO44444,3578,BK-R93R-44,1,3578,c7a16e3564a93e8393da22246748d231
13697,830e779850b1d58733a7ad711bf6b83f,39fe373cdcb4534addde73890415b660,SO56486,10,BC-M005,1,10,427ed6396fba4ed8ead9ec3229517d2b
13697,830e779850b1d58733a7ad711bf6b83f,39fe373cdcb4534addde73890415b660,SO56486,4640,BK-M68S-46,2,4640,427ed6396fba4ed8ead9ec3229517d2b
13697,830e779850b1d58733a7ad711bf6b83f,39fe373cdcb4534addde73890415b660,SO56486,8,CL-9009,1,8,427ed6396fba4ed8ead9ec3229517d2b
13697,830e779850b1d58733a7ad711bf6b83f,39fe373cdcb4534addde73890415b660,SO56486,5,WB-H098,1,5,427ed6396fba4ed8ead9ec3229517d2b
13697,eea5b3bd1bd5d5c62a1d22f78d3ba263,c87874400b9f907bdf9ea37d75a4b341,SO65503,540,BK-R19B-44,1,540,a1fedb8f5f2e08543339a5f167bee6b7
13697,eea5b3bd1bd5d5c62a1d22f78d3ba263,c87874400b9f907bdf9ea37d75a4b341,SO65503,48,GL-H102-L,2,48,a1fedb8f5f2e08543339a5f167bee6b7
13698,15699e35c72c4036c71409f3f3d69528,f5933feadc49c253e4f0e77b236946e9,SO53036,2,PK-7098,1,2,deff8ad81a213d1110c1f409a7f40fcd
13698,15699e35c72c4036c71409f3f3d69528,f5933feadc49c253e4f0e77b236946e9,SO53036,25,TI-M267,1,25,deff8ad81a213d1110c1f409a7f40fcd
13698,15699e35c72c4036c71409f3f3d69528,f5933feadc49c253e4f0e77b236946e9,SO53036,5,TT-M928,1,5,deff8ad81a213d1110c1f409a7f40fcd
13699,c135545cc3f3a739132ffdbc8096f3d4,36ab6f1df21f3c9a169c8942e981959a,SO68427,22,FE-6654,1,22,511572e8a25e86c2f48ae9e6d73a1e6a
13699,c135545cc3f3a739132ffdbc8096f3d4,36ab6f1df21f3c9a169c8942e981959a,SO68427,54,SJ-0194-X,1,54,511572e8a25e86c2f48ae9e6d73a1e6a
13700,7e7a9bb13ad063eb81a70efff24ca60a,236684fb5e7041b0bce387092d87c3ea,SO48239,4364,BK-R89B-44,2,4364,4bd94d77610f3faab529dc08576e03ab
13700,ca5b8307fa5f2189fb98330a9d65927c,88077cf01a3e17831c2d0bcca5897c5b,SO74000,4640,BK-M68S-42,2,4640,5cbbe853aa1a5a1370f9a614904c4b15
13700,ca5b8307fa5f2189fb98330a9d65927c,88077cf01a3e17831c2d0bcca5897c5b,SO74000,22,FE-6654,1,22,5cbbe853aa1a5a1370f9a614904c4b15
13700,ca5b8307fa5f2189fb98330a9d65927c,88077cf01a3e17831c2d0bcca5897c5b,SO74000,2,PK-7098,1,2,5cbbe853aa1a5a1370f9a614904c4b15
13701,0e23f371129aecc6b2033620b226f8d7,fda052162862bb845297063fd71a580c,SO57205,33,TI-R982,1,33,40ff348468b73116a7077c246985e0bf
13701,0e23f371129aecc6b2033620b226f8d7,fda052162862bb845297063fd71a580c,SO57205,4,TT-R982,1,4,40ff348468b73116a7077c246985e0bf
13701,12092303778fcfa88ed7d284b74c6a6a,40eee601514259a9632d510ca71226cc,SO74800,10,BC-M005,1,10,6cf9e035d2f1d8ffe1b9f2f96a9e7a3a
13701,12092303778fcfa88ed7d284b74c6a6a,40eee601514259a9632d510ca71226cc,SO74800,5,WB-H098,1,5,6cf9e035d2f1d8ffe1b9f2f96a9e7a3a
13701,8b9fe4b34e3c54f08bfcac3d9691e260,a946e75bc65318721cd1e01162d392dd,SO64196,9,BC-R205,1,9,f75e5f8c15ca91ec5c869dc3881f574f
13701,8b9fe4b34e3c54f08bfcac3d9691e260,a946e75bc65318721cd1e01162d392dd,SO64196,29,TI-T723,1,29,f75e5f8c15ca91ec5c869dc3881f574f
13701,8b9fe4b34e3c54f08bfcac3d9691e260,a946e75bc65318721cd1e01162d392dd,SO64196,5,TT-T092,1,5,f75e5f8c15ca91ec5c869dc3881f574f
13701,b322422d9a721bbdefa133133dd407c1,07b7d2aed13a63a16377587dcc0abbe8,SO66859,105,HL-U509-R,3,105,2296af5563b2061aa1d88124a37eecb7
13701,b322422d9a721bbdefa133133dd407c1,07b7d2aed13a63a16377587dcc0abbe8,SO66859,35,TI-M823,1,35,2296af5563b2061aa1d88124a37eecb7
13701,b322422d9a721bbdefa133133dd407c1,07b7d2aed13a63a16377587dcc0abbe8,SO66859,5,TT-M928,1,5,2296af5563b2061aa1d88124a37eecb7
13702,8920fd63645007b243abb750709b1172,58c4ce5b9433e7b6d41793d5a76d5590,SO72321,4590,BK-M68B-46,2,4590,0d3057f268050d468f468434f8ec809a
13702,8920fd63645007b243abb750709b1172,58c4ce5b9433e7b6d41793d5a76d5590,SO72321,2,PK-7098,1,2,0d3057f268050d468f468434f8ec809a
13702,eef19d609e6d210600b55b2e51330be3,5fcf51a91997cecbc58d2bde1a28e1ec,SO48192,4364,BK-R89B-52,2,4364,236684fb5e7041b0bce387092d87c3ea
13703,de22d232bbe84481579f6252f1e7091d,cae5717327bee7d74e261c550aa5081f,SO57571,105,HL-U509-R,3,105,ab4946738415af86b5e3cee69b13301f
13703,de22d232bbe84481579f6252f1e7091d,cae5717327bee7d74e261c550aa5081f,SO57571,35,TI-M823,1,35,ab4946738415af86b5e3cee69b13301f
13703,de22d232bbe84481579f6252f1e7091d,cae5717327bee7d74e261c550aa5081f,SO57571,5,TT-M928,1,5,ab4946738415af86b5e3cee69b13301f
13704,07f0f4d1950116643ea4a45db1bc7999,7cfccbeb91431429b23b0e41a99488f0,SO48173,4364,BK-R89B-48,2,4364,efeeb9aa018e1010ee17c973765ea138
13704,5072507e949a2c25948a591c4da194e1,a189cc17a15cdb4e39e80dfcd8374c76,SO59686,10,BC-M005,1,10,ad0b7f5ad35732646f1e5f67418d5995
13704,5072507e949a2c25948a591c4da194e1,a189cc17a15cdb4e39e80dfcd8374c76,SO59686,540,BK-M18B-44,1,540,ad0b7f5ad35732646f1e5f67418d5995
13704,5072507e949a2c25948a591c4da194e1,a189cc17a15cdb4e39e80dfcd8374c76,SO59686,5,WB-H098,1,5,ad0b7f5ad35732646f1e5f67418d5995
13705,3f0c8308e4e2e5c4ddc1b7e19304f613,61e00b038efd34bdf9c747596273cbcf,SO64837,10,BC-M005,1,10,232e830f1ac667c081eaaca23cdf9b5f
13705,3f0c8308e4e2e5c4ddc1b7e19304f613,61e00b038efd34bdf9c747596273cbcf,SO64837,565,BK-M18S-40,1,565,232e830f1ac667c081eaaca23cdf9b5f
13705,b34e643874d56f7909d7abbfa923fb5a,b2d2f5ceb10246b49d6ab4905e6f9753,SO48181,2443,BK-R89R-52,1,2443,c260b06ffc51ebc422646203046c8eda
13706,a9cd7a99d71cca9cb644010050374ade,3db19f5f710f10e90ecc7154c649d60a,SO71743,4590,BK-M68B-38,2,4590,128ee9ff420de424a605a0ee4a6f7916
13706,a9cd7a99d71cca9cb644010050374ade,3db19f5f710f10e90ecc7154c649d60a,SO71743,2,PK-7098,1,2,128ee9ff420de424a605a0ee4a6f7916
13706,a9cd7a99d71cca9cb644010050374ade,3db19f5f710f10e90ecc7154c649d60a,SO71743,35,TI-M823,1,35,128ee9ff420de424a605a0ee4a6f7916
13706,a9cd7a99d71cca9cb644010050374ade,3db19f5f710f10e90ecc7154c649d60a,SO71743,5,TT-M928,1,5,128ee9ff420de424a605a0ee4a6f7916
13707,02b96ab6e0935145589be4e1408a1675,58f0b42da53adeeccbfa693883fea672,SO65342,29,TI-T723,1,29,b68fd63ca41d49bfc1b18251202c053f
13707,02b96ab6e0935145589be4e1408a1675,58f0b42da53adeeccbfa693883fea672,SO65342,5,TT-T092,1,5,b68fd63ca41d49bfc1b18251202c053f
13707,08ff55594d8ca57b756a1953f77ebc89,54d3ba66c5e71d3112695b882ca2030e,SO74966,35,TI-M823,1,35,12092303778fcfa88ed7d284b74c6a6a
13707,08ff55594d8ca57b756a1953f77ebc89,54d3ba66c5e71d3112695b882ca2030e,SO74966,5,TT-M928,1,5,12092303778fcfa88ed7d284b74c6a6a
13707,6ef7b4bb93d4e54234cf965ed2334682,ccf89c691dabb1412404274596922d90,SO65969,33,TI-R982,1,33,93ddc10d6cf61153011df052aa76671f
13707,6ef7b4bb93d4e54234cf965ed2334682,ccf89c691dabb1412404274596922d90,SO65969,4,TT-R982,1,4,93ddc10d6cf61153011df052aa76671f
13707,6ef7b4bb93d4e54234cf965ed2334682,ccf89c691dabb1412404274596922d90,SO65969,64,VE-C304-M,1,64,93ddc10d6cf61153011df052aa76671f
13707,dcf73f840a50da0145f24e8e0169dc4b,2797a91b25bc2aa85124c99bc574dc83,SO72018,10,BC-M005,1,10,d5985f40495ba672dff8a99620b879c8
13707,dcf73f840a50da0145f24e8e0169dc4b,2797a91b25bc2aa85124c99bc574dc83,SO72018,5,WB-H098,1,5,d5985f40495ba672dff8a99620b879c8
13708,4dbf892d41ae205f6e36838031cff786,de22d232bbe84481579f6252f1e7091d,SO58229,35,TI-M823,1,35,3fbd0407b55d3a3da21388a2ddbf881c
13708,4dbf892d41ae205f6e36838031cff786,de22d232bbe84481579f6252f1e7091d,SO58229,5,TT-M928,1,5,3fbd0407b55d3a3da21388a2ddbf881c
13708,722dc621a1a56555843f574144bfcdf0,d27974ca95fd620ac92cf95bf8c1d1f2,SO74541,33,TI-R982,1,33,d612b5fb3f6011688fb0c9927693365a
13708,722dc621a1a56555843f574144bfcdf0,d27974ca95fd620ac92cf95bf8c1d1f2,SO74541,4,TT-R982,1,4,d612b5fb3f6011688fb0c9927693365a
13708,76e3c19dbb0dadc4c6dc771d856e4676,ad4fbe0c82c7e5968d4cf22c2ad19e28,SO53302,105,HL-U509,3,105,15699e35c72c4036c71409f3f3d69528
13708,76e3c19dbb0dadc4c6dc771d856e4676,ad4fbe0c82c7e5968d4cf22c2ad19e28,SO53302,29,TI-T723,1,29,15699e35c72c4036c71409f3f3d69528
13708,76e3c19dbb0dadc4c6dc771d856e4676,ad4fbe0c82c7e5968d4cf22c2ad19e28,SO53302,5,TT-T092,1,5,15699e35c72c4036c71409f3f3d69528
13708,7ee641303ef8d8b10d0ed00a060c73cc,eef21e68ecca703bb338920b950f203c,SO61743,10,BC-M005,1,10,0d15ba5aa4c9ad0377b26e0cf7a86280
13708,7ee641303ef8d8b10d0ed00a060c73cc,eef21e68ecca703bb338920b950f203c,SO61743,5,WB-H098,1,5,0d15ba5aa4c9ad0377b26e0cf7a86280
13709,fee8e08233f3f00450bce31967abb0f1,331afa0aff1b1cfbf3d24944ab38c9d2,SO70571,4590,BK-M68B-42,2,4590,86bfb8ffc7a79e52d833cedce4d275bf
13709,fee8e08233f3f00450bce31967abb0f1,331afa0aff1b1cfbf3d24944ab38c9d2,SO70571,2,PK-7098,1,2,86bfb8ffc7a79e52d833cedce4d275bf
13709,fee8e08233f3f00450bce31967abb0f1,331afa0aff1b1cfbf3d24944ab38c9d2,SO70571,35,TI-M823,1,35,86bfb8ffc7a79e52d833cedce4d275bf
13710,331afa0aff1b1cfbf3d24944ab38c9d2,c885741a5e3e55c84950327011b70289,SO69706,4590,BK-M68B-42,2,4590,962bae2fb03296a3b9cacabfa929322c
13710,331afa0aff1b1cfbf3d24944ab38c9d2,c885741a5e3e55c84950327011b70289,SO69706,22,FE-6654,1,22,962bae2fb03296a3b9cacabfa929322c
13710,331afa0aff1b1cfbf3d24944ab38c9d2,c885741a5e3e55c84950327011b70289,SO69706,48,GL-H102-S,2,48,962bae2fb03296a3b9cacabfa929322c
13711,3db19f5f710f10e90ecc7154c649d60a,f544b472453b297a8b55709fbfd3746d,SO70914,4590,BK-M68B-38,2,4590,fee8e08233f3f00450bce31967abb0f1
13711,3db19f5f710f10e90ecc7154c649d60a,f544b472453b297a8b55709fbfd3746d,SO70914,22,FE-6654,1,22,fee8e08233f3f00450bce31967abb0f1
13711,3db19f5f710f10e90ecc7154c649d60a,f544b472453b297a8b55709fbfd3746d,SO70914,64,VE-C304-M,1,64,fee8e08233f3f00450bce31967abb0f1
13712,4c6ed4daa82e7326b84c24f4c2ae7064,b2ce0ef2540789e8a6976165b6c917d8,SO73308,4640,BK-M68S-46,2,4640,aa14ddbc43aa2d3be1e6ac019bb7b5bc
13712,4c6ed4daa82e7326b84c24f4c2ae7064,b2ce0ef2540789e8a6976165b6c917d8,SO73308,2,PK-7098,1,2,aa14ddbc43aa2d3be1e6ac019bb7b5bc
13712,bdeaa4898e182be99121455d5c86cce1,cb5cf2f8eca0fe257d74c13a785b98c3,SO48112,4364,BK-R89R-58,2,4364,9b2bcc77e799374ba0ba55212a17c6b3
13713,2f58ddcb4c9f30e1ac2a6edb90189d95,b34e643874d56f7909d7abbfa923fb5a,SO48266,2443,BK-R89R-52,1,2443,a08a8a7cdc12ac1d6f6ca90a6b513d94
13713,501407dcfde5b685045ca3072168d5bb,41ef6b06b63ba4f6a5234245a439b157,SO73562,10,BC-M005,1,10,5432d51ee94799c0125bb158c8a8bd22
13713,501407dcfde5b685045ca3072168d5bb,41ef6b06b63ba4f6a5234245a439b157,SO73562,4640,BK-M68S-42,2,4640,5432d51ee94799c0125bb158c8a8bd22
13713,501407dcfde5b685045ca3072168d5bb,41ef6b06b63ba4f6a5234245a439b157,SO73562,150,LJ-0192-X,3,150,5432d51ee94799c0125bb158c8a8bd22
13713,501407dcfde5b685045ca3072168d5bb,41ef6b06b63ba4f6a5234245a439b157,SO73562,5,WB-H098,1,5,5432d51ee94799c0125bb158c8a8bd22
13714,f75e5f8c15ca91ec5c869dc3881f574f,3a23b248b732af434a45fce0302aa11f,SO63923,10,BC-M005,1,10,03bf7d2a8718ee9aca4bd2f37e962fc4
13714,f75e5f8c15ca91ec5c869dc3881f574f,3a23b248b732af434a45fce0302aa11f,SO63923,540,BK-M18B-40,1,540,03bf7d2a8718ee9aca4bd2f37e962fc4
13714,f75e5f8c15ca91ec5c869dc3881f574f,3a23b248b732af434a45fce0302aa11f,SO63923,105,HL-U509-B,3,105,03bf7d2a8718ee9aca4bd2f37e962fc4
13714,f75e5f8c15ca91ec5c869dc3881f574f,3a23b248b732af434a45fce0302aa11f,SO63923,5,WB-H098,1,5,03bf7d2a8718ee9aca4bd2f37e962fc4
13714,f8018ae891e33dd2bfe3e20469c0de8f,9b2bcc77e799374ba0ba55212a17c6b3,SO48162,2443,BK-R89R-48,1,2443,bc6a999cadc90ecb33e51eb0f9009145
13715,4efe8b2ca156042f8a3d8dd6aba54520,e2f0a420a4c1a9e8e292761f835e0489,SO66352,540,BK-M18B-42,1,540,e82ca4c6beebe812f10fa1041b97a160
13715,4efe8b2ca156042f8a3d8dd6aba54520,e2f0a420a4c1a9e8e292761f835e0489,SO66352,22,FE-6654,1,22,e82ca4c6beebe812f10fa1041b97a160
13715,4efe8b2ca156042f8a3d8dd6aba54520,e2f0a420a4c1a9e8e292761f835e0489,SO66352,105,HL-U509-B,3,105,e82ca4c6beebe812f10fa1041b97a160
13715,641f75927019dae5752cf63866b6ddca,5acc3f37654c9c360551251e81e6001c,SO48670,4364,BK-R89B-52,2,4364,dc4e871b1fb11890821e8f8192f25df1
13716,f88b3743a9ce1f9455b6de69380b486a,64cadfde6f66bc25043d0d69f5ae5471,SO66615,10,BC-M005,1,10,3dc63b2d6dcc8f0b6720b06b5439a0b1
13716,f88b3743a9ce1f9455b6de69380b486a,64cadfde6f66bc25043d0d69f5ae5471,SO66615,565,BK-M18S-40,1,565,3dc63b2d6dcc8f0b6720b06b5439a0b1
13716,f88b3743a9ce1f9455b6de69380b486a,64cadfde6f66bc25043d0d69f5ae5471,SO66615,55,HY-1023-70,1,55,3dc63b2d6dcc8f0b6720b06b5439a0b1
13716,f88b3743a9ce1f9455b6de69380b486a,64cadfde6f66bc25043d0d69f5ae5471,SO66615,5,WB-H098,1,5,3dc63b2d6dcc8f0b6720b06b5439a0b1
13716,fc92d87f5fdfc4fdb58244cc592e3788,5cdbc8775008d87082e2d847e626b2f8,SO48553,2443,BK-R89R-52,1,2443,b398f9f9c5791f694aee052dae13609e
13717,07b31bae17c7890b17d79a654aa230cf,a976f17830aceaaa93d5daef0bc209a3,SO58173,105,HL-U509-B,3,105,ef5bad66aa19ccfb82cacb73584b83ea
13717,07b31bae17c7890b17d79a654aa230cf,a976f17830aceaaa93d5daef0bc209a3,SO58173,35,TI-M823,1,35,ef5bad66aa19ccfb82cacb73584b83ea
13717,07b31bae17c7890b17d79a654aa230cf,a976f17830aceaaa93d5daef0bc209a3,SO58173,5,TT-M928,1,5,ef5bad66aa19ccfb82cacb73584b83ea
13718,5cdbc8775008d87082e2d847e626b2f8,4bd94d77610f3faab529dc08576e03ab,SO48414,2443,BK-R89R-48,1,2443,bbe7548219ab98340a1170c8a2e7847b
13718,6dd75c28a9a8a39e02bc0a175f82a9f3,dfcee565bb2da80a7b76451a5cd314a1,SO66919,565,BK-M18S-40,1,565,f88b3743a9ce1f9455b6de69380b486a
13718,6dd75c28a9a8a39e02bc0a175f82a9f3,dfcee565bb2da80a7b76451a5cd314a1,SO66919,54,SJ-0194-X,1,54,f88b3743a9ce1f9455b6de69380b486a
13719,a189cc17a15cdb4e39e80dfcd8374c76,b0b2c17e5682f78d8fc262463fd0a4f3,SO58695,9,BC-R205,1,9,244cede513841376c37dc856f2f5e7b9
13719,a189cc17a15cdb4e39e80dfcd8374c76,b0b2c17e5682f78d8fc262463fd0a4f3,SO58695,2240,BK-R64Y-42,2,2240,244cede513841376c37dc856f2f5e7b9
13720,3dc63b2d6dcc8f0b6720b06b5439a0b1,8d1d4829b2e801ba4e41ba48f5a549d4,SO66313,2240,BK-R64Y-42,2,2240,6ef7b4bb93d4e54234cf965ed2334682
13720,3dc63b2d6dcc8f0b6720b06b5439a0b1,8d1d4829b2e801ba4e41ba48f5a549d4,SO66313,105,HL-U509-R,3,105,6ef7b4bb93d4e54234cf965ed2334682
13721,9f1ff00ea8fd9fd8f2d421ba5ec45a18,f88b3743a9ce1f9455b6de69380b486a,SO67454,540,BK-M18B-42,1,540,0001ffe4d82d0d8f9fec5ab0b4faa2db
13721,9f1ff00ea8fd9fd8f2d421ba5ec45a18,f88b3743a9ce1f9455b6de69380b486a,SO67454,105,HL-U509,3,105,0001ffe4d82d0d8f9fec5ab0b4faa2db
13721,9f1ff00ea8fd9fd8f2d421ba5ec45a18,f88b3743a9ce1f9455b6de69380b486a,SO67454,25,TI-M267,1,25,0001ffe4d82d0d8f9fec5ab0b4faa2db
13721,9f1ff00ea8fd9fd8f2d421ba5ec45a18,f88b3743a9ce1f9455b6de69380b486a,SO67454,5,TT-M928,1,5,0001ffe4d82d0d8f9fec5ab0b4faa2db
13721,dc4e871b1fb11890821e8f8192f25df1,0cae3b8f778ef4612ed00352a284e421,SO48616,4364,BK-R89B-44,2,4364,2f1c6881a8aee249301a33785404cd23
13722,66e56e10b0f528b66a45e307ecdf4774,691ad1b0dca3643b923973defd014d47,SO68594,10,BC-M005,1,10,8eb7a1b0dba9fdd5f4248b9cb6b9119b
13722,66e56e10b0f528b66a45e307ecdf4774,691ad1b0dca3643b923973defd014d47,SO68594,565,BK-M18S-48,1,565,8eb7a1b0dba9fdd5f4248b9cb6b9119b
13722,66e56e10b0f528b66a45e307ecdf4774,691ad1b0dca3643b923973defd014d47,SO68594,48,GL-H102-L,2,48,8eb7a1b0dba9fdd5f4248b9cb6b9119b
13722,66e56e10b0f528b66a45e307ecdf4774,691ad1b0dca3643b923973defd014d47,SO68594,55,HY-1023-70,1,55,8eb7a1b0dba9fdd5f4248b9cb6b9119b
13722,66e56e10b0f528b66a45e307ecdf4774,691ad1b0dca3643b923973defd014d47,SO68594,5,WB-H098,1,5,8eb7a1b0dba9fdd5f4248b9cb6b9119b
13722,fee42f8d62443b64a7e92c5e13c2fffe,20d42f6cfcb5eda27dc59cfb68aa4732,SO48646,2443,BK-R89R-52,1,2443,d842148982d8efbc5cc6f26b41cc7251
13723,ec24e4cf9fcc90f3bbe81b2fb3735c21,c4369eefdf9bb8a3f9115e96b40aaf17,SO69832,105,HL-U509,3,105,f06fd077b6afc2d69af6e1e548da266d
13723,ec24e4cf9fcc90f3bbe81b2fb3735c21,c4369eefdf9bb8a3f9115e96b40aaf17,SO69832,35,TI-M823,1,35,f06fd077b6afc2d69af6e1e548da266d
13723,ec24e4cf9fcc90f3bbe81b2fb3735c21,c4369eefdf9bb8a3f9115e96b40aaf17,SO69832,5,TT-M928,1,5,f06fd077b6afc2d69af6e1e548da266d
13724,41ef6b06b63ba4f6a5234245a439b157,c4c454d69a39e60a6f5cf2f97148adad,SO72618,4590,BK-M68B-38,2,4590,545a3d56d20b22e09aa85bfa5ed8738d
13724,c5f333101183a33b4b4d94a271add9fd,694d75fcfc5bc50259336e29e881a36c,SO48526,4364,BK-R89B-48,2,4364,a1be4f014e5b3c959503117fd1ee566a
13725,501407dcfde5b685045ca3072168d5bb,41ef6b06b63ba4f6a5234245a439b157,SO73559,4640,BK-M68S-46,2,4640,5432d51ee94799c0125bb158c8a8bd22
13725,501407dcfde5b685045ca3072168d5bb,41ef6b06b63ba4f6a5234245a439b157,SO73559,22,FE-6654,1,22,5432d51ee94799c0125bb158c8a8bd22
13725,501407dcfde5b685045ca3072168d5bb,41ef6b06b63ba4f6a5234245a439b157,SO73559,9,SO-R809-L,1,9,5432d51ee94799c0125bb158c8a8bd22
13725,dc4e871b1fb11890821e8f8192f25df1,0cae3b8f778ef4612ed00352a284e421,SO48617,4364,BK-R89R-58,2,4364,2f1c6881a8aee249301a33785404cd23
13726,0e0f7e43982ae36c0cd7c9ba6bc6c699,7c461b9e57346f51c212a91b3cf92bfc,SO48571,4364,BK-R89B-52,2,4364,20d42f6cfcb5eda27dc59cfb68aa4732
13726,a048b8d5f3f9178f163e2be055f0138b,c83e871e48c2716e0f28e60d166a5c98,SO73005,4590,BK-M68B-46,2,4590,41ef6b06b63ba4f6a5234245a439b157
13726,a048b8d5f3f9178f163e2be055f0138b,c83e871e48c2716e0f28e60d166a5c98,SO73005,22,FE-6654,1,22,41ef6b06b63ba4f6a5234245a439b157
13726,a048b8d5f3f9178f163e2be055f0138b,c83e871e48c2716e0f28e60d166a5c98,SO73005,2,PK-7098,1,2,41ef6b06b63ba4f6a5234245a439b157
13727,9592b44e2c3f304a9875f45537bec6eb,a9cd7a99d71cca9cb644010050374ade,SO72755,27,CA-1098,3,27,b2ce0ef2540789e8a6976165b6c917d8
13727,9592b44e2c3f304a9875f45537bec6eb,a9cd7a99d71cca9cb644010050374ade,SO72755,22,FE-6654,1,22,b2ce0ef2540789e8a6976165b6c917d8
13727,9592b44e2c3f304a9875f45537bec6eb,a9cd7a99d71cca9cb644010050374ade,SO72755,150,LJ-0192-M,3,150,b2ce0ef2540789e8a6976165b6c917d8
13728,12b1840e7453d3f4221dc0d69006ef40,2f1c6881a8aee249301a33785404cd23,SO48685,2443,BK-R89R-48,1,2443,f3393c2fcf78ad71519178f1876f05b3
13728,ca5b8307fa5f2189fb98330a9d65927c,88077cf01a3e17831c2d0bcca5897c5b,SO73997,4640,BK-M68S-46,2,4640,5cbbe853aa1a5a1370f9a614904c4b15
13728,ca5b8307fa5f2189fb98330a9d65927c,88077cf01a3e17831c2d0bcca5897c5b,SO73997,22,FE-6654,1,22,5cbbe853aa1a5a1370f9a614904c4b15
13728,ca5b8307fa5f2189fb98330a9d65927c,88077cf01a3e17831c2d0bcca5897c5b,SO73997,48,GL-H102-M,2,48,5cbbe853aa1a5a1370f9a614904c4b15
13728,ca5b8307fa5f2189fb98330a9d65927c,88077cf01a3e17831c2d0bcca5897c5b,SO73997,105,HL-U509,3,105,5cbbe853aa1a5a1370f9a614904c4b15
13728,ca5b8307fa5f2189fb98330a9d65927c,88077cf01a3e17831c2d0bcca5897c5b,SO73997,35,TI-M823,1,35,5cbbe853aa1a5a1370f9a614904c4b15
13729,5881f2ec92a43470fcbe3d3477a2a1fe,fc92d87f5fdfc4fdb58244cc592e3788,SO48676,2443,BK-R89R-52,1,2443,4d547de074f47405ab655adca639c8c2
13729,dcf73f840a50da0145f24e8e0169dc4b,2797a91b25bc2aa85124c99bc574dc83,SO72042,4640,BK-M68S-42,2,4640,d5985f40495ba672dff8a99620b879c8
13729,dcf73f840a50da0145f24e8e0169dc4b,2797a91b25bc2aa85124c99bc574dc83,SO72042,22,FE-6654,1,22,d5985f40495ba672dff8a99620b879c8
13729,dcf73f840a50da0145f24e8e0169dc4b,2797a91b25bc2aa85124c99bc574dc83,SO72042,35,TI-M823,1,35,d5985f40495ba672dff8a99620b879c8
13729,dcf73f840a50da0145f24e8e0169dc4b,2797a91b25bc2aa85124c99bc574dc83,SO72042,64,VE-C304-S,1,64,d5985f40495ba672dff8a99620b879c8
13730,5432d51ee94799c0125bb158c8a8bd22,545a3d56d20b22e09aa85bfa5ed8738d,SO73152,10,BC-M005,1,10,9592b44e2c3f304a9875f45537bec6eb
13730,5432d51ee94799c0125bb158c8a8bd22,545a3d56d20b22e09aa85bfa5ed8738d,SO73152,4640,BK-M68S-38,2,4640,9592b44e2c3f304a9875f45537bec6eb
13730,5432d51ee94799c0125bb158c8a8bd22,545a3d56d20b22e09aa85bfa5ed8738d,SO73152,48,GL-H102-S,2,48,9592b44e2c3f304a9875f45537bec6eb
13730,5432d51ee94799c0125bb158c8a8bd22,545a3d56d20b22e09aa85bfa5ed8738d,SO73152,105,HL-U509,3,105,9592b44e2c3f304a9875f45537bec6eb
13730,8db869d79195e5e17fdcc7c203499b29,79e02a49bb92138c3f331082fef97f2e,SO48404,4364,BK-R89B-52,2,4364,e56b89db4bdb2b3ba01ca1e3dbaf16ef
13731,08ff55594d8ca57b756a1953f77ebc89,54d3ba66c5e71d3112695b882ca2030e,SO74961,22,FE-6654,1,22,12092303778fcfa88ed7d284b74c6a6a
13732,18f358e551b5b85912bc952ab9894c0d,abe94c2111c58e9c9672602d41bce66e,SO64927,35,TI-M823,1,35,a6d37e298c3042e300813f55a17e0875
13732,b8cc77f0099ae7d3a20b9f0b74d70b12,70ad7386c1fe794c57fa3908ff22435d,SO52181,5,WB-H098,1,5,5e9b4970006d8f02ba0bc1763fa8b9a6
13732,b988e88fd94a3b47434beeb650cff880,3c1811b546060d91957cc446aabc4a3c,SO56349,10,BC-M005,1,10,18025e6a8791d350428f65c0783ebd99
13732,b988e88fd94a3b47434beeb650cff880,3c1811b546060d91957cc446aabc4a3c,SO56349,54,SJ-0194-S,1,54,18025e6a8791d350428f65c0783ebd99
13732,b988e88fd94a3b47434beeb650cff880,3c1811b546060d91957cc446aabc4a3c,SO56349,5,WB-H098,1,5,18025e6a8791d350428f65c0783ebd99
13733,53e3822e4ab7309bbe5f440fa5f4e7de,af0f2c97be3051a37eaf670bbd7408f8,SO48428,4364,BK-R89R-58,2,4364,2f58ddcb4c9f30e1ac2a6edb90189d95
13733,b2ce0ef2540789e8a6976165b6c917d8,128ee9ff420de424a605a0ee4a6f7916,SO72403,4590,BK-M68B-38,2,4590,dcf73f840a50da0145f24e8e0169dc4b
13733,b2ce0ef2540789e8a6976165b6c917d8,128ee9ff420de424a605a0ee4a6f7916,SO72403,22,FE-6654,1,22,dcf73f840a50da0145f24e8e0169dc4b
13733,b2ce0ef2540789e8a6976165b6c917d8,128ee9ff420de424a605a0ee4a6f7916,SO72403,55,HY-1023-70,1,55,dcf73f840a50da0145f24e8e0169dc4b
13734,8920fd63645007b243abb750709b1172,58c4ce5b9433e7b6d41793d5a76d5590,SO72317,10,BC-M005,1,10,0d3057f268050d468f468434f8ec809a
13734,8920fd63645007b243abb750709b1172,58c4ce5b9433e7b6d41793d5a76d5590,SO72317,4590,BK-M68B-38,2,4590,0d3057f268050d468f468434f8ec809a
13734,8920fd63645007b243abb750709b1172,58c4ce5b9433e7b6d41793d5a76d5590,SO72317,27,CA-1098,3,27,0d3057f268050d468f468434f8ec809a
13734,8920fd63645007b243abb750709b1172,58c4ce5b9433e7b6d41793d5a76d5590,SO72317,22,FE-6654,1,22,0d3057f268050d468f468434f8ec809a
13734,8920fd63645007b243abb750709b1172,58c4ce5b9433e7b6d41793d5a76d5590,SO72317,5,WB-H098,1,5,0d3057f268050d468f468434f8ec809a
13734,a1be4f014e5b3c959503117fd1ee566a,7e7a9bb13ad063eb81a70efff24ca60a,SO48464,4364,BK-R89B-48,2,4364,5cdbc8775008d87082e2d847e626b2f8
13735,0fc0d540e96e3fc1463b71e253aac75b,a08a8a7cdc12ac1d6f6ca90a6b513d94,SO48442,4364,BK-R89B-52,2,4364,694d75fcfc5bc50259336e29e881a36c
13735,9c55d6518880c1abf100a24da2546368,47a161474962a6dcc03cfa64127a641f,SO74127,10,BC-M005,1,10,9795c57676ee8b8b6ba9a6f9014a520b
13735,9c55d6518880c1abf100a24da2546368,47a161474962a6dcc03cfa64127a641f,SO74127,4640,BK-M68S-46,2,4640,9795c57676ee8b8b6ba9a6f9014a520b
13735,9c55d6518880c1abf100a24da2546368,47a161474962a6dcc03cfa64127a641f,SO74127,5,WB-H098,1,5,9795c57676ee8b8b6ba9a6f9014a520b
13736,20d42f6cfcb5eda27dc59cfb68aa4732,3fce335517b518d0723258ab9aab91d5,SO48508,4364,BK-R89B-52,2,4364,0c0fda0e7ef55245aa19e42bf9928281
13736,43e2cc7ff261723f93f64f3f7e9faa8d,a6f2945baeceeef4c8d541a22f6e99e9,SO73465,4590,BK-M68B-42,2,4590,88077cf01a3e17831c2d0bcca5897c5b
13736,43e2cc7ff261723f93f64f3f7e9faa8d,a6f2945baeceeef4c8d541a22f6e99e9,SO73465,2,PK-7098,1,2,88077cf01a3e17831c2d0bcca5897c5b
13737,d945ec2aae74dbfb829453026b91c235,348f48807f500aeac729fb17d9bc97f1,SO61340,10,BC-M005,1,10,eef21e68ecca703bb338920b950f203c
13737,d945ec2aae74dbfb829453026b91c235,348f48807f500aeac729fb17d9bc97f1,SO61340,22,FE-6654,1,22,eef21e68ecca703bb338920b950f203c
13737,d945ec2aae74dbfb829453026b91c235,348f48807f500aeac729fb17d9bc97f1,SO61340,2,PK-7098,1,2,eef21e68ecca703bb338920b950f203c
13737,d945ec2aae74dbfb829453026b91c235,348f48807f500aeac729fb17d9bc97f1,SO61340,5,WB-H098,1,5,eef21e68ecca703bb338920b950f203c
13738,9a027fc72b503940a96d5137762a263e,0e000451f430d2e5b745a08b4ee7836c,SO74739,22,FE-6654,1,22,54d3ba66c5e71d3112695b882ca2030e
13739,b68fd63ca41d49bfc1b18251202c053f,d4746e41b619da57ee9f1a2e2cc254e8,SO64878,22,FE-6654,1,22,c87874400b9f907bdf9ea37d75a4b341
13739,b68fd63ca41d49bfc1b18251202c053f,d4746e41b619da57ee9f1a2e2cc254e8,SO64878,150,LJ-0192-S,3,150,c87874400b9f907bdf9ea37d75a4b341
13740,02b96ab6e0935145589be4e1408a1675,58f0b42da53adeeccbfa693883fea672,SO65357,22,FE-6654,1,22,b68fd63ca41d49bfc1b18251202c053f
13740,02b96ab6e0935145589be4e1408a1675,58f0b42da53adeeccbfa693883fea672,SO65357,105,HL-U509-B,3,105,b68fd63ca41d49bfc1b18251202c053f
13741,4bbde6a0c4076e78bc106bdc331a94c5,0fc0d540e96e3fc1463b71e253aac75b,SO48579,4364,BK-R89B-58,2,4364,c5f333101183a33b4b4d94a271add9fd
13741,96a3262695f10a59b726f3dfd4782c4d,4c198b2e79c53a9853bfbc76e8e8ae1e,SO51364,769,BK-M38S-46,1,769,07713adfd12a8cd9d376671631f3bc02
13742,b0a28b9424a894b803da41df596f0291,83e0911c7df633c9fad72d0a891f5e14,SO48968,4364,BK-R89R-58,2,4364,dbd014c6041b3624cb17ead892c37e4d
13742,e5bf4a4a03e320ed76cf2ca68fa5b4c0,0a6c721efa4fbe33f8e9e76a63f5b591,SO51664,769,BK-M38S-38,1,769,e2f7ff887646789ea003d03bc2025325
13742,e5bf4a4a03e320ed76cf2ca68fa5b4c0,0a6c721efa4fbe33f8e9e76a63f5b591,SO51664,2,PK-7098,1,2,e2f7ff887646789ea003d03bc2025325
13742,e5bf4a4a03e320ed76cf2ca68fa5b4c0,0a6c721efa4fbe33f8e9e76a63f5b591,SO51664,30,TI-M602,1,30,e2f7ff887646789ea003d03bc2025325
13742,e5bf4a4a03e320ed76cf2ca68fa5b4c0,0a6c721efa4fbe33f8e9e76a63f5b591,SO51664,5,WB-H098,1,5,e2f7ff887646789ea003d03bc2025325
13743,3f72b837978dcd042b73e7270f11a4ca,83d1ed00595e79ee5ea3797e97970fe8,SO70296,4590,BK-M68B-46,2,4590,99c8f306659fd98cbb9d7f03ec0c2a7a
13743,3f72b837978dcd042b73e7270f11a4ca,83d1ed00595e79ee5ea3797e97970fe8,SO70296,55,HY-1023-70,1,55,99c8f306659fd98cbb9d7f03ec0c2a7a
13744,14114c0c0c03d2681f7688c3c6e94055,dbd014c6041b3624cb17ead892c37e4d,SO49021,4364,BK-R89R-58,2,4364,f924afae9f4c724ae1a0a28c0959d2ed
13744,eedd9be5500334505ed9d4aef801ac3d,679eed5d77e30211eb990c0c13145df3,SO51608,769,BK-M38S-38,1,769,7af7abc5e37d5fa2e2334b4fec2584e2
13744,eedd9be5500334505ed9d4aef801ac3d,679eed5d77e30211eb990c0c13145df3,SO51608,8,CL-9009,1,8,7af7abc5e37d5fa2e2334b4fec2584e2
13745,0990769bd233255d308a2f2137e95214,4b74d4eac4c3a33d22d34af93569c011,SO51379,769,BK-M38S-38,1,769,9bbc713be22755b8ea8e3b596e06edd2
13745,0990769bd233255d308a2f2137e95214,4b74d4eac4c3a33d22d34af93569c011,SO51379,105,HL-U509-B,3,105,9bbc713be22755b8ea8e3b596e06edd2
13745,0990769bd233255d308a2f2137e95214,4b74d4eac4c3a33d22d34af93569c011,SO51379,30,TI-M602,1,30,9bbc713be22755b8ea8e3b596e06edd2
13745,0990769bd233255d308a2f2137e95214,4b74d4eac4c3a33d22d34af93569c011,SO51379,5,TT-M928,1,5,9bbc713be22755b8ea8e3b596e06edd2
13745,b841e6f2f1d20f20ca7bd238dfd4c300,cfa82f31e4639f537cf9d0fe9050f93b,SO49013,2443,BK-R89R-52,1,2443,86e8658344547a7d34cd2bcd4750bd8f
13746,8b4b8fc84396c30bd5bacc7370e1491c,ef6f862d87544c63e2c3dbb4d95a25a1,SO48880,2443,BK-R89R-44,1,2443,2238742959ecea1cc6a6148c4f555b08
13746,eedd9be5500334505ed9d4aef801ac3d,679eed5d77e30211eb990c0c13145df3,SO51609,769,BK-M38S-46,1,769,7af7abc5e37d5fa2e2334b4fec2584e2
13746,eedd9be5500334505ed9d4aef801ac3d,679eed5d77e30211eb990c0c13145df3,SO51609,2,PK-7098,1,2,7af7abc5e37d5fa2e2334b4fec2584e2
13746,eedd9be5500334505ed9d4aef801ac3d,679eed5d77e30211eb990c0c13145df3,SO51609,30,TI-M602,1,30,7af7abc5e37d5fa2e2334b4fec2584e2
13746,eedd9be5500334505ed9d4aef801ac3d,679eed5d77e30211eb990c0c13145df3,SO51609,5,TT-M928,1,5,7af7abc5e37d5fa2e2334b4fec2584e2
13747,00bfaeb585c87c9f5074d228abb4b8fb,609dcf12bb3687c6856be712159d7032,SO49033,4364,BK-R89B-48,2,4364,3032fcbd695819ad7b6723a9cd53f277
13747,20b851db79828c985958154243411278,96a3262695f10a59b726f3dfd4782c4d,SO51552,769,BK-M38S-42,1,769,a7cb0a760406e2013c8442a429fed0ae
13747,20b851db79828c985958154243411278,96a3262695f10a59b726f3dfd4782c4d,SO51552,48,GL-H102-S,2,48,a7cb0a760406e2013c8442a429fed0ae
13747,20b851db79828c985958154243411278,96a3262695f10a59b726f3dfd4782c4d,SO51552,70,SH-W890-S,1,70,a7cb0a760406e2013c8442a429fed0ae
13748,830e779850b1d58733a7ad711bf6b83f,39fe373cdcb4534addde73890415b660,SO56511,22,FE-6654,1,22,427ed6396fba4ed8ead9ec3229517d2b
13748,830e779850b1d58733a7ad711bf6b83f,39fe373cdcb4534addde73890415b660,SO56511,150,LJ-0192-X,3,150,427ed6396fba4ed8ead9ec3229517d2b
13749,2d6e054ac82934d489c58cc8399a1628,ce08c22f7777768ce4197eab9727516c,SO60795,22,FE-6654,1,22,348f48807f500aeac729fb17d9bc97f1
13750,ccb91034934bb047c5f6a32eb289b95b,640540d73b85c3ecd2e3bf5541686e87,SO59736,22,FE-6654,1,22,3ebfce6ccd7540a632ae7e6ad8100c29
13750,ccb91034934bb047c5f6a32eb289b95b,640540d73b85c3ecd2e3bf5541686e87,SO59736,150,LJ-0192-M,3,150,3ebfce6ccd7540a632ae7e6ad8100c29
13751,013f173c58073e845f675d26fdde1918,ccb91034934bb047c5f6a32eb289b95b,SO60535,10,BC-M005,1,10,d6fb379288416774d139632beb88e26b
13751,013f173c58073e845f675d26fdde1918,ccb91034934bb047c5f6a32eb289b95b,SO60535,54,SJ-0194-X,1,54,d6fb379288416774d139632beb88e26b
13751,013f173c58073e845f675d26fdde1918,ccb91034934bb047c5f6a32eb289b95b,SO60535,5,WB-H098,1,5,d6fb379288416774d139632beb88e26b
13751,d7f57f35d2bad1349ca24a67a2635eea,5432d51ee94799c0125bb158c8a8bd22,SO74061,22,FE-6654,1,22,1ba7e8cdf85da6cf5e11554703236b52
13751,d7f57f35d2bad1349ca24a67a2635eea,5432d51ee94799c0125bb158c8a8bd22,SO74061,105,HL-U509-B,3,105,1ba7e8cdf85da6cf5e11554703236b52
13751,d7f57f35d2bad1349ca24a67a2635eea,5432d51ee94799c0125bb158c8a8bd22,SO74061,35,TI-M823,1,35,1ba7e8cdf85da6cf5e11554703236b52
13751,d7f57f35d2bad1349ca24a67a2635eea,5432d51ee94799c0125bb158c8a8bd22,SO74061,5,TT-M928,1,5,1ba7e8cdf85da6cf5e11554703236b52
13751,f88b3743a9ce1f9455b6de69380b486a,64cadfde6f66bc25043d0d69f5ae5471,SO66595,54,SJ-0194-X,1,54,3dc63b2d6dcc8f0b6720b06b5439a0b1
13751,f88b3743a9ce1f9455b6de69380b486a,64cadfde6f66bc25043d0d69f5ae5471,SO66595,5,WB-H098,1,5,3dc63b2d6dcc8f0b6720b06b5439a0b1
13752,8b9fe4b34e3c54f08bfcac3d9691e260,a946e75bc65318721cd1e01162d392dd,SO64204,22,FE-6654,1,22,f75e5f8c15ca91ec5c869dc3881f574f
13752,8b9fe4b34e3c54f08bfcac3d9691e260,a946e75bc65318721cd1e01162d392dd,SO64204,2,PK-7098,1,2,f75e5f8c15ca91ec5c869dc3881f574f
13753,d4ae40bdb21d7c1f4fee96082340d3a2,9a027fc72b503940a96d5137762a263e,SO75110,8,CL-9009,1,8,08ff55594d8ca57b756a1953f77ebc89
13753,d4ae40bdb21d7c1f4fee96082340d3a2,9a027fc72b503940a96d5137762a263e,SO75110,22,FE-6654,1,22,08ff55594d8ca57b756a1953f77ebc89
13753,d4ae40bdb21d7c1f4fee96082340d3a2,9a027fc72b503940a96d5137762a263e,SO75110,55,HY-1023-70,1,55,08ff55594d8ca57b756a1953f77ebc89
13754,b0950d12c62d3aeda81b2e8d06f2aef4,e366e24b8ad0b1107528f2f58cd15a81,SO73363,22,FE-6654,1,22,a048b8d5f3f9178f163e2be055f0138b
13754,b0950d12c62d3aeda81b2e8d06f2aef4,e366e24b8ad0b1107528f2f58cd15a81,SO73363,105,HL-U509-R,3,105,a048b8d5f3f9178f163e2be055f0138b
13755,545a3d56d20b22e09aa85bfa5ed8738d,31c99d724c1f182c60edb82eb4740277,SO72216,10,BC-M005,1,10,a9cd7a99d71cca9cb644010050374ade
13755,545a3d56d20b22e09aa85bfa5ed8738d,31c99d724c1f182c60edb82eb4740277,SO72216,27,CA-1098,3,27,a9cd7a99d71cca9cb644010050374ade
13755,545a3d56d20b22e09aa85bfa5ed8738d,31c99d724c1f182c60edb82eb4740277,SO72216,22,FE-6654,1,22,a9cd7a99d71cca9cb644010050374ade
13755,545a3d56d20b22e09aa85bfa5ed8738d,31c99d724c1f182c60edb82eb4740277,SO72216,5,WB-H098,1,5,a9cd7a99d71cca9cb644010050374ade
13756,412998e77ee121227580e3d363f75fa2,df595e3c678d4fae23ce174fe747165e,SO59850,10,BC-M005,1,10,254d832c83ccdb2c33eab65a4fd196ff
13756,412998e77ee121227580e3d363f75fa2,df595e3c678d4fae23ce174fe747165e,SO59850,54,SJ-0194-S,1,54,254d832c83ccdb2c33eab65a4fd196ff
13756,412998e77ee121227580e3d363f75fa2,df595e3c678d4fae23ce174fe747165e,SO59850,5,WB-H098,1,5,254d832c83ccdb2c33eab65a4fd196ff
13756,41464bd548f06ca845208f69df30ac82,15aceb75d86814cb479f1b1a9487c3d4,SO53683,48,GL-H102-L,2,48,3e48b2167bd86ef570e46d0b286c4f74
13756,41464bd548f06ca845208f69df30ac82,15aceb75d86814cb479f1b1a9487c3d4,SO53683,29,TI-T723,1,29,3e48b2167bd86ef570e46d0b286c4f74
13756,41464bd548f06ca845208f69df30ac82,15aceb75d86814cb479f1b1a9487c3d4,SO53683,5,TT-T092,1,5,3e48b2167bd86ef570e46d0b286c4f74
13756,883b9b4170853b321c03290f64ba199f,412998e77ee121227580e3d363f75fa2,SO60672,48,GL-H102-L,2,48,af1457846a79173ef71dd9d5dd69805a
13756,883b9b4170853b321c03290f64ba199f,412998e77ee121227580e3d363f75fa2,SO60672,105,HL-U509-R,3,105,af1457846a79173ef71dd9d5dd69805a
13756,883b9b4170853b321c03290f64ba199f,412998e77ee121227580e3d363f75fa2,SO60672,35,TI-M823,1,35,af1457846a79173ef71dd9d5dd69805a
13756,883b9b4170853b321c03290f64ba199f,412998e77ee121227580e3d363f75fa2,SO60672,5,TT-M928,1,5,af1457846a79173ef71dd9d5dd69805a
13756,eba6cab7267f82e3b2a063d5ea445bb9,73b2264d673ee7b5b2e7e165020516ac,SO58042,105,HL-U509,3,105,02ad1a5ca18e58629b8c1d6a6401d071
13756,eba6cab7267f82e3b2a063d5ea445bb9,73b2264d673ee7b5b2e7e165020516ac,SO58042,33,TI-R982,1,33,02ad1a5ca18e58629b8c1d6a6401d071
13756,eba6cab7267f82e3b2a063d5ea445bb9,73b2264d673ee7b5b2e7e165020516ac,SO58042,4,TT-R982,1,4,02ad1a5ca18e58629b8c1d6a6401d071
13757,4b5c3229e0725ef8d303f494db9faec8,f46ace11e93788e473124f7be16a19d5,SO63716,10,BC-M005,1,10,0149f124a48640c62d90840ac5760331
13757,4b5c3229e0725ef8d303f494db9faec8,f46ace11e93788e473124f7be16a19d5,SO63716,22,FE-6654,1,22,0149f124a48640c62d90840ac5760331
13757,4b5c3229e0725ef8d303f494db9faec8,f46ace11e93788e473124f7be16a19d5,SO63716,55,HY-1023-70,1,55,0149f124a48640c62d90840ac5760331
13758,4c6ed4daa82e7326b84c24f4c2ae7064,b2ce0ef2540789e8a6976165b6c917d8,SO73274,29,TI-T723,1,29,aa14ddbc43aa2d3be1e6ac019bb7b5bc
13758,7f026edc73bd4602381834e9b850d6c2,eedd9be5500334505ed9d4aef801ac3d,SO52261,2,PK-7098,1,2,db2b287636ac5ebda430de4f3f643b24
13758,7f026edc73bd4602381834e9b850d6c2,eedd9be5500334505ed9d4aef801ac3d,SO52261,35,TI-M823,1,35,db2b287636ac5ebda430de4f3f643b24
13758,7f026edc73bd4602381834e9b850d6c2,eedd9be5500334505ed9d4aef801ac3d,SO52261,5,TT-M928,1,5,db2b287636ac5ebda430de4f3f643b24
13758,8b9fe4b34e3c54f08bfcac3d9691e260,a946e75bc65318721cd1e01162d392dd,SO64201,10,BC-M005,1,10,f75e5f8c15ca91ec5c869dc3881f574f
13758,8b9fe4b34e3c54f08bfcac3d9691e260,a946e75bc65318721cd1e01162d392dd,SO64201,2,PK-7098,1,2,f75e5f8c15ca91ec5c869dc3881f574f
13758,8b9fe4b34e3c54f08bfcac3d9691e260,a946e75bc65318721cd1e01162d392dd,SO64201,5,WB-H098,1,5,f75e5f8c15ca91ec5c869dc3881f574f
13758,af1457846a79173ef71dd9d5dd69805a,254d832c83ccdb2c33eab65a4fd196ff,SO60342,159,ST-1401,1,159,ce08c22f7777768ce4197eab9727516c
13758,af1457846a79173ef71dd9d5dd69805a,254d832c83ccdb2c33eab65a4fd196ff,SO60342,33,TI-R982,1,33,ce08c22f7777768ce4197eab9727516c
13758,af1457846a79173ef71dd9d5dd69805a,254d832c83ccdb2c33eab65a4fd196ff,SO60342,4,TT-R982,1,4,ce08c22f7777768ce4197eab9727516c
13759,3519c8eb4095dbc69d80eb61856d3435,6e5c4b769f8f70f9fd01b24ba5be9695,SO55581,10,BC-M005,1,10,d6ab5a0eee939524352092b964d92b84
13759,3519c8eb4095dbc69d80eb61856d3435,6e5c4b769f8f70f9fd01b24ba5be9695,SO55581,22,FE-6654,1,22,d6ab5a0eee939524352092b964d92b84
13759,3519c8eb4095dbc69d80eb61856d3435,6e5c4b769f8f70f9fd01b24ba5be9695,SO55581,64,VE-C304-L,1,64,d6ab5a0eee939524352092b964d92b84
13759,3519c8eb4095dbc69d80eb61856d3435,6e5c4b769f8f70f9fd01b24ba5be9695,SO55581,5,WB-H098,1,5,d6ab5a0eee939524352092b964d92b84
13760,6583882ca853d66524856501b27519f5,1ba7e8cdf85da6cf5e11554703236b52,SO74313,105,HL-U509-R,3,105,d27974ca95fd620ac92cf95bf8c1d1f2
13760,6583882ca853d66524856501b27519f5,1ba7e8cdf85da6cf5e11554703236b52,SO74313,29,TI-T723,1,29,d27974ca95fd620ac92cf95bf8c1d1f2
13760,6583882ca853d66524856501b27519f5,1ba7e8cdf85da6cf5e11554703236b52,SO74313,5,TT-T092,1,5,d27974ca95fd620ac92cf95bf8c1d1f2
13760,c926349b55a58d87d7d5008c349fd1e9,9e8cbc3edbb5efb3f48d6afb260e4725,SO60066,10,BC-M005,1,10,ccb91034934bb047c5f6a32eb289b95b
13760,c926349b55a58d87d7d5008c349fd1e9,9e8cbc3edbb5efb3f48d6afb260e4725,SO60066,2,PK-7098,1,2,ccb91034934bb047c5f6a32eb289b95b
13760,c926349b55a58d87d7d5008c349fd1e9,9e8cbc3edbb5efb3f48d6afb260e4725,SO60066,5,WB-H098,1,5,ccb91034934bb047c5f6a32eb289b95b
13760,d6fb379288416774d139632beb88e26b,3ebfce6ccd7540a632ae7e6ad8100c29,SO60225,105,HL-U509,3,105,412998e77ee121227580e3d363f75fa2
13760,d6fb379288416774d139632beb88e26b,3ebfce6ccd7540a632ae7e6ad8100c29,SO60225,35,TI-M823,1,35,412998e77ee121227580e3d363f75fa2
13760,d6fb379288416774d139632beb88e26b,3ebfce6ccd7540a632ae7e6ad8100c29,SO60225,5,TT-M928,1,5,412998e77ee121227580e3d363f75fa2
13760,f88b3743a9ce1f9455b6de69380b486a,64cadfde6f66bc25043d0d69f5ae5471,SO66588,33,TI-R982,1,33,3dc63b2d6dcc8f0b6720b06b5439a0b1
13760,f88b3743a9ce1f9455b6de69380b486a,64cadfde6f66bc25043d0d69f5ae5471,SO66588,4,TT-R982,1,4,3dc63b2d6dcc8f0b6720b06b5439a0b1
13761,2d6e054ac82934d489c58cc8399a1628,ce08c22f7777768ce4197eab9727516c,SO60796,22,FE-6654,1,22,348f48807f500aeac729fb17d9bc97f1
13761,2d6e054ac82934d489c58cc8399a1628,ce08c22f7777768ce4197eab9727516c,SO60796,48,GL-H102-M,2,48,348f48807f500aeac729fb17d9bc97f1
13762,41fc4cb27e0ee552c4c9247e1a476cc5,6d338b8c41c717c4336ad0084a80dca4,SO55105,33,TI-R982,1,33,6e5c4b769f8f70f9fd01b24ba5be9695
13762,41fc4cb27e0ee552c4c9247e1a476cc5,6d338b8c41c717c4336ad0084a80dca4,SO55105,4,TT-R982,1,4,6e5c4b769f8f70f9fd01b24ba5be9695
13762,43e2cc7ff261723f93f64f3f7e9faa8d,a6f2945baeceeef4c8d541a22f6e99e9,SO73443,10,BC-M005,1,10,88077cf01a3e17831c2d0bcca5897c5b
13762,43e2cc7ff261723f93f64f3f7e9faa8d,a6f2945baeceeef4c8d541a22f6e99e9,SO73443,64,VE-C304-M,1,64,88077cf01a3e17831c2d0bcca5897c5b
13762,43e2cc7ff261723f93f64f3f7e9faa8d,a6f2945baeceeef4c8d541a22f6e99e9,SO73443,5,WB-H098,1,5,88077cf01a3e17831c2d0bcca5897c5b
13762,b322422d9a721bbdefa133133dd407c1,07b7d2aed13a63a16377587dcc0abbe8,SO66861,27,CA-1098,3,27,2296af5563b2061aa1d88124a37eecb7
13762,b322422d9a721bbdefa133133dd407c1,07b7d2aed13a63a16377587dcc0abbe8,SO66861,22,FE-6654,1,22,2296af5563b2061aa1d88124a37eecb7
13762,b322422d9a721bbdefa133133dd407c1,07b7d2aed13a63a16377587dcc0abbe8,SO66861,35,TI-M823,1,35,2296af5563b2061aa1d88124a37eecb7
13762,b322422d9a721bbdefa133133dd407c1,07b7d2aed13a63a16377587dcc0abbe8,SO66861,5,TT-M928,1,5,2296af5563b2061aa1d88124a37eecb7
13762,d612b5fb3f6011688fb0c9927693365a,3e107cd1554225ea3056ed5010adce90,SO74381,27,CA-1098,3,27,a1e59736d286765313b8212467dc64b2
13762,d612b5fb3f6011688fb0c9927693365a,3e107cd1554225ea3056ed5010adce90,SO74381,29,TI-T723,1,29,a1e59736d286765313b8212467dc64b2
13762,d612b5fb3f6011688fb0c9927693365a,3e107cd1554225ea3056ed5010adce90,SO74381,5,TT-T092,1,5,a1e59736d286765313b8212467dc64b2
13763,07b7d2aed13a63a16377587dcc0abbe8,02b96ab6e0935145589be4e1408a1675,SO66113,22,FE-6654,1,22,6866da5d40f1aad2d82129d5ffa25bda
13763,07b7d2aed13a63a16377587dcc0abbe8,02b96ab6e0935145589be4e1408a1675,SO66113,9,SO-R809-M,1,9,6866da5d40f1aad2d82129d5ffa25bda
13764,106dfbaf552c07a1b08d065f2c343982,3f20f21c57e09a6c071e44d1fe74b58a,SO54562,105,HL-U509-R,3,105,dba3e44e23a1d2c2f299811e94db7fce
13764,106dfbaf552c07a1b08d065f2c343982,3f20f21c57e09a6c071e44d1fe74b58a,SO54562,35,TI-M823,1,35,dba3e44e23a1d2c2f299811e94db7fce
13764,106dfbaf552c07a1b08d065f2c343982,3f20f21c57e09a6c071e44d1fe74b58a,SO54562,5,TT-M928,1,5,dba3e44e23a1d2c2f299811e94db7fce
13765,07b7d2aed13a63a16377587dcc0abbe8,02b96ab6e0935145589be4e1408a1675,SO66091,4590,BK-M68B-38,2,4590,6866da5d40f1aad2d82129d5ffa25bda
13765,07b7d2aed13a63a16377587dcc0abbe8,02b96ab6e0935145589be4e1408a1675,SO66091,105,HL-U509-R,3,105,6866da5d40f1aad2d82129d5ffa25bda
13765,1c37e3540a186a26df97e1d816a180d8,13c2439a16b8e0eab906d0cd09c97dbc,SO44138,3578,BK-R93R-62,1,3578,aa23a148fd157c87970b5fa9079424f9
13765,9c55d6518880c1abf100a24da2546368,47a161474962a6dcc03cfa64127a641f,SO74133,1215,BK-T44U-60,1,1215,9795c57676ee8b8b6ba9a6f9014a520b
13765,9c55d6518880c1abf100a24da2546368,47a161474962a6dcc03cfa64127a641f,SO74133,29,TI-T723,1,29,9795c57676ee8b8b6ba9a6f9014a520b
13766,41464bd548f06ca845208f69df30ac82,15aceb75d86814cb479f1b1a9487c3d4,SO53680,769,BK-M38S-42,1,769,3e48b2167bd86ef570e46d0b286c4f74
13766,41464bd548f06ca845208f69df30ac82,15aceb75d86814cb479f1b1a9487c3d4,SO53680,150,LJ-0192-L,3,150,3e48b2167bd86ef570e46d0b286c4f74
13766,afdb67129022ab285264def615fa587a,d6cafebfd2db462e512bc5b597cf9232,SO46809,4364,BK-R89R-58,2,4364,de3a4af731cd077daa2beb37e580c57f
13767,21a8a8728571572bbc42a5a3bdaf9f1c,91b7ffe240ad23db6408cd1d19015686,SO44373,3578,BK-R93R-62,1,3578,89426de0285546a41a891a5ec5aae6ae
13767,a048b8d5f3f9178f163e2be055f0138b,c83e871e48c2716e0f28e60d166a5c98,SO72966,10,BC-M005,1,10,41ef6b06b63ba4f6a5234245a439b157
13767,a048b8d5f3f9178f163e2be055f0138b,c83e871e48c2716e0f28e60d166a5c98,SO72966,4590,BK-M68B-46,2,4590,41ef6b06b63ba4f6a5234245a439b157
13767,a048b8d5f3f9178f163e2be055f0138b,c83e871e48c2716e0f28e60d166a5c98,SO72966,22,FE-6654,1,22,41ef6b06b63ba4f6a5234245a439b157
13767,a048b8d5f3f9178f163e2be055f0138b,c83e871e48c2716e0f28e60d166a5c98,SO72966,5,WB-H098,1,5,41ef6b06b63ba4f6a5234245a439b157
13768,100acb16459de9c5ebfc99be9a36afbe,72171e6e7eab0887133ec8422525979d,SO46835,4364,BK-R89R-58,2,4364,aa4ae995295bc6ee1d97c709a638619d
13768,3519c8eb4095dbc69d80eb61856d3435,6e5c4b769f8f70f9fd01b24ba5be9695,SO55555,4640,BK-M68S-46,2,4640,d6ab5a0eee939524352092b964d92b84
13768,3519c8eb4095dbc69d80eb61856d3435,6e5c4b769f8f70f9fd01b24ba5be9695,SO55555,22,FE-6654,1,22,d6ab5a0eee939524352092b964d92b84
13768,e84848120190a8d0e696fbeb15647a74,fff3c307c93eda1eb91d53ca588846fe,SO70447,540,BK-R19B-48,1,540,f544b472453b297a8b55709fbfd3746d
13769,100acb16459de9c5ebfc99be9a36afbe,72171e6e7eab0887133ec8422525979d,SO46836,4364,BK-R89B-52,2,4364,aa4ae995295bc6ee1d97c709a638619d
13769,58c4ce5b9433e7b6d41793d5a76d5590,1556bafff387fc8f2f6fef64c1daa6bc,SO71345,540,BK-R19B-48,1,540,fd5ba6fdeb81e07b2caf0b103489bd8d
13769,58c4ce5b9433e7b6d41793d5a76d5590,1556bafff387fc8f2f6fef64c1daa6bc,SO71345,9,SO-R809-M,1,9,fd5ba6fdeb81e07b2caf0b103489bd8d
13769,640540d73b85c3ecd2e3bf5541686e87,eba6cab7267f82e3b2a063d5ea445bb9,SO58706,4640,BK-M68S-38,2,4640,d630b2db6e8046e30b4728ca862ba4e1
13769,640540d73b85c3ecd2e3bf5541686e87,eba6cab7267f82e3b2a063d5ea445bb9,SO58706,35,TI-M823,1,35,d630b2db6e8046e30b4728ca862ba4e1
13770,5691ac18f59a9af20f9d8703772afbba,d8a4ea0dc4237ee8690ee37b3902fd0e,SO55925,10,BC-M005,1,10,bc761b2b7297029a695fbd6dd0470724
13770,5691ac18f59a9af20f9d8703772afbba,d8a4ea0dc4237ee8690ee37b3902fd0e,SO55925,4590,BK-M68B-46,2,4590,bc761b2b7297029a695fbd6dd0470724
13770,5691ac18f59a9af20f9d8703772afbba,d8a4ea0dc4237ee8690ee37b3902fd0e,SO55925,5,WB-H098,1,5,bc761b2b7297029a695fbd6dd0470724
13770,6e32728b966bb91cefefa1316da21ca8,b322422d9a721bbdefa133133dd407c1,SO67761,540,BK-R19B-44,1,540,de5009f9bf3e9725d2381f4a5e913111
13770,c7a16e3564a93e8393da22246748d231,c3aa0c1c9cde5a60eae660ee09a2892b,SO44426,3578,BK-R93R-56,1,3578,ad2d8c85f4c05bcb0bd6f990bd634d72
13771,734960ba36ece342ee3cecd575c43e70,9cdb9e90f63b56acfa81a93f08237e59,SO44622,3578,BK-R93R-44,1,3578,91709e289a4895815eb969d94809b8ea
13771,c135545cc3f3a739132ffdbc8096f3d4,36ab6f1df21f3c9a169c8942e981959a,SO68463,9,BC-R205,1,9,511572e8a25e86c2f48ae9e6d73a1e6a
13771,c135545cc3f3a739132ffdbc8096f3d4,36ab6f1df21f3c9a169c8942e981959a,SO68463,540,BK-R19B-48,1,540,511572e8a25e86c2f48ae9e6d73a1e6a
13771,c135545cc3f3a739132ffdbc8096f3d4,36ab6f1df21f3c9a169c8942e981959a,SO68463,48,GL-H102-S,2,48,511572e8a25e86c2f48ae9e6d73a1e6a
13771,c135545cc3f3a739132ffdbc8096f3d4,36ab6f1df21f3c9a169c8942e981959a,SO68463,5,WB-H098,1,5,511572e8a25e86c2f48ae9e6d73a1e6a
13771,d76e0ba1fa041675ae9af958c5b41ae4,b988e88fd94a3b47434beeb650cff880,SO56961,4590,BK-M68B-38,2,4590,cae5717327bee7d74e261c550aa5081f
13771,d76e0ba1fa041675ae9af958c5b41ae4,b988e88fd94a3b47434beeb650cff880,SO56961,27,CA-1098,3,27,cae5717327bee7d74e261c550aa5081f
13771,d76e0ba1fa041675ae9af958c5b41ae4,b988e88fd94a3b47434beeb650cff880,SO56961,105,HL-U509-B,3,105,cae5717327bee7d74e261c550aa5081f
13771,d76e0ba1fa041675ae9af958c5b41ae4,b988e88fd94a3b47434beeb650cff880,SO56961,35,TI-M823,1,35,cae5717327bee7d74e261c550aa5081f
13771,d76e0ba1fa041675ae9af958c5b41ae4,b988e88fd94a3b47434beeb650cff880,SO56961,5,TT-M928,1,5,cae5717327bee7d74e261c550aa5081f
13772,07d14b363438ad842665e35b72cd095b,9fa48dc8d46636bab53020640f0d42b9,SO44161,3578,BK-R93R-56,1,3578,9c09e1a3bb33cc56909b944a08096b34
13772,4004a117f65dfd3221a9cce8fce5a45f,6ef7b4bb93d4e54234cf965ed2334682,SO66702,4590,BK-M68B-42,2,4590,0120f4004ede1143c3be6caa4227affe
13772,4004a117f65dfd3221a9cce8fce5a45f,6ef7b4bb93d4e54234cf965ed2334682,SO66702,55,HY-1023-70,1,55,0120f4004ede1143c3be6caa4227affe
13773,9913e55755fcc4267a06c1e6adbbc7fb,4a70a3ec50fd16032883bf6fc79c55dd,SO61886,2,PK-7098,1,2,d53f9d33cac0a297449a74a10d031570
13773,9913e55755fcc4267a06c1e6adbbc7fb,4a70a3ec50fd16032883bf6fc79c55dd,SO61886,35,TI-M823,1,35,d53f9d33cac0a297449a74a10d031570
13773,9913e55755fcc4267a06c1e6adbbc7fb,4a70a3ec50fd16032883bf6fc79c55dd,SO61886,5,TT-M928,1,5,d53f9d33cac0a297449a74a10d031570
13774,3500da16b6d3d0da611bc08c2b1e1c05,5f827524a01a15af1043fdb581ce224b,SO51303,10,BC-M005,1,10,070e7bb8852d69e16952038e5532904f
13774,3500da16b6d3d0da611bc08c2b1e1c05,5f827524a01a15af1043fdb581ce224b,SO51303,769,BK-M38S-38,1,769,070e7bb8852d69e16952038e5532904f
13774,3500da16b6d3d0da611bc08c2b1e1c05,5f827524a01a15af1043fdb581ce224b,SO51303,105,HL-U509,3,105,070e7bb8852d69e16952038e5532904f
13774,e94c59408a716e0880e846ed2af22ab6,1196d321a78d3dac9aa831bdf2b781e9,SO44722,3578,BK-R93R-62,1,3578,57353bedf8dc1d6ee91df0141dd8e8a4
13775,43e2cc7ff261723f93f64f3f7e9faa8d,a6f2945baeceeef4c8d541a22f6e99e9,SO73460,55,HY-1023-70,1,55,88077cf01a3e17831c2d0bcca5897c5b
13775,43e2cc7ff261723f93f64f3f7e9faa8d,a6f2945baeceeef4c8d541a22f6e99e9,SO73460,9,SO-R809-L,1,9,88077cf01a3e17831c2d0bcca5897c5b
13775,43e2cc7ff261723f93f64f3f7e9faa8d,a6f2945baeceeef4c8d541a22f6e99e9,SO73460,5,TT-T092,1,5,88077cf01a3e17831c2d0bcca5897c5b
13776,0c8ff735cb2b05718573c08173335fd4,1685ca8ff12ea83725a1c35e1d89c5cd,SO54501,33,TI-R982,1,33,b8d9d66529b0a1e91f6137abcdd065dd
13776,0c8ff735cb2b05718573c08173335fd4,1685ca8ff12ea83725a1c35e1d89c5cd,SO54501,4,TT-R982,1,4,b8d9d66529b0a1e91f6137abcdd065dd
13776,da9c4ba6c9a1ae8725389bfd38b5763a,3e48b2167bd86ef570e46d0b286c4f74,SO54077,29,TI-T723,1,29,9223b53f03a405f817e91392f0294f6a
13776,da9c4ba6c9a1ae8725389bfd38b5763a,3e48b2167bd86ef570e46d0b286c4f74,SO54077,5,TT-T092,1,5,9223b53f03a405f817e91392f0294f6a
13777,556c3334adfb28b12965c8974489bdcd,531a5e6e1b551dc67663de449307272a,SO44252,3578,BK-R93R-48,1,3578,12e0e6d801bd9b913826b796045098f0
13777,6d1d8a1c7851eb5a946d45009cea6d9f,3f0c8308e4e2e5c4ddc1b7e19304f613,SO65686,10,BC-M005,1,10,6582aa26281b9a92ad60e6a03e274c00
13777,6d1d8a1c7851eb5a946d45009cea6d9f,3f0c8308e4e2e5c4ddc1b7e19304f613,SO65686,4590,BK-M68B-42,2,4590,6582aa26281b9a92ad60e6a03e274c00
13777,6d1d8a1c7851eb5a946d45009cea6d9f,3f0c8308e4e2e5c4ddc1b7e19304f613,SO65686,105,HL-U509,3,105,6582aa26281b9a92ad60e6a03e274c00
13777,6d1d8a1c7851eb5a946d45009cea6d9f,3f0c8308e4e2e5c4ddc1b7e19304f613,SO65686,5,WB-H098,1,5,6582aa26281b9a92ad60e6a03e274c00
13777,d7f57f35d2bad1349ca24a67a2635eea,5432d51ee94799c0125bb158c8a8bd22,SO74071,1215,BK-T44U-50,1,1215,1ba7e8cdf85da6cf5e11554703236b52
13777,d7f57f35d2bad1349ca24a67a2635eea,5432d51ee94799c0125bb158c8a8bd22,SO74071,27,CA-1098,3,27,1ba7e8cdf85da6cf5e11554703236b52
13778,13cf8e3f6f70d6ec53d1bddcf2753024,d6b9b03542074ed6fb3d7591d5f55f01,SO44611,3578,BK-R93R-56,1,3578,37d432af4c14cecfa24199777e440c0a
13778,bee2b842cd357511cf4c8e509f5af192,5dddb266d8c26eece51489fe90c9f47d,SO51638,769,BK-M38S-40,1,769,20b851db79828c985958154243411278
13778,bee2b842cd357511cf4c8e509f5af192,5dddb266d8c26eece51489fe90c9f47d,SO51638,150,LJ-0192-X,3,150,20b851db79828c985958154243411278
13779,d6cafebfd2db462e512bc5b597cf9232,b0d346be9fa7508e21d5c500b97e6b7a,SO46712,4364,BK-R89B-44,2,4364,4a318fb9cfbe73b094d25673d3ce9e38
13779,fda052162862bb845297063fd71a580c,1678083e7ff90bd404baad3f60bffa37,SO56388,769,BK-M38S-38,1,769,a2c49941411089cb2a9cbf78cb803c26
13779,fda052162862bb845297063fd71a580c,1678083e7ff90bd404baad3f60bffa37,SO56388,22,FE-6654,1,22,a2c49941411089cb2a9cbf78cb803c26
13779,fda052162862bb845297063fd71a580c,1678083e7ff90bd404baad3f60bffa37,SO56388,55,HY-1023-70,1,55,a2c49941411089cb2a9cbf78cb803c26
13779,fda052162862bb845297063fd71a580c,1678083e7ff90bd404baad3f60bffa37,SO56388,30,TI-M602,1,30,a2c49941411089cb2a9cbf78cb803c26
13779,fda052162862bb845297063fd71a580c,1678083e7ff90bd404baad3f60bffa37,SO56388,5,TT-M928,1,5,a2c49941411089cb2a9cbf78cb803c26
13780,921bc92a493b53f98f24e6a8a12801be,17520f5649fab40fb66771362888cb90,SO71450,48,GL-H102-L,2,48,6a8d7e42bb852c45fbf8610361d391a0
13780,921bc92a493b53f98f24e6a8a12801be,17520f5649fab40fb66771362888cb90,SO71450,35,TI-M823,1,35,6a8d7e42bb852c45fbf8610361d391a0
13781,39ff8ac1e8a44088f96e17b846ec8baf,9a95fdf4e925d9cbd65f87b5aa4ac212,SO60405,35,TI-M823,1,35,c926349b55a58d87d7d5008c349fd1e9
13781,39ff8ac1e8a44088f96e17b846ec8baf,9a95fdf4e925d9cbd65f87b5aa4ac212,SO60405,5,TT-M928,1,5,c926349b55a58d87d7d5008c349fd1e9
13781,3ebfce6ccd7540a632ae7e6ad8100c29,d630b2db6e8046e30b4728ca862ba4e1,SO59366,105,HL-U509,3,105,df595e3c678d4fae23ce174fe747165e
13781,3ebfce6ccd7540a632ae7e6ad8100c29,d630b2db6e8046e30b4728ca862ba4e1,SO59366,30,TI-M602,1,30,df595e3c678d4fae23ce174fe747165e
13781,3ebfce6ccd7540a632ae7e6ad8100c29,d630b2db6e8046e30b4728ca862ba4e1,SO59366,5,TT-M928,1,5,df595e3c678d4fae23ce174fe747165e
13782,37d432af4c14cecfa24199777e440c0a,f3743b367906f6735a01aa72d2cf8a5e,SO44580,3578,BK-R93R-56,1,3578,835541a7e1c5fe9f0e2f6dd4fa1b8864
13782,ad0b7f5ad35732646f1e5f67418d5995,244cede513841376c37dc856f2f5e7b9,SO59274,10,BC-M005,1,10,0df76889b3e31ccfd17b50cc73baef03
13782,ad0b7f5ad35732646f1e5f67418d5995,244cede513841376c37dc856f2f5e7b9,SO59274,4590,BK-M68B-46,2,4590,0df76889b3e31ccfd17b50cc73baef03
13782,ad0b7f5ad35732646f1e5f67418d5995,244cede513841376c37dc856f2f5e7b9,SO59274,105,HL-U509,3,105,0df76889b3e31ccfd17b50cc73baef03
13782,ad0b7f5ad35732646f1e5f67418d5995,244cede513841376c37dc856f2f5e7b9,SO59274,5,WB-H098,1,5,0df76889b3e31ccfd17b50cc73baef03
13782,c135545cc3f3a739132ffdbc8096f3d4,36ab6f1df21f3c9a169c8942e981959a,SO68464,9,BC-R205,1,9,511572e8a25e86c2f48ae9e6d73a1e6a
13782,c135545cc3f3a739132ffdbc8096f3d4,36ab6f1df21f3c9a169c8942e981959a,SO68464,540,BK-R19B-58,1,540,511572e8a25e86c2f48ae9e6d73a1e6a
13782,c135545cc3f3a739132ffdbc8096f3d4,36ab6f1df21f3c9a169c8942e981959a,SO68464,105,HL-U509,3,105,511572e8a25e86c2f48ae9e6d73a1e6a
13782,c135545cc3f3a739132ffdbc8096f3d4,36ab6f1df21f3c9a169c8942e981959a,SO68464,5,WB-H098,1,5,511572e8a25e86c2f48ae9e6d73a1e6a
13783,3a0c86e2d3f9856bab812272b3f829ab,07d14b363438ad842665e35b72cd095b,SO44210,3578,BK-R93R-62,1,3578,2f49cf3cf9904a79c666862bd2c9e3a1
13783,6ef7b4bb93d4e54234cf965ed2334682,ccf89c691dabb1412404274596922d90,SO65951,4640,BK-M68S-46,2,4640,93ddc10d6cf61153011df052aa76671f
13783,6ef7b4bb93d4e54234cf965ed2334682,ccf89c691dabb1412404274596922d90,SO65951,22,FE-6654,1,22,93ddc10d6cf61153011df052aa76671f
13783,6ef7b4bb93d4e54234cf965ed2334682,ccf89c691dabb1412404274596922d90,SO65951,105,HL-U509,3,105,93ddc10d6cf61153011df052aa76671f
13784,8dc021e7735ab95ead2c0c92072863b0,c947239f01c6b75acb71b136a7ee0eb3,SO44173,3578,BK-R93R-48,1,3578,5d6eba48b2fa5ed437db0475fd1b7ef4
13784,9795c57676ee8b8b6ba9a6f9014a520b,c5ed53572c667b119dde2fc0f54de602,SO73758,1215,BK-T44U-60,1,1215,b0950d12c62d3aeda81b2e8d06f2aef4
13784,9795c57676ee8b8b6ba9a6f9014a520b,c5ed53572c667b119dde2fc0f54de602,SO73758,150,LJ-0192-L,3,150,b0950d12c62d3aeda81b2e8d06f2aef4
13784,f88b3743a9ce1f9455b6de69380b486a,64cadfde6f66bc25043d0d69f5ae5471,SO66577,4590,BK-M68B-38,2,4590,3dc63b2d6dcc8f0b6720b06b5439a0b1
13785,af1457846a79173ef71dd9d5dd69805a,254d832c83ccdb2c33eab65a4fd196ff,SO60349,2,PK-7098,1,2,ce08c22f7777768ce4197eab9727516c
13785,af1457846a79173ef71dd9d5dd69805a,254d832c83ccdb2c33eab65a4fd196ff,SO60349,33,TI-R982,1,33,ce08c22f7777768ce4197eab9727516c
13785,af1457846a79173ef71dd9d5dd69805a,254d832c83ccdb2c33eab65a4fd196ff,SO60349,4,TT-R982,1,4,ce08c22f7777768ce4197eab9727516c
13785,d76e0ba1fa041675ae9af958c5b41ae4,b988e88fd94a3b47434beeb650cff880,SO56990,9,BC-R205,1,9,cae5717327bee7d74e261c550aa5081f
13785,d76e0ba1fa041675ae9af958c5b41ae4,b988e88fd94a3b47434beeb650cff880,SO56990,105,HL-U509,3,105,cae5717327bee7d74e261c550aa5081f
13785,d76e0ba1fa041675ae9af958c5b41ae4,b988e88fd94a3b47434beeb650cff880,SO56990,29,TI-T723,1,29,cae5717327bee7d74e261c550aa5081f
13785,d76e0ba1fa041675ae9af958c5b41ae4,b988e88fd94a3b47434beeb650cff880,SO56990,5,TT-T092,1,5,cae5717327bee7d74e261c550aa5081f
13785,d76e0ba1fa041675ae9af958c5b41ae4,b988e88fd94a3b47434beeb650cff880,SO56990,5,WB-H098,1,5,cae5717327bee7d74e261c550aa5081f
13786,03bf7d2a8718ee9aca4bd2f37e962fc4,290499d9b8e65db426ba9b842714eb6d,SO63585,5,TT-T092,1,5,7130adfd843cdcb6d0bcd9d13792693a
13787,debbb2493c6588799fc787e1854bcda5,40883861f6e25a2e09e848a7891f4f38,SO58107,55,HY-1023-70,1,55,0814775cfc25da756a9b4197347ab771
13787,debbb2493c6588799fc787e1854bcda5,40883861f6e25a2e09e848a7891f4f38,SO58107,5,TT-T092,1,5,0814775cfc25da756a9b4197347ab771
13788,9b6872ca1d80024637e967d1066bba0a,4310d0d92131e34ff2716d85e1953174,SO55366,29,TI-T723,1,29,7b0730955172ecda497d7cca6b1d87a1
13788,9b6872ca1d80024637e967d1066bba0a,4310d0d92131e34ff2716d85e1953174,SO55366,5,TT-T092,1,5,7b0730955172ecda497d7cca6b1d87a1
13788,c885741a5e3e55c84950327011b70289,7e15f50bd26e439e6a22f5205a8064db,SO68650,8,CL-9009,1,8,0da2bc000f1fe4ea8746f9aea0bb5879
13788,c885741a5e3e55c84950327011b70289,7e15f50bd26e439e6a22f5205a8064db,SO68650,2,PK-7098,1,2,0da2bc000f1fe4ea8746f9aea0bb5879
13788,c885741a5e3e55c84950327011b70289,7e15f50bd26e439e6a22f5205a8064db,SO68650,120,RA-H123,1,120,0da2bc000f1fe4ea8746f9aea0bb5879
13788,c885741a5e3e55c84950327011b70289,7e15f50bd26e439e6a22f5205a8064db,SO68650,33,TI-R982,1,33,0da2bc000f1fe4ea8746f9aea0bb5879
13788,c885741a5e3e55c84950327011b70289,7e15f50bd26e439e6a22f5205a8064db,SO68650,4,TT-R982,1,4,0da2bc000f1fe4ea8746f9aea0bb5879
13789,734960ba36ece342ee3cecd575c43e70,9cdb9e90f63b56acfa81a93f08237e59,SO44619,3578,BK-R93R-48,1,3578,91709e289a4895815eb969d94809b8ea
13789,e8c0bfc4371d81db0dacde1b8fa393ca,e5cdc2e9be5ecca55f34ea2ebabb8670,SO51340,769,BK-M38S-42,1,769,01070cf843f2ca45e3d4ec7c02c52551
13789,e8c0bfc4371d81db0dacde1b8fa393ca,e5cdc2e9be5ecca55f34ea2ebabb8670,SO51340,150,LJ-0192-L,3,150,01070cf843f2ca45e3d4ec7c02c52551
13790,9028a0765880cb1b7ff6c72ea16b9e72,0e5d0e3f7f9f1ae575ea209e1c544a79,SO44673,3578,BK-R93R-56,1,3578,cb3217ce33539985968a3e5daaf3e9a9
13790,b8cc77f0099ae7d3a20b9f0b74d70b12,70ad7386c1fe794c57fa3908ff22435d,SO52168,769,BK-M38S-42,1,769,5e9b4970006d8f02ba0bc1763fa8b9a6
13790,b8cc77f0099ae7d3a20b9f0b74d70b12,70ad7386c1fe794c57fa3908ff22435d,SO52168,150,LJ-0192-X,3,150,5e9b4970006d8f02ba0bc1763fa8b9a6
13791,07b7d2aed13a63a16377587dcc0abbe8,02b96ab6e0935145589be4e1408a1675,SO66124,2,PK-7098,1,2,6866da5d40f1aad2d82129d5ffa25bda
13791,07b7d2aed13a63a16377587dcc0abbe8,02b96ab6e0935145589be4e1408a1675,SO66124,29,TI-T723,1,29,6866da5d40f1aad2d82129d5ffa25bda
13791,07b7d2aed13a63a16377587dcc0abbe8,02b96ab6e0935145589be4e1408a1675,SO66124,5,TT-T092,1,5,6866da5d40f1aad2d82129d5ffa25bda
13791,254d832c83ccdb2c33eab65a4fd196ff,75fe8d7dec9d2a51be64595ab37dc674,SO59530,105,HL-U509-R,3,105,4a800301260b2639fa1ec3efafb5f86c
13791,254d832c83ccdb2c33eab65a4fd196ff,75fe8d7dec9d2a51be64595ab37dc674,SO59530,33,TI-R982,1,33,4a800301260b2639fa1ec3efafb5f86c
13791,254d832c83ccdb2c33eab65a4fd196ff,75fe8d7dec9d2a51be64595ab37dc674,SO59530,4,TT-R982,1,4,4a800301260b2639fa1ec3efafb5f86c
13792,1ba7e8cdf85da6cf5e11554703236b52,9592b44e2c3f304a9875f45537bec6eb,SO73689,9,BC-R205,1,9,4c6ed4daa82e7326b84c24f4c2ae7064
13792,1ba7e8cdf85da6cf5e11554703236b52,9592b44e2c3f304a9875f45537bec6eb,SO73689,1215,BK-T44U-60,1,1215,4c6ed4daa82e7326b84c24f4c2ae7064
13792,1ba7e8cdf85da6cf5e11554703236b52,9592b44e2c3f304a9875f45537bec6eb,SO73689,54,SJ-0194-L,1,54,4c6ed4daa82e7326b84c24f4c2ae7064
13792,1ba7e8cdf85da6cf5e11554703236b52,9592b44e2c3f304a9875f45537bec6eb,SO73689,5,WB-H098,1,5,4c6ed4daa82e7326b84c24f4c2ae7064
13792,1c37e3540a186a26df97e1d816a180d8,13c2439a16b8e0eab906d0cd09c97dbc,SO44139,3578,BK-R93R-44,1,3578,aa23a148fd157c87970b5fa9079424f9
13792,c507827aa5f4f6bbedf64058461c621b,6d1d8a1c7851eb5a946d45009cea6d9f,SO66443,4640,BK-M68S-38,2,4640,dfcee565bb2da80a7b76451a5cd314a1
13792,c507827aa5f4f6bbedf64058461c621b,6d1d8a1c7851eb5a946d45009cea6d9f,SO66443,35,TI-M823,1,35,dfcee565bb2da80a7b76451a5cd314a1
13793,59c3d64cb01cd5ad7fd25246d81a55ff,ac15b60491fe99190c0248790e690757,SO55506,769,BK-M38S-40,1,769,d8a4ea0dc4237ee8690ee37b3902fd0e
13793,59c3d64cb01cd5ad7fd25246d81a55ff,ac15b60491fe99190c0248790e690757,SO55506,70,SH-W890-L,1,70,d8a4ea0dc4237ee8690ee37b3902fd0e
13793,c6dec085564ebca8c2e300f077425d2f,fd2d4f3c923f907724bbdb60a26a944e,SO46847,4364,BK-R89R-58,2,4364,1786ecaa04cd18d45fa6519a0c4a5c4a
13794,9f8987003453fd37ae135a87e6b756b8,3a0c86e2d3f9856bab812272b3f829ab,SO44270,3578,BK-R93R-56,1,3578,45c68ffa2dc409a0196eea5fff3994d1
13794,aa14ddbc43aa2d3be1e6ac019bb7b5bc,dcf73f840a50da0145f24e8e0169dc4b,SO72912,9,BC-R205,1,9,a6f2945baeceeef4c8d541a22f6e99e9
13794,aa14ddbc43aa2d3be1e6ac019bb7b5bc,dcf73f840a50da0145f24e8e0169dc4b,SO72912,1215,BK-T44U-60,1,1215,a6f2945baeceeef4c8d541a22f6e99e9
13794,aa14ddbc43aa2d3be1e6ac019bb7b5bc,dcf73f840a50da0145f24e8e0169dc4b,SO72912,105,HL-U509-B,3,105,a6f2945baeceeef4c8d541a22f6e99e9
13794,aa14ddbc43aa2d3be1e6ac019bb7b5bc,dcf73f840a50da0145f24e8e0169dc4b,SO72912,5,WB-H098,1,5,a6f2945baeceeef4c8d541a22f6e99e9
13794,e5114f65ece65e14e7b721dab1e674e0,c7390752782466cfc9a3ed7d3a79e046,SO68687,4590,BK-M68B-38,2,4590,fe1fd19c021e78ec395980c2e347865e
13794,e5114f65ece65e14e7b721dab1e674e0,c7390752782466cfc9a3ed7d3a79e046,SO68687,105,HL-U509-B,3,105,fe1fd19c021e78ec395980c2e347865e
13794,e5114f65ece65e14e7b721dab1e674e0,c7390752782466cfc9a3ed7d3a79e046,SO68687,35,TI-M823,1,35,fe1fd19c021e78ec395980c2e347865e
13794,e5114f65ece65e14e7b721dab1e674e0,c7390752782466cfc9a3ed7d3a79e046,SO68687,5,TT-M928,1,5,fe1fd19c021e78ec395980c2e347865e
13795,0e5d0e3f7f9f1ae575ea209e1c544a79,26614863fc843ef78880895407be81a2,SO44590,3578,BK-R93R-62,1,3578,5fab5dd7b511bbf33964ef9e6f1b70dc
13795,9223b53f03a405f817e91392f0294f6a,3e07f09fb2edbdf0bf6a54c17634514b,SO53785,10,BC-M005,1,10,14e4b13c27fb9bce9938ce35b6597eca
13795,9223b53f03a405f817e91392f0294f6a,3e07f09fb2edbdf0bf6a54c17634514b,SO53785,769,BK-M38S-42,1,769,14e4b13c27fb9bce9938ce35b6597eca
13796,ec24e4cf9fcc90f3bbe81b2fb3735c21,c4369eefdf9bb8a3f9115e96b40aaf17,SO69829,105,HL-U509-R,3,105,f06fd077b6afc2d69af6e1e548da266d
13796,ec24e4cf9fcc90f3bbe81b2fb3735c21,c4369eefdf9bb8a3f9115e96b40aaf17,SO69829,5,TT-T092,1,5,f06fd077b6afc2d69af6e1e548da266d
13797,e4b40b4ba619c72ec5a69caad258d393,b0950d12c62d3aeda81b2e8d06f2aef4,SO74213,2,PK-7098,1,2,8babade0595c11e14dd89058a850f2cd
13797,e4b40b4ba619c72ec5a69caad258d393,b0950d12c62d3aeda81b2e8d06f2aef4,SO74213,5,TT-T092,1,5,8babade0595c11e14dd89058a850f2cd
13798,b2ce0ef2540789e8a6976165b6c917d8,128ee9ff420de424a605a0ee4a6f7916,SO72389,2,PK-7098,1,2,dcf73f840a50da0145f24e8e0169dc4b
13798,b2ce0ef2540789e8a6976165b6c917d8,128ee9ff420de424a605a0ee4a6f7916,SO72389,29,TI-T723,1,29,dcf73f840a50da0145f24e8e0169dc4b
13798,b2ce0ef2540789e8a6976165b6c917d8,128ee9ff420de424a605a0ee4a6f7916,SO72389,5,TT-T092,1,5,dcf73f840a50da0145f24e8e0169dc4b
13798,d612b5fb3f6011688fb0c9927693365a,3e107cd1554225ea3056ed5010adce90,SO74400,33,TI-R982,1,33,a1e59736d286765313b8212467dc64b2
13798,d612b5fb3f6011688fb0c9927693365a,3e107cd1554225ea3056ed5010adce90,SO74400,4,TT-R982,1,4,a1e59736d286765313b8212467dc64b2
13798,d612b5fb3f6011688fb0c9927693365a,3e107cd1554225ea3056ed5010adce90,SO74400,64,VE-C304-S,1,64,a1e59736d286765313b8212467dc64b2
13799,7dcc4d0bd00b29e904618bdf6adc66e9,3509cccaf2642efa12aab8da9ba03c1f,SO46827,4364,BK-R89B-44,2,4364,100feae0ab76bce714e9670fc87cdb42
13799,a9cefc49af6424b430612adfc69876ee,d34ba8f5d7fd7d5959a34c283fbec422,SO55824,769,BK-M38S-38,1,769,59c3d64cb01cd5ad7fd25246d81a55ff
13799,a9cefc49af6424b430612adfc69876ee,d34ba8f5d7fd7d5959a34c283fbec422,SO55824,27,CA-1098,3,27,59c3d64cb01cd5ad7fd25246d81a55ff
13799,a9cefc49af6424b430612adfc69876ee,d34ba8f5d7fd7d5959a34c283fbec422,SO55824,150,LJ-0192-M,3,150,59c3d64cb01cd5ad7fd25246d81a55ff
13800,b9836987c405fca6133a2969f25c7398,de3a4af731cd077daa2beb37e580c57f,SO46871,2443,BK-R89R-52,1,2443,7dcc4d0bd00b29e904618bdf6adc66e9
13800,eba6cab7267f82e3b2a063d5ea445bb9,73b2264d673ee7b5b2e7e165020516ac,SO58035,769,BK-M38S-38,1,769,02ad1a5ca18e58629b8c1d6a6401d071
13800,eba6cab7267f82e3b2a063d5ea445bb9,73b2264d673ee7b5b2e7e165020516ac,SO58035,150,LJ-0192-X,3,150,02ad1a5ca18e58629b8c1d6a6401d071
13801,244cede513841376c37dc856f2f5e7b9,5e1b952a22eccca86f7f056a9efb42a4,SO58362,769,BK-M38S-40,1,769,debbb2493c6588799fc787e1854bcda5
13801,244cede513841376c37dc856f2f5e7b9,5e1b952a22eccca86f7f056a9efb42a4,SO58362,150,LJ-0192-M,3,150,debbb2493c6588799fc787e1854bcda5
13801,2766ca1bca285e813b134ddc2a2efa99,7f9d156e18f1be5abef55a22081e71ce,SO47155,2443,BK-R89R-52,1,2443,021a9f9ff27cc992988201b84cae392f
13802,f476906875bc5d9abe836b4ea1f485c1,f04e53711455521533f4c5ed7dcaa287,SO53157,10,BC-M005,1,10,15aceb75d86814cb479f1b1a9487c3d4
13802,f476906875bc5d9abe836b4ea1f485c1,f04e53711455521533f4c5ed7dcaa287,SO53157,48,GL-H102-L,2,48,15aceb75d86814cb479f1b1a9487c3d4
13802,f476906875bc5d9abe836b4ea1f485c1,f04e53711455521533f4c5ed7dcaa287,SO53157,35,TI-M823,1,35,15aceb75d86814cb479f1b1a9487c3d4
13802,f476906875bc5d9abe836b4ea1f485c1,f04e53711455521533f4c5ed7dcaa287,SO53157,5,TT-M928,1,5,15aceb75d86814cb479f1b1a9487c3d4
13802,f476906875bc5d9abe836b4ea1f485c1,f04e53711455521533f4c5ed7dcaa287,SO53157,5,WB-H098,1,5,15aceb75d86814cb479f1b1a9487c3d4
13803,d4746e41b619da57ee9f1a2e2cc254e8,81a5d08c6beaeec9e42baae5d63dd780,SO64091,2,PK-7098,1,2,23bd9a9b90557e9da7babfb8e3d2df22
13803,d4746e41b619da57ee9f1a2e2cc254e8,81a5d08c6beaeec9e42baae5d63dd780,SO64091,159,ST-1401,1,159,23bd9a9b90557e9da7babfb8e3d2df22
13803,d4746e41b619da57ee9f1a2e2cc254e8,81a5d08c6beaeec9e42baae5d63dd780,SO64091,25,TI-M267,1,25,23bd9a9b90557e9da7babfb8e3d2df22
13804,a1e59736d286765313b8212467dc64b2,43e2cc7ff261723f93f64f3f7e9faa8d,SO74240,2,PK-7098,1,2,ca5b8307fa5f2189fb98330a9d65927c
13804,a1e59736d286765313b8212467dc64b2,43e2cc7ff261723f93f64f3f7e9faa8d,SO74240,25,TI-R628,1,25,ca5b8307fa5f2189fb98330a9d65927c
13805,df595e3c678d4fae23ce174fe747165e,07b31bae17c7890b17d79a654aa230cf,SO58871,25,TI-R628,1,25,75fe8d7dec9d2a51be64595ab37dc674
13805,df595e3c678d4fae23ce174fe747165e,07b31bae17c7890b17d79a654aa230cf,SO58871,4,TT-R982,1,4,75fe8d7dec9d2a51be64595ab37dc674
13806,0df76889b3e31ccfd17b50cc73baef03,debbb2493c6588799fc787e1854bcda5,SO58787,10,BC-M005,1,10,6eaadc1181f307997dc853d9ed40db36
13806,0df76889b3e31ccfd17b50cc73baef03,debbb2493c6588799fc787e1854bcda5,SO58787,769,BK-M38S-38,1,769,6eaadc1181f307997dc853d9ed40db36
13806,0df76889b3e31ccfd17b50cc73baef03,debbb2493c6588799fc787e1854bcda5,SO58787,48,GL-H102-S,2,48,6eaadc1181f307997dc853d9ed40db36
13806,0df76889b3e31ccfd17b50cc73baef03,debbb2493c6588799fc787e1854bcda5,SO58787,105,HL-U509-B,3,105,6eaadc1181f307997dc853d9ed40db36
13806,0df76889b3e31ccfd17b50cc73baef03,debbb2493c6588799fc787e1854bcda5,SO58787,150,LJ-0192-X,3,150,6eaadc1181f307997dc853d9ed40db36
13806,0df76889b3e31ccfd17b50cc73baef03,debbb2493c6588799fc787e1854bcda5,SO58787,5,WB-H098,1,5,6eaadc1181f307997dc853d9ed40db36
13806,be6c9b96c35f6d80642550df922ea69a,8799729d3a89b836b7fb8096b7f545c8,SO47186,4364,BK-R89R-58,2,4364,9b657dcbee0478c7d9be871266f00f1f
13807,59c3d64cb01cd5ad7fd25246d81a55ff,ac15b60491fe99190c0248790e690757,SO55513,769,BK-M38S-46,1,769,d8a4ea0dc4237ee8690ee37b3902fd0e
13807,59c3d64cb01cd5ad7fd25246d81a55ff,ac15b60491fe99190c0248790e690757,SO55513,159,ST-1401,1,159,d8a4ea0dc4237ee8690ee37b3902fd0e
13807,efb944cb000716b997c2d0fb263d30ad,11b3d48fc77bf2f9079ba4e1d713d8c7,SO45023,3578,BK-R93R-62,1,3578,d3eeaeda5049634d28ea066923698901
13808,6eaadc1181f307997dc853d9ed40db36,0814775cfc25da756a9b4197347ab771,SO58487,769,BK-M38S-46,1,769,4dbf892d41ae205f6e36838031cff786
13808,6eaadc1181f307997dc853d9ed40db36,0814775cfc25da756a9b4197347ab771,SO58487,27,CA-1098,3,27,4dbf892d41ae205f6e36838031cff786
13808,6eaadc1181f307997dc853d9ed40db36,0814775cfc25da756a9b4197347ab771,SO58487,150,LJ-0192-L,3,150,4dbf892d41ae205f6e36838031cff786
13808,d8c0cdf6e9755bab216fcb1de9e9a943,877a9aa814260fc4c3d24bc245047f86,SO44837,3578,BK-R93R-48,1,3578,f4452b45d360c31d145f01d4f37c6e05
13809,fda052162862bb845297063fd71a580c,1678083e7ff90bd404baad3f60bffa37,SO56409,105,HL-U509,3,105,a2c49941411089cb2a9cbf78cb803c26
13809,fda052162862bb845297063fd71a580c,1678083e7ff90bd404baad3f60bffa37,SO56409,150,LJ-0192-S,3,150,a2c49941411089cb2a9cbf78cb803c26
13809,fda052162862bb845297063fd71a580c,1678083e7ff90bd404baad3f60bffa37,SO56409,25,TI-R628,1,25,a2c49941411089cb2a9cbf78cb803c26
13809,fda052162862bb845297063fd71a580c,1678083e7ff90bd404baad3f60bffa37,SO56409,4,TT-R982,1,4,a2c49941411089cb2a9cbf78cb803c26
13810,43e2cc7ff261723f93f64f3f7e9faa8d,a6f2945baeceeef4c8d541a22f6e99e9,SO73457,48,GL-H102-S,2,48,88077cf01a3e17831c2d0bcca5897c5b
13810,43e2cc7ff261723f93f64f3f7e9faa8d,a6f2945baeceeef4c8d541a22f6e99e9,SO73457,25,TI-R628,1,25,88077cf01a3e17831c2d0bcca5897c5b
13810,43e2cc7ff261723f93f64f3f7e9faa8d,a6f2945baeceeef4c8d541a22f6e99e9,SO73457,4,TT-R982,1,4,88077cf01a3e17831c2d0bcca5897c5b
13811,4a70a3ec50fd16032883bf6fc79c55dd,4804ee33768b143d9706052696f7dfbd,SO61045,769,BK-M38S-42,1,769,e0bcd0ff3072dfe15609d6be1529b0b8
13811,4a70a3ec50fd16032883bf6fc79c55dd,4804ee33768b143d9706052696f7dfbd,SO61045,150,LJ-0192-X,3,150,e0bcd0ff3072dfe15609d6be1529b0b8
13811,fffd2144f47526eeb222541136a47d44,b5bd60d2c998267a6b6a11a2521b0b65,SO47292,4364,BK-R89B-58,2,4364,e4eb0466781b24d67b81f508aeab70b7
13812,a9badca0a12d937b4dcb70fd1c65dc63,368bf74b3769bb91f49d30908786b862,SO47175,2443,BK-R89R-44,1,2443,41c97bac51d5ee4cfce0cfa86385fdbe
13812,ad0b7f5ad35732646f1e5f67418d5995,244cede513841376c37dc856f2f5e7b9,SO59289,769,BK-M38S-46,1,769,0df76889b3e31ccfd17b50cc73baef03
13812,ad0b7f5ad35732646f1e5f67418d5995,244cede513841376c37dc856f2f5e7b9,SO59289,150,LJ-0192-L,3,150,0df76889b3e31ccfd17b50cc73baef03
13813,9223b53f03a405f817e91392f0294f6a,3e07f09fb2edbdf0bf6a54c17634514b,SO53809,105,HL-U509,3,105,14e4b13c27fb9bce9938ce35b6597eca
13813,9223b53f03a405f817e91392f0294f6a,3e07f09fb2edbdf0bf6a54c17634514b,SO53809,35,TI-M823,1,35,14e4b13c27fb9bce9938ce35b6597eca
13813,9223b53f03a405f817e91392f0294f6a,3e07f09fb2edbdf0bf6a54c17634514b,SO53809,5,TT-M928,1,5,14e4b13c27fb9bce9938ce35b6597eca
13814,6e5c4b769f8f70f9fd01b24ba5be9695,40e7dd73b09eac540e790daf6fac41af,SO54858,105,HL-U509-B,3,105,106dfbaf552c07a1b08d065f2c343982
13814,6e5c4b769f8f70f9fd01b24ba5be9695,40e7dd73b09eac540e790daf6fac41af,SO54858,54,SJ-0194-X,1,54,106dfbaf552c07a1b08d065f2c343982
13814,6e5c4b769f8f70f9fd01b24ba5be9695,40e7dd73b09eac540e790daf6fac41af,SO54858,29,TI-T723,1,29,106dfbaf552c07a1b08d065f2c343982
13814,6e5c4b769f8f70f9fd01b24ba5be9695,40e7dd73b09eac540e790daf6fac41af,SO54858,5,TT-T092,1,5,106dfbaf552c07a1b08d065f2c343982
13814,a2c49941411089cb2a9cbf78cb803c26,73a69a5c77a7d23172e54d7ce07a638e,SO56163,48,GL-H102-M,2,48,39fe373cdcb4534addde73890415b660
13814,a2c49941411089cb2a9cbf78cb803c26,73a69a5c77a7d23172e54d7ce07a638e,SO56163,150,LJ-0192-X,3,150,39fe373cdcb4534addde73890415b660
13814,a2c49941411089cb2a9cbf78cb803c26,73a69a5c77a7d23172e54d7ce07a638e,SO56163,33,TI-R982,1,33,39fe373cdcb4534addde73890415b660
13815,0dc34ca2aaa8612cde077f1880b78b25,361e2c62255e0c1887ac2139911ca300,SO52508,29,TI-T723,1,29,7f026edc73bd4602381834e9b850d6c2
13815,0dc34ca2aaa8612cde077f1880b78b25,361e2c62255e0c1887ac2139911ca300,SO52508,5,TT-T092,1,5,7f026edc73bd4602381834e9b850d6c2
13815,8e8847c1bdf012037ee13bb62da8a5c1,c507827aa5f4f6bbedf64058461c621b,SO67231,27,CA-1098,3,27,6dd75c28a9a8a39e02bc0a175f82a9f3
13815,8e8847c1bdf012037ee13bb62da8a5c1,c507827aa5f4f6bbedf64058461c621b,SO67231,105,HL-U509-R,3,105,6dd75c28a9a8a39e02bc0a175f82a9f3
13815,8e8847c1bdf012037ee13bb62da8a5c1,c507827aa5f4f6bbedf64058461c621b,SO67231,33,TI-R982,1,33,6dd75c28a9a8a39e02bc0a175f82a9f3
13815,8e8847c1bdf012037ee13bb62da8a5c1,c507827aa5f4f6bbedf64058461c621b,SO67231,4,TT-R982,1,4,6dd75c28a9a8a39e02bc0a175f82a9f3
13816,6582aa26281b9a92ad60e6a03e274c00,232e830f1ac667c081eaaca23cdf9b5f,SO65424,9,SO-R809-L,1,9,18f358e551b5b85912bc952ab9894c0d
13816,6582aa26281b9a92ad60e6a03e274c00,232e830f1ac667c081eaaca23cdf9b5f,SO65424,33,TI-R982,1,33,18f358e551b5b85912bc952ab9894c0d
13816,6582aa26281b9a92ad60e6a03e274c00,232e830f1ac667c081eaaca23cdf9b5f,SO65424,4,TT-R982,1,4,18f358e551b5b85912bc952ab9894c0d
13816,d9f7611cf8d29b48a1d3d8fddb8c5b2e,55f9f4cb5784581a517e59904e0d5e2f,SO56673,27,CA-1098,3,27,fda052162862bb845297063fd71a580c
13816,d9f7611cf8d29b48a1d3d8fddb8c5b2e,55f9f4cb5784581a517e59904e0d5e2f,SO56673,150,LJ-0192-L,3,150,fda052162862bb845297063fd71a580c
13816,d9f7611cf8d29b48a1d3d8fddb8c5b2e,55f9f4cb5784581a517e59904e0d5e2f,SO56673,2,PK-7098,1,2,fda052162862bb845297063fd71a580c
13816,d9f7611cf8d29b48a1d3d8fddb8c5b2e,55f9f4cb5784581a517e59904e0d5e2f,SO56673,120,RA-H123,1,120,fda052162862bb845297063fd71a580c
13816,d9f7611cf8d29b48a1d3d8fddb8c5b2e,55f9f4cb5784581a517e59904e0d5e2f,SO56673,29,TI-T723,1,29,fda052162862bb845297063fd71a580c
13816,d9f7611cf8d29b48a1d3d8fddb8c5b2e,55f9f4cb5784581a517e59904e0d5e2f,SO56673,5,TT-T092,1,5,fda052162862bb845297063fd71a580c
13817,c926349b55a58d87d7d5008c349fd1e9,9e8cbc3edbb5efb3f48d6afb260e4725,SO60077,35,TI-M823,1,35,ccb91034934bb047c5f6a32eb289b95b
13818,cfceb7490eff6e660974507be7c579c6,01eb8a9956865747637639482336f5f8,SO52049,35,TI-M823,1,35,e5bf4a4a03e320ed76cf2ca68fa5b4c0
13818,cfceb7490eff6e660974507be7c579c6,01eb8a9956865747637639482336f5f8,SO52049,5,TT-M928,1,5,e5bf4a4a03e320ed76cf2ca68fa5b4c0
13819,883b9b4170853b321c03290f64ba199f,412998e77ee121227580e3d363f75fa2,SO60665,35,TI-M823,1,35,af1457846a79173ef71dd9d5dd69805a
13820,7c40e129a5bf240aced0b415e4bf9991,3b1c887bb1207e2d1f3db508935b9a03,SO44268,3578,BK-R93R-48,1,3578,e43c329598651187dc896f473b960062
13820,a1d0c0a14c6c8f8a8ef8220209c23a64,05e7920e8caf0303dc01b77666952b75,SO66944,4590,BK-M68B-46,2,4590,cd15e5f80ff20dd345bfaa51400dd0d6
13820,a1d0c0a14c6c8f8a8ef8220209c23a64,05e7920e8caf0303dc01b77666952b75,SO66944,35,TI-M823,1,35,cd15e5f80ff20dd345bfaa51400dd0d6
13821,07b7d2aed13a63a16377587dcc0abbe8,02b96ab6e0935145589be4e1408a1675,SO66090,4640,BK-M68S-42,2,4640,6866da5d40f1aad2d82129d5ffa25bda
13821,07b7d2aed13a63a16377587dcc0abbe8,02b96ab6e0935145589be4e1408a1675,SO66090,2,PK-7098,1,2,6866da5d40f1aad2d82129d5ffa25bda
13821,07b7d2aed13a63a16377587dcc0abbe8,02b96ab6e0935145589be4e1408a1675,SO66090,35,TI-M823,1,35,6866da5d40f1aad2d82129d5ffa25bda
13821,07b7d2aed13a63a16377587dcc0abbe8,02b96ab6e0935145589be4e1408a1675,SO66090,5,TT-M928,1,5,6866da5d40f1aad2d82129d5ffa25bda
13821,9c09e1a3bb33cc56909b944a08096b34,ba5216f340c430ae833596806650eed2,SO44134,3578,BK-R93R-62,1,3578,c947239f01c6b75acb71b136a7ee0eb3
13822,49bd63d5ee41c9de9bc2e17c69ad0cb5,58fbfe4a809a492f7e56c87487b71b73,SO44905,3578,BK-R93R-48,1,3578,0f6ec3eddc369989df58eb1d35a746b9
13822,66e56e10b0f528b66a45e307ecdf4774,691ad1b0dca3643b923973defd014d47,SO68618,540,BK-R19B-58,1,540,8eb7a1b0dba9fdd5f4248b9cb6b9119b
13822,66e56e10b0f528b66a45e307ecdf4774,691ad1b0dca3643b923973defd014d47,SO68618,105,HL-U509-B,3,105,8eb7a1b0dba9fdd5f4248b9cb6b9119b
13822,c926349b55a58d87d7d5008c349fd1e9,9e8cbc3edbb5efb3f48d6afb260e4725,SO60046,10,BC-M005,1,10,ccb91034934bb047c5f6a32eb289b95b
13822,c926349b55a58d87d7d5008c349fd1e9,9e8cbc3edbb5efb3f48d6afb260e4725,SO60046,4640,BK-M68S-42,2,4640,ccb91034934bb047c5f6a32eb289b95b
13822,c926349b55a58d87d7d5008c349fd1e9,9e8cbc3edbb5efb3f48d6afb260e4725,SO60046,105,HL-U509,3,105,ccb91034934bb047c5f6a32eb289b95b
13822,c926349b55a58d87d7d5008c349fd1e9,9e8cbc3edbb5efb3f48d6afb260e4725,SO60046,5,WB-H098,1,5,ccb91034934bb047c5f6a32eb289b95b
13823,07b31bae17c7890b17d79a654aa230cf,a976f17830aceaaa93d5daef0bc209a3,SO58131,4640,BK-M68S-42,2,4640,ef5bad66aa19ccfb82cacb73584b83ea
13823,07b31bae17c7890b17d79a654aa230cf,a976f17830aceaaa93d5daef0bc209a3,SO58131,55,HY-1023-70,1,55,ef5bad66aa19ccfb82cacb73584b83ea
13823,49fce086a31f1cfcf16b54e462f7cbc0,99c8f306659fd98cbb9d7f03ec0c2a7a,SO70818,540,BK-R19B-44,1,540,e84848120190a8d0e696fbeb15647a74
13823,49fce086a31f1cfcf16b54e462f7cbc0,99c8f306659fd98cbb9d7f03ec0c2a7a,SO70818,105,HL-U509-B,3,105,e84848120190a8d0e696fbeb15647a74
13823,ff865f6f4949cd6d631d069a4268d9aa,021a9f9ff27cc992988201b84cae392f,SO47221,2443,BK-R89R-52,1,2443,b5bd60d2c998267a6b6a11a2521b0b65
13824,c4369eefdf9bb8a3f9115e96b40aaf17,b34050290c25b0f7b52a2b8f767df87d,SO68777,5,TT-T092,1,5,c135545cc3f3a739132ffdbc8096f3d4
13825,18f358e551b5b85912bc952ab9894c0d,abe94c2111c58e9c9672602d41bce66e,SO64922,2,PK-7098,1,2,a6d37e298c3042e300813f55a17e0875
13825,18f358e551b5b85912bc952ab9894c0d,abe94c2111c58e9c9672602d41bce66e,SO64922,35,TI-M823,1,35,a6d37e298c3042e300813f55a17e0875
13826,86bfb8ffc7a79e52d833cedce4d275bf,962bae2fb03296a3b9cacabfa929322c,SO70204,27,CA-1098,3,27,ec24e4cf9fcc90f3bbe81b2fb3735c21
13826,86bfb8ffc7a79e52d833cedce4d275bf,962bae2fb03296a3b9cacabfa929322c,SO70204,105,HL-U509-B,3,105,ec24e4cf9fcc90f3bbe81b2fb3735c21
13826,86bfb8ffc7a79e52d833cedce4d275bf,962bae2fb03296a3b9cacabfa929322c,SO70204,5,TT-T092,1,5,ec24e4cf9fcc90f3bbe81b2fb3735c21
13827,8dd08d219271ec96c543f486de430703,d53f9d33cac0a297449a74a10d031570,SO62326,48,GL-H102-M,2,48,04dbdf67bb8714ba18c9c36d50d1f5dc
13827,8dd08d219271ec96c543f486de430703,d53f9d33cac0a297449a74a10d031570,SO62326,5,TT-T092,1,5,04dbdf67bb8714ba18c9c36d50d1f5dc
13828,1faee5670542865e021595151379fe5c,e5114f65ece65e14e7b721dab1e674e0,SO69757,2,PK-7098,1,2,83d1ed00595e79ee5ea3797e97970fe8
13828,1faee5670542865e021595151379fe5c,e5114f65ece65e14e7b721dab1e674e0,SO69757,159,ST-1401,1,159,83d1ed00595e79ee5ea3797e97970fe8
13828,1faee5670542865e021595151379fe5c,e5114f65ece65e14e7b721dab1e674e0,SO69757,5,TT-T092,1,5,83d1ed00595e79ee5ea3797e97970fe8
13829,1b4ad6f2870d20368322123ed8553459,2650f1a188c472a9efa2a38091dbaa44,SO44902,3578,BK-R93R-56,1,3578,4a355a6da86d846c130abd2241259099
13829,a976f17830aceaaa93d5daef0bc209a3,d9f7611cf8d29b48a1d3d8fddb8c5b2e,SO57491,769,BK-M38S-38,1,769,0e23f371129aecc6b2033620b226f8d7
13829,a976f17830aceaaa93d5daef0bc209a3,d9f7611cf8d29b48a1d3d8fddb8c5b2e,SO57491,2,PK-7098,1,2,0e23f371129aecc6b2033620b226f8d7
13829,a976f17830aceaaa93d5daef0bc209a3,d9f7611cf8d29b48a1d3d8fddb8c5b2e,SO57491,30,TI-M602,1,30,0e23f371129aecc6b2033620b226f8d7
13830,13b7c2277967bc61802018c764b5b2a0,9c55d6518880c1abf100a24da2546368,SO74525,159,ST-1401,1,159,0e000451f430d2e5b745a08b4ee7836c
13830,13b7c2277967bc61802018c764b5b2a0,9c55d6518880c1abf100a24da2546368,SO74525,33,TI-R982,1,33,0e000451f430d2e5b745a08b4ee7836c
13830,13b7c2277967bc61802018c764b5b2a0,9c55d6518880c1abf100a24da2546368,SO74525,4,TT-R982,1,4,0e000451f430d2e5b745a08b4ee7836c
13830,c5ed53572c667b119dde2fc0f54de602,0d3057f268050d468f468434f8ec809a,SO72817,55,HY-1023-70,1,55,e366e24b8ad0b1107528f2f58cd15a81
13830,c5ed53572c667b119dde2fc0f54de602,0d3057f268050d468f468434f8ec809a,SO72817,29,TI-T723,1,29,e366e24b8ad0b1107528f2f58cd15a81
13830,c5ed53572c667b119dde2fc0f54de602,0d3057f268050d468f468434f8ec809a,SO72817,5,TT-T092,1,5,e366e24b8ad0b1107528f2f58cd15a81
13831,90c6314650a0d54fdcabe5cd5406f9af,f476906875bc5d9abe836b4ea1f485c1,SO53948,35,TI-M823,1,35,41464bd548f06ca845208f69df30ac82
13832,5a06908cc28b799b04fc1c47664462e6,da9c4ba6c9a1ae8725389bfd38b5763a,SO54745,22,FE-6654,1,22,6d338b8c41c717c4336ad0084a80dca4
13832,5a06908cc28b799b04fc1c47664462e6,da9c4ba6c9a1ae8725389bfd38b5763a,SO54745,2,PK-7098,1,2,6d338b8c41c717c4336ad0084a80dca4
13833,2797a91b25bc2aa85124c99bc574dc83,86bfb8ffc7a79e52d833cedce4d275bf,SO71046,22,FE-6654,1,22,a9adf65abbb865184bf924d14a93d0c4
13833,2797a91b25bc2aa85124c99bc574dc83,86bfb8ffc7a79e52d833cedce4d275bf,SO71046,105,HL-U509-R,3,105,a9adf65abbb865184bf924d14a93d0c4
13833,2797a91b25bc2aa85124c99bc574dc83,86bfb8ffc7a79e52d833cedce4d275bf,SO71046,150,LJ-0192-M,3,150,a9adf65abbb865184bf924d14a93d0c4
13834,e84848120190a8d0e696fbeb15647a74,fff3c307c93eda1eb91d53ca588846fe,SO70405,22,FE-6654,1,22,f544b472453b297a8b55709fbfd3746d
13835,9d934f91c460e9947414d00048f2fa36,94b225b5b1f09ecd5e8ecdfb681ff04c,SO65115,10,BC-M005,1,10,3f0c8308e4e2e5c4ddc1b7e19304f613
13835,9d934f91c460e9947414d00048f2fa36,94b225b5b1f09ecd5e8ecdfb681ff04c,SO65115,22,FE-6654,1,22,3f0c8308e4e2e5c4ddc1b7e19304f613
13835,9d934f91c460e9947414d00048f2fa36,94b225b5b1f09ecd5e8ecdfb681ff04c,SO65115,5,WB-H098,1,5,3f0c8308e4e2e5c4ddc1b7e19304f613
13836,2650f1a188c472a9efa2a38091dbaa44,f9906ac7d7d1241ad5c23eb95cf9c6e4,SO44808,3578,BK-R93R-44,1,3578,dc0af343c9b6d5e1ad6ea6e30e094622
13836,2d6e054ac82934d489c58cc8399a1628,ce08c22f7777768ce4197eab9727516c,SO60776,769,BK-M38S-38,1,769,348f48807f500aeac729fb17d9bc97f1
13836,2d6e054ac82934d489c58cc8399a1628,ce08c22f7777768ce4197eab9727516c,SO60776,2,PK-7098,1,2,348f48807f500aeac729fb17d9bc97f1
13836,2d6e054ac82934d489c58cc8399a1628,ce08c22f7777768ce4197eab9727516c,SO60776,30,TI-M602,1,30,348f48807f500aeac729fb17d9bc97f1
13837,17520f5649fab40fb66771362888cb90,1faee5670542865e021595151379fe5c,SO70634,105,HL-U509-R,3,105,3f72b837978dcd042b73e7270f11a4ca
13837,17520f5649fab40fb66771362888cb90,1faee5670542865e021595151379fe5c,SO70634,150,LJ-0192-S,3,150,3f72b837978dcd042b73e7270f11a4ca
13837,17520f5649fab40fb66771362888cb90,1faee5670542865e021595151379fe5c,SO70634,5,TT-T092,1,5,3f72b837978dcd042b73e7270f11a4ca
13838,3e107cd1554225ea3056ed5010adce90,aa14ddbc43aa2d3be1e6ac019bb7b5bc,SO73828,105,HL-U509-R,3,105,43e2cc7ff261723f93f64f3f7e9faa8d
13838,3e107cd1554225ea3056ed5010adce90,aa14ddbc43aa2d3be1e6ac019bb7b5bc,SO73828,33,TI-R982,1,33,43e2cc7ff261723f93f64f3f7e9faa8d
13838,3e107cd1554225ea3056ed5010adce90,aa14ddbc43aa2d3be1e6ac019bb7b5bc,SO73828,4,TT-R982,1,4,43e2cc7ff261723f93f64f3f7e9faa8d
13838,dfcee565bb2da80a7b76451a5cd314a1,6582aa26281b9a92ad60e6a03e274c00,SO66179,105,HL-U509-R,3,105,64cadfde6f66bc25043d0d69f5ae5471
13838,dfcee565bb2da80a7b76451a5cd314a1,6582aa26281b9a92ad60e6a03e274c00,SO66179,29,TI-T723,1,29,64cadfde6f66bc25043d0d69f5ae5471
13838,dfcee565bb2da80a7b76451a5cd314a1,6582aa26281b9a92ad60e6a03e274c00,SO66179,5,TT-T092,1,5,64cadfde6f66bc25043d0d69f5ae5471
13839,348f48807f500aeac729fb17d9bc97f1,5072507e949a2c25948a591c4da194e1,SO60467,769,BK-M38S-42,1,769,f108e0cd2f96a0c22086f9d45ee08f19
13839,348f48807f500aeac729fb17d9bc97f1,5072507e949a2c25948a591c4da194e1,SO60467,30,TI-M602,1,30,f108e0cd2f96a0c22086f9d45ee08f19
13839,d0eb731ed0bf74b4a74041192f7b377e,72514ec24cd9e6144a04f1abf93e0b08,SO47108,2443,BK-R89R-48,1,2443,368bf74b3769bb91f49d30908786b862
13840,3a23b248b732af434a45fce0302aa11f,db2f6a564b6f5f41253c68874b50962b,SO62956,769,BK-M38S-42,1,769,290499d9b8e65db426ba9b842714eb6d
13840,3a23b248b732af434a45fce0302aa11f,db2f6a564b6f5f41253c68874b50962b,SO62956,150,LJ-0192-L,3,150,290499d9b8e65db426ba9b842714eb6d
13840,3a23b248b732af434a45fce0302aa11f,db2f6a564b6f5f41253c68874b50962b,SO62956,9,SO-R809-L,1,9,290499d9b8e65db426ba9b842714eb6d
13840,ad9d849aa74e54742c555c19900c6f1e,93292bf41ccb6542d121825f25cbf70b,SO47315,4364,BK-R89B-58,2,4364,ee76080374845c1990834952499ba763
13841,66e56e10b0f528b66a45e307ecdf4774,691ad1b0dca3643b923973defd014d47,SO68546,4590,BK-M68B-38,2,4590,8eb7a1b0dba9fdd5f4248b9cb6b9119b
13841,78cee6501c10922e466c02f814c8627b,892aa61c5dad53571248cc492fa50176,SO51211,742,BK-T18U-54,1,742,109423a52128e234487abcd717f01458
13841,78cee6501c10922e466c02f814c8627b,892aa61c5dad53571248cc492fa50176,SO51211,9,SO-R809-L,1,9,109423a52128e234487abcd717f01458
13841,f9160ced7c82c26576dae88d37ef543e,05c5da89af1a92d8b290990620fd3737,SO44233,3578,BK-R93R-62,1,3578,2587ddcd808fbd36ac5ceec2863ab2af
13842,a935c7a44f4c417071513541e30d7c95,97b600823b984a4660a5f3a54c1365de,SO44917,3578,BK-R93R-62,1,3578,28bccfdf72994294d98126fdf32256b0
13842,b21e833d3ead6056f1265f13fe1ff015,7983129d9883ebc3b9dce3311996b001,SO60574,769,BK-M38S-46,1,769,4804ee33768b143d9706052696f7dfbd
13842,b21e833d3ead6056f1265f13fe1ff015,7983129d9883ebc3b9dce3311996b001,SO60574,22,FE-6654,1,22,4804ee33768b143d9706052696f7dfbd
13842,b21e833d3ead6056f1265f13fe1ff015,7983129d9883ebc3b9dce3311996b001,SO60574,105,HL-U509-R,3,105,4804ee33768b143d9706052696f7dfbd
13843,b8d9d66529b0a1e91f6137abcdd065dd,6d44506d59926d8d13d35f75d97f2a64,SO54224,27,CA-1098,3,27,90c6314650a0d54fdcabe5cd5406f9af
13843,b8d9d66529b0a1e91f6137abcdd065dd,6d44506d59926d8d13d35f75d97f2a64,SO54224,22,FE-6654,1,22,90c6314650a0d54fdcabe5cd5406f9af
13844,51aeb01fbbe1b86816ccd49f6e3042a1,49bd63d5ee41c9de9bc2e17c69ad0cb5,SO45002,3578,BK-R93R-48,1,3578,3f2cc1cda23225c8d4cf5b2e744cc92d
13844,ad0b7f5ad35732646f1e5f67418d5995,244cede513841376c37dc856f2f5e7b9,SO59281,769,BK-M38S-42,1,769,0df76889b3e31ccfd17b50cc73baef03
13844,ad0b7f5ad35732646f1e5f67418d5995,244cede513841376c37dc856f2f5e7b9,SO59281,8,CL-9009,1,8,0df76889b3e31ccfd17b50cc73baef03
13845,45c68ffa2dc409a0196eea5fff3994d1,2f49cf3cf9904a79c666862bd2c9e3a1,SO44249,3578,BK-R93R-52,1,3578,3e7e739b92f7b3f5bba0229477027dc2
13845,a1d0c0a14c6c8f8a8ef8220209c23a64,05e7920e8caf0303dc01b77666952b75,SO66952,4590,BK-M68B-38,2,4590,cd15e5f80ff20dd345bfaa51400dd0d6
13845,a1d0c0a14c6c8f8a8ef8220209c23a64,05e7920e8caf0303dc01b77666952b75,SO66952,27,CA-1098,3,27,cd15e5f80ff20dd345bfaa51400dd0d6
13845,a1d0c0a14c6c8f8a8ef8220209c23a64,05e7920e8caf0303dc01b77666952b75,SO66952,105,HL-U509-R,3,105,cd15e5f80ff20dd345bfaa51400dd0d6
13846,9f8987003453fd37ae135a87e6b756b8,3a0c86e2d3f9856bab812272b3f829ab,SO44271,3578,BK-R93R-56,1,3578,45c68ffa2dc409a0196eea5fff3994d1
13846,c507827aa5f4f6bbedf64058461c621b,6d1d8a1c7851eb5a946d45009cea6d9f,SO66442,4640,BK-M68S-42,2,4640,dfcee565bb2da80a7b76451a5cd314a1
13846,c507827aa5f4f6bbedf64058461c621b,6d1d8a1c7851eb5a946d45009cea6d9f,SO66442,105,HL-U509-R,3,105,dfcee565bb2da80a7b76451a5cd314a1
13847,3e7e739b92f7b3f5bba0229477027dc2,8dc021e7735ab95ead2c0c92072863b0,SO44223,3578,BK-R93R-62,1,3578,a7a38fdd2b588a9e04c8833fe252e250
13847,e2f0a420a4c1a9e8e292761f835e0489,4eec6eda382b9c44e240ad4b4b5e9cc0,SO65570,10,BC-M005,1,10,9d934f91c460e9947414d00048f2fa36
13847,e2f0a420a4c1a9e8e292761f835e0489,4eec6eda382b9c44e240ad4b4b5e9cc0,SO65570,4590,BK-M68B-42,2,4590,9d934f91c460e9947414d00048f2fa36
13847,e2f0a420a4c1a9e8e292761f835e0489,4eec6eda382b9c44e240ad4b4b5e9cc0,SO65570,5,WB-H098,1,5,9d934f91c460e9947414d00048f2fa36
13848,0dc34ca2aaa8612cde077f1880b78b25,361e2c62255e0c1887ac2139911ca300,SO52502,10,BC-M005,1,10,7f026edc73bd4602381834e9b850d6c2
13848,0dc34ca2aaa8612cde077f1880b78b25,361e2c62255e0c1887ac2139911ca300,SO52502,22,FE-6654,1,22,7f026edc73bd4602381834e9b850d6c2
13848,0dc34ca2aaa8612cde077f1880b78b25,361e2c62255e0c1887ac2139911ca300,SO52502,48,GL-H102-L,2,48,7f026edc73bd4602381834e9b850d6c2
13848,0dc34ca2aaa8612cde077f1880b78b25,361e2c62255e0c1887ac2139911ca300,SO52502,5,WB-H098,1,5,7f026edc73bd4602381834e9b850d6c2
13849,76b32549988cdcac2435e968471f4954,e41e8ee2e2795c7c1363a9f5054d57d7,SO48860,4364,BK-R89B-48,2,4364,782652638a2153c2b28e4a4522354d0f
13849,bc58efba5e800fb688b34bfde89c24bf,acc20902004de8acdd3eee04bfe5f91a,SO51396,769,BK-M38S-40,1,769,3500da16b6d3d0da611bc08c2b1e1c05
13849,bc58efba5e800fb688b34bfde89c24bf,acc20902004de8acdd3eee04bfe5f91a,SO51396,70,SH-W890-M,1,70,3500da16b6d3d0da611bc08c2b1e1c05
13849,bc58efba5e800fb688b34bfde89c24bf,acc20902004de8acdd3eee04bfe5f91a,SO51396,64,VE-C304-L,1,64,3500da16b6d3d0da611bc08c2b1e1c05
13850,3ebfce6ccd7540a632ae7e6ad8100c29,d630b2db6e8046e30b4728ca862ba4e1,SO59362,22,FE-6654,1,22,df595e3c678d4fae23ce174fe747165e
13850,3ebfce6ccd7540a632ae7e6ad8100c29,d630b2db6e8046e30b4728ca862ba4e1,SO59362,105,HL-U509,3,105,df595e3c678d4fae23ce174fe747165e
13851,fee8e08233f3f00450bce31967abb0f1,331afa0aff1b1cfbf3d24944ab38c9d2,SO70568,10,BC-M005,1,10,86bfb8ffc7a79e52d833cedce4d275bf
13851,fee8e08233f3f00450bce31967abb0f1,331afa0aff1b1cfbf3d24944ab38c9d2,SO70568,4590,BK-M68B-42,2,4590,86bfb8ffc7a79e52d833cedce4d275bf
13851,fee8e08233f3f00450bce31967abb0f1,331afa0aff1b1cfbf3d24944ab38c9d2,SO70568,22,FE-6654,1,22,86bfb8ffc7a79e52d833cedce4d275bf
13851,fee8e08233f3f00450bce31967abb0f1,331afa0aff1b1cfbf3d24944ab38c9d2,SO70568,5,WB-H098,1,5,86bfb8ffc7a79e52d833cedce4d275bf
13852,a9cd7a99d71cca9cb644010050374ade,3db19f5f710f10e90ecc7154c649d60a,SO71737,4590,BK-M68B-42,2,4590,128ee9ff420de424a605a0ee4a6f7916
13853,a048b8d5f3f9178f163e2be055f0138b,c83e871e48c2716e0f28e60d166a5c98,SO73007,4590,BK-M68B-42,2,4590,41ef6b06b63ba4f6a5234245a439b157
13853,a048b8d5f3f9178f163e2be055f0138b,c83e871e48c2716e0f28e60d166a5c98,SO73007,105,HL-U509-B,3,105,41ef6b06b63ba4f6a5234245a439b157
13854,0dc34ca2aaa8612cde077f1880b78b25,361e2c62255e0c1887ac2139911ca300,SO52511,769,BK-M38S-42,1,769,7f026edc73bd4602381834e9b850d6c2
13854,0dc34ca2aaa8612cde077f1880b78b25,361e2c62255e0c1887ac2139911ca300,SO52511,30,TI-M602,1,30,7f026edc73bd4602381834e9b850d6c2
13854,0dc34ca2aaa8612cde077f1880b78b25,361e2c62255e0c1887ac2139911ca300,SO52511,5,TT-M928,1,5,7f026edc73bd4602381834e9b850d6c2
13854,1d94ce9f1e285f2d6cb6680691aed781,d9ca82639ba070f97bdfe96c9e85b4c4,SO48997,2443,BK-R89R-48,1,2443,7328906f8bab0a3b391053e4df6588d3
13855,14e4b13c27fb9bce9938ce35b6597eca,c375f33d72ca7161f341c2726e82d67a,SO53389,769,BK-M38S-40,1,769,9b98d27287b27eeee9ebc06e1d5a9a8d
13855,14e4b13c27fb9bce9938ce35b6597eca,c375f33d72ca7161f341c2726e82d67a,SO53389,48,GL-H102-M,2,48,9b98d27287b27eeee9ebc06e1d5a9a8d
13855,14e4b13c27fb9bce9938ce35b6597eca,c375f33d72ca7161f341c2726e82d67a,SO53389,150,LJ-0192-S,3,150,9b98d27287b27eeee9ebc06e1d5a9a8d
13855,14e4b13c27fb9bce9938ce35b6597eca,c375f33d72ca7161f341c2726e82d67a,SO53389,70,SH-W890-L,1,70,9b98d27287b27eeee9ebc06e1d5a9a8d
13855,86e8658344547a7d34cd2bcd4750bd8f,8b4b8fc84396c30bd5bacc7370e1491c,SO48979,4364,BK-R89B-48,2,4364,74245d8f0073f388c4be6464c8e2f29f
13856,18bea060239713ee5f865109f63f3a8a,7f026edc73bd4602381834e9b850d6c2,SO52876,769,BK-M38S-46,1,769,d6ec5bff1a0809822c740ce35792fa7a
13856,18bea060239713ee5f865109f63f3a8a,7f026edc73bd4602381834e9b850d6c2,SO52876,27,CA-1098,3,27,d6ec5bff1a0809822c740ce35792fa7a
13856,18bea060239713ee5f865109f63f3a8a,7f026edc73bd4602381834e9b850d6c2,SO52876,22,FE-6654,1,22,d6ec5bff1a0809822c740ce35792fa7a
13856,d9ca82639ba070f97bdfe96c9e85b4c4,f990b5152ee42d12906765f468f9e605,SO48898,4364,BK-R89B-44,2,4364,a426a338561351b3011d85cfc86bf781
13857,9592b44e2c3f304a9875f45537bec6eb,a9cd7a99d71cca9cb644010050374ade,SO72753,10,BC-M005,1,10,b2ce0ef2540789e8a6976165b6c917d8
13857,9592b44e2c3f304a9875f45537bec6eb,a9cd7a99d71cca9cb644010050374ade,SO72753,22,FE-6654,1,22,b2ce0ef2540789e8a6976165b6c917d8
13857,9592b44e2c3f304a9875f45537bec6eb,a9cd7a99d71cca9cb644010050374ade,SO72753,9,SO-R809-M,1,9,b2ce0ef2540789e8a6976165b6c917d8
13857,9592b44e2c3f304a9875f45537bec6eb,a9cd7a99d71cca9cb644010050374ade,SO72753,5,WB-H098,1,5,b2ce0ef2540789e8a6976165b6c917d8
13858,56d78836c9cf0de136c4d2d37aba2280,ba19c22033aaecc6c5dad47f63e5858c,SO63969,10,BC-M005,1,10,8c9ec1be720ee75d56d0c250d10610fa
13858,56d78836c9cf0de136c4d2d37aba2280,ba19c22033aaecc6c5dad47f63e5858c,SO63969,22,FE-6654,1,22,8c9ec1be720ee75d56d0c250d10610fa
13858,56d78836c9cf0de136c4d2d37aba2280,ba19c22033aaecc6c5dad47f63e5858c,SO63969,105,HL-U509,3,105,8c9ec1be720ee75d56d0c250d10610fa
13858,56d78836c9cf0de136c4d2d37aba2280,ba19c22033aaecc6c5dad47f63e5858c,SO63969,5,WB-H098,1,5,8c9ec1be720ee75d56d0c250d10610fa
13859,3e107cd1554225ea3056ed5010adce90,aa14ddbc43aa2d3be1e6ac019bb7b5bc,SO73824,22,FE-6654,1,22,43e2cc7ff261723f93f64f3f7e9faa8d
13860,6e32728b966bb91cefefa1316da21ca8,b322422d9a721bbdefa133133dd407c1,SO67710,2,PK-7098,1,2,de5009f9bf3e9725d2381f4a5e913111
13860,6e32728b966bb91cefefa1316da21ca8,b322422d9a721bbdefa133133dd407c1,SO67710,33,TI-R982,1,33,de5009f9bf3e9725d2381f4a5e913111
13860,6e32728b966bb91cefefa1316da21ca8,b322422d9a721bbdefa133133dd407c1,SO67710,4,TT-R982,1,4,de5009f9bf3e9725d2381f4a5e913111
13860,72e75576254db1afef14ecdc050391c2,20b851db79828c985958154243411278,SO52088,10,BC-M005,1,10,0b80ce5eab877cae9997209e0bee6e60
13860,72e75576254db1afef14ecdc050391c2,20b851db79828c985958154243411278,SO52088,5,WB-H098,1,5,0b80ce5eab877cae9997209e0bee6e60
13860,8592725b85eec4822018b8728dd5b88d,88d8e3ff674b1514a19b24621707f0d9,SO74818,29,TI-T723,1,29,56e52500a7f5ab963646137a401683cd
13860,a2c49941411089cb2a9cbf78cb803c26,73a69a5c77a7d23172e54d7ce07a638e,SO56168,35,TI-M823,1,35,39fe373cdcb4534addde73890415b660
13860,a2c49941411089cb2a9cbf78cb803c26,73a69a5c77a7d23172e54d7ce07a638e,SO56168,5,TT-M928,1,5,39fe373cdcb4534addde73890415b660
13861,7130adfd843cdcb6d0bcd9d13792693a,d1024973c3d10f08cb9fa1736e6ed8b7,SO63087,22,FE-6654,1,22,f46ace11e93788e473124f7be16a19d5
13862,15aceb75d86814cb479f1b1a9487c3d4,f799d104dd23bb828dcdaaefc4d25b61,SO52921,769,BK-M38S-40,1,769,072bf847aeeee970f66483e596496cd9
13862,15aceb75d86814cb479f1b1a9487c3d4,f799d104dd23bb828dcdaaefc4d25b61,SO52921,105,HL-U509-R,3,105,072bf847aeeee970f66483e596496cd9
13862,f924afae9f4c724ae1a0a28c0959d2ed,3d2f1a711567258a8d30dab6a6dbd8f6,SO48992,4364,BK-R89B-58,2,4364,609dcf12bb3687c6856be712159d7032
13863,6ef7b4bb93d4e54234cf965ed2334682,ccf89c691dabb1412404274596922d90,SO65979,22,FE-6654,1,22,93ddc10d6cf61153011df052aa76671f
13863,6ef7b4bb93d4e54234cf965ed2334682,ccf89c691dabb1412404274596922d90,SO65979,150,LJ-0192-S,3,150,93ddc10d6cf61153011df052aa76671f
13864,f8025d3776b5f7522a6120cb4e9e0783,2d6e054ac82934d489c58cc8399a1628,SO61622,22,FE-6654,1,22,d945ec2aae74dbfb829453026b91c235
13865,ccb91034934bb047c5f6a32eb289b95b,640540d73b85c3ecd2e3bf5541686e87,SO59748,10,BC-M005,1,10,3ebfce6ccd7540a632ae7e6ad8100c29
13865,ccb91034934bb047c5f6a32eb289b95b,640540d73b85c3ecd2e3bf5541686e87,SO59748,4640,BK-M68S-46,2,4640,3ebfce6ccd7540a632ae7e6ad8100c29
13865,ccb91034934bb047c5f6a32eb289b95b,640540d73b85c3ecd2e3bf5541686e87,SO59748,22,FE-6654,1,22,3ebfce6ccd7540a632ae7e6ad8100c29
13865,daac5732a7741792804c19340b534bae,7328906f8bab0a3b391053e4df6588d3,SO49171,4364,BK-R89B-48,2,4364,c8db84e7a63e3fa5806b462c51f794cd
13866,5072507e949a2c25948a591c4da194e1,a189cc17a15cdb4e39e80dfcd8374c76,SO59688,4640,BK-M68S-42,2,4640,ad0b7f5ad35732646f1e5f67418d5995
13866,5072507e949a2c25948a591c4da194e1,a189cc17a15cdb4e39e80dfcd8374c76,SO59688,27,CA-1098,3,27,ad0b7f5ad35732646f1e5f67418d5995
13866,5072507e949a2c25948a591c4da194e1,a189cc17a15cdb4e39e80dfcd8374c76,SO59688,105,HL-U509,3,105,ad0b7f5ad35732646f1e5f67418d5995
13866,5072507e949a2c25948a591c4da194e1,a189cc17a15cdb4e39e80dfcd8374c76,SO59688,54,SJ-0194-S,1,54,ad0b7f5ad35732646f1e5f67418d5995
13866,5072507e949a2c25948a591c4da194e1,a189cc17a15cdb4e39e80dfcd8374c76,SO59688,35,TI-M823,1,35,ad0b7f5ad35732646f1e5f67418d5995
13866,5072507e949a2c25948a591c4da194e1,a189cc17a15cdb4e39e80dfcd8374c76,SO59688,5,TT-M928,1,5,ad0b7f5ad35732646f1e5f67418d5995
13866,ff2bf25190a8fcdee3d17552f1914d11,d5cc3ca31a62986018db87cc11d7c3c0,SO49305,4364,BK-R89R-58,2,4364,01e9454335c45aa6cdee165f2c25b3c0
13867,9e8cbc3edbb5efb3f48d6afb260e4725,174acf6ca4e9804d47a59a499422e621,SO59231,22,FE-6654,1,22,640540d73b85c3ecd2e3bf5541686e87
13867,9e8cbc3edbb5efb3f48d6afb260e4725,174acf6ca4e9804d47a59a499422e621,SO59231,105,HL-U509,3,105,640540d73b85c3ecd2e3bf5541686e87
13868,3c4bf68562424c26986beae6ce13704a,dba3e44e23a1d2c2f299811e94db7fce,SO54951,22,FE-6654,1,22,1f50dad3f1493a5cf408c4eb3987479e
13868,3c4bf68562424c26986beae6ce13704a,dba3e44e23a1d2c2f299811e94db7fce,SO54951,9,SO-R809-L,1,9,1f50dad3f1493a5cf408c4eb3987479e
13869,99c8f306659fd98cbb9d7f03ec0c2a7a,705fa39ab40831529471c768490339ab,SO69896,22,FE-6654,1,22,fff3c307c93eda1eb91d53ca588846fe
13870,15699e35c72c4036c71409f3f3d69528,f5933feadc49c253e4f0e77b236946e9,SO53051,769,BK-M38S-42,1,769,deff8ad81a213d1110c1f409a7f40fcd
13870,15699e35c72c4036c71409f3f3d69528,f5933feadc49c253e4f0e77b236946e9,SO53051,70,SH-W890-L,1,70,deff8ad81a213d1110c1f409a7f40fcd
13870,cfcb9c0159ca1cf30a8521a2922136e4,ff2bf25190a8fcdee3d17552f1914d11,SO49428,2443,BK-R89R-44,1,2443,59b3bce956067f996be5f0ddd87e18c7
13871,714597fe9448176d17876617114a65bc,d6ec5bff1a0809822c740ce35792fa7a,SO53234,769,BK-M38S-38,1,769,3143ce3c6436ed5bd25398756b7b661d
13871,714597fe9448176d17876617114a65bc,d6ec5bff1a0809822c740ce35792fa7a,SO53234,48,GL-H102-S,2,48,3143ce3c6436ed5bd25398756b7b661d
13871,714597fe9448176d17876617114a65bc,d6ec5bff1a0809822c740ce35792fa7a,SO53234,105,HL-U509-B,3,105,3143ce3c6436ed5bd25398756b7b661d
13871,714597fe9448176d17876617114a65bc,d6ec5bff1a0809822c740ce35792fa7a,SO53234,150,LJ-0192-M,3,150,3143ce3c6436ed5bd25398756b7b661d
13871,83e4278f3d557c0bd5784b2bc83d617c,c8db84e7a63e3fa5806b462c51f794cd,SO49251,4364,BK-R89B-52,2,4364,120e988208d0c7478eebe7175e557b29
13872,72e75576254db1afef14ecdc050391c2,20b851db79828c985958154243411278,SO52095,22,FE-6654,1,22,0b80ce5eab877cae9997209e0bee6e60
13872,72e75576254db1afef14ecdc050391c2,20b851db79828c985958154243411278,SO52095,159,ST-1401,1,159,0b80ce5eab877cae9997209e0bee6e60
13873,4364e5a7100b33d6b7420dc1168e3ded,1d94ce9f1e285f2d6cb6680691aed781,SO49227,2443,BK-R89R-48,1,2443,daac5732a7741792804c19340b534bae
13873,c926349b55a58d87d7d5008c349fd1e9,9e8cbc3edbb5efb3f48d6afb260e4725,SO60094,4640,BK-M68S-46,2,4640,ccb91034934bb047c5f6a32eb289b95b
13873,c926349b55a58d87d7d5008c349fd1e9,9e8cbc3edbb5efb3f48d6afb260e4725,SO60094,2,PK-7098,1,2,ccb91034934bb047c5f6a32eb289b95b
13874,16918840d98f27ce45948fe73dd5592f,04dbdf67bb8714ba18c9c36d50d1f5dc,SO62720,22,FE-6654,1,22,95103530881768b5cfc7e33970db9cd7
13874,16918840d98f27ce45948fe73dd5592f,04dbdf67bb8714ba18c9c36d50d1f5dc,SO62720,55,HY-1023-70,1,55,95103530881768b5cfc7e33970db9cd7
13875,6a373d2281ba1487d83680f65dd6e6d0,2fb09097185e604aaadbfde958fd6262,SO74989,22,FE-6654,1,22,8592725b85eec4822018b8728dd5b88d
13875,6a373d2281ba1487d83680f65dd6e6d0,2fb09097185e604aaadbfde958fd6262,SO74989,2,PK-7098,1,2,8592725b85eec4822018b8728dd5b88d
13876,606ed413481267c98754e3351f662859,4ddc8821c34bceaf3dba4a18741acca3,SO61938,22,FE-6654,1,22,f8025d3776b5f7522a6120cb4e9e0783
13877,6d44506d59926d8d13d35f75d97f2a64,deff8ad81a213d1110c1f409a7f40fcd,SO53437,769,BK-M38S-46,1,769,f476906875bc5d9abe836b4ea1f485c1
13877,6d44506d59926d8d13d35f75d97f2a64,deff8ad81a213d1110c1f409a7f40fcd,SO53437,27,CA-1098,3,27,f476906875bc5d9abe836b4ea1f485c1
13877,6d44506d59926d8d13d35f75d97f2a64,deff8ad81a213d1110c1f409a7f40fcd,SO53437,70,SH-W890-L,1,70,f476906875bc5d9abe836b4ea1f485c1
13877,f503064ebf1d6c48e58be9df2aa9a79b,61f221efdc5f1284178644e84c13fc7c,SO49391,4364,BK-R89B-58,2,4364,043dc8381a880800c6904db9a2d6994e
13878,5432d51ee94799c0125bb158c8a8bd22,545a3d56d20b22e09aa85bfa5ed8738d,SO73158,4590,BK-M68B-46,2,4590,9592b44e2c3f304a9875f45537bec6eb
13878,5432d51ee94799c0125bb158c8a8bd22,545a3d56d20b22e09aa85bfa5ed8738d,SO73158,22,FE-6654,1,22,9592b44e2c3f304a9875f45537bec6eb
13878,5432d51ee94799c0125bb158c8a8bd22,545a3d56d20b22e09aa85bfa5ed8738d,SO73158,150,LJ-0192-L,3,150,9592b44e2c3f304a9875f45537bec6eb
13879,6ef7b4bb93d4e54234cf965ed2334682,ccf89c691dabb1412404274596922d90,SO65978,22,FE-6654,1,22,93ddc10d6cf61153011df052aa76671f
13880,2ed3972e38245b633ec6b146c2970148,6477c205c5117a9448ba863e111acf32,SO61690,22,FE-6654,1,22,2becb9647677a1a316b388bbad689580
13880,2ed3972e38245b633ec6b146c2970148,6477c205c5117a9448ba863e111acf32,SO61690,150,LJ-0192-X,3,150,2becb9647677a1a316b388bbad689580
13881,ccf89c691dabb1412404274596922d90,b0241b451647f25db5f52074445d820c,SO65046,22,FE-6654,1,22,7299e51cfc0d5174743a6701a8a96488
13881,ccf89c691dabb1412404274596922d90,b0241b451647f25db5f52074445d820c,SO65046,150,LJ-0192-X,3,150,7299e51cfc0d5174743a6701a8a96488
13882,c6cff482661a9daa82c86dddcf00c0e4,daac5732a7741792804c19340b534bae,SO49294,2443,BK-R89R-44,1,2443,83e4278f3d557c0bd5784b2bc83d617c
13882,f799d104dd23bb828dcdaaefc4d25b61,ca510b577b53d588f80b4fc76030ea52,SO52318,769,BK-M38S-40,1,769,cfceb7490eff6e660974507be7c579c6
13882,f799d104dd23bb828dcdaaefc4d25b61,ca510b577b53d588f80b4fc76030ea52,SO52318,105,HL-U509-B,3,105,cfceb7490eff6e660974507be7c579c6
13882,f799d104dd23bb828dcdaaefc4d25b61,ca510b577b53d588f80b4fc76030ea52,SO52318,30,TI-M602,1,30,cfceb7490eff6e660974507be7c579c6
13882,f799d104dd23bb828dcdaaefc4d25b61,ca510b577b53d588f80b4fc76030ea52,SO52318,5,TT-M928,1,5,cfceb7490eff6e660974507be7c579c6
13883,db2b287636ac5ebda430de4f3f643b24,7af7abc5e37d5fa2e2334b4fec2584e2,SO52007,769,BK-M38S-40,1,769,bee2b842cd357511cf4c8e509f5af192
13883,db2b287636ac5ebda430de4f3f643b24,7af7abc5e37d5fa2e2334b4fec2584e2,SO52007,70,SH-W890-L,1,70,bee2b842cd357511cf4c8e509f5af192
13883,efe1c5e6e4edb477ce15d36dad6bbea3,8a9e9eb9bf34bfb298138c0b091eaf0a,SO49354,4364,BK-R89B-44,2,4364,ff2bf25190a8fcdee3d17552f1914d11
13884,61f221efdc5f1284178644e84c13fc7c,14114c0c0c03d2681f7688c3c6e94055,SO49269,4364,BK-R89B-44,2,4364,4a21ddebdfee548e65b62c2809afc1c0
13884,d6ec5bff1a0809822c740ce35792fa7a,db2b287636ac5ebda430de4f3f643b24,SO52609,769,BK-M38S-42,1,769,6be9692276a308e4b872323af1ad8fe2
13884,d6ec5bff1a0809822c740ce35792fa7a,db2b287636ac5ebda430de4f3f643b24,SO52609,22,FE-6654,1,22,6be9692276a308e4b872323af1ad8fe2
13884,d6ec5bff1a0809822c740ce35792fa7a,db2b287636ac5ebda430de4f3f643b24,SO52609,105,HL-U509-B,3,105,6be9692276a308e4b872323af1ad8fe2
13884,d6ec5bff1a0809822c740ce35792fa7a,db2b287636ac5ebda430de4f3f643b24,SO52609,30,TI-M602,1,30,6be9692276a308e4b872323af1ad8fe2
13884,d6ec5bff1a0809822c740ce35792fa7a,db2b287636ac5ebda430de4f3f643b24,SO52609,5,TT-M928,1,5,6be9692276a308e4b872323af1ad8fe2
13885,ad0b7f5ad35732646f1e5f67418d5995,244cede513841376c37dc856f2f5e7b9,SO59322,4640,BK-M68S-42,2,4640,0df76889b3e31ccfd17b50cc73baef03
13885,ad0b7f5ad35732646f1e5f67418d5995,244cede513841376c37dc856f2f5e7b9,SO59322,22,FE-6654,1,22,0df76889b3e31ccfd17b50cc73baef03
13885,ad0b7f5ad35732646f1e5f67418d5995,244cede513841376c37dc856f2f5e7b9,SO59322,48,GL-H102-S,2,48,0df76889b3e31ccfd17b50cc73baef03
13885,ad0b7f5ad35732646f1e5f67418d5995,244cede513841376c37dc856f2f5e7b9,SO59322,105,HL-U509-R,3,105,0df76889b3e31ccfd17b50cc73baef03
13885,daac5732a7741792804c19340b534bae,7328906f8bab0a3b391053e4df6588d3,SO49172,2443,BK-R89R-44,1,2443,c8db84e7a63e3fa5806b462c51f794cd
13886,013f173c58073e845f675d26fdde1918,ccb91034934bb047c5f6a32eb289b95b,SO60549,4640,BK-M68S-42,2,4640,d6fb379288416774d139632beb88e26b
13886,013f173c58073e845f675d26fdde1918,ccb91034934bb047c5f6a32eb289b95b,SO60549,105,HL-U509-R,3,105,d6fb379288416774d139632beb88e26b
13886,ff2bf25190a8fcdee3d17552f1914d11,d5cc3ca31a62986018db87cc11d7c3c0,SO49306,4364,BK-R89B-44,2,4364,01e9454335c45aa6cdee165f2c25b3c0
13887,ac203ebd768c37b8ea6931e800115ae2,2a8c7f899adb0e29724a30c7fb9e8618,SO49674,2443,BK-R89R-48,1,2443,1a957c2fc6360821c819775ff9ef6f7e
13887,c660dc308b247ce08aeecd155306bae0,e7df1b3ee078bdcfc260a877f321287d,SO59951,4640,BK-M68S-42,2,4640,9a95fdf4e925d9cbd65f87b5aa4ac212
13888,8728a5e296f39e49d2fa74c31820e99f,66e56e10b0f528b66a45e307ecdf4774,SO69605,22,FE-6654,1,22,3fe686907939d07097f6c87f08025422
13889,42c14d5c5a8f3096180b16977a1ea248,141947ecbe6170100396f0be43a07a37,SO49707,4364,BK-R89R-58,2,4364,2c9d527f6ea5c0d14748fcde2dc730c5
13889,76e3c19dbb0dadc4c6dc771d856e4676,ad4fbe0c82c7e5968d4cf22c2ad19e28,SO53328,769,BK-M38S-40,1,769,15699e35c72c4036c71409f3f3d69528
13889,76e3c19dbb0dadc4c6dc771d856e4676,ad4fbe0c82c7e5968d4cf22c2ad19e28,SO53328,27,CA-1098,3,27,15699e35c72c4036c71409f3f3d69528
13889,76e3c19dbb0dadc4c6dc771d856e4676,ad4fbe0c82c7e5968d4cf22c2ad19e28,SO53328,70,SH-W890-L,1,70,15699e35c72c4036c71409f3f3d69528
13889,76e3c19dbb0dadc4c6dc771d856e4676,ad4fbe0c82c7e5968d4cf22c2ad19e28,SO53328,54,SJ-0194-X,1,54,15699e35c72c4036c71409f3f3d69528
13890,07f48468b4de047ab258a3d18df75f9d,785a283b263bd599ee5a0c2af80b43b0,SO49681,4364,BK-R89B-58,2,4364,0a2ae1635ed951cbbaf7e3dfb1b460b2
13890,4310d0d92131e34ff2716d85e1953174,90c6314650a0d54fdcabe5cd5406f9af,SO54643,769,BK-M38S-40,1,769,d3c54b4368c62c2ff11535bf2b677170
13890,4310d0d92131e34ff2716d85e1953174,90c6314650a0d54fdcabe5cd5406f9af,SO54643,22,FE-6654,1,22,d3c54b4368c62c2ff11535bf2b677170
13890,4310d0d92131e34ff2716d85e1953174,90c6314650a0d54fdcabe5cd5406f9af,SO54643,9,SO-R809-M,1,9,d3c54b4368c62c2ff11535bf2b677170
13891,485ae69515bc4c60ef546ff289741f60,40ff348468b73116a7077c246985e0bf,SO57615,22,FE-6654,1,22,375bde15092f45652b6398c1dff650d0
13891,485ae69515bc4c60ef546ff289741f60,40ff348468b73116a7077c246985e0bf,SO57615,64,VE-C304-M,1,64,375bde15092f45652b6398c1dff650d0
13892,2a8c7f899adb0e29724a30c7fb9e8618,88b82588375bd49ab9a4c177ecf7af7b,SO49560,4364,BK-R89B-48,2,4364,79e45486ec381a8d5022628ddaa21b8b
13892,9223b53f03a405f817e91392f0294f6a,3e07f09fb2edbdf0bf6a54c17634514b,SO53821,769,BK-M38S-42,1,769,14e4b13c27fb9bce9938ce35b6597eca
13892,9223b53f03a405f817e91392f0294f6a,3e07f09fb2edbdf0bf6a54c17634514b,SO53821,70,SH-W890-M,1,70,14e4b13c27fb9bce9938ce35b6597eca
13893,348f48807f500aeac729fb17d9bc97f1,5072507e949a2c25948a591c4da194e1,SO60482,22,FE-6654,1,22,f108e0cd2f96a0c22086f9d45ee08f19
13894,4804ee33768b143d9706052696f7dfbd,7254e54716fe52361e62aa16ea2e0797,SO60290,10,BC-M005,1,10,c660dc308b247ce08aeecd155306bae0
13894,4804ee33768b143d9706052696f7dfbd,7254e54716fe52361e62aa16ea2e0797,SO60290,4590,BK-M68B-38,2,4590,c660dc308b247ce08aeecd155306bae0
13894,4804ee33768b143d9706052696f7dfbd,7254e54716fe52361e62aa16ea2e0797,SO60290,22,FE-6654,1,22,c660dc308b247ce08aeecd155306bae0
13894,4804ee33768b143d9706052696f7dfbd,7254e54716fe52361e62aa16ea2e0797,SO60290,105,HL-U509-R,3,105,c660dc308b247ce08aeecd155306bae0
13894,4804ee33768b143d9706052696f7dfbd,7254e54716fe52361e62aa16ea2e0797,SO60290,5,WB-H098,1,5,c660dc308b247ce08aeecd155306bae0
13894,7c5572d8ea7717eb416a5478b1b0056f,59b3bce956067f996be5f0ddd87e18c7,SO49584,2443,BK-R89R-44,1,2443,cc2547b3671a031a723a4e3e241d0eed
13895,5b52026be4438e7bdff7efad86b3d446,1a957c2fc6360821c819775ff9ef6f7e,SO49739,4364,BK-R89B-52,2,4364,da59baff9b2091053d3cbde67efd84ca
13895,9e8cbc3edbb5efb3f48d6afb260e4725,174acf6ca4e9804d47a59a499422e621,SO59246,4640,BK-M68S-42,2,4640,640540d73b85c3ecd2e3bf5541686e87
13895,9e8cbc3edbb5efb3f48d6afb260e4725,174acf6ca4e9804d47a59a499422e621,SO59246,22,FE-6654,1,22,640540d73b85c3ecd2e3bf5541686e87
13895,9e8cbc3edbb5efb3f48d6afb260e4725,174acf6ca4e9804d47a59a499422e621,SO59246,105,HL-U509,3,105,640540d73b85c3ecd2e3bf5541686e87
13896,104cef6597ea499d4b3c31db81c466f6,5aec9d44b0ac5d0db100a243378111b3,SO50032,2443,BK-R89R-48,1,2443,968e9a4bab3af2e071a27db638e363e6
13896,9a95fdf4e925d9cbd65f87b5aa4ac212,478ecc8cdaa127c33884d9f6c72c2cd5,SO59623,4590,BK-M68B-46,2,4590,9e8cbc3edbb5efb3f48d6afb260e4725
13896,9a95fdf4e925d9cbd65f87b5aa4ac212,478ecc8cdaa127c33884d9f6c72c2cd5,SO59623,2,PK-7098,1,2,9e8cbc3edbb5efb3f48d6afb260e4725
13896,9a95fdf4e925d9cbd65f87b5aa4ac212,478ecc8cdaa127c33884d9f6c72c2cd5,SO59623,35,TI-M823,1,35,9e8cbc3edbb5efb3f48d6afb260e4725
13897,7983129d9883ebc3b9dce3311996b001,0df76889b3e31ccfd17b50cc73baef03,SO59804,4590,BK-M68B-46,2,4590,7254e54716fe52361e62aa16ea2e0797
13897,7983129d9883ebc3b9dce3311996b001,0df76889b3e31ccfd17b50cc73baef03,SO59804,22,FE-6654,1,22,7254e54716fe52361e62aa16ea2e0797
13897,decf9fc89a1038c423f1bef01a953ac9,104cef6597ea499d4b3c31db81c466f6,SO50146,4364,BK-R89B-52,2,4364,74a9ea32186ec3a0b0657cef3f2b687f
13898,14cf1002d25f6005ecb94636b7f549b1,70dbbfe9e1fafe828bd88bd62f0de8f4,SO50102,2443,BK-R89R-52,1,2443,d35624c3724a7f923a0dcae76c01cb28
13898,412998e77ee121227580e3d363f75fa2,df595e3c678d4fae23ce174fe747165e,SO59875,10,BC-M005,1,10,254d832c83ccdb2c33eab65a4fd196ff
13898,412998e77ee121227580e3d363f75fa2,df595e3c678d4fae23ce174fe747165e,SO59875,4640,BK-M68S-38,2,4640,254d832c83ccdb2c33eab65a4fd196ff
13898,412998e77ee121227580e3d363f75fa2,df595e3c678d4fae23ce174fe747165e,SO59875,22,FE-6654,1,22,254d832c83ccdb2c33eab65a4fd196ff
13898,412998e77ee121227580e3d363f75fa2,df595e3c678d4fae23ce174fe747165e,SO59875,105,HL-U509-B,3,105,254d832c83ccdb2c33eab65a4fd196ff
13898,412998e77ee121227580e3d363f75fa2,df595e3c678d4fae23ce174fe747165e,SO59875,5,WB-H098,1,5,254d832c83ccdb2c33eab65a4fd196ff
13899,a2c49941411089cb2a9cbf78cb803c26,73a69a5c77a7d23172e54d7ce07a638e,SO56157,22,FE-6654,1,22,39fe373cdcb4534addde73890415b660
13900,ed268f8f3837888893f896b7240f1254,a9cefc49af6424b430612adfc69876ee,SO56459,22,FE-6654,1,22,6353a8421ee460b64f2c988cc72a8391
13901,c660dc308b247ce08aeecd155306bae0,e7df1b3ee078bdcfc260a877f321287d,SO59939,10,BC-M005,1,10,9a95fdf4e925d9cbd65f87b5aa4ac212
13901,c660dc308b247ce08aeecd155306bae0,e7df1b3ee078bdcfc260a877f321287d,SO59939,22,FE-6654,1,22,9a95fdf4e925d9cbd65f87b5aa4ac212
13901,c660dc308b247ce08aeecd155306bae0,e7df1b3ee078bdcfc260a877f321287d,SO59939,105,HL-U509-R,3,105,9a95fdf4e925d9cbd65f87b5aa4ac212
13902,04dbdf67bb8714ba18c9c36d50d1f5dc,4cc27df81afd686c0420394e090460cb,SO61993,22,FE-6654,1,22,2ed3972e38245b633ec6b146c2970148
13903,5aec9d44b0ac5d0db100a243378111b3,5b52026be4438e7bdff7efad86b3d446,SO49910,4364,BK-R89R-58,2,4364,b7d5a5b8cc647eb5c041cfb92957acb2
13903,9e8cbc3edbb5efb3f48d6afb260e4725,174acf6ca4e9804d47a59a499422e621,SO59247,4590,BK-M68B-46,2,4590,640540d73b85c3ecd2e3bf5541686e87
13903,9e8cbc3edbb5efb3f48d6afb260e4725,174acf6ca4e9804d47a59a499422e621,SO59247,105,HL-U509-R,3,105,640540d73b85c3ecd2e3bf5541686e87
13904,6477c205c5117a9448ba863e111acf32,c926349b55a58d87d7d5008c349fd1e9,SO60876,4640,BK-M68S-46,2,4640,013f173c58073e845f675d26fdde1918
13904,b60bd79b871d7c3345674370fa4dda03,ff9b4d639b22897f1c0256881eeb8643,SO50154,4364,BK-R89B-44,2,4364,14cf1002d25f6005ecb94636b7f549b1
13905,4ddc8821c34bceaf3dba4a18741acca3,af1457846a79173ef71dd9d5dd69805a,SO61154,4590,BK-M68B-46,2,4590,2d6e054ac82934d489c58cc8399a1628
13905,4ddc8821c34bceaf3dba4a18741acca3,af1457846a79173ef71dd9d5dd69805a,SO61154,22,FE-6654,1,22,2d6e054ac82934d489c58cc8399a1628
13905,4ddc8821c34bceaf3dba4a18741acca3,af1457846a79173ef71dd9d5dd69805a,SO61154,150,LJ-0192-L,3,150,2d6e054ac82934d489c58cc8399a1628
13905,e488a84b1e74148f72971289cb4e1be9,ce0250e4c407a28df088d59c0b77cc37,SO50167,4364,BK-R89R-58,2,4364,f8fc91862dc66c3aaaa0e65ff94d1479
13906,968e9a4bab3af2e071a27db638e363e6,b7d5a5b8cc647eb5c041cfb92957acb2,SO49976,4364,BK-R89B-48,2,4364,79f46ce61b754fc6c2eeda754a6354bc
13906,fef3080ec197edd1a04bb18afd31d16d,b8d9d66529b0a1e91f6137abcdd065dd,SO54921,769,BK-M38S-38,1,769,4310d0d92131e34ff2716d85e1953174
13906,fef3080ec197edd1a04bb18afd31d16d,b8d9d66529b0a1e91f6137abcdd065dd,SO54921,70,SH-W890-M,1,70,4310d0d92131e34ff2716d85e1953174
13907,3ebfce6ccd7540a632ae7e6ad8100c29,d630b2db6e8046e30b4728ca862ba4e1,SO59379,4590,BK-M68B-46,2,4590,df595e3c678d4fae23ce174fe747165e
13907,3ebfce6ccd7540a632ae7e6ad8100c29,d630b2db6e8046e30b4728ca862ba4e1,SO59379,120,RA-H123,1,120,df595e3c678d4fae23ce174fe747165e
13907,52bde41d0f4e244c3d741707e5f19618,ceda4a900d234638ff03b93b262b14e6,SO50119,4364,BK-R89B-52,2,4364,c9e159941f9c2ce8daa7b4737e7f8552
13908,485ae69515bc4c60ef546ff289741f60,40ff348468b73116a7077c246985e0bf,SO57624,4590,BK-M68B-38,2,4590,375bde15092f45652b6398c1dff650d0
13908,58f0b42da53adeeccbfa693883fea672,8c9ec1be720ee75d56d0c250d10610fa,SO64439,2384,BK-T79U-54,1,2384,d4746e41b619da57ee9f1a2e2cc254e8
13908,58f0b42da53adeeccbfa693883fea672,8c9ec1be720ee75d56d0c250d10610fa,SO64439,2,PK-7098,1,2,d4746e41b619da57ee9f1a2e2cc254e8
13908,58f0b42da53adeeccbfa693883fea672,8c9ec1be720ee75d56d0c250d10610fa,SO64439,29,TI-T723,1,29,d4746e41b619da57ee9f1a2e2cc254e8
13908,58f0b42da53adeeccbfa693883fea672,8c9ec1be720ee75d56d0c250d10610fa,SO64439,5,TT-T092,1,5,d4746e41b619da57ee9f1a2e2cc254e8
13909,93ddc10d6cf61153011df052aa76671f,7299e51cfc0d5174743a6701a8a96488,SO65673,2384,BK-T79Y-46,1,2384,02b96ab6e0935145589be4e1408a1675
13909,93ddc10d6cf61153011df052aa76671f,7299e51cfc0d5174743a6701a8a96488,SO65673,105,HL-U509-B,3,105,02b96ab6e0935145589be4e1408a1675
13909,a976f17830aceaaa93d5daef0bc209a3,d9f7611cf8d29b48a1d3d8fddb8c5b2e,SO57518,10,BC-M005,1,10,0e23f371129aecc6b2033620b226f8d7
13909,a976f17830aceaaa93d5daef0bc209a3,d9f7611cf8d29b48a1d3d8fddb8c5b2e,SO57518,4590,BK-M68B-42,2,4590,0e23f371129aecc6b2033620b226f8d7
13909,a976f17830aceaaa93d5daef0bc209a3,d9f7611cf8d29b48a1d3d8fddb8c5b2e,SO57518,105,HL-U509-R,3,105,0e23f371129aecc6b2033620b226f8d7
13909,a976f17830aceaaa93d5daef0bc209a3,d9f7611cf8d29b48a1d3d8fddb8c5b2e,SO57518,5,WB-H098,1,5,0e23f371129aecc6b2033620b226f8d7
13910,968e9a4bab3af2e071a27db638e363e6,b7d5a5b8cc647eb5c041cfb92957acb2,SO49977,4364,BK-R89B-52,2,4364,79f46ce61b754fc6c2eeda754a6354bc
13910,c926349b55a58d87d7d5008c349fd1e9,9e8cbc3edbb5efb3f48d6afb260e4725,SO60093,10,BC-M005,1,10,ccb91034934bb047c5f6a32eb289b95b
13910,c926349b55a58d87d7d5008c349fd1e9,9e8cbc3edbb5efb3f48d6afb260e4725,SO60093,4590,BK-M68B-42,2,4590,ccb91034934bb047c5f6a32eb289b95b
13910,c926349b55a58d87d7d5008c349fd1e9,9e8cbc3edbb5efb3f48d6afb260e4725,SO60093,105,HL-U509-R,3,105,ccb91034934bb047c5f6a32eb289b95b
13910,c926349b55a58d87d7d5008c349fd1e9,9e8cbc3edbb5efb3f48d6afb260e4725,SO60093,5,WB-H098,1,5,ccb91034934bb047c5f6a32eb289b95b
13911,8dd3ccb09d6ab7dd754ab887e66e8652,87d4f54c086f76c98b608b3ad8c4f65f,SO49921,4364,BK-R89B-58,2,4364,3f9a1152bc048e6eb1f01994b7cf5f9d
13911,eef21e68ecca703bb338920b950f203c,f108e0cd2f96a0c22086f9d45ee08f19,SO60927,4590,BK-M68B-42,2,4590,b21e833d3ead6056f1265f13fe1ff015
13911,eef21e68ecca703bb338920b950f203c,f108e0cd2f96a0c22086f9d45ee08f19,SO60927,22,FE-6654,1,22,b21e833d3ead6056f1265f13fe1ff015
13911,eef21e68ecca703bb338920b950f203c,f108e0cd2f96a0c22086f9d45ee08f19,SO60927,150,LJ-0192-X,3,150,b21e833d3ead6056f1265f13fe1ff015
13912,5d8c6714b72d01c132804ea13b83dd02,e488a84b1e74148f72971289cb4e1be9,SO50434,4364,BK-R89B-48,2,4364,cbb00636032a355ee463d321ac8ee9fb
13912,e7df1b3ee078bdcfc260a877f321287d,4dbf892d41ae205f6e36838031cff786,SO59115,4640,BK-M68S-38,2,4640,478ecc8cdaa127c33884d9f6c72c2cd5
13912,e7df1b3ee078bdcfc260a877f321287d,4dbf892d41ae205f6e36838031cff786,SO59115,22,FE-6654,1,22,478ecc8cdaa127c33884d9f6c72c2cd5
13912,e7df1b3ee078bdcfc260a877f321287d,4dbf892d41ae205f6e36838031cff786,SO59115,48,GL-H102-L,2,48,478ecc8cdaa127c33884d9f6c72c2cd5
13913,7ee641303ef8d8b10d0ed00a060c73cc,eef21e68ecca703bb338920b950f203c,SO61756,22,FE-6654,1,22,0d15ba5aa4c9ad0377b26e0cf7a86280
13913,7ee641303ef8d8b10d0ed00a060c73cc,eef21e68ecca703bb338920b950f203c,SO61756,105,HL-U509-B,3,105,0d15ba5aa4c9ad0377b26e0cf7a86280
13913,7ee641303ef8d8b10d0ed00a060c73cc,eef21e68ecca703bb338920b950f203c,SO61756,150,LJ-0192-S,3,150,0d15ba5aa4c9ad0377b26e0cf7a86280
13914,fde67888c64f701b59876ec559099b3e,6353a8421ee460b64f2c988cc72a8391,SO56821,22,FE-6654,1,22,4ceff7612cfa4420892fe23b23ca9265
13914,fde67888c64f701b59876ec559099b3e,6353a8421ee460b64f2c988cc72a8391,SO56821,150,LJ-0192-S,3,150,4ceff7612cfa4420892fe23b23ca9265
13915,060e60684e6fb7ae3c79db1e8c889417,727839743fd8ddb93101d7c79edd3f76,SO50532,4364,BK-R89R-58,2,4364,8092e44fa2e2a2ee34e25210038fe274
13915,9444f850ff0c10a862b4a6a9c4ab0a74,3143ce3c6436ed5bd25398756b7b661d,SO53758,769,BK-M38S-46,1,769,76e3c19dbb0dadc4c6dc771d856e4676
13915,9444f850ff0c10a862b4a6a9c4ab0a74,3143ce3c6436ed5bd25398756b7b661d,SO53758,48,GL-H102-L,2,48,76e3c19dbb0dadc4c6dc771d856e4676
13915,9444f850ff0c10a862b4a6a9c4ab0a74,3143ce3c6436ed5bd25398756b7b661d,SO53758,70,SH-W890-M,1,70,76e3c19dbb0dadc4c6dc771d856e4676
13916,88077cf01a3e17831c2d0bcca5897c5b,95a2a9aefc393f8630e934768cacf4cd,SO73071,4640,BK-M68S-46,2,4640,86e0fc464cbb08ae74bd039224afec9a
13916,88077cf01a3e17831c2d0bcca5897c5b,95a2a9aefc393f8630e934768cacf4cd,SO73071,105,HL-U509,3,105,86e0fc464cbb08ae74bd039224afec9a
13917,41464bd548f06ca845208f69df30ac82,15aceb75d86814cb479f1b1a9487c3d4,SO53706,769,BK-M38S-40,1,769,3e48b2167bd86ef570e46d0b286c4f74
13917,41464bd548f06ca845208f69df30ac82,15aceb75d86814cb479f1b1a9487c3d4,SO53706,105,HL-U509,3,105,3e48b2167bd86ef570e46d0b286c4f74
13917,41464bd548f06ca845208f69df30ac82,15aceb75d86814cb479f1b1a9487c3d4,SO53706,30,TI-M602,1,30,3e48b2167bd86ef570e46d0b286c4f74
13917,41464bd548f06ca845208f69df30ac82,15aceb75d86814cb479f1b1a9487c3d4,SO53706,5,TT-M928,1,5,3e48b2167bd86ef570e46d0b286c4f74
13917,7dc1c03103798a474aa763047623df54,7b6fb99e007535aabcd19741210af47d,SO50648,2443,BK-R89R-48,1,2443,35a6fa1efa2ccca1297564c53a3633af
13918,47a161474962a6dcc03cfa64127a641f,8920fd63645007b243abb750709b1172,SO73227,10,BC-M005,1,10,c5ed53572c667b119dde2fc0f54de602
13918,47a161474962a6dcc03cfa64127a641f,8920fd63645007b243abb750709b1172,SO73227,4640,BK-M68S-42,2,4640,c5ed53572c667b119dde2fc0f54de602
13918,47a161474962a6dcc03cfa64127a641f,8920fd63645007b243abb750709b1172,SO73227,27,CA-1098,3,27,c5ed53572c667b119dde2fc0f54de602
13918,47a161474962a6dcc03cfa64127a641f,8920fd63645007b243abb750709b1172,SO73227,54,SJ-0194-X,1,54,c5ed53572c667b119dde2fc0f54de602
13918,47a161474962a6dcc03cfa64127a641f,8920fd63645007b243abb750709b1172,SO73227,5,WB-H098,1,5,c5ed53572c667b119dde2fc0f54de602
13919,0e000451f430d2e5b745a08b4ee7836c,9795c57676ee8b8b6ba9a6f9014a520b,SO74353,22,FE-6654,1,22,e4b40b4ba619c72ec5a69caad258d393
13919,0e000451f430d2e5b745a08b4ee7836c,9795c57676ee8b8b6ba9a6f9014a520b,SO74353,64,VE-C304-M,1,64,e4b40b4ba619c72ec5a69caad258d393
13920,0383d48e76cd8a3dfb9e2a890f2cac18,d6fb379288416774d139632beb88e26b,SO60980,10,BC-M005,1,10,883b9b4170853b321c03290f64ba199f
13920,0383d48e76cd8a3dfb9e2a890f2cac18,d6fb379288416774d139632beb88e26b,SO60980,64,VE-C304-L,1,64,883b9b4170853b321c03290f64ba199f
13920,0383d48e76cd8a3dfb9e2a890f2cac18,d6fb379288416774d139632beb88e26b,SO60980,5,WB-H098,1,5,883b9b4170853b321c03290f64ba199f
13920,290499d9b8e65db426ba9b842714eb6d,606ed413481267c98754e3351f662859,SO62661,8,CL-9009,1,8,d1024973c3d10f08cb9fa1736e6ed8b7
13920,290499d9b8e65db426ba9b842714eb6d,606ed413481267c98754e3351f662859,SO62661,35,TI-M823,1,35,d1024973c3d10f08cb9fa1736e6ed8b7
13920,290499d9b8e65db426ba9b842714eb6d,606ed413481267c98754e3351f662859,SO62661,5,TT-M928,1,5,d1024973c3d10f08cb9fa1736e6ed8b7
13920,8728a5e296f39e49d2fa74c31820e99f,66e56e10b0f528b66a45e307ecdf4774,SO69590,105,HL-U509-R,3,105,3fe686907939d07097f6c87f08025422
13920,8728a5e296f39e49d2fa74c31820e99f,66e56e10b0f528b66a45e307ecdf4774,SO69590,29,TI-T723,1,29,3fe686907939d07097f6c87f08025422
13920,8728a5e296f39e49d2fa74c31820e99f,66e56e10b0f528b66a45e307ecdf4774,SO69590,5,TT-T092,1,5,3fe686907939d07097f6c87f08025422
13920,a9cefc49af6424b430612adfc69876ee,d34ba8f5d7fd7d5959a34c283fbec422,SO55834,105,HL-U509,3,105,59c3d64cb01cd5ad7fd25246d81a55ff
13920,a9cefc49af6424b430612adfc69876ee,d34ba8f5d7fd7d5959a34c283fbec422,SO55834,33,TI-R982,1,33,59c3d64cb01cd5ad7fd25246d81a55ff
13920,a9cefc49af6424b430612adfc69876ee,d34ba8f5d7fd7d5959a34c283fbec422,SO55834,4,TT-R982,1,4,59c3d64cb01cd5ad7fd25246d81a55ff
13921,6e32728b966bb91cefefa1316da21ca8,b322422d9a721bbdefa133133dd407c1,SO67723,22,FE-6654,1,22,de5009f9bf3e9725d2381f4a5e913111
13921,6e32728b966bb91cefefa1316da21ca8,b322422d9a721bbdefa133133dd407c1,SO67723,105,HL-U509-R,3,105,de5009f9bf3e9725d2381f4a5e913111
13922,49fce086a31f1cfcf16b54e462f7cbc0,99c8f306659fd98cbb9d7f03ec0c2a7a,SO70780,22,FE-6654,1,22,e84848120190a8d0e696fbeb15647a74
13922,49fce086a31f1cfcf16b54e462f7cbc0,99c8f306659fd98cbb9d7f03ec0c2a7a,SO70780,105,HL-U509,3,105,e84848120190a8d0e696fbeb15647a74
13923,629ffff971d10f275a79a70fae527fbc,d6ab5a0eee939524352092b964d92b84,SO55995,22,FE-6654,1,22,3c1811b546060d91957cc446aabc4a3c
13923,629ffff971d10f275a79a70fae527fbc,d6ab5a0eee939524352092b964d92b84,SO55995,105,HL-U509-B,3,105,3c1811b546060d91957cc446aabc4a3c
13924,4a70a3ec50fd16032883bf6fc79c55dd,4804ee33768b143d9706052696f7dfbd,SO61059,8,CL-9009,1,8,e0bcd0ff3072dfe15609d6be1529b0b8
13924,4a70a3ec50fd16032883bf6fc79c55dd,4804ee33768b143d9706052696f7dfbd,SO61059,22,FE-6654,1,22,e0bcd0ff3072dfe15609d6be1529b0b8
13925,b1ad26241c636eff92eee5bae93235ce,14cf1002d25f6005ecb94636b7f549b1,SO50365,2443,BK-R89R-52,1,2443,e8e793c69d6c0688e51cf9bd1abe03b3
13925,da9c4ba6c9a1ae8725389bfd38b5763a,3e48b2167bd86ef570e46d0b286c4f74,SO54089,769,BK-M38S-40,1,769,9223b53f03a405f817e91392f0294f6a
13925,da9c4ba6c9a1ae8725389bfd38b5763a,3e48b2167bd86ef570e46d0b286c4f74,SO54089,8,CL-9009,1,8,9223b53f03a405f817e91392f0294f6a
13926,a976f17830aceaaa93d5daef0bc209a3,d9f7611cf8d29b48a1d3d8fddb8c5b2e,SO57502,22,FE-6654,1,22,0e23f371129aecc6b2033620b226f8d7
13926,a976f17830aceaaa93d5daef0bc209a3,d9f7611cf8d29b48a1d3d8fddb8c5b2e,SO57502,105,HL-U509-R,3,105,0e23f371129aecc6b2033620b226f8d7
13927,5a06908cc28b799b04fc1c47664462e6,da9c4ba6c9a1ae8725389bfd38b5763a,SO54756,769,BK-M38S-46,1,769,6d338b8c41c717c4336ad0084a80dca4
13927,5a06908cc28b799b04fc1c47664462e6,da9c4ba6c9a1ae8725389bfd38b5763a,SO54756,70,SH-W890-L,1,70,6d338b8c41c717c4336ad0084a80dca4
13927,c8f4a6002944b338d50dcc7eb3b056c8,aa42aae45cd2488a20db2ff74ed044f7,SO50556,4364,BK-R89B-52,2,4364,90f30c53e79c8b6bcde12e74a091432c
13928,c5ed53572c667b119dde2fc0f54de602,0d3057f268050d468f468434f8ec809a,SO72813,22,FE-6654,1,22,e366e24b8ad0b1107528f2f58cd15a81
13928,c5ed53572c667b119dde2fc0f54de602,0d3057f268050d468f468434f8ec809a,SO72813,64,VE-C304-L,1,64,e366e24b8ad0b1107528f2f58cd15a81
13929,60b901e6d879ccf3b3246e54133acee5,01e8942a5792053a553c4612bd6c06a6,SO75081,22,FE-6654,1,22,021d7f51f97fea2b23b069288066b34d
13929,60b901e6d879ccf3b3246e54133acee5,01e8942a5792053a553c4612bd6c06a6,SO75081,55,HY-1023-70,1,55,021d7f51f97fea2b23b069288066b34d
13930,fff3c307c93eda1eb91d53ca588846fe,4584ca349e0920f4436a3c2f36158b85,SO69344,22,FE-6654,1,22,70951886788165a5e2439adfce4d0cce
13930,fff3c307c93eda1eb91d53ca588846fe,4584ca349e0920f4436a3c2f36158b85,SO69344,55,HY-1023-70,1,55,70951886788165a5e2439adfce4d0cce
13930,fff3c307c93eda1eb91d53ca588846fe,4584ca349e0920f4436a3c2f36158b85,SO69344,64,VE-C304-M,1,64,70951886788165a5e2439adfce4d0cce
13931,ba19c22033aaecc6c5dad47f63e5858c,8dd08d219271ec96c543f486de430703,SO63028,22,FE-6654,1,22,16918840d98f27ce45948fe73dd5592f
13932,86bfb8ffc7a79e52d833cedce4d275bf,962bae2fb03296a3b9cacabfa929322c,SO70193,22,FE-6654,1,22,ec24e4cf9fcc90f3bbe81b2fb3735c21
13933,14e4b13c27fb9bce9938ce35b6597eca,c375f33d72ca7161f341c2726e82d67a,SO53375,22,FE-6654,1,22,9b98d27287b27eeee9ebc06e1d5a9a8d
13933,14e4b13c27fb9bce9938ce35b6597eca,c375f33d72ca7161f341c2726e82d67a,SO53375,105,HL-U509,3,105,9b98d27287b27eeee9ebc06e1d5a9a8d
13934,e366e24b8ad0b1107528f2f58cd15a81,921bc92a493b53f98f24e6a8a12801be,SO72465,22,FE-6654,1,22,c83e871e48c2716e0f28e60d166a5c98
13934,e366e24b8ad0b1107528f2f58cd15a81,921bc92a493b53f98f24e6a8a12801be,SO72465,9,SO-R809-M,1,9,c83e871e48c2716e0f28e60d166a5c98
13935,9444f850ff0c10a862b4a6a9c4ab0a74,3143ce3c6436ed5bd25398756b7b661d,SO53743,22,FE-6654,1,22,76e3c19dbb0dadc4c6dc771d856e4676
13935,9444f850ff0c10a862b4a6a9c4ab0a74,3143ce3c6436ed5bd25398756b7b661d,SO53743,105,HL-U509-R,3,105,76e3c19dbb0dadc4c6dc771d856e4676
13936,6eaadc1181f307997dc853d9ed40db36,0814775cfc25da756a9b4197347ab771,SO58515,35,TI-M823,1,35,4dbf892d41ae205f6e36838031cff786
13936,c4369eefdf9bb8a3f9115e96b40aaf17,b34050290c25b0f7b52a2b8f767df87d,SO68761,27,CA-1098,3,27,c135545cc3f3a739132ffdbc8096f3d4
13936,c4369eefdf9bb8a3f9115e96b40aaf17,b34050290c25b0f7b52a2b8f767df87d,SO68761,55,HY-1023-70,1,55,c135545cc3f3a739132ffdbc8096f3d4
13936,c4369eefdf9bb8a3f9115e96b40aaf17,b34050290c25b0f7b52a2b8f767df87d,SO68761,150,LJ-0192-L,3,150,c135545cc3f3a739132ffdbc8096f3d4
13936,c4369eefdf9bb8a3f9115e96b40aaf17,b34050290c25b0f7b52a2b8f767df87d,SO68761,5,WB-H098,1,5,c135545cc3f3a739132ffdbc8096f3d4
13936,e0cd1349b4c6e1b5f14ed427e358c2d0,f06fd077b6afc2d69af6e1e548da266d,SO70331,10,BC-M005,1,10,b95a9f47dd73bb9b799a31ae04ee7da1
13936,e0cd1349b4c6e1b5f14ed427e358c2d0,f06fd077b6afc2d69af6e1e548da266d,SO70331,150,LJ-0192-S,3,150,b95a9f47dd73bb9b799a31ae04ee7da1
13936,e0cd1349b4c6e1b5f14ed427e358c2d0,f06fd077b6afc2d69af6e1e548da266d,SO70331,5,WB-H098,1,5,b95a9f47dd73bb9b799a31ae04ee7da1
13937,8c9ec1be720ee75d56d0c250d10610fa,16918840d98f27ce45948fe73dd5592f,SO63653,22,FE-6654,1,22,81a5d08c6beaeec9e42baae5d63dd780
13937,8c9ec1be720ee75d56d0c250d10610fa,16918840d98f27ce45948fe73dd5592f,SO63653,64,VE-C304-L,1,64,81a5d08c6beaeec9e42baae5d63dd780
13938,106dfbaf552c07a1b08d065f2c343982,3f20f21c57e09a6c071e44d1fe74b58a,SO54572,769,BK-M38S-40,1,769,dba3e44e23a1d2c2f299811e94db7fce
13938,106dfbaf552c07a1b08d065f2c343982,3f20f21c57e09a6c071e44d1fe74b58a,SO54572,105,HL-U509-R,3,105,dba3e44e23a1d2c2f299811e94db7fce
13938,106dfbaf552c07a1b08d065f2c343982,3f20f21c57e09a6c071e44d1fe74b58a,SO54572,150,LJ-0192-S,3,150,dba3e44e23a1d2c2f299811e94db7fce
13938,106dfbaf552c07a1b08d065f2c343982,3f20f21c57e09a6c071e44d1fe74b58a,SO54572,30,TI-M602,1,30,dba3e44e23a1d2c2f299811e94db7fce
13938,106dfbaf552c07a1b08d065f2c343982,3f20f21c57e09a6c071e44d1fe74b58a,SO54572,5,TT-M928,1,5,dba3e44e23a1d2c2f299811e94db7fce
13938,7dc1c03103798a474aa763047623df54,7b6fb99e007535aabcd19741210af47d,SO50649,4364,BK-R89R-58,2,4364,35a6fa1efa2ccca1297564c53a3633af
13939,54e631e6ad5b9a63c134f0ca46d89658,28ba281a58dae2613cc89f9d101be807,SO50570,4364,BK-R89B-52,2,4364,7b6fb99e007535aabcd19741210af47d
13939,ab2e81a99745ffff6c06e2be93290d1b,76e3c19dbb0dadc4c6dc771d856e4676,SO54131,769,BK-M38S-40,1,769,1685ca8ff12ea83725a1c35e1d89c5cd
13939,ab2e81a99745ffff6c06e2be93290d1b,76e3c19dbb0dadc4c6dc771d856e4676,SO54131,27,CA-1098,3,27,1685ca8ff12ea83725a1c35e1d89c5cd
13939,ab2e81a99745ffff6c06e2be93290d1b,76e3c19dbb0dadc4c6dc771d856e4676,SO54131,70,SH-W890-S,1,70,1685ca8ff12ea83725a1c35e1d89c5cd
13939,ab2e81a99745ffff6c06e2be93290d1b,76e3c19dbb0dadc4c6dc771d856e4676,SO54131,54,SJ-0194-X,1,54,1685ca8ff12ea83725a1c35e1d89c5cd
13940,99b7e934795a93975a5e0c0b9b57d9ba,870bd4f3713260418e4f342f31dc7e33,SO63852,22,FE-6654,1,22,7a8e187aeb003f6e34c02a4d5b9b153e
13940,99b7e934795a93975a5e0c0b9b57d9ba,870bd4f3713260418e4f342f31dc7e33,SO63852,64,VE-C304-S,1,64,7a8e187aeb003f6e34c02a4d5b9b153e
13941,43e2cc7ff261723f93f64f3f7e9faa8d,a6f2945baeceeef4c8d541a22f6e99e9,SO73463,105,HL-U509-R,3,105,88077cf01a3e17831c2d0bcca5897c5b
13941,43e2cc7ff261723f93f64f3f7e9faa8d,a6f2945baeceeef4c8d541a22f6e99e9,SO73463,35,TI-M823,1,35,88077cf01a3e17831c2d0bcca5897c5b
13941,43e2cc7ff261723f93f64f3f7e9faa8d,a6f2945baeceeef4c8d541a22f6e99e9,SO73463,5,TT-M928,1,5,88077cf01a3e17831c2d0bcca5897c5b
13941,6ef7b4bb93d4e54234cf965ed2334682,ccf89c691dabb1412404274596922d90,SO65966,29,TI-T723,1,29,93ddc10d6cf61153011df052aa76671f
13941,73b2264d673ee7b5b2e7e165020516ac,4ceff7612cfa4420892fe23b23ca9265,SO57387,2,PK-7098,1,2,8d71482745a6a1be4fbbc5562ade4657
13941,73b2264d673ee7b5b2e7e165020516ac,4ceff7612cfa4420892fe23b23ca9265,SO57387,33,TI-R982,1,33,8d71482745a6a1be4fbbc5562ade4657
13941,73b2264d673ee7b5b2e7e165020516ac,4ceff7612cfa4420892fe23b23ca9265,SO57387,4,TT-R982,1,4,8d71482745a6a1be4fbbc5562ade4657
13941,86e0fc464cbb08ae74bd039224afec9a,38c9e5d1e366b4c5c36aae682bc960c4,SO72670,10,BC-M005,1,10,8920fd63645007b243abb750709b1172
13941,86e0fc464cbb08ae74bd039224afec9a,38c9e5d1e366b4c5c36aae682bc960c4,SO72670,27,CA-1098,3,27,8920fd63645007b243abb750709b1172
13941,86e0fc464cbb08ae74bd039224afec9a,38c9e5d1e366b4c5c36aae682bc960c4,SO72670,120,RA-H123,1,120,8920fd63645007b243abb750709b1172
13941,86e0fc464cbb08ae74bd039224afec9a,38c9e5d1e366b4c5c36aae682bc960c4,SO72670,5,WB-H098,1,5,8920fd63645007b243abb750709b1172
13942,226d694fb4b7f71d62444f9528be8704,714597fe9448176d17876617114a65bc,SO54006,22,FE-6654,1,22,9444f850ff0c10a862b4a6a9c4ab0a74
13942,226d694fb4b7f71d62444f9528be8704,714597fe9448176d17876617114a65bc,SO54006,105,HL-U509,3,105,9444f850ff0c10a862b4a6a9c4ab0a74
13943,6d1d8a1c7851eb5a946d45009cea6d9f,3f0c8308e4e2e5c4ddc1b7e19304f613,SO65707,10,BC-M005,1,10,6582aa26281b9a92ad60e6a03e274c00
13943,6d1d8a1c7851eb5a946d45009cea6d9f,3f0c8308e4e2e5c4ddc1b7e19304f613,SO65707,22,FE-6654,1,22,6582aa26281b9a92ad60e6a03e274c00
13943,6d1d8a1c7851eb5a946d45009cea6d9f,3f0c8308e4e2e5c4ddc1b7e19304f613,SO65707,5,WB-H098,1,5,6582aa26281b9a92ad60e6a03e274c00
13944,40eee601514259a9632d510ca71226cc,8babade0595c11e14dd89058a850f2cd,SO74432,10,BC-M005,1,10,982b3b4109cce5d4e5bf1fcbe0ae259b
13944,6be9692276a308e4b872323af1ad8fe2,bee2b842cd357511cf4c8e509f5af192,SO52338,2,PK-7098,1,2,72e75576254db1afef14ecdc050391c2
13944,6be9692276a308e4b872323af1ad8fe2,bee2b842cd357511cf4c8e509f5af192,SO52338,29,TI-T723,1,29,72e75576254db1afef14ecdc050391c2
13944,6be9692276a308e4b872323af1ad8fe2,bee2b842cd357511cf4c8e509f5af192,SO52338,5,TT-T092,1,5,72e75576254db1afef14ecdc050391c2
13944,962bae2fb03296a3b9cacabfa929322c,0da2bc000f1fe4ea8746f9aea0bb5879,SO69124,2,PK-7098,1,2,c4369eefdf9bb8a3f9115e96b40aaf17
13944,962bae2fb03296a3b9cacabfa929322c,0da2bc000f1fe4ea8746f9aea0bb5879,SO69124,35,TI-M823,1,35,c4369eefdf9bb8a3f9115e96b40aaf17
13944,962bae2fb03296a3b9cacabfa929322c,0da2bc000f1fe4ea8746f9aea0bb5879,SO69124,5,TT-M928,1,5,c4369eefdf9bb8a3f9115e96b40aaf17
13944,de22d232bbe84481579f6252f1e7091d,cae5717327bee7d74e261c550aa5081f,SO57550,105,HL-U509-B,3,105,ab4946738415af86b5e3cee69b13301f
13944,de22d232bbe84481579f6252f1e7091d,cae5717327bee7d74e261c550aa5081f,SO57550,33,TI-R982,1,33,ab4946738415af86b5e3cee69b13301f
13944,de22d232bbe84481579f6252f1e7091d,cae5717327bee7d74e261c550aa5081f,SO57550,4,TT-R982,1,4,ab4946738415af86b5e3cee69b13301f
13945,6d338b8c41c717c4336ad0084a80dca4,9223b53f03a405f817e91392f0294f6a,SO54451,22,FE-6654,1,22,40e7dd73b09eac540e790daf6fac41af
13945,6d338b8c41c717c4336ad0084a80dca4,9223b53f03a405f817e91392f0294f6a,SO54451,105,HL-U509-R,3,105,40e7dd73b09eac540e790daf6fac41af
13946,56e52500a7f5ab963646137a401683cd,df09a3a727ac0f29208c5ef3bf7625e6,SO74673,22,FE-6654,1,22,13b7c2277967bc61802018c764b5b2a0
13947,853665fc08fe34bcd66df57da6a82a16,f5d822432c5ffbc58e8bd3ffc7607c1b,SO50845,4364,BK-R89B-48,2,4364,5f8b10fd69342734dd36c905a170cf51
13947,eef21e68ecca703bb338920b950f203c,f108e0cd2f96a0c22086f9d45ee08f19,SO60928,4640,BK-M68S-42,2,4640,b21e833d3ead6056f1265f13fe1ff015
13947,eef21e68ecca703bb338920b950f203c,f108e0cd2f96a0c22086f9d45ee08f19,SO60928,35,TI-M823,1,35,b21e833d3ead6056f1265f13fe1ff015
13947,eef21e68ecca703bb338920b950f203c,f108e0cd2f96a0c22086f9d45ee08f19,SO60928,5,TT-M928,1,5,b21e833d3ead6056f1265f13fe1ff015
13947,eef21e68ecca703bb338920b950f203c,f108e0cd2f96a0c22086f9d45ee08f19,SO60928,64,VE-C304-S,1,64,b21e833d3ead6056f1265f13fe1ff015
13948,39ff8ac1e8a44088f96e17b846ec8baf,9a95fdf4e925d9cbd65f87b5aa4ac212,SO60418,4590,BK-M68B-42,2,4590,c926349b55a58d87d7d5008c349fd1e9
13948,39ff8ac1e8a44088f96e17b846ec8baf,9a95fdf4e925d9cbd65f87b5aa4ac212,SO60418,22,FE-6654,1,22,c926349b55a58d87d7d5008c349fd1e9
13948,39ff8ac1e8a44088f96e17b846ec8baf,9a95fdf4e925d9cbd65f87b5aa4ac212,SO60418,64,VE-C304-M,1,64,c926349b55a58d87d7d5008c349fd1e9
13948,460e666a19398f97709b4a361d97ed76,4c63ccce8761a6546d90151419eeea06,SO50898,4364,BK-R89R-58,2,4364,853665fc08fe34bcd66df57da6a82a16
13949,109423a52128e234487abcd717f01458,f4630495c408b1838e43e9291392dcdf,SO51056,4364,BK-R89B-48,2,4364,6ccfb4540d439b07eef79e9ec663aeee
13949,4ddc8821c34bceaf3dba4a18741acca3,af1457846a79173ef71dd9d5dd69805a,SO61153,4590,BK-M68B-38,2,4590,2d6e054ac82934d489c58cc8399a1628
13949,4ddc8821c34bceaf3dba4a18741acca3,af1457846a79173ef71dd9d5dd69805a,SO61153,22,FE-6654,1,22,2d6e054ac82934d489c58cc8399a1628
13949,4ddc8821c34bceaf3dba4a18741acca3,af1457846a79173ef71dd9d5dd69805a,SO61153,150,LJ-0192-X,3,150,2d6e054ac82934d489c58cc8399a1628
13950,7acd252f45ad6fe668386456a673d543,0120f4004ede1143c3be6caa4227affe,SO67170,22,FE-6654,1,22,b322422d9a721bbdefa133133dd407c1
13950,7acd252f45ad6fe668386456a673d543,0120f4004ede1143c3be6caa4227affe,SO67170,2,PK-7098,1,2,b322422d9a721bbdefa133133dd407c1
13951,caa707f97407c07371136aaf471a91d4,4efe8b2ca156042f8a3d8dd6aba54520,SO67111,22,FE-6654,1,22,058af5b2a408d57b708367e5bf4e9d9c
13951,caa707f97407c07371136aaf471a91d4,4efe8b2ca156042f8a3d8dd6aba54520,SO67111,105,HL-U509-B,3,105,058af5b2a408d57b708367e5bf4e9d9c
13952,6866da5d40f1aad2d82129d5ffa25bda,b68fd63ca41d49bfc1b18251202c053f,SO65753,150,LJ-0192-M,3,150,eea5b3bd1bd5d5c62a1d22f78d3ba263
13952,702a02712215141594ddf8e52b0a651c,cd15e5f80ff20dd345bfaa51400dd0d6,SO67484,2,PK-7098,1,2,caa707f97407c07371136aaf471a91d4
13952,702a02712215141594ddf8e52b0a651c,cd15e5f80ff20dd345bfaa51400dd0d6,SO67484,25,TI-M267,1,25,caa707f97407c07371136aaf471a91d4
13952,702a02712215141594ddf8e52b0a651c,cd15e5f80ff20dd345bfaa51400dd0d6,SO67484,5,TT-M928,1,5,caa707f97407c07371136aaf471a91d4
13953,305c66634c155cab2b5cc3ce00351eb1,2becb9647677a1a316b388bbad689580,SO62144,4640,BK-M68S-46,2,4640,922d04aa1f67bbe0270bfad98508f43e
13953,305c66634c155cab2b5cc3ce00351eb1,2becb9647677a1a316b388bbad689580,SO62144,2,PK-7098,1,2,922d04aa1f67bbe0270bfad98508f43e
13953,43e2cc7ff261723f93f64f3f7e9faa8d,a6f2945baeceeef4c8d541a22f6e99e9,SO73499,2384,BK-T79Y-46,1,2384,88077cf01a3e17831c2d0bcca5897c5b
13953,43e2cc7ff261723f93f64f3f7e9faa8d,a6f2945baeceeef4c8d541a22f6e99e9,SO73499,27,CA-1098,3,27,88077cf01a3e17831c2d0bcca5897c5b
13953,43e2cc7ff261723f93f64f3f7e9faa8d,a6f2945baeceeef4c8d541a22f6e99e9,SO73499,54,SJ-0194-X,1,54,88077cf01a3e17831c2d0bcca5897c5b
13953,95c18655480c149d1174efe4e25df34e,6c1f25b149f7224c4de256ef6e37c951,SO48909,4142,BK-M68S-38,2,4142,76b32549988cdcac2435e968471f4954
13954,6e32728b966bb91cefefa1316da21ca8,b322422d9a721bbdefa133133dd407c1,SO67699,70,SH-W890-M,1,70,de5009f9bf3e9725d2381f4a5e913111
13954,6e32728b966bb91cefefa1316da21ca8,b322422d9a721bbdefa133133dd407c1,SO67699,9,SO-R809-M,1,9,de5009f9bf3e9725d2381f4a5e913111
13954,922d04aa1f67bbe0270bfad98508f43e,0383d48e76cd8a3dfb9e2a890f2cac18,SO61783,25,TI-M267,1,25,76918877cf6ce7011018cd9708723392
13954,94c60e0b5e2b0f78b919a5d4c67d70a2,0d15ba5aa4c9ad0377b26e0cf7a86280,SO62168,48,GL-H102-M,2,48,9913e55755fcc4267a06c1e6adbbc7fb
13955,5432d51ee94799c0125bb158c8a8bd22,545a3d56d20b22e09aa85bfa5ed8738d,SO73180,2384,BK-T79Y-60,1,2384,9592b44e2c3f304a9875f45537bec6eb
13955,5432d51ee94799c0125bb158c8a8bd22,545a3d56d20b22e09aa85bfa5ed8738d,SO73180,48,GL-H102-L,2,48,9592b44e2c3f304a9875f45537bec6eb
13955,5432d51ee94799c0125bb158c8a8bd22,545a3d56d20b22e09aa85bfa5ed8738d,SO73180,105,HL-U509,3,105,9592b44e2c3f304a9875f45537bec6eb
13955,870bd4f3713260418e4f342f31dc7e33,94c60e0b5e2b0f78b919a5d4c67d70a2,SO62935,10,BC-M005,1,10,2fe1a028f9398deb2efcd536c8246fae
13955,870bd4f3713260418e4f342f31dc7e33,94c60e0b5e2b0f78b919a5d4c67d70a2,SO62935,4590,BK-M68B-38,2,4590,2fe1a028f9398deb2efcd536c8246fae
13955,870bd4f3713260418e4f342f31dc7e33,94c60e0b5e2b0f78b919a5d4c67d70a2,SO62935,64,VE-C304-M,1,64,2fe1a028f9398deb2efcd536c8246fae
13955,870bd4f3713260418e4f342f31dc7e33,94c60e0b5e2b0f78b919a5d4c67d70a2,SO62935,5,WB-H098,1,5,2fe1a028f9398deb2efcd536c8246fae
13955,a426a338561351b3011d85cfc86bf781,12b1840e7453d3f4221dc0d69006ef40,SO48855,4142,BK-M68S-42,2,4142,ceed546c67e37bbf1b77e495913e2f57
13956,61e00b038efd34bdf9c747596273cbcf,7130adfd843cdcb6d0bcd9d13792693a,SO64006,150,LJ-0192-L,3,150,4b5c3229e0725ef8d303f494db9faec8
13956,705fa39ab40831529471c768490339ab,63efdd3324df66c9965bd622cdebe06a,SO68812,2,PK-7098,1,2,4584ca349e0920f4436a3c2f36158b85
13956,705fa39ab40831529471c768490339ab,63efdd3324df66c9965bd622cdebe06a,SO68812,25,TI-M267,1,25,4584ca349e0920f4436a3c2f36158b85
13956,705fa39ab40831529471c768490339ab,63efdd3324df66c9965bd622cdebe06a,SO68812,5,TT-M928,1,5,4584ca349e0920f4436a3c2f36158b85
13957,5cbbe853aa1a5a1370f9a614904c4b15,86e0fc464cbb08ae74bd039224afec9a,SO73639,1215,BK-T44U-60,1,1215,47a161474962a6dcc03cfa64127a641f
13957,5cbbe853aa1a5a1370f9a614904c4b15,86e0fc464cbb08ae74bd039224afec9a,SO73639,27,CA-1098,3,27,47a161474962a6dcc03cfa64127a641f
13957,609dcf12bb3687c6856be712159d7032,99ceae0afd3bddfab39f9341c7fd7a90,SO48947,4142,BK-M68S-38,2,4142,95c18655480c149d1174efe4e25df34e
13957,aa14ddbc43aa2d3be1e6ac019bb7b5bc,dcf73f840a50da0145f24e8e0169dc4b,SO72922,4590,BK-M68B-38,2,4590,a6f2945baeceeef4c8d541a22f6e99e9
13957,aa14ddbc43aa2d3be1e6ac019bb7b5bc,dcf73f840a50da0145f24e8e0169dc4b,SO72922,55,HY-1023-70,1,55,a6f2945baeceeef4c8d541a22f6e99e9
13958,545a3d56d20b22e09aa85bfa5ed8738d,31c99d724c1f182c60edb82eb4740277,SO72268,2384,BK-T79U-60,1,2384,a9cd7a99d71cca9cb644010050374ade
13958,ceed546c67e37bbf1b77e495913e2f57,f3393c2fcf78ad71519178f1876f05b3,SO48820,4098,BK-M68B-38,2,4098,43a48533e5870a15f120f16375636633
13958,f46ace11e93788e473124f7be16a19d5,5c741aa8e0753be65314a304e7b39c14,SO62808,4640,BK-M68S-42,2,4640,4555f65c4664801d78b9f5477f89d8fd
13958,f46ace11e93788e473124f7be16a19d5,5c741aa8e0753be65314a304e7b39c14,SO62808,22,FE-6654,1,22,4555f65c4664801d78b9f5477f89d8fd
13958,f46ace11e93788e473124f7be16a19d5,5c741aa8e0753be65314a304e7b39c14,SO62808,64,VE-C304-L,1,64,4555f65c4664801d78b9f5477f89d8fd
13959,0c1f008e577b55c7f8b72ceeae17ff1c,ba588be30dd16be47b9647a72fe81700,SO48836,4098,BK-M68B-42,2,4098,2324aa49dea31d140d6701555edd756c
13959,4eec6eda382b9c44e240ad4b4b5e9cc0,f75e5f8c15ca91ec5c869dc3881f574f,SO64721,4640,BK-M68S-38,2,4640,94b225b5b1f09ecd5e8ecdfb681ff04c
13959,4eec6eda382b9c44e240ad4b4b5e9cc0,f75e5f8c15ca91ec5c869dc3881f574f,SO64721,2,PK-7098,1,2,94b225b5b1f09ecd5e8ecdfb681ff04c
13959,4eec6eda382b9c44e240ad4b4b5e9cc0,f75e5f8c15ca91ec5c869dc3881f574f,SO64721,35,TI-M823,1,35,94b225b5b1f09ecd5e8ecdfb681ff04c
13959,4eec6eda382b9c44e240ad4b4b5e9cc0,f75e5f8c15ca91ec5c869dc3881f574f,SO64721,5,TT-M928,1,5,94b225b5b1f09ecd5e8ecdfb681ff04c
13959,9592b44e2c3f304a9875f45537bec6eb,a9cd7a99d71cca9cb644010050374ade,SO72787,2384,BK-T79Y-46,1,2384,b2ce0ef2540789e8a6976165b6c917d8
13959,9592b44e2c3f304a9875f45537bec6eb,a9cd7a99d71cca9cb644010050374ade,SO72787,27,CA-1098,3,27,b2ce0ef2540789e8a6976165b6c917d8
13959,9592b44e2c3f304a9875f45537bec6eb,a9cd7a99d71cca9cb644010050374ade,SO72787,54,SJ-0194-X,1,54,b2ce0ef2540789e8a6976165b6c917d8
13960,18f358e551b5b85912bc952ab9894c0d,abe94c2111c58e9c9672602d41bce66e,SO64939,4640,BK-M68S-46,2,4640,a6d37e298c3042e300813f55a17e0875
13960,18f358e551b5b85912bc952ab9894c0d,abe94c2111c58e9c9672602d41bce66e,SO64939,2,PK-7098,1,2,a6d37e298c3042e300813f55a17e0875
13960,9795c57676ee8b8b6ba9a6f9014a520b,c5ed53572c667b119dde2fc0f54de602,SO73786,2384,BK-T79U-46,1,2384,b0950d12c62d3aeda81b2e8d06f2aef4
13960,9795c57676ee8b8b6ba9a6f9014a520b,c5ed53572c667b119dde2fc0f54de602,SO73786,27,CA-1098,3,27,b0950d12c62d3aeda81b2e8d06f2aef4
13960,9795c57676ee8b8b6ba9a6f9014a520b,c5ed53572c667b119dde2fc0f54de602,SO73786,105,HL-U509,3,105,b0950d12c62d3aeda81b2e8d06f2aef4
13960,9795c57676ee8b8b6ba9a6f9014a520b,c5ed53572c667b119dde2fc0f54de602,SO73786,150,LJ-0192-L,3,150,b0950d12c62d3aeda81b2e8d06f2aef4
13960,d9ca82639ba070f97bdfe96c9e85b4c4,f990b5152ee42d12906765f468f9e605,SO48901,4142,BK-M68S-38,2,4142,a426a338561351b3011d85cfc86bf781
13961,702a02712215141594ddf8e52b0a651c,cd15e5f80ff20dd345bfaa51400dd0d6,SO67493,150,LJ-0192-X,3,150,caa707f97407c07371136aaf471a91d4
13961,9a027fc72b503940a96d5137762a263e,0e000451f430d2e5b745a08b4ee7836c,SO74719,22,FE-6654,1,22,54d3ba66c5e71d3112695b882ca2030e
13961,9a027fc72b503940a96d5137762a263e,0e000451f430d2e5b745a08b4ee7836c,SO74719,105,HL-U509-R,3,105,54d3ba66c5e71d3112695b882ca2030e
13961,9a027fc72b503940a96d5137762a263e,0e000451f430d2e5b745a08b4ee7836c,SO74719,25,TI-M267,1,25,54d3ba66c5e71d3112695b882ca2030e
13961,9a027fc72b503940a96d5137762a263e,0e000451f430d2e5b745a08b4ee7836c,SO74719,5,TT-M928,1,5,54d3ba66c5e71d3112695b882ca2030e
13962,15699e35c72c4036c71409f3f3d69528,f5933feadc49c253e4f0e77b236946e9,SO53008,8,CL-9009,1,8,deff8ad81a213d1110c1f409a7f40fcd
13962,15699e35c72c4036c71409f3f3d69528,f5933feadc49c253e4f0e77b236946e9,SO53008,2,PK-7098,1,2,deff8ad81a213d1110c1f409a7f40fcd
13962,15699e35c72c4036c71409f3f3d69528,f5933feadc49c253e4f0e77b236946e9,SO53008,25,TI-M267,1,25,deff8ad81a213d1110c1f409a7f40fcd
13962,15699e35c72c4036c71409f3f3d69528,f5933feadc49c253e4f0e77b236946e9,SO53008,5,TT-M928,1,5,deff8ad81a213d1110c1f409a7f40fcd
13962,5728955fc583cbfd901d0ba25cb20f92,db10519e66d9a7b809b91935ad1a696d,SO74847,150,LJ-0192-L,3,150,01e8942a5792053a553c4612bd6c06a6
13963,6cf9e035d2f1d8ffe1b9f2f96a9e7a3a,982b3b4109cce5d4e5bf1fcbe0ae259b,SO74620,105,HL-U509-R,3,105,db10519e66d9a7b809b91935ad1a696d
13963,6cf9e035d2f1d8ffe1b9f2f96a9e7a3a,982b3b4109cce5d4e5bf1fcbe0ae259b,SO74620,25,TI-M267,1,25,db10519e66d9a7b809b91935ad1a696d
13963,6cf9e035d2f1d8ffe1b9f2f96a9e7a3a,982b3b4109cce5d4e5bf1fcbe0ae259b,SO74620,5,TT-M928,1,5,db10519e66d9a7b809b91935ad1a696d
13963,ab4946738415af86b5e3cee69b13301f,ed268f8f3837888893f896b7240f1254,SO57249,48,GL-H102-M,2,48,fde67888c64f701b59876ec559099b3e
13963,ab4946738415af86b5e3cee69b13301f,ed268f8f3837888893f896b7240f1254,SO57249,150,LJ-0192-S,3,150,fde67888c64f701b59876ec559099b3e
13964,4c6ed4daa82e7326b84c24f4c2ae7064,b2ce0ef2540789e8a6976165b6c917d8,SO73335,9,BC-R205,1,9,aa14ddbc43aa2d3be1e6ac019bb7b5bc
13964,4c6ed4daa82e7326b84c24f4c2ae7064,b2ce0ef2540789e8a6976165b6c917d8,SO73335,2384,BK-T79Y-50,1,2384,aa14ddbc43aa2d3be1e6ac019bb7b5bc
13964,76b32549988cdcac2435e968471f4954,e41e8ee2e2795c7c1363a9f5054d57d7,SO48864,4142,BK-M68S-46,2,4142,782652638a2153c2b28e4a4522354d0f
13964,ccf89c691dabb1412404274596922d90,b0241b451647f25db5f52074445d820c,SO65071,4640,BK-M68S-38,2,4640,7299e51cfc0d5174743a6701a8a96488
13964,ccf89c691dabb1412404274596922d90,b0241b451647f25db5f52074445d820c,SO65071,22,FE-6654,1,22,7299e51cfc0d5174743a6701a8a96488
13965,501407dcfde5b685045ca3072168d5bb,41ef6b06b63ba4f6a5234245a439b157,SO73579,9,BC-R205,1,9,5432d51ee94799c0125bb158c8a8bd22
13965,501407dcfde5b685045ca3072168d5bb,41ef6b06b63ba4f6a5234245a439b157,SO73579,2384,BK-T79U-60,1,2384,5432d51ee94799c0125bb158c8a8bd22
13965,501407dcfde5b685045ca3072168d5bb,41ef6b06b63ba4f6a5234245a439b157,SO73579,8,CL-9009,1,8,5432d51ee94799c0125bb158c8a8bd22
13965,501407dcfde5b685045ca3072168d5bb,41ef6b06b63ba4f6a5234245a439b157,SO73579,5,WB-H098,1,5,5432d51ee94799c0125bb158c8a8bd22
13965,b841e6f2f1d20f20ca7bd238dfd4c300,cfa82f31e4639f537cf9d0fe9050f93b,SO49015,4142,BK-M68S-38,2,4142,86e8658344547a7d34cd2bcd4750bd8f
13965,d4746e41b619da57ee9f1a2e2cc254e8,81a5d08c6beaeec9e42baae5d63dd780,SO64108,4640,BK-M68S-42,2,4640,23bd9a9b90557e9da7babfb8e3d2df22
13965,d4746e41b619da57ee9f1a2e2cc254e8,81a5d08c6beaeec9e42baae5d63dd780,SO64108,105,HL-U509,3,105,23bd9a9b90557e9da7babfb8e3d2df22
13965,d4746e41b619da57ee9f1a2e2cc254e8,81a5d08c6beaeec9e42baae5d63dd780,SO64108,35,TI-M823,1,35,23bd9a9b90557e9da7babfb8e3d2df22
13965,d4746e41b619da57ee9f1a2e2cc254e8,81a5d08c6beaeec9e42baae5d63dd780,SO64108,5,TT-M928,1,5,23bd9a9b90557e9da7babfb8e3d2df22
13966,94b225b5b1f09ecd5e8ecdfb681ff04c,03bf7d2a8718ee9aca4bd2f37e962fc4,SO64364,4640,BK-M68S-46,2,4640,61e00b038efd34bdf9c747596273cbcf
13966,94b225b5b1f09ecd5e8ecdfb681ff04c,03bf7d2a8718ee9aca4bd2f37e962fc4,SO64364,105,HL-U509,3,105,61e00b038efd34bdf9c747596273cbcf
13966,94b225b5b1f09ecd5e8ecdfb681ff04c,03bf7d2a8718ee9aca4bd2f37e962fc4,SO64364,35,TI-M823,1,35,61e00b038efd34bdf9c747596273cbcf
13966,94b225b5b1f09ecd5e8ecdfb681ff04c,03bf7d2a8718ee9aca4bd2f37e962fc4,SO64364,5,TT-M928,1,5,61e00b038efd34bdf9c747596273cbcf
13966,ca5b8307fa5f2189fb98330a9d65927c,88077cf01a3e17831c2d0bcca5897c5b,SO73940,9,BC-R205,1,9,5cbbe853aa1a5a1370f9a614904c4b15
13966,ca5b8307fa5f2189fb98330a9d65927c,88077cf01a3e17831c2d0bcca5897c5b,SO73940,2384,BK-T79U-54,1,2384,5cbbe853aa1a5a1370f9a614904c4b15
13966,ca5b8307fa5f2189fb98330a9d65927c,88077cf01a3e17831c2d0bcca5897c5b,SO73940,5,WB-H098,1,5,5cbbe853aa1a5a1370f9a614904c4b15
13966,d9ca82639ba070f97bdfe96c9e85b4c4,f990b5152ee42d12906765f468f9e605,SO48902,4098,BK-M68B-38,2,4098,a426a338561351b3011d85cfc86bf781
13967,43e2cc7ff261723f93f64f3f7e9faa8d,a6f2945baeceeef4c8d541a22f6e99e9,SO73502,1215,BK-T44U-54,1,1215,88077cf01a3e17831c2d0bcca5897c5b
13967,43e2cc7ff261723f93f64f3f7e9faa8d,a6f2945baeceeef4c8d541a22f6e99e9,SO73502,48,GL-H102-L,2,48,88077cf01a3e17831c2d0bcca5897c5b
13967,43e2cc7ff261723f93f64f3f7e9faa8d,a6f2945baeceeef4c8d541a22f6e99e9,SO73502,105,HL-U509,3,105,88077cf01a3e17831c2d0bcca5897c5b
13967,9c55d6518880c1abf100a24da2546368,47a161474962a6dcc03cfa64127a641f,SO74139,4590,BK-M68B-42,2,4590,9795c57676ee8b8b6ba9a6f9014a520b
13967,9c55d6518880c1abf100a24da2546368,47a161474962a6dcc03cfa64127a641f,SO74139,35,TI-M823,1,35,9795c57676ee8b8b6ba9a6f9014a520b
13967,9c55d6518880c1abf100a24da2546368,47a161474962a6dcc03cfa64127a641f,SO74139,5,TT-M928,1,5,9795c57676ee8b8b6ba9a6f9014a520b
13967,9c55d6518880c1abf100a24da2546368,47a161474962a6dcc03cfa64127a641f,SO74139,64,VE-C304-M,1,64,9795c57676ee8b8b6ba9a6f9014a520b
13967,a426a338561351b3011d85cfc86bf781,12b1840e7453d3f4221dc0d69006ef40,SO48856,4098,BK-M68B-38,2,4098,ceed546c67e37bbf1b77e495913e2f57
13968,1ba7e8cdf85da6cf5e11554703236b52,9592b44e2c3f304a9875f45537bec6eb,SO73694,10,BC-M005,1,10,4c6ed4daa82e7326b84c24f4c2ae7064
13968,1ba7e8cdf85da6cf5e11554703236b52,9592b44e2c3f304a9875f45537bec6eb,SO73694,4590,BK-M68B-38,2,4590,4c6ed4daa82e7326b84c24f4c2ae7064
13968,1ba7e8cdf85da6cf5e11554703236b52,9592b44e2c3f304a9875f45537bec6eb,SO73694,27,CA-1098,3,27,4c6ed4daa82e7326b84c24f4c2ae7064
13968,1ba7e8cdf85da6cf5e11554703236b52,9592b44e2c3f304a9875f45537bec6eb,SO73694,5,WB-H098,1,5,4c6ed4daa82e7326b84c24f4c2ae7064
13968,5a06908cc28b799b04fc1c47664462e6,da9c4ba6c9a1ae8725389bfd38b5763a,SO54769,9,BC-R205,1,9,6d338b8c41c717c4336ad0084a80dca4
13968,5a06908cc28b799b04fc1c47664462e6,da9c4ba6c9a1ae8725389bfd38b5763a,SO54769,742,BK-T18U-50,1,742,6d338b8c41c717c4336ad0084a80dca4
13968,5a06908cc28b799b04fc1c47664462e6,da9c4ba6c9a1ae8725389bfd38b5763a,SO54769,105,HL-U509-B,3,105,6d338b8c41c717c4336ad0084a80dca4
13968,5a06908cc28b799b04fc1c47664462e6,da9c4ba6c9a1ae8725389bfd38b5763a,SO54769,5,WB-H098,1,5,6d338b8c41c717c4336ad0084a80dca4
13968,7328906f8bab0a3b391053e4df6588d3,a426a338561351b3011d85cfc86bf781,SO48956,4142,BK-M68S-46,2,4142,59802186a17f07a81aa34b5b19aea33d
13969,4004a117f65dfd3221a9cce8fce5a45f,6ef7b4bb93d4e54234cf965ed2334682,SO66707,150,LJ-0192-X,3,150,0120f4004ede1143c3be6caa4227affe
13969,c5ed53572c667b119dde2fc0f54de602,0d3057f268050d468f468434f8ec809a,SO72789,2,PK-7098,1,2,e366e24b8ad0b1107528f2f58cd15a81
13969,c5ed53572c667b119dde2fc0f54de602,0d3057f268050d468f468434f8ec809a,SO72789,25,TI-M267,1,25,e366e24b8ad0b1107528f2f58cd15a81
13970,0149f124a48640c62d90840ac5760331,4555f65c4664801d78b9f5477f89d8fd,SO63411,4640,BK-M68S-42,2,4640,870bd4f3713260418e4f342f31dc7e33
13970,0149f124a48640c62d90840ac5760331,4555f65c4664801d78b9f5477f89d8fd,SO63411,55,HY-1023-70,1,55,870bd4f3713260418e4f342f31dc7e33
13970,83e0911c7df633c9fad72d0a891f5e14,43a48533e5870a15f120f16375636633,SO48874,4098,BK-M68B-42,2,4098,0c1f008e577b55c7f8b72ceeae17ff1c
13970,9592b44e2c3f304a9875f45537bec6eb,a9cd7a99d71cca9cb644010050374ade,SO72728,2384,BK-T79Y-54,1,2384,b2ce0ef2540789e8a6976165b6c917d8
13970,9592b44e2c3f304a9875f45537bec6eb,a9cd7a99d71cca9cb644010050374ade,SO72728,105,HL-U509,3,105,b2ce0ef2540789e8a6976165b6c917d8
13971,23bd9a9b90557e9da7babfb8e3d2df22,b210069485754303767745919c328b97,SO63800,10,BC-M005,1,10,a946e75bc65318721cd1e01162d392dd
13971,23bd9a9b90557e9da7babfb8e3d2df22,b210069485754303767745919c328b97,SO63800,4590,BK-M68B-38,2,4590,a946e75bc65318721cd1e01162d392dd
13971,23bd9a9b90557e9da7babfb8e3d2df22,b210069485754303767745919c328b97,SO63800,5,WB-H098,1,5,a946e75bc65318721cd1e01162d392dd
13971,3e107cd1554225ea3056ed5010adce90,aa14ddbc43aa2d3be1e6ac019bb7b5bc,SO73789,2384,BK-T79Y-46,1,2384,43e2cc7ff261723f93f64f3f7e9faa8d
13971,3e107cd1554225ea3056ed5010adce90,aa14ddbc43aa2d3be1e6ac019bb7b5bc,SO73789,29,TI-T723,1,29,43e2cc7ff261723f93f64f3f7e9faa8d
13971,b841e6f2f1d20f20ca7bd238dfd4c300,cfa82f31e4639f537cf9d0fe9050f93b,SO49016,4098,BK-M68B-38,2,4098,86e8658344547a7d34cd2bcd4750bd8f
13972,8babade0595c11e14dd89058a850f2cd,a048b8d5f3f9178f163e2be055f0138b,SO73870,2,PK-7098,1,2,501407dcfde5b685045ca3072168d5bb
13972,8babade0595c11e14dd89058a850f2cd,a048b8d5f3f9178f163e2be055f0138b,SO73870,25,TI-M267,1,25,501407dcfde5b685045ca3072168d5bb
13972,ca38f30e56a72f4d0c8d2264322c5862,de5009f9bf3e9725d2381f4a5e913111,SO68158,150,LJ-0192-M,3,150,7e15f50bd26e439e6a22f5205a8064db
13973,74245d8f0073f388c4be6464c8e2f29f,2238742959ecea1cc6a6148c4f555b08,SO48943,4142,BK-M68S-38,2,4142,d9ca82639ba070f97bdfe96c9e85b4c4
13973,86e0fc464cbb08ae74bd039224afec9a,38c9e5d1e366b4c5c36aae682bc960c4,SO72707,4590,BK-M68B-38,2,4590,8920fd63645007b243abb750709b1172
13973,86e0fc464cbb08ae74bd039224afec9a,38c9e5d1e366b4c5c36aae682bc960c4,SO72707,55,HY-1023-70,1,55,8920fd63645007b243abb750709b1172
13973,a2c49941411089cb2a9cbf78cb803c26,73a69a5c77a7d23172e54d7ce07a638e,SO56187,9,BC-R205,1,9,39fe373cdcb4534addde73890415b660
13973,a2c49941411089cb2a9cbf78cb803c26,73a69a5c77a7d23172e54d7ce07a638e,SO56187,742,BK-T18Y-54,1,742,39fe373cdcb4534addde73890415b660
13973,a2c49941411089cb2a9cbf78cb803c26,73a69a5c77a7d23172e54d7ce07a638e,SO56187,8,CL-9009,1,8,39fe373cdcb4534addde73890415b660
13973,a2c49941411089cb2a9cbf78cb803c26,73a69a5c77a7d23172e54d7ce07a638e,SO56187,5,WB-H098,1,5,39fe373cdcb4534addde73890415b660
13974,609dcf12bb3687c6856be712159d7032,99ceae0afd3bddfab39f9341c7fd7a90,SO48948,4142,BK-M68S-42,2,4142,95c18655480c149d1174efe4e25df34e
13974,73b2264d673ee7b5b2e7e165020516ac,4ceff7612cfa4420892fe23b23ca9265,SO57427,742,BK-T18Y-50,1,742,8d71482745a6a1be4fbbc5562ade4657
13974,73b2264d673ee7b5b2e7e165020516ac,4ceff7612cfa4420892fe23b23ca9265,SO57427,54,SJ-0194-S,1,54,8d71482745a6a1be4fbbc5562ade4657
13974,c83e871e48c2716e0f28e60d166a5c98,6a8d7e42bb852c45fbf8610361d391a0,SO72106,4590,BK-M68B-42,2,4590,c4c454d69a39e60a6f5cf2f97148adad
13974,c83e871e48c2716e0f28e60d166a5c98,6a8d7e42bb852c45fbf8610361d391a0,SO72106,105,HL-U509,3,105,c4c454d69a39e60a6f5cf2f97148adad
13974,c83e871e48c2716e0f28e60d166a5c98,6a8d7e42bb852c45fbf8610361d391a0,SO72106,35,TI-M823,1,35,c4c454d69a39e60a6f5cf2f97148adad
13974,c83e871e48c2716e0f28e60d166a5c98,6a8d7e42bb852c45fbf8610361d391a0,SO72106,5,TT-M928,1,5,c4c454d69a39e60a6f5cf2f97148adad
13975,6b775fbfe9534ff161531d4406ebb878,6a98156d9aad5c7ca324267d73f9c9ca,SO49409,4098,BK-M68B-38,2,4098,efe1c5e6e4edb477ce15d36dad6bbea3
13975,b0950d12c62d3aeda81b2e8d06f2aef4,e366e24b8ad0b1107528f2f58cd15a81,SO73393,4590,BK-M68B-46,2,4590,a048b8d5f3f9178f163e2be055f0138b
13975,b0950d12c62d3aeda81b2e8d06f2aef4,e366e24b8ad0b1107528f2f58cd15a81,SO73393,2,PK-7098,1,2,a048b8d5f3f9178f163e2be055f0138b
13975,c660dc308b247ce08aeecd155306bae0,e7df1b3ee078bdcfc260a877f321287d,SO59982,742,BK-T18Y-62,1,742,9a95fdf4e925d9cbd65f87b5aa4ac212
13975,c660dc308b247ce08aeecd155306bae0,e7df1b3ee078bdcfc260a877f321287d,SO59982,150,LJ-0192-X,3,150,9a95fdf4e925d9cbd65f87b5aa4ac212
13976,5f827524a01a15af1043fdb581ce224b,4b32c1f268b5edfc6d7f486137468b29,SO51046,4364,BK-R89R-58,2,4364,2b53375239b19c31e4947cc1033443c0
13976,d6fb379288416774d139632beb88e26b,3ebfce6ccd7540a632ae7e6ad8100c29,SO60231,4590,BK-M68B-42,2,4590,412998e77ee121227580e3d363f75fa2
13976,d6fb379288416774d139632beb88e26b,3ebfce6ccd7540a632ae7e6ad8100c29,SO60231,105,HL-U509-B,3,105,412998e77ee121227580e3d363f75fa2
13977,4c63ccce8761a6546d90151419eeea06,650b814e9875ec60f087b34f3fe85282,SO50766,2443,BK-R89R-48,1,2443,f5d822432c5ffbc58e8bd3ffc7607c1b
13977,e0bcd0ff3072dfe15609d6be1529b0b8,c660dc308b247ce08aeecd155306bae0,SO60733,4590,BK-M68B-42,2,4590,39ff8ac1e8a44088f96e17b846ec8baf
13977,e0bcd0ff3072dfe15609d6be1529b0b8,c660dc308b247ce08aeecd155306bae0,SO60733,8,CL-9009,1,8,39ff8ac1e8a44088f96e17b846ec8baf
13977,e0bcd0ff3072dfe15609d6be1529b0b8,c660dc308b247ce08aeecd155306bae0,SO60733,2,PK-7098,1,2,39ff8ac1e8a44088f96e17b846ec8baf
13977,e0bcd0ff3072dfe15609d6be1529b0b8,c660dc308b247ce08aeecd155306bae0,SO60733,35,TI-M823,1,35,39ff8ac1e8a44088f96e17b846ec8baf
13977,e0bcd0ff3072dfe15609d6be1529b0b8,c660dc308b247ce08aeecd155306bae0,SO60733,5,TT-M928,1,5,39ff8ac1e8a44088f96e17b846ec8baf
13978,6ccfb4540d439b07eef79e9ec663aeee,c045063ec789c07ddd7ad868b7789049,SO51004,2443,BK-R89R-48,1,2443,254f2678aa3e07c5a9451a18e28f2624
13978,883b9b4170853b321c03290f64ba199f,412998e77ee121227580e3d363f75fa2,SO60680,10,BC-M005,1,10,af1457846a79173ef71dd9d5dd69805a
13978,883b9b4170853b321c03290f64ba199f,412998e77ee121227580e3d363f75fa2,SO60680,4590,BK-M68B-46,2,4590,af1457846a79173ef71dd9d5dd69805a
13978,883b9b4170853b321c03290f64ba199f,412998e77ee121227580e3d363f75fa2,SO60680,22,FE-6654,1,22,af1457846a79173ef71dd9d5dd69805a
13978,883b9b4170853b321c03290f64ba199f,412998e77ee121227580e3d363f75fa2,SO60680,5,WB-H098,1,5,af1457846a79173ef71dd9d5dd69805a
13979,853665fc08fe34bcd66df57da6a82a16,f5d822432c5ffbc58e8bd3ffc7607c1b,SO50846,2443,BK-R89R-44,1,2443,5f8b10fd69342734dd36c905a170cf51
13979,d8a4ea0dc4237ee8690ee37b3902fd0e,0c8ff735cb2b05718573c08173335fd4,SO55173,769,BK-M38S-38,1,769,fef3080ec197edd1a04bb18afd31d16d
13979,d8a4ea0dc4237ee8690ee37b3902fd0e,0c8ff735cb2b05718573c08173335fd4,SO55173,70,SH-W890-M,1,70,fef3080ec197edd1a04bb18afd31d16d
13980,4ceff7612cfa4420892fe23b23ca9265,5691ac18f59a9af20f9d8703772afbba,SO56575,22,FE-6654,1,22,089c2a426c196c5ca5facb20896c90bb
13980,4ceff7612cfa4420892fe23b23ca9265,5691ac18f59a9af20f9d8703772afbba,SO56575,105,HL-U509-B,3,105,089c2a426c196c5ca5facb20896c90bb
13981,4555f65c4664801d78b9f5477f89d8fd,7ee641303ef8d8b10d0ed00a060c73cc,SO62471,8,CL-9009,1,8,94c60e0b5e2b0f78b919a5d4c67d70a2
13981,4555f65c4664801d78b9f5477f89d8fd,7ee641303ef8d8b10d0ed00a060c73cc,SO62471,2,PK-7098,1,2,94c60e0b5e2b0f78b919a5d4c67d70a2
13981,4555f65c4664801d78b9f5477f89d8fd,7ee641303ef8d8b10d0ed00a060c73cc,SO62471,25,TI-M267,1,25,94c60e0b5e2b0f78b919a5d4c67d70a2
13981,a976f17830aceaaa93d5daef0bc209a3,d9f7611cf8d29b48a1d3d8fddb8c5b2e,SO57487,105,HL-U509,3,105,0e23f371129aecc6b2033620b226f8d7
13981,a976f17830aceaaa93d5daef0bc209a3,d9f7611cf8d29b48a1d3d8fddb8c5b2e,SO57487,54,SJ-0194-S,1,54,0e23f371129aecc6b2033620b226f8d7
13982,9c56075241a26f6fa77eb86b15411c6e,9444f850ff0c10a862b4a6a9c4ab0a74,SO54385,105,HL-U509-R,3,105,ab2e81a99745ffff6c06e2be93290d1b
13982,e871b36e68b0b3d0af9c742d81fef27a,3fe686907939d07097f6c87f08025422,SO70092,25,TI-M267,1,25,1faee5670542865e021595151379fe5c
13983,b210069485754303767745919c328b97,305c66634c155cab2b5cc3ce00351eb1,SO62823,105,HL-U509,3,105,5efefff01843f5aa3f7d8a4d44b4bf2e
13983,da9c4ba6c9a1ae8725389bfd38b5763a,3e48b2167bd86ef570e46d0b286c4f74,SO54042,10,BC-M005,1,10,9223b53f03a405f817e91392f0294f6a
13983,da9c4ba6c9a1ae8725389bfd38b5763a,3e48b2167bd86ef570e46d0b286c4f74,SO54042,22,FE-6654,1,22,9223b53f03a405f817e91392f0294f6a
13983,da9c4ba6c9a1ae8725389bfd38b5763a,3e48b2167bd86ef570e46d0b286c4f74,SO54042,48,GL-H102-L,2,48,9223b53f03a405f817e91392f0294f6a
13983,da9c4ba6c9a1ae8725389bfd38b5763a,3e48b2167bd86ef570e46d0b286c4f74,SO54042,54,SJ-0194-X,1,54,9223b53f03a405f817e91392f0294f6a
13983,da9c4ba6c9a1ae8725389bfd38b5763a,3e48b2167bd86ef570e46d0b286c4f74,SO54042,25,TI-M267,1,25,9223b53f03a405f817e91392f0294f6a
13983,da9c4ba6c9a1ae8725389bfd38b5763a,3e48b2167bd86ef570e46d0b286c4f74,SO54042,5,TT-M928,1,5,9223b53f03a405f817e91392f0294f6a
13983,da9c4ba6c9a1ae8725389bfd38b5763a,3e48b2167bd86ef570e46d0b286c4f74,SO54042,5,WB-H098,1,5,9223b53f03a405f817e91392f0294f6a
13984,a0ab7eafc534bc4a8a48cd6e1cfc4d24,7dc1c03103798a474aa763047623df54,SO50890,2443,BK-R89R-44,1,2443,5118f4d1a94c19a06818ba12904e26f0
13984,ab2e81a99745ffff6c06e2be93290d1b,76e3c19dbb0dadc4c6dc771d856e4676,SO54132,769,BK-M38S-40,1,769,1685ca8ff12ea83725a1c35e1d89c5cd
13984,ab2e81a99745ffff6c06e2be93290d1b,76e3c19dbb0dadc4c6dc771d856e4676,SO54132,70,SH-W890-S,1,70,1685ca8ff12ea83725a1c35e1d89c5cd
13985,eba5233d2dd8ea5031e646882335ece0,629ffff971d10f275a79a70fae527fbc,SO56626,22,FE-6654,1,22,b988e88fd94a3b47434beeb650cff880
13985,eba5233d2dd8ea5031e646882335ece0,629ffff971d10f275a79a70fae527fbc,SO56626,9,SO-R809-M,1,9,b988e88fd94a3b47434beeb650cff880
13986,d3fa88b8a081356f91911e74ecf7e481,4593d632f4e33a6fedc30d17cbdc0c29,SO46760,2000,BK-R64Y-44,2,2000,bea2034ab47ba6f72c2dea803bbc3328
13986,fef3080ec197edd1a04bb18afd31d16d,b8d9d66529b0a1e91f6137abcdd065dd,SO54922,769,BK-M38S-42,1,769,4310d0d92131e34ff2716d85e1953174
13986,fef3080ec197edd1a04bb18afd31d16d,b8d9d66529b0a1e91f6137abcdd065dd,SO54922,70,SH-W890-M,1,70,4310d0d92131e34ff2716d85e1953174
13986,fef3080ec197edd1a04bb18afd31d16d,b8d9d66529b0a1e91f6137abcdd065dd,SO54922,54,SJ-0194-L,1,54,4310d0d92131e34ff2716d85e1953174
13987,3e107cd1554225ea3056ed5010adce90,aa14ddbc43aa2d3be1e6ac019bb7b5bc,SO73837,4590,BK-M68B-46,2,4590,43e2cc7ff261723f93f64f3f7e9faa8d
13987,3e107cd1554225ea3056ed5010adce90,aa14ddbc43aa2d3be1e6ac019bb7b5bc,SO73837,35,TI-M823,1,35,43e2cc7ff261723f93f64f3f7e9faa8d
13988,16e364d19895243407b256ec272d5394,4004a117f65dfd3221a9cce8fce5a45f,SO67589,29,TI-T723,1,29,7acd252f45ad6fe668386456a673d543
13988,16e364d19895243407b256ec272d5394,4004a117f65dfd3221a9cce8fce5a45f,SO67589,5,TT-T092,1,5,7acd252f45ad6fe668386456a673d543
13988,3a23b248b732af434a45fce0302aa11f,db2f6a564b6f5f41253c68874b50962b,SO62979,105,HL-U509,3,105,290499d9b8e65db426ba9b842714eb6d
13988,3a23b248b732af434a45fce0302aa11f,db2f6a564b6f5f41253c68874b50962b,SO62979,35,TI-M823,1,35,290499d9b8e65db426ba9b842714eb6d
13988,3a23b248b732af434a45fce0302aa11f,db2f6a564b6f5f41253c68874b50962b,SO62979,5,TT-M928,1,5,290499d9b8e65db426ba9b842714eb6d
13988,9f1ff00ea8fd9fd8f2d421ba5ec45a18,f88b3743a9ce1f9455b6de69380b486a,SO67438,10,BC-M005,1,10,0001ffe4d82d0d8f9fec5ab0b4faa2db
13988,9f1ff00ea8fd9fd8f2d421ba5ec45a18,f88b3743a9ce1f9455b6de69380b486a,SO67438,105,HL-U509-B,3,105,0001ffe4d82d0d8f9fec5ab0b4faa2db
13988,9f1ff00ea8fd9fd8f2d421ba5ec45a18,f88b3743a9ce1f9455b6de69380b486a,SO67438,5,WB-H098,1,5,0001ffe4d82d0d8f9fec5ab0b4faa2db
13988,f88b3743a9ce1f9455b6de69380b486a,64cadfde6f66bc25043d0d69f5ae5471,SO66587,33,TI-R982,1,33,3dc63b2d6dcc8f0b6720b06b5439a0b1
13988,f88b3743a9ce1f9455b6de69380b486a,64cadfde6f66bc25043d0d69f5ae5471,SO66587,4,TT-R982,1,4,3dc63b2d6dcc8f0b6720b06b5439a0b1
13989,1f50dad3f1493a5cf408c4eb3987479e,226d694fb4b7f71d62444f9528be8704,SO54685,22,FE-6654,1,22,9c56075241a26f6fa77eb86b15411c6e
13989,1f50dad3f1493a5cf408c4eb3987479e,226d694fb4b7f71d62444f9528be8704,SO54685,48,GL-H102-M,2,48,9c56075241a26f6fa77eb86b15411c6e
13990,7dcc4d0bd00b29e904618bdf6adc66e9,3509cccaf2642efa12aab8da9ba03c1f,SO46828,2000,BK-R64Y-42,2,2000,100feae0ab76bce714e9670fc87cdb42
13990,d34ba8f5d7fd7d5959a34c283fbec422,9c56075241a26f6fa77eb86b15411c6e,SO55076,769,BK-M38S-42,1,769,ac15b60491fe99190c0248790e690757
13990,d34ba8f5d7fd7d5959a34c283fbec422,9c56075241a26f6fa77eb86b15411c6e,SO55076,70,SH-W890-S,1,70,ac15b60491fe99190c0248790e690757
13990,d34ba8f5d7fd7d5959a34c283fbec422,9c56075241a26f6fa77eb86b15411c6e,SO55076,54,SJ-0194-S,1,54,ac15b60491fe99190c0248790e690757
13991,99c8f306659fd98cbb9d7f03ec0c2a7a,705fa39ab40831529471c768490339ab,SO69894,22,FE-6654,1,22,fff3c307c93eda1eb91d53ca588846fe
13991,99c8f306659fd98cbb9d7f03ec0c2a7a,705fa39ab40831529471c768490339ab,SO69894,64,VE-C304-S,1,64,fff3c307c93eda1eb91d53ca588846fe
13992,18025e6a8791d350428f65c0783ebd99,3c8e2c51453f4d665f1050da871dead6,SO56104,769,BK-M38S-42,1,769,a9cefc49af6424b430612adfc69876ee
13992,18025e6a8791d350428f65c0783ebd99,3c8e2c51453f4d665f1050da871dead6,SO56104,2,PK-7098,1,2,a9cefc49af6424b430612adfc69876ee
13992,18025e6a8791d350428f65c0783ebd99,3c8e2c51453f4d665f1050da871dead6,SO56104,30,TI-M602,1,30,a9cefc49af6424b430612adfc69876ee
13992,3509cccaf2642efa12aab8da9ba03c1f,0e3f5655bf7de733060720a9c9e92669,SO46732,2000,BK-R64Y-42,2,2000,541309d30f5cea4d94f655886354e3fd
13993,1678083e7ff90bd404baad3f60bffa37,7b0730955172ecda497d7cca6b1d87a1,SO55792,769,BK-M38S-38,1,769,73a69a5c77a7d23172e54d7ce07a638e
13993,1678083e7ff90bd404baad3f60bffa37,7b0730955172ecda497d7cca6b1d87a1,SO55792,105,HL-U509-R,3,105,73a69a5c77a7d23172e54d7ce07a638e
13993,288d3167bf0dc7676963fa7998052f54,b9edfdebe9fb3fad4862841e57e559d8,SO46756,2000,BK-R64Y-40,2,2000,d6cafebfd2db462e512bc5b597cf9232
13994,07b7d2aed13a63a16377587dcc0abbe8,02b96ab6e0935145589be4e1408a1675,SO66138,9,BC-R205,1,9,6866da5d40f1aad2d82129d5ffa25bda
13994,07b7d2aed13a63a16377587dcc0abbe8,02b96ab6e0935145589be4e1408a1675,SO66138,4886,BK-R89B-52,2,4886,6866da5d40f1aad2d82129d5ffa25bda
13994,07b7d2aed13a63a16377587dcc0abbe8,02b96ab6e0935145589be4e1408a1675,SO66138,5,WB-H098,1,5,6866da5d40f1aad2d82129d5ffa25bda
13994,6a98156d9aad5c7ca324267d73f9c9ca,00bfaeb585c87c9f5074d228abb4b8fb,SO49288,4142,BK-M68S-42,2,4142,8a9e9eb9bf34bfb298138c0b091eaf0a
13995,eba6cab7267f82e3b2a063d5ea445bb9,73b2264d673ee7b5b2e7e165020516ac,SO58028,105,HL-U509-R,3,105,02ad1a5ca18e58629b8c1d6a6401d071
13995,fd5ba6fdeb81e07b2caf0b103489bd8d,e871b36e68b0b3d0af9c742d81fef27a,SO70944,25,TI-M267,1,25,17520f5649fab40fb66771362888cb90
13995,fd5ba6fdeb81e07b2caf0b103489bd8d,e871b36e68b0b3d0af9c742d81fef27a,SO70944,5,TT-M928,1,5,17520f5649fab40fb66771362888cb90
13996,4cc27df81afd686c0420394e090460cb,39ff8ac1e8a44088f96e17b846ec8baf,SO61275,105,HL-U509-B,3,105,6477c205c5117a9448ba863e111acf32
13996,eba6cab7267f82e3b2a063d5ea445bb9,73b2264d673ee7b5b2e7e165020516ac,SO58022,2,PK-7098,1,2,02ad1a5ca18e58629b8c1d6a6401d071
13996,eba6cab7267f82e3b2a063d5ea445bb9,73b2264d673ee7b5b2e7e165020516ac,SO58022,25,TI-R628,1,25,02ad1a5ca18e58629b8c1d6a6401d071
13996,eba6cab7267f82e3b2a063d5ea445bb9,73b2264d673ee7b5b2e7e165020516ac,SO58022,4,TT-R982,1,4,02ad1a5ca18e58629b8c1d6a6401d071
13997,83e4278f3d557c0bd5784b2bc83d617c,c8db84e7a63e3fa5806b462c51f794cd,SO49256,4142,BK-M68S-42,2,4142,120e988208d0c7478eebe7175e557b29
13997,8babade0595c11e14dd89058a850f2cd,a048b8d5f3f9178f163e2be055f0138b,SO73919,4886,BK-R89R-58,2,4886,501407dcfde5b685045ca3072168d5bb
13997,8babade0595c11e14dd89058a850f2cd,a048b8d5f3f9178f163e2be055f0138b,SO73919,105,HL-U509,3,105,501407dcfde5b685045ca3072168d5bb
13997,8babade0595c11e14dd89058a850f2cd,a048b8d5f3f9178f163e2be055f0138b,SO73919,33,TI-R982,1,33,501407dcfde5b685045ca3072168d5bb
13997,8babade0595c11e14dd89058a850f2cd,a048b8d5f3f9178f163e2be055f0138b,SO73919,4,TT-R982,1,4,501407dcfde5b685045ca3072168d5bb
13998,175a5d217fad85df9f6639d7ced1e5d9,511572e8a25e86c2f48ae9e6d73a1e6a,SO68890,2,PK-7098,1,2,66e56e10b0f528b66a45e307ecdf4774
13998,175a5d217fad85df9f6639d7ced1e5d9,511572e8a25e86c2f48ae9e6d73a1e6a,SO68890,120,RA-H123,1,120,66e56e10b0f528b66a45e307ecdf4774
13998,175a5d217fad85df9f6639d7ced1e5d9,511572e8a25e86c2f48ae9e6d73a1e6a,SO68890,25,TI-R628,1,25,66e56e10b0f528b66a45e307ecdf4774
13998,7f026edc73bd4602381834e9b850d6c2,eedd9be5500334505ed9d4aef801ac3d,SO52220,27,CA-1098,3,27,db2b287636ac5ebda430de4f3f643b24
13998,7f026edc73bd4602381834e9b850d6c2,eedd9be5500334505ed9d4aef801ac3d,SO52220,105,HL-U509-R,3,105,db2b287636ac5ebda430de4f3f643b24
13998,7f026edc73bd4602381834e9b850d6c2,eedd9be5500334505ed9d4aef801ac3d,SO52220,54,SJ-0194-X,1,54,db2b287636ac5ebda430de4f3f643b24
13999,6fc36aded95458634a0e8ab8b9ebc24a,1786ecaa04cd18d45fa6519a0c4a5c4a,SO46899,2000,BK-R64Y-38,2,2000,d1638c6e02871b5c4957d2fe848b551a
13999,883b9b4170853b321c03290f64ba199f,412998e77ee121227580e3d363f75fa2,SO60681,4590,BK-M68B-46,2,4590,af1457846a79173ef71dd9d5dd69805a
14000,870bd4f3713260418e4f342f31dc7e33,94c60e0b5e2b0f78b919a5d4c67d70a2,SO62904,8,CL-9009,1,8,2fe1a028f9398deb2efcd536c8246fae
14000,870bd4f3713260418e4f342f31dc7e33,94c60e0b5e2b0f78b919a5d4c67d70a2,SO62904,22,FE-6654,1,22,2fe1a028f9398deb2efcd536c8246fae
14000,870bd4f3713260418e4f342f31dc7e33,94c60e0b5e2b0f78b919a5d4c67d70a2,SO62904,55,HY-1023-70,1,55,2fe1a028f9398deb2efcd536c8246fae
14001,99b7e934795a93975a5e0c0b9b57d9ba,870bd4f3713260418e4f342f31dc7e33,SO63850,22,FE-6654,1,22,7a8e187aeb003f6e34c02a4d5b9b153e
14001,99b7e934795a93975a5e0c0b9b57d9ba,870bd4f3713260418e4f342f31dc7e33,SO63850,105,HL-U509-R,3,105,7a8e187aeb003f6e34c02a4d5b9b153e
14001,99b7e934795a93975a5e0c0b9b57d9ba,870bd4f3713260418e4f342f31dc7e33,SO63850,150,LJ-0192-X,3,150,7a8e187aeb003f6e34c02a4d5b9b153e
14002,6d338b8c41c717c4336ad0084a80dca4,9223b53f03a405f817e91392f0294f6a,SO54463,22,FE-6654,1,22,40e7dd73b09eac540e790daf6fac41af
14002,6d338b8c41c717c4336ad0084a80dca4,9223b53f03a405f817e91392f0294f6a,SO54463,64,VE-C304-M,1,64,40e7dd73b09eac540e790daf6fac41af
14003,100acb16459de9c5ebfc99be9a36afbe,72171e6e7eab0887133ec8422525979d,SO46837,2000,BK-R64Y-38,2,2000,aa4ae995295bc6ee1d97c709a638619d
14003,9f1ff00ea8fd9fd8f2d421ba5ec45a18,f88b3743a9ce1f9455b6de69380b486a,SO67455,540,BK-M18B-44,1,540,0001ffe4d82d0d8f9fec5ab0b4faa2db
14003,9f1ff00ea8fd9fd8f2d421ba5ec45a18,f88b3743a9ce1f9455b6de69380b486a,SO67455,9,SO-R809-L,1,9,0001ffe4d82d0d8f9fec5ab0b4faa2db
14003,9f1ff00ea8fd9fd8f2d421ba5ec45a18,f88b3743a9ce1f9455b6de69380b486a,SO67455,25,TI-M267,1,25,0001ffe4d82d0d8f9fec5ab0b4faa2db
14003,9f1ff00ea8fd9fd8f2d421ba5ec45a18,f88b3743a9ce1f9455b6de69380b486a,SO67455,5,TT-M928,1,5,0001ffe4d82d0d8f9fec5ab0b4faa2db
14004,a1fedb8f5f2e08543339a5f167bee6b7,8b9fe4b34e3c54f08bfcac3d9691e260,SO64985,22,FE-6654,1,22,4eec6eda382b9c44e240ad4b4b5e9cc0
14004,a1fedb8f5f2e08543339a5f167bee6b7,8b9fe4b34e3c54f08bfcac3d9691e260,SO64985,105,HL-U509,3,105,4eec6eda382b9c44e240ad4b4b5e9cc0
14005,9e8cbc3edbb5efb3f48d6afb260e4725,174acf6ca4e9804d47a59a499422e621,SO59245,10,BC-M005,1,10,640540d73b85c3ecd2e3bf5541686e87
14005,9e8cbc3edbb5efb3f48d6afb260e4725,174acf6ca4e9804d47a59a499422e621,SO59245,4590,BK-M68B-42,2,4590,640540d73b85c3ecd2e3bf5541686e87
14005,9e8cbc3edbb5efb3f48d6afb260e4725,174acf6ca4e9804d47a59a499422e621,SO59245,9,SO-R809-M,1,9,640540d73b85c3ecd2e3bf5541686e87
14005,9e8cbc3edbb5efb3f48d6afb260e4725,174acf6ca4e9804d47a59a499422e621,SO59245,5,WB-H098,1,5,640540d73b85c3ecd2e3bf5541686e87
14005,fffd2144f47526eeb222541136a47d44,b5bd60d2c998267a6b6a11a2521b0b65,SO47295,2000,BK-R64Y-44,2,2000,e4eb0466781b24d67b81f508aeab70b7
14006,021a9f9ff27cc992988201b84cae392f,65b64297f0421f6e057524afb222b411,SO47120,2000,BK-R64Y-38,2,2000,540c97e65b08aac734db0196254259fd
14006,ad0b7f5ad35732646f1e5f67418d5995,244cede513841376c37dc856f2f5e7b9,SO59324,4590,BK-M68B-42,2,4590,0df76889b3e31ccfd17b50cc73baef03
14007,6a98156d9aad5c7ca324267d73f9c9ca,00bfaeb585c87c9f5074d228abb4b8fb,SO49287,4142,BK-M68S-46,2,4142,8a9e9eb9bf34bfb298138c0b091eaf0a
14007,96a3262695f10a59b726f3dfd4782c4d,4c198b2e79c53a9853bfbc76e8e8ae1e,SO51366,1701,BK-R79Y-48,1,1701,07713adfd12a8cd9d376671631f3bc02
14008,072bf847aeeee970f66483e596496cd9,cfceb7490eff6e660974507be7c579c6,SO52624,105,HL-U509-B,3,105,dca79d69a6b38e95c4b03bfab997796c
14008,f46ace11e93788e473124f7be16a19d5,5c741aa8e0753be65314a304e7b39c14,SO62753,25,TI-R628,1,25,4555f65c4664801d78b9f5477f89d8fd
14008,f46ace11e93788e473124f7be16a19d5,5c741aa8e0753be65314a304e7b39c14,SO62753,4,TT-R982,1,4,4555f65c4664801d78b9f5477f89d8fd
14009,f544b472453b297a8b55709fbfd3746d,70951886788165a5e2439adfce4d0cce,SO70020,25,TI-R628,1,25,331afa0aff1b1cfbf3d24944ab38c9d2
14009,f544b472453b297a8b55709fbfd3746d,70951886788165a5e2439adfce4d0cce,SO70020,4,TT-R982,1,4,331afa0aff1b1cfbf3d24944ab38c9d2
14009,fe1fd19c021e78ec395980c2e347865e,16e364d19895243407b256ec272d5394,SO68346,105,HL-U509,3,105,63efdd3324df66c9965bd622cdebe06a
14010,6d44506d59926d8d13d35f75d97f2a64,deff8ad81a213d1110c1f409a7f40fcd,SO53439,1701,BK-R79Y-48,1,1701,f476906875bc5d9abe836b4ea1f485c1
14010,6d44506d59926d8d13d35f75d97f2a64,deff8ad81a213d1110c1f409a7f40fcd,SO53439,105,HL-U509-R,3,105,f476906875bc5d9abe836b4ea1f485c1
14010,6d44506d59926d8d13d35f75d97f2a64,deff8ad81a213d1110c1f409a7f40fcd,SO53439,54,SJ-0194-L,1,54,f476906875bc5d9abe836b4ea1f485c1
14010,c6cff482661a9daa82c86dddcf00c0e4,daac5732a7741792804c19340b534bae,SO49296,4142,BK-M68S-46,2,4142,83e4278f3d557c0bd5784b2bc83d617c
14011,8a9e9eb9bf34bfb298138c0b091eaf0a,3032fcbd695819ad7b6723a9cd53f277,SO49239,4142,BK-M68S-42,2,4142,d5cc3ca31a62986018db87cc11d7c3c0
14011,ad4fbe0c82c7e5968d4cf22c2ad19e28,72e75576254db1afef14ecdc050391c2,SO52717,1701,BK-R79Y-44,1,1701,f5933feadc49c253e4f0e77b236946e9
14011,ad4fbe0c82c7e5968d4cf22c2ad19e28,72e75576254db1afef14ecdc050391c2,SO52717,48,GL-H102-L,2,48,f5933feadc49c253e4f0e77b236946e9
14011,ad4fbe0c82c7e5968d4cf22c2ad19e28,72e75576254db1afef14ecdc050391c2,SO52717,105,HL-U509-R,3,105,f5933feadc49c253e4f0e77b236946e9
14012,cfcb9c0159ca1cf30a8521a2922136e4,ff2bf25190a8fcdee3d17552f1914d11,SO49429,4098,BK-M68B-42,2,4098,59b3bce956067f996be5f0ddd87e18c7
14012,e0bcd0ff3072dfe15609d6be1529b0b8,c660dc308b247ce08aeecd155306bae0,SO60762,742,BK-T18U-58,1,742,39ff8ac1e8a44088f96e17b846ec8baf
14012,e0bcd0ff3072dfe15609d6be1529b0b8,c660dc308b247ce08aeecd155306bae0,SO60762,105,HL-U509-B,3,105,39ff8ac1e8a44088f96e17b846ec8baf
14012,e366e24b8ad0b1107528f2f58cd15a81,921bc92a493b53f98f24e6a8a12801be,SO72493,4640,BK-M68S-42,2,4640,c83e871e48c2716e0f28e60d166a5c98
14012,e366e24b8ad0b1107528f2f58cd15a81,921bc92a493b53f98f24e6a8a12801be,SO72493,35,TI-M823,1,35,c83e871e48c2716e0f28e60d166a5c98
14012,e366e24b8ad0b1107528f2f58cd15a81,921bc92a493b53f98f24e6a8a12801be,SO72493,5,TT-M928,1,5,c83e871e48c2716e0f28e60d166a5c98
14012,e366e24b8ad0b1107528f2f58cd15a81,921bc92a493b53f98f24e6a8a12801be,SO72493,64,VE-C304-L,1,64,c83e871e48c2716e0f28e60d166a5c98
14013,aa14ddbc43aa2d3be1e6ac019bb7b5bc,dcf73f840a50da0145f24e8e0169dc4b,SO72861,105,HL-U509,3,105,a6f2945baeceeef4c8d541a22f6e99e9
14013,de22d232bbe84481579f6252f1e7091d,cae5717327bee7d74e261c550aa5081f,SO57537,48,GL-H102-M,2,48,ab4946738415af86b5e3cee69b13301f
14013,de22d232bbe84481579f6252f1e7091d,cae5717327bee7d74e261c550aa5081f,SO57537,150,LJ-0192-L,3,150,ab4946738415af86b5e3cee69b13301f
14013,de22d232bbe84481579f6252f1e7091d,cae5717327bee7d74e261c550aa5081f,SO57537,25,TI-R628,1,25,ab4946738415af86b5e3cee69b13301f
14013,de22d232bbe84481579f6252f1e7091d,cae5717327bee7d74e261c550aa5081f,SO57537,4,TT-R982,1,4,ab4946738415af86b5e3cee69b13301f
14014,174acf6ca4e9804d47a59a499422e621,5abaefcc8525a8f4cfd95cba9e926532,SO58298,105,HL-U509,3,105,eba6cab7267f82e3b2a063d5ea445bb9
14014,99c8f306659fd98cbb9d7f03ec0c2a7a,705fa39ab40831529471c768490339ab,SO69868,2,PK-7098,1,2,fff3c307c93eda1eb91d53ca588846fe
14014,99c8f306659fd98cbb9d7f03ec0c2a7a,705fa39ab40831529471c768490339ab,SO69868,25,TI-R628,1,25,fff3c307c93eda1eb91d53ca588846fe
14015,70951886788165a5e2439adfce4d0cce,ca38f30e56a72f4d0c8d2264322c5862,SO68962,105,HL-U509,3,105,c885741a5e3e55c84950327011b70289
14015,7254e54716fe52361e62aa16ea2e0797,6eaadc1181f307997dc853d9ed40db36,SO59412,25,TI-R628,1,25,e7df1b3ee078bdcfc260a877f321287d
14016,290499d9b8e65db426ba9b842714eb6d,606ed413481267c98754e3351f662859,SO62634,48,GL-H102-S,2,48,d1024973c3d10f08cb9fa1736e6ed8b7
14016,290499d9b8e65db426ba9b842714eb6d,606ed413481267c98754e3351f662859,SO62634,33,TI-R982,1,33,d1024973c3d10f08cb9fa1736e6ed8b7
14016,6866da5d40f1aad2d82129d5ffa25bda,b68fd63ca41d49bfc1b18251202c053f,SO65749,105,HL-U509,3,105,eea5b3bd1bd5d5c62a1d22f78d3ba263
14016,6866da5d40f1aad2d82129d5ffa25bda,b68fd63ca41d49bfc1b18251202c053f,SO65749,25,TI-R628,1,25,eea5b3bd1bd5d5c62a1d22f78d3ba263
14016,6866da5d40f1aad2d82129d5ffa25bda,b68fd63ca41d49bfc1b18251202c053f,SO65749,4,TT-R982,1,4,eea5b3bd1bd5d5c62a1d22f78d3ba263
14017,368bf74b3769bb91f49d30908786b862,100acb16459de9c5ebfc99be9a36afbe,SO47069,2000,BK-R64Y-40,2,2000,7afee94d3e6bff4193546ca658f9d3bf
14017,3c8e2c51453f4d665f1050da871dead6,1f50dad3f1493a5cf408c4eb3987479e,SO55439,769,BK-M38S-38,1,769,d34ba8f5d7fd7d5959a34c283fbec422
14017,3c8e2c51453f4d665f1050da871dead6,1f50dad3f1493a5cf408c4eb3987479e,SO55439,27,CA-1098,3,27,d34ba8f5d7fd7d5959a34c283fbec422
14017,3c8e2c51453f4d665f1050da871dead6,1f50dad3f1493a5cf408c4eb3987479e,SO55439,70,SH-W890-L,1,70,d34ba8f5d7fd7d5959a34c283fbec422
14018,691ad1b0dca3643b923973defd014d47,6dd75c28a9a8a39e02bc0a175f82a9f3,SO67766,25,TI-R628,1,25,9f1ff00ea8fd9fd8f2d421ba5ec45a18
14018,962bae2fb03296a3b9cacabfa929322c,0da2bc000f1fe4ea8746f9aea0bb5879,SO69092,2,PK-7098,1,2,c4369eefdf9bb8a3f9115e96b40aaf17
14018,962bae2fb03296a3b9cacabfa929322c,0da2bc000f1fe4ea8746f9aea0bb5879,SO69092,33,TI-R982,1,33,c4369eefdf9bb8a3f9115e96b40aaf17
14018,962bae2fb03296a3b9cacabfa929322c,0da2bc000f1fe4ea8746f9aea0bb5879,SO69092,4,TT-R982,1,4,c4369eefdf9bb8a3f9115e96b40aaf17
14019,0e000451f430d2e5b745a08b4ee7836c,9795c57676ee8b8b6ba9a6f9014a520b,SO74338,33,TI-R982,1,33,e4b40b4ba619c72ec5a69caad258d393
14019,0e000451f430d2e5b745a08b4ee7836c,9795c57676ee8b8b6ba9a6f9014a520b,SO74338,4,TT-R982,1,4,e4b40b4ba619c72ec5a69caad258d393
14019,ba19c22033aaecc6c5dad47f63e5858c,8dd08d219271ec96c543f486de430703,SO63008,25,TI-R628,1,25,16918840d98f27ce45948fe73dd5592f
14020,23bd9a9b90557e9da7babfb8e3d2df22,b210069485754303767745919c328b97,SO63801,4640,BK-M68S-38,2,4640,a946e75bc65318721cd1e01162d392dd
14020,23bd9a9b90557e9da7babfb8e3d2df22,b210069485754303767745919c328b97,SO63801,2,PK-7098,1,2,a946e75bc65318721cd1e01162d392dd
14020,9592b44e2c3f304a9875f45537bec6eb,a9cd7a99d71cca9cb644010050374ade,SO72729,2384,BK-T79U-50,1,2384,b2ce0ef2540789e8a6976165b6c917d8
14020,9592b44e2c3f304a9875f45537bec6eb,a9cd7a99d71cca9cb644010050374ade,SO72729,54,SJ-0194-L,1,54,b2ce0ef2540789e8a6976165b6c917d8
14020,cc2547b3671a031a723a4e3e241d0eed,8dc681f418bc4515c72be4c903645815,SO49438,4142,BK-M68S-46,2,4142,30aed1460184602b98a479b6418e474a
14021,02ad1a5ca18e58629b8c1d6a6401d071,8d71482745a6a1be4fbbc5562ade4657,SO57779,22,FE-6654,1,22,a976f17830aceaaa93d5daef0bc209a3
14022,b5bd60d2c998267a6b6a11a2521b0b65,540c97e65b08aac734db0196254259fd,SO47177,2000,BK-R64Y-38,2,2000,74b4466b347c60a98e00951770d7b9a2
14022,e871b36e68b0b3d0af9c742d81fef27a,3fe686907939d07097f6c87f08025422,SO70130,540,BK-M18B-44,1,540,1faee5670542865e021595151379fe5c
14022,e871b36e68b0b3d0af9c742d81fef27a,3fe686907939d07097f6c87f08025422,SO70130,105,HL-U509-B,3,105,1faee5670542865e021595151379fe5c
14022,e871b36e68b0b3d0af9c742d81fef27a,3fe686907939d07097f6c87f08025422,SO70130,25,TI-M267,1,25,1faee5670542865e021595151379fe5c
14022,e871b36e68b0b3d0af9c742d81fef27a,3fe686907939d07097f6c87f08025422,SO70130,5,TT-M928,1,5,1faee5670542865e021595151379fe5c
14022,e871b36e68b0b3d0af9c742d81fef27a,3fe686907939d07097f6c87f08025422,SO70130,64,VE-C304-S,1,64,1faee5670542865e021595151379fe5c
14023,501407dcfde5b685045ca3072168d5bb,41ef6b06b63ba4f6a5234245a439b157,SO73558,10,BC-M005,1,10,5432d51ee94799c0125bb158c8a8bd22
14023,501407dcfde5b685045ca3072168d5bb,41ef6b06b63ba4f6a5234245a439b157,SO73558,565,BK-M18S-44,1,565,5432d51ee94799c0125bb158c8a8bd22
14023,8bcf785b838fcdc4c1567a41e1906287,41c97bac51d5ee4cfce0cfa86385fdbe,SO47236,2000,BK-R64Y-42,2,2000,be6c9b96c35f6d80642550df922ea69a
14024,3c1811b546060d91957cc446aabc4a3c,3c4bf68562424c26986beae6ce13704a,SO55720,769,BK-M38S-38,1,769,3c8e2c51453f4d665f1050da871dead6
14024,3c1811b546060d91957cc446aabc4a3c,3c4bf68562424c26986beae6ce13704a,SO55720,27,CA-1098,3,27,3c8e2c51453f4d665f1050da871dead6
14024,3c1811b546060d91957cc446aabc4a3c,3c4bf68562424c26986beae6ce13704a,SO55720,70,SH-W890-M,1,70,3c8e2c51453f4d665f1050da871dead6
14024,3c1811b546060d91957cc446aabc4a3c,3c4bf68562424c26986beae6ce13704a,SO55720,54,SJ-0194-X,1,54,3c8e2c51453f4d665f1050da871dead6
14024,fffd2144f47526eeb222541136a47d44,b5bd60d2c998267a6b6a11a2521b0b65,SO47296,2000,BK-R64Y-42,2,2000,e4eb0466781b24d67b81f508aeab70b7
14025,368bf74b3769bb91f49d30908786b862,100acb16459de9c5ebfc99be9a36afbe,SO47070,2000,BK-R64Y-44,2,2000,7afee94d3e6bff4193546ca658f9d3bf
14025,b2ce0ef2540789e8a6976165b6c917d8,128ee9ff420de424a605a0ee4a6f7916,SO72398,10,BC-M005,1,10,dcf73f840a50da0145f24e8e0169dc4b
14025,b2ce0ef2540789e8a6976165b6c917d8,128ee9ff420de424a605a0ee4a6f7916,SO72398,540,BK-M18B-42,1,540,dcf73f840a50da0145f24e8e0169dc4b
14025,b2ce0ef2540789e8a6976165b6c917d8,128ee9ff420de424a605a0ee4a6f7916,SO72398,22,FE-6654,1,22,dcf73f840a50da0145f24e8e0169dc4b
14025,b2ce0ef2540789e8a6976165b6c917d8,128ee9ff420de424a605a0ee4a6f7916,SO72398,9,SO-R809-L,1,9,dcf73f840a50da0145f24e8e0169dc4b
14025,b2ce0ef2540789e8a6976165b6c917d8,128ee9ff420de424a605a0ee4a6f7916,SO72398,5,WB-H098,1,5,dcf73f840a50da0145f24e8e0169dc4b
14026,86e0fc464cbb08ae74bd039224afec9a,38c9e5d1e366b4c5c36aae682bc960c4,SO72694,565,BK-M18S-48,1,565,8920fd63645007b243abb750709b1172
14026,86e0fc464cbb08ae74bd039224afec9a,38c9e5d1e366b4c5c36aae682bc960c4,SO72694,22,FE-6654,1,22,8920fd63645007b243abb750709b1172
14026,86e0fc464cbb08ae74bd039224afec9a,38c9e5d1e366b4c5c36aae682bc960c4,SO72694,2,PK-7098,1,2,8920fd63645007b243abb750709b1172
14026,b5bd60d2c998267a6b6a11a2521b0b65,540c97e65b08aac734db0196254259fd,SO47178,2000,BK-R64Y-40,2,2000,74b4466b347c60a98e00951770d7b9a2
14027,23bd9a9b90557e9da7babfb8e3d2df22,b210069485754303767745919c328b97,SO63783,22,FE-6654,1,22,a946e75bc65318721cd1e01162d392dd
14028,95103530881768b5cfc7e33970db9cd7,2ed3972e38245b633ec6b146c2970148,SO62425,10,BC-M005,1,10,305c66634c155cab2b5cc3ce00351eb1
14028,95103530881768b5cfc7e33970db9cd7,2ed3972e38245b633ec6b146c2970148,SO62425,22,FE-6654,1,22,305c66634c155cab2b5cc3ce00351eb1
14028,95103530881768b5cfc7e33970db9cd7,2ed3972e38245b633ec6b146c2970148,SO62425,55,HY-1023-70,1,55,305c66634c155cab2b5cc3ce00351eb1
14028,95103530881768b5cfc7e33970db9cd7,2ed3972e38245b633ec6b146c2970148,SO62425,5,WB-H098,1,5,305c66634c155cab2b5cc3ce00351eb1
14029,d4ae40bdb21d7c1f4fee96082340d3a2,9a027fc72b503940a96d5137762a263e,SO75107,22,FE-6654,1,22,08ff55594d8ca57b756a1953f77ebc89
14029,d4ae40bdb21d7c1f4fee96082340d3a2,9a027fc72b503940a96d5137762a263e,SO75107,105,HL-U509,3,105,08ff55594d8ca57b756a1953f77ebc89
14030,4b5c3229e0725ef8d303f494db9faec8,f46ace11e93788e473124f7be16a19d5,SO63738,4590,BK-M68B-42,2,4590,0149f124a48640c62d90840ac5760331
14030,4b5c3229e0725ef8d303f494db9faec8,f46ace11e93788e473124f7be16a19d5,SO63738,120,RA-H123,1,120,0149f124a48640c62d90840ac5760331
14030,79e45486ec381a8d5022628ddaa21b8b,c6cff482661a9daa82c86dddcf00c0e4,SO49418,4142,BK-M68S-38,2,4142,30df06c098f61f2e78c2d0edb6e1b65a
14030,9592b44e2c3f304a9875f45537bec6eb,a9cd7a99d71cca9cb644010050374ade,SO72730,2384,BK-T79U-54,1,2384,b2ce0ef2540789e8a6976165b6c917d8
14030,9592b44e2c3f304a9875f45537bec6eb,a9cd7a99d71cca9cb644010050374ade,SO72730,105,HL-U509-R,3,105,b2ce0ef2540789e8a6976165b6c917d8
14031,58f0b42da53adeeccbfa693883fea672,8c9ec1be720ee75d56d0c250d10610fa,SO64434,10,BC-M005,1,10,d4746e41b619da57ee9f1a2e2cc254e8
14031,58f0b42da53adeeccbfa693883fea672,8c9ec1be720ee75d56d0c250d10610fa,SO64434,4640,BK-M68S-38,2,4640,d4746e41b619da57ee9f1a2e2cc254e8
14031,58f0b42da53adeeccbfa693883fea672,8c9ec1be720ee75d56d0c250d10610fa,SO64434,2,PK-7098,1,2,d4746e41b619da57ee9f1a2e2cc254e8
14031,58f0b42da53adeeccbfa693883fea672,8c9ec1be720ee75d56d0c250d10610fa,SO64434,159,ST-1401,1,159,d4746e41b619da57ee9f1a2e2cc254e8
14031,58f0b42da53adeeccbfa693883fea672,8c9ec1be720ee75d56d0c250d10610fa,SO64434,5,WB-H098,1,5,d4746e41b619da57ee9f1a2e2cc254e8
14031,9592b44e2c3f304a9875f45537bec6eb,a9cd7a99d71cca9cb644010050374ade,SO72731,2384,BK-T79U-46,1,2384,b2ce0ef2540789e8a6976165b6c917d8
14031,9592b44e2c3f304a9875f45537bec6eb,a9cd7a99d71cca9cb644010050374ade,SO72731,105,HL-U509-B,3,105,b2ce0ef2540789e8a6976165b6c917d8
14031,efe1c5e6e4edb477ce15d36dad6bbea3,8a9e9eb9bf34bfb298138c0b091eaf0a,SO49355,4098,BK-M68B-46,2,4098,ff2bf25190a8fcdee3d17552f1914d11
14032,03bf7d2a8718ee9aca4bd2f37e962fc4,290499d9b8e65db426ba9b842714eb6d,SO63605,10,BC-M005,1,10,7130adfd843cdcb6d0bcd9d13792693a
14032,03bf7d2a8718ee9aca4bd2f37e962fc4,290499d9b8e65db426ba9b842714eb6d,SO63605,4590,BK-M68B-42,2,4590,7130adfd843cdcb6d0bcd9d13792693a
14032,03bf7d2a8718ee9aca4bd2f37e962fc4,290499d9b8e65db426ba9b842714eb6d,SO63605,27,CA-1098,3,27,7130adfd843cdcb6d0bcd9d13792693a
14032,03bf7d2a8718ee9aca4bd2f37e962fc4,290499d9b8e65db426ba9b842714eb6d,SO63605,150,LJ-0192-S,3,150,7130adfd843cdcb6d0bcd9d13792693a
14032,03bf7d2a8718ee9aca4bd2f37e962fc4,290499d9b8e65db426ba9b842714eb6d,SO63605,5,WB-H098,1,5,7130adfd843cdcb6d0bcd9d13792693a
14032,4a21ddebdfee548e65b62c2809afc1c0,f924afae9f4c724ae1a0a28c0959d2ed,SO49220,4142,BK-M68S-38,2,4142,00bfaeb585c87c9f5074d228abb4b8fb
14032,b0950d12c62d3aeda81b2e8d06f2aef4,e366e24b8ad0b1107528f2f58cd15a81,SO73338,2384,BK-T79U-46,1,2384,a048b8d5f3f9178f163e2be055f0138b
14032,b0950d12c62d3aeda81b2e8d06f2aef4,e366e24b8ad0b1107528f2f58cd15a81,SO73338,105,HL-U509-R,3,105,a048b8d5f3f9178f163e2be055f0138b
14033,5432d51ee94799c0125bb158c8a8bd22,545a3d56d20b22e09aa85bfa5ed8738d,SO73098,2384,BK-T79U-46,1,2384,9592b44e2c3f304a9875f45537bec6eb
14033,5432d51ee94799c0125bb158c8a8bd22,545a3d56d20b22e09aa85bfa5ed8738d,SO73098,48,GL-H102-L,2,48,9592b44e2c3f304a9875f45537bec6eb
14033,5432d51ee94799c0125bb158c8a8bd22,545a3d56d20b22e09aa85bfa5ed8738d,SO73098,105,HL-U509-B,3,105,9592b44e2c3f304a9875f45537bec6eb
14033,88b82588375bd49ab9a4c177ecf7af7b,4364e5a7100b33d6b7420dc1168e3ded,SO49343,4142,BK-M68S-46,2,4142,c6cff482661a9daa82c86dddcf00c0e4
14033,a1fedb8f5f2e08543339a5f167bee6b7,8b9fe4b34e3c54f08bfcac3d9691e260,SO65010,4590,BK-M68B-42,2,4590,4eec6eda382b9c44e240ad4b4b5e9cc0
14034,290499d9b8e65db426ba9b842714eb6d,606ed413481267c98754e3351f662859,SO62635,150,LJ-0192-L,3,150,d1024973c3d10f08cb9fa1736e6ed8b7
14034,86e0fc464cbb08ae74bd039224afec9a,38c9e5d1e366b4c5c36aae682bc960c4,SO72641,22,FE-6654,1,22,8920fd63645007b243abb750709b1172
14034,86e0fc464cbb08ae74bd039224afec9a,38c9e5d1e366b4c5c36aae682bc960c4,SO72641,2,PK-7098,1,2,8920fd63645007b243abb750709b1172
14034,86e0fc464cbb08ae74bd039224afec9a,38c9e5d1e366b4c5c36aae682bc960c4,SO72641,25,TI-M267,1,25,8920fd63645007b243abb750709b1172
14034,86e0fc464cbb08ae74bd039224afec9a,38c9e5d1e366b4c5c36aae682bc960c4,SO72641,5,TT-M928,1,5,8920fd63645007b243abb750709b1172
14035,870bd4f3713260418e4f342f31dc7e33,94c60e0b5e2b0f78b919a5d4c67d70a2,SO62905,22,FE-6654,1,22,2fe1a028f9398deb2efcd536c8246fae
14035,870bd4f3713260418e4f342f31dc7e33,94c60e0b5e2b0f78b919a5d4c67d70a2,SO62905,105,HL-U509-R,3,105,2fe1a028f9398deb2efcd536c8246fae
14035,870bd4f3713260418e4f342f31dc7e33,94c60e0b5e2b0f78b919a5d4c67d70a2,SO62905,9,SO-R809-M,1,9,2fe1a028f9398deb2efcd536c8246fae
14036,59c3d64cb01cd5ad7fd25246d81a55ff,ac15b60491fe99190c0248790e690757,SO55537,769,BK-M38S-38,1,769,d8a4ea0dc4237ee8690ee37b3902fd0e
14036,59c3d64cb01cd5ad7fd25246d81a55ff,ac15b60491fe99190c0248790e690757,SO55537,70,SH-W890-S,1,70,d8a4ea0dc4237ee8690ee37b3902fd0e
14036,c00aa7441b750e57533585b4ed172f85,0fdc213a5f9c4a355f1240ee1160acdb,SO47589,2000,BK-R64Y-40,2,2000,ddf2a5b996051378e5e44109810f04c5
14037,51f131f5e73d6582c708dee703ea6d09,09a92962b3b77384fb4671e2a6803a84,SO47613,2000,BK-R64Y-44,2,2000,83fd58ad8dee673cf915b18f70b86416
14037,d9f7611cf8d29b48a1d3d8fddb8c5b2e,55f9f4cb5784581a517e59904e0d5e2f,SO56680,769,BK-M38S-42,1,769,fda052162862bb845297063fd71a580c
14037,d9f7611cf8d29b48a1d3d8fddb8c5b2e,55f9f4cb5784581a517e59904e0d5e2f,SO56680,27,CA-1098,3,27,fda052162862bb845297063fd71a580c
14037,d9f7611cf8d29b48a1d3d8fddb8c5b2e,55f9f4cb5784581a517e59904e0d5e2f,SO56680,150,LJ-0192-S,3,150,fda052162862bb845297063fd71a580c
14037,d9f7611cf8d29b48a1d3d8fddb8c5b2e,55f9f4cb5784581a517e59904e0d5e2f,SO56680,70,SH-W890-S,1,70,fda052162862bb845297063fd71a580c
14038,0149f124a48640c62d90840ac5760331,4555f65c4664801d78b9f5477f89d8fd,SO63410,4640,BK-M68S-42,2,4640,870bd4f3713260418e4f342f31dc7e33
14038,0149f124a48640c62d90840ac5760331,4555f65c4664801d78b9f5477f89d8fd,SO63410,22,FE-6654,1,22,870bd4f3713260418e4f342f31dc7e33
14038,0149f124a48640c62d90840ac5760331,4555f65c4664801d78b9f5477f89d8fd,SO63410,105,HL-U509-B,3,105,870bd4f3713260418e4f342f31dc7e33
14038,4c6ed4daa82e7326b84c24f4c2ae7064,b2ce0ef2540789e8a6976165b6c917d8,SO73256,2384,BK-T79U-50,1,2384,aa14ddbc43aa2d3be1e6ac019bb7b5bc
14038,4c6ed4daa82e7326b84c24f4c2ae7064,b2ce0ef2540789e8a6976165b6c917d8,SO73256,27,CA-1098,3,27,aa14ddbc43aa2d3be1e6ac019bb7b5bc
14038,4d61c9aac1c2415bf4aac434f815ed3a,dbfd88fff205d4dd875043cc0852f905,SO49278,4098,BK-M68B-38,2,4098,4364e5a7100b33d6b7420dc1168e3ded
14039,22ba60942e58ccfed22ed8a64ec86aa3,120e988208d0c7478eebe7175e557b29,SO49313,4098,BK-M68B-38,2,4098,61f221efdc5f1284178644e84c13fc7c
14039,b2ce0ef2540789e8a6976165b6c917d8,128ee9ff420de424a605a0ee4a6f7916,SO72358,2384,BK-T79Y-46,1,2384,dcf73f840a50da0145f24e8e0169dc4b
14039,b2ce0ef2540789e8a6976165b6c917d8,128ee9ff420de424a605a0ee4a6f7916,SO72358,105,HL-U509-B,3,105,dcf73f840a50da0145f24e8e0169dc4b
14039,c87874400b9f907bdf9ea37d75a4b341,23bd9a9b90557e9da7babfb8e3d2df22,SO64599,10,BC-M005,1,10,8b9fe4b34e3c54f08bfcac3d9691e260
14039,c87874400b9f907bdf9ea37d75a4b341,23bd9a9b90557e9da7babfb8e3d2df22,SO64599,4590,BK-M68B-42,2,4590,8b9fe4b34e3c54f08bfcac3d9691e260
14039,c87874400b9f907bdf9ea37d75a4b341,23bd9a9b90557e9da7babfb8e3d2df22,SO64599,105,HL-U509-B,3,105,8b9fe4b34e3c54f08bfcac3d9691e260
14040,ce08c22f7777768ce4197eab9727516c,4a800301260b2639fa1ec3efafb5f86c,SO60008,10,BC-M005,1,10,5072507e949a2c25948a591c4da194e1
14040,ce08c22f7777768ce4197eab9727516c,4a800301260b2639fa1ec3efafb5f86c,SO60008,22,FE-6654,1,22,5072507e949a2c25948a591c4da194e1
14041,40883861f6e25a2e09e848a7891f4f38,eba5233d2dd8ea5031e646882335ece0,SO57468,4590,BK-M68B-38,2,4590,d76e0ba1fa041675ae9af958c5b41ae4
14041,40883861f6e25a2e09e848a7891f4f38,eba5233d2dd8ea5031e646882335ece0,SO57468,22,FE-6654,1,22,d76e0ba1fa041675ae9af958c5b41ae4
14041,40883861f6e25a2e09e848a7891f4f38,eba5233d2dd8ea5031e646882335ece0,SO57468,105,HL-U509,3,105,d76e0ba1fa041675ae9af958c5b41ae4
14041,64cadfde6f66bc25043d0d69f5ae5471,18f358e551b5b85912bc952ab9894c0d,SO65860,2384,BK-T79U-50,1,2384,8d1d4829b2e801ba4e41ba48f5a549d4
14041,64cadfde6f66bc25043d0d69f5ae5471,18f358e551b5b85912bc952ab9894c0d,SO65860,29,TI-T723,1,29,8d1d4829b2e801ba4e41ba48f5a549d4
14042,aa14ddbc43aa2d3be1e6ac019bb7b5bc,dcf73f840a50da0145f24e8e0169dc4b,SO72886,22,FE-6654,1,22,a6f2945baeceeef4c8d541a22f6e99e9
14043,3f20f21c57e09a6c071e44d1fe74b58a,9b98d27287b27eeee9ebc06e1d5a9a8d,SO53898,22,FE-6654,1,22,51c449e55b4a63a16fb45beb689150d5
14043,3f20f21c57e09a6c071e44d1fe74b58a,9b98d27287b27eeee9ebc06e1d5a9a8d,SO53898,105,HL-U509-R,3,105,51c449e55b4a63a16fb45beb689150d5
14044,44d326c8c23112823a8152f26e4bb95b,e03ae3b5ab9ed92e9fc903c440c40118,SO47621,2000,BK-R64Y-42,2,2000,c00aa7441b750e57533585b4ed172f85
14044,7254e54716fe52361e62aa16ea2e0797,6eaadc1181f307997dc853d9ed40db36,SO59453,4640,BK-M68S-46,2,4640,e7df1b3ee078bdcfc260a877f321287d
14044,7254e54716fe52361e62aa16ea2e0797,6eaadc1181f307997dc853d9ed40db36,SO59453,2,PK-7098,1,2,e7df1b3ee078bdcfc260a877f321287d
14044,7254e54716fe52361e62aa16ea2e0797,6eaadc1181f307997dc853d9ed40db36,SO59453,35,TI-M823,1,35,e7df1b3ee078bdcfc260a877f321287d
14045,4d61c9aac1c2415bf4aac434f815ed3a,dbfd88fff205d4dd875043cc0852f905,SO49279,4098,BK-M68B-46,2,4098,4364e5a7100b33d6b7420dc1168e3ded
14045,8b9fe4b34e3c54f08bfcac3d9691e260,a946e75bc65318721cd1e01162d392dd,SO64228,4590,BK-M68B-46,2,4590,f75e5f8c15ca91ec5c869dc3881f574f
14045,8b9fe4b34e3c54f08bfcac3d9691e260,a946e75bc65318721cd1e01162d392dd,SO64228,22,FE-6654,1,22,f75e5f8c15ca91ec5c869dc3881f574f
14045,8b9fe4b34e3c54f08bfcac3d9691e260,a946e75bc65318721cd1e01162d392dd,SO64228,54,SJ-0194-M,1,54,f75e5f8c15ca91ec5c869dc3881f574f
14045,8babade0595c11e14dd89058a850f2cd,a048b8d5f3f9178f163e2be055f0138b,SO73868,2384,BK-T79Y-46,1,2384,501407dcfde5b685045ca3072168d5bb
14046,01e9454335c45aa6cdee165f2c25b3c0,b841e6f2f1d20f20ca7bd238dfd4c300,SO49264,4142,BK-M68S-46,2,4142,e34e7eb0c21a4e95026c6fae15677b7a
14046,94b225b5b1f09ecd5e8ecdfb681ff04c,03bf7d2a8718ee9aca4bd2f37e962fc4,SO64362,10,BC-M005,1,10,61e00b038efd34bdf9c747596273cbcf
14046,94b225b5b1f09ecd5e8ecdfb681ff04c,03bf7d2a8718ee9aca4bd2f37e962fc4,SO64362,4590,BK-M68B-38,2,4590,61e00b038efd34bdf9c747596273cbcf
14046,e2f7ff887646789ea003d03bc2025325,0990769bd233255d308a2f2137e95214,SO51571,1215,BK-T44U-60,1,1215,20b5e9ce0f87defd975a322149ec8cc6
14046,e2f7ff887646789ea003d03bc2025325,0990769bd233255d308a2f2137e95214,SO51571,54,SJ-0194-X,1,54,20b5e9ce0f87defd975a322149ec8cc6
14047,0990769bd233255d308a2f2137e95214,4b74d4eac4c3a33d22d34af93569c011,SO51377,1215,BK-T44U-54,1,1215,9bbc713be22755b8ea8e3b596e06edd2
14047,0990769bd233255d308a2f2137e95214,4b74d4eac4c3a33d22d34af93569c011,SO51377,105,HL-U509-R,3,105,9bbc713be22755b8ea8e3b596e06edd2
14047,abe94c2111c58e9c9672602d41bce66e,0149f124a48640c62d90840ac5760331,SO64166,4640,BK-M68S-38,2,4640,99b7e934795a93975a5e0c0b9b57d9ba
14047,abe94c2111c58e9c9672602d41bce66e,0149f124a48640c62d90840ac5760331,SO64166,2,PK-7098,1,2,99b7e934795a93975a5e0c0b9b57d9ba
14047,daac5732a7741792804c19340b534bae,7328906f8bab0a3b391053e4df6588d3,SO49173,4142,BK-M68S-38,2,4142,c8db84e7a63e3fa5806b462c51f794cd
14048,41ef6b06b63ba4f6a5234245a439b157,c4c454d69a39e60a6f5cf2f97148adad,SO72625,10,BC-M005,1,10,545a3d56d20b22e09aa85bfa5ed8738d
14048,41ef6b06b63ba4f6a5234245a439b157,c4c454d69a39e60a6f5cf2f97148adad,SO72625,4590,BK-M68B-46,2,4590,545a3d56d20b22e09aa85bfa5ed8738d
14048,41ef6b06b63ba4f6a5234245a439b157,c4c454d69a39e60a6f5cf2f97148adad,SO72625,5,WB-H098,1,5,545a3d56d20b22e09aa85bfa5ed8738d
14048,88b82588375bd49ab9a4c177ecf7af7b,4364e5a7100b33d6b7420dc1168e3ded,SO49344,4142,BK-M68S-38,2,4142,c6cff482661a9daa82c86dddcf00c0e4
14048,ccb91034934bb047c5f6a32eb289b95b,640540d73b85c3ecd2e3bf5541686e87,SO59759,742,BK-T18U-62,1,742,3ebfce6ccd7540a632ae7e6ad8100c29
14049,501407dcfde5b685045ca3072168d5bb,41ef6b06b63ba4f6a5234245a439b157,SO73567,4590,BK-M68B-46,2,4590,5432d51ee94799c0125bb158c8a8bd22
14049,501407dcfde5b685045ca3072168d5bb,41ef6b06b63ba4f6a5234245a439b157,SO73567,8,CL-9009,1,8,5432d51ee94799c0125bb158c8a8bd22
14049,501407dcfde5b685045ca3072168d5bb,41ef6b06b63ba4f6a5234245a439b157,SO73567,35,TI-M823,1,35,5432d51ee94799c0125bb158c8a8bd22
14049,501407dcfde5b685045ca3072168d5bb,41ef6b06b63ba4f6a5234245a439b157,SO73567,5,TT-M928,1,5,5432d51ee94799c0125bb158c8a8bd22
14049,9e8cbc3edbb5efb3f48d6afb260e4725,174acf6ca4e9804d47a59a499422e621,SO59270,9,BC-R205,1,9,640540d73b85c3ecd2e3bf5541686e87
14049,9e8cbc3edbb5efb3f48d6afb260e4725,174acf6ca4e9804d47a59a499422e621,SO59270,742,BK-T18U-50,1,742,640540d73b85c3ecd2e3bf5541686e87
14049,9e8cbc3edbb5efb3f48d6afb260e4725,174acf6ca4e9804d47a59a499422e621,SO59270,120,RA-H123,1,120,640540d73b85c3ecd2e3bf5541686e87
14049,9e8cbc3edbb5efb3f48d6afb260e4725,174acf6ca4e9804d47a59a499422e621,SO59270,5,WB-H098,1,5,640540d73b85c3ecd2e3bf5541686e87
14049,daac5732a7741792804c19340b534bae,7328906f8bab0a3b391053e4df6588d3,SO49174,4142,BK-M68S-42,2,4142,c8db84e7a63e3fa5806b462c51f794cd
14050,01e9454335c45aa6cdee165f2c25b3c0,b841e6f2f1d20f20ca7bd238dfd4c300,SO49265,4142,BK-M68S-46,2,4142,e34e7eb0c21a4e95026c6fae15677b7a
14050,03bf7d2a8718ee9aca4bd2f37e962fc4,290499d9b8e65db426ba9b842714eb6d,SO63606,4640,BK-M68S-42,2,4640,7130adfd843cdcb6d0bcd9d13792693a
14050,03bf7d2a8718ee9aca4bd2f37e962fc4,290499d9b8e65db426ba9b842714eb6d,SO63606,105,HL-U509-B,3,105,7130adfd843cdcb6d0bcd9d13792693a
14050,3500da16b6d3d0da611bc08c2b1e1c05,5f827524a01a15af1043fdb581ce224b,SO51301,1215,BK-T44U-50,1,1215,070e7bb8852d69e16952038e5532904f
14050,3500da16b6d3d0da611bc08c2b1e1c05,5f827524a01a15af1043fdb581ce224b,SO51301,27,CA-1098,3,27,070e7bb8852d69e16952038e5532904f
14051,01e9454335c45aa6cdee165f2c25b3c0,b841e6f2f1d20f20ca7bd238dfd4c300,SO49266,4098,BK-M68B-46,2,4098,e34e7eb0c21a4e95026c6fae15677b7a
14051,d4746e41b619da57ee9f1a2e2cc254e8,81a5d08c6beaeec9e42baae5d63dd780,SO64107,4640,BK-M68S-42,2,4640,23bd9a9b90557e9da7babfb8e3d2df22
14051,f799d104dd23bb828dcdaaefc4d25b61,ca510b577b53d588f80b4fc76030ea52,SO52281,9,BC-R205,1,9,cfceb7490eff6e660974507be7c579c6
14051,f799d104dd23bb828dcdaaefc4d25b61,ca510b577b53d588f80b4fc76030ea52,SO52281,1215,BK-T44U-54,1,1215,cfceb7490eff6e660974507be7c579c6
14051,f799d104dd23bb828dcdaaefc4d25b61,ca510b577b53d588f80b4fc76030ea52,SO52281,9,SO-R809-M,1,9,cfceb7490eff6e660974507be7c579c6
14051,f799d104dd23bb828dcdaaefc4d25b61,ca510b577b53d588f80b4fc76030ea52,SO52281,5,WB-H098,1,5,cfceb7490eff6e660974507be7c579c6
14052,254d832c83ccdb2c33eab65a4fd196ff,75fe8d7dec9d2a51be64595ab37dc674,SO59500,27,CA-1098,3,27,4a800301260b2639fa1ec3efafb5f86c
14052,254d832c83ccdb2c33eab65a4fd196ff,75fe8d7dec9d2a51be64595ab37dc674,SO59500,150,LJ-0192-S,3,150,4a800301260b2639fa1ec3efafb5f86c
14052,db2b287636ac5ebda430de4f3f643b24,7af7abc5e37d5fa2e2334b4fec2584e2,SO51969,2,PK-7098,1,2,bee2b842cd357511cf4c8e509f5af192
14052,db2b287636ac5ebda430de4f3f643b24,7af7abc5e37d5fa2e2334b4fec2584e2,SO51969,25,TI-M267,1,25,bee2b842cd357511cf4c8e509f5af192
14053,6be9692276a308e4b872323af1ad8fe2,bee2b842cd357511cf4c8e509f5af192,SO52331,27,CA-1098,3,27,72e75576254db1afef14ecdc050391c2
14053,6be9692276a308e4b872323af1ad8fe2,bee2b842cd357511cf4c8e509f5af192,SO52331,150,LJ-0192-X,3,150,72e75576254db1afef14ecdc050391c2
14053,f5933feadc49c253e4f0e77b236946e9,0b80ce5eab877cae9997209e0bee6e60,SO52411,2,PK-7098,1,2,b8cc77f0099ae7d3a20b9f0b74d70b12
14053,f5933feadc49c253e4f0e77b236946e9,0b80ce5eab877cae9997209e0bee6e60,SO52411,25,TI-M267,1,25,b8cc77f0099ae7d3a20b9f0b74d70b12
14054,0d3057f268050d468f468434f8ec809a,fd5ba6fdeb81e07b2caf0b103489bd8d,SO71955,2,PK-7098,1,2,921bc92a493b53f98f24e6a8a12801be
14054,0d3057f268050d468f468434f8ec809a,fd5ba6fdeb81e07b2caf0b103489bd8d,SO71955,159,ST-1401,1,159,921bc92a493b53f98f24e6a8a12801be
14054,0d3057f268050d468f468434f8ec809a,fd5ba6fdeb81e07b2caf0b103489bd8d,SO71955,25,TI-M267,1,25,921bc92a493b53f98f24e6a8a12801be
14054,5432d51ee94799c0125bb158c8a8bd22,545a3d56d20b22e09aa85bfa5ed8738d,SO73109,48,GL-H102-M,2,48,9592b44e2c3f304a9875f45537bec6eb
14054,6a373d2281ba1487d83680f65dd6e6d0,2fb09097185e604aaadbfde958fd6262,SO74972,70,SH-W890-S,1,70,8592725b85eec4822018b8728dd5b88d
14055,61f221efdc5f1284178644e84c13fc7c,14114c0c0c03d2681f7688c3c6e94055,SO49272,4098,BK-M68B-46,2,4098,4a21ddebdfee548e65b62c2809afc1c0
14055,9c55d6518880c1abf100a24da2546368,47a161474962a6dcc03cfa64127a641f,SO74136,4640,BK-M68S-38,2,4640,9795c57676ee8b8b6ba9a6f9014a520b
14055,9c55d6518880c1abf100a24da2546368,47a161474962a6dcc03cfa64127a641f,SO74136,22,FE-6654,1,22,9795c57676ee8b8b6ba9a6f9014a520b
14055,9c55d6518880c1abf100a24da2546368,47a161474962a6dcc03cfa64127a641f,SO74136,105,HL-U509,3,105,9795c57676ee8b8b6ba9a6f9014a520b
14055,b0241b451647f25db5f52074445d820c,7a8e187aeb003f6e34c02a4d5b9b153e,SO64295,742,BK-T18U-58,1,742,56d78836c9cf0de136c4d2d37aba2280
14055,b0241b451647f25db5f52074445d820c,7a8e187aeb003f6e34c02a4d5b9b153e,SO64295,27,CA-1098,3,27,56d78836c9cf0de136c4d2d37aba2280
14056,12092303778fcfa88ed7d284b74c6a6a,40eee601514259a9632d510ca71226cc,SO74789,27,CA-1098,3,27,6cf9e035d2f1d8ffe1b9f2f96a9e7a3a
14056,12092303778fcfa88ed7d284b74c6a6a,40eee601514259a9632d510ca71226cc,SO74789,70,SH-W890-L,1,70,6cf9e035d2f1d8ffe1b9f2f96a9e7a3a
14056,305c66634c155cab2b5cc3ce00351eb1,2becb9647677a1a316b388bbad689580,SO62090,25,TI-M267,1,25,922d04aa1f67bbe0270bfad98508f43e
14056,5e1b952a22eccca86f7f056a9efb42a4,a8ef76a01442567fb64eb6f4408a9835,SO57702,48,GL-H102-L,2,48,40883861f6e25a2e09e848a7891f4f38
14057,5728955fc583cbfd901d0ba25cb20f92,db10519e66d9a7b809b91935ad1a696d,SO74848,150,LJ-0192-M,3,150,01e8942a5792053a553c4612bd6c06a6
14057,6d1d8a1c7851eb5a946d45009cea6d9f,3f0c8308e4e2e5c4ddc1b7e19304f613,SO65684,105,HL-U509-B,3,105,6582aa26281b9a92ad60e6a03e274c00
14057,6d1d8a1c7851eb5a946d45009cea6d9f,3f0c8308e4e2e5c4ddc1b7e19304f613,SO65684,25,TI-M267,1,25,6582aa26281b9a92ad60e6a03e274c00
14057,6d1d8a1c7851eb5a946d45009cea6d9f,3f0c8308e4e2e5c4ddc1b7e19304f613,SO65684,5,TT-M928,1,5,6582aa26281b9a92ad60e6a03e274c00
14058,18bea060239713ee5f865109f63f3a8a,7f026edc73bd4602381834e9b850d6c2,SO52845,1215,BK-T44U-60,1,1215,d6ec5bff1a0809822c740ce35792fa7a
14058,18bea060239713ee5f865109f63f3a8a,7f026edc73bd4602381834e9b850d6c2,SO52845,105,HL-U509-B,3,105,d6ec5bff1a0809822c740ce35792fa7a
14058,18bea060239713ee5f865109f63f3a8a,7f026edc73bd4602381834e9b850d6c2,SO52845,29,TI-T723,1,29,d6ec5bff1a0809822c740ce35792fa7a
14058,18bea060239713ee5f865109f63f3a8a,7f026edc73bd4602381834e9b850d6c2,SO52845,5,TT-T092,1,5,d6ec5bff1a0809822c740ce35792fa7a
14058,7a8e187aeb003f6e34c02a4d5b9b153e,2fe1a028f9398deb2efcd536c8246fae,SO63539,4590,BK-M68B-46,2,4590,ba19c22033aaecc6c5dad47f63e5858c
14058,7a8e187aeb003f6e34c02a4d5b9b153e,2fe1a028f9398deb2efcd536c8246fae,SO63539,2,PK-7098,1,2,ba19c22033aaecc6c5dad47f63e5858c
14058,8a9e9eb9bf34bfb298138c0b091eaf0a,3032fcbd695819ad7b6723a9cd53f277,SO49240,4142,BK-M68S-38,2,4142,d5cc3ca31a62986018db87cc11d7c3c0
14059,106dfbaf552c07a1b08d065f2c343982,3f20f21c57e09a6c071e44d1fe74b58a,SO54533,48,GL-H102-L,2,48,dba3e44e23a1d2c2f299811e94db7fce
14059,106dfbaf552c07a1b08d065f2c343982,3f20f21c57e09a6c071e44d1fe74b58a,SO54533,150,LJ-0192-M,3,150,dba3e44e23a1d2c2f299811e94db7fce
14059,76918877cf6ce7011018cd9708723392,883b9b4170853b321c03290f64ba199f,SO61482,2,PK-7098,1,2,4ddc8821c34bceaf3dba4a18741acca3
14059,76918877cf6ce7011018cd9708723392,883b9b4170853b321c03290f64ba199f,SO61482,25,TI-M267,1,25,4ddc8821c34bceaf3dba4a18741acca3
14059,76918877cf6ce7011018cd9708723392,883b9b4170853b321c03290f64ba199f,SO61482,5,TT-M928,1,5,4ddc8821c34bceaf3dba4a18741acca3
14060,3fe686907939d07097f6c87f08025422,8eb7a1b0dba9fdd5f4248b9cb6b9119b,SO69027,48,GL-H102-M,2,48,e5114f65ece65e14e7b721dab1e674e0
14060,3fe686907939d07097f6c87f08025422,8eb7a1b0dba9fdd5f4248b9cb6b9119b,SO69027,25,TI-M267,1,25,e5114f65ece65e14e7b721dab1e674e0
14060,d3c54b4368c62c2ff11535bf2b677170,41464bd548f06ca845208f69df30ac82,SO54325,150,LJ-0192-M,3,150,da9c4ba6c9a1ae8725389bfd38b5763a
14061,6d44506d59926d8d13d35f75d97f2a64,deff8ad81a213d1110c1f409a7f40fcd,SO53403,2,PK-7098,1,2,f476906875bc5d9abe836b4ea1f485c1
14061,6d44506d59926d8d13d35f75d97f2a64,deff8ad81a213d1110c1f409a7f40fcd,SO53403,25,TI-M267,1,25,f476906875bc5d9abe836b4ea1f485c1
14061,6d44506d59926d8d13d35f75d97f2a64,deff8ad81a213d1110c1f409a7f40fcd,SO53403,5,TT-M928,1,5,f476906875bc5d9abe836b4ea1f485c1
14061,9b6872ca1d80024637e967d1066bba0a,4310d0d92131e34ff2716d85e1953174,SO55338,150,LJ-0192-S,3,150,7b0730955172ecda497d7cca6b1d87a1
14062,30df06c098f61f2e78c2d0edb6e1b65a,83e4278f3d557c0bd5784b2bc83d617c,SO49363,4098,BK-M68B-42,2,4098,22ba60942e58ccfed22ed8a64ec86aa3
14062,94b225b5b1f09ecd5e8ecdfb681ff04c,03bf7d2a8718ee9aca4bd2f37e962fc4,SO64363,4640,BK-M68S-42,2,4640,61e00b038efd34bdf9c747596273cbcf
14062,94b225b5b1f09ecd5e8ecdfb681ff04c,03bf7d2a8718ee9aca4bd2f37e962fc4,SO64363,55,HY-1023-70,1,55,61e00b038efd34bdf9c747596273cbcf
14062,dba3e44e23a1d2c2f299811e94db7fce,51c449e55b4a63a16fb45beb689150d5,SO54254,1215,BK-T44U-60,1,1215,226d694fb4b7f71d62444f9528be8704
14062,dba3e44e23a1d2c2f299811e94db7fce,51c449e55b4a63a16fb45beb689150d5,SO54254,9,SO-R809-L,1,9,226d694fb4b7f71d62444f9528be8704
14063,043dc8381a880800c6904db9a2d6994e,4a21ddebdfee548e65b62c2809afc1c0,SO49332,4142,BK-M68S-38,2,4142,6a98156d9aad5c7ca324267d73f9c9ca
14063,a946e75bc65318721cd1e01162d392dd,5efefff01843f5aa3f7d8a4d44b4bf2e,SO63485,4640,BK-M68S-38,2,4640,3a23b248b732af434a45fce0302aa11f
14063,a946e75bc65318721cd1e01162d392dd,5efefff01843f5aa3f7d8a4d44b4bf2e,SO63485,35,TI-M823,1,35,3a23b248b732af434a45fce0302aa11f
14063,d3c54b4368c62c2ff11535bf2b677170,41464bd548f06ca845208f69df30ac82,SO54317,1215,BK-T44U-50,1,1215,da9c4ba6c9a1ae8725389bfd38b5763a
14063,d3c54b4368c62c2ff11535bf2b677170,41464bd548f06ca845208f69df30ac82,SO54317,105,HL-U509-R,3,105,da9c4ba6c9a1ae8725389bfd38b5763a
14064,a9cefc49af6424b430612adfc69876ee,d34ba8f5d7fd7d5959a34c283fbec422,SO55814,1215,BK-T44U-46,1,1215,59c3d64cb01cd5ad7fd25246d81a55ff
14064,a9cefc49af6424b430612adfc69876ee,d34ba8f5d7fd7d5959a34c283fbec422,SO55814,105,HL-U509,3,105,59c3d64cb01cd5ad7fd25246d81a55ff
14064,a9cefc49af6424b430612adfc69876ee,d34ba8f5d7fd7d5959a34c283fbec422,SO55814,54,SJ-0194-M,1,54,59c3d64cb01cd5ad7fd25246d81a55ff
14064,c87874400b9f907bdf9ea37d75a4b341,23bd9a9b90557e9da7babfb8e3d2df22,SO64600,10,BC-M005,1,10,8b9fe4b34e3c54f08bfcac3d9691e260
14064,c87874400b9f907bdf9ea37d75a4b341,23bd9a9b90557e9da7babfb8e3d2df22,SO64600,4590,BK-M68B-46,2,4590,8b9fe4b34e3c54f08bfcac3d9691e260
14064,c87874400b9f907bdf9ea37d75a4b341,23bd9a9b90557e9da7babfb8e3d2df22,SO64600,27,CA-1098,3,27,8b9fe4b34e3c54f08bfcac3d9691e260
14064,c87874400b9f907bdf9ea37d75a4b341,23bd9a9b90557e9da7babfb8e3d2df22,SO64600,5,WB-H098,1,5,8b9fe4b34e3c54f08bfcac3d9691e260
14064,cc2547b3671a031a723a4e3e241d0eed,8dc681f418bc4515c72be4c903645815,SO49439,4142,BK-M68S-46,2,4142,30aed1460184602b98a479b6418e474a
14065,1678083e7ff90bd404baad3f60bffa37,7b0730955172ecda497d7cca6b1d87a1,SO55741,1215,BK-T44U-50,1,1215,73a69a5c77a7d23172e54d7ce07a638e
14065,56d78836c9cf0de136c4d2d37aba2280,ba19c22033aaecc6c5dad47f63e5858c,SO63985,4640,BK-M68S-42,2,4640,8c9ec1be720ee75d56d0c250d10610fa
14065,56d78836c9cf0de136c4d2d37aba2280,ba19c22033aaecc6c5dad47f63e5858c,SO63985,2,PK-7098,1,2,8c9ec1be720ee75d56d0c250d10610fa
14065,8a9e9eb9bf34bfb298138c0b091eaf0a,3032fcbd695819ad7b6723a9cd53f277,SO49241,4142,BK-M68S-42,2,4142,d5cc3ca31a62986018db87cc11d7c3c0
14066,acc20902004de8acdd3eee04bfe5f91a,048405fe051586c63978bfe6b3a8b733,SO51195,769,BK-M38S-40,1,769,5f827524a01a15af1043fdb581ce224b
14066,acc20902004de8acdd3eee04bfe5f91a,048405fe051586c63978bfe6b3a8b733,SO51195,30,TI-M602,1,30,5f827524a01a15af1043fdb581ce224b
14066,acc20902004de8acdd3eee04bfe5f91a,048405fe051586c63978bfe6b3a8b733,SO51195,5,TT-M928,1,5,5f827524a01a15af1043fdb581ce224b
14066,f503064ebf1d6c48e58be9df2aa9a79b,61f221efdc5f1284178644e84c13fc7c,SO49392,4098,BK-M68B-46,2,4098,043dc8381a880800c6904db9a2d6994e
14066,f75e5f8c15ca91ec5c869dc3881f574f,3a23b248b732af434a45fce0302aa11f,SO63945,9,BC-R205,1,9,03bf7d2a8718ee9aca4bd2f37e962fc4
14066,f75e5f8c15ca91ec5c869dc3881f574f,3a23b248b732af434a45fce0302aa11f,SO63945,742,BK-T18Y-58,1,742,03bf7d2a8718ee9aca4bd2f37e962fc4
14066,f75e5f8c15ca91ec5c869dc3881f574f,3a23b248b732af434a45fce0302aa11f,SO63945,2,PK-7098,1,2,03bf7d2a8718ee9aca4bd2f37e962fc4
14066,f75e5f8c15ca91ec5c869dc3881f574f,3a23b248b732af434a45fce0302aa11f,SO63945,5,WB-H098,1,5,03bf7d2a8718ee9aca4bd2f37e962fc4
14067,55f9f4cb5784581a517e59904e0d5e2f,9b6872ca1d80024637e967d1066bba0a,SO56025,150,LJ-0192-X,3,150,1678083e7ff90bd404baad3f60bffa37
14067,94b225b5b1f09ecd5e8ecdfb681ff04c,03bf7d2a8718ee9aca4bd2f37e962fc4,SO64298,105,HL-U509,3,105,61e00b038efd34bdf9c747596273cbcf
14067,94b225b5b1f09ecd5e8ecdfb681ff04c,03bf7d2a8718ee9aca4bd2f37e962fc4,SO64298,25,TI-M267,1,25,61e00b038efd34bdf9c747596273cbcf
14067,94b225b5b1f09ecd5e8ecdfb681ff04c,03bf7d2a8718ee9aca4bd2f37e962fc4,SO64298,5,TT-M928,1,5,61e00b038efd34bdf9c747596273cbcf
14068,375bde15092f45652b6398c1dff650d0,830e779850b1d58733a7ad711bf6b83f,SO57309,2,PK-7098,1,2,a8ef76a01442567fb64eb6f4408a9835
14068,375bde15092f45652b6398c1dff650d0,830e779850b1d58733a7ad711bf6b83f,SO57309,25,TI-M267,1,25,a8ef76a01442567fb64eb6f4408a9835
14068,c87874400b9f907bdf9ea37d75a4b341,23bd9a9b90557e9da7babfb8e3d2df22,SO64533,150,LJ-0192-M,3,150,8b9fe4b34e3c54f08bfcac3d9691e260
14069,3e107cd1554225ea3056ed5010adce90,aa14ddbc43aa2d3be1e6ac019bb7b5bc,SO73792,27,CA-1098,3,27,43e2cc7ff261723f93f64f3f7e9faa8d
14069,3e107cd1554225ea3056ed5010adce90,aa14ddbc43aa2d3be1e6ac019bb7b5bc,SO73792,105,HL-U509,3,105,43e2cc7ff261723f93f64f3f7e9faa8d
14069,3e107cd1554225ea3056ed5010adce90,aa14ddbc43aa2d3be1e6ac019bb7b5bc,SO73792,150,LJ-0192-X,3,150,43e2cc7ff261723f93f64f3f7e9faa8d
14069,3e107cd1554225ea3056ed5010adce90,aa14ddbc43aa2d3be1e6ac019bb7b5bc,SO73792,25,TI-M267,1,25,43e2cc7ff261723f93f64f3f7e9faa8d
14069,3e107cd1554225ea3056ed5010adce90,aa14ddbc43aa2d3be1e6ac019bb7b5bc,SO73792,5,TT-M928,1,5,43e2cc7ff261723f93f64f3f7e9faa8d
14069,ccf89c691dabb1412404274596922d90,b0241b451647f25db5f52074445d820c,SO65028,150,LJ-0192-S,3,150,7299e51cfc0d5174743a6701a8a96488
14070,88b82588375bd49ab9a4c177ecf7af7b,4364e5a7100b33d6b7420dc1168e3ded,SO49345,4098,BK-M68B-46,2,4098,c6cff482661a9daa82c86dddcf00c0e4
14070,a2c49941411089cb2a9cbf78cb803c26,73a69a5c77a7d23172e54d7ce07a638e,SO56128,1215,BK-T44U-46,1,1215,39fe373cdcb4534addde73890415b660
14070,a2c49941411089cb2a9cbf78cb803c26,73a69a5c77a7d23172e54d7ce07a638e,SO56128,105,HL-U509,3,105,39fe373cdcb4534addde73890415b660
14070,d4746e41b619da57ee9f1a2e2cc254e8,81a5d08c6beaeec9e42baae5d63dd780,SO64106,4640,BK-M68S-38,2,4640,23bd9a9b90557e9da7babfb8e3d2df22
14071,4ceff7612cfa4420892fe23b23ca9265,5691ac18f59a9af20f9d8703772afbba,SO56541,1215,BK-T44U-46,1,1215,089c2a426c196c5ca5facb20896c90bb
14071,4ceff7612cfa4420892fe23b23ca9265,5691ac18f59a9af20f9d8703772afbba,SO56541,29,TI-T723,1,29,089c2a426c196c5ca5facb20896c90bb
14071,4ceff7612cfa4420892fe23b23ca9265,5691ac18f59a9af20f9d8703772afbba,SO56541,5,TT-T092,1,5,089c2a426c196c5ca5facb20896c90bb
14071,81a5d08c6beaeec9e42baae5d63dd780,95103530881768b5cfc7e33970db9cd7,SO63349,4640,BK-M68S-38,2,4640,b210069485754303767745919c328b97
14071,ff2bf25190a8fcdee3d17552f1914d11,d5cc3ca31a62986018db87cc11d7c3c0,SO49307,4098,BK-M68B-38,2,4098,01e9454335c45aa6cdee165f2c25b3c0
14072,232e830f1ac667c081eaaca23cdf9b5f,4b5c3229e0725ef8d303f494db9faec8,SO64456,25,TI-M267,1,25,abe94c2111c58e9c9672602d41bce66e
14072,290499d9b8e65db426ba9b842714eb6d,606ed413481267c98754e3351f662859,SO62636,150,LJ-0192-L,3,150,d1024973c3d10f08cb9fa1736e6ed8b7
14073,705fa39ab40831529471c768490339ab,63efdd3324df66c9965bd622cdebe06a,SO68815,105,HL-U509-R,3,105,4584ca349e0920f4436a3c2f36158b85
14073,705fa39ab40831529471c768490339ab,63efdd3324df66c9965bd622cdebe06a,SO68815,54,SJ-0194-X,1,54,4584ca349e0920f4436a3c2f36158b85
14073,705fa39ab40831529471c768490339ab,63efdd3324df66c9965bd622cdebe06a,SO68815,25,TI-R628,1,25,4584ca349e0920f4436a3c2f36158b85
14073,705fa39ab40831529471c768490339ab,63efdd3324df66c9965bd622cdebe06a,SO68815,4,TT-R982,1,4,4584ca349e0920f4436a3c2f36158b85
14073,ad4fbe0c82c7e5968d4cf22c2ad19e28,72e75576254db1afef14ecdc050391c2,SO52677,2,PK-7098,1,2,f5933feadc49c253e4f0e77b236946e9
14073,ad4fbe0c82c7e5968d4cf22c2ad19e28,72e75576254db1afef14ecdc050391c2,SO52677,33,TI-R982,1,33,f5933feadc49c253e4f0e77b236946e9
14073,ad4fbe0c82c7e5968d4cf22c2ad19e28,72e75576254db1afef14ecdc050391c2,SO52677,4,TT-R982,1,4,f5933feadc49c253e4f0e77b236946e9
14074,640540d73b85c3ecd2e3bf5541686e87,eba6cab7267f82e3b2a063d5ea445bb9,SO58718,33,TI-R982,1,33,d630b2db6e8046e30b4728ca862ba4e1
14074,ef5bad66aa19ccfb82cacb73584b83ea,0e23f371129aecc6b2033620b226f8d7,SO57849,2,PK-7098,1,2,485ae69515bc4c60ef546ff289741f60
14074,ef5bad66aa19ccfb82cacb73584b83ea,0e23f371129aecc6b2033620b226f8d7,SO57849,25,TI-R628,1,25,485ae69515bc4c60ef546ff289741f60
14075,d9f7611cf8d29b48a1d3d8fddb8c5b2e,55f9f4cb5784581a517e59904e0d5e2f,SO56676,22,FE-6654,1,22,fda052162862bb845297063fd71a580c
14075,d9f7611cf8d29b48a1d3d8fddb8c5b2e,55f9f4cb5784581a517e59904e0d5e2f,SO56676,105,HL-U509-B,3,105,fda052162862bb845297063fd71a580c
14076,73b2264d673ee7b5b2e7e165020516ac,4ceff7612cfa4420892fe23b23ca9265,SO57407,22,FE-6654,1,22,8d71482745a6a1be4fbbc5562ade4657
14076,73b2264d673ee7b5b2e7e165020516ac,4ceff7612cfa4420892fe23b23ca9265,SO57407,150,LJ-0192-L,3,150,8d71482745a6a1be4fbbc5562ade4657
14077,0149f124a48640c62d90840ac5760331,4555f65c4664801d78b9f5477f89d8fd,SO63378,10,BC-M005,1,10,870bd4f3713260418e4f342f31dc7e33
14077,0149f124a48640c62d90840ac5760331,4555f65c4664801d78b9f5477f89d8fd,SO63378,54,SJ-0194-X,1,54,870bd4f3713260418e4f342f31dc7e33
14077,0149f124a48640c62d90840ac5760331,4555f65c4664801d78b9f5477f89d8fd,SO63378,5,WB-H098,1,5,870bd4f3713260418e4f342f31dc7e33
14077,36ab6f1df21f3c9a169c8942e981959a,058af5b2a408d57b708367e5bf4e9d9c,SO67656,25,TI-R628,1,25,8e8847c1bdf012037ee13bb62da8a5c1
14077,8eb7a1b0dba9fdd5f4248b9cb6b9119b,9f1ff00ea8fd9fd8f2d421ba5ec45a18,SO68234,2,PK-7098,1,2,c7390752782466cfc9a3ed7d3a79e046
14077,8eb7a1b0dba9fdd5f4248b9cb6b9119b,9f1ff00ea8fd9fd8f2d421ba5ec45a18,SO68234,35,TI-M823,1,35,c7390752782466cfc9a3ed7d3a79e046
14077,e5114f65ece65e14e7b721dab1e674e0,c7390752782466cfc9a3ed7d3a79e046,SO68691,48,GL-H102-S,2,48,fe1fd19c021e78ec395980c2e347865e
14077,e5114f65ece65e14e7b721dab1e674e0,c7390752782466cfc9a3ed7d3a79e046,SO68691,25,TI-M267,1,25,fe1fd19c021e78ec395980c2e347865e
14078,7af7abc5e37d5fa2e2334b4fec2584e2,5b07cd2a9dfb9437a07ea3012d6efbb7,SO51519,769,BK-M38S-46,1,769,5dddb266d8c26eece51489fe90c9f47d
14078,7af7abc5e37d5fa2e2334b4fec2584e2,5b07cd2a9dfb9437a07ea3012d6efbb7,SO51519,70,SH-W890-L,1,70,5dddb266d8c26eece51489fe90c9f47d
14079,23f22724b430320654759f8512440ebc,485ae69515bc4c60ef546ff289741f60,SO58264,10,BC-M005,1,10,b0b2c17e5682f78d8fc262463fd0a4f3
14079,23f22724b430320654759f8512440ebc,485ae69515bc4c60ef546ff289741f60,SO58264,64,VE-C304-L,1,64,b0b2c17e5682f78d8fc262463fd0a4f3
14079,23f22724b430320654759f8512440ebc,485ae69515bc4c60ef546ff289741f60,SO58264,5,WB-H098,1,5,b0b2c17e5682f78d8fc262463fd0a4f3
14079,361e2c62255e0c1887ac2139911ca300,20b5e9ce0f87defd975a322149ec8cc6,SO51910,2,PK-7098,1,2,eedd9be5500334505ed9d4aef801ac3d
14079,361e2c62255e0c1887ac2139911ca300,20b5e9ce0f87defd975a322149ec8cc6,SO51910,35,TI-M823,1,35,eedd9be5500334505ed9d4aef801ac3d
14079,4c9ae581a14adbccc0bcd009c17b6cbe,56e52500a7f5ab963646137a401683cd,SO75040,2,PK-7098,1,2,838eec1f117f2cab9e9c306f7efbff28
14079,4c9ae581a14adbccc0bcd009c17b6cbe,56e52500a7f5ab963646137a401683cd,SO75040,33,TI-R982,1,33,838eec1f117f2cab9e9c306f7efbff28
14079,4c9ae581a14adbccc0bcd009c17b6cbe,56e52500a7f5ab963646137a401683cd,SO75040,4,TT-R982,1,4,838eec1f117f2cab9e9c306f7efbff28
14079,545a3d56d20b22e09aa85bfa5ed8738d,31c99d724c1f182c60edb82eb4740277,SO72203,105,HL-U509-R,3,105,a9cd7a99d71cca9cb644010050374ade
14079,545a3d56d20b22e09aa85bfa5ed8738d,31c99d724c1f182c60edb82eb4740277,SO72203,29,TI-T723,1,29,a9cd7a99d71cca9cb644010050374ade
14079,545a3d56d20b22e09aa85bfa5ed8738d,31c99d724c1f182c60edb82eb4740277,SO72203,5,TT-T092,1,5,a9cd7a99d71cca9cb644010050374ade
14080,1678083e7ff90bd404baad3f60bffa37,7b0730955172ecda497d7cca6b1d87a1,SO55793,769,BK-M38S-40,1,769,73a69a5c77a7d23172e54d7ce07a638e
14080,1678083e7ff90bd404baad3f60bffa37,7b0730955172ecda497d7cca6b1d87a1,SO55793,27,CA-1098,3,27,73a69a5c77a7d23172e54d7ce07a638e
14080,1678083e7ff90bd404baad3f60bffa37,7b0730955172ecda497d7cca6b1d87a1,SO55793,70,SH-W890-L,1,70,73a69a5c77a7d23172e54d7ce07a638e
14080,83fd58ad8dee673cf915b18f70b86416,b243d2d1c866ff70a41839ea58d11fdb,SO47580,2000,BK-R64Y-48,2,2000,4b07ddfa8857087c363c1402c6fbcaa1
14081,3143ce3c6436ed5bd25398756b7b661d,6be9692276a308e4b872323af1ad8fe2,SO52954,4886,BK-R89B-44,2,4886,ad4fbe0c82c7e5968d4cf22c2ad19e28
14081,3143ce3c6436ed5bd25398756b7b661d,6be9692276a308e4b872323af1ad8fe2,SO52954,8,CL-9009,1,8,ad4fbe0c82c7e5968d4cf22c2ad19e28
14081,7c6ed2fd0e84c7cd553d96c2aa5b74bf,f3a74234d20fe8b7fea9d1e61588ddde,SO47607,2000,BK-R64Y-48,2,2000,9712d7a71de3e6d17935b90960bdaceb
14082,88077cf01a3e17831c2d0bcca5897c5b,95a2a9aefc393f8630e934768cacf4cd,SO73068,22,FE-6654,1,22,86e0fc464cbb08ae74bd039224afec9a
14083,0c8ff735cb2b05718573c08173335fd4,1685ca8ff12ea83725a1c35e1d89c5cd,SO54513,1701,BK-R79Y-42,1,1701,b8d9d66529b0a1e91f6137abcdd065dd
14083,0c8ff735cb2b05718573c08173335fd4,1685ca8ff12ea83725a1c35e1d89c5cd,SO54513,150,LJ-0192-X,3,150,b8d9d66529b0a1e91f6137abcdd065dd
14083,e03ae3b5ab9ed92e9fc903c440c40118,80f25c69c14ab1aa6fbbadcbd5eaeded,SO47535,2000,BK-R64Y-42,2,2000,0fdc213a5f9c4a355f1240ee1160acdb
14084,3fbd0407b55d3a3da21388a2ddbf881c,ab4946738415af86b5e3cee69b13301f,SO57912,8,CL-9009,1,8,5abaefcc8525a8f4cfd95cba9e926532
14084,3fbd0407b55d3a3da21388a2ddbf881c,ab4946738415af86b5e3cee69b13301f,SO57912,2,PK-7098,1,2,5abaefcc8525a8f4cfd95cba9e926532
14084,3fbd0407b55d3a3da21388a2ddbf881c,ab4946738415af86b5e3cee69b13301f,SO57912,25,TI-M267,1,25,5abaefcc8525a8f4cfd95cba9e926532
14084,40883861f6e25a2e09e848a7891f4f38,eba5233d2dd8ea5031e646882335ece0,SO57458,35,TI-M823,1,35,d76e0ba1fa041675ae9af958c5b41ae4
14084,8b9fe4b34e3c54f08bfcac3d9691e260,a946e75bc65318721cd1e01162d392dd,SO64191,48,GL-H102-S,2,48,f75e5f8c15ca91ec5c869dc3881f574f
14084,8b9fe4b34e3c54f08bfcac3d9691e260,a946e75bc65318721cd1e01162d392dd,SO64191,25,TI-R628,1,25,f75e5f8c15ca91ec5c869dc3881f574f
14084,8b9fe4b34e3c54f08bfcac3d9691e260,a946e75bc65318721cd1e01162d392dd,SO64191,4,TT-R982,1,4,f75e5f8c15ca91ec5c869dc3881f574f
14084,ccf89c691dabb1412404274596922d90,b0241b451647f25db5f52074445d820c,SO65042,10,BC-M005,1,10,7299e51cfc0d5174743a6701a8a96488
14084,ccf89c691dabb1412404274596922d90,b0241b451647f25db5f52074445d820c,SO65042,5,WB-H098,1,5,7299e51cfc0d5174743a6701a8a96488
14085,cae5717327bee7d74e261c550aa5081f,18025e6a8791d350428f65c0783ebd99,SO56735,10,BC-M005,1,10,ed268f8f3837888893f896b7240f1254
14085,cae5717327bee7d74e261c550aa5081f,18025e6a8791d350428f65c0783ebd99,SO56735,22,FE-6654,1,22,ed268f8f3837888893f896b7240f1254
14085,cae5717327bee7d74e261c550aa5081f,18025e6a8791d350428f65c0783ebd99,SO56735,5,WB-H098,1,5,ed268f8f3837888893f896b7240f1254
14086,175a5d217fad85df9f6639d7ced1e5d9,511572e8a25e86c2f48ae9e6d73a1e6a,SO68889,2,PK-7098,1,2,66e56e10b0f528b66a45e307ecdf4774
14086,175a5d217fad85df9f6639d7ced1e5d9,511572e8a25e86c2f48ae9e6d73a1e6a,SO68889,25,TI-R628,1,25,66e56e10b0f528b66a45e307ecdf4774
14086,175a5d217fad85df9f6639d7ced1e5d9,511572e8a25e86c2f48ae9e6d73a1e6a,SO68889,4,TT-R982,1,4,66e56e10b0f528b66a45e307ecdf4774
14086,5728955fc583cbfd901d0ba25cb20f92,db10519e66d9a7b809b91935ad1a696d,SO74853,2,PK-7098,1,2,01e8942a5792053a553c4612bd6c06a6
14086,5728955fc583cbfd901d0ba25cb20f92,db10519e66d9a7b809b91935ad1a696d,SO74853,33,TI-R982,1,33,01e8942a5792053a553c4612bd6c06a6
14086,5728955fc583cbfd901d0ba25cb20f92,db10519e66d9a7b809b91935ad1a696d,SO74853,4,TT-R982,1,4,01e8942a5792053a553c4612bd6c06a6
14087,7ee641303ef8d8b10d0ed00a060c73cc,eef21e68ecca703bb338920b950f203c,SO61732,48,GL-H102-S,2,48,0d15ba5aa4c9ad0377b26e0cf7a86280
14087,7ee641303ef8d8b10d0ed00a060c73cc,eef21e68ecca703bb338920b950f203c,SO61732,25,TI-M267,1,25,0d15ba5aa4c9ad0377b26e0cf7a86280
14087,a8ef76a01442567fb64eb6f4408a9835,427ed6396fba4ed8ead9ec3229517d2b,SO56855,70,SH-W890-S,1,70,eba5233d2dd8ea5031e646882335ece0
14087,a8ef76a01442567fb64eb6f4408a9835,427ed6396fba4ed8ead9ec3229517d2b,SO56855,64,VE-C304-L,1,64,eba5233d2dd8ea5031e646882335ece0
14087,f5933feadc49c253e4f0e77b236946e9,0b80ce5eab877cae9997209e0bee6e60,SO52417,159,ST-1401,1,159,b8cc77f0099ae7d3a20b9f0b74d70b12
14088,d630b2db6e8046e30b4728ca862ba4e1,02ad1a5ca18e58629b8c1d6a6401d071,SO58454,1701,BK-R79Y-42,1,1701,07b31bae17c7890b17d79a654aa230cf
14088,d630b2db6e8046e30b4728ca862ba4e1,02ad1a5ca18e58629b8c1d6a6401d071,SO58454,54,SJ-0194-S,1,54,07b31bae17c7890b17d79a654aa230cf
14088,e03ae3b5ab9ed92e9fc903c440c40118,80f25c69c14ab1aa6fbbadcbd5eaeded,SO47536,2000,BK-R64Y-44,2,2000,0fdc213a5f9c4a355f1240ee1160acdb
14089,b988e88fd94a3b47434beeb650cff880,3c1811b546060d91957cc446aabc4a3c,SO56363,769,BK-M38S-42,1,769,18025e6a8791d350428f65c0783ebd99
14089,b988e88fd94a3b47434beeb650cff880,3c1811b546060d91957cc446aabc4a3c,SO56363,70,SH-W890-M,1,70,18025e6a8791d350428f65c0783ebd99
14089,b988e88fd94a3b47434beeb650cff880,3c1811b546060d91957cc446aabc4a3c,SO56363,54,SJ-0194-L,1,54,18025e6a8791d350428f65c0783ebd99
14089,f3a74234d20fe8b7fea9d1e61588ddde,ff6b0fd180b0673e54be5105922418c2,SO47522,2000,BK-R64Y-44,2,2000,8b2c1dc879653ef0a877850ef4a01f47
14090,0e23f371129aecc6b2033620b226f8d7,fda052162862bb845297063fd71a580c,SO57223,22,FE-6654,1,22,40ff348468b73116a7077c246985e0bf
14090,0e23f371129aecc6b2033620b226f8d7,fda052162862bb845297063fd71a580c,SO57223,64,VE-C304-S,1,64,40ff348468b73116a7077c246985e0bf
14091,07b31bae17c7890b17d79a654aa230cf,a976f17830aceaaa93d5daef0bc209a3,SO58169,2,PK-7098,1,2,ef5bad66aa19ccfb82cacb73584b83ea
14091,07b31bae17c7890b17d79a654aa230cf,a976f17830aceaaa93d5daef0bc209a3,SO58169,35,TI-M823,1,35,ef5bad66aa19ccfb82cacb73584b83ea
14091,07b31bae17c7890b17d79a654aa230cf,a976f17830aceaaa93d5daef0bc209a3,SO58169,5,TT-M928,1,5,ef5bad66aa19ccfb82cacb73584b83ea
14091,5c741aa8e0753be65314a304e7b39c14,d945ec2aae74dbfb829453026b91c235,SO62045,10,BC-M005,1,10,7ee641303ef8d8b10d0ed00a060c73cc
14091,5c741aa8e0753be65314a304e7b39c14,d945ec2aae74dbfb829453026b91c235,SO62045,150,LJ-0192-L,3,150,7ee641303ef8d8b10d0ed00a060c73cc
14091,5c741aa8e0753be65314a304e7b39c14,d945ec2aae74dbfb829453026b91c235,SO62045,5,WB-H098,1,5,7ee641303ef8d8b10d0ed00a060c73cc
14091,8c9ec1be720ee75d56d0c250d10610fa,16918840d98f27ce45948fe73dd5592f,SO63638,105,HL-U509-R,3,105,81a5d08c6beaeec9e42baae5d63dd780
14091,8c9ec1be720ee75d56d0c250d10610fa,16918840d98f27ce45948fe73dd5592f,SO63638,25,TI-M267,1,25,81a5d08c6beaeec9e42baae5d63dd780
14091,8c9ec1be720ee75d56d0c250d10610fa,16918840d98f27ce45948fe73dd5592f,SO63638,5,TT-M928,1,5,81a5d08c6beaeec9e42baae5d63dd780
14091,cfceb7490eff6e660974507be7c579c6,01eb8a9956865747637639482336f5f8,SO52034,54,SJ-0194-S,1,54,e5bf4a4a03e320ed76cf2ca68fa5b4c0
14091,ef5bad66aa19ccfb82cacb73584b83ea,0e23f371129aecc6b2033620b226f8d7,SO57858,25,TI-R628,1,25,485ae69515bc4c60ef546ff289741f60
14092,6ef7b4bb93d4e54234cf965ed2334682,ccf89c691dabb1412404274596922d90,SO65991,22,FE-6654,1,22,93ddc10d6cf61153011df052aa76671f
14092,6ef7b4bb93d4e54234cf965ed2334682,ccf89c691dabb1412404274596922d90,SO65991,105,HL-U509-B,3,105,93ddc10d6cf61153011df052aa76671f
14093,3f0c8308e4e2e5c4ddc1b7e19304f613,61e00b038efd34bdf9c747596273cbcf,SO64832,27,CA-1098,3,27,232e830f1ac667c081eaaca23cdf9b5f
14093,3f0c8308e4e2e5c4ddc1b7e19304f613,61e00b038efd34bdf9c747596273cbcf,SO64832,22,FE-6654,1,22,232e830f1ac667c081eaaca23cdf9b5f
14094,fde67888c64f701b59876ec559099b3e,6353a8421ee460b64f2c988cc72a8391,SO56819,22,FE-6654,1,22,4ceff7612cfa4420892fe23b23ca9265
14095,55f9f4cb5784581a517e59904e0d5e2f,9b6872ca1d80024637e967d1066bba0a,SO56056,769,BK-M38S-38,1,769,1678083e7ff90bd404baad3f60bffa37
14095,55f9f4cb5784581a517e59904e0d5e2f,9b6872ca1d80024637e967d1066bba0a,SO56056,2,PK-7098,1,2,1678083e7ff90bd404baad3f60bffa37
14095,55f9f4cb5784581a517e59904e0d5e2f,9b6872ca1d80024637e967d1066bba0a,SO56056,30,TI-M602,1,30,1678083e7ff90bd404baad3f60bffa37
14095,9b2bcc77e799374ba0ba55212a17c6b3,1b9e9a1c42d997d68923258c60ed20d5,SO47957,2000,BK-R64Y-48,2,2000,524fe547a612733b95c353e432357926
14096,03bf7d2a8718ee9aca4bd2f37e962fc4,290499d9b8e65db426ba9b842714eb6d,SO63565,48,GL-H102-L,2,48,7130adfd843cdcb6d0bcd9d13792693a
14096,03bf7d2a8718ee9aca4bd2f37e962fc4,290499d9b8e65db426ba9b842714eb6d,SO63565,54,SJ-0194-S,1,54,7130adfd843cdcb6d0bcd9d13792693a
14096,2ed3972e38245b633ec6b146c2970148,6477c205c5117a9448ba863e111acf32,SO61705,2,PK-7098,1,2,2becb9647677a1a316b388bbad689580
14096,2ed3972e38245b633ec6b146c2970148,6477c205c5117a9448ba863e111acf32,SO61705,35,TI-M823,1,35,2becb9647677a1a316b388bbad689580
14096,2ed3972e38245b633ec6b146c2970148,6477c205c5117a9448ba863e111acf32,SO61705,5,TT-M928,1,5,2becb9647677a1a316b388bbad689580
14096,5728955fc583cbfd901d0ba25cb20f92,db10519e66d9a7b809b91935ad1a696d,SO74862,10,BC-M005,1,10,01e8942a5792053a553c4612bd6c06a6
14096,5728955fc583cbfd901d0ba25cb20f92,db10519e66d9a7b809b91935ad1a696d,SO74862,105,HL-U509,3,105,01e8942a5792053a553c4612bd6c06a6
14096,5728955fc583cbfd901d0ba25cb20f92,db10519e66d9a7b809b91935ad1a696d,SO74862,9,SO-R809-L,1,9,01e8942a5792053a553c4612bd6c06a6
14096,5728955fc583cbfd901d0ba25cb20f92,db10519e66d9a7b809b91935ad1a696d,SO74862,5,WB-H098,1,5,01e8942a5792053a553c4612bd6c06a6
14096,58f0b42da53adeeccbfa693883fea672,8c9ec1be720ee75d56d0c250d10610fa,SO64392,25,TI-R628,1,25,d4746e41b619da57ee9f1a2e2cc254e8
14096,58f0b42da53adeeccbfa693883fea672,8c9ec1be720ee75d56d0c250d10610fa,SO64392,4,TT-R982,1,4,d4746e41b619da57ee9f1a2e2cc254e8
14096,c660dc308b247ce08aeecd155306bae0,e7df1b3ee078bdcfc260a877f321287d,SO59927,25,TI-M267,1,25,9a95fdf4e925d9cbd65f87b5aa4ac212
14097,f46ace11e93788e473124f7be16a19d5,5c741aa8e0753be65314a304e7b39c14,SO62786,22,FE-6654,1,22,4555f65c4664801d78b9f5477f89d8fd
14097,f46ace11e93788e473124f7be16a19d5,5c741aa8e0753be65314a304e7b39c14,SO62786,105,HL-U509,3,105,4555f65c4664801d78b9f5477f89d8fd
14098,18025e6a8791d350428f65c0783ebd99,3c8e2c51453f4d665f1050da871dead6,SO56105,769,BK-M38S-46,1,769,a9cefc49af6424b430612adfc69876ee
14098,18025e6a8791d350428f65c0783ebd99,3c8e2c51453f4d665f1050da871dead6,SO56105,22,FE-6654,1,22,a9cefc49af6424b430612adfc69876ee
14098,18025e6a8791d350428f65c0783ebd99,3c8e2c51453f4d665f1050da871dead6,SO56105,54,SJ-0194-S,1,54,a9cefc49af6424b430612adfc69876ee
14098,31fe4966a778432b46c41b3ae4fc9171,de0ec1db92da84eb75354f77c92b4831,SO47813,2000,BK-R64Y-40,2,2000,b9e08b025ef074f1404952480e6fa92a
14099,106dfbaf552c07a1b08d065f2c343982,3f20f21c57e09a6c071e44d1fe74b58a,SO54529,2,PK-7098,1,2,dba3e44e23a1d2c2f299811e94db7fce
14099,106dfbaf552c07a1b08d065f2c343982,3f20f21c57e09a6c071e44d1fe74b58a,SO54529,25,TI-M267,1,25,dba3e44e23a1d2c2f299811e94db7fce
14099,4efe8b2ca156042f8a3d8dd6aba54520,e2f0a420a4c1a9e8e292761f835e0489,SO66326,159,ST-1401,1,159,e82ca4c6beebe812f10fa1041b97a160
14099,6353a8421ee460b64f2c988cc72a8391,59c3d64cb01cd5ad7fd25246d81a55ff,SO56191,27,CA-1098,3,27,5691ac18f59a9af20f9d8703772afbba
14099,6353a8421ee460b64f2c988cc72a8391,59c3d64cb01cd5ad7fd25246d81a55ff,SO56191,5,TT-T092,1,5,5691ac18f59a9af20f9d8703772afbba
14100,8728a5e296f39e49d2fa74c31820e99f,66e56e10b0f528b66a45e307ecdf4774,SO69567,2,PK-7098,1,2,3fe686907939d07097f6c87f08025422
14100,8728a5e296f39e49d2fa74c31820e99f,66e56e10b0f528b66a45e307ecdf4774,SO69567,25,TI-M267,1,25,3fe686907939d07097f6c87f08025422
14100,ce08c22f7777768ce4197eab9727516c,4a800301260b2639fa1ec3efafb5f86c,SO59991,159,ST-1401,1,159,5072507e949a2c25948a591c4da194e1
14100,e366e24b8ad0b1107528f2f58cd15a81,921bc92a493b53f98f24e6a8a12801be,SO72444,105,HL-U509-R,3,105,c83e871e48c2716e0f28e60d166a5c98
14100,e366e24b8ad0b1107528f2f58cd15a81,921bc92a493b53f98f24e6a8a12801be,SO72444,5,TT-T092,1,5,c83e871e48c2716e0f28e60d166a5c98
14101,abe94c2111c58e9c9672602d41bce66e,0149f124a48640c62d90840ac5760331,SO64176,9,BC-R205,1,9,99b7e934795a93975a5e0c0b9b57d9ba
14101,abe94c2111c58e9c9672602d41bce66e,0149f124a48640c62d90840ac5760331,SO64176,742,BK-T18U-54,1,742,99b7e934795a93975a5e0c0b9b57d9ba
14101,abe94c2111c58e9c9672602d41bce66e,0149f124a48640c62d90840ac5760331,SO64176,105,HL-U509,3,105,99b7e934795a93975a5e0c0b9b57d9ba
14101,abe94c2111c58e9c9672602d41bce66e,0149f124a48640c62d90840ac5760331,SO64176,5,WB-H098,1,5,99b7e934795a93975a5e0c0b9b57d9ba
14101,cc2547b3671a031a723a4e3e241d0eed,8dc681f418bc4515c72be4c903645815,SO49440,4098,BK-M68B-42,2,4098,30aed1460184602b98a479b6418e474a
14101,f5933feadc49c253e4f0e77b236946e9,0b80ce5eab877cae9997209e0bee6e60,SO52456,769,BK-M38S-38,1,769,b8cc77f0099ae7d3a20b9f0b74d70b12
14101,f5933feadc49c253e4f0e77b236946e9,0b80ce5eab877cae9997209e0bee6e60,SO52456,70,SH-W890-S,1,70,b8cc77f0099ae7d3a20b9f0b74d70b12
14102,0149f124a48640c62d90840ac5760331,4555f65c4664801d78b9f5477f89d8fd,SO63424,9,BC-R205,1,9,870bd4f3713260418e4f342f31dc7e33
14102,0149f124a48640c62d90840ac5760331,4555f65c4664801d78b9f5477f89d8fd,SO63424,742,BK-T18Y-44,1,742,870bd4f3713260418e4f342f31dc7e33
14102,0149f124a48640c62d90840ac5760331,4555f65c4664801d78b9f5477f89d8fd,SO63424,5,WB-H098,1,5,870bd4f3713260418e4f342f31dc7e33
14102,043dc8381a880800c6904db9a2d6994e,4a21ddebdfee548e65b62c2809afc1c0,SO49333,4142,BK-M68S-42,2,4142,6a98156d9aad5c7ca324267d73f9c9ca
14102,3e07f09fb2edbdf0bf6a54c17634514b,dca79d69a6b38e95c4b03bfab997796c,SO53000,769,BK-M38S-38,1,769,c375f33d72ca7161f341c2726e82d67a
14102,3e07f09fb2edbdf0bf6a54c17634514b,dca79d69a6b38e95c4b03bfab997796c,SO53000,70,SH-W890-S,1,70,c375f33d72ca7161f341c2726e82d67a
14103,0c8ff735cb2b05718573c08173335fd4,1685ca8ff12ea83725a1c35e1d89c5cd,SO54514,10,BC-M005,1,10,b8d9d66529b0a1e91f6137abcdd065dd
14103,0c8ff735cb2b05718573c08173335fd4,1685ca8ff12ea83725a1c35e1d89c5cd,SO54514,769,BK-M38S-40,1,769,b8d9d66529b0a1e91f6137abcdd065dd
14103,0c8ff735cb2b05718573c08173335fd4,1685ca8ff12ea83725a1c35e1d89c5cd,SO54514,5,WB-H098,1,5,b8d9d66529b0a1e91f6137abcdd065dd
14103,6ef7b4bb93d4e54234cf965ed2334682,ccf89c691dabb1412404274596922d90,SO66013,9,BC-R205,1,9,93ddc10d6cf61153011df052aa76671f
14103,6ef7b4bb93d4e54234cf965ed2334682,ccf89c691dabb1412404274596922d90,SO66013,742,BK-T18U-58,1,742,93ddc10d6cf61153011df052aa76671f
14103,6ef7b4bb93d4e54234cf965ed2334682,ccf89c691dabb1412404274596922d90,SO66013,5,WB-H098,1,5,93ddc10d6cf61153011df052aa76671f
14103,e34e7eb0c21a4e95026c6fae15677b7a,86e8658344547a7d34cd2bcd4750bd8f,SO49204,4142,BK-M68S-38,2,4142,dbfd88fff205d4dd875043cc0852f905
14104,427e6053bc13a556e37f64ff8e1619fb,7b70c83cb5595922297dfb93de1549d3,SO47754,2000,BK-R64Y-48,2,2000,29811b471c7da705b519bb457273565b
14104,73a69a5c77a7d23172e54d7ce07a638e,5a06908cc28b799b04fc1c47664462e6,SO55490,769,BK-M38S-40,1,769,41fc4cb27e0ee552c4c9247e1a476cc5
14104,73a69a5c77a7d23172e54d7ce07a638e,5a06908cc28b799b04fc1c47664462e6,SO55490,150,LJ-0192-S,3,150,41fc4cb27e0ee552c4c9247e1a476cc5
14104,73a69a5c77a7d23172e54d7ce07a638e,5a06908cc28b799b04fc1c47664462e6,SO55490,70,SH-W890-S,1,70,41fc4cb27e0ee552c4c9247e1a476cc5
14105,55f9f4cb5784581a517e59904e0d5e2f,9b6872ca1d80024637e967d1066bba0a,SO56057,10,BC-M005,1,10,1678083e7ff90bd404baad3f60bffa37
14105,55f9f4cb5784581a517e59904e0d5e2f,9b6872ca1d80024637e967d1066bba0a,SO56057,769,BK-M38S-38,1,769,1678083e7ff90bd404baad3f60bffa37
14105,55f9f4cb5784581a517e59904e0d5e2f,9b6872ca1d80024637e967d1066bba0a,SO56057,5,WB-H098,1,5,1678083e7ff90bd404baad3f60bffa37
14105,b9e08b025ef074f1404952480e6fa92a,34fbf2f6480a253f5b18c3295860e4ca,SO47780,2000,BK-R64Y-38,2,2000,336a679e4b20d70ee4a230ccc5fd12f7
14106,8d71482745a6a1be4fbbc5562ade4657,089c2a426c196c5ca5facb20896c90bb,SO56940,769,BK-M38S-38,1,769,d9f7611cf8d29b48a1d3d8fddb8c5b2e
14106,8d71482745a6a1be4fbbc5562ade4657,089c2a426c196c5ca5facb20896c90bb,SO56940,105,HL-U509,3,105,d9f7611cf8d29b48a1d3d8fddb8c5b2e
14106,8d71482745a6a1be4fbbc5562ade4657,089c2a426c196c5ca5facb20896c90bb,SO56940,30,TI-M602,1,30,d9f7611cf8d29b48a1d3d8fddb8c5b2e
14106,8d71482745a6a1be4fbbc5562ade4657,089c2a426c196c5ca5facb20896c90bb,SO56940,5,TT-M928,1,5,d9f7611cf8d29b48a1d3d8fddb8c5b2e
14106,b626fc8d2e0883d1c28d00d94d2c599f,6222fb05a8551828f3607e483b652095,SO47934,2000,BK-R64Y-42,2,2000,c677c7c135ec8863ce920e94467b93e3
14107,1f50dad3f1493a5cf408c4eb3987479e,226d694fb4b7f71d62444f9528be8704,SO54702,10,BC-M005,1,10,9c56075241a26f6fa77eb86b15411c6e
14107,1f50dad3f1493a5cf408c4eb3987479e,226d694fb4b7f71d62444f9528be8704,SO54702,769,BK-M38S-38,1,769,9c56075241a26f6fa77eb86b15411c6e
14107,1f50dad3f1493a5cf408c4eb3987479e,226d694fb4b7f71d62444f9528be8704,SO54702,105,HL-U509-B,3,105,9c56075241a26f6fa77eb86b15411c6e
14107,1f50dad3f1493a5cf408c4eb3987479e,226d694fb4b7f71d62444f9528be8704,SO54702,5,WB-H098,1,5,9c56075241a26f6fa77eb86b15411c6e
14108,39fe373cdcb4534addde73890415b660,41fc4cb27e0ee552c4c9247e1a476cc5,SO55911,769,BK-M38S-42,1,769,3519c8eb4095dbc69d80eb61856d3435
14108,39fe373cdcb4534addde73890415b660,41fc4cb27e0ee552c4c9247e1a476cc5,SO55911,70,SH-W890-L,1,70,3519c8eb4095dbc69d80eb61856d3435
14109,4360a17b804bbfc81824d06174bd61a1,6d4d5745fb8f7f5dbaff1d157cfd66e0,SO47947,2000,BK-R64Y-44,2,2000,4dbaf4bdbce8284f0eb9870406ab7f04
14109,b0241b451647f25db5f52074445d820c,7a8e187aeb003f6e34c02a4d5b9b153e,SO64290,1701,BK-R79Y-48,1,1701,56d78836c9cf0de136c4d2d37aba2280
14110,d9f7611cf8d29b48a1d3d8fddb8c5b2e,55f9f4cb5784581a517e59904e0d5e2f,SO56679,10,BC-M005,1,10,fda052162862bb845297063fd71a580c
14110,d9f7611cf8d29b48a1d3d8fddb8c5b2e,55f9f4cb5784581a517e59904e0d5e2f,SO56679,769,BK-M38S-46,1,769,fda052162862bb845297063fd71a580c
14110,d9f7611cf8d29b48a1d3d8fddb8c5b2e,55f9f4cb5784581a517e59904e0d5e2f,SO56679,105,HL-U509,3,105,fda052162862bb845297063fd71a580c
14110,d9f7611cf8d29b48a1d3d8fddb8c5b2e,55f9f4cb5784581a517e59904e0d5e2f,SO56679,5,WB-H098,1,5,fda052162862bb845297063fd71a580c
14111,81a5d08c6beaeec9e42baae5d63dd780,95103530881768b5cfc7e33970db9cd7,SO63318,22,FE-6654,1,22,b210069485754303767745919c328b97
14111,81a5d08c6beaeec9e42baae5d63dd780,95103530881768b5cfc7e33970db9cd7,SO63318,55,HY-1023-70,1,55,b210069485754303767745919c328b97
14112,3ebfce6ccd7540a632ae7e6ad8100c29,d630b2db6e8046e30b4728ca862ba4e1,SO59381,4590,BK-M68B-38,2,4590,df595e3c678d4fae23ce174fe747165e
14112,3ebfce6ccd7540a632ae7e6ad8100c29,d630b2db6e8046e30b4728ca862ba4e1,SO59381,22,FE-6654,1,22,df595e3c678d4fae23ce174fe747165e
14112,3ebfce6ccd7540a632ae7e6ad8100c29,d630b2db6e8046e30b4728ca862ba4e1,SO59381,105,HL-U509-B,3,105,df595e3c678d4fae23ce174fe747165e
14112,3ebfce6ccd7540a632ae7e6ad8100c29,d630b2db6e8046e30b4728ca862ba4e1,SO59381,9,SO-R809-M,1,9,df595e3c678d4fae23ce174fe747165e
14112,bdeaa4898e182be99121455d5c86cce1,cb5cf2f8eca0fe257d74c13a785b98c3,SO48111,2000,BK-R64Y-40,2,2000,9b2bcc77e799374ba0ba55212a17c6b3
14113,485ae69515bc4c60ef546ff289741f60,40ff348468b73116a7077c246985e0bf,SO57614,22,FE-6654,1,22,375bde15092f45652b6398c1dff650d0
14114,d4ae40bdb21d7c1f4fee96082340d3a2,9a027fc72b503940a96d5137762a263e,SO75109,22,FE-6654,1,22,08ff55594d8ca57b756a1953f77ebc89
14114,d4ae40bdb21d7c1f4fee96082340d3a2,9a027fc72b503940a96d5137762a263e,SO75109,64,VE-C304-S,1,64,08ff55594d8ca57b756a1953f77ebc89
14115,7983129d9883ebc3b9dce3311996b001,0df76889b3e31ccfd17b50cc73baef03,SO59807,4590,BK-M68B-38,2,4590,7254e54716fe52361e62aa16ea2e0797
14115,7983129d9883ebc3b9dce3311996b001,0df76889b3e31ccfd17b50cc73baef03,SO59807,2,PK-7098,1,2,7254e54716fe52361e62aa16ea2e0797
14115,bc6a999cadc90ecb33e51eb0f9009145,524fe547a612733b95c353e432357926,SO48126,2000,BK-R64Y-44,2,2000,7cfccbeb91431429b23b0e41a99488f0
14116,a08a8a7cdc12ac1d6f6ca90a6b513d94,c260b06ffc51ebc422646203046c8eda,SO48222,2000,BK-R64Y-38,2,2000,eef19d609e6d210600b55b2e51330be3
14116,b21e833d3ead6056f1265f13fe1ff015,7983129d9883ebc3b9dce3311996b001,SO60605,4590,BK-M68B-38,2,4590,4804ee33768b143d9706052696f7dfbd
14116,b21e833d3ead6056f1265f13fe1ff015,7983129d9883ebc3b9dce3311996b001,SO60605,22,FE-6654,1,22,4804ee33768b143d9706052696f7dfbd
14117,bbe7548219ab98340a1170c8a2e7847b,9818ca9856d3cf7b357612ed1c1f59a2,SO48254,2000,BK-R64Y-40,2,2000,813f26755901d08d11203eb467615b65
14117,c926349b55a58d87d7d5008c349fd1e9,9e8cbc3edbb5efb3f48d6afb260e4725,SO60096,4590,BK-M68B-42,2,4590,ccb91034934bb047c5f6a32eb289b95b
14117,c926349b55a58d87d7d5008c349fd1e9,9e8cbc3edbb5efb3f48d6afb260e4725,SO60096,22,FE-6654,1,22,ccb91034934bb047c5f6a32eb289b95b
14117,c926349b55a58d87d7d5008c349fd1e9,9e8cbc3edbb5efb3f48d6afb260e4725,SO60096,105,HL-U509,3,105,ccb91034934bb047c5f6a32eb289b95b
14118,0e23f371129aecc6b2033620b226f8d7,fda052162862bb845297063fd71a580c,SO57227,4640,BK-M68S-46,2,4640,40ff348468b73116a7077c246985e0bf
14118,0e23f371129aecc6b2033620b226f8d7,fda052162862bb845297063fd71a580c,SO57227,2,PK-7098,1,2,40ff348468b73116a7077c246985e0bf
14118,f88b3743a9ce1f9455b6de69380b486a,64cadfde6f66bc25043d0d69f5ae5471,SO66624,2384,BK-T79U-50,1,2384,3dc63b2d6dcc8f0b6720b06b5439a0b1
14118,f88b3743a9ce1f9455b6de69380b486a,64cadfde6f66bc25043d0d69f5ae5471,SO66624,105,HL-U509-R,3,105,3dc63b2d6dcc8f0b6720b06b5439a0b1
14119,4804ee33768b143d9706052696f7dfbd,7254e54716fe52361e62aa16ea2e0797,SO60272,10,BC-M005,1,10,c660dc308b247ce08aeecd155306bae0
14119,4804ee33768b143d9706052696f7dfbd,7254e54716fe52361e62aa16ea2e0797,SO60272,54,SJ-0194-S,1,54,c660dc308b247ce08aeecd155306bae0
14119,4804ee33768b143d9706052696f7dfbd,7254e54716fe52361e62aa16ea2e0797,SO60272,5,WB-H098,1,5,c660dc308b247ce08aeecd155306bae0
14119,cae5717327bee7d74e261c550aa5081f,18025e6a8791d350428f65c0783ebd99,SO56724,5,WB-H098,1,5,ed268f8f3837888893f896b7240f1254
14119,fff3c307c93eda1eb91d53ca588846fe,4584ca349e0920f4436a3c2f36158b85,SO69358,105,HL-U509-B,3,105,70951886788165a5e2439adfce4d0cce
14119,fff3c307c93eda1eb91d53ca588846fe,4584ca349e0920f4436a3c2f36158b85,SO69358,35,TI-M823,1,35,70951886788165a5e2439adfce4d0cce
14119,fff3c307c93eda1eb91d53ca588846fe,4584ca349e0920f4436a3c2f36158b85,SO69358,5,TT-M928,1,5,70951886788165a5e2439adfce4d0cce
14120,0383d48e76cd8a3dfb9e2a890f2cac18,d6fb379288416774d139632beb88e26b,SO61017,4590,BK-M68B-42,2,4590,883b9b4170853b321c03290f64ba199f
14120,0383d48e76cd8a3dfb9e2a890f2cac18,d6fb379288416774d139632beb88e26b,SO61017,22,FE-6654,1,22,883b9b4170853b321c03290f64ba199f
14120,0383d48e76cd8a3dfb9e2a890f2cac18,d6fb379288416774d139632beb88e26b,SO61017,48,GL-H102-M,2,48,883b9b4170853b321c03290f64ba199f
14120,0383d48e76cd8a3dfb9e2a890f2cac18,d6fb379288416774d139632beb88e26b,SO61017,105,HL-U509-R,3,105,883b9b4170853b321c03290f64ba199f
14120,a08a8a7cdc12ac1d6f6ca90a6b513d94,c260b06ffc51ebc422646203046c8eda,SO48223,2000,BK-R64Y-40,2,2000,eef19d609e6d210600b55b2e51330be3
14121,694d75fcfc5bc50259336e29e881a36c,eef19d609e6d210600b55b2e51330be3,SO48279,2000,BK-R64Y-38,2,2000,7e7a9bb13ad063eb81a70efff24ca60a
14121,ccb91034934bb047c5f6a32eb289b95b,640540d73b85c3ecd2e3bf5541686e87,SO59749,4590,BK-M68B-42,2,4590,3ebfce6ccd7540a632ae7e6ad8100c29
14121,ccb91034934bb047c5f6a32eb289b95b,640540d73b85c3ecd2e3bf5541686e87,SO59749,22,FE-6654,1,22,3ebfce6ccd7540a632ae7e6ad8100c29
14121,ccb91034934bb047c5f6a32eb289b95b,640540d73b85c3ecd2e3bf5541686e87,SO59749,2,PK-7098,1,2,3ebfce6ccd7540a632ae7e6ad8100c29
14122,089c2a426c196c5ca5facb20896c90bb,bc761b2b7297029a695fbd6dd0470724,SO56298,27,CA-1098,3,27,55f9f4cb5784581a517e59904e0d5e2f
14122,089c2a426c196c5ca5facb20896c90bb,bc761b2b7297029a695fbd6dd0470724,SO56298,22,FE-6654,1,22,55f9f4cb5784581a517e59904e0d5e2f
14123,94c60e0b5e2b0f78b919a5d4c67d70a2,0d15ba5aa4c9ad0377b26e0cf7a86280,SO62171,33,TI-R982,1,33,9913e55755fcc4267a06c1e6adbbc7fb
14123,ac15b60491fe99190c0248790e690757,ab2e81a99745ffff6c06e2be93290d1b,SO54771,25,TI-R628,1,25,0c8ff735cb2b05718573c08173335fd4
14123,ac15b60491fe99190c0248790e690757,ab2e81a99745ffff6c06e2be93290d1b,SO54771,4,TT-R982,1,4,0c8ff735cb2b05718573c08173335fd4
14124,49fce086a31f1cfcf16b54e462f7cbc0,99c8f306659fd98cbb9d7f03ec0c2a7a,SO70754,25,TI-R628,1,25,e84848120190a8d0e696fbeb15647a74
14124,8d71482745a6a1be4fbbc5562ade4657,089c2a426c196c5ca5facb20896c90bb,SO56915,33,TI-R982,1,33,d9f7611cf8d29b48a1d3d8fddb8c5b2e
14125,59b3bce956067f996be5f0ddd87e18c7,01e9454335c45aa6cdee165f2c25b3c0,SO49376,4142,BK-M68S-42,2,4142,8dc681f418bc4515c72be4c903645815
14125,ad4fbe0c82c7e5968d4cf22c2ad19e28,72e75576254db1afef14ecdc050391c2,SO52718,1701,BK-R79Y-42,1,1701,f5933feadc49c253e4f0e77b236946e9
14126,6d44506d59926d8d13d35f75d97f2a64,deff8ad81a213d1110c1f409a7f40fcd,SO53404,105,HL-U509-R,3,105,f476906875bc5d9abe836b4ea1f485c1
14126,6d44506d59926d8d13d35f75d97f2a64,deff8ad81a213d1110c1f409a7f40fcd,SO53404,25,TI-R628,1,25,f476906875bc5d9abe836b4ea1f485c1
14126,6d44506d59926d8d13d35f75d97f2a64,deff8ad81a213d1110c1f409a7f40fcd,SO53404,4,TT-R982,1,4,f476906875bc5d9abe836b4ea1f485c1
14126,a9cd7a99d71cca9cb644010050374ade,3db19f5f710f10e90ecc7154c649d60a,SO71704,105,HL-U509-B,3,105,128ee9ff420de424a605a0ee4a6f7916
14126,a9cd7a99d71cca9cb644010050374ade,3db19f5f710f10e90ecc7154c649d60a,SO71704,33,TI-R982,1,33,128ee9ff420de424a605a0ee4a6f7916
14126,a9cd7a99d71cca9cb644010050374ade,3db19f5f710f10e90ecc7154c649d60a,SO71704,4,TT-R982,1,4,128ee9ff420de424a605a0ee4a6f7916
14127,b8d9d66529b0a1e91f6137abcdd065dd,6d44506d59926d8d13d35f75d97f2a64,SO54236,1701,BK-R79Y-48,1,1701,90c6314650a0d54fdcabe5cd5406f9af
14127,b8d9d66529b0a1e91f6137abcdd065dd,6d44506d59926d8d13d35f75d97f2a64,SO54236,48,GL-H102-L,2,48,90c6314650a0d54fdcabe5cd5406f9af
14127,b8d9d66529b0a1e91f6137abcdd065dd,6d44506d59926d8d13d35f75d97f2a64,SO54236,105,HL-U509,3,105,90c6314650a0d54fdcabe5cd5406f9af
14127,c6cff482661a9daa82c86dddcf00c0e4,daac5732a7741792804c19340b534bae,SO49297,4098,BK-M68B-38,2,4098,83e4278f3d557c0bd5784b2bc83d617c
14128,3f20f21c57e09a6c071e44d1fe74b58a,9b98d27287b27eeee9ebc06e1d5a9a8d,SO53910,1701,BK-R79Y-40,1,1701,51c449e55b4a63a16fb45beb689150d5
14128,3f20f21c57e09a6c071e44d1fe74b58a,9b98d27287b27eeee9ebc06e1d5a9a8d,SO53910,105,HL-U509,3,105,51c449e55b4a63a16fb45beb689150d5
14128,3f20f21c57e09a6c071e44d1fe74b58a,9b98d27287b27eeee9ebc06e1d5a9a8d,SO53910,25,TI-R628,1,25,51c449e55b4a63a16fb45beb689150d5
14128,3f20f21c57e09a6c071e44d1fe74b58a,9b98d27287b27eeee9ebc06e1d5a9a8d,SO53910,4,TT-R982,1,4,51c449e55b4a63a16fb45beb689150d5
14128,ff2bf25190a8fcdee3d17552f1914d11,d5cc3ca31a62986018db87cc11d7c3c0,SO49308,4142,BK-M68S-38,2,4142,01e9454335c45aa6cdee165f2c25b3c0
14129,427ed6396fba4ed8ead9ec3229517d2b,3519c8eb4095dbc69d80eb61856d3435,SO56259,1701,BK-R79Y-42,1,1701,629ffff971d10f275a79a70fae527fbc
14129,d5cc3ca31a62986018db87cc11d7c3c0,5621f5e25d40f729483fc0a25664bcc3,SO49184,4098,BK-M68B-46,2,4098,b841e6f2f1d20f20ca7bd238dfd4c300
14130,8d71482745a6a1be4fbbc5562ade4657,089c2a426c196c5ca5facb20896c90bb,SO56944,1701,BK-R79Y-48,1,1701,d9f7611cf8d29b48a1d3d8fddb8c5b2e
14130,8d71482745a6a1be4fbbc5562ade4657,089c2a426c196c5ca5facb20896c90bb,SO56944,105,HL-U509-R,3,105,d9f7611cf8d29b48a1d3d8fddb8c5b2e
14130,8d71482745a6a1be4fbbc5562ade4657,089c2a426c196c5ca5facb20896c90bb,SO56944,25,TI-R628,1,25,d9f7611cf8d29b48a1d3d8fddb8c5b2e
14130,8d71482745a6a1be4fbbc5562ade4657,089c2a426c196c5ca5facb20896c90bb,SO56944,4,TT-R982,1,4,d9f7611cf8d29b48a1d3d8fddb8c5b2e
14130,e34e7eb0c21a4e95026c6fae15677b7a,86e8658344547a7d34cd2bcd4750bd8f,SO49205,4098,BK-M68B-38,2,4098,dbfd88fff205d4dd875043cc0852f905
14131,01e9454335c45aa6cdee165f2c25b3c0,b841e6f2f1d20f20ca7bd238dfd4c300,SO49267,4142,BK-M68S-46,2,4142,e34e7eb0c21a4e95026c6fae15677b7a
14131,9b6872ca1d80024637e967d1066bba0a,4310d0d92131e34ff2716d85e1953174,SO55371,1701,BK-R79Y-44,1,1701,7b0730955172ecda497d7cca6b1d87a1
14131,9b6872ca1d80024637e967d1066bba0a,4310d0d92131e34ff2716d85e1953174,SO55371,105,HL-U509,3,105,7b0730955172ecda497d7cca6b1d87a1
14132,043dc8381a880800c6904db9a2d6994e,4a21ddebdfee548e65b62c2809afc1c0,SO49334,4098,BK-M68B-42,2,4098,6a98156d9aad5c7ca324267d73f9c9ca
14132,5e1b952a22eccca86f7f056a9efb42a4,a8ef76a01442567fb64eb6f4408a9835,SO57734,1701,BK-R79Y-44,1,1701,40883861f6e25a2e09e848a7891f4f38
14132,5e1b952a22eccca86f7f056a9efb42a4,a8ef76a01442567fb64eb6f4408a9835,SO57734,54,SJ-0194-S,1,54,40883861f6e25a2e09e848a7891f4f38
14133,6a98156d9aad5c7ca324267d73f9c9ca,00bfaeb585c87c9f5074d228abb4b8fb,SO49282,4098,BK-M68B-46,2,4098,8a9e9eb9bf34bfb298138c0b091eaf0a
14133,a976f17830aceaaa93d5daef0bc209a3,d9f7611cf8d29b48a1d3d8fddb8c5b2e,SO57519,9,BC-R205,1,9,0e23f371129aecc6b2033620b226f8d7
14133,a976f17830aceaaa93d5daef0bc209a3,d9f7611cf8d29b48a1d3d8fddb8c5b2e,SO57519,1701,BK-R79Y-48,1,1701,0e23f371129aecc6b2033620b226f8d7
14133,a976f17830aceaaa93d5daef0bc209a3,d9f7611cf8d29b48a1d3d8fddb8c5b2e,SO57519,5,WB-H098,1,5,0e23f371129aecc6b2033620b226f8d7
14134,73b2264d673ee7b5b2e7e165020516ac,4ceff7612cfa4420892fe23b23ca9265,SO57415,1701,BK-R79Y-40,1,1701,8d71482745a6a1be4fbbc5562ade4657
14134,73b2264d673ee7b5b2e7e165020516ac,4ceff7612cfa4420892fe23b23ca9265,SO57415,105,HL-U509,3,105,8d71482745a6a1be4fbbc5562ade4657
14134,73b2264d673ee7b5b2e7e165020516ac,4ceff7612cfa4420892fe23b23ca9265,SO57415,150,LJ-0192-S,3,150,8d71482745a6a1be4fbbc5562ade4657
14134,d5cc3ca31a62986018db87cc11d7c3c0,5621f5e25d40f729483fc0a25664bcc3,SO49185,4098,BK-M68B-46,2,4098,b841e6f2f1d20f20ca7bd238dfd4c300
14135,fda052162862bb845297063fd71a580c,1678083e7ff90bd404baad3f60bffa37,SO56404,10,BC-M005,1,10,a2c49941411089cb2a9cbf78cb803c26
14135,fda052162862bb845297063fd71a580c,1678083e7ff90bd404baad3f60bffa37,SO56404,22,FE-6654,1,22,a2c49941411089cb2a9cbf78cb803c26
14135,fda052162862bb845297063fd71a580c,1678083e7ff90bd404baad3f60bffa37,SO56404,55,HY-1023-70,1,55,a2c49941411089cb2a9cbf78cb803c26
14136,6eaadc1181f307997dc853d9ed40db36,0814775cfc25da756a9b4197347ab771,SO58506,10,BC-M005,1,10,4dbf892d41ae205f6e36838031cff786
14136,6eaadc1181f307997dc853d9ed40db36,0814775cfc25da756a9b4197347ab771,SO58506,22,FE-6654,1,22,4dbf892d41ae205f6e36838031cff786
14136,6eaadc1181f307997dc853d9ed40db36,0814775cfc25da756a9b4197347ab771,SO58506,105,HL-U509-R,3,105,4dbf892d41ae205f6e36838031cff786
14136,6eaadc1181f307997dc853d9ed40db36,0814775cfc25da756a9b4197347ab771,SO58506,5,WB-H098,1,5,4dbf892d41ae205f6e36838031cff786
14137,4ddc8821c34bceaf3dba4a18741acca3,af1457846a79173ef71dd9d5dd69805a,SO61113,769,BK-M38S-42,1,769,2d6e054ac82934d489c58cc8399a1628
14137,4ddc8821c34bceaf3dba4a18741acca3,af1457846a79173ef71dd9d5dd69805a,SO61113,150,LJ-0192-M,3,150,2d6e054ac82934d489c58cc8399a1628
14137,96d3e865edc2fe5309f3c81d7966ce52,a935c7a44f4c417071513541e30d7c95,SO45007,3578,BK-R93R-62,1,3578,c5a17660293447cbe93ad42b9ba5965c
14138,3ebfce6ccd7540a632ae7e6ad8100c29,d630b2db6e8046e30b4728ca862ba4e1,SO59348,769,BK-M38S-40,1,769,df595e3c678d4fae23ce174fe747165e
14138,3ebfce6ccd7540a632ae7e6ad8100c29,d630b2db6e8046e30b4728ca862ba4e1,SO59348,22,FE-6654,1,22,df595e3c678d4fae23ce174fe747165e
14138,3ebfce6ccd7540a632ae7e6ad8100c29,d630b2db6e8046e30b4728ca862ba4e1,SO59348,48,GL-H102-L,2,48,df595e3c678d4fae23ce174fe747165e
14138,3ebfce6ccd7540a632ae7e6ad8100c29,d630b2db6e8046e30b4728ca862ba4e1,SO59348,150,LJ-0192-L,3,150,df595e3c678d4fae23ce174fe747165e
14138,d8c0cdf6e9755bab216fcb1de9e9a943,877a9aa814260fc4c3d24bc245047f86,SO44838,3578,BK-R93R-44,1,3578,f4452b45d360c31d145f01d4f37c6e05
14139,1017d85c0aac1e105895a940a3edcc42,b0533b36d073e7b905a5da8878aaa59c,SO45032,3578,BK-R93R-44,1,3578,1401dd6358958d3a2101578467a542f6
14139,eef21e68ecca703bb338920b950f203c,f108e0cd2f96a0c22086f9d45ee08f19,SO60900,769,BK-M38S-42,1,769,b21e833d3ead6056f1265f13fe1ff015
14139,eef21e68ecca703bb338920b950f203c,f108e0cd2f96a0c22086f9d45ee08f19,SO60900,150,LJ-0192-M,3,150,b21e833d3ead6056f1265f13fe1ff015
14140,0d15ba5aa4c9ad0377b26e0cf7a86280,b21e833d3ead6056f1265f13fe1ff015,SO61440,769,BK-M38S-42,1,769,4a70a3ec50fd16032883bf6fc79c55dd
14140,0d15ba5aa4c9ad0377b26e0cf7a86280,b21e833d3ead6056f1265f13fe1ff015,SO61440,150,LJ-0192-S,3,150,4a70a3ec50fd16032883bf6fc79c55dd
14140,1863d57986d1ff09ff1b6e4a7b1cbce6,05e9b1aef79ffc1802e11be68f5d1062,SO44842,3578,BK-R93R-62,1,3578,2650f1a188c472a9efa2a38091dbaa44
14141,79c5eb49b683e206aa6d5b40f84c60eb,9b657dcbee0478c7d9be871266f00f1f,SO47257,2443,BK-R89R-44,1,2443,f459baa887e18a3fb6af0118506f75a6
14141,f46ace11e93788e473124f7be16a19d5,5c741aa8e0753be65314a304e7b39c14,SO62766,769,BK-M38S-38,1,769,4555f65c4664801d78b9f5477f89d8fd
14141,f46ace11e93788e473124f7be16a19d5,5c741aa8e0753be65314a304e7b39c14,SO62766,105,HL-U509-B,3,105,4555f65c4664801d78b9f5477f89d8fd
14141,f46ace11e93788e473124f7be16a19d5,5c741aa8e0753be65314a304e7b39c14,SO62766,30,TI-M602,1,30,4555f65c4664801d78b9f5477f89d8fd
14141,f46ace11e93788e473124f7be16a19d5,5c741aa8e0753be65314a304e7b39c14,SO62766,5,TT-M928,1,5,4555f65c4664801d78b9f5477f89d8fd
14142,8728a5e296f39e49d2fa74c31820e99f,66e56e10b0f528b66a45e307ecdf4774,SO69613,48,GL-H102-M,2,48,3fe686907939d07097f6c87f08025422
14142,8728a5e296f39e49d2fa74c31820e99f,66e56e10b0f528b66a45e307ecdf4774,SO69613,5,TT-T092,1,5,3fe686907939d07097f6c87f08025422
14143,18025e6a8791d350428f65c0783ebd99,3c8e2c51453f4d665f1050da871dead6,SO56091,54,SJ-0194-L,1,54,a9cefc49af6424b430612adfc69876ee
14143,18025e6a8791d350428f65c0783ebd99,3c8e2c51453f4d665f1050da871dead6,SO56091,33,TI-R982,1,33,a9cefc49af6424b430612adfc69876ee
14143,18025e6a8791d350428f65c0783ebd99,3c8e2c51453f4d665f1050da871dead6,SO56091,4,TT-R982,1,4,a9cefc49af6424b430612adfc69876ee
14143,bb858b10001c01aea17b4e635d0662a2,d612b5fb3f6011688fb0c9927693365a,SO74775,9,BC-R205,1,9,2fb09097185e604aaadbfde958fd6262
14143,bb858b10001c01aea17b4e635d0662a2,d612b5fb3f6011688fb0c9927693365a,SO74775,29,TI-T723,1,29,2fb09097185e604aaadbfde958fd6262
14143,bb858b10001c01aea17b4e635d0662a2,d612b5fb3f6011688fb0c9927693365a,SO74775,5,TT-T092,1,5,2fb09097185e604aaadbfde958fd6262
14144,962bae2fb03296a3b9cacabfa929322c,0da2bc000f1fe4ea8746f9aea0bb5879,SO69117,22,FE-6654,1,22,c4369eefdf9bb8a3f9115e96b40aaf17
14144,962bae2fb03296a3b9cacabfa929322c,0da2bc000f1fe4ea8746f9aea0bb5879,SO69117,105,HL-U509-R,3,105,c4369eefdf9bb8a3f9115e96b40aaf17
14145,6be9692276a308e4b872323af1ad8fe2,bee2b842cd357511cf4c8e509f5af192,SO52352,22,FE-6654,1,22,72e75576254db1afef14ecdc050391c2
14145,6be9692276a308e4b872323af1ad8fe2,bee2b842cd357511cf4c8e509f5af192,SO52352,2,PK-7098,1,2,72e75576254db1afef14ecdc050391c2
14146,0a6c721efa4fbe33f8e9e76a63f5b591,01070cf843f2ca45e3d4ec7c02c52551,SO51461,742,BK-T18U-50,1,742,0990769bd233255d308a2f2137e95214
14146,0a6c721efa4fbe33f8e9e76a63f5b591,01070cf843f2ca45e3d4ec7c02c52551,SO51461,105,HL-U509-B,3,105,0990769bd233255d308a2f2137e95214
14146,0a6c721efa4fbe33f8e9e76a63f5b591,01070cf843f2ca45e3d4ec7c02c52551,SO51461,150,LJ-0192-X,3,150,0990769bd233255d308a2f2137e95214
14146,4584ca349e0920f4436a3c2f36158b85,6e32728b966bb91cefefa1316da21ca8,SO68481,10,BC-M005,1,10,ca38f30e56a72f4d0c8d2264322c5862
14146,4584ca349e0920f4436a3c2f36158b85,6e32728b966bb91cefefa1316da21ca8,SO68481,4590,BK-M68B-42,2,4590,ca38f30e56a72f4d0c8d2264322c5862
14146,4584ca349e0920f4436a3c2f36158b85,6e32728b966bb91cefefa1316da21ca8,SO68481,105,HL-U509-R,3,105,ca38f30e56a72f4d0c8d2264322c5862
14146,4584ca349e0920f4436a3c2f36158b85,6e32728b966bb91cefefa1316da21ca8,SO68481,5,WB-H098,1,5,ca38f30e56a72f4d0c8d2264322c5862
14146,c7a16e3564a93e8393da22246748d231,c3aa0c1c9cde5a60eae660ee09a2892b,SO44427,3578,BK-R93R-56,1,3578,ad2d8c85f4c05bcb0bd6f990bd634d72
14147,23bd9a9b90557e9da7babfb8e3d2df22,b210069485754303767745919c328b97,SO63757,769,BK-M38S-38,1,769,a946e75bc65318721cd1e01162d392dd
14147,23bd9a9b90557e9da7babfb8e3d2df22,b210069485754303767745919c328b97,SO63757,150,LJ-0192-L,3,150,a946e75bc65318721cd1e01162d392dd
14147,26bea7aeb1e663560418f8837927a87a,965627dc7fa4e47d5a66206f93683145,SO45250,3578,BK-R93R-62,1,3578,d1a0ae4091e3b6f5d980e57269582a68
14148,4aed0f4e82a51c3f853b8a3df8d808eb,2a4234d94b0d548e524e2871335265f0,SO45509,3578,BK-R93R-62,1,3578,2736db866ea3366c10431df335770c4c
14148,99b7e934795a93975a5e0c0b9b57d9ba,870bd4f3713260418e4f342f31dc7e33,SO63832,769,BK-M38S-40,1,769,7a8e187aeb003f6e34c02a4d5b9b153e
14148,99b7e934795a93975a5e0c0b9b57d9ba,870bd4f3713260418e4f342f31dc7e33,SO63832,27,CA-1098,3,27,7a8e187aeb003f6e34c02a4d5b9b153e
14148,99b7e934795a93975a5e0c0b9b57d9ba,870bd4f3713260418e4f342f31dc7e33,SO63832,150,LJ-0192-S,3,150,7a8e187aeb003f6e34c02a4d5b9b153e
14149,3f0c8308e4e2e5c4ddc1b7e19304f613,61e00b038efd34bdf9c747596273cbcf,SO64801,769,BK-M38S-40,1,769,232e830f1ac667c081eaaca23cdf9b5f
14149,3f0c8308e4e2e5c4ddc1b7e19304f613,61e00b038efd34bdf9c747596273cbcf,SO64801,70,SH-W890-L,1,70,232e830f1ac667c081eaaca23cdf9b5f
14149,61734dbcd0f0370e33200b30508a1282,26bea7aeb1e663560418f8837927a87a,SO45410,3578,BK-R93R-62,1,3578,42abc105a78a8da94e36739d809b5613
14150,16e364d19895243407b256ec272d5394,4004a117f65dfd3221a9cce8fce5a45f,SO67585,4590,BK-M68B-42,2,4590,7acd252f45ad6fe668386456a673d543
14150,16e364d19895243407b256ec272d5394,4004a117f65dfd3221a9cce8fce5a45f,SO67585,55,HY-1023-70,1,55,7acd252f45ad6fe668386456a673d543
14150,8bf3f2187c9d8d382ac1537b53267abc,7c40e129a5bf240aced0b415e4bf9991,SO44368,3578,BK-R93R-56,1,3578,1ec57de0d40386e4f2460c44e1041294
14150,db2b287636ac5ebda430de4f3f643b24,7af7abc5e37d5fa2e2334b4fec2584e2,SO52012,742,BK-T18Y-44,1,742,bee2b842cd357511cf4c8e509f5af192
14150,db2b287636ac5ebda430de4f3f643b24,7af7abc5e37d5fa2e2334b4fec2584e2,SO52012,105,HL-U509,3,105,bee2b842cd357511cf4c8e509f5af192
14151,c507827aa5f4f6bbedf64058461c621b,6d1d8a1c7851eb5a946d45009cea6d9f,SO66464,22,FE-6654,1,22,dfcee565bb2da80a7b76451a5cd314a1
14151,c507827aa5f4f6bbedf64058461c621b,6d1d8a1c7851eb5a946d45009cea6d9f,SO66464,64,VE-C304-M,1,64,dfcee565bb2da80a7b76451a5cd314a1
14152,f46ace11e93788e473124f7be16a19d5,5c741aa8e0753be65314a304e7b39c14,SO62790,22,FE-6654,1,22,4555f65c4664801d78b9f5477f89d8fd
14152,f46ace11e93788e473124f7be16a19d5,5c741aa8e0753be65314a304e7b39c14,SO62790,150,LJ-0192-S,3,150,4555f65c4664801d78b9f5477f89d8fd
14153,0814775cfc25da756a9b4197347ab771,d76e0ba1fa041675ae9af958c5b41ae4,SO57820,27,CA-1098,3,27,de22d232bbe84481579f6252f1e7091d
14153,0814775cfc25da756a9b4197347ab771,d76e0ba1fa041675ae9af958c5b41ae4,SO57820,105,HL-U509,3,105,de22d232bbe84481579f6252f1e7091d
14153,0814775cfc25da756a9b4197347ab771,d76e0ba1fa041675ae9af958c5b41ae4,SO57820,5,TT-T092,1,5,de22d232bbe84481579f6252f1e7091d
14154,ad9d849aa74e54742c555c19900c6f1e,93292bf41ccb6542d121825f25cbf70b,SO47317,4364,BK-R89B-58,2,4364,ee76080374845c1990834952499ba763
14154,b68fd63ca41d49bfc1b18251202c053f,d4746e41b619da57ee9f1a2e2cc254e8,SO64863,10,BC-M005,1,10,c87874400b9f907bdf9ea37d75a4b341
14154,b68fd63ca41d49bfc1b18251202c053f,d4746e41b619da57ee9f1a2e2cc254e8,SO64863,769,BK-M38S-42,1,769,c87874400b9f907bdf9ea37d75a4b341
14154,b68fd63ca41d49bfc1b18251202c053f,d4746e41b619da57ee9f1a2e2cc254e8,SO64863,22,FE-6654,1,22,c87874400b9f907bdf9ea37d75a4b341
14154,b68fd63ca41d49bfc1b18251202c053f,d4746e41b619da57ee9f1a2e2cc254e8,SO64863,30,TI-M602,1,30,c87874400b9f907bdf9ea37d75a4b341
14154,b68fd63ca41d49bfc1b18251202c053f,d4746e41b619da57ee9f1a2e2cc254e8,SO64863,5,TT-M928,1,5,c87874400b9f907bdf9ea37d75a4b341
14155,691ad1b0dca3643b923973defd014d47,6dd75c28a9a8a39e02bc0a175f82a9f3,SO67778,4590,BK-M68B-38,2,4590,9f1ff00ea8fd9fd8f2d421ba5ec45a18
14155,691ad1b0dca3643b923973defd014d47,6dd75c28a9a8a39e02bc0a175f82a9f3,SO67778,120,RA-H123,1,120,9f1ff00ea8fd9fd8f2d421ba5ec45a18
14155,835541a7e1c5fe9f0e2f6dd4fa1b8864,113b93979b7148e51e98bd22c3ff290e,SO44462,3578,BK-R93R-44,1,3578,26614863fc843ef78880895407be81a2
14156,49fce086a31f1cfcf16b54e462f7cbc0,99c8f306659fd98cbb9d7f03ec0c2a7a,SO70784,159,ST-1401,1,159,e84848120190a8d0e696fbeb15647a74
14156,49fce086a31f1cfcf16b54e462f7cbc0,99c8f306659fd98cbb9d7f03ec0c2a7a,SO70784,33,TI-R982,1,33,e84848120190a8d0e696fbeb15647a74
14156,49fce086a31f1cfcf16b54e462f7cbc0,99c8f306659fd98cbb9d7f03ec0c2a7a,SO70784,4,TT-R982,1,4,e84848120190a8d0e696fbeb15647a74
14156,f04e53711455521533f4c5ed7dcaa287,5e9b4970006d8f02ba0bc1763fa8b9a6,SO52552,29,TI-T723,1,29,f799d104dd23bb828dcdaaefc4d25b61
14156,f04e53711455521533f4c5ed7dcaa287,5e9b4970006d8f02ba0bc1763fa8b9a6,SO52552,5,TT-T092,1,5,f799d104dd23bb828dcdaaefc4d25b61
14157,21a8a8728571572bbc42a5a3bdaf9f1c,91b7ffe240ad23db6408cd1d19015686,SO44374,3578,BK-R93R-62,1,3578,89426de0285546a41a891a5ec5aae6ae
14157,d6ab5a0eee939524352092b964d92b84,106dfbaf552c07a1b08d065f2c343982,SO55221,742,BK-T18Y-62,1,742,3c4bf68562424c26986beae6ce13704a
14157,d6ab5a0eee939524352092b964d92b84,106dfbaf552c07a1b08d065f2c343982,SO55221,105,HL-U509,3,105,3c4bf68562424c26986beae6ce13704a
14157,fff3c307c93eda1eb91d53ca588846fe,4584ca349e0920f4436a3c2f36158b85,SO69320,4590,BK-M68B-38,2,4590,70951886788165a5e2439adfce4d0cce
14158,b9178f906541b173529de99dd13c0e85,6f876727a6ca9c8f7a1e0ab845d1df49,SO44360,3578,BK-R93R-44,1,3578,c886ecef680be79a8fb0e1da7d50af4b
14158,c4369eefdf9bb8a3f9115e96b40aaf17,b34050290c25b0f7b52a2b8f767df87d,SO68748,10,BC-M005,1,10,c135545cc3f3a739132ffdbc8096f3d4
14158,c4369eefdf9bb8a3f9115e96b40aaf17,b34050290c25b0f7b52a2b8f767df87d,SO68748,4640,BK-M68S-38,2,4640,c135545cc3f3a739132ffdbc8096f3d4
14158,c4369eefdf9bb8a3f9115e96b40aaf17,b34050290c25b0f7b52a2b8f767df87d,SO68748,64,VE-C304-L,1,64,c135545cc3f3a739132ffdbc8096f3d4
14158,c4369eefdf9bb8a3f9115e96b40aaf17,b34050290c25b0f7b52a2b8f767df87d,SO68748,5,WB-H098,1,5,c135545cc3f3a739132ffdbc8096f3d4
14159,0da2bc000f1fe4ea8746f9aea0bb5879,702a02712215141594ddf8e52b0a651c,SO68281,4590,BK-M68B-38,2,4590,b34050290c25b0f7b52a2b8f767df87d
14159,0da2bc000f1fe4ea8746f9aea0bb5879,702a02712215141594ddf8e52b0a651c,SO68281,22,FE-6654,1,22,b34050290c25b0f7b52a2b8f767df87d
14159,0da2bc000f1fe4ea8746f9aea0bb5879,702a02712215141594ddf8e52b0a651c,SO68281,105,HL-U509-R,3,105,b34050290c25b0f7b52a2b8f767df87d
14159,c3aa0c1c9cde5a60eae660ee09a2892b,556c3334adfb28b12965c8974489bdcd,SO44348,3578,BK-R93R-52,1,3578,b63003b792fb0099f3c299464a2cb4bd
14160,63efdd3324df66c9965bd622cdebe06a,7acd252f45ad6fe668386456a673d543,SO68083,540,BK-R19B-48,1,540,6e32728b966bb91cefefa1316da21ca8
14160,63efdd3324df66c9965bd622cdebe06a,7acd252f45ad6fe668386456a673d543,SO68083,159,ST-1401,1,159,6e32728b966bb91cefefa1316da21ca8
14160,63efdd3324df66c9965bd622cdebe06a,7acd252f45ad6fe668386456a673d543,SO68083,21,TI-R092,1,21,6e32728b966bb91cefefa1316da21ca8
14160,63efdd3324df66c9965bd622cdebe06a,7acd252f45ad6fe668386456a673d543,SO68083,4,TT-R982,1,4,6e32728b966bb91cefefa1316da21ca8
14160,7254e54716fe52361e62aa16ea2e0797,6eaadc1181f307997dc853d9ed40db36,SO59410,4640,BK-M68S-46,2,4640,e7df1b3ee078bdcfc260a877f321287d
14160,7254e54716fe52361e62aa16ea2e0797,6eaadc1181f307997dc853d9ed40db36,SO59410,22,FE-6654,1,22,e7df1b3ee078bdcfc260a877f321287d
14160,7254e54716fe52361e62aa16ea2e0797,6eaadc1181f307997dc853d9ed40db36,SO59410,105,HL-U509-B,3,105,e7df1b3ee078bdcfc260a877f321287d
14160,bf88ef1a27a7c08ac5123685d7229944,61734dbcd0f0370e33200b30508a1282,SO45477,3578,BK-R93R-52,1,3578,202be13b3d9b1d0ed9abbfdb2f26a9a4
14161,17b5405b2f84fb3c49c98faa3667396c,593d65a6acc20f05e8f0ed19632bf61e,SO45364,3578,BK-R93R-44,1,3578,26bea7aeb1e663560418f8837927a87a
14161,412998e77ee121227580e3d363f75fa2,df595e3c678d4fae23ce174fe747165e,SO59838,10,BC-M005,1,10,254d832c83ccdb2c33eab65a4fd196ff
14161,412998e77ee121227580e3d363f75fa2,df595e3c678d4fae23ce174fe747165e,SO59838,4640,BK-M68S-38,2,4640,254d832c83ccdb2c33eab65a4fd196ff
14161,412998e77ee121227580e3d363f75fa2,df595e3c678d4fae23ce174fe747165e,SO59838,27,CA-1098,3,27,254d832c83ccdb2c33eab65a4fd196ff
14161,412998e77ee121227580e3d363f75fa2,df595e3c678d4fae23ce174fe747165e,SO59838,105,HL-U509,3,105,254d832c83ccdb2c33eab65a4fd196ff
14161,412998e77ee121227580e3d363f75fa2,df595e3c678d4fae23ce174fe747165e,SO59838,5,WB-H098,1,5,254d832c83ccdb2c33eab65a4fd196ff
14161,b95a9f47dd73bb9b799a31ae04ee7da1,175a5d217fad85df9f6639d7ced1e5d9,SO70009,540,BK-R19B-52,1,540,8728a5e296f39e49d2fa74c31820e99f
14162,43e2cc7ff261723f93f64f3f7e9faa8d,a6f2945baeceeef4c8d541a22f6e99e9,SO73496,9,BC-R205,1,9,88077cf01a3e17831c2d0bcca5897c5b
14162,43e2cc7ff261723f93f64f3f7e9faa8d,a6f2945baeceeef4c8d541a22f6e99e9,SO73496,540,BK-R19B-52,1,540,88077cf01a3e17831c2d0bcca5897c5b
14162,43e2cc7ff261723f93f64f3f7e9faa8d,a6f2945baeceeef4c8d541a22f6e99e9,SO73496,5,WB-H098,1,5,88077cf01a3e17831c2d0bcca5897c5b
14162,8e161c35e5af5e9caaca6b537330fb0e,95f5058cb388519abd9105f555ae7591,SO45400,3578,BK-R93R-52,1,3578,3eb2a52c6c6787843bc1ac7f25a034a0
14162,c660dc308b247ce08aeecd155306bae0,e7df1b3ee078bdcfc260a877f321287d,SO59906,4590,BK-M68B-38,2,4590,9a95fdf4e925d9cbd65f87b5aa4ac212
14162,c660dc308b247ce08aeecd155306bae0,e7df1b3ee078bdcfc260a877f321287d,SO59906,22,FE-6654,1,22,9a95fdf4e925d9cbd65f87b5aa4ac212
14162,c660dc308b247ce08aeecd155306bae0,e7df1b3ee078bdcfc260a877f321287d,SO59906,48,GL-H102-L,2,48,9a95fdf4e925d9cbd65f87b5aa4ac212
14163,412998e77ee121227580e3d363f75fa2,df595e3c678d4fae23ce174fe747165e,SO59835,10,BC-M005,1,10,254d832c83ccdb2c33eab65a4fd196ff
14163,412998e77ee121227580e3d363f75fa2,df595e3c678d4fae23ce174fe747165e,SO59835,4590,BK-M68B-38,2,4590,254d832c83ccdb2c33eab65a4fd196ff
14163,8920fd63645007b243abb750709b1172,58c4ce5b9433e7b6d41793d5a76d5590,SO72354,540,BK-R19B-52,1,540,0d3057f268050d468f468434f8ec809a
14163,8920fd63645007b243abb750709b1172,58c4ce5b9433e7b6d41793d5a76d5590,SO72354,2,PK-7098,1,2,0d3057f268050d468f468434f8ec809a
14163,8920fd63645007b243abb750709b1172,58c4ce5b9433e7b6d41793d5a76d5590,SO72354,120,RA-H123,1,120,0d3057f268050d468f468434f8ec809a
14163,8920fd63645007b243abb750709b1172,58c4ce5b9433e7b6d41793d5a76d5590,SO72354,21,TI-R092,1,21,0d3057f268050d468f468434f8ec809a
14163,d3f5e9e78b4eff50303cc34a8bd9fa20,aaa07e52f0e1bae006632f510c91ec56,SO45455,3578,BK-R93R-62,1,3578,29f704a15c85c5c5a8ad8422095ae44c
14164,12f7b41c44093026f4726315fac19fd6,e2bf301e1756834cb191a4103f0de32a,SO45426,3578,BK-R93R-48,1,3578,cd59b1822cd84a7b984662e762bba828
14164,7254e54716fe52361e62aa16ea2e0797,6eaadc1181f307997dc853d9ed40db36,SO59407,10,BC-M005,1,10,e7df1b3ee078bdcfc260a877f321287d
14164,7254e54716fe52361e62aa16ea2e0797,6eaadc1181f307997dc853d9ed40db36,SO59407,4590,BK-M68B-38,2,4590,e7df1b3ee078bdcfc260a877f321287d
14164,7254e54716fe52361e62aa16ea2e0797,6eaadc1181f307997dc853d9ed40db36,SO59407,105,HL-U509,3,105,e7df1b3ee078bdcfc260a877f321287d
14164,7254e54716fe52361e62aa16ea2e0797,6eaadc1181f307997dc853d9ed40db36,SO59407,5,WB-H098,1,5,e7df1b3ee078bdcfc260a877f321287d
14164,b2ce0ef2540789e8a6976165b6c917d8,128ee9ff420de424a605a0ee4a6f7916,SO72434,540,BK-R19B-58,1,540,dcf73f840a50da0145f24e8e0169dc4b
14164,b2ce0ef2540789e8a6976165b6c917d8,128ee9ff420de424a605a0ee4a6f7916,SO72434,21,TI-R092,1,21,dcf73f840a50da0145f24e8e0169dc4b
14165,98010f4b6ef5a04106992af082c7d0fa,b9178f906541b173529de99dd13c0e85,SO44432,3578,BK-R93R-56,1,3578,447938c634f27c1dc1ecfaab9a779b5b
14165,b34050290c25b0f7b52a2b8f767df87d,caa707f97407c07371136aaf471a91d4,SO67976,4590,BK-M68B-42,2,4590,36ab6f1df21f3c9a169c8942e981959a
14165,b34050290c25b0f7b52a2b8f767df87d,caa707f97407c07371136aaf471a91d4,SO67976,2,PK-7098,1,2,36ab6f1df21f3c9a169c8942e981959a
14165,b34050290c25b0f7b52a2b8f767df87d,caa707f97407c07371136aaf471a91d4,SO67976,35,TI-M823,1,35,36ab6f1df21f3c9a169c8942e981959a
14166,c375f33d72ca7161f341c2726e82d67a,9f79f7706bc6a7654ef0b8977966f69a,SO52749,22,FE-6654,1,22,0dc34ca2aaa8612cde077f1880b78b25
14166,c375f33d72ca7161f341c2726e82d67a,9f79f7706bc6a7654ef0b8977966f69a,SO52749,150,LJ-0192-X,3,150,0dc34ca2aaa8612cde077f1880b78b25
14167,23bd9a9b90557e9da7babfb8e3d2df22,b210069485754303767745919c328b97,SO63767,769,BK-M38S-46,1,769,a946e75bc65318721cd1e01162d392dd
14167,23bd9a9b90557e9da7babfb8e3d2df22,b210069485754303767745919c328b97,SO63767,27,CA-1098,3,27,a946e75bc65318721cd1e01162d392dd
14167,23bd9a9b90557e9da7babfb8e3d2df22,b210069485754303767745919c328b97,SO63767,150,LJ-0192-S,3,150,a946e75bc65318721cd1e01162d392dd
14167,29f704a15c85c5c5a8ad8422095ae44c,fa2c117fbfa874ac1c732417d5be02d3,SO45432,3578,BK-R93R-48,1,3578,ba48ddec21a526f8db67c8e96a4051bc
14168,77a2a0387f57f7477e6ad3b5f0bb3093,6cf9e035d2f1d8ffe1b9f2f96a9e7a3a,SO75019,10,BC-M005,1,10,5728955fc583cbfd901d0ba25cb20f92
14168,77a2a0387f57f7477e6ad3b5f0bb3093,6cf9e035d2f1d8ffe1b9f2f96a9e7a3a,SO75019,22,FE-6654,1,22,5728955fc583cbfd901d0ba25cb20f92
14168,77a2a0387f57f7477e6ad3b5f0bb3093,6cf9e035d2f1d8ffe1b9f2f96a9e7a3a,SO75019,105,HL-U509-R,3,105,5728955fc583cbfd901d0ba25cb20f92
14168,77a2a0387f57f7477e6ad3b5f0bb3093,6cf9e035d2f1d8ffe1b9f2f96a9e7a3a,SO75019,5,WB-H098,1,5,5728955fc583cbfd901d0ba25cb20f92
14169,232e830f1ac667c081eaaca23cdf9b5f,4b5c3229e0725ef8d303f494db9faec8,SO64467,769,BK-M38S-40,1,769,abe94c2111c58e9c9672602d41bce66e
14169,232e830f1ac667c081eaaca23cdf9b5f,4b5c3229e0725ef8d303f494db9faec8,SO64467,150,LJ-0192-L,3,150,abe94c2111c58e9c9672602d41bce66e
14169,93292bf41ccb6542d121825f25cbf70b,84fa845331bd2bc65a54c460e17483e0,SO47198,2443,BK-R89R-52,1,2443,402c87e1893d53d9506b00bc7914b980
14170,0149f124a48640c62d90840ac5760331,4555f65c4664801d78b9f5477f89d8fd,SO63368,769,BK-M38S-46,1,769,870bd4f3713260418e4f342f31dc7e33
14170,0149f124a48640c62d90840ac5760331,4555f65c4664801d78b9f5477f89d8fd,SO63368,70,SH-W890-S,1,70,870bd4f3713260418e4f342f31dc7e33
14170,0149f124a48640c62d90840ac5760331,4555f65c4664801d78b9f5477f89d8fd,SO63368,9,SO-R809-L,1,9,870bd4f3713260418e4f342f31dc7e33
14170,0fdc213a5f9c4a355f1240ee1160acdb,6e1ea8c2b90f9655373e732ea4445676,SO47497,2443,BK-R89R-52,1,2443,5206c46d068e66a8c5511d764ec58206
14171,aa14ddbc43aa2d3be1e6ac019bb7b5bc,dcf73f840a50da0145f24e8e0169dc4b,SO72948,9,BC-R205,1,9,a6f2945baeceeef4c8d541a22f6e99e9
14171,aa14ddbc43aa2d3be1e6ac019bb7b5bc,dcf73f840a50da0145f24e8e0169dc4b,SO72948,540,BK-R19B-58,1,540,a6f2945baeceeef4c8d541a22f6e99e9
14171,aa14ddbc43aa2d3be1e6ac019bb7b5bc,dcf73f840a50da0145f24e8e0169dc4b,SO72948,105,HL-U509-B,3,105,a6f2945baeceeef4c8d541a22f6e99e9
14171,aa14ddbc43aa2d3be1e6ac019bb7b5bc,dcf73f840a50da0145f24e8e0169dc4b,SO72948,150,LJ-0192-S,3,150,a6f2945baeceeef4c8d541a22f6e99e9
14171,aa14ddbc43aa2d3be1e6ac019bb7b5bc,dcf73f840a50da0145f24e8e0169dc4b,SO72948,5,WB-H098,1,5,a6f2945baeceeef4c8d541a22f6e99e9
14171,cd59b1822cd84a7b984662e762bba828,276d128fe3aa57f2302ada8154e97cc2,SO45393,3578,BK-R93R-48,1,3578,c55f055d5165a30d442dcecdc9275b95
14171,f108e0cd2f96a0c22086f9d45ee08f19,ad0b7f5ad35732646f1e5f67418d5995,SO60123,4590,BK-M68B-38,2,4590,7983129d9883ebc3b9dce3311996b001
14171,f108e0cd2f96a0c22086f9d45ee08f19,ad0b7f5ad35732646f1e5f67418d5995,SO60123,35,TI-M823,1,35,7983129d9883ebc3b9dce3311996b001
14171,f108e0cd2f96a0c22086f9d45ee08f19,ad0b7f5ad35732646f1e5f67418d5995,SO60123,5,TT-M928,1,5,7983129d9883ebc3b9dce3311996b001
14171,f108e0cd2f96a0c22086f9d45ee08f19,ad0b7f5ad35732646f1e5f67418d5995,SO60123,64,VE-C304-S,1,64,7983129d9883ebc3b9dce3311996b001
14172,5691ac18f59a9af20f9d8703772afbba,d8a4ea0dc4237ee8690ee37b3902fd0e,SO55947,2,PK-7098,1,2,bc761b2b7297029a695fbd6dd0470724
14172,5691ac18f59a9af20f9d8703772afbba,d8a4ea0dc4237ee8690ee37b3902fd0e,SO55947,29,TI-T723,1,29,bc761b2b7297029a695fbd6dd0470724
14172,5691ac18f59a9af20f9d8703772afbba,d8a4ea0dc4237ee8690ee37b3902fd0e,SO55947,5,TT-T092,1,5,bc761b2b7297029a695fbd6dd0470724
14172,f88b3743a9ce1f9455b6de69380b486a,64cadfde6f66bc25043d0d69f5ae5471,SO66612,10,BC-M005,1,10,3dc63b2d6dcc8f0b6720b06b5439a0b1
14172,f88b3743a9ce1f9455b6de69380b486a,64cadfde6f66bc25043d0d69f5ae5471,SO66612,48,GL-H102-M,2,48,3dc63b2d6dcc8f0b6720b06b5439a0b1
14172,f88b3743a9ce1f9455b6de69380b486a,64cadfde6f66bc25043d0d69f5ae5471,SO66612,5,WB-H098,1,5,3dc63b2d6dcc8f0b6720b06b5439a0b1
14173,478ecc8cdaa127c33884d9f6c72c2cd5,3fbd0407b55d3a3da21388a2ddbf881c,SO58612,2,PK-7098,1,2,174acf6ca4e9804d47a59a499422e621
14173,478ecc8cdaa127c33884d9f6c72c2cd5,3fbd0407b55d3a3da21388a2ddbf881c,SO58612,33,TI-R982,1,33,174acf6ca4e9804d47a59a499422e621
14173,478ecc8cdaa127c33884d9f6c72c2cd5,3fbd0407b55d3a3da21388a2ddbf881c,SO58612,4,TT-R982,1,4,174acf6ca4e9804d47a59a499422e621
14174,f476906875bc5d9abe836b4ea1f485c1,f04e53711455521533f4c5ed7dcaa287,SO53159,2,PK-7098,1,2,15aceb75d86814cb479f1b1a9487c3d4
14174,f476906875bc5d9abe836b4ea1f485c1,f04e53711455521533f4c5ed7dcaa287,SO53159,33,TI-R982,1,33,15aceb75d86814cb479f1b1a9487c3d4
14174,f476906875bc5d9abe836b4ea1f485c1,f04e53711455521533f4c5ed7dcaa287,SO53159,4,TT-R982,1,4,15aceb75d86814cb479f1b1a9487c3d4
14175,58f0b42da53adeeccbfa693883fea672,8c9ec1be720ee75d56d0c250d10610fa,SO64419,10,BC-M005,1,10,d4746e41b619da57ee9f1a2e2cc254e8
14175,58f0b42da53adeeccbfa693883fea672,8c9ec1be720ee75d56d0c250d10610fa,SO64419,27,CA-1098,3,27,d4746e41b619da57ee9f1a2e2cc254e8
14175,58f0b42da53adeeccbfa693883fea672,8c9ec1be720ee75d56d0c250d10610fa,SO64419,105,HL-U509-B,3,105,d4746e41b619da57ee9f1a2e2cc254e8
14175,58f0b42da53adeeccbfa693883fea672,8c9ec1be720ee75d56d0c250d10610fa,SO64419,55,HY-1023-70,1,55,d4746e41b619da57ee9f1a2e2cc254e8
14175,6cf9e035d2f1d8ffe1b9f2f96a9e7a3a,982b3b4109cce5d4e5bf1fcbe0ae259b,SO74646,2,PK-7098,1,2,db10519e66d9a7b809b91935ad1a696d
14175,6cf9e035d2f1d8ffe1b9f2f96a9e7a3a,982b3b4109cce5d4e5bf1fcbe0ae259b,SO74646,29,TI-T723,1,29,db10519e66d9a7b809b91935ad1a696d
14175,6cf9e035d2f1d8ffe1b9f2f96a9e7a3a,982b3b4109cce5d4e5bf1fcbe0ae259b,SO74646,5,TT-T092,1,5,db10519e66d9a7b809b91935ad1a696d
14176,412998e77ee121227580e3d363f75fa2,df595e3c678d4fae23ce174fe747165e,SO59857,105,HL-U509-R,3,105,254d832c83ccdb2c33eab65a4fd196ff
14176,412998e77ee121227580e3d363f75fa2,df595e3c678d4fae23ce174fe747165e,SO59857,150,LJ-0192-M,3,150,254d832c83ccdb2c33eab65a4fd196ff
14176,412998e77ee121227580e3d363f75fa2,df595e3c678d4fae23ce174fe747165e,SO59857,33,TI-R982,1,33,254d832c83ccdb2c33eab65a4fd196ff
14176,412998e77ee121227580e3d363f75fa2,df595e3c678d4fae23ce174fe747165e,SO59857,4,TT-R982,1,4,254d832c83ccdb2c33eab65a4fd196ff
14177,41ef6b06b63ba4f6a5234245a439b157,c4c454d69a39e60a6f5cf2f97148adad,SO72610,8,CL-9009,1,8,545a3d56d20b22e09aa85bfa5ed8738d
14177,41ef6b06b63ba4f6a5234245a439b157,c4c454d69a39e60a6f5cf2f97148adad,SO72610,2,PK-7098,1,2,545a3d56d20b22e09aa85bfa5ed8738d
14177,41ef6b06b63ba4f6a5234245a439b157,c4c454d69a39e60a6f5cf2f97148adad,SO72610,33,TI-R982,1,33,545a3d56d20b22e09aa85bfa5ed8738d
14177,41ef6b06b63ba4f6a5234245a439b157,c4c454d69a39e60a6f5cf2f97148adad,SO72610,4,TT-R982,1,4,545a3d56d20b22e09aa85bfa5ed8738d
14178,921bc92a493b53f98f24e6a8a12801be,17520f5649fab40fb66771362888cb90,SO71447,150,LJ-0192-L,3,150,6a8d7e42bb852c45fbf8610361d391a0
14178,921bc92a493b53f98f24e6a8a12801be,17520f5649fab40fb66771362888cb90,SO71447,33,TI-R982,1,33,6a8d7e42bb852c45fbf8610361d391a0
14178,921bc92a493b53f98f24e6a8a12801be,17520f5649fab40fb66771362888cb90,SO71447,4,TT-R982,1,4,6a8d7e42bb852c45fbf8610361d391a0
14179,56e52500a7f5ab963646137a401683cd,df09a3a727ac0f29208c5ef3bf7625e6,SO74676,105,HL-U509,3,105,13b7c2277967bc61802018c764b5b2a0
14179,56e52500a7f5ab963646137a401683cd,df09a3a727ac0f29208c5ef3bf7625e6,SO74676,33,TI-R982,1,33,13b7c2277967bc61802018c764b5b2a0
14179,56e52500a7f5ab963646137a401683cd,df09a3a727ac0f29208c5ef3bf7625e6,SO74676,4,TT-R982,1,4,13b7c2277967bc61802018c764b5b2a0
14180,5e1b952a22eccca86f7f056a9efb42a4,a8ef76a01442567fb64eb6f4408a9835,SO57720,33,TI-R982,1,33,40883861f6e25a2e09e848a7891f4f38
14181,0b80ce5eab877cae9997209e0bee6e60,a7cb0a760406e2013c8442a429fed0ae,SO51687,2384,BK-T79U-54,1,2384,70ad7386c1fe794c57fa3908ff22435d
14181,0b80ce5eab877cae9997209e0bee6e60,a7cb0a760406e2013c8442a429fed0ae,SO51687,27,CA-1098,3,27,70ad7386c1fe794c57fa3908ff22435d
14181,0b80ce5eab877cae9997209e0bee6e60,a7cb0a760406e2013c8442a429fed0ae,SO51687,105,HL-U509-R,3,105,70ad7386c1fe794c57fa3908ff22435d
14181,4a70a3ec50fd16032883bf6fc79c55dd,4804ee33768b143d9706052696f7dfbd,SO61035,4640,BK-M68S-42,2,4640,e0bcd0ff3072dfe15609d6be1529b0b8
14181,ee7b4e75b13596004256c5044792aa3c,9e1ca98ed14275c163df7ca9189e23a7,SO45483,3578,BK-R93R-56,1,3578,d3f5e9e78b4eff50303cc34a8bd9fa20
14182,e2f0a420a4c1a9e8e292761f835e0489,4eec6eda382b9c44e240ad4b4b5e9cc0,SO65589,33,TI-R982,1,33,9d934f91c460e9947414d00048f2fa36
14183,21a8a8728571572bbc42a5a3bdaf9f1c,91b7ffe240ad23db6408cd1d19015686,SO44375,3578,BK-R93R-62,1,3578,89426de0285546a41a891a5ec5aae6ae
14183,870bd4f3713260418e4f342f31dc7e33,94c60e0b5e2b0f78b919a5d4c67d70a2,SO62927,2384,BK-T79U-54,1,2384,2fe1a028f9398deb2efcd536c8246fae
14183,870bd4f3713260418e4f342f31dc7e33,94c60e0b5e2b0f78b919a5d4c67d70a2,SO62927,9,SO-R809-M,1,9,2fe1a028f9398deb2efcd536c8246fae
14183,af1457846a79173ef71dd9d5dd69805a,254d832c83ccdb2c33eab65a4fd196ff,SO60320,4590,BK-M68B-46,2,4590,ce08c22f7777768ce4197eab9727516c
14183,af1457846a79173ef71dd9d5dd69805a,254d832c83ccdb2c33eab65a4fd196ff,SO60320,55,HY-1023-70,1,55,ce08c22f7777768ce4197eab9727516c
14184,ba19c22033aaecc6c5dad47f63e5858c,8dd08d219271ec96c543f486de430703,SO63039,10,BC-M005,1,10,16918840d98f27ce45948fe73dd5592f
14184,ba19c22033aaecc6c5dad47f63e5858c,8dd08d219271ec96c543f486de430703,SO63039,54,SJ-0194-M,1,54,16918840d98f27ce45948fe73dd5592f
14184,ba19c22033aaecc6c5dad47f63e5858c,8dd08d219271ec96c543f486de430703,SO63039,5,WB-H098,1,5,16918840d98f27ce45948fe73dd5592f
14184,bc761b2b7297029a695fbd6dd0470724,fef3080ec197edd1a04bb18afd31d16d,SO55650,2,PK-7098,1,2,9b6872ca1d80024637e967d1066bba0a
14184,bc761b2b7297029a695fbd6dd0470724,fef3080ec197edd1a04bb18afd31d16d,SO55650,29,TI-T723,1,29,9b6872ca1d80024637e967d1066bba0a
14184,bc761b2b7297029a695fbd6dd0470724,fef3080ec197edd1a04bb18afd31d16d,SO55650,5,TT-T092,1,5,9b6872ca1d80024637e967d1066bba0a
14185,4ddc8821c34bceaf3dba4a18741acca3,af1457846a79173ef71dd9d5dd69805a,SO61095,10,BC-M005,1,10,2d6e054ac82934d489c58cc8399a1628
14185,4ddc8821c34bceaf3dba4a18741acca3,af1457846a79173ef71dd9d5dd69805a,SO61095,4590,BK-M68B-42,2,4590,2d6e054ac82934d489c58cc8399a1628
14185,4ddc8821c34bceaf3dba4a18741acca3,af1457846a79173ef71dd9d5dd69805a,SO61095,105,HL-U509,3,105,2d6e054ac82934d489c58cc8399a1628
14185,4ddc8821c34bceaf3dba4a18741acca3,af1457846a79173ef71dd9d5dd69805a,SO61095,5,WB-H098,1,5,2d6e054ac82934d489c58cc8399a1628
14185,81a5d08c6beaeec9e42baae5d63dd780,95103530881768b5cfc7e33970db9cd7,SO63298,4886,BK-R89B-44,2,4886,b210069485754303767745919c328b97
14185,81a5d08c6beaeec9e42baae5d63dd780,95103530881768b5cfc7e33970db9cd7,SO63298,33,TI-R982,1,33,b210069485754303767745919c328b97
14185,81a5d08c6beaeec9e42baae5d63dd780,95103530881768b5cfc7e33970db9cd7,SO63298,4,TT-R982,1,4,b210069485754303767745919c328b97
14185,81a5d08c6beaeec9e42baae5d63dd780,95103530881768b5cfc7e33970db9cd7,SO63298,64,VE-C304-M,1,64,b210069485754303767745919c328b97
14185,9712d7a71de3e6d17935b90960bdaceb,8b2c1dc879653ef0a877850ef4a01f47,SO47571,4364,BK-R89B-52,2,4364,e03ae3b5ab9ed92e9fc903c440c40118
14185,d945ec2aae74dbfb829453026b91c235,348f48807f500aeac729fb17d9bc97f1,SO61366,9,BC-R205,1,9,eef21e68ecca703bb338920b950f203c
14185,d945ec2aae74dbfb829453026b91c235,348f48807f500aeac729fb17d9bc97f1,SO61366,2384,BK-T79Y-60,1,2384,eef21e68ecca703bb338920b950f203c
14185,d945ec2aae74dbfb829453026b91c235,348f48807f500aeac729fb17d9bc97f1,SO61366,55,HY-1023-70,1,55,eef21e68ecca703bb338920b950f203c
14185,d945ec2aae74dbfb829453026b91c235,348f48807f500aeac729fb17d9bc97f1,SO61366,5,WB-H098,1,5,eef21e68ecca703bb338920b950f203c
14186,af1457846a79173ef71dd9d5dd69805a,254d832c83ccdb2c33eab65a4fd196ff,SO60321,4640,BK-M68S-38,2,4640,ce08c22f7777768ce4197eab9727516c
14186,af1457846a79173ef71dd9d5dd69805a,254d832c83ccdb2c33eab65a4fd196ff,SO60321,120,RA-H123,1,120,ce08c22f7777768ce4197eab9727516c
14186,b210069485754303767745919c328b97,305c66634c155cab2b5cc3ce00351eb1,SO62871,9,BC-R205,1,9,5efefff01843f5aa3f7d8a4d44b4bf2e
14186,b210069485754303767745919c328b97,305c66634c155cab2b5cc3ce00351eb1,SO62871,2384,BK-T79Y-50,1,2384,5efefff01843f5aa3f7d8a4d44b4bf2e
14186,b210069485754303767745919c328b97,305c66634c155cab2b5cc3ce00351eb1,SO62871,105,HL-U509-B,3,105,5efefff01843f5aa3f7d8a4d44b4bf2e
14186,b210069485754303767745919c328b97,305c66634c155cab2b5cc3ce00351eb1,SO62871,5,WB-H098,1,5,5efefff01843f5aa3f7d8a4d44b4bf2e
14186,d4746e41b619da57ee9f1a2e2cc254e8,81a5d08c6beaeec9e42baae5d63dd780,SO64068,4886,BK-R89B-52,2,4886,23bd9a9b90557e9da7babfb8e3d2df22
14186,d4746e41b619da57ee9f1a2e2cc254e8,81a5d08c6beaeec9e42baae5d63dd780,SO64068,33,TI-R982,1,33,23bd9a9b90557e9da7babfb8e3d2df22
14186,d4746e41b619da57ee9f1a2e2cc254e8,81a5d08c6beaeec9e42baae5d63dd780,SO64068,4,TT-R982,1,4,23bd9a9b90557e9da7babfb8e3d2df22
14186,feac3e52d8032301cde96120a3dfe0d4,0810498037ca8f9a53af3803ab6317c8,SO47595,2443,BK-R89R-48,1,2443,85f14990e454433586410bd10a64d585
14187,a6f2945baeceeef4c8d541a22f6e99e9,d5985f40495ba672dff8a99620b879c8,SO72537,33,TI-R982,1,33,95a2a9aefc393f8630e934768cacf4cd
14187,a6f2945baeceeef4c8d541a22f6e99e9,d5985f40495ba672dff8a99620b879c8,SO72537,4,TT-R982,1,4,95a2a9aefc393f8630e934768cacf4cd
14188,4555f65c4664801d78b9f5477f89d8fd,7ee641303ef8d8b10d0ed00a060c73cc,SO62499,33,TI-R982,1,33,94c60e0b5e2b0f78b919a5d4c67d70a2
14189,412998e77ee121227580e3d363f75fa2,df595e3c678d4fae23ce174fe747165e,SO59834,4640,BK-M68S-46,2,4640,254d832c83ccdb2c33eab65a4fd196ff
14189,4500e4039ea772ebac51a9263a2eda7f,3eb2a52c6c6787843bc1ac7f25a034a0,SO45449,3578,BK-R93R-62,1,3578,9e1ca98ed14275c163df7ca9189e23a7
14189,bee2b842cd357511cf4c8e509f5af192,5dddb266d8c26eece51489fe90c9f47d,SO51658,2384,BK-T79Y-60,1,2384,20b851db79828c985958154243411278
14189,bee2b842cd357511cf4c8e509f5af192,5dddb266d8c26eece51489fe90c9f47d,SO51658,105,HL-U509,3,105,20b851db79828c985958154243411278
14190,db2f6a564b6f5f41253c68874b50962b,76918877cf6ce7011018cd9708723392,SO62262,33,TI-R982,1,33,606ed413481267c98754e3351f662859
14190,db2f6a564b6f5f41253c68874b50962b,76918877cf6ce7011018cd9708723392,SO62262,4,TT-R982,1,4,606ed413481267c98754e3351f662859
14191,883b9b4170853b321c03290f64ba199f,412998e77ee121227580e3d363f75fa2,SO60631,4590,BK-M68B-46,2,4590,af1457846a79173ef71dd9d5dd69805a
14191,883b9b4170853b321c03290f64ba199f,412998e77ee121227580e3d363f75fa2,SO60631,27,CA-1098,3,27,af1457846a79173ef71dd9d5dd69805a
14191,883b9b4170853b321c03290f64ba199f,412998e77ee121227580e3d363f75fa2,SO60631,105,HL-U509-B,3,105,af1457846a79173ef71dd9d5dd69805a
14191,94c60e0b5e2b0f78b919a5d4c67d70a2,0d15ba5aa4c9ad0377b26e0cf7a86280,SO62215,2384,BK-T79Y-60,1,2384,9913e55755fcc4267a06c1e6adbbc7fb
14191,dead1d7c916f42221e22a897aa6fc980,9f8987003453fd37ae135a87e6b756b8,SO44381,3578,BK-R93R-52,1,3578,9d0c5a1a95274b55fd3f6fd19fd273ae
14192,7a8e187aeb003f6e34c02a4d5b9b153e,2fe1a028f9398deb2efcd536c8246fae,SO63505,4886,BK-R89B-44,2,4886,ba19c22033aaecc6c5dad47f63e5858c
14192,7a8e187aeb003f6e34c02a4d5b9b153e,2fe1a028f9398deb2efcd536c8246fae,SO63505,27,CA-1098,3,27,ba19c22033aaecc6c5dad47f63e5858c
14192,7a8e187aeb003f6e34c02a4d5b9b153e,2fe1a028f9398deb2efcd536c8246fae,SO63505,105,HL-U509-B,3,105,ba19c22033aaecc6c5dad47f63e5858c
14192,7b70c83cb5595922297dfb93de1549d3,abc0c3928eca59906d9e88433e5105be,SO47601,4364,BK-R89B-58,2,4364,f7004f672150f926791b3547ca9837cb
14192,b21e833d3ead6056f1265f13fe1ff015,7983129d9883ebc3b9dce3311996b001,SO60562,10,BC-M005,1,10,4804ee33768b143d9706052696f7dfbd
14192,b21e833d3ead6056f1265f13fe1ff015,7983129d9883ebc3b9dce3311996b001,SO60562,4640,BK-M68S-42,2,4640,4804ee33768b143d9706052696f7dfbd
14192,b21e833d3ead6056f1265f13fe1ff015,7983129d9883ebc3b9dce3311996b001,SO60562,105,HL-U509-R,3,105,4804ee33768b143d9706052696f7dfbd
14192,b21e833d3ead6056f1265f13fe1ff015,7983129d9883ebc3b9dce3311996b001,SO60562,5,WB-H098,1,5,4804ee33768b143d9706052696f7dfbd
14192,d53f9d33cac0a297449a74a10d031570,e0bcd0ff3072dfe15609d6be1529b0b8,SO61583,2384,BK-T79Y-54,1,2384,4cc27df81afd686c0420394e090460cb
14192,d53f9d33cac0a297449a74a10d031570,e0bcd0ff3072dfe15609d6be1529b0b8,SO61583,29,TI-T723,1,29,4cc27df81afd686c0420394e090460cb
14193,6eaadc1181f307997dc853d9ed40db36,0814775cfc25da756a9b4197347ab771,SO58507,33,TI-R982,1,33,4dbf892d41ae205f6e36838031cff786
14193,6eaadc1181f307997dc853d9ed40db36,0814775cfc25da756a9b4197347ab771,SO58507,4,TT-R982,1,4,4dbf892d41ae205f6e36838031cff786
14194,7acd252f45ad6fe668386456a673d543,0120f4004ede1143c3be6caa4227affe,SO67179,10,BC-M005,1,10,b322422d9a721bbdefa133133dd407c1
14194,7acd252f45ad6fe668386456a673d543,0120f4004ede1143c3be6caa4227affe,SO67179,105,HL-U509-R,3,105,b322422d9a721bbdefa133133dd407c1
14194,7acd252f45ad6fe668386456a673d543,0120f4004ede1143c3be6caa4227affe,SO67179,150,LJ-0192-S,3,150,b322422d9a721bbdefa133133dd407c1
14194,7acd252f45ad6fe668386456a673d543,0120f4004ede1143c3be6caa4227affe,SO67179,5,WB-H098,1,5,b322422d9a721bbdefa133133dd407c1
14194,d3c54b4368c62c2ff11535bf2b677170,41464bd548f06ca845208f69df30ac82,SO54350,105,HL-U509-R,3,105,da9c4ba6c9a1ae8725389bfd38b5763a
14194,d3c54b4368c62c2ff11535bf2b677170,41464bd548f06ca845208f69df30ac82,SO54350,29,TI-T723,1,29,da9c4ba6c9a1ae8725389bfd38b5763a
14194,d3c54b4368c62c2ff11535bf2b677170,41464bd548f06ca845208f69df30ac82,SO54350,5,TT-T092,1,5,da9c4ba6c9a1ae8725389bfd38b5763a
14195,03bf7d2a8718ee9aca4bd2f37e962fc4,290499d9b8e65db426ba9b842714eb6d,SO63601,9,BC-R205,1,9,7130adfd843cdcb6d0bcd9d13792693a
14195,03bf7d2a8718ee9aca4bd2f37e962fc4,290499d9b8e65db426ba9b842714eb6d,SO63601,2384,BK-T79U-54,1,2384,7130adfd843cdcb6d0bcd9d13792693a
14195,348f48807f500aeac729fb17d9bc97f1,5072507e949a2c25948a591c4da194e1,SO60453,10,BC-M005,1,10,f108e0cd2f96a0c22086f9d45ee08f19
14195,348f48807f500aeac729fb17d9bc97f1,5072507e949a2c25948a591c4da194e1,SO60453,4590,BK-M68B-38,2,4590,f108e0cd2f96a0c22086f9d45ee08f19
14195,348f48807f500aeac729fb17d9bc97f1,5072507e949a2c25948a591c4da194e1,SO60453,105,HL-U509-R,3,105,f108e0cd2f96a0c22086f9d45ee08f19
14195,348f48807f500aeac729fb17d9bc97f1,5072507e949a2c25948a591c4da194e1,SO60453,5,WB-H098,1,5,f108e0cd2f96a0c22086f9d45ee08f19
14195,8c92537f80bd1503ecbc8b76072cc053,21a8a8728571572bbc42a5a3bdaf9f1c,SO44439,3578,BK-R93R-62,1,3578,0b2687a4d54329af7fc2df3d9ee1a02b
14196,a2c49941411089cb2a9cbf78cb803c26,73a69a5c77a7d23172e54d7ce07a638e,SO56171,10,BC-M005,1,10,39fe373cdcb4534addde73890415b660
14196,a2c49941411089cb2a9cbf78cb803c26,73a69a5c77a7d23172e54d7ce07a638e,SO56171,54,SJ-0194-X,1,54,39fe373cdcb4534addde73890415b660
14196,a2c49941411089cb2a9cbf78cb803c26,73a69a5c77a7d23172e54d7ce07a638e,SO56171,5,WB-H098,1,5,39fe373cdcb4534addde73890415b660
14196,db10519e66d9a7b809b91935ad1a696d,d7f57f35d2bad1349ca24a67a2635eea,SO74499,105,HL-U509-B,3,105,6583882ca853d66524856501b27519f5
14196,db10519e66d9a7b809b91935ad1a696d,d7f57f35d2bad1349ca24a67a2635eea,SO74499,29,TI-T723,1,29,6583882ca853d66524856501b27519f5
14196,db10519e66d9a7b809b91935ad1a696d,d7f57f35d2bad1349ca24a67a2635eea,SO74499,5,TT-T092,1,5,6583882ca853d66524856501b27519f5
14197,b34050290c25b0f7b52a2b8f767df87d,caa707f97407c07371136aaf471a91d4,SO67994,48,GL-H102-L,2,48,36ab6f1df21f3c9a169c8942e981959a
14197,b34050290c25b0f7b52a2b8f767df87d,caa707f97407c07371136aaf471a91d4,SO67994,150,LJ-0192-X,3,150,36ab6f1df21f3c9a169c8942e981959a
14197,b34050290c25b0f7b52a2b8f767df87d,caa707f97407c07371136aaf471a91d4,SO67994,33,TI-R982,1,33,36ab6f1df21f3c9a169c8942e981959a
14198,2a4234d94b0d548e524e2871335265f0,c55f055d5165a30d442dcecdc9275b95,SO45440,3578,BK-R93R-48,1,3578,8e161c35e5af5e9caaca6b537330fb0e
14198,5072507e949a2c25948a591c4da194e1,a189cc17a15cdb4e39e80dfcd8374c76,SO59660,4590,BK-M68B-46,2,4590,ad0b7f5ad35732646f1e5f67418d5995
14198,5072507e949a2c25948a591c4da194e1,a189cc17a15cdb4e39e80dfcd8374c76,SO59660,2,PK-7098,1,2,ad0b7f5ad35732646f1e5f67418d5995
14198,5dddb266d8c26eece51489fe90c9f47d,4ef92eb2724526d42848579d94bf7748,SO51454,9,BC-R205,1,9,96a3262695f10a59b726f3dfd4782c4d
14198,5dddb266d8c26eece51489fe90c9f47d,4ef92eb2724526d42848579d94bf7748,SO51454,2384,BK-T79U-50,1,2384,96a3262695f10a59b726f3dfd4782c4d
14198,5dddb266d8c26eece51489fe90c9f47d,4ef92eb2724526d42848579d94bf7748,SO51454,105,HL-U509-R,3,105,96a3262695f10a59b726f3dfd4782c4d
14198,5dddb266d8c26eece51489fe90c9f47d,4ef92eb2724526d42848579d94bf7748,SO51454,5,WB-H098,1,5,96a3262695f10a59b726f3dfd4782c4d
14199,3ebfce6ccd7540a632ae7e6ad8100c29,d630b2db6e8046e30b4728ca862ba4e1,SO59372,10,BC-M005,1,10,df595e3c678d4fae23ce174fe747165e
14199,3ebfce6ccd7540a632ae7e6ad8100c29,d630b2db6e8046e30b4728ca862ba4e1,SO59372,105,HL-U509,3,105,df595e3c678d4fae23ce174fe747165e
14199,3ebfce6ccd7540a632ae7e6ad8100c29,d630b2db6e8046e30b4728ca862ba4e1,SO59372,5,WB-H098,1,5,df595e3c678d4fae23ce174fe747165e
14199,b68fd63ca41d49bfc1b18251202c053f,d4746e41b619da57ee9f1a2e2cc254e8,SO64881,105,HL-U509-R,3,105,c87874400b9f907bdf9ea37d75a4b341
14199,b68fd63ca41d49bfc1b18251202c053f,d4746e41b619da57ee9f1a2e2cc254e8,SO64881,29,TI-T723,1,29,c87874400b9f907bdf9ea37d75a4b341
14199,b68fd63ca41d49bfc1b18251202c053f,d4746e41b619da57ee9f1a2e2cc254e8,SO64881,5,TT-T092,1,5,c87874400b9f907bdf9ea37d75a4b341
14200,3f0c8308e4e2e5c4ddc1b7e19304f613,61e00b038efd34bdf9c747596273cbcf,SO64842,2384,BK-T79Y-50,1,2384,232e830f1ac667c081eaaca23cdf9b5f
14200,3f0c8308e4e2e5c4ddc1b7e19304f613,61e00b038efd34bdf9c747596273cbcf,SO64842,105,HL-U509-R,3,105,232e830f1ac667c081eaaca23cdf9b5f
14200,3f0c8308e4e2e5c4ddc1b7e19304f613,61e00b038efd34bdf9c747596273cbcf,SO64842,29,TI-T723,1,29,232e830f1ac667c081eaaca23cdf9b5f
14200,3f0c8308e4e2e5c4ddc1b7e19304f613,61e00b038efd34bdf9c747596273cbcf,SO64842,5,TT-T092,1,5,232e830f1ac667c081eaaca23cdf9b5f
14200,8e8847c1bdf012037ee13bb62da8a5c1,c507827aa5f4f6bbedf64058461c621b,SO67214,9,BC-R205,1,9,6dd75c28a9a8a39e02bc0a175f82a9f3
14200,8e8847c1bdf012037ee13bb62da8a5c1,c507827aa5f4f6bbedf64058461c621b,SO67214,4886,BK-R89B-44,2,4886,6dd75c28a9a8a39e02bc0a175f82a9f3
14200,9a95fdf4e925d9cbd65f87b5aa4ac212,478ecc8cdaa127c33884d9f6c72c2cd5,SO59579,10,BC-M005,1,10,9e8cbc3edbb5efb3f48d6afb260e4725
14200,9a95fdf4e925d9cbd65f87b5aa4ac212,478ecc8cdaa127c33884d9f6c72c2cd5,SO59579,4640,BK-M68S-38,2,4640,9e8cbc3edbb5efb3f48d6afb260e4725
14200,9a95fdf4e925d9cbd65f87b5aa4ac212,478ecc8cdaa127c33884d9f6c72c2cd5,SO59579,5,WB-H098,1,5,9e8cbc3edbb5efb3f48d6afb260e4725
14200,abc0c3928eca59906d9e88433e5105be,9adbaac8d97fd446c4d97ce11625bd78,SO47511,4364,BK-R89B-48,2,4364,9a565a7d2e70265a68ce424b97f03cfe
14201,49fce086a31f1cfcf16b54e462f7cbc0,99c8f306659fd98cbb9d7f03ec0c2a7a,SO70783,33,TI-R982,1,33,e84848120190a8d0e696fbeb15647a74
14202,8d71482745a6a1be4fbbc5562ade4657,089c2a426c196c5ca5facb20896c90bb,SO56931,33,TI-R982,1,33,d9f7611cf8d29b48a1d3d8fddb8c5b2e
14203,85a7e482ebe05716e5f3929bdbe4147c,e4eb0466781b24d67b81f508aeab70b7,SO47463,4364,BK-R89B-44,2,4364,ad9d849aa74e54742c555c19900c6f1e
14203,ccb91034934bb047c5f6a32eb289b95b,640540d73b85c3ecd2e3bf5541686e87,SO59709,4590,BK-M68B-38,2,4590,3ebfce6ccd7540a632ae7e6ad8100c29
14203,ccb91034934bb047c5f6a32eb289b95b,640540d73b85c3ecd2e3bf5541686e87,SO59709,105,HL-U509-B,3,105,3ebfce6ccd7540a632ae7e6ad8100c29
14203,ccb91034934bb047c5f6a32eb289b95b,640540d73b85c3ecd2e3bf5541686e87,SO59709,150,LJ-0192-M,3,150,3ebfce6ccd7540a632ae7e6ad8100c29
14203,ccb91034934bb047c5f6a32eb289b95b,640540d73b85c3ecd2e3bf5541686e87,SO59709,35,TI-M823,1,35,3ebfce6ccd7540a632ae7e6ad8100c29
14203,ccb91034934bb047c5f6a32eb289b95b,640540d73b85c3ecd2e3bf5541686e87,SO59709,5,TT-M928,1,5,3ebfce6ccd7540a632ae7e6ad8100c29
14203,eea5b3bd1bd5d5c62a1d22f78d3ba263,c87874400b9f907bdf9ea37d75a4b341,SO65462,4886,BK-R89B-48,2,4886,a1fedb8f5f2e08543339a5f167bee6b7
14203,eea5b3bd1bd5d5c62a1d22f78d3ba263,c87874400b9f907bdf9ea37d75a4b341,SO65462,33,TI-R982,1,33,a1fedb8f5f2e08543339a5f167bee6b7
14203,eea5b3bd1bd5d5c62a1d22f78d3ba263,c87874400b9f907bdf9ea37d75a4b341,SO65462,4,TT-R982,1,4,a1fedb8f5f2e08543339a5f167bee6b7
14204,361e2c62255e0c1887ac2139911ca300,20b5e9ce0f87defd975a322149ec8cc6,SO51904,105,HL-U509,3,105,eedd9be5500334505ed9d4aef801ac3d
14204,361e2c62255e0c1887ac2139911ca300,20b5e9ce0f87defd975a322149ec8cc6,SO51904,33,TI-R982,1,33,eedd9be5500334505ed9d4aef801ac3d
14204,361e2c62255e0c1887ac2139911ca300,20b5e9ce0f87defd975a322149ec8cc6,SO51904,4,TT-R982,1,4,eedd9be5500334505ed9d4aef801ac3d
14205,1f50dad3f1493a5cf408c4eb3987479e,226d694fb4b7f71d62444f9528be8704,SO54686,33,TI-R982,1,33,9c56075241a26f6fa77eb86b15411c6e
14206,13b7c2277967bc61802018c764b5b2a0,9c55d6518880c1abf100a24da2546368,SO74524,120,RA-H123,1,120,0e000451f430d2e5b745a08b4ee7836c
14206,13b7c2277967bc61802018c764b5b2a0,9c55d6518880c1abf100a24da2546368,SO74524,33,TI-R982,1,33,0e000451f430d2e5b745a08b4ee7836c
14206,13b7c2277967bc61802018c764b5b2a0,9c55d6518880c1abf100a24da2546368,SO74524,4,TT-R982,1,4,0e000451f430d2e5b745a08b4ee7836c
14207,0e0438a8bdbea53929bd664be8421837,e52d77ff6cfc92babed59c52d26cc727,SO45775,3578,BK-R93R-56,1,3578,90b02462c4aa07aa9f640001bc1770d2
14207,6d44506d59926d8d13d35f75d97f2a64,deff8ad81a213d1110c1f409a7f40fcd,SO53449,2384,BK-T79U-54,1,2384,f476906875bc5d9abe836b4ea1f485c1
14207,6d44506d59926d8d13d35f75d97f2a64,deff8ad81a213d1110c1f409a7f40fcd,SO53449,105,HL-U509-B,3,105,f476906875bc5d9abe836b4ea1f485c1
14207,af1457846a79173ef71dd9d5dd69805a,254d832c83ccdb2c33eab65a4fd196ff,SO60318,4640,BK-M68S-46,2,4640,ce08c22f7777768ce4197eab9727516c
14207,af1457846a79173ef71dd9d5dd69805a,254d832c83ccdb2c33eab65a4fd196ff,SO60318,27,CA-1098,3,27,ce08c22f7777768ce4197eab9727516c
14207,af1457846a79173ef71dd9d5dd69805a,254d832c83ccdb2c33eab65a4fd196ff,SO60318,105,HL-U509-R,3,105,ce08c22f7777768ce4197eab9727516c
14208,d1024973c3d10f08cb9fa1736e6ed8b7,f8025d3776b5f7522a6120cb4e9e0783,SO62365,10,BC-M005,1,10,5c741aa8e0753be65314a304e7b39c14
14208,d1024973c3d10f08cb9fa1736e6ed8b7,f8025d3776b5f7522a6120cb4e9e0783,SO62365,27,CA-1098,3,27,5c741aa8e0753be65314a304e7b39c14
14208,d1024973c3d10f08cb9fa1736e6ed8b7,f8025d3776b5f7522a6120cb4e9e0783,SO62365,105,HL-U509-R,3,105,5c741aa8e0753be65314a304e7b39c14
14208,d1024973c3d10f08cb9fa1736e6ed8b7,f8025d3776b5f7522a6120cb4e9e0783,SO62365,5,WB-H098,1,5,5c741aa8e0753be65314a304e7b39c14
14208,f799d104dd23bb828dcdaaefc4d25b61,ca510b577b53d588f80b4fc76030ea52,SO52310,48,GL-H102-L,2,48,cfceb7490eff6e660974507be7c579c6
14208,f799d104dd23bb828dcdaaefc4d25b61,ca510b577b53d588f80b4fc76030ea52,SO52310,29,TI-T723,1,29,cfceb7490eff6e660974507be7c579c6
14208,f799d104dd23bb828dcdaaefc4d25b61,ca510b577b53d588f80b4fc76030ea52,SO52310,5,TT-T092,1,5,cfceb7490eff6e660974507be7c579c6
14209,1556bafff387fc8f2f6fef64c1daa6bc,8728a5e296f39e49d2fa74c31820e99f,SO70461,159,ST-1401,1,159,e871b36e68b0b3d0af9c742d81fef27a
14209,9b98d27287b27eeee9ebc06e1d5a9a8d,0dc34ca2aaa8612cde077f1880b78b25,SO53076,5,TT-T092,1,5,18bea060239713ee5f865109f63f3a8a
14209,e5114f65ece65e14e7b721dab1e674e0,c7390752782466cfc9a3ed7d3a79e046,SO68684,25,TI-M267,1,25,fe1fd19c021e78ec395980c2e347865e
14209,e5114f65ece65e14e7b721dab1e674e0,c7390752782466cfc9a3ed7d3a79e046,SO68684,5,TT-M928,1,5,fe1fd19c021e78ec395980c2e347865e
14210,375bde15092f45652b6398c1dff650d0,830e779850b1d58733a7ad711bf6b83f,SO57368,1215,BK-T44U-46,1,1215,a8ef76a01442567fb64eb6f4408a9835
14210,9d934f91c460e9947414d00048f2fa36,94b225b5b1f09ecd5e8ecdfb681ff04c,SO65144,10,BC-M005,1,10,3f0c8308e4e2e5c4ddc1b7e19304f613
14210,9d934f91c460e9947414d00048f2fa36,94b225b5b1f09ecd5e8ecdfb681ff04c,SO65144,4640,BK-M68S-42,2,4640,3f0c8308e4e2e5c4ddc1b7e19304f613
14210,9d934f91c460e9947414d00048f2fa36,94b225b5b1f09ecd5e8ecdfb681ff04c,SO65144,5,WB-H098,1,5,3f0c8308e4e2e5c4ddc1b7e19304f613
14210,c6cff482661a9daa82c86dddcf00c0e4,daac5732a7741792804c19340b534bae,SO49298,4142,BK-M68S-46,2,4142,83e4278f3d557c0bd5784b2bc83d617c
14211,0df76889b3e31ccfd17b50cc73baef03,debbb2493c6588799fc787e1854bcda5,SO58837,1215,BK-T44U-54,1,1215,6eaadc1181f307997dc853d9ed40db36
14211,0df76889b3e31ccfd17b50cc73baef03,debbb2493c6588799fc787e1854bcda5,SO58837,27,CA-1098,3,27,6eaadc1181f307997dc853d9ed40db36
14211,83e4278f3d557c0bd5784b2bc83d617c,c8db84e7a63e3fa5806b462c51f794cd,SO49253,4098,BK-M68B-42,2,4098,120e988208d0c7478eebe7175e557b29
14211,8c9ec1be720ee75d56d0c250d10610fa,16918840d98f27ce45948fe73dd5592f,SO63679,10,BC-M005,1,10,81a5d08c6beaeec9e42baae5d63dd780
14211,8c9ec1be720ee75d56d0c250d10610fa,16918840d98f27ce45948fe73dd5592f,SO63679,4640,BK-M68S-46,2,4640,81a5d08c6beaeec9e42baae5d63dd780
14211,8c9ec1be720ee75d56d0c250d10610fa,16918840d98f27ce45948fe73dd5592f,SO63679,55,HY-1023-70,1,55,81a5d08c6beaeec9e42baae5d63dd780
14211,8c9ec1be720ee75d56d0c250d10610fa,16918840d98f27ce45948fe73dd5592f,SO63679,5,WB-H098,1,5,81a5d08c6beaeec9e42baae5d63dd780
14212,0814775cfc25da756a9b4197347ab771,d76e0ba1fa041675ae9af958c5b41ae4,SO57793,2,PK-7098,1,2,de22d232bbe84481579f6252f1e7091d
14212,0814775cfc25da756a9b4197347ab771,d76e0ba1fa041675ae9af958c5b41ae4,SO57793,25,TI-M267,1,25,de22d232bbe84481579f6252f1e7091d
14212,0814775cfc25da756a9b4197347ab771,d76e0ba1fa041675ae9af958c5b41ae4,SO57793,5,TT-M928,1,5,de22d232bbe84481579f6252f1e7091d
14212,ccb91034934bb047c5f6a32eb289b95b,640540d73b85c3ecd2e3bf5541686e87,SO59714,150,LJ-0192-L,3,150,3ebfce6ccd7540a632ae7e6ad8100c29
14213,de22d232bbe84481579f6252f1e7091d,cae5717327bee7d74e261c550aa5081f,SO57543,27,CA-1098,3,27,ab4946738415af86b5e3cee69b13301f
14213,de22d232bbe84481579f6252f1e7091d,cae5717327bee7d74e261c550aa5081f,SO57543,150,LJ-0192-S,3,150,ab4946738415af86b5e3cee69b13301f
14213,fee8e08233f3f00450bce31967abb0f1,331afa0aff1b1cfbf3d24944ab38c9d2,SO70526,2,PK-7098,1,2,86bfb8ffc7a79e52d833cedce4d275bf
14213,fee8e08233f3f00450bce31967abb0f1,331afa0aff1b1cfbf3d24944ab38c9d2,SO70526,25,TI-M267,1,25,86bfb8ffc7a79e52d833cedce4d275bf
14214,03bf7d2a8718ee9aca4bd2f37e962fc4,290499d9b8e65db426ba9b842714eb6d,SO63604,4590,BK-M68B-42,2,4590,7130adfd843cdcb6d0bcd9d13792693a
14214,22ba60942e58ccfed22ed8a64ec86aa3,120e988208d0c7478eebe7175e557b29,SO49314,4098,BK-M68B-46,2,4098,61f221efdc5f1284178644e84c13fc7c
14214,af1457846a79173ef71dd9d5dd69805a,254d832c83ccdb2c33eab65a4fd196ff,SO60377,1215,BK-T44U-60,1,1215,ce08c22f7777768ce4197eab9727516c
14214,af1457846a79173ef71dd9d5dd69805a,254d832c83ccdb2c33eab65a4fd196ff,SO60377,8,CL-9009,1,8,ce08c22f7777768ce4197eab9727516c
14214,af1457846a79173ef71dd9d5dd69805a,254d832c83ccdb2c33eab65a4fd196ff,SO60377,159,ST-1401,1,159,ce08c22f7777768ce4197eab9727516c
14214,af1457846a79173ef71dd9d5dd69805a,254d832c83ccdb2c33eab65a4fd196ff,SO60377,29,TI-T723,1,29,ce08c22f7777768ce4197eab9727516c
14214,af1457846a79173ef71dd9d5dd69805a,254d832c83ccdb2c33eab65a4fd196ff,SO60377,5,TT-T092,1,5,ce08c22f7777768ce4197eab9727516c
14215,22ba60942e58ccfed22ed8a64ec86aa3,120e988208d0c7478eebe7175e557b29,SO49315,4098,BK-M68B-46,2,4098,61f221efdc5f1284178644e84c13fc7c
14215,81a5d08c6beaeec9e42baae5d63dd780,95103530881768b5cfc7e33970db9cd7,SO63350,10,BC-M005,1,10,b210069485754303767745919c328b97
14215,81a5d08c6beaeec9e42baae5d63dd780,95103530881768b5cfc7e33970db9cd7,SO63350,4590,BK-M68B-42,2,4590,b210069485754303767745919c328b97
14215,81a5d08c6beaeec9e42baae5d63dd780,95103530881768b5cfc7e33970db9cd7,SO63350,22,FE-6654,1,22,b210069485754303767745919c328b97
14215,81a5d08c6beaeec9e42baae5d63dd780,95103530881768b5cfc7e33970db9cd7,SO63350,35,TI-M823,1,35,b210069485754303767745919c328b97
14215,81a5d08c6beaeec9e42baae5d63dd780,95103530881768b5cfc7e33970db9cd7,SO63350,5,TT-M928,1,5,b210069485754303767745919c328b97
14215,9a95fdf4e925d9cbd65f87b5aa4ac212,478ecc8cdaa127c33884d9f6c72c2cd5,SO59647,1215,BK-T44U-46,1,1215,9e8cbc3edbb5efb3f48d6afb260e4725
14215,9a95fdf4e925d9cbd65f87b5aa4ac212,478ecc8cdaa127c33884d9f6c72c2cd5,SO59647,105,HL-U509,3,105,9e8cbc3edbb5efb3f48d6afb260e4725
14216,4804ee33768b143d9706052696f7dfbd,7254e54716fe52361e62aa16ea2e0797,SO60316,1215,BK-T44U-50,1,1215,c660dc308b247ce08aeecd155306bae0
14216,4804ee33768b143d9706052696f7dfbd,7254e54716fe52361e62aa16ea2e0797,SO60316,105,HL-U509-B,3,105,c660dc308b247ce08aeecd155306bae0
14216,7a8e187aeb003f6e34c02a4d5b9b153e,2fe1a028f9398deb2efcd536c8246fae,SO63538,4640,BK-M68S-38,2,4640,ba19c22033aaecc6c5dad47f63e5858c
14216,7a8e187aeb003f6e34c02a4d5b9b153e,2fe1a028f9398deb2efcd536c8246fae,SO63538,105,HL-U509-B,3,105,ba19c22033aaecc6c5dad47f63e5858c
14216,83e4278f3d557c0bd5784b2bc83d617c,c8db84e7a63e3fa5806b462c51f794cd,SO49254,4098,BK-M68B-38,2,4098,120e988208d0c7478eebe7175e557b29
14217,76918877cf6ce7011018cd9708723392,883b9b4170853b321c03290f64ba199f,SO61487,150,LJ-0192-L,3,150,4ddc8821c34bceaf3dba4a18741acca3
14217,ab2e81a99745ffff6c06e2be93290d1b,76e3c19dbb0dadc4c6dc771d856e4676,SO54106,48,GL-H102-S,2,48,1685ca8ff12ea83725a1c35e1d89c5cd
14217,ab2e81a99745ffff6c06e2be93290d1b,76e3c19dbb0dadc4c6dc771d856e4676,SO54106,105,HL-U509-R,3,105,1685ca8ff12ea83725a1c35e1d89c5cd
14217,ab2e81a99745ffff6c06e2be93290d1b,76e3c19dbb0dadc4c6dc771d856e4676,SO54106,25,TI-M267,1,25,1685ca8ff12ea83725a1c35e1d89c5cd
14217,ab2e81a99745ffff6c06e2be93290d1b,76e3c19dbb0dadc4c6dc771d856e4676,SO54106,5,TT-M928,1,5,1685ca8ff12ea83725a1c35e1d89c5cd
14218,232e830f1ac667c081eaaca23cdf9b5f,4b5c3229e0725ef8d303f494db9faec8,SO64510,10,BC-M005,1,10,abe94c2111c58e9c9672602d41bce66e
14218,232e830f1ac667c081eaaca23cdf9b5f,4b5c3229e0725ef8d303f494db9faec8,SO64510,4590,BK-M68B-46,2,4590,abe94c2111c58e9c9672602d41bce66e
14218,232e830f1ac667c081eaaca23cdf9b5f,4b5c3229e0725ef8d303f494db9faec8,SO64510,9,SO-R809-M,1,9,abe94c2111c58e9c9672602d41bce66e
14218,232e830f1ac667c081eaaca23cdf9b5f,4b5c3229e0725ef8d303f494db9faec8,SO64510,5,WB-H098,1,5,abe94c2111c58e9c9672602d41bce66e
14218,88b82588375bd49ab9a4c177ecf7af7b,4364e5a7100b33d6b7420dc1168e3ded,SO49346,4098,BK-M68B-46,2,4098,c6cff482661a9daa82c86dddcf00c0e4
14218,e0bcd0ff3072dfe15609d6be1529b0b8,c660dc308b247ce08aeecd155306bae0,SO60761,1215,BK-T44U-46,1,1215,39ff8ac1e8a44088f96e17b846ec8baf
14218,e0bcd0ff3072dfe15609d6be1529b0b8,c660dc308b247ce08aeecd155306bae0,SO60761,105,HL-U509-R,3,105,39ff8ac1e8a44088f96e17b846ec8baf
14218,e0bcd0ff3072dfe15609d6be1529b0b8,c660dc308b247ce08aeecd155306bae0,SO60761,29,TI-T723,1,29,39ff8ac1e8a44088f96e17b846ec8baf
14218,e0bcd0ff3072dfe15609d6be1529b0b8,c660dc308b247ce08aeecd155306bae0,SO60761,5,TT-T092,1,5,39ff8ac1e8a44088f96e17b846ec8baf
14219,2d6e054ac82934d489c58cc8399a1628,ce08c22f7777768ce4197eab9727516c,SO60833,1215,BK-T44U-60,1,1215,348f48807f500aeac729fb17d9bc97f1
14219,8dc681f418bc4515c72be4c903645815,e34e7eb0c21a4e95026c6fae15677b7a,SO49325,4142,BK-M68S-46,2,4142,4d61c9aac1c2415bf4aac434f815ed3a
14219,ccf89c691dabb1412404274596922d90,b0241b451647f25db5f52074445d820c,SO65070,4640,BK-M68S-42,2,4640,7299e51cfc0d5174743a6701a8a96488
14219,ccf89c691dabb1412404274596922d90,b0241b451647f25db5f52074445d820c,SO65070,27,CA-1098,3,27,7299e51cfc0d5174743a6701a8a96488
14219,ccf89c691dabb1412404274596922d90,b0241b451647f25db5f52074445d820c,SO65070,105,HL-U509-R,3,105,7299e51cfc0d5174743a6701a8a96488
14219,ccf89c691dabb1412404274596922d90,b0241b451647f25db5f52074445d820c,SO65070,54,SJ-0194-X,1,54,7299e51cfc0d5174743a6701a8a96488
14219,ccf89c691dabb1412404274596922d90,b0241b451647f25db5f52074445d820c,SO65070,35,TI-M823,1,35,7299e51cfc0d5174743a6701a8a96488
14219,ccf89c691dabb1412404274596922d90,b0241b451647f25db5f52074445d820c,SO65070,5,TT-M928,1,5,7299e51cfc0d5174743a6701a8a96488
14220,6a98156d9aad5c7ca324267d73f9c9ca,00bfaeb585c87c9f5074d228abb4b8fb,SO49283,4142,BK-M68S-38,2,4142,8a9e9eb9bf34bfb298138c0b091eaf0a
14220,a6d37e298c3042e300813f55a17e0875,99b7e934795a93975a5e0c0b9b57d9ba,SO64662,4590,BK-M68B-46,2,4590,b0241b451647f25db5f52074445d820c
14220,a6d37e298c3042e300813f55a17e0875,99b7e934795a93975a5e0c0b9b57d9ba,SO64662,22,FE-6654,1,22,b0241b451647f25db5f52074445d820c
14220,a6d37e298c3042e300813f55a17e0875,99b7e934795a93975a5e0c0b9b57d9ba,SO64662,105,HL-U509-B,3,105,b0241b451647f25db5f52074445d820c
14220,a6d37e298c3042e300813f55a17e0875,99b7e934795a93975a5e0c0b9b57d9ba,SO64662,9,SO-R809-M,1,9,b0241b451647f25db5f52074445d820c
14220,db2f6a564b6f5f41253c68874b50962b,76918877cf6ce7011018cd9708723392,SO62283,9,BC-R205,1,9,606ed413481267c98754e3351f662859
14220,db2f6a564b6f5f41253c68874b50962b,76918877cf6ce7011018cd9708723392,SO62283,1215,BK-T44U-54,1,1215,606ed413481267c98754e3351f662859
14220,db2f6a564b6f5f41253c68874b50962b,76918877cf6ce7011018cd9708723392,SO62283,105,HL-U509-B,3,105,606ed413481267c98754e3351f662859
14220,db2f6a564b6f5f41253c68874b50962b,76918877cf6ce7011018cd9708723392,SO62283,5,WB-H098,1,5,606ed413481267c98754e3351f662859
14221,226d694fb4b7f71d62444f9528be8704,714597fe9448176d17876617114a65bc,SO53988,150,LJ-0192-X,3,150,9444f850ff0c10a862b4a6a9c4ab0a74
14221,9d934f91c460e9947414d00048f2fa36,94b225b5b1f09ecd5e8ecdfb681ff04c,SO65091,2,PK-7098,1,2,3f0c8308e4e2e5c4ddc1b7e19304f613
14221,9d934f91c460e9947414d00048f2fa36,94b225b5b1f09ecd5e8ecdfb681ff04c,SO65091,25,TI-M267,1,25,3f0c8308e4e2e5c4ddc1b7e19304f613
14221,9d934f91c460e9947414d00048f2fa36,94b225b5b1f09ecd5e8ecdfb681ff04c,SO65091,5,TT-M928,1,5,3f0c8308e4e2e5c4ddc1b7e19304f613
14222,232e830f1ac667c081eaaca23cdf9b5f,4b5c3229e0725ef8d303f494db9faec8,SO64458,2,PK-7098,1,2,abe94c2111c58e9c9672602d41bce66e
14222,232e830f1ac667c081eaaca23cdf9b5f,4b5c3229e0725ef8d303f494db9faec8,SO64458,25,TI-M267,1,25,abe94c2111c58e9c9672602d41bce66e
14222,232e830f1ac667c081eaaca23cdf9b5f,4b5c3229e0725ef8d303f494db9faec8,SO64458,5,TT-M928,1,5,abe94c2111c58e9c9672602d41bce66e
14222,88077cf01a3e17831c2d0bcca5897c5b,95a2a9aefc393f8630e934768cacf4cd,SO73039,150,LJ-0192-S,3,150,86e0fc464cbb08ae74bd039224afec9a
14223,7254e54716fe52361e62aa16ea2e0797,6eaadc1181f307997dc853d9ed40db36,SO59418,150,LJ-0192-S,3,150,e7df1b3ee078bdcfc260a877f321287d
14223,af1457846a79173ef71dd9d5dd69805a,254d832c83ccdb2c33eab65a4fd196ff,SO60326,22,FE-6654,1,22,ce08c22f7777768ce4197eab9727516c
14223,af1457846a79173ef71dd9d5dd69805a,254d832c83ccdb2c33eab65a4fd196ff,SO60326,54,SJ-0194-S,1,54,ce08c22f7777768ce4197eab9727516c
14223,af1457846a79173ef71dd9d5dd69805a,254d832c83ccdb2c33eab65a4fd196ff,SO60326,25,TI-M267,1,25,ce08c22f7777768ce4197eab9727516c
14223,af1457846a79173ef71dd9d5dd69805a,254d832c83ccdb2c33eab65a4fd196ff,SO60326,5,TT-M928,1,5,ce08c22f7777768ce4197eab9727516c
14224,04dbdf67bb8714ba18c9c36d50d1f5dc,4cc27df81afd686c0420394e090460cb,SO62019,1215,BK-T44U-60,1,1215,2ed3972e38245b633ec6b146c2970148
14224,04dbdf67bb8714ba18c9c36d50d1f5dc,4cc27df81afd686c0420394e090460cb,SO62019,105,HL-U509,3,105,2ed3972e38245b633ec6b146c2970148
14224,38d32d96c9adb3ccccf0e286aa08123c,cc2547b3671a031a723a4e3e241d0eed,SO49654,4098,BK-M68B-38,2,4098,6f28d1f037e8b8040be9f35ba03516af
14224,a946e75bc65318721cd1e01162d392dd,5efefff01843f5aa3f7d8a4d44b4bf2e,SO63481,4640,BK-M68S-42,2,4640,3a23b248b732af434a45fce0302aa11f
14224,a946e75bc65318721cd1e01162d392dd,5efefff01843f5aa3f7d8a4d44b4bf2e,SO63481,2,PK-7098,1,2,3a23b248b732af434a45fce0302aa11f
14225,7a881e823dfa2748a8124f4b46b643af,30df06c098f61f2e78c2d0edb6e1b65a,SO49580,4098,BK-M68B-38,2,4098,3604937fec9f63b2bfd6c01fb97f2c14
14225,a1fedb8f5f2e08543339a5f167bee6b7,8b9fe4b34e3c54f08bfcac3d9691e260,SO65020,1215,BK-T44U-54,1,1215,4eec6eda382b9c44e240ad4b4b5e9cc0
14225,a1fedb8f5f2e08543339a5f167bee6b7,8b9fe4b34e3c54f08bfcac3d9691e260,SO65020,105,HL-U509-R,3,105,4eec6eda382b9c44e240ad4b4b5e9cc0
14225,f75e5f8c15ca91ec5c869dc3881f574f,3a23b248b732af434a45fce0302aa11f,SO63937,10,BC-M005,1,10,03bf7d2a8718ee9aca4bd2f37e962fc4
14225,f75e5f8c15ca91ec5c869dc3881f574f,3a23b248b732af434a45fce0302aa11f,SO63937,4590,BK-M68B-46,2,4590,03bf7d2a8718ee9aca4bd2f37e962fc4
14226,64cadfde6f66bc25043d0d69f5ae5471,18f358e551b5b85912bc952ab9894c0d,SO65877,1215,BK-T44U-46,1,1215,8d1d4829b2e801ba4e41ba48f5a549d4
14226,7c5572d8ea7717eb416a5478b1b0056f,59b3bce956067f996be5f0ddd87e18c7,SO49588,4142,BK-M68S-42,2,4142,cc2547b3671a031a723a4e3e241d0eed
14226,a6d37e298c3042e300813f55a17e0875,99b7e934795a93975a5e0c0b9b57d9ba,SO64663,4590,BK-M68B-46,2,4590,b0241b451647f25db5f52074445d820c
14226,a6d37e298c3042e300813f55a17e0875,99b7e934795a93975a5e0c0b9b57d9ba,SO64663,105,HL-U509-B,3,105,b0241b451647f25db5f52074445d820c
14226,a6d37e298c3042e300813f55a17e0875,99b7e934795a93975a5e0c0b9b57d9ba,SO64663,35,TI-M823,1,35,b0241b451647f25db5f52074445d820c
14226,a6d37e298c3042e300813f55a17e0875,99b7e934795a93975a5e0c0b9b57d9ba,SO64663,5,TT-M928,1,5,b0241b451647f25db5f52074445d820c
14227,14e4b13c27fb9bce9938ce35b6597eca,c375f33d72ca7161f341c2726e82d67a,SO53357,150,LJ-0192-L,3,150,9b98d27287b27eeee9ebc06e1d5a9a8d
14227,aa14ddbc43aa2d3be1e6ac019bb7b5bc,dcf73f840a50da0145f24e8e0169dc4b,SO72855,105,HL-U509-B,3,105,a6f2945baeceeef4c8d541a22f6e99e9
14227,aa14ddbc43aa2d3be1e6ac019bb7b5bc,dcf73f840a50da0145f24e8e0169dc4b,SO72855,25,TI-M267,1,25,a6f2945baeceeef4c8d541a22f6e99e9
14227,aa14ddbc43aa2d3be1e6ac019bb7b5bc,dcf73f840a50da0145f24e8e0169dc4b,SO72855,5,TT-M928,1,5,a6f2945baeceeef4c8d541a22f6e99e9
14228,d76e0ba1fa041675ae9af958c5b41ae4,b988e88fd94a3b47434beeb650cff880,SO56968,150,LJ-0192-L,3,150,cae5717327bee7d74e261c550aa5081f
14228,db10519e66d9a7b809b91935ad1a696d,d7f57f35d2bad1349ca24a67a2635eea,SO74472,25,TI-M267,1,25,6583882ca853d66524856501b27519f5
14229,07b31bae17c7890b17d79a654aa230cf,a976f17830aceaaa93d5daef0bc209a3,SO58137,150,LJ-0192-S,3,150,ef5bad66aa19ccfb82cacb73584b83ea
14229,86bfb8ffc7a79e52d833cedce4d275bf,962bae2fb03296a3b9cacabfa929322c,SO70167,25,TI-R628,1,25,ec24e4cf9fcc90f3bbe81b2fb3735c21
14230,1a957c2fc6360821c819775ff9ef6f7e,79e45486ec381a8d5022628ddaa21b8b,SO49627,4098,BK-M68B-38,2,4098,7a881e823dfa2748a8124f4b46b643af
14230,caa707f97407c07371136aaf471a91d4,4efe8b2ca156042f8a3d8dd6aba54520,SO67134,4640,BK-M68S-38,2,4640,058af5b2a408d57b708367e5bf4e9d9c
14230,dfcee565bb2da80a7b76451a5cd314a1,6582aa26281b9a92ad60e6a03e274c00,SO66206,1215,BK-T44U-50,1,1215,64cadfde6f66bc25043d0d69f5ae5471
14230,dfcee565bb2da80a7b76451a5cd314a1,6582aa26281b9a92ad60e6a03e274c00,SO66206,105,HL-U509-R,3,105,64cadfde6f66bc25043d0d69f5ae5471
14230,dfcee565bb2da80a7b76451a5cd314a1,6582aa26281b9a92ad60e6a03e274c00,SO66206,9,SO-R809-M,1,9,64cadfde6f66bc25043d0d69f5ae5471
14230,dfcee565bb2da80a7b76451a5cd314a1,6582aa26281b9a92ad60e6a03e274c00,SO66206,29,TI-T723,1,29,64cadfde6f66bc25043d0d69f5ae5471
14230,dfcee565bb2da80a7b76451a5cd314a1,6582aa26281b9a92ad60e6a03e274c00,SO66206,5,TT-T092,1,5,64cadfde6f66bc25043d0d69f5ae5471
14231,f46ace11e93788e473124f7be16a19d5,5c741aa8e0753be65314a304e7b39c14,SO62758,27,CA-1098,3,27,4555f65c4664801d78b9f5477f89d8fd
14231,f46ace11e93788e473124f7be16a19d5,5c741aa8e0753be65314a304e7b39c14,SO62758,150,LJ-0192-S,3,150,4555f65c4664801d78b9f5477f89d8fd
14231,f5933feadc49c253e4f0e77b236946e9,0b80ce5eab877cae9997209e0bee6e60,SO52412,25,TI-R628,1,25,b8cc77f0099ae7d3a20b9f0b74d70b12
14232,9b6872ca1d80024637e967d1066bba0a,4310d0d92131e34ff2716d85e1953174,SO55336,150,LJ-0192-X,3,150,7b0730955172ecda497d7cca6b1d87a1
14232,ef5bad66aa19ccfb82cacb73584b83ea,0e23f371129aecc6b2033620b226f8d7,SO57850,2,PK-7098,1,2,485ae69515bc4c60ef546ff289741f60
14232,ef5bad66aa19ccfb82cacb73584b83ea,0e23f371129aecc6b2033620b226f8d7,SO57850,25,TI-R628,1,25,485ae69515bc4c60ef546ff289741f60
14233,0d15ba5aa4c9ad0377b26e0cf7a86280,b21e833d3ead6056f1265f13fe1ff015,SO61431,25,TI-R628,1,25,4a70a3ec50fd16032883bf6fc79c55dd
14233,0d15ba5aa4c9ad0377b26e0cf7a86280,b21e833d3ead6056f1265f13fe1ff015,SO61431,4,TT-R982,1,4,4a70a3ec50fd16032883bf6fc79c55dd
14233,b210069485754303767745919c328b97,305c66634c155cab2b5cc3ce00351eb1,SO62824,150,LJ-0192-X,3,150,5efefff01843f5aa3f7d8a4d44b4bf2e
14234,2a8c7f899adb0e29724a30c7fb9e8618,88b82588375bd49ab9a4c177ecf7af7b,SO49562,4142,BK-M68S-42,2,4142,79e45486ec381a8d5022628ddaa21b8b
14234,6d1d8a1c7851eb5a946d45009cea6d9f,3f0c8308e4e2e5c4ddc1b7e19304f613,SO65743,1215,BK-T44U-46,1,1215,6582aa26281b9a92ad60e6a03e274c00
14234,6d1d8a1c7851eb5a946d45009cea6d9f,3f0c8308e4e2e5c4ddc1b7e19304f613,SO65743,105,HL-U509,3,105,6582aa26281b9a92ad60e6a03e274c00
14234,b322422d9a721bbdefa133133dd407c1,07b7d2aed13a63a16377587dcc0abbe8,SO66873,4640,BK-M68S-38,2,4640,2296af5563b2061aa1d88124a37eecb7
14234,b322422d9a721bbdefa133133dd407c1,07b7d2aed13a63a16377587dcc0abbe8,SO66873,22,FE-6654,1,22,2296af5563b2061aa1d88124a37eecb7
14234,b322422d9a721bbdefa133133dd407c1,07b7d2aed13a63a16377587dcc0abbe8,SO66873,48,GL-H102-L,2,48,2296af5563b2061aa1d88124a37eecb7
14235,9c36ef758665a17e1eeb69b7f8fce1c6,07f48468b4de047ab258a3d18df75f9d,SO49775,4142,BK-M68S-38,2,4142,87d4f54c086f76c98b608b3ad8c4f65f
14235,e82ca4c6beebe812f10fa1041b97a160,9d934f91c460e9947414d00048f2fa36,SO66064,10,BC-M005,1,10,6d1d8a1c7851eb5a946d45009cea6d9f
14235,e82ca4c6beebe812f10fa1041b97a160,9d934f91c460e9947414d00048f2fa36,SO66064,4590,BK-M68B-42,2,4590,6d1d8a1c7851eb5a946d45009cea6d9f
14235,e82ca4c6beebe812f10fa1041b97a160,9d934f91c460e9947414d00048f2fa36,SO66064,22,FE-6654,1,22,6d1d8a1c7851eb5a946d45009cea6d9f
14235,fe1fd19c021e78ec395980c2e347865e,16e364d19895243407b256ec272d5394,SO68397,9,BC-R205,1,9,63efdd3324df66c9965bd622cdebe06a
14235,fe1fd19c021e78ec395980c2e347865e,16e364d19895243407b256ec272d5394,SO68397,1215,BK-T44U-50,1,1215,63efdd3324df66c9965bd622cdebe06a
14235,fe1fd19c021e78ec395980c2e347865e,16e364d19895243407b256ec272d5394,SO68397,55,HY-1023-70,1,55,63efdd3324df66c9965bd622cdebe06a
14235,fe1fd19c021e78ec395980c2e347865e,16e364d19895243407b256ec272d5394,SO68397,5,WB-H098,1,5,63efdd3324df66c9965bd622cdebe06a
14236,0001ffe4d82d0d8f9fec5ab0b4faa2db,3dc63b2d6dcc8f0b6720b06b5439a0b1,SO67075,4590,BK-M68B-38,2,4590,4004a117f65dfd3221a9cce8fce5a45f
14236,0001ffe4d82d0d8f9fec5ab0b4faa2db,3dc63b2d6dcc8f0b6720b06b5439a0b1,SO67075,105,HL-U509,3,105,4004a117f65dfd3221a9cce8fce5a45f
14236,0001ffe4d82d0d8f9fec5ab0b4faa2db,3dc63b2d6dcc8f0b6720b06b5439a0b1,SO67075,35,TI-M823,1,35,4004a117f65dfd3221a9cce8fce5a45f
14236,0001ffe4d82d0d8f9fec5ab0b4faa2db,3dc63b2d6dcc8f0b6720b06b5439a0b1,SO67075,5,TT-M928,1,5,4004a117f65dfd3221a9cce8fce5a45f
14236,83d1ed00595e79ee5ea3797e97970fe8,fe1fd19c021e78ec395980c2e347865e,SO69242,1215,BK-T44U-60,1,1215,705fa39ab40831529471c768490339ab
14236,83d1ed00595e79ee5ea3797e97970fe8,fe1fd19c021e78ec395980c2e347865e,SO69242,54,SJ-0194-X,1,54,705fa39ab40831529471c768490339ab
14236,d194d40a2a86356fa1572b2ef8e36048,2c9d527f6ea5c0d14748fcde2dc730c5,SO49764,4142,BK-M68S-46,2,4142,b60afd1ea0dbefb3614f3f57badc2959
14237,61e00b038efd34bdf9c747596273cbcf,7130adfd843cdcb6d0bcd9d13792693a,SO64005,150,LJ-0192-M,3,150,4b5c3229e0725ef8d303f494db9faec8
14237,61e00b038efd34bdf9c747596273cbcf,7130adfd843cdcb6d0bcd9d13792693a,SO64005,9,SO-R809-M,1,9,4b5c3229e0725ef8d303f494db9faec8
14237,a9cefc49af6424b430612adfc69876ee,d34ba8f5d7fd7d5959a34c283fbec422,SO55817,2,PK-7098,1,2,59c3d64cb01cd5ad7fd25246d81a55ff
14237,a9cefc49af6424b430612adfc69876ee,d34ba8f5d7fd7d5959a34c283fbec422,SO55817,25,TI-R628,1,25,59c3d64cb01cd5ad7fd25246d81a55ff
14237,a9cefc49af6424b430612adfc69876ee,d34ba8f5d7fd7d5959a34c283fbec422,SO55817,4,TT-R982,1,4,59c3d64cb01cd5ad7fd25246d81a55ff
14238,17a27272d9d53953cbf6d182310e95ec,7c5572d8ea7717eb416a5478b1b0056f,SO49697,4098,BK-M68B-38,2,4098,38d32d96c9adb3ccccf0e286aa08123c
14238,c4369eefdf9bb8a3f9115e96b40aaf17,b34050290c25b0f7b52a2b8f767df87d,SO68809,1215,BK-T44U-60,1,1215,c135545cc3f3a739132ffdbc8096f3d4
14238,c4369eefdf9bb8a3f9115e96b40aaf17,b34050290c25b0f7b52a2b8f767df87d,SO68809,105,HL-U509-R,3,105,c135545cc3f3a739132ffdbc8096f3d4
14238,e2f0a420a4c1a9e8e292761f835e0489,4eec6eda382b9c44e240ad4b4b5e9cc0,SO65615,10,BC-M005,1,10,9d934f91c460e9947414d00048f2fa36
14238,e2f0a420a4c1a9e8e292761f835e0489,4eec6eda382b9c44e240ad4b4b5e9cc0,SO65615,4640,BK-M68S-42,2,4640,9d934f91c460e9947414d00048f2fa36
14238,e2f0a420a4c1a9e8e292761f835e0489,4eec6eda382b9c44e240ad4b4b5e9cc0,SO65615,27,CA-1098,3,27,9d934f91c460e9947414d00048f2fa36
14238,e2f0a420a4c1a9e8e292761f835e0489,4eec6eda382b9c44e240ad4b4b5e9cc0,SO65615,5,WB-H098,1,5,9d934f91c460e9947414d00048f2fa36
14239,ad0b7f5ad35732646f1e5f67418d5995,244cede513841376c37dc856f2f5e7b9,SO59323,4590,BK-M68B-46,2,4590,0df76889b3e31ccfd17b50cc73baef03
14239,bc6a999cadc90ecb33e51eb0f9009145,524fe547a612733b95c353e432357926,SO48125,2000,BK-R64Y-48,2,2000,7cfccbeb91431429b23b0e41a99488f0
14240,0383d48e76cd8a3dfb9e2a890f2cac18,d6fb379288416774d139632beb88e26b,SO61018,4640,BK-M68S-46,2,4640,883b9b4170853b321c03290f64ba199f
14240,0383d48e76cd8a3dfb9e2a890f2cac18,d6fb379288416774d139632beb88e26b,SO61018,22,FE-6654,1,22,883b9b4170853b321c03290f64ba199f
14240,0383d48e76cd8a3dfb9e2a890f2cac18,d6fb379288416774d139632beb88e26b,SO61018,9,SO-R809-M,1,9,883b9b4170853b321c03290f64ba199f
14240,0383d48e76cd8a3dfb9e2a890f2cac18,d6fb379288416774d139632beb88e26b,SO61018,35,TI-M823,1,35,883b9b4170853b321c03290f64ba199f
14240,0383d48e76cd8a3dfb9e2a890f2cac18,d6fb379288416774d139632beb88e26b,SO61018,5,TT-M928,1,5,883b9b4170853b321c03290f64ba199f
14240,bbe7548219ab98340a1170c8a2e7847b,9818ca9856d3cf7b357612ed1c1f59a2,SO48256,2000,BK-R64Y-42,2,2000,813f26755901d08d11203eb467615b65
14241,81a5d08c6beaeec9e42baae5d63dd780,95103530881768b5cfc7e33970db9cd7,SO63319,8,CL-9009,1,8,b210069485754303767745919c328b97
14241,81a5d08c6beaeec9e42baae5d63dd780,95103530881768b5cfc7e33970db9cd7,SO63319,22,FE-6654,1,22,b210069485754303767745919c328b97
14241,81a5d08c6beaeec9e42baae5d63dd780,95103530881768b5cfc7e33970db9cd7,SO63319,55,HY-1023-70,1,55,b210069485754303767745919c328b97
14242,3ebfce6ccd7540a632ae7e6ad8100c29,d630b2db6e8046e30b4728ca862ba4e1,SO59382,4640,BK-M68S-46,2,4640,df595e3c678d4fae23ce174fe747165e
14242,3ebfce6ccd7540a632ae7e6ad8100c29,d630b2db6e8046e30b4728ca862ba4e1,SO59382,27,CA-1098,3,27,df595e3c678d4fae23ce174fe747165e
14242,3ebfce6ccd7540a632ae7e6ad8100c29,d630b2db6e8046e30b4728ca862ba4e1,SO59382,22,FE-6654,1,22,df595e3c678d4fae23ce174fe747165e
14242,fc92d87f5fdfc4fdb58244cc592e3788,5cdbc8775008d87082e2d847e626b2f8,SO48552,2000,BK-R64Y-38,2,2000,b398f9f9c5791f694aee052dae13609e
14243,1678083e7ff90bd404baad3f60bffa37,7b0730955172ecda497d7cca6b1d87a1,SO55769,22,FE-6654,1,22,73a69a5c77a7d23172e54d7ce07a638e
14243,1678083e7ff90bd404baad3f60bffa37,7b0730955172ecda497d7cca6b1d87a1,SO55769,150,LJ-0192-M,3,150,73a69a5c77a7d23172e54d7ce07a638e
14244,501407dcfde5b685045ca3072168d5bb,41ef6b06b63ba4f6a5234245a439b157,SO73551,35,TI-M823,1,35,5432d51ee94799c0125bb158c8a8bd22
14244,f75e5f8c15ca91ec5c869dc3881f574f,3a23b248b732af434a45fce0302aa11f,SO63900,10,BC-M005,1,10,03bf7d2a8718ee9aca4bd2f37e962fc4
14244,f75e5f8c15ca91ec5c869dc3881f574f,3a23b248b732af434a45fce0302aa11f,SO63900,105,HL-U509,3,105,03bf7d2a8718ee9aca4bd2f37e962fc4
14244,f75e5f8c15ca91ec5c869dc3881f574f,3a23b248b732af434a45fce0302aa11f,SO63900,5,WB-H098,1,5,03bf7d2a8718ee9aca4bd2f37e962fc4
14244,fda052162862bb845297063fd71a580c,1678083e7ff90bd404baad3f60bffa37,SO56399,70,SH-W890-L,1,70,a2c49941411089cb2a9cbf78cb803c26
14245,db2b287636ac5ebda430de4f3f643b24,7af7abc5e37d5fa2e2334b4fec2584e2,SO51996,22,FE-6654,1,22,bee2b842cd357511cf4c8e509f5af192
14245,db2b287636ac5ebda430de4f3f643b24,7af7abc5e37d5fa2e2334b4fec2584e2,SO51996,105,HL-U509-B,3,105,bee2b842cd357511cf4c8e509f5af192
14246,9444f850ff0c10a862b4a6a9c4ab0a74,3143ce3c6436ed5bd25398756b7b661d,SO53746,22,FE-6654,1,22,76e3c19dbb0dadc4c6dc771d856e4676
14246,9444f850ff0c10a862b4a6a9c4ab0a74,3143ce3c6436ed5bd25398756b7b661d,SO53746,150,LJ-0192-L,3,150,76e3c19dbb0dadc4c6dc771d856e4676
14247,722dc621a1a56555843f574144bfcdf0,d27974ca95fd620ac92cf95bf8c1d1f2,SO74545,22,FE-6654,1,22,d612b5fb3f6011688fb0c9927693365a
14247,722dc621a1a56555843f574144bfcdf0,d27974ca95fd620ac92cf95bf8c1d1f2,SO74545,48,GL-H102-M,2,48,d612b5fb3f6011688fb0c9927693365a
14247,722dc621a1a56555843f574144bfcdf0,d27974ca95fd620ac92cf95bf8c1d1f2,SO74545,105,HL-U509-B,3,105,d612b5fb3f6011688fb0c9927693365a
14248,a1d0c0a14c6c8f8a8ef8220209c23a64,05e7920e8caf0303dc01b77666952b75,SO66975,22,FE-6654,1,22,cd15e5f80ff20dd345bfaa51400dd0d6
14248,a1d0c0a14c6c8f8a8ef8220209c23a64,05e7920e8caf0303dc01b77666952b75,SO66975,105,HL-U509-R,3,105,cd15e5f80ff20dd345bfaa51400dd0d6
14249,e7df1b3ee078bdcfc260a877f321287d,4dbf892d41ae205f6e36838031cff786,SO59101,22,FE-6654,1,22,478ecc8cdaa127c33884d9f6c72c2cd5
14249,e7df1b3ee078bdcfc260a877f321287d,4dbf892d41ae205f6e36838031cff786,SO59101,48,GL-H102-M,2,48,478ecc8cdaa127c33884d9f6c72c2cd5
14249,e7df1b3ee078bdcfc260a877f321287d,4dbf892d41ae205f6e36838031cff786,SO59101,150,LJ-0192-X,3,150,478ecc8cdaa127c33884d9f6c72c2cd5
14250,6582aa26281b9a92ad60e6a03e274c00,232e830f1ac667c081eaaca23cdf9b5f,SO65421,22,FE-6654,1,22,18f358e551b5b85912bc952ab9894c0d
14250,6582aa26281b9a92ad60e6a03e274c00,232e830f1ac667c081eaaca23cdf9b5f,SO65421,9,SO-R809-M,1,9,18f358e551b5b85912bc952ab9894c0d
14251,86bfb8ffc7a79e52d833cedce4d275bf,962bae2fb03296a3b9cacabfa929322c,SO70192,22,FE-6654,1,22,ec24e4cf9fcc90f3bbe81b2fb3735c21
14251,86bfb8ffc7a79e52d833cedce4d275bf,962bae2fb03296a3b9cacabfa929322c,SO70192,150,LJ-0192-S,3,150,ec24e4cf9fcc90f3bbe81b2fb3735c21
14252,501407dcfde5b685045ca3072168d5bb,41ef6b06b63ba4f6a5234245a439b157,SO73538,22,FE-6654,1,22,5432d51ee94799c0125bb158c8a8bd22
14252,501407dcfde5b685045ca3072168d5bb,41ef6b06b63ba4f6a5234245a439b157,SO73538,48,GL-H102-S,2,48,5432d51ee94799c0125bb158c8a8bd22
14252,501407dcfde5b685045ca3072168d5bb,41ef6b06b63ba4f6a5234245a439b157,SO73538,150,LJ-0192-L,3,150,5432d51ee94799c0125bb158c8a8bd22
14253,53e3822e4ab7309bbe5f440fa5f4e7de,af0f2c97be3051a37eaf670bbd7408f8,SO48426,2000,BK-R64Y-40,2,2000,2f58ddcb4c9f30e1ac2a6edb90189d95
14253,c660dc308b247ce08aeecd155306bae0,e7df1b3ee078bdcfc260a877f321287d,SO59955,4590,BK-M68B-38,2,4590,9a95fdf4e925d9cbd65f87b5aa4ac212
14253,c660dc308b247ce08aeecd155306bae0,e7df1b3ee078bdcfc260a877f321287d,SO59955,48,GL-H102-S,2,48,9a95fdf4e925d9cbd65f87b5aa4ac212
14253,c660dc308b247ce08aeecd155306bae0,e7df1b3ee078bdcfc260a877f321287d,SO59955,105,HL-U509-B,3,105,9a95fdf4e925d9cbd65f87b5aa4ac212
14253,c660dc308b247ce08aeecd155306bae0,e7df1b3ee078bdcfc260a877f321287d,SO59955,35,TI-M823,1,35,9a95fdf4e925d9cbd65f87b5aa4ac212
14253,c660dc308b247ce08aeecd155306bae0,e7df1b3ee078bdcfc260a877f321287d,SO59955,5,TT-M928,1,5,9a95fdf4e925d9cbd65f87b5aa4ac212
14254,2becb9647677a1a316b388bbad689580,013f173c58073e845f675d26fdde1918,SO61402,22,FE-6654,1,22,0383d48e76cd8a3dfb9e2a890f2cac18
14254,2becb9647677a1a316b388bbad689580,013f173c58073e845f675d26fdde1918,SO61402,48,GL-H102-L,2,48,0383d48e76cd8a3dfb9e2a890f2cac18
14254,2becb9647677a1a316b388bbad689580,013f173c58073e845f675d26fdde1918,SO61402,105,HL-U509-B,3,105,0383d48e76cd8a3dfb9e2a890f2cac18
14255,20d42f6cfcb5eda27dc59cfb68aa4732,3fce335517b518d0723258ab9aab91d5,SO48507,2000,BK-R64Y-48,2,2000,0c0fda0e7ef55245aa19e42bf9928281
14255,c660dc308b247ce08aeecd155306bae0,e7df1b3ee078bdcfc260a877f321287d,SO59953,4640,BK-M68S-42,2,4640,9a95fdf4e925d9cbd65f87b5aa4ac212
14255,c660dc308b247ce08aeecd155306bae0,e7df1b3ee078bdcfc260a877f321287d,SO59953,48,GL-H102-S,2,48,9a95fdf4e925d9cbd65f87b5aa4ac212
14255,c660dc308b247ce08aeecd155306bae0,e7df1b3ee078bdcfc260a877f321287d,SO59953,105,HL-U509-R,3,105,9a95fdf4e925d9cbd65f87b5aa4ac212
14256,412998e77ee121227580e3d363f75fa2,df595e3c678d4fae23ce174fe747165e,SO59877,4640,BK-M68S-46,2,4640,254d832c83ccdb2c33eab65a4fd196ff
14256,412998e77ee121227580e3d363f75fa2,df595e3c678d4fae23ce174fe747165e,SO59877,22,FE-6654,1,22,254d832c83ccdb2c33eab65a4fd196ff
14256,5acc3f37654c9c360551251e81e6001c,8db869d79195e5e17fdcc7c203499b29,SO48536,2000,BK-R64Y-44,2,2000,0cae3b8f778ef4612ed00352a284e421
14257,c87874400b9f907bdf9ea37d75a4b341,23bd9a9b90557e9da7babfb8e3d2df22,SO64559,22,FE-6654,1,22,8b9fe4b34e3c54f08bfcac3d9691e260
14257,c87874400b9f907bdf9ea37d75a4b341,23bd9a9b90557e9da7babfb8e3d2df22,SO64559,64,VE-C304-M,1,64,8b9fe4b34e3c54f08bfcac3d9691e260
14258,6a373d2281ba1487d83680f65dd6e6d0,2fb09097185e604aaadbfde958fd6262,SO74988,27,CA-1098,3,27,8592725b85eec4822018b8728dd5b88d
14258,6a373d2281ba1487d83680f65dd6e6d0,2fb09097185e604aaadbfde958fd6262,SO74988,22,FE-6654,1,22,8592725b85eec4822018b8728dd5b88d
14258,6a373d2281ba1487d83680f65dd6e6d0,2fb09097185e604aaadbfde958fd6262,SO74988,150,LJ-0192-S,3,150,8592725b85eec4822018b8728dd5b88d
14259,4efe8b2ca156042f8a3d8dd6aba54520,e2f0a420a4c1a9e8e292761f835e0489,SO66370,742,BK-T18Y-54,1,742,e82ca4c6beebe812f10fa1041b97a160
14259,90c6314650a0d54fdcabe5cd5406f9af,f476906875bc5d9abe836b4ea1f485c1,SO53966,769,BK-M38S-46,1,769,41464bd548f06ca845208f69df30ac82
14259,90c6314650a0d54fdcabe5cd5406f9af,f476906875bc5d9abe836b4ea1f485c1,SO53966,70,SH-W890-M,1,70,41464bd548f06ca845208f69df30ac82
14259,b60afd1ea0dbefb3614f3f57badc2959,4d786e5d2e5c70a53e6895eb52019501,SO49733,4098,BK-M68B-42,2,4098,07f48468b4de047ab258a3d18df75f9d
14260,1a957c2fc6360821c819775ff9ef6f7e,79e45486ec381a8d5022628ddaa21b8b,SO49631,4142,BK-M68S-42,2,4142,7a881e823dfa2748a8124f4b46b643af
14260,8d1d4829b2e801ba4e41ba48f5a549d4,a6d37e298c3042e300813f55a17e0875,SO65559,9,BC-R205,1,9,ccf89c691dabb1412404274596922d90
14260,8d1d4829b2e801ba4e41ba48f5a549d4,a6d37e298c3042e300813f55a17e0875,SO65559,742,BK-T18U-62,1,742,ccf89c691dabb1412404274596922d90
14260,b8d9d66529b0a1e91f6137abcdd065dd,6d44506d59926d8d13d35f75d97f2a64,SO54235,769,BK-M38S-42,1,769,90c6314650a0d54fdcabe5cd5406f9af
14260,b8d9d66529b0a1e91f6137abcdd065dd,6d44506d59926d8d13d35f75d97f2a64,SO54235,70,SH-W890-L,1,70,90c6314650a0d54fdcabe5cd5406f9af
14260,b8d9d66529b0a1e91f6137abcdd065dd,6d44506d59926d8d13d35f75d97f2a64,SO54235,54,SJ-0194-S,1,54,90c6314650a0d54fdcabe5cd5406f9af
14261,2c9d527f6ea5c0d14748fcde2dc730c5,f67641ca977673896f765fef2e0d4486,SO49668,4098,BK-M68B-46,2,4098,4d786e5d2e5c70a53e6895eb52019501
14261,3db19f5f710f10e90ecc7154c649d60a,f544b472453b297a8b55709fbfd3746d,SO70936,1215,BK-T44U-50,1,1215,fee8e08233f3f00450bce31967abb0f1
14261,3db19f5f710f10e90ecc7154c649d60a,f544b472453b297a8b55709fbfd3746d,SO70936,105,HL-U509-R,3,105,fee8e08233f3f00450bce31967abb0f1
14261,6582aa26281b9a92ad60e6a03e274c00,232e830f1ac667c081eaaca23cdf9b5f,SO65444,4640,BK-M68S-46,2,4640,18f358e551b5b85912bc952ab9894c0d
14261,6582aa26281b9a92ad60e6a03e274c00,232e830f1ac667c081eaaca23cdf9b5f,SO65444,105,HL-U509,3,105,18f358e551b5b85912bc952ab9894c0d
14262,02b96ab6e0935145589be4e1408a1675,58f0b42da53adeeccbfa693883fea672,SO65381,4640,BK-M68S-38,2,4640,b68fd63ca41d49bfc1b18251202c053f
14262,02b96ab6e0935145589be4e1408a1675,58f0b42da53adeeccbfa693883fea672,SO65381,2,PK-7098,1,2,b68fd63ca41d49bfc1b18251202c053f
14262,02b96ab6e0935145589be4e1408a1675,58f0b42da53adeeccbfa693883fea672,SO65381,35,TI-M823,1,35,b68fd63ca41d49bfc1b18251202c053f
14262,6f28d1f037e8b8040be9f35ba03516af,30aed1460184602b98a479b6418e474a,SO49608,4142,BK-M68S-46,2,4142,2a8c7f899adb0e29724a30c7fb9e8618
14262,a6f2945baeceeef4c8d541a22f6e99e9,d5985f40495ba672dff8a99620b879c8,SO72581,1215,BK-T44U-50,1,1215,95a2a9aefc393f8630e934768cacf4cd
14262,a6f2945baeceeef4c8d541a22f6e99e9,d5985f40495ba672dff8a99620b879c8,SO72581,27,CA-1098,3,27,95a2a9aefc393f8630e934768cacf4cd
14263,7c5572d8ea7717eb416a5478b1b0056f,59b3bce956067f996be5f0ddd87e18c7,SO49589,4098,BK-M68B-46,2,4098,cc2547b3671a031a723a4e3e241d0eed
14263,c5ed53572c667b119dde2fc0f54de602,0d3057f268050d468f468434f8ec809a,SO72847,1215,BK-T44U-46,1,1215,e366e24b8ad0b1107528f2f58cd15a81
14263,c5ed53572c667b119dde2fc0f54de602,0d3057f268050d468f468434f8ec809a,SO72847,54,SJ-0194-S,1,54,e366e24b8ad0b1107528f2f58cd15a81
14263,e82ca4c6beebe812f10fa1041b97a160,9d934f91c460e9947414d00048f2fa36,SO66062,4590,BK-M68B-46,2,4590,6d1d8a1c7851eb5a946d45009cea6d9f
14263,e82ca4c6beebe812f10fa1041b97a160,9d934f91c460e9947414d00048f2fa36,SO66062,35,TI-M823,1,35,6d1d8a1c7851eb5a946d45009cea6d9f
14264,3b2d50088b5462490d2079beeb91dc27,6f28d1f037e8b8040be9f35ba03516af,SO49722,4142,BK-M68S-38,2,4142,ac203ebd768c37b8ea6931e800115ae2
14264,93ddc10d6cf61153011df052aa76671f,7299e51cfc0d5174743a6701a8a96488,SO65671,4640,BK-M68S-42,2,4640,02b96ab6e0935145589be4e1408a1675
14264,93ddc10d6cf61153011df052aa76671f,7299e51cfc0d5174743a6701a8a96488,SO65671,105,HL-U509-B,3,105,02b96ab6e0935145589be4e1408a1675
14264,93ddc10d6cf61153011df052aa76671f,7299e51cfc0d5174743a6701a8a96488,SO65671,35,TI-M823,1,35,02b96ab6e0935145589be4e1408a1675
14264,93ddc10d6cf61153011df052aa76671f,7299e51cfc0d5174743a6701a8a96488,SO65671,5,TT-M928,1,5,02b96ab6e0935145589be4e1408a1675
14264,ca510b577b53d588f80b4fc76030ea52,88f50aa0771fa4f938f7b54792e066c8,SO51634,9,BC-R205,1,9,01eb8a9956865747637639482336f5f8
14264,ca510b577b53d588f80b4fc76030ea52,88f50aa0771fa4f938f7b54792e066c8,SO51634,742,BK-T18U-54,1,742,01eb8a9956865747637639482336f5f8
14265,0d15ba5aa4c9ad0377b26e0cf7a86280,b21e833d3ead6056f1265f13fe1ff015,SO61454,10,BC-M005,1,10,4a70a3ec50fd16032883bf6fc79c55dd
14265,0d15ba5aa4c9ad0377b26e0cf7a86280,b21e833d3ead6056f1265f13fe1ff015,SO61454,55,HY-1023-70,1,55,4a70a3ec50fd16032883bf6fc79c55dd
14265,0d15ba5aa4c9ad0377b26e0cf7a86280,b21e833d3ead6056f1265f13fe1ff015,SO61454,5,WB-H098,1,5,4a70a3ec50fd16032883bf6fc79c55dd
14265,2becb9647677a1a316b388bbad689580,013f173c58073e845f675d26fdde1918,SO61388,2,PK-7098,1,2,0383d48e76cd8a3dfb9e2a890f2cac18
14265,2becb9647677a1a316b388bbad689580,013f173c58073e845f675d26fdde1918,SO61388,25,TI-M267,1,25,0383d48e76cd8a3dfb9e2a890f2cac18
14265,5cbbe853aa1a5a1370f9a614904c4b15,86e0fc464cbb08ae74bd039224afec9a,SO73611,35,TI-M823,1,35,47a161474962a6dcc03cfa64127a641f
14265,d612b5fb3f6011688fb0c9927693365a,3e107cd1554225ea3056ed5010adce90,SO74374,54,SJ-0194-M,1,54,a1e59736d286765313b8212467dc64b2
14265,dcf73f840a50da0145f24e8e0169dc4b,2797a91b25bc2aa85124c99bc574dc83,SO72014,25,TI-R628,1,25,d5985f40495ba672dff8a99620b879c8
14265,dcf73f840a50da0145f24e8e0169dc4b,2797a91b25bc2aa85124c99bc574dc83,SO72014,4,TT-R982,1,4,d5985f40495ba672dff8a99620b879c8
14266,6d44506d59926d8d13d35f75d97f2a64,deff8ad81a213d1110c1f409a7f40fcd,SO53434,22,FE-6654,1,22,f476906875bc5d9abe836b4ea1f485c1
14266,6d44506d59926d8d13d35f75d97f2a64,deff8ad81a213d1110c1f409a7f40fcd,SO53434,105,HL-U509,3,105,f476906875bc5d9abe836b4ea1f485c1
14267,7c461b9e57346f51c212a91b3cf92bfc,813f26755901d08d11203eb467615b65,SO48436,2000,BK-R64Y-48,2,2000,3fce335517b518d0723258ab9aab91d5
14267,8eb7a1b0dba9fdd5f4248b9cb6b9119b,9f1ff00ea8fd9fd8f2d421ba5ec45a18,SO68261,1701,BK-R79Y-40,1,1701,c7390752782466cfc9a3ed7d3a79e046
14267,8eb7a1b0dba9fdd5f4248b9cb6b9119b,9f1ff00ea8fd9fd8f2d421ba5ec45a18,SO68261,105,HL-U509-B,3,105,c7390752782466cfc9a3ed7d3a79e046
14267,8eb7a1b0dba9fdd5f4248b9cb6b9119b,9f1ff00ea8fd9fd8f2d421ba5ec45a18,SO68261,150,LJ-0192-L,3,150,c7390752782466cfc9a3ed7d3a79e046
14268,43a48533e5870a15f120f16375636633,4bbde6a0c4076e78bc106bdc331a94c5,SO48709,2000,BK-R64Y-38,2,2000,ba588be30dd16be47b9647a72fe81700
14268,f06fd077b6afc2d69af6e1e548da266d,c135545cc3f3a739132ffdbc8096f3d4,SO69304,1701,BK-R79Y-44,1,1701,175a5d217fad85df9f6639d7ced1e5d9
14268,f06fd077b6afc2d69af6e1e548da266d,c135545cc3f3a739132ffdbc8096f3d4,SO69304,105,HL-U509,3,105,175a5d217fad85df9f6639d7ced1e5d9
14269,6dd75c28a9a8a39e02bc0a175f82a9f3,dfcee565bb2da80a7b76451a5cd314a1,SO66918,22,FE-6654,1,22,f88b3743a9ce1f9455b6de69380b486a
14269,6dd75c28a9a8a39e02bc0a175f82a9f3,dfcee565bb2da80a7b76451a5cd314a1,SO66918,64,VE-C304-S,1,64,f88b3743a9ce1f9455b6de69380b486a
14270,0814775cfc25da756a9b4197347ab771,d76e0ba1fa041675ae9af958c5b41ae4,SO57826,769,BK-M38S-38,1,769,de22d232bbe84481579f6252f1e7091d
14270,0814775cfc25da756a9b4197347ab771,d76e0ba1fa041675ae9af958c5b41ae4,SO57826,22,FE-6654,1,22,de22d232bbe84481579f6252f1e7091d
14270,0814775cfc25da756a9b4197347ab771,d76e0ba1fa041675ae9af958c5b41ae4,SO57826,2,PK-7098,1,2,de22d232bbe84481579f6252f1e7091d
14270,fee42f8d62443b64a7e92c5e13c2fffe,20d42f6cfcb5eda27dc59cfb68aa4732,SO48644,2000,BK-R64Y-44,2,2000,d842148982d8efbc5cc6f26b41cc7251
14271,da9c4ba6c9a1ae8725389bfd38b5763a,3e48b2167bd86ef570e46d0b286c4f74,SO54083,22,FE-6654,1,22,9223b53f03a405f817e91392f0294f6a
14272,2bb3043229844628920922115ca2f967,2f58ddcb4c9f30e1ac2a6edb90189d95,SO48494,2000,BK-R64Y-42,2,2000,0fc0d540e96e3fc1463b71e253aac75b
14272,ca38f30e56a72f4d0c8d2264322c5862,de5009f9bf3e9725d2381f4a5e913111,SO68194,1701,BK-R79Y-42,1,1701,7e15f50bd26e439e6a22f5205a8064db
14272,ca38f30e56a72f4d0c8d2264322c5862,de5009f9bf3e9725d2381f4a5e913111,SO68194,105,HL-U509-R,3,105,7e15f50bd26e439e6a22f5205a8064db
14272,ca38f30e56a72f4d0c8d2264322c5862,de5009f9bf3e9725d2381f4a5e913111,SO68194,25,TI-R628,1,25,7e15f50bd26e439e6a22f5205a8064db
14272,ca38f30e56a72f4d0c8d2264322c5862,de5009f9bf3e9725d2381f4a5e913111,SO68194,4,TT-R982,1,4,7e15f50bd26e439e6a22f5205a8064db
14273,64cadfde6f66bc25043d0d69f5ae5471,18f358e551b5b85912bc952ab9894c0d,SO65831,22,FE-6654,1,22,8d1d4829b2e801ba4e41ba48f5a549d4
14273,64cadfde6f66bc25043d0d69f5ae5471,18f358e551b5b85912bc952ab9894c0d,SO65831,150,LJ-0192-L,3,150,8d1d4829b2e801ba4e41ba48f5a549d4
14274,4c6ed4daa82e7326b84c24f4c2ae7064,b2ce0ef2540789e8a6976165b6c917d8,SO73300,105,HL-U509-B,3,105,aa14ddbc43aa2d3be1e6ac019bb7b5bc
14274,4c6ed4daa82e7326b84c24f4c2ae7064,b2ce0ef2540789e8a6976165b6c917d8,SO73300,35,TI-M823,1,35,aa14ddbc43aa2d3be1e6ac019bb7b5bc
14274,4c6ed4daa82e7326b84c24f4c2ae7064,b2ce0ef2540789e8a6976165b6c917d8,SO73300,5,TT-M928,1,5,aa14ddbc43aa2d3be1e6ac019bb7b5bc
14274,8d71482745a6a1be4fbbc5562ade4657,089c2a426c196c5ca5facb20896c90bb,SO56924,10,BC-M005,1,10,d9f7611cf8d29b48a1d3d8fddb8c5b2e
14274,d27974ca95fd620ac92cf95bf8c1d1f2,4c6ed4daa82e7326b84c24f4c2ae7064,SO74164,33,TI-R982,1,33,3e107cd1554225ea3056ed5010adce90
14274,d27974ca95fd620ac92cf95bf8c1d1f2,4c6ed4daa82e7326b84c24f4c2ae7064,SO74164,4,TT-R982,1,4,3e107cd1554225ea3056ed5010adce90
14275,287c323e0efa1c1148232e905c3f7d34,c00c38c95aa9544dce6852b834e4e8ab,SO49753,4098,BK-M68B-38,2,4098,42c14d5c5a8f3096180b16977a1ea248
14275,bee2b842cd357511cf4c8e509f5af192,5dddb266d8c26eece51489fe90c9f47d,SO51659,9,BC-R205,1,9,20b851db79828c985958154243411278
14275,bee2b842cd357511cf4c8e509f5af192,5dddb266d8c26eece51489fe90c9f47d,SO51659,742,BK-T18Y-62,1,742,20b851db79828c985958154243411278
14275,caa707f97407c07371136aaf471a91d4,4efe8b2ca156042f8a3d8dd6aba54520,SO67133,4590,BK-M68B-46,2,4590,058af5b2a408d57b708367e5bf4e9d9c
14275,caa707f97407c07371136aaf471a91d4,4efe8b2ca156042f8a3d8dd6aba54520,SO67133,8,CL-9009,1,8,058af5b2a408d57b708367e5bf4e9d9c
14275,caa707f97407c07371136aaf471a91d4,4efe8b2ca156042f8a3d8dd6aba54520,SO67133,55,HY-1023-70,1,55,058af5b2a408d57b708367e5bf4e9d9c
14276,02b96ab6e0935145589be4e1408a1675,58f0b42da53adeeccbfa693883fea672,SO65382,10,BC-M005,1,10,b68fd63ca41d49bfc1b18251202c053f
14276,02b96ab6e0935145589be4e1408a1675,58f0b42da53adeeccbfa693883fea672,SO65382,4640,BK-M68S-46,2,4640,b68fd63ca41d49bfc1b18251202c053f
14276,02b96ab6e0935145589be4e1408a1675,58f0b42da53adeeccbfa693883fea672,SO65382,48,GL-H102-S,2,48,b68fd63ca41d49bfc1b18251202c053f
14276,02b96ab6e0935145589be4e1408a1675,58f0b42da53adeeccbfa693883fea672,SO65382,105,HL-U509-R,3,105,b68fd63ca41d49bfc1b18251202c053f
14276,02b96ab6e0935145589be4e1408a1675,58f0b42da53adeeccbfa693883fea672,SO65382,5,WB-H098,1,5,b68fd63ca41d49bfc1b18251202c053f
14276,1678083e7ff90bd404baad3f60bffa37,7b0730955172ecda497d7cca6b1d87a1,SO55812,9,BC-R205,1,9,73a69a5c77a7d23172e54d7ce07a638e
14276,1678083e7ff90bd404baad3f60bffa37,7b0730955172ecda497d7cca6b1d87a1,SO55812,742,BK-T18U-62,1,742,73a69a5c77a7d23172e54d7ce07a638e
14276,1678083e7ff90bd404baad3f60bffa37,7b0730955172ecda497d7cca6b1d87a1,SO55812,48,GL-H102-S,2,48,73a69a5c77a7d23172e54d7ce07a638e
14276,1678083e7ff90bd404baad3f60bffa37,7b0730955172ecda497d7cca6b1d87a1,SO55812,105,HL-U509-R,3,105,73a69a5c77a7d23172e54d7ce07a638e
14276,1678083e7ff90bd404baad3f60bffa37,7b0730955172ecda497d7cca6b1d87a1,SO55812,5,WB-H098,1,5,73a69a5c77a7d23172e54d7ce07a638e
14276,c00c38c95aa9544dce6852b834e4e8ab,3604937fec9f63b2bfd6c01fb97f2c14,SO49641,4098,BK-M68B-38,2,4098,141947ecbe6170100396f0be43a07a37
14277,64cadfde6f66bc25043d0d69f5ae5471,18f358e551b5b85912bc952ab9894c0d,SO65858,4640,BK-M68S-42,2,4640,8d1d4829b2e801ba4e41ba48f5a549d4
14277,a189cc17a15cdb4e39e80dfcd8374c76,b0b2c17e5682f78d8fc262463fd0a4f3,SO58701,742,BK-T18Y-62,1,742,244cede513841376c37dc856f2f5e7b9
14277,a189cc17a15cdb4e39e80dfcd8374c76,b0b2c17e5682f78d8fc262463fd0a4f3,SO58701,27,CA-1098,3,27,244cede513841376c37dc856f2f5e7b9
14277,a189cc17a15cdb4e39e80dfcd8374c76,b0b2c17e5682f78d8fc262463fd0a4f3,SO58701,54,SJ-0194-M,1,54,244cede513841376c37dc856f2f5e7b9
14277,d194d40a2a86356fa1572b2ef8e36048,2c9d527f6ea5c0d14748fcde2dc730c5,SO49763,4142,BK-M68S-46,2,4142,b60afd1ea0dbefb3614f3f57badc2959
14278,95103530881768b5cfc7e33970db9cd7,2ed3972e38245b633ec6b146c2970148,SO62398,105,HL-U509-R,3,105,305c66634c155cab2b5cc3ce00351eb1
14278,95103530881768b5cfc7e33970db9cd7,2ed3972e38245b633ec6b146c2970148,SO62398,25,TI-R628,1,25,305c66634c155cab2b5cc3ce00351eb1
14278,95103530881768b5cfc7e33970db9cd7,2ed3972e38245b633ec6b146c2970148,SO62398,4,TT-R982,1,4,305c66634c155cab2b5cc3ce00351eb1
14278,95103530881768b5cfc7e33970db9cd7,2ed3972e38245b633ec6b146c2970148,SO62398,64,VE-C304-L,1,64,305c66634c155cab2b5cc3ce00351eb1
14278,b68fd63ca41d49bfc1b18251202c053f,d4746e41b619da57ee9f1a2e2cc254e8,SO64858,150,LJ-0192-X,3,150,c87874400b9f907bdf9ea37d75a4b341
14279,0a2ae1635ed951cbbaf7e3dfb1b460b2,cfcb9c0159ca1cf30a8521a2922136e4,SO49634,4098,BK-M68B-42,2,4098,7c5572d8ea7717eb416a5478b1b0056f
14279,244cede513841376c37dc856f2f5e7b9,5e1b952a22eccca86f7f056a9efb42a4,SO58414,742,BK-T18U-58,1,742,debbb2493c6588799fc787e1854bcda5
14279,244cede513841376c37dc856f2f5e7b9,5e1b952a22eccca86f7f056a9efb42a4,SO58414,9,SO-R809-L,1,9,debbb2493c6588799fc787e1854bcda5
14279,a1d0c0a14c6c8f8a8ef8220209c23a64,05e7920e8caf0303dc01b77666952b75,SO67004,4590,BK-M68B-42,2,4590,cd15e5f80ff20dd345bfaa51400dd0d6
14279,a1d0c0a14c6c8f8a8ef8220209c23a64,05e7920e8caf0303dc01b77666952b75,SO67004,2,PK-7098,1,2,cd15e5f80ff20dd345bfaa51400dd0d6
14279,a1d0c0a14c6c8f8a8ef8220209c23a64,05e7920e8caf0303dc01b77666952b75,SO67004,35,TI-M823,1,35,cd15e5f80ff20dd345bfaa51400dd0d6
14279,a1d0c0a14c6c8f8a8ef8220209c23a64,05e7920e8caf0303dc01b77666952b75,SO67004,5,TT-M928,1,5,cd15e5f80ff20dd345bfaa51400dd0d6
14280,830e779850b1d58733a7ad711bf6b83f,39fe373cdcb4534addde73890415b660,SO56510,22,FE-6654,1,22,427ed6396fba4ed8ead9ec3229517d2b
14280,830e779850b1d58733a7ad711bf6b83f,39fe373cdcb4534addde73890415b660,SO56510,105,HL-U509,3,105,427ed6396fba4ed8ead9ec3229517d2b
14281,4efe8b2ca156042f8a3d8dd6aba54520,e2f0a420a4c1a9e8e292761f835e0489,SO66361,2384,BK-T79Y-50,1,2384,e82ca4c6beebe812f10fa1041b97a160
14281,4efe8b2ca156042f8a3d8dd6aba54520,e2f0a420a4c1a9e8e292761f835e0489,SO66361,2,PK-7098,1,2,e82ca4c6beebe812f10fa1041b97a160
14281,4efe8b2ca156042f8a3d8dd6aba54520,e2f0a420a4c1a9e8e292761f835e0489,SO66361,29,TI-T723,1,29,e82ca4c6beebe812f10fa1041b97a160
14281,4efe8b2ca156042f8a3d8dd6aba54520,e2f0a420a4c1a9e8e292761f835e0489,SO66361,5,TT-T092,1,5,e82ca4c6beebe812f10fa1041b97a160
14281,5abaefcc8525a8f4cfd95cba9e926532,fde67888c64f701b59876ec559099b3e,SO57669,4590,BK-M68B-42,2,4590,73b2264d673ee7b5b2e7e165020516ac
14281,5abaefcc8525a8f4cfd95cba9e926532,fde67888c64f701b59876ec559099b3e,SO57669,22,FE-6654,1,22,73b2264d673ee7b5b2e7e165020516ac
14281,5abaefcc8525a8f4cfd95cba9e926532,fde67888c64f701b59876ec559099b3e,SO57669,9,SO-R809-M,1,9,73b2264d673ee7b5b2e7e165020516ac
14282,13b7c2277967bc61802018c764b5b2a0,9c55d6518880c1abf100a24da2546368,SO74509,25,TI-R628,1,25,0e000451f430d2e5b745a08b4ee7836c
14282,13b7c2277967bc61802018c764b5b2a0,9c55d6518880c1abf100a24da2546368,SO74509,4,TT-R982,1,4,0e000451f430d2e5b745a08b4ee7836c
14282,17520f5649fab40fb66771362888cb90,1faee5670542865e021595151379fe5c,SO70619,10,BC-M005,1,10,3f72b837978dcd042b73e7270f11a4ca
14282,226d694fb4b7f71d62444f9528be8704,714597fe9448176d17876617114a65bc,SO54018,105,HL-U509,3,105,9444f850ff0c10a862b4a6a9c4ab0a74
14282,226d694fb4b7f71d62444f9528be8704,714597fe9448176d17876617114a65bc,SO54018,35,TI-M823,1,35,9444f850ff0c10a862b4a6a9c4ab0a74
14282,226d694fb4b7f71d62444f9528be8704,714597fe9448176d17876617114a65bc,SO54018,5,TT-M928,1,5,9444f850ff0c10a862b4a6a9c4ab0a74
14282,83d1ed00595e79ee5ea3797e97970fe8,fe1fd19c021e78ec395980c2e347865e,SO69178,54,SJ-0194-M,1,54,705fa39ab40831529471c768490339ab
14282,9795c57676ee8b8b6ba9a6f9014a520b,c5ed53572c667b119dde2fc0f54de602,SO73734,2,PK-7098,1,2,b0950d12c62d3aeda81b2e8d06f2aef4
14282,9795c57676ee8b8b6ba9a6f9014a520b,c5ed53572c667b119dde2fc0f54de602,SO73734,25,TI-M267,1,25,b0950d12c62d3aeda81b2e8d06f2aef4
14283,6eaadc1181f307997dc853d9ed40db36,0814775cfc25da756a9b4197347ab771,SO58523,769,BK-M38S-40,1,769,4dbf892d41ae205f6e36838031cff786
14283,6eaadc1181f307997dc853d9ed40db36,0814775cfc25da756a9b4197347ab771,SO58523,30,TI-M602,1,30,4dbf892d41ae205f6e36838031cff786
14283,fee42f8d62443b64a7e92c5e13c2fffe,20d42f6cfcb5eda27dc59cfb68aa4732,SO48645,2000,BK-R64Y-44,2,2000,d842148982d8efbc5cc6f26b41cc7251
14284,174acf6ca4e9804d47a59a499422e621,5abaefcc8525a8f4cfd95cba9e926532,SO58331,769,BK-M38S-38,1,769,eba6cab7267f82e3b2a063d5ea445bb9
14284,c5f333101183a33b4b4d94a271add9fd,694d75fcfc5bc50259336e29e881a36c,SO48525,2000,BK-R64Y-42,2,2000,a1be4f014e5b3c959503117fd1ee566a
14285,485ae69515bc4c60ef546ff289741f60,40ff348468b73116a7077c246985e0bf,SO57623,769,BK-M38S-38,1,769,375bde15092f45652b6398c1dff650d0
14285,485ae69515bc4c60ef546ff289741f60,40ff348468b73116a7077c246985e0bf,SO57623,105,HL-U509,3,105,375bde15092f45652b6398c1dff650d0
14285,8db869d79195e5e17fdcc7c203499b29,79e02a49bb92138c3f331082fef97f2e,SO48403,2000,BK-R64Y-40,2,2000,e56b89db4bdb2b3ba01ca1e3dbaf16ef
14286,1bc9f4b5f1c56b7e2d5b17c27dad280f,42c14d5c5a8f3096180b16977a1ea248,SO49805,4098,BK-M68B-42,2,4098,d194d40a2a86356fa1572b2ef8e36048
14286,375bde15092f45652b6398c1dff650d0,830e779850b1d58733a7ad711bf6b83f,SO57369,9,BC-R205,1,9,a8ef76a01442567fb64eb6f4408a9835
14286,375bde15092f45652b6398c1dff650d0,830e779850b1d58733a7ad711bf6b83f,SO57369,742,BK-T18Y-58,1,742,a8ef76a01442567fb64eb6f4408a9835
14286,375bde15092f45652b6398c1dff650d0,830e779850b1d58733a7ad711bf6b83f,SO57369,54,SJ-0194-M,1,54,a8ef76a01442567fb64eb6f4408a9835
14286,375bde15092f45652b6398c1dff650d0,830e779850b1d58733a7ad711bf6b83f,SO57369,5,WB-H098,1,5,a8ef76a01442567fb64eb6f4408a9835
14286,93ddc10d6cf61153011df052aa76671f,7299e51cfc0d5174743a6701a8a96488,SO65672,4640,BK-M68S-46,2,4640,02b96ab6e0935145589be4e1408a1675
14286,93ddc10d6cf61153011df052aa76671f,7299e51cfc0d5174743a6701a8a96488,SO65672,55,HY-1023-70,1,55,02b96ab6e0935145589be4e1408a1675
14287,02b96ab6e0935145589be4e1408a1675,58f0b42da53adeeccbfa693883fea672,SO65383,4590,BK-M68B-42,2,4590,b68fd63ca41d49bfc1b18251202c053f
14287,02b96ab6e0935145589be4e1408a1675,58f0b42da53adeeccbfa693883fea672,SO65383,55,HY-1023-70,1,55,b68fd63ca41d49bfc1b18251202c053f
14287,2c9d527f6ea5c0d14748fcde2dc730c5,f67641ca977673896f765fef2e0d4486,SO49666,4098,BK-M68B-46,2,4098,4d786e5d2e5c70a53e6895eb52019501
14287,e0bcd0ff3072dfe15609d6be1529b0b8,c660dc308b247ce08aeecd155306bae0,SO60763,742,BK-T18Y-44,1,742,39ff8ac1e8a44088f96e17b846ec8baf
14288,5cdbc8775008d87082e2d847e626b2f8,4bd94d77610f3faab529dc08576e03ab,SO48413,2000,BK-R64Y-40,2,2000,bbe7548219ab98340a1170c8a2e7847b
14288,af1457846a79173ef71dd9d5dd69805a,254d832c83ccdb2c33eab65a4fd196ff,SO60362,4640,BK-M68S-42,2,4640,ce08c22f7777768ce4197eab9727516c
14288,af1457846a79173ef71dd9d5dd69805a,254d832c83ccdb2c33eab65a4fd196ff,SO60362,27,CA-1098,3,27,ce08c22f7777768ce4197eab9727516c
14288,af1457846a79173ef71dd9d5dd69805a,254d832c83ccdb2c33eab65a4fd196ff,SO60362,22,FE-6654,1,22,ce08c22f7777768ce4197eab9727516c
14289,53e3822e4ab7309bbe5f440fa5f4e7de,af0f2c97be3051a37eaf670bbd7408f8,SO48427,2000,BK-R64Y-48,2,2000,2f58ddcb4c9f30e1ac2a6edb90189d95
14289,ce08c22f7777768ce4197eab9727516c,4a800301260b2639fa1ec3efafb5f86c,SO60018,4590,BK-M68B-38,2,4590,5072507e949a2c25948a591c4da194e1
14289,ce08c22f7777768ce4197eab9727516c,4a800301260b2639fa1ec3efafb5f86c,SO60018,22,FE-6654,1,22,5072507e949a2c25948a591c4da194e1
14289,ce08c22f7777768ce4197eab9727516c,4a800301260b2639fa1ec3efafb5f86c,SO60018,48,GL-H102-M,2,48,5072507e949a2c25948a591c4da194e1
14289,ce08c22f7777768ce4197eab9727516c,4a800301260b2639fa1ec3efafb5f86c,SO60018,105,HL-U509,3,105,5072507e949a2c25948a591c4da194e1
14290,86e8658344547a7d34cd2bcd4750bd8f,8b4b8fc84396c30bd5bacc7370e1491c,SO48978,2000,BK-R64Y-44,2,2000,74245d8f0073f388c4be6464c8e2f29f
14290,e0bcd0ff3072dfe15609d6be1529b0b8,c660dc308b247ce08aeecd155306bae0,SO60736,4640,BK-M68S-38,2,4640,39ff8ac1e8a44088f96e17b846ec8baf
14290,e0bcd0ff3072dfe15609d6be1529b0b8,c660dc308b247ce08aeecd155306bae0,SO60736,22,FE-6654,1,22,39ff8ac1e8a44088f96e17b846ec8baf
14290,e0bcd0ff3072dfe15609d6be1529b0b8,c660dc308b247ce08aeecd155306bae0,SO60736,105,HL-U509-B,3,105,39ff8ac1e8a44088f96e17b846ec8baf
14291,4804ee33768b143d9706052696f7dfbd,7254e54716fe52361e62aa16ea2e0797,SO60273,70,SH-W890-M,1,70,c660dc308b247ce08aeecd155306bae0
14291,5e9b4970006d8f02ba0bc1763fa8b9a6,b2e85aa5f9c095607e638c7e6e2c694b,SO51940,10,BC-M005,1,10,ca510b577b53d588f80b4fc76030ea52
14291,5e9b4970006d8f02ba0bc1763fa8b9a6,b2e85aa5f9c095607e638c7e6e2c694b,SO51940,105,HL-U509,3,105,ca510b577b53d588f80b4fc76030ea52
14291,5e9b4970006d8f02ba0bc1763fa8b9a6,b2e85aa5f9c095607e638c7e6e2c694b,SO51940,5,WB-H098,1,5,ca510b577b53d588f80b4fc76030ea52
14291,94b225b5b1f09ecd5e8ecdfb681ff04c,03bf7d2a8718ee9aca4bd2f37e962fc4,SO64347,105,HL-U509-R,3,105,61e00b038efd34bdf9c747596273cbcf
14291,94b225b5b1f09ecd5e8ecdfb681ff04c,03bf7d2a8718ee9aca4bd2f37e962fc4,SO64347,35,TI-M823,1,35,61e00b038efd34bdf9c747596273cbcf
14291,94b225b5b1f09ecd5e8ecdfb681ff04c,03bf7d2a8718ee9aca4bd2f37e962fc4,SO64347,5,TT-M928,1,5,61e00b038efd34bdf9c747596273cbcf
14291,94b225b5b1f09ecd5e8ecdfb681ff04c,03bf7d2a8718ee9aca4bd2f37e962fc4,SO64347,64,VE-C304-M,1,64,61e00b038efd34bdf9c747596273cbcf
14292,b0a28b9424a894b803da41df596f0291,83e0911c7df633c9fad72d0a891f5e14,SO48967,2000,BK-R64Y-44,2,2000,dbd014c6041b3624cb17ead892c37e4d
14292,eef21e68ecca703bb338920b950f203c,f108e0cd2f96a0c22086f9d45ee08f19,SO60930,4590,BK-M68B-46,2,4590,b21e833d3ead6056f1265f13fe1ff015
14292,eef21e68ecca703bb338920b950f203c,f108e0cd2f96a0c22086f9d45ee08f19,SO60930,22,FE-6654,1,22,b21e833d3ead6056f1265f13fe1ff015
14292,eef21e68ecca703bb338920b950f203c,f108e0cd2f96a0c22086f9d45ee08f19,SO60930,2,PK-7098,1,2,b21e833d3ead6056f1265f13fe1ff015
14293,232e830f1ac667c081eaaca23cdf9b5f,4b5c3229e0725ef8d303f494db9faec8,SO64487,22,FE-6654,1,22,abe94c2111c58e9c9672602d41bce66e
14293,232e830f1ac667c081eaaca23cdf9b5f,4b5c3229e0725ef8d303f494db9faec8,SO64487,48,GL-H102-L,2,48,abe94c2111c58e9c9672602d41bce66e
14294,40ff348468b73116a7077c246985e0bf,a2c49941411089cb2a9cbf78cb803c26,SO56776,22,FE-6654,1,22,830e779850b1d58733a7ad711bf6b83f
14294,40ff348468b73116a7077c246985e0bf,a2c49941411089cb2a9cbf78cb803c26,SO56776,48,GL-H102-L,2,48,830e779850b1d58733a7ad711bf6b83f
14294,40ff348468b73116a7077c246985e0bf,a2c49941411089cb2a9cbf78cb803c26,SO56776,105,HL-U509-B,3,105,830e779850b1d58733a7ad711bf6b83f
14295,0df76889b3e31ccfd17b50cc73baef03,debbb2493c6588799fc787e1854bcda5,SO58800,22,FE-6654,1,22,6eaadc1181f307997dc853d9ed40db36
14295,0df76889b3e31ccfd17b50cc73baef03,debbb2493c6588799fc787e1854bcda5,SO58800,105,HL-U509-B,3,105,6eaadc1181f307997dc853d9ed40db36
14296,0df76889b3e31ccfd17b50cc73baef03,debbb2493c6588799fc787e1854bcda5,SO58801,10,BC-M005,1,10,6eaadc1181f307997dc853d9ed40db36
14296,0df76889b3e31ccfd17b50cc73baef03,debbb2493c6588799fc787e1854bcda5,SO58801,27,CA-1098,3,27,6eaadc1181f307997dc853d9ed40db36
14296,0df76889b3e31ccfd17b50cc73baef03,debbb2493c6588799fc787e1854bcda5,SO58801,22,FE-6654,1,22,6eaadc1181f307997dc853d9ed40db36
14296,0df76889b3e31ccfd17b50cc73baef03,debbb2493c6588799fc787e1854bcda5,SO58801,5,WB-H098,1,5,6eaadc1181f307997dc853d9ed40db36
14297,4a70a3ec50fd16032883bf6fc79c55dd,4804ee33768b143d9706052696f7dfbd,SO61075,4590,BK-M68B-42,2,4590,e0bcd0ff3072dfe15609d6be1529b0b8
14297,4a70a3ec50fd16032883bf6fc79c55dd,4804ee33768b143d9706052696f7dfbd,SO61075,35,TI-M823,1,35,e0bcd0ff3072dfe15609d6be1529b0b8
14297,4a70a3ec50fd16032883bf6fc79c55dd,4804ee33768b143d9706052696f7dfbd,SO61075,5,TT-M928,1,5,e0bcd0ff3072dfe15609d6be1529b0b8
14297,dbd014c6041b3624cb17ead892c37e4d,0c1f008e577b55c7f8b72ceeae17ff1c,SO48932,2000,BK-R64Y-42,2,2000,3d2f1a711567258a8d30dab6a6dbd8f6
14298,b21e833d3ead6056f1265f13fe1ff015,7983129d9883ebc3b9dce3311996b001,SO60604,4640,BK-M68S-38,2,4640,4804ee33768b143d9706052696f7dfbd
14298,b21e833d3ead6056f1265f13fe1ff015,7983129d9883ebc3b9dce3311996b001,SO60604,8,CL-9009,1,8,4804ee33768b143d9706052696f7dfbd
14298,b21e833d3ead6056f1265f13fe1ff015,7983129d9883ebc3b9dce3311996b001,SO60604,2,PK-7098,1,2,4804ee33768b143d9706052696f7dfbd
14298,b21e833d3ead6056f1265f13fe1ff015,7983129d9883ebc3b9dce3311996b001,SO60604,35,TI-M823,1,35,4804ee33768b143d9706052696f7dfbd
14298,cfa82f31e4639f537cf9d0fe9050f93b,782652638a2153c2b28e4a4522354d0f,SO48923,2000,BK-R64Y-40,2,2000,8b4b8fc84396c30bd5bacc7370e1491c
14299,6477c205c5117a9448ba863e111acf32,c926349b55a58d87d7d5008c349fd1e9,SO60894,742,BK-T18U-62,1,742,013f173c58073e845f675d26fdde1918
14299,6866da5d40f1aad2d82129d5ffa25bda,b68fd63ca41d49bfc1b18251202c053f,SO65784,4590,BK-M68B-42,2,4590,eea5b3bd1bd5d5c62a1d22f78d3ba263
14299,c00c38c95aa9544dce6852b834e4e8ab,3604937fec9f63b2bfd6c01fb97f2c14,SO49642,4142,BK-M68S-46,2,4142,141947ecbe6170100396f0be43a07a37
14300,42c14d5c5a8f3096180b16977a1ea248,141947ecbe6170100396f0be43a07a37,SO49709,4142,BK-M68S-38,2,4142,2c9d527f6ea5c0d14748fcde2dc730c5
14300,8e8847c1bdf012037ee13bb62da8a5c1,c507827aa5f4f6bbedf64058461c621b,SO67249,10,BC-M005,1,10,6dd75c28a9a8a39e02bc0a175f82a9f3
14300,8e8847c1bdf012037ee13bb62da8a5c1,c507827aa5f4f6bbedf64058461c621b,SO67249,4590,BK-M68B-42,2,4590,6dd75c28a9a8a39e02bc0a175f82a9f3
14300,8e8847c1bdf012037ee13bb62da8a5c1,c507827aa5f4f6bbedf64058461c621b,SO67249,35,TI-M823,1,35,6dd75c28a9a8a39e02bc0a175f82a9f3
14300,8e8847c1bdf012037ee13bb62da8a5c1,c507827aa5f4f6bbedf64058461c621b,SO67249,5,TT-M928,1,5,6dd75c28a9a8a39e02bc0a175f82a9f3
14300,8e8847c1bdf012037ee13bb62da8a5c1,c507827aa5f4f6bbedf64058461c621b,SO67249,5,WB-H098,1,5,6dd75c28a9a8a39e02bc0a175f82a9f3
14300,f46ace11e93788e473124f7be16a19d5,5c741aa8e0753be65314a304e7b39c14,SO62816,742,BK-T18U-44,1,742,4555f65c4664801d78b9f5477f89d8fd
14300,f46ace11e93788e473124f7be16a19d5,5c741aa8e0753be65314a304e7b39c14,SO62816,159,ST-1401,1,159,4555f65c4664801d78b9f5477f89d8fd
14301,058af5b2a408d57b708367e5bf4e9d9c,e82ca4c6beebe812f10fa1041b97a160,SO66820,4640,BK-M68S-42,2,4640,c507827aa5f4f6bbedf64058461c621b
14301,7c5572d8ea7717eb416a5478b1b0056f,59b3bce956067f996be5f0ddd87e18c7,SO49587,4142,BK-M68S-46,2,4142,cc2547b3671a031a723a4e3e241d0eed
14301,95103530881768b5cfc7e33970db9cd7,2ed3972e38245b633ec6b146c2970148,SO62469,742,BK-T18U-44,1,742,305c66634c155cab2b5cc3ce00351eb1
14301,95103530881768b5cfc7e33970db9cd7,2ed3972e38245b633ec6b146c2970148,SO62469,9,SO-R809-M,1,9,305c66634c155cab2b5cc3ce00351eb1
14302,07b7d2aed13a63a16377587dcc0abbe8,02b96ab6e0935145589be4e1408a1675,SO66137,10,BC-M005,1,10,6866da5d40f1aad2d82129d5ffa25bda
14302,07b7d2aed13a63a16377587dcc0abbe8,02b96ab6e0935145589be4e1408a1675,SO66137,4590,BK-M68B-38,2,4590,6866da5d40f1aad2d82129d5ffa25bda
14302,07b7d2aed13a63a16377587dcc0abbe8,02b96ab6e0935145589be4e1408a1675,SO66137,22,FE-6654,1,22,6866da5d40f1aad2d82129d5ffa25bda
14302,d1024973c3d10f08cb9fa1736e6ed8b7,f8025d3776b5f7522a6120cb4e9e0783,SO62393,742,BK-T18Y-58,1,742,5c741aa8e0753be65314a304e7b39c14
14302,f67641ca977673896f765fef2e0d4486,043dc8381a880800c6904db9a2d6994e,SO49553,4142,BK-M68S-42,2,4142,6b775fbfe9534ff161531d4406ebb878
14303,287c323e0efa1c1148232e905c3f7d34,c00c38c95aa9544dce6852b834e4e8ab,SO49754,4098,BK-M68B-42,2,4098,42c14d5c5a8f3096180b16977a1ea248
14303,4004a117f65dfd3221a9cce8fce5a45f,6ef7b4bb93d4e54234cf965ed2334682,SO66764,742,BK-T18Y-50,1,742,0120f4004ede1143c3be6caa4227affe
14303,bc761b2b7297029a695fbd6dd0470724,fef3080ec197edd1a04bb18afd31d16d,SO55664,769,BK-M38S-42,1,769,9b6872ca1d80024637e967d1066bba0a
14303,bc761b2b7297029a695fbd6dd0470724,fef3080ec197edd1a04bb18afd31d16d,SO55664,22,FE-6654,1,22,9b6872ca1d80024637e967d1066bba0a
14303,bc761b2b7297029a695fbd6dd0470724,fef3080ec197edd1a04bb18afd31d16d,SO55664,54,SJ-0194-X,1,54,9b6872ca1d80024637e967d1066bba0a
14304,1678083e7ff90bd404baad3f60bffa37,7b0730955172ecda497d7cca6b1d87a1,SO55797,769,BK-M38S-38,1,769,73a69a5c77a7d23172e54d7ce07a638e
14304,1bc9f4b5f1c56b7e2d5b17c27dad280f,42c14d5c5a8f3096180b16977a1ea248,SO49806,4098,BK-M68B-46,2,4098,d194d40a2a86356fa1572b2ef8e36048
14304,705fa39ab40831529471c768490339ab,63efdd3324df66c9965bd622cdebe06a,SO68885,742,BK-T18U-54,1,742,4584ca349e0920f4436a3c2f36158b85
14304,705fa39ab40831529471c768490339ab,63efdd3324df66c9965bd622cdebe06a,SO68885,105,HL-U509-R,3,105,4584ca349e0920f4436a3c2f36158b85
14305,287c323e0efa1c1148232e905c3f7d34,c00c38c95aa9544dce6852b834e4e8ab,SO49755,4098,BK-M68B-46,2,4098,42c14d5c5a8f3096180b16977a1ea248
14305,640540d73b85c3ecd2e3bf5541686e87,eba6cab7267f82e3b2a063d5ea445bb9,SO58762,769,BK-M38S-42,1,769,d630b2db6e8046e30b4728ca862ba4e1
14305,640540d73b85c3ecd2e3bf5541686e87,eba6cab7267f82e3b2a063d5ea445bb9,SO58762,2,PK-7098,1,2,d630b2db6e8046e30b4728ca862ba4e1
14305,640540d73b85c3ecd2e3bf5541686e87,eba6cab7267f82e3b2a063d5ea445bb9,SO58762,30,TI-M602,1,30,d630b2db6e8046e30b4728ca862ba4e1
14305,640540d73b85c3ecd2e3bf5541686e87,eba6cab7267f82e3b2a063d5ea445bb9,SO58762,5,TT-M928,1,5,d630b2db6e8046e30b4728ca862ba4e1
14305,691ad1b0dca3643b923973defd014d47,6dd75c28a9a8a39e02bc0a175f82a9f3,SO67837,742,BK-T18Y-44,1,742,9f1ff00ea8fd9fd8f2d421ba5ec45a18
14305,691ad1b0dca3643b923973defd014d47,6dd75c28a9a8a39e02bc0a175f82a9f3,SO67837,54,SJ-0194-M,1,54,9f1ff00ea8fd9fd8f2d421ba5ec45a18
14306,4d786e5d2e5c70a53e6895eb52019501,6b775fbfe9534ff161531d4406ebb878,SO49618,4142,BK-M68S-38,2,4142,785a283b263bd599ee5a0c2af80b43b0
14306,702a02712215141594ddf8e52b0a651c,cd15e5f80ff20dd345bfaa51400dd0d6,SO67572,742,BK-T18Y-58,1,742,caa707f97407c07371136aaf471a91d4
14306,ab4946738415af86b5e3cee69b13301f,ed268f8f3837888893f896b7240f1254,SO57292,769,BK-M38S-38,1,769,fde67888c64f701b59876ec559099b3e
14306,ab4946738415af86b5e3cee69b13301f,ed268f8f3837888893f896b7240f1254,SO57292,105,HL-U509-B,3,105,fde67888c64f701b59876ec559099b3e
14306,ab4946738415af86b5e3cee69b13301f,ed268f8f3837888893f896b7240f1254,SO57292,30,TI-M602,1,30,fde67888c64f701b59876ec559099b3e
14306,ab4946738415af86b5e3cee69b13301f,ed268f8f3837888893f896b7240f1254,SO57292,5,TT-M928,1,5,fde67888c64f701b59876ec559099b3e
14307,18025e6a8791d350428f65c0783ebd99,3c8e2c51453f4d665f1050da871dead6,SO56071,5,TT-T092,1,5,a9cefc49af6424b430612adfc69876ee
14307,3e07f09fb2edbdf0bf6a54c17634514b,dca79d69a6b38e95c4b03bfab997796c,SO52975,159,ST-1401,1,159,c375f33d72ca7161f341c2726e82d67a
14307,94c60e0b5e2b0f78b919a5d4c67d70a2,0d15ba5aa4c9ad0377b26e0cf7a86280,SO62160,2,PK-7098,1,2,9913e55755fcc4267a06c1e6adbbc7fb
14307,94c60e0b5e2b0f78b919a5d4c67d70a2,0d15ba5aa4c9ad0377b26e0cf7a86280,SO62160,25,TI-M267,1,25,9913e55755fcc4267a06c1e6adbbc7fb
14307,94c60e0b5e2b0f78b919a5d4c67d70a2,0d15ba5aa4c9ad0377b26e0cf7a86280,SO62160,5,TT-M928,1,5,9913e55755fcc4267a06c1e6adbbc7fb
14308,305c66634c155cab2b5cc3ce00351eb1,2becb9647677a1a316b388bbad689580,SO62155,9,BC-R205,1,9,922d04aa1f67bbe0270bfad98508f43e
14308,305c66634c155cab2b5cc3ce00351eb1,2becb9647677a1a316b388bbad689580,SO62155,742,BK-T18U-44,1,742,922d04aa1f67bbe0270bfad98508f43e
14308,305c66634c155cab2b5cc3ce00351eb1,2becb9647677a1a316b388bbad689580,SO62155,5,WB-H098,1,5,922d04aa1f67bbe0270bfad98508f43e
14308,42c14d5c5a8f3096180b16977a1ea248,141947ecbe6170100396f0be43a07a37,SO49710,4098,BK-M68B-46,2,4098,2c9d527f6ea5c0d14748fcde2dc730c5
14308,64cadfde6f66bc25043d0d69f5ae5471,18f358e551b5b85912bc952ab9894c0d,SO65856,10,BC-M005,1,10,8d1d4829b2e801ba4e41ba48f5a549d4
14308,64cadfde6f66bc25043d0d69f5ae5471,18f358e551b5b85912bc952ab9894c0d,SO65856,4640,BK-M68S-46,2,4640,8d1d4829b2e801ba4e41ba48f5a549d4
14308,64cadfde6f66bc25043d0d69f5ae5471,18f358e551b5b85912bc952ab9894c0d,SO65856,5,WB-H098,1,5,8d1d4829b2e801ba4e41ba48f5a549d4
14309,76e3c19dbb0dadc4c6dc771d856e4676,ad4fbe0c82c7e5968d4cf22c2ad19e28,SO53294,48,GL-H102-M,2,48,15699e35c72c4036c71409f3f3d69528
14309,76e3c19dbb0dadc4c6dc771d856e4676,ad4fbe0c82c7e5968d4cf22c2ad19e28,SO53294,150,LJ-0192-M,3,150,15699e35c72c4036c71409f3f3d69528
14309,f544b472453b297a8b55709fbfd3746d,70951886788165a5e2439adfce4d0cce,SO70021,25,TI-R628,1,25,331afa0aff1b1cfbf3d24944ab38c9d2
14310,0120f4004ede1143c3be6caa4227affe,93ddc10d6cf61153011df052aa76671f,SO66417,10,BC-M005,1,10,07b7d2aed13a63a16377587dcc0abbe8
14310,0120f4004ede1143c3be6caa4227affe,93ddc10d6cf61153011df052aa76671f,SO66417,4590,BK-M68B-42,2,4590,07b7d2aed13a63a16377587dcc0abbe8
14310,0120f4004ede1143c3be6caa4227affe,93ddc10d6cf61153011df052aa76671f,SO66417,55,HY-1023-70,1,55,07b7d2aed13a63a16377587dcc0abbe8
14310,0120f4004ede1143c3be6caa4227affe,93ddc10d6cf61153011df052aa76671f,SO66417,5,WB-H098,1,5,07b7d2aed13a63a16377587dcc0abbe8
14310,3f0c8308e4e2e5c4ddc1b7e19304f613,61e00b038efd34bdf9c747596273cbcf,SO64853,9,BC-R205,1,9,232e830f1ac667c081eaaca23cdf9b5f
14310,3f0c8308e4e2e5c4ddc1b7e19304f613,61e00b038efd34bdf9c747596273cbcf,SO64853,742,BK-T18Y-44,1,742,232e830f1ac667c081eaaca23cdf9b5f
14310,3f0c8308e4e2e5c4ddc1b7e19304f613,61e00b038efd34bdf9c747596273cbcf,SO64853,8,CL-9009,1,8,232e830f1ac667c081eaaca23cdf9b5f
14310,3f0c8308e4e2e5c4ddc1b7e19304f613,61e00b038efd34bdf9c747596273cbcf,SO64853,5,WB-H098,1,5,232e830f1ac667c081eaaca23cdf9b5f
14310,5b52026be4438e7bdff7efad86b3d446,1a957c2fc6360821c819775ff9ef6f7e,SO49740,4142,BK-M68S-42,2,4142,da59baff9b2091053d3cbde67efd84ca
14311,61e00b038efd34bdf9c747596273cbcf,7130adfd843cdcb6d0bcd9d13792693a,SO64000,105,HL-U509,3,105,4b5c3229e0725ef8d303f494db9faec8
14311,61e00b038efd34bdf9c747596273cbcf,7130adfd843cdcb6d0bcd9d13792693a,SO64000,25,TI-R628,1,25,4b5c3229e0725ef8d303f494db9faec8
14311,61e00b038efd34bdf9c747596273cbcf,7130adfd843cdcb6d0bcd9d13792693a,SO64000,4,TT-R982,1,4,4b5c3229e0725ef8d303f494db9faec8
14311,90c6314650a0d54fdcabe5cd5406f9af,f476906875bc5d9abe836b4ea1f485c1,SO53928,48,GL-H102-M,2,48,41464bd548f06ca845208f69df30ac82
14311,90c6314650a0d54fdcabe5cd5406f9af,f476906875bc5d9abe836b4ea1f485c1,SO53928,150,LJ-0192-M,3,150,41464bd548f06ca845208f69df30ac82
14312,03bf7d2a8718ee9aca4bd2f37e962fc4,290499d9b8e65db426ba9b842714eb6d,SO63553,25,TI-M267,1,25,7130adfd843cdcb6d0bcd9d13792693a
14312,3143ce3c6436ed5bd25398756b7b661d,6be9692276a308e4b872323af1ad8fe2,SO52932,2,PK-7098,1,2,ad4fbe0c82c7e5968d4cf22c2ad19e28
14312,3143ce3c6436ed5bd25398756b7b661d,6be9692276a308e4b872323af1ad8fe2,SO52932,5,TT-T092,1,5,ad4fbe0c82c7e5968d4cf22c2ad19e28
14312,4310d0d92131e34ff2716d85e1953174,90c6314650a0d54fdcabe5cd5406f9af,SO54597,159,ST-1401,1,159,d3c54b4368c62c2ff11535bf2b677170
14313,31c99d724c1f182c60edb82eb4740277,e84848120190a8d0e696fbeb15647a74,SO71224,105,HL-U509-B,3,105,3db19f5f710f10e90ecc7154c649d60a
14313,31c99d724c1f182c60edb82eb4740277,e84848120190a8d0e696fbeb15647a74,SO71224,5,TT-T092,1,5,3db19f5f710f10e90ecc7154c649d60a
14313,a1fedb8f5f2e08543339a5f167bee6b7,8b9fe4b34e3c54f08bfcac3d9691e260,SO64953,105,HL-U509,3,105,4eec6eda382b9c44e240ad4b4b5e9cc0
14313,a1fedb8f5f2e08543339a5f167bee6b7,8b9fe4b34e3c54f08bfcac3d9691e260,SO64953,25,TI-R628,1,25,4eec6eda382b9c44e240ad4b4b5e9cc0
14313,a1fedb8f5f2e08543339a5f167bee6b7,8b9fe4b34e3c54f08bfcac3d9691e260,SO64953,4,TT-R982,1,4,4eec6eda382b9c44e240ad4b4b5e9cc0
14313,f75e5f8c15ca91ec5c869dc3881f574f,3a23b248b732af434a45fce0302aa11f,SO63892,55,HY-1023-70,1,55,03bf7d2a8718ee9aca4bd2f37e962fc4
14313,f75e5f8c15ca91ec5c869dc3881f574f,3a23b248b732af434a45fce0302aa11f,SO63892,64,VE-C304-L,1,64,03bf7d2a8718ee9aca4bd2f37e962fc4
14314,013f173c58073e845f675d26fdde1918,ccb91034934bb047c5f6a32eb289b95b,SO60526,27,CA-1098,3,27,d6fb379288416774d139632beb88e26b
14314,013f173c58073e845f675d26fdde1918,ccb91034934bb047c5f6a32eb289b95b,SO60526,150,LJ-0192-M,3,150,d6fb379288416774d139632beb88e26b
14314,f75e5f8c15ca91ec5c869dc3881f574f,3a23b248b732af434a45fce0302aa11f,SO63884,105,HL-U509,3,105,03bf7d2a8718ee9aca4bd2f37e962fc4
14314,f75e5f8c15ca91ec5c869dc3881f574f,3a23b248b732af434a45fce0302aa11f,SO63884,25,TI-R628,1,25,03bf7d2a8718ee9aca4bd2f37e962fc4
14314,f75e5f8c15ca91ec5c869dc3881f574f,3a23b248b732af434a45fce0302aa11f,SO63884,4,TT-R982,1,4,03bf7d2a8718ee9aca4bd2f37e962fc4
14315,691ad1b0dca3643b923973defd014d47,6dd75c28a9a8a39e02bc0a175f82a9f3,SO67767,8,CL-9009,1,8,9f1ff00ea8fd9fd8f2d421ba5ec45a18
14315,691ad1b0dca3643b923973defd014d47,6dd75c28a9a8a39e02bc0a175f82a9f3,SO67767,2,PK-7098,1,2,9f1ff00ea8fd9fd8f2d421ba5ec45a18
14315,691ad1b0dca3643b923973defd014d47,6dd75c28a9a8a39e02bc0a175f82a9f3,SO67767,25,TI-R628,1,25,9f1ff00ea8fd9fd8f2d421ba5ec45a18
14315,eba5233d2dd8ea5031e646882335ece0,629ffff971d10f275a79a70fae527fbc,SO56606,48,GL-H102-S,2,48,b988e88fd94a3b47434beeb650cff880
14315,eba5233d2dd8ea5031e646882335ece0,629ffff971d10f275a79a70fae527fbc,SO56606,150,LJ-0192-X,3,150,b988e88fd94a3b47434beeb650cff880
14316,785a283b263bd599ee5a0c2af80b43b0,efe1c5e6e4edb477ce15d36dad6bbea3,SO49570,4098,BK-M68B-38,2,4098,cfcb9c0159ca1cf30a8521a2922136e4
14316,962bae2fb03296a3b9cacabfa929322c,0da2bc000f1fe4ea8746f9aea0bb5879,SO69158,742,BK-T18Y-50,1,742,c4369eefdf9bb8a3f9115e96b40aaf17
14316,962bae2fb03296a3b9cacabfa929322c,0da2bc000f1fe4ea8746f9aea0bb5879,SO69158,48,GL-H102-S,2,48,c4369eefdf9bb8a3f9115e96b40aaf17
14316,962bae2fb03296a3b9cacabfa929322c,0da2bc000f1fe4ea8746f9aea0bb5879,SO69158,105,HL-U509,3,105,c4369eefdf9bb8a3f9115e96b40aaf17
14316,962bae2fb03296a3b9cacabfa929322c,0da2bc000f1fe4ea8746f9aea0bb5879,SO69158,54,SJ-0194-L,1,54,c4369eefdf9bb8a3f9115e96b40aaf17
14316,962bae2fb03296a3b9cacabfa929322c,0da2bc000f1fe4ea8746f9aea0bb5879,SO69158,29,TI-T723,1,29,c4369eefdf9bb8a3f9115e96b40aaf17
14316,962bae2fb03296a3b9cacabfa929322c,0da2bc000f1fe4ea8746f9aea0bb5879,SO69158,5,TT-T092,1,5,c4369eefdf9bb8a3f9115e96b40aaf17
14316,9a95fdf4e925d9cbd65f87b5aa4ac212,478ecc8cdaa127c33884d9f6c72c2cd5,SO59629,769,BK-M38S-40,1,769,9e8cbc3edbb5efb3f48d6afb260e4725
14316,9a95fdf4e925d9cbd65f87b5aa4ac212,478ecc8cdaa127c33884d9f6c72c2cd5,SO59629,105,HL-U509-B,3,105,9e8cbc3edbb5efb3f48d6afb260e4725
14316,9a95fdf4e925d9cbd65f87b5aa4ac212,478ecc8cdaa127c33884d9f6c72c2cd5,SO59629,54,SJ-0194-L,1,54,9e8cbc3edbb5efb3f48d6afb260e4725
14317,e0cd1349b4c6e1b5f14ed427e358c2d0,f06fd077b6afc2d69af6e1e548da266d,SO70314,2,PK-7098,1,2,b95a9f47dd73bb9b799a31ae04ee7da1
14317,e0cd1349b4c6e1b5f14ed427e358c2d0,f06fd077b6afc2d69af6e1e548da266d,SO70314,25,TI-R628,1,25,b95a9f47dd73bb9b799a31ae04ee7da1
14317,e0cd1349b4c6e1b5f14ed427e358c2d0,f06fd077b6afc2d69af6e1e548da266d,SO70314,4,TT-R982,1,4,b95a9f47dd73bb9b799a31ae04ee7da1
14317,f799d104dd23bb828dcdaaefc4d25b61,ca510b577b53d588f80b4fc76030ea52,SO52292,150,LJ-0192-X,3,150,cfceb7490eff6e660974507be7c579c6
14318,18f358e551b5b85912bc952ab9894c0d,abe94c2111c58e9c9672602d41bce66e,SO64902,48,GL-H102-M,2,48,a6d37e298c3042e300813f55a17e0875
14318,18f358e551b5b85912bc952ab9894c0d,abe94c2111c58e9c9672602d41bce66e,SO64902,150,LJ-0192-X,3,150,a6d37e298c3042e300813f55a17e0875
14318,b8d9d66529b0a1e91f6137abcdd065dd,6d44506d59926d8d13d35f75d97f2a64,SO54196,105,HL-U509-R,3,105,90c6314650a0d54fdcabe5cd5406f9af
14318,b8d9d66529b0a1e91f6137abcdd065dd,6d44506d59926d8d13d35f75d97f2a64,SO54196,25,TI-R628,1,25,90c6314650a0d54fdcabe5cd5406f9af
14318,b8d9d66529b0a1e91f6137abcdd065dd,6d44506d59926d8d13d35f75d97f2a64,SO54196,4,TT-R982,1,4,90c6314650a0d54fdcabe5cd5406f9af
14319,b2ce0ef2540789e8a6976165b6c917d8,128ee9ff420de424a605a0ee4a6f7916,SO72359,105,HL-U509-B,3,105,dcf73f840a50da0145f24e8e0169dc4b
14319,b2ce0ef2540789e8a6976165b6c917d8,128ee9ff420de424a605a0ee4a6f7916,SO72359,25,TI-R628,1,25,dcf73f840a50da0145f24e8e0169dc4b
14319,b2ce0ef2540789e8a6976165b6c917d8,128ee9ff420de424a605a0ee4a6f7916,SO72359,4,TT-R982,1,4,dcf73f840a50da0145f24e8e0169dc4b
14319,d945ec2aae74dbfb829453026b91c235,348f48807f500aeac729fb17d9bc97f1,SO61321,48,GL-H102-L,2,48,eef21e68ecca703bb338920b950f203c
14319,d945ec2aae74dbfb829453026b91c235,348f48807f500aeac729fb17d9bc97f1,SO61321,150,LJ-0192-X,3,150,eef21e68ecca703bb338920b950f203c
14320,d1024973c3d10f08cb9fa1736e6ed8b7,f8025d3776b5f7522a6120cb4e9e0783,SO62349,150,LJ-0192-M,3,150,5c741aa8e0753be65314a304e7b39c14
14320,f88b3743a9ce1f9455b6de69380b486a,64cadfde6f66bc25043d0d69f5ae5471,SO66569,27,CA-1098,3,27,3dc63b2d6dcc8f0b6720b06b5439a0b1
14320,f88b3743a9ce1f9455b6de69380b486a,64cadfde6f66bc25043d0d69f5ae5471,SO66569,120,RA-H123,1,120,3dc63b2d6dcc8f0b6720b06b5439a0b1
14320,f88b3743a9ce1f9455b6de69380b486a,64cadfde6f66bc25043d0d69f5ae5471,SO66569,54,SJ-0194-S,1,54,3dc63b2d6dcc8f0b6720b06b5439a0b1
14320,f88b3743a9ce1f9455b6de69380b486a,64cadfde6f66bc25043d0d69f5ae5471,SO66569,25,TI-R628,1,25,3dc63b2d6dcc8f0b6720b06b5439a0b1
14320,f88b3743a9ce1f9455b6de69380b486a,64cadfde6f66bc25043d0d69f5ae5471,SO66569,4,TT-R982,1,4,3dc63b2d6dcc8f0b6720b06b5439a0b1
14321,49fce086a31f1cfcf16b54e462f7cbc0,99c8f306659fd98cbb9d7f03ec0c2a7a,SO70753,2,PK-7098,1,2,e84848120190a8d0e696fbeb15647a74
14321,49fce086a31f1cfcf16b54e462f7cbc0,99c8f306659fd98cbb9d7f03ec0c2a7a,SO70753,25,TI-R628,1,25,e84848120190a8d0e696fbeb15647a74
14321,77a2a0387f57f7477e6ad3b5f0bb3093,6cf9e035d2f1d8ffe1b9f2f96a9e7a3a,SO75003,150,LJ-0192-X,3,150,5728955fc583cbfd901d0ba25cb20f92
14322,6582aa26281b9a92ad60e6a03e274c00,232e830f1ac667c081eaaca23cdf9b5f,SO65442,4640,BK-M68S-46,2,4640,18f358e551b5b85912bc952ab9894c0d
14322,7a881e823dfa2748a8124f4b46b643af,30df06c098f61f2e78c2d0edb6e1b65a,SO49579,4098,BK-M68B-38,2,4098,3604937fec9f63b2bfd6c01fb97f2c14
14322,e82ca4c6beebe812f10fa1041b97a160,9d934f91c460e9947414d00048f2fa36,SO66077,742,BK-T18U-58,1,742,6d1d8a1c7851eb5a946d45009cea6d9f
14323,17a27272d9d53953cbf6d182310e95ec,7c5572d8ea7717eb416a5478b1b0056f,SO49696,4142,BK-M68S-46,2,4142,38d32d96c9adb3ccccf0e286aa08123c
14323,a1d0c0a14c6c8f8a8ef8220209c23a64,05e7920e8caf0303dc01b77666952b75,SO67015,742,BK-T18U-62,1,742,cd15e5f80ff20dd345bfaa51400dd0d6
14323,a1d0c0a14c6c8f8a8ef8220209c23a64,05e7920e8caf0303dc01b77666952b75,SO67015,29,TI-T723,1,29,cd15e5f80ff20dd345bfaa51400dd0d6
14323,eea5b3bd1bd5d5c62a1d22f78d3ba263,c87874400b9f907bdf9ea37d75a4b341,SO65496,4640,BK-M68S-42,2,4640,a1fedb8f5f2e08543339a5f167bee6b7
14323,eea5b3bd1bd5d5c62a1d22f78d3ba263,c87874400b9f907bdf9ea37d75a4b341,SO65496,22,FE-6654,1,22,a1fedb8f5f2e08543339a5f167bee6b7
14323,eea5b3bd1bd5d5c62a1d22f78d3ba263,c87874400b9f907bdf9ea37d75a4b341,SO65496,2,PK-7098,1,2,a1fedb8f5f2e08543339a5f167bee6b7
14323,eea5b3bd1bd5d5c62a1d22f78d3ba263,c87874400b9f907bdf9ea37d75a4b341,SO65496,35,TI-M823,1,35,a1fedb8f5f2e08543339a5f167bee6b7
14324,3a2f313512bb520c43971e54ba834dec,a1fedb8f5f2e08543339a5f167bee6b7,SO65949,742,BK-T18U-54,1,742,e2f0a420a4c1a9e8e292761f835e0489
14324,3a2f313512bb520c43971e54ba834dec,a1fedb8f5f2e08543339a5f167bee6b7,SO65949,105,HL-U509-B,3,105,e2f0a420a4c1a9e8e292761f835e0489
14324,4d786e5d2e5c70a53e6895eb52019501,6b775fbfe9534ff161531d4406ebb878,SO49619,4098,BK-M68B-46,2,4098,785a283b263bd599ee5a0c2af80b43b0
14324,c507827aa5f4f6bbedf64058461c621b,6d1d8a1c7851eb5a946d45009cea6d9f,SO66488,4590,BK-M68B-46,2,4590,dfcee565bb2da80a7b76451a5cd314a1
14325,0001ffe4d82d0d8f9fec5ab0b4faa2db,3dc63b2d6dcc8f0b6720b06b5439a0b1,SO67074,4590,BK-M68B-46,2,4590,4004a117f65dfd3221a9cce8fce5a45f
14325,0001ffe4d82d0d8f9fec5ab0b4faa2db,3dc63b2d6dcc8f0b6720b06b5439a0b1,SO67074,2,PK-7098,1,2,4004a117f65dfd3221a9cce8fce5a45f
14325,b7d5a5b8cc647eb5c041cfb92957acb2,da59baff9b2091053d3cbde67efd84ca,SO49784,4098,BK-M68B-46,2,4098,287c323e0efa1c1148232e905c3f7d34
14325,c885741a5e3e55c84950327011b70289,7e15f50bd26e439e6a22f5205a8064db,SO68677,9,BC-R205,1,9,0da2bc000f1fe4ea8746f9aea0bb5879
14325,c885741a5e3e55c84950327011b70289,7e15f50bd26e439e6a22f5205a8064db,SO68677,742,BK-T18Y-62,1,742,0da2bc000f1fe4ea8746f9aea0bb5879
14325,c885741a5e3e55c84950327011b70289,7e15f50bd26e439e6a22f5205a8064db,SO68677,150,LJ-0192-S,3,150,0da2bc000f1fe4ea8746f9aea0bb5879
14325,c885741a5e3e55c84950327011b70289,7e15f50bd26e439e6a22f5205a8064db,SO68677,5,WB-H098,1,5,0da2bc000f1fe4ea8746f9aea0bb5879
14326,0da2bc000f1fe4ea8746f9aea0bb5879,702a02712215141594ddf8e52b0a651c,SO68341,9,BC-R205,1,9,b34050290c25b0f7b52a2b8f767df87d
14326,0da2bc000f1fe4ea8746f9aea0bb5879,702a02712215141594ddf8e52b0a651c,SO68341,742,BK-T18Y-58,1,742,b34050290c25b0f7b52a2b8f767df87d
14326,0da2bc000f1fe4ea8746f9aea0bb5879,702a02712215141594ddf8e52b0a651c,SO68341,27,CA-1098,3,27,b34050290c25b0f7b52a2b8f767df87d
14326,0da2bc000f1fe4ea8746f9aea0bb5879,702a02712215141594ddf8e52b0a651c,SO68341,5,WB-H098,1,5,b34050290c25b0f7b52a2b8f767df87d
14326,4d786e5d2e5c70a53e6895eb52019501,6b775fbfe9534ff161531d4406ebb878,SO49620,4142,BK-M68S-46,2,4142,785a283b263bd599ee5a0c2af80b43b0
14326,6dd75c28a9a8a39e02bc0a175f82a9f3,dfcee565bb2da80a7b76451a5cd314a1,SO66930,4590,BK-M68B-38,2,4590,f88b3743a9ce1f9455b6de69380b486a
14326,6dd75c28a9a8a39e02bc0a175f82a9f3,dfcee565bb2da80a7b76451a5cd314a1,SO66930,22,FE-6654,1,22,f88b3743a9ce1f9455b6de69380b486a
14326,6dd75c28a9a8a39e02bc0a175f82a9f3,dfcee565bb2da80a7b76451a5cd314a1,SO66930,54,SJ-0194-L,1,54,f88b3743a9ce1f9455b6de69380b486a
14327,2797a91b25bc2aa85124c99bc574dc83,86bfb8ffc7a79e52d833cedce4d275bf,SO71057,8,CL-9009,1,8,a9adf65abbb865184bf924d14a93d0c4
14327,2797a91b25bc2aa85124c99bc574dc83,86bfb8ffc7a79e52d833cedce4d275bf,SO71057,22,FE-6654,1,22,a9adf65abbb865184bf924d14a93d0c4
14327,2797a91b25bc2aa85124c99bc574dc83,86bfb8ffc7a79e52d833cedce4d275bf,SO71057,2,PK-7098,1,2,a9adf65abbb865184bf924d14a93d0c4
14328,0120f4004ede1143c3be6caa4227affe,93ddc10d6cf61153011df052aa76671f,SO66386,48,GL-H102-M,2,48,07b7d2aed13a63a16377587dcc0abbe8
14328,0120f4004ede1143c3be6caa4227affe,93ddc10d6cf61153011df052aa76671f,SO66386,105,HL-U509-B,3,105,07b7d2aed13a63a16377587dcc0abbe8
14328,0120f4004ede1143c3be6caa4227affe,93ddc10d6cf61153011df052aa76671f,SO66386,25,TI-M267,1,25,07b7d2aed13a63a16377587dcc0abbe8
14328,0120f4004ede1143c3be6caa4227affe,93ddc10d6cf61153011df052aa76671f,SO66386,5,TT-M928,1,5,07b7d2aed13a63a16377587dcc0abbe8
14328,36ab6f1df21f3c9a169c8942e981959a,058af5b2a408d57b708367e5bf4e9d9c,SO67651,105,HL-U509,3,105,8e8847c1bdf012037ee13bb62da8a5c1
14328,36ab6f1df21f3c9a169c8942e981959a,058af5b2a408d57b708367e5bf4e9d9c,SO67651,25,TI-R628,1,25,8e8847c1bdf012037ee13bb62da8a5c1
14328,36ab6f1df21f3c9a169c8942e981959a,058af5b2a408d57b708367e5bf4e9d9c,SO67651,4,TT-R982,1,4,8e8847c1bdf012037ee13bb62da8a5c1
14328,3c8e2c51453f4d665f1050da871dead6,1f50dad3f1493a5cf408c4eb3987479e,SO55431,2,PK-7098,1,2,d34ba8f5d7fd7d5959a34c283fbec422
14328,3c8e2c51453f4d665f1050da871dead6,1f50dad3f1493a5cf408c4eb3987479e,SO55431,35,TI-M823,1,35,d34ba8f5d7fd7d5959a34c283fbec422
14328,3c8e2c51453f4d665f1050da871dead6,1f50dad3f1493a5cf408c4eb3987479e,SO55431,5,TT-M928,1,5,d34ba8f5d7fd7d5959a34c283fbec422
14328,7b0730955172ecda497d7cca6b1d87a1,d3c54b4368c62c2ff11535bf2b677170,SO54986,27,CA-1098,3,27,5a06908cc28b799b04fc1c47664462e6
14328,7b0730955172ecda497d7cca6b1d87a1,d3c54b4368c62c2ff11535bf2b677170,SO54986,54,SJ-0194-L,1,54,5a06908cc28b799b04fc1c47664462e6
14328,f476906875bc5d9abe836b4ea1f485c1,f04e53711455521533f4c5ed7dcaa287,SO53149,10,BC-M005,1,10,15aceb75d86814cb479f1b1a9487c3d4
14328,f476906875bc5d9abe836b4ea1f485c1,f04e53711455521533f4c5ed7dcaa287,SO53149,105,HL-U509-R,3,105,15aceb75d86814cb479f1b1a9487c3d4
14328,f476906875bc5d9abe836b4ea1f485c1,f04e53711455521533f4c5ed7dcaa287,SO53149,5,WB-H098,1,5,15aceb75d86814cb479f1b1a9487c3d4
14329,361e2c62255e0c1887ac2139911ca300,20b5e9ce0f87defd975a322149ec8cc6,SO51913,10,BC-M005,1,10,eedd9be5500334505ed9d4aef801ac3d
14329,361e2c62255e0c1887ac2139911ca300,20b5e9ce0f87defd975a322149ec8cc6,SO51913,22,FE-6654,1,22,eedd9be5500334505ed9d4aef801ac3d
14329,361e2c62255e0c1887ac2139911ca300,20b5e9ce0f87defd975a322149ec8cc6,SO51913,55,HY-1023-70,1,55,eedd9be5500334505ed9d4aef801ac3d
14329,361e2c62255e0c1887ac2139911ca300,20b5e9ce0f87defd975a322149ec8cc6,SO51913,5,WB-H098,1,5,eedd9be5500334505ed9d4aef801ac3d
14330,b0b2c17e5682f78d8fc262463fd0a4f3,375bde15092f45652b6398c1dff650d0,SO57998,769,BK-M38S-40,1,769,5e1b952a22eccca86f7f056a9efb42a4
14330,b0b2c17e5682f78d8fc262463fd0a4f3,375bde15092f45652b6398c1dff650d0,SO57998,2,PK-7098,1,2,5e1b952a22eccca86f7f056a9efb42a4
14330,b0b2c17e5682f78d8fc262463fd0a4f3,375bde15092f45652b6398c1dff650d0,SO57998,30,TI-M602,1,30,5e1b952a22eccca86f7f056a9efb42a4
14330,b0b2c17e5682f78d8fc262463fd0a4f3,375bde15092f45652b6398c1dff650d0,SO57998,5,TT-M928,1,5,5e1b952a22eccca86f7f056a9efb42a4
14331,6dd75c28a9a8a39e02bc0a175f82a9f3,dfcee565bb2da80a7b76451a5cd314a1,SO66917,22,FE-6654,1,22,f88b3743a9ce1f9455b6de69380b486a
14331,6dd75c28a9a8a39e02bc0a175f82a9f3,dfcee565bb2da80a7b76451a5cd314a1,SO66917,105,HL-U509-B,3,105,f88b3743a9ce1f9455b6de69380b486a
14332,5072507e949a2c25948a591c4da194e1,a189cc17a15cdb4e39e80dfcd8374c76,SO59668,10,BC-M005,1,10,ad0b7f5ad35732646f1e5f67418d5995
14332,6582aa26281b9a92ad60e6a03e274c00,232e830f1ac667c081eaaca23cdf9b5f,SO65409,25,TI-R628,1,25,18f358e551b5b85912bc952ab9894c0d
14332,9a95fdf4e925d9cbd65f87b5aa4ac212,478ecc8cdaa127c33884d9f6c72c2cd5,SO59615,35,TI-M823,1,35,9e8cbc3edbb5efb3f48d6afb260e4725
14332,a6d37e298c3042e300813f55a17e0875,99b7e934795a93975a5e0c0b9b57d9ba,SO64627,2,PK-7098,1,2,b0241b451647f25db5f52074445d820c
14332,a6d37e298c3042e300813f55a17e0875,99b7e934795a93975a5e0c0b9b57d9ba,SO64627,25,TI-M267,1,25,b0241b451647f25db5f52074445d820c
14332,a6d37e298c3042e300813f55a17e0875,99b7e934795a93975a5e0c0b9b57d9ba,SO64627,5,TT-M928,1,5,b0241b451647f25db5f52074445d820c
14333,38c9e5d1e366b4c5c36aae682bc960c4,8fa3bab223bec6501ad71f96bb1067b6,SO71661,22,FE-6654,1,22,58c4ce5b9433e7b6d41793d5a76d5590
14333,38c9e5d1e366b4c5c36aae682bc960c4,8fa3bab223bec6501ad71f96bb1067b6,SO71661,48,GL-H102-L,2,48,58c4ce5b9433e7b6d41793d5a76d5590
14333,38c9e5d1e366b4c5c36aae682bc960c4,8fa3bab223bec6501ad71f96bb1067b6,SO71661,105,HL-U509,3,105,58c4ce5b9433e7b6d41793d5a76d5590
14334,1d94ce9f1e285f2d6cb6680691aed781,d9ca82639ba070f97bdfe96c9e85b4c4,SO48996,2000,BK-R64Y-44,2,2000,7328906f8bab0a3b391053e4df6588d3
14334,ef5bad66aa19ccfb82cacb73584b83ea,0e23f371129aecc6b2033620b226f8d7,SO57888,769,BK-M38S-38,1,769,485ae69515bc4c60ef546ff289741f60
14334,ef5bad66aa19ccfb82cacb73584b83ea,0e23f371129aecc6b2033620b226f8d7,SO57888,27,CA-1098,3,27,485ae69515bc4c60ef546ff289741f60
14334,ef5bad66aa19ccfb82cacb73584b83ea,0e23f371129aecc6b2033620b226f8d7,SO57888,70,SH-W890-M,1,70,485ae69515bc4c60ef546ff289741f60
14335,df595e3c678d4fae23ce174fe747165e,07b31bae17c7890b17d79a654aa230cf,SO58885,769,BK-M38S-38,1,769,75fe8d7dec9d2a51be64595ab37dc674
14335,df595e3c678d4fae23ce174fe747165e,07b31bae17c7890b17d79a654aa230cf,SO58885,105,HL-U509,3,105,75fe8d7dec9d2a51be64595ab37dc674
14335,f990b5152ee42d12906765f468f9e605,dc4e871b1fb11890821e8f8192f25df1,SO48797,2000,BK-R64Y-42,2,2000,12b1840e7453d3f4221dc0d69006ef40
14336,99ceae0afd3bddfab39f9341c7fd7a90,5881f2ec92a43470fcbe3d3477a2a1fe,SO48847,2000,BK-R64Y-40,2,2000,6c1f25b149f7224c4de256ef6e37c951
14336,b0b2c17e5682f78d8fc262463fd0a4f3,375bde15092f45652b6398c1dff650d0,SO57999,769,BK-M38S-42,1,769,5e1b952a22eccca86f7f056a9efb42a4
14336,b0b2c17e5682f78d8fc262463fd0a4f3,375bde15092f45652b6398c1dff650d0,SO57999,70,SH-W890-L,1,70,5e1b952a22eccca86f7f056a9efb42a4
14336,b0b2c17e5682f78d8fc262463fd0a4f3,375bde15092f45652b6398c1dff650d0,SO57999,54,SJ-0194-M,1,54,5e1b952a22eccca86f7f056a9efb42a4
14337,3fbd0407b55d3a3da21388a2ddbf881c,ab4946738415af86b5e3cee69b13301f,SO57938,769,BK-M38S-40,1,769,5abaefcc8525a8f4cfd95cba9e926532
14337,3fbd0407b55d3a3da21388a2ddbf881c,ab4946738415af86b5e3cee69b13301f,SO57938,8,CL-9009,1,8,5abaefcc8525a8f4cfd95cba9e926532
14337,3fbd0407b55d3a3da21388a2ddbf881c,ab4946738415af86b5e3cee69b13301f,SO57938,2,PK-7098,1,2,5abaefcc8525a8f4cfd95cba9e926532
14337,3fbd0407b55d3a3da21388a2ddbf881c,ab4946738415af86b5e3cee69b13301f,SO57938,30,TI-M602,1,30,5abaefcc8525a8f4cfd95cba9e926532
14337,3fbd0407b55d3a3da21388a2ddbf881c,ab4946738415af86b5e3cee69b13301f,SO57938,5,TT-M928,1,5,5abaefcc8525a8f4cfd95cba9e926532
14337,e34e7eb0c21a4e95026c6fae15677b7a,86e8658344547a7d34cd2bcd4750bd8f,SO49212,2000,BK-R64Y-44,2,2000,dbfd88fff205d4dd875043cc0852f905
14338,07b31bae17c7890b17d79a654aa230cf,a976f17830aceaaa93d5daef0bc209a3,SO58176,769,BK-M38S-46,1,769,ef5bad66aa19ccfb82cacb73584b83ea
14338,07b31bae17c7890b17d79a654aa230cf,a976f17830aceaaa93d5daef0bc209a3,SO58176,22,FE-6654,1,22,ef5bad66aa19ccfb82cacb73584b83ea
14338,07b31bae17c7890b17d79a654aa230cf,a976f17830aceaaa93d5daef0bc209a3,SO58176,2,PK-7098,1,2,ef5bad66aa19ccfb82cacb73584b83ea
14338,07b31bae17c7890b17d79a654aa230cf,a976f17830aceaaa93d5daef0bc209a3,SO58176,30,TI-M602,1,30,ef5bad66aa19ccfb82cacb73584b83ea
14338,07b31bae17c7890b17d79a654aa230cf,a976f17830aceaaa93d5daef0bc209a3,SO58176,5,TT-M928,1,5,ef5bad66aa19ccfb82cacb73584b83ea
14339,072bf847aeeee970f66483e596496cd9,cfceb7490eff6e660974507be7c579c6,SO52653,10,BC-M005,1,10,dca79d69a6b38e95c4b03bfab997796c
14339,072bf847aeeee970f66483e596496cd9,cfceb7490eff6e660974507be7c579c6,SO52653,22,FE-6654,1,22,dca79d69a6b38e95c4b03bfab997796c
14339,072bf847aeeee970f66483e596496cd9,cfceb7490eff6e660974507be7c579c6,SO52653,105,HL-U509-R,3,105,dca79d69a6b38e95c4b03bfab997796c
14339,072bf847aeeee970f66483e596496cd9,cfceb7490eff6e660974507be7c579c6,SO52653,5,WB-H098,1,5,dca79d69a6b38e95c4b03bfab997796c
14340,d612b5fb3f6011688fb0c9927693365a,3e107cd1554225ea3056ed5010adce90,SO74398,22,FE-6654,1,22,a1e59736d286765313b8212467dc64b2
14341,021d7f51f97fea2b23b069288066b34d,722dc621a1a56555843f574144bfcdf0,SO74925,105,HL-U509-R,3,105,bb858b10001c01aea17b4e635d0662a2
14341,021d7f51f97fea2b23b069288066b34d,722dc621a1a56555843f574144bfcdf0,SO74925,29,TI-T723,1,29,bb858b10001c01aea17b4e635d0662a2
14341,021d7f51f97fea2b23b069288066b34d,722dc621a1a56555843f574144bfcdf0,SO74925,5,TT-T092,1,5,bb858b10001c01aea17b4e635d0662a2
14341,66e56e10b0f528b66a45e307ecdf4774,691ad1b0dca3643b923973defd014d47,SO68567,10,BC-M005,1,10,8eb7a1b0dba9fdd5f4248b9cb6b9119b
14341,66e56e10b0f528b66a45e307ecdf4774,691ad1b0dca3643b923973defd014d47,SO68567,27,CA-1098,3,27,8eb7a1b0dba9fdd5f4248b9cb6b9119b
14341,66e56e10b0f528b66a45e307ecdf4774,691ad1b0dca3643b923973defd014d47,SO68567,5,WB-H098,1,5,8eb7a1b0dba9fdd5f4248b9cb6b9119b
14341,9913e55755fcc4267a06c1e6adbbc7fb,4a70a3ec50fd16032883bf6fc79c55dd,SO61897,22,FE-6654,1,22,d53f9d33cac0a297449a74a10d031570
14341,9913e55755fcc4267a06c1e6adbbc7fb,4a70a3ec50fd16032883bf6fc79c55dd,SO61897,150,LJ-0192-X,3,150,d53f9d33cac0a297449a74a10d031570
14341,9913e55755fcc4267a06c1e6adbbc7fb,4a70a3ec50fd16032883bf6fc79c55dd,SO61897,35,TI-M823,1,35,d53f9d33cac0a297449a74a10d031570
14341,9913e55755fcc4267a06c1e6adbbc7fb,4a70a3ec50fd16032883bf6fc79c55dd,SO61897,5,TT-M928,1,5,d53f9d33cac0a297449a74a10d031570
14341,e82ca4c6beebe812f10fa1041b97a160,9d934f91c460e9947414d00048f2fa36,SO66037,8,CL-9009,1,8,6d1d8a1c7851eb5a946d45009cea6d9f
14341,e82ca4c6beebe812f10fa1041b97a160,9d934f91c460e9947414d00048f2fa36,SO66037,2,PK-7098,1,2,6d1d8a1c7851eb5a946d45009cea6d9f
14341,e82ca4c6beebe812f10fa1041b97a160,9d934f91c460e9947414d00048f2fa36,SO66037,25,TI-R628,1,25,6d1d8a1c7851eb5a946d45009cea6d9f
14341,e82ca4c6beebe812f10fa1041b97a160,9d934f91c460e9947414d00048f2fa36,SO66037,4,TT-R982,1,4,6d1d8a1c7851eb5a946d45009cea6d9f
14342,174acf6ca4e9804d47a59a499422e621,5abaefcc8525a8f4cfd95cba9e926532,SO58332,769,BK-M38S-42,1,769,eba6cab7267f82e3b2a063d5ea445bb9
14342,174acf6ca4e9804d47a59a499422e621,5abaefcc8525a8f4cfd95cba9e926532,SO58332,105,HL-U509-B,3,105,eba6cab7267f82e3b2a063d5ea445bb9
14342,daac5732a7741792804c19340b534bae,7328906f8bab0a3b391053e4df6588d3,SO49178,2000,BK-R64Y-44,2,2000,c8db84e7a63e3fa5806b462c51f794cd
14343,ab4946738415af86b5e3cee69b13301f,ed268f8f3837888893f896b7240f1254,SO57286,769,BK-M38S-46,1,769,fde67888c64f701b59876ec559099b3e
14343,ab4946738415af86b5e3cee69b13301f,ed268f8f3837888893f896b7240f1254,SO57286,70,SH-W890-M,1,70,fde67888c64f701b59876ec559099b3e
14343,efe1c5e6e4edb477ce15d36dad6bbea3,8a9e9eb9bf34bfb298138c0b091eaf0a,SO49359,2000,BK-R64Y-42,2,2000,ff2bf25190a8fcdee3d17552f1914d11
14344,1ba7e8cdf85da6cf5e11554703236b52,9592b44e2c3f304a9875f45537bec6eb,SO73653,27,CA-1098,3,27,4c6ed4daa82e7326b84c24f4c2ae7064
14344,1ba7e8cdf85da6cf5e11554703236b52,9592b44e2c3f304a9875f45537bec6eb,SO73653,54,SJ-0194-X,1,54,4c6ed4daa82e7326b84c24f4c2ae7064
14344,ed268f8f3837888893f896b7240f1254,a9cefc49af6424b430612adfc69876ee,SO56431,105,HL-U509-B,3,105,6353a8421ee460b64f2c988cc72a8391
14344,ed268f8f3837888893f896b7240f1254,a9cefc49af6424b430612adfc69876ee,SO56431,25,TI-R628,1,25,6353a8421ee460b64f2c988cc72a8391
14344,ed268f8f3837888893f896b7240f1254,a9cefc49af6424b430612adfc69876ee,SO56431,4,TT-R982,1,4,6353a8421ee460b64f2c988cc72a8391
14345,4c6ed4daa82e7326b84c24f4c2ae7064,b2ce0ef2540789e8a6976165b6c917d8,SO73333,742,BK-T18U-54,1,742,aa14ddbc43aa2d3be1e6ac019bb7b5bc
14345,785a283b263bd599ee5a0c2af80b43b0,efe1c5e6e4edb477ce15d36dad6bbea3,SO49571,4098,BK-M68B-38,2,4098,cfcb9c0159ca1cf30a8521a2922136e4
14345,c660dc308b247ce08aeecd155306bae0,e7df1b3ee078bdcfc260a877f321287d,SO59981,769,BK-M38S-38,1,769,9a95fdf4e925d9cbd65f87b5aa4ac212
14345,c660dc308b247ce08aeecd155306bae0,e7df1b3ee078bdcfc260a877f321287d,SO59981,70,SH-W890-L,1,70,9a95fdf4e925d9cbd65f87b5aa4ac212
14345,c660dc308b247ce08aeecd155306bae0,e7df1b3ee078bdcfc260a877f321287d,SO59981,9,SO-R809-L,1,9,9a95fdf4e925d9cbd65f87b5aa4ac212
14346,1bc9f4b5f1c56b7e2d5b17c27dad280f,42c14d5c5a8f3096180b16977a1ea248,SO49807,4142,BK-M68S-46,2,4142,d194d40a2a86356fa1572b2ef8e36048
14346,94c60e0b5e2b0f78b919a5d4c67d70a2,0d15ba5aa4c9ad0377b26e0cf7a86280,SO62230,769,BK-M38S-38,1,769,9913e55755fcc4267a06c1e6adbbc7fb
14346,c83e871e48c2716e0f28e60d166a5c98,6a8d7e42bb852c45fbf8610361d391a0,SO72127,742,BK-T18U-62,1,742,c4c454d69a39e60a6f5cf2f97148adad
14347,bfe24702a7cb81c4620880adb1bf9ffe,ac203ebd768c37b8ea6931e800115ae2,SO49767,4142,BK-M68S-46,2,4142,5b52026be4438e7bdff7efad86b3d446
14347,db2f6a564b6f5f41253c68874b50962b,76918877cf6ce7011018cd9708723392,SO62282,769,BK-M38S-46,1,769,606ed413481267c98754e3351f662859
14347,db2f6a564b6f5f41253c68874b50962b,76918877cf6ce7011018cd9708723392,SO62282,48,GL-H102-L,2,48,606ed413481267c98754e3351f662859
14347,db2f6a564b6f5f41253c68874b50962b,76918877cf6ce7011018cd9708723392,SO62282,105,HL-U509-R,3,105,606ed413481267c98754e3351f662859
14348,290499d9b8e65db426ba9b842714eb6d,606ed413481267c98754e3351f662859,SO62692,769,BK-M38S-46,1,769,d1024973c3d10f08cb9fa1736e6ed8b7
14348,290499d9b8e65db426ba9b842714eb6d,606ed413481267c98754e3351f662859,SO62692,48,GL-H102-L,2,48,d1024973c3d10f08cb9fa1736e6ed8b7
14348,290499d9b8e65db426ba9b842714eb6d,606ed413481267c98754e3351f662859,SO62692,70,SH-W890-M,1,70,d1024973c3d10f08cb9fa1736e6ed8b7
14348,290499d9b8e65db426ba9b842714eb6d,606ed413481267c98754e3351f662859,SO62692,54,SJ-0194-M,1,54,d1024973c3d10f08cb9fa1736e6ed8b7
14348,4d786e5d2e5c70a53e6895eb52019501,6b775fbfe9534ff161531d4406ebb878,SO49621,4142,BK-M68S-38,2,4142,785a283b263bd599ee5a0c2af80b43b0
14349,dfcee565bb2da80a7b76451a5cd314a1,6582aa26281b9a92ad60e6a03e274c00,SO66174,22,FE-6654,1,22,64cadfde6f66bc25043d0d69f5ae5471
14349,dfcee565bb2da80a7b76451a5cd314a1,6582aa26281b9a92ad60e6a03e274c00,SO66174,105,HL-U509-B,3,105,64cadfde6f66bc25043d0d69f5ae5471
14350,f88b3743a9ce1f9455b6de69380b486a,64cadfde6f66bc25043d0d69f5ae5471,SO66603,10,BC-M005,1,10,3dc63b2d6dcc8f0b6720b06b5439a0b1
14350,f88b3743a9ce1f9455b6de69380b486a,64cadfde6f66bc25043d0d69f5ae5471,SO66603,22,FE-6654,1,22,3dc63b2d6dcc8f0b6720b06b5439a0b1
14350,f88b3743a9ce1f9455b6de69380b486a,64cadfde6f66bc25043d0d69f5ae5471,SO66603,105,HL-U509-B,3,105,3dc63b2d6dcc8f0b6720b06b5439a0b1
14350,f88b3743a9ce1f9455b6de69380b486a,64cadfde6f66bc25043d0d69f5ae5471,SO66603,5,WB-H098,1,5,3dc63b2d6dcc8f0b6720b06b5439a0b1
14351,5a06908cc28b799b04fc1c47664462e6,da9c4ba6c9a1ae8725389bfd38b5763a,SO54742,22,FE-6654,1,22,6d338b8c41c717c4336ad0084a80dca4
14351,5a06908cc28b799b04fc1c47664462e6,da9c4ba6c9a1ae8725389bfd38b5763a,SO54742,105,HL-U509-B,3,105,6d338b8c41c717c4336ad0084a80dca4
14352,9913e55755fcc4267a06c1e6adbbc7fb,4a70a3ec50fd16032883bf6fc79c55dd,SO61882,22,FE-6654,1,22,d53f9d33cac0a297449a74a10d031570
14352,9913e55755fcc4267a06c1e6adbbc7fb,4a70a3ec50fd16032883bf6fc79c55dd,SO61882,64,VE-C304-S,1,64,d53f9d33cac0a297449a74a10d031570
14353,0c8ff735cb2b05718573c08173335fd4,1685ca8ff12ea83725a1c35e1d89c5cd,SO54510,105,HL-U509-R,3,105,b8d9d66529b0a1e91f6137abcdd065dd
14353,0c8ff735cb2b05718573c08173335fd4,1685ca8ff12ea83725a1c35e1d89c5cd,SO54510,35,TI-M823,1,35,b8d9d66529b0a1e91f6137abcdd065dd
14353,0c8ff735cb2b05718573c08173335fd4,1685ca8ff12ea83725a1c35e1d89c5cd,SO54510,5,TT-M928,1,5,b8d9d66529b0a1e91f6137abcdd065dd
14353,3c1811b546060d91957cc446aabc4a3c,3c4bf68562424c26986beae6ce13704a,SO55703,10,BC-M005,1,10,3c8e2c51453f4d665f1050da871dead6
14353,3c1811b546060d91957cc446aabc4a3c,3c4bf68562424c26986beae6ce13704a,SO55703,5,WB-H098,1,5,3c8e2c51453f4d665f1050da871dead6
14353,3c8e2c51453f4d665f1050da871dead6,1f50dad3f1493a5cf408c4eb3987479e,SO55405,2,PK-7098,1,2,d34ba8f5d7fd7d5959a34c283fbec422
14353,3c8e2c51453f4d665f1050da871dead6,1f50dad3f1493a5cf408c4eb3987479e,SO55405,33,TI-R982,1,33,d34ba8f5d7fd7d5959a34c283fbec422
14353,3c8e2c51453f4d665f1050da871dead6,1f50dad3f1493a5cf408c4eb3987479e,SO55405,4,TT-R982,1,4,d34ba8f5d7fd7d5959a34c283fbec422
14354,331afa0aff1b1cfbf3d24944ab38c9d2,c885741a5e3e55c84950327011b70289,SO69716,1701,BK-R79Y-42,1,1701,962bae2fb03296a3b9cacabfa929322c
14354,331afa0aff1b1cfbf3d24944ab38c9d2,c885741a5e3e55c84950327011b70289,SO69716,54,SJ-0194-S,1,54,962bae2fb03296a3b9cacabfa929322c
14354,79e45486ec381a8d5022628ddaa21b8b,c6cff482661a9daa82c86dddcf00c0e4,SO49420,2000,BK-R64Y-48,2,2000,30df06c098f61f2e78c2d0edb6e1b65a
14355,22ba60942e58ccfed22ed8a64ec86aa3,120e988208d0c7478eebe7175e557b29,SO49317,2000,BK-R64Y-38,2,2000,61f221efdc5f1284178644e84c13fc7c
14355,b0b2c17e5682f78d8fc262463fd0a4f3,375bde15092f45652b6398c1dff650d0,SO57997,769,BK-M38S-46,1,769,5e1b952a22eccca86f7f056a9efb42a4
14355,b0b2c17e5682f78d8fc262463fd0a4f3,375bde15092f45652b6398c1dff650d0,SO57997,105,HL-U509,3,105,5e1b952a22eccca86f7f056a9efb42a4
14356,6b775fbfe9534ff161531d4406ebb878,6a98156d9aad5c7ca324267d73f9c9ca,SO49407,2000,BK-R64Y-48,2,2000,efe1c5e6e4edb477ce15d36dad6bbea3
14356,9a95fdf4e925d9cbd65f87b5aa4ac212,478ecc8cdaa127c33884d9f6c72c2cd5,SO59625,4590,BK-M68B-38,2,4590,9e8cbc3edbb5efb3f48d6afb260e4725
14356,9a95fdf4e925d9cbd65f87b5aa4ac212,478ecc8cdaa127c33884d9f6c72c2cd5,SO59625,22,FE-6654,1,22,9e8cbc3edbb5efb3f48d6afb260e4725
14356,9a95fdf4e925d9cbd65f87b5aa4ac212,478ecc8cdaa127c33884d9f6c72c2cd5,SO59625,105,HL-U509,3,105,9e8cbc3edbb5efb3f48d6afb260e4725
14357,3604937fec9f63b2bfd6c01fb97f2c14,22ba60942e58ccfed22ed8a64ec86aa3,SO49434,2000,BK-R64Y-38,2,2000,f503064ebf1d6c48e58be9df2aa9a79b
14357,c660dc308b247ce08aeecd155306bae0,e7df1b3ee078bdcfc260a877f321287d,SO59954,4590,BK-M68B-38,2,4590,9a95fdf4e925d9cbd65f87b5aa4ac212
14357,c660dc308b247ce08aeecd155306bae0,e7df1b3ee078bdcfc260a877f321287d,SO59954,2,PK-7098,1,2,9a95fdf4e925d9cbd65f87b5aa4ac212
14357,c660dc308b247ce08aeecd155306bae0,e7df1b3ee078bdcfc260a877f321287d,SO59954,35,TI-M823,1,35,9a95fdf4e925d9cbd65f87b5aa4ac212
14357,c660dc308b247ce08aeecd155306bae0,e7df1b3ee078bdcfc260a877f321287d,SO59954,5,TT-M928,1,5,9a95fdf4e925d9cbd65f87b5aa4ac212
14358,ba19c22033aaecc6c5dad47f63e5858c,8dd08d219271ec96c543f486de430703,SO63027,10,BC-M005,1,10,16918840d98f27ce45948fe73dd5592f
14358,ba19c22033aaecc6c5dad47f63e5858c,8dd08d219271ec96c543f486de430703,SO63027,27,CA-1098,3,27,16918840d98f27ce45948fe73dd5592f
14358,ba19c22033aaecc6c5dad47f63e5858c,8dd08d219271ec96c543f486de430703,SO63027,22,FE-6654,1,22,16918840d98f27ce45948fe73dd5592f
14358,ba19c22033aaecc6c5dad47f63e5858c,8dd08d219271ec96c543f486de430703,SO63027,5,WB-H098,1,5,16918840d98f27ce45948fe73dd5592f
14359,49fce086a31f1cfcf16b54e462f7cbc0,99c8f306659fd98cbb9d7f03ec0c2a7a,SO70774,10,BC-M005,1,10,e84848120190a8d0e696fbeb15647a74
14359,49fce086a31f1cfcf16b54e462f7cbc0,99c8f306659fd98cbb9d7f03ec0c2a7a,SO70774,120,RA-H123,1,120,e84848120190a8d0e696fbeb15647a74
14359,49fce086a31f1cfcf16b54e462f7cbc0,99c8f306659fd98cbb9d7f03ec0c2a7a,SO70774,5,WB-H098,1,5,e84848120190a8d0e696fbeb15647a74
14359,c135545cc3f3a739132ffdbc8096f3d4,36ab6f1df21f3c9a169c8942e981959a,SO68437,2,PK-7098,1,2,511572e8a25e86c2f48ae9e6d73a1e6a
14359,c135545cc3f3a739132ffdbc8096f3d4,36ab6f1df21f3c9a169c8942e981959a,SO68437,35,TI-M823,1,35,511572e8a25e86c2f48ae9e6d73a1e6a
14359,c135545cc3f3a739132ffdbc8096f3d4,36ab6f1df21f3c9a169c8942e981959a,SO68437,5,TT-M928,1,5,511572e8a25e86c2f48ae9e6d73a1e6a
14359,f04e53711455521533f4c5ed7dcaa287,5e9b4970006d8f02ba0bc1763fa8b9a6,SO52543,70,SH-W890-L,1,70,f799d104dd23bb828dcdaaefc4d25b61
14359,f04e53711455521533f4c5ed7dcaa287,5e9b4970006d8f02ba0bc1763fa8b9a6,SO52543,9,SO-R809-M,1,9,f799d104dd23bb828dcdaaefc4d25b61
14360,3fe686907939d07097f6c87f08025422,8eb7a1b0dba9fdd5f4248b9cb6b9119b,SO69047,22,FE-6654,1,22,e5114f65ece65e14e7b721dab1e674e0
14360,3fe686907939d07097f6c87f08025422,8eb7a1b0dba9fdd5f4248b9cb6b9119b,SO69047,64,VE-C304-L,1,64,e5114f65ece65e14e7b721dab1e674e0
14361,40eee601514259a9632d510ca71226cc,8babade0595c11e14dd89058a850f2cd,SO74434,22,FE-6654,1,22,982b3b4109cce5d4e5bf1fcbe0ae259b
14361,40eee601514259a9632d510ca71226cc,8babade0595c11e14dd89058a850f2cd,SO74434,105,HL-U509,3,105,982b3b4109cce5d4e5bf1fcbe0ae259b
14361,40eee601514259a9632d510ca71226cc,8babade0595c11e14dd89058a850f2cd,SO74434,150,LJ-0192-S,3,150,982b3b4109cce5d4e5bf1fcbe0ae259b
14362,3fbd0407b55d3a3da21388a2ddbf881c,ab4946738415af86b5e3cee69b13301f,SO57937,769,BK-M38S-42,1,769,5abaefcc8525a8f4cfd95cba9e926532
14362,3fbd0407b55d3a3da21388a2ddbf881c,ab4946738415af86b5e3cee69b13301f,SO57937,22,FE-6654,1,22,5abaefcc8525a8f4cfd95cba9e926532
14362,3fbd0407b55d3a3da21388a2ddbf881c,ab4946738415af86b5e3cee69b13301f,SO57937,54,SJ-0194-M,1,54,5abaefcc8525a8f4cfd95cba9e926532
14362,c6cff482661a9daa82c86dddcf00c0e4,daac5732a7741792804c19340b534bae,SO49300,2000,BK-R64Y-40,2,2000,83e4278f3d557c0bd5784b2bc83d617c
14363,d76e0ba1fa041675ae9af958c5b41ae4,b988e88fd94a3b47434beeb650cff880,SO56975,10,BC-M005,1,10,cae5717327bee7d74e261c550aa5081f
14363,d76e0ba1fa041675ae9af958c5b41ae4,b988e88fd94a3b47434beeb650cff880,SO56975,5,WB-H098,1,5,cae5717327bee7d74e261c550aa5081f
14363,e5114f65ece65e14e7b721dab1e674e0,c7390752782466cfc9a3ed7d3a79e046,SO68696,2,PK-7098,1,2,fe1fd19c021e78ec395980c2e347865e
14363,e5114f65ece65e14e7b721dab1e674e0,c7390752782466cfc9a3ed7d3a79e046,SO68696,33,TI-R982,1,33,fe1fd19c021e78ec395980c2e347865e
14363,e5114f65ece65e14e7b721dab1e674e0,c7390752782466cfc9a3ed7d3a79e046,SO68696,4,TT-R982,1,4,fe1fd19c021e78ec395980c2e347865e
14363,fd5ba6fdeb81e07b2caf0b103489bd8d,e871b36e68b0b3d0af9c742d81fef27a,SO70978,105,HL-U509-B,3,105,17520f5649fab40fb66771362888cb90
14363,fd5ba6fdeb81e07b2caf0b103489bd8d,e871b36e68b0b3d0af9c742d81fef27a,SO70978,35,TI-M823,1,35,17520f5649fab40fb66771362888cb90
14363,fd5ba6fdeb81e07b2caf0b103489bd8d,e871b36e68b0b3d0af9c742d81fef27a,SO70978,5,TT-M928,1,5,17520f5649fab40fb66771362888cb90
14363,fd5ba6fdeb81e07b2caf0b103489bd8d,e871b36e68b0b3d0af9c742d81fef27a,SO70978,64,VE-C304-M,1,64,17520f5649fab40fb66771362888cb90
14364,d6fb379288416774d139632beb88e26b,3ebfce6ccd7540a632ae7e6ad8100c29,SO60230,769,BK-M38S-42,1,769,412998e77ee121227580e3d363f75fa2
14364,d6fb379288416774d139632beb88e26b,3ebfce6ccd7540a632ae7e6ad8100c29,SO60230,70,SH-W890-M,1,70,412998e77ee121227580e3d363f75fa2
14364,d6fb379288416774d139632beb88e26b,3ebfce6ccd7540a632ae7e6ad8100c29,SO60230,54,SJ-0194-M,1,54,412998e77ee121227580e3d363f75fa2
14364,ff2bf25190a8fcdee3d17552f1914d11,d5cc3ca31a62986018db87cc11d7c3c0,SO49309,2000,BK-R64Y-38,2,2000,01e9454335c45aa6cdee165f2c25b3c0
14365,0383d48e76cd8a3dfb9e2a890f2cac18,d6fb379288416774d139632beb88e26b,SO61010,769,BK-M38S-40,1,769,883b9b4170853b321c03290f64ba199f
14365,0383d48e76cd8a3dfb9e2a890f2cac18,d6fb379288416774d139632beb88e26b,SO61010,105,HL-U509-B,3,105,883b9b4170853b321c03290f64ba199f
14365,daac5732a7741792804c19340b534bae,7328906f8bab0a3b391053e4df6588d3,SO49179,2000,BK-R64Y-38,2,2000,c8db84e7a63e3fa5806b462c51f794cd
14366,0383d48e76cd8a3dfb9e2a890f2cac18,d6fb379288416774d139632beb88e26b,SO61011,769,BK-M38S-42,1,769,883b9b4170853b321c03290f64ba199f
14366,0383d48e76cd8a3dfb9e2a890f2cac18,d6fb379288416774d139632beb88e26b,SO61011,8,CL-9009,1,8,883b9b4170853b321c03290f64ba199f
14366,0383d48e76cd8a3dfb9e2a890f2cac18,d6fb379288416774d139632beb88e26b,SO61011,120,RA-H123,1,120,883b9b4170853b321c03290f64ba199f
14366,3b2d50088b5462490d2079beeb91dc27,6f28d1f037e8b8040be9f35ba03516af,SO49723,2000,BK-R64Y-44,2,2000,ac203ebd768c37b8ea6931e800115ae2
14367,6f28d1f037e8b8040be9f35ba03516af,30aed1460184602b98a479b6418e474a,SO49609,2000,BK-R64Y-44,2,2000,2a8c7f899adb0e29724a30c7fb9e8618
14367,7983129d9883ebc3b9dce3311996b001,0df76889b3e31ccfd17b50cc73baef03,SO59802,769,BK-M38S-38,1,769,7254e54716fe52361e62aa16ea2e0797
14367,7983129d9883ebc3b9dce3311996b001,0df76889b3e31ccfd17b50cc73baef03,SO59802,70,SH-W890-L,1,70,7254e54716fe52361e62aa16ea2e0797
14368,56e52500a7f5ab963646137a401683cd,df09a3a727ac0f29208c5ef3bf7625e6,SO74672,22,FE-6654,1,22,13b7c2277967bc61802018c764b5b2a0
14368,56e52500a7f5ab963646137a401683cd,df09a3a727ac0f29208c5ef3bf7625e6,SO74672,64,VE-C304-M,1,64,13b7c2277967bc61802018c764b5b2a0
14369,f8025d3776b5f7522a6120cb4e9e0783,2d6e054ac82934d489c58cc8399a1628,SO61621,22,FE-6654,1,22,d945ec2aae74dbfb829453026b91c235
14369,f8025d3776b5f7522a6120cb4e9e0783,2d6e054ac82934d489c58cc8399a1628,SO61621,48,GL-H102-L,2,48,d945ec2aae74dbfb829453026b91c235
14370,5c741aa8e0753be65314a304e7b39c14,d945ec2aae74dbfb829453026b91c235,SO62044,10,BC-M005,1,10,7ee641303ef8d8b10d0ed00a060c73cc
14370,5c741aa8e0753be65314a304e7b39c14,d945ec2aae74dbfb829453026b91c235,SO62044,5,WB-H098,1,5,7ee641303ef8d8b10d0ed00a060c73cc
14370,94c60e0b5e2b0f78b919a5d4c67d70a2,0d15ba5aa4c9ad0377b26e0cf7a86280,SO62188,33,TI-R982,1,33,9913e55755fcc4267a06c1e6adbbc7fb
14370,f46ace11e93788e473124f7be16a19d5,5c741aa8e0753be65314a304e7b39c14,SO62799,105,HL-U509,3,105,4555f65c4664801d78b9f5477f89d8fd
14370,f46ace11e93788e473124f7be16a19d5,5c741aa8e0753be65314a304e7b39c14,SO62799,35,TI-M823,1,35,4555f65c4664801d78b9f5477f89d8fd
14370,f46ace11e93788e473124f7be16a19d5,5c741aa8e0753be65314a304e7b39c14,SO62799,5,TT-M928,1,5,4555f65c4664801d78b9f5477f89d8fd
14371,0e000451f430d2e5b745a08b4ee7836c,9795c57676ee8b8b6ba9a6f9014a520b,SO74344,33,TI-R982,1,33,e4b40b4ba619c72ec5a69caad258d393
14371,47a161474962a6dcc03cfa64127a641f,8920fd63645007b243abb750709b1172,SO73219,2,PK-7098,1,2,c5ed53572c667b119dde2fc0f54de602
14371,47a161474962a6dcc03cfa64127a641f,8920fd63645007b243abb750709b1172,SO73219,35,TI-M823,1,35,c5ed53572c667b119dde2fc0f54de602
14371,6d338b8c41c717c4336ad0084a80dca4,9223b53f03a405f817e91392f0294f6a,SO54447,10,BC-M005,1,10,40e7dd73b09eac540e790daf6fac41af
14371,6d338b8c41c717c4336ad0084a80dca4,9223b53f03a405f817e91392f0294f6a,SO54447,105,HL-U509,3,105,40e7dd73b09eac540e790daf6fac41af
14371,6d338b8c41c717c4336ad0084a80dca4,9223b53f03a405f817e91392f0294f6a,SO54447,5,WB-H098,1,5,40e7dd73b09eac540e790daf6fac41af
14372,c660dc308b247ce08aeecd155306bae0,e7df1b3ee078bdcfc260a877f321287d,SO59936,22,FE-6654,1,22,9a95fdf4e925d9cbd65f87b5aa4ac212
14372,c660dc308b247ce08aeecd155306bae0,e7df1b3ee078bdcfc260a877f321287d,SO59936,2,PK-7098,1,2,9a95fdf4e925d9cbd65f87b5aa4ac212
14373,b21e833d3ead6056f1265f13fe1ff015,7983129d9883ebc3b9dce3311996b001,SO60594,22,FE-6654,1,22,4804ee33768b143d9706052696f7dfbd
14373,b21e833d3ead6056f1265f13fe1ff015,7983129d9883ebc3b9dce3311996b001,SO60594,54,SJ-0194-S,1,54,4804ee33768b143d9706052696f7dfbd
14374,4a800301260b2639fa1ec3efafb5f86c,23f22724b430320654759f8512440ebc,SO59188,4640,BK-M68S-42,2,4640,a189cc17a15cdb4e39e80dfcd8374c76
14374,4a800301260b2639fa1ec3efafb5f86c,23f22724b430320654759f8512440ebc,SO59188,2,PK-7098,1,2,a189cc17a15cdb4e39e80dfcd8374c76
14374,4a800301260b2639fa1ec3efafb5f86c,23f22724b430320654759f8512440ebc,SO59188,35,TI-M823,1,35,a189cc17a15cdb4e39e80dfcd8374c76
14374,4a800301260b2639fa1ec3efafb5f86c,23f22724b430320654759f8512440ebc,SO59188,5,TT-M928,1,5,a189cc17a15cdb4e39e80dfcd8374c76
14374,fd23826ef02908bf7404839a32ae44b4,3b2d50088b5462490d2079beeb91dc27,SO49816,2000,BK-R64Y-44,2,2000,bfe24702a7cb81c4620880adb1bf9ffe
14375,2becb9647677a1a316b388bbad689580,013f173c58073e845f675d26fdde1918,SO61400,105,HL-U509,3,105,0383d48e76cd8a3dfb9e2a890f2cac18
14375,2becb9647677a1a316b388bbad689580,013f173c58073e845f675d26fdde1918,SO61400,5,TT-M928,1,5,0383d48e76cd8a3dfb9e2a890f2cac18
14376,7130adfd843cdcb6d0bcd9d13792693a,d1024973c3d10f08cb9fa1736e6ed8b7,SO63086,22,FE-6654,1,22,f46ace11e93788e473124f7be16a19d5
14376,7130adfd843cdcb6d0bcd9d13792693a,d1024973c3d10f08cb9fa1736e6ed8b7,SO63086,150,LJ-0192-X,3,150,f46ace11e93788e473124f7be16a19d5
14377,9a95fdf4e925d9cbd65f87b5aa4ac212,478ecc8cdaa127c33884d9f6c72c2cd5,SO59626,4640,BK-M68S-46,2,4640,9e8cbc3edbb5efb3f48d6afb260e4725
14377,da59baff9b2091053d3cbde67efd84ca,7a881e823dfa2748a8124f4b46b643af,SO49689,2000,BK-R64Y-38,2,2000,c00c38c95aa9544dce6852b834e4e8ab
14378,5b52026be4438e7bdff7efad86b3d446,1a957c2fc6360821c819775ff9ef6f7e,SO49741,2000,BK-R64Y-48,2,2000,da59baff9b2091053d3cbde67efd84ca
14378,9e8cbc3edbb5efb3f48d6afb260e4725,174acf6ca4e9804d47a59a499422e621,SO59243,10,BC-M005,1,10,640540d73b85c3ecd2e3bf5541686e87
14378,9e8cbc3edbb5efb3f48d6afb260e4725,174acf6ca4e9804d47a59a499422e621,SO59243,769,BK-M38S-46,1,769,640540d73b85c3ecd2e3bf5541686e87
14378,9e8cbc3edbb5efb3f48d6afb260e4725,174acf6ca4e9804d47a59a499422e621,SO59243,48,GL-H102-S,2,48,640540d73b85c3ecd2e3bf5541686e87
14378,9e8cbc3edbb5efb3f48d6afb260e4725,174acf6ca4e9804d47a59a499422e621,SO59243,5,WB-H098,1,5,640540d73b85c3ecd2e3bf5541686e87
14379,19fce68d7871e14df67c5940bc0ca8ab,38d32d96c9adb3ccccf0e286aa08123c,SO49759,2000,BK-R64Y-48,2,2000,3b2d50088b5462490d2079beeb91dc27
14379,4a800301260b2639fa1ec3efafb5f86c,23f22724b430320654759f8512440ebc,SO59186,769,BK-M38S-46,1,769,a189cc17a15cdb4e39e80dfcd8374c76
14379,4a800301260b2639fa1ec3efafb5f86c,23f22724b430320654759f8512440ebc,SO59186,105,HL-U509-R,3,105,a189cc17a15cdb4e39e80dfcd8374c76
14379,4a800301260b2639fa1ec3efafb5f86c,23f22724b430320654759f8512440ebc,SO59186,150,LJ-0192-X,3,150,a189cc17a15cdb4e39e80dfcd8374c76
14380,6477c205c5117a9448ba863e111acf32,c926349b55a58d87d7d5008c349fd1e9,SO60877,4590,BK-M68B-46,2,4590,013f173c58073e845f675d26fdde1918
14380,6477c205c5117a9448ba863e111acf32,c926349b55a58d87d7d5008c349fd1e9,SO60877,35,TI-M823,1,35,013f173c58073e845f675d26fdde1918
14380,87d4f54c086f76c98b608b3ad8c4f65f,0a2ae1635ed951cbbaf7e3dfb1b460b2,SO49748,2000,BK-R64Y-48,2,2000,17a27272d9d53953cbf6d182310e95ec
14381,141947ecbe6170100396f0be43a07a37,f503064ebf1d6c48e58be9df2aa9a79b,SO49600,2000,BK-R64Y-38,2,2000,f67641ca977673896f765fef2e0d4486
14381,af1457846a79173ef71dd9d5dd69805a,254d832c83ccdb2c33eab65a4fd196ff,SO60363,4590,BK-M68B-42,2,4590,ce08c22f7777768ce4197eab9727516c
14381,af1457846a79173ef71dd9d5dd69805a,254d832c83ccdb2c33eab65a4fd196ff,SO60363,105,HL-U509-B,3,105,ce08c22f7777768ce4197eab9727516c
14382,141947ecbe6170100396f0be43a07a37,f503064ebf1d6c48e58be9df2aa9a79b,SO49601,2000,BK-R64Y-48,2,2000,f67641ca977673896f765fef2e0d4486
14382,ce08c22f7777768ce4197eab9727516c,4a800301260b2639fa1ec3efafb5f86c,SO60019,10,BC-M005,1,10,5072507e949a2c25948a591c4da194e1
14382,ce08c22f7777768ce4197eab9727516c,4a800301260b2639fa1ec3efafb5f86c,SO60019,4590,BK-M68B-42,2,4590,5072507e949a2c25948a591c4da194e1
14382,ce08c22f7777768ce4197eab9727516c,4a800301260b2639fa1ec3efafb5f86c,SO60019,64,VE-C304-S,1,64,5072507e949a2c25948a591c4da194e1
14382,ce08c22f7777768ce4197eab9727516c,4a800301260b2639fa1ec3efafb5f86c,SO60019,5,WB-H098,1,5,5072507e949a2c25948a591c4da194e1
14383,61e00b038efd34bdf9c747596273cbcf,7130adfd843cdcb6d0bcd9d13792693a,SO64026,22,FE-6654,1,22,4b5c3229e0725ef8d303f494db9faec8
14383,61e00b038efd34bdf9c747596273cbcf,7130adfd843cdcb6d0bcd9d13792693a,SO64026,105,HL-U509-B,3,105,4b5c3229e0725ef8d303f494db9faec8
14384,7e15f50bd26e439e6a22f5205a8064db,a1d0c0a14c6c8f8a8ef8220209c23a64,SO67869,105,HL-U509-B,3,105,702a02712215141594ddf8e52b0a651c
14384,7e15f50bd26e439e6a22f5205a8064db,a1d0c0a14c6c8f8a8ef8220209c23a64,SO67869,54,SJ-0194-X,1,54,702a02712215141594ddf8e52b0a651c
14384,7e15f50bd26e439e6a22f5205a8064db,a1d0c0a14c6c8f8a8ef8220209c23a64,SO67869,5,TT-M928,1,5,702a02712215141594ddf8e52b0a651c
14385,74a9ea32186ec3a0b0657cef3f2b687f,968e9a4bab3af2e071a27db638e363e6,SO50100,2000,BK-R64Y-42,2,2000,ce0250e4c407a28df088d59c0b77cc37
14385,b21e833d3ead6056f1265f13fe1ff015,7983129d9883ebc3b9dce3311996b001,SO60603,769,BK-M38S-42,1,769,4804ee33768b143d9706052696f7dfbd
14385,b21e833d3ead6056f1265f13fe1ff015,7983129d9883ebc3b9dce3311996b001,SO60603,8,CL-9009,1,8,4804ee33768b143d9706052696f7dfbd
14386,95ddec41f799217977c3384c83bfb0ca,f6a3074075f513ac39071601eaf0195a,SO50025,2000,BK-R64Y-44,2,2000,4652a559216121874754c7ecfe692e94
14386,e0bcd0ff3072dfe15609d6be1529b0b8,c660dc308b247ce08aeecd155306bae0,SO60731,769,BK-M38S-40,1,769,39ff8ac1e8a44088f96e17b846ec8baf
14386,e0bcd0ff3072dfe15609d6be1529b0b8,c660dc308b247ce08aeecd155306bae0,SO60731,48,GL-H102-M,2,48,39ff8ac1e8a44088f96e17b846ec8baf
14386,e0bcd0ff3072dfe15609d6be1529b0b8,c660dc308b247ce08aeecd155306bae0,SO60731,70,SH-W890-L,1,70,39ff8ac1e8a44088f96e17b846ec8baf
14386,e0bcd0ff3072dfe15609d6be1529b0b8,c660dc308b247ce08aeecd155306bae0,SO60731,54,SJ-0194-X,1,54,39ff8ac1e8a44088f96e17b846ec8baf
14387,375bde15092f45652b6398c1dff650d0,830e779850b1d58733a7ad711bf6b83f,SO57352,769,BK-M38S-46,1,769,a8ef76a01442567fb64eb6f4408a9835
14387,375bde15092f45652b6398c1dff650d0,830e779850b1d58733a7ad711bf6b83f,SO57352,27,CA-1098,3,27,a8ef76a01442567fb64eb6f4408a9835
14387,375bde15092f45652b6398c1dff650d0,830e779850b1d58733a7ad711bf6b83f,SO57352,150,LJ-0192-S,3,150,a8ef76a01442567fb64eb6f4408a9835
14387,375bde15092f45652b6398c1dff650d0,830e779850b1d58733a7ad711bf6b83f,SO57352,70,SH-W890-L,1,70,a8ef76a01442567fb64eb6f4408a9835
14388,0df76889b3e31ccfd17b50cc73baef03,debbb2493c6588799fc787e1854bcda5,SO58802,22,FE-6654,1,22,6eaadc1181f307997dc853d9ed40db36
14388,0df76889b3e31ccfd17b50cc73baef03,debbb2493c6588799fc787e1854bcda5,SO58802,48,GL-H102-M,2,48,6eaadc1181f307997dc853d9ed40db36
14388,0df76889b3e31ccfd17b50cc73baef03,debbb2493c6588799fc787e1854bcda5,SO58802,105,HL-U509-R,3,105,6eaadc1181f307997dc853d9ed40db36
14389,331afa0aff1b1cfbf3d24944ab38c9d2,c885741a5e3e55c84950327011b70289,SO69690,2,PK-7098,1,2,962bae2fb03296a3b9cacabfa929322c
14389,331afa0aff1b1cfbf3d24944ab38c9d2,c885741a5e3e55c84950327011b70289,SO69690,5,TT-M928,1,5,962bae2fb03296a3b9cacabfa929322c
14390,b95a9f47dd73bb9b799a31ae04ee7da1,175a5d217fad85df9f6639d7ced1e5d9,SO69969,105,HL-U509,3,105,8728a5e296f39e49d2fa74c31820e99f
14390,b95a9f47dd73bb9b799a31ae04ee7da1,175a5d217fad85df9f6639d7ced1e5d9,SO69969,5,TT-M928,1,5,8728a5e296f39e49d2fa74c31820e99f
14391,a1d0c0a14c6c8f8a8ef8220209c23a64,05e7920e8caf0303dc01b77666952b75,SO66973,22,FE-6654,1,22,cd15e5f80ff20dd345bfaa51400dd0d6
14392,456c7730e983cabeb11db57ec0801795,1bc9f4b5f1c56b7e2d5b17c27dad280f,SO49999,2000,BK-R64Y-42,2,2000,d9cd5832ac6226b16d8669df784e8c52
14392,ba19c22033aaecc6c5dad47f63e5858c,8dd08d219271ec96c543f486de430703,SO63046,4590,BK-M68B-38,2,4590,16918840d98f27ce45948fe73dd5592f
14393,de5009f9bf3e9725d2381f4a5e913111,2296af5563b2061aa1d88124a37eecb7,SO67373,10,BC-M005,1,10,a1d0c0a14c6c8f8a8ef8220209c23a64
14393,de5009f9bf3e9725d2381f4a5e913111,2296af5563b2061aa1d88124a37eecb7,SO67373,22,FE-6654,1,22,a1d0c0a14c6c8f8a8ef8220209c23a64
14394,14cf1002d25f6005ecb94636b7f549b1,70dbbfe9e1fafe828bd88bd62f0de8f4,SO50104,2000,BK-R64Y-42,2,2000,d35624c3724a7f923a0dcae76c01cb28
14394,2fe1a028f9398deb2efcd536c8246fae,9913e55755fcc4267a06c1e6adbbc7fb,SO62620,4640,BK-M68S-46,2,4640,8dd08d219271ec96c543f486de430703
14394,2fe1a028f9398deb2efcd536c8246fae,9913e55755fcc4267a06c1e6adbbc7fb,SO62620,22,FE-6654,1,22,8dd08d219271ec96c543f486de430703
14394,2fe1a028f9398deb2efcd536c8246fae,9913e55755fcc4267a06c1e6adbbc7fb,SO62620,2,PK-7098,1,2,8dd08d219271ec96c543f486de430703
14395,66e56e10b0f528b66a45e307ecdf4774,691ad1b0dca3643b923973defd014d47,SO68577,22,FE-6654,1,22,8eb7a1b0dba9fdd5f4248b9cb6b9119b
14395,66e56e10b0f528b66a45e307ecdf4774,691ad1b0dca3643b923973defd014d47,SO68577,48,GL-H102-M,2,48,8eb7a1b0dba9fdd5f4248b9cb6b9119b
14395,66e56e10b0f528b66a45e307ecdf4774,691ad1b0dca3643b923973defd014d47,SO68577,150,LJ-0192-S,3,150,8eb7a1b0dba9fdd5f4248b9cb6b9119b
14396,8dd08d219271ec96c543f486de430703,d53f9d33cac0a297449a74a10d031570,SO62315,22,FE-6654,1,22,04dbdf67bb8714ba18c9c36d50d1f5dc
14396,8dd08d219271ec96c543f486de430703,d53f9d33cac0a297449a74a10d031570,SO62315,150,LJ-0192-M,3,150,04dbdf67bb8714ba18c9c36d50d1f5dc
14396,8dd08d219271ec96c543f486de430703,d53f9d33cac0a297449a74a10d031570,SO62315,5,TT-M928,1,5,04dbdf67bb8714ba18c9c36d50d1f5dc
14397,77a2a0387f57f7477e6ad3b5f0bb3093,6cf9e035d2f1d8ffe1b9f2f96a9e7a3a,SO75015,105,HL-U509,3,105,5728955fc583cbfd901d0ba25cb20f92
14397,77a2a0387f57f7477e6ad3b5f0bb3093,6cf9e035d2f1d8ffe1b9f2f96a9e7a3a,SO75015,5,TT-M928,1,5,5728955fc583cbfd901d0ba25cb20f92
14398,0383d48e76cd8a3dfb9e2a890f2cac18,d6fb379288416774d139632beb88e26b,SO61008,769,BK-M38S-42,1,769,883b9b4170853b321c03290f64ba199f
14398,0383d48e76cd8a3dfb9e2a890f2cac18,d6fb379288416774d139632beb88e26b,SO61008,105,HL-U509-R,3,105,883b9b4170853b321c03290f64ba199f
14398,ff9b4d639b22897f1c0256881eeb8643,8dd3ccb09d6ab7dd754ab887e66e8652,SO50043,2000,BK-R64Y-42,2,2000,70dbbfe9e1fafe828bd88bd62f0de8f4
14399,18025e6a8791d350428f65c0783ebd99,3c8e2c51453f4d665f1050da871dead6,SO56089,5,TT-M928,1,5,a9cefc49af6424b430612adfc69876ee
14400,305c66634c155cab2b5cc3ce00351eb1,2becb9647677a1a316b388bbad689580,SO62133,4590,BK-M68B-42,2,4590,922d04aa1f67bbe0270bfad98508f43e
14400,305c66634c155cab2b5cc3ce00351eb1,2becb9647677a1a316b388bbad689580,SO62133,22,FE-6654,1,22,922d04aa1f67bbe0270bfad98508f43e
14400,305c66634c155cab2b5cc3ce00351eb1,2becb9647677a1a316b388bbad689580,SO62133,35,TI-M823,1,35,922d04aa1f67bbe0270bfad98508f43e
14400,305c66634c155cab2b5cc3ce00351eb1,2becb9647677a1a316b388bbad689580,SO62133,5,TT-M928,1,5,922d04aa1f67bbe0270bfad98508f43e
14400,9ee2a0f409662e4664217b7e3b808428,19fce68d7871e14df67c5940bc0ca8ab,SO49942,2000,BK-R64Y-42,2,2000,fd23826ef02908bf7404839a32ae44b4
14401,d630b2db6e8046e30b4728ca862ba4e1,02ad1a5ca18e58629b8c1d6a6401d071,SO58443,8,CL-9009,1,8,07b31bae17c7890b17d79a654aa230cf
14401,d630b2db6e8046e30b4728ca862ba4e1,02ad1a5ca18e58629b8c1d6a6401d071,SO58443,2,PK-7098,1,2,07b31bae17c7890b17d79a654aa230cf
14401,d630b2db6e8046e30b4728ca862ba4e1,02ad1a5ca18e58629b8c1d6a6401d071,SO58443,5,TT-M928,1,5,07b31bae17c7890b17d79a654aa230cf
14402,a1e59736d286765313b8212467dc64b2,43e2cc7ff261723f93f64f3f7e9faa8d,SO74232,105,HL-U509,3,105,ca5b8307fa5f2189fb98330a9d65927c
14402,a1e59736d286765313b8212467dc64b2,43e2cc7ff261723f93f64f3f7e9faa8d,SO74232,5,TT-M928,1,5,ca5b8307fa5f2189fb98330a9d65927c
14403,a048b8d5f3f9178f163e2be055f0138b,c83e871e48c2716e0f28e60d166a5c98,SO72989,2,PK-7098,1,2,41ef6b06b63ba4f6a5234245a439b157
14403,a048b8d5f3f9178f163e2be055f0138b,c83e871e48c2716e0f28e60d166a5c98,SO72989,5,TT-M928,1,5,41ef6b06b63ba4f6a5234245a439b157
14404,f476906875bc5d9abe836b4ea1f485c1,f04e53711455521533f4c5ed7dcaa287,SO53155,5,TT-M928,1,5,15aceb75d86814cb479f1b1a9487c3d4
14405,058af5b2a408d57b708367e5bf4e9d9c,e82ca4c6beebe812f10fa1041b97a160,SO66799,48,GL-H102-M,2,48,c507827aa5f4f6bbedf64058461c621b
14405,058af5b2a408d57b708367e5bf4e9d9c,e82ca4c6beebe812f10fa1041b97a160,SO66799,105,HL-U509-B,3,105,c507827aa5f4f6bbedf64058461c621b
14405,058af5b2a408d57b708367e5bf4e9d9c,e82ca4c6beebe812f10fa1041b97a160,SO66799,5,TT-M928,1,5,c507827aa5f4f6bbedf64058461c621b
14406,968e9a4bab3af2e071a27db638e363e6,b7d5a5b8cc647eb5c041cfb92957acb2,SO49982,2000,BK-R64Y-40,2,2000,79f46ce61b754fc6c2eeda754a6354bc
14406,ccb91034934bb047c5f6a32eb289b95b,640540d73b85c3ecd2e3bf5541686e87,SO59746,769,BK-M38S-38,1,769,3ebfce6ccd7540a632ae7e6ad8100c29
14406,ccb91034934bb047c5f6a32eb289b95b,640540d73b85c3ecd2e3bf5541686e87,SO59746,22,FE-6654,1,22,3ebfce6ccd7540a632ae7e6ad8100c29
14406,ccb91034934bb047c5f6a32eb289b95b,640540d73b85c3ecd2e3bf5541686e87,SO59746,48,GL-H102-M,2,48,3ebfce6ccd7540a632ae7e6ad8100c29
14406,ccb91034934bb047c5f6a32eb289b95b,640540d73b85c3ecd2e3bf5541686e87,SO59746,105,HL-U509-B,3,105,3ebfce6ccd7540a632ae7e6ad8100c29
14407,6583882ca853d66524856501b27519f5,1ba7e8cdf85da6cf5e11554703236b52,SO74325,48,GL-H102-M,2,48,d27974ca95fd620ac92cf95bf8c1d1f2
14407,6583882ca853d66524856501b27519f5,1ba7e8cdf85da6cf5e11554703236b52,SO74325,105,HL-U509-R,3,105,d27974ca95fd620ac92cf95bf8c1d1f2
14407,6583882ca853d66524856501b27519f5,1ba7e8cdf85da6cf5e11554703236b52,SO74325,5,TT-M928,1,5,d27974ca95fd620ac92cf95bf8c1d1f2
14408,e366e24b8ad0b1107528f2f58cd15a81,921bc92a493b53f98f24e6a8a12801be,SO72464,22,FE-6654,1,22,c83e871e48c2716e0f28e60d166a5c98
14408,e366e24b8ad0b1107528f2f58cd15a81,921bc92a493b53f98f24e6a8a12801be,SO72464,105,HL-U509,3,105,c83e871e48c2716e0f28e60d166a5c98
14408,e366e24b8ad0b1107528f2f58cd15a81,921bc92a493b53f98f24e6a8a12801be,SO72464,9,SO-R809-M,1,9,c83e871e48c2716e0f28e60d166a5c98
14409,d945ec2aae74dbfb829453026b91c235,348f48807f500aeac729fb17d9bc97f1,SO61339,22,FE-6654,1,22,eef21e68ecca703bb338920b950f203c
14409,d945ec2aae74dbfb829453026b91c235,348f48807f500aeac729fb17d9bc97f1,SO61339,64,VE-C304-M,1,64,eef21e68ecca703bb338920b950f203c
14410,c4c454d69a39e60a6f5cf2f97148adad,49fce086a31f1cfcf16b54e462f7cbc0,SO71585,22,FE-6654,1,22,31c99d724c1f182c60edb82eb4740277
14410,c4c454d69a39e60a6f5cf2f97148adad,49fce086a31f1cfcf16b54e462f7cbc0,SO71585,105,HL-U509,3,105,31c99d724c1f182c60edb82eb4740277
14411,3a23b248b732af434a45fce0302aa11f,db2f6a564b6f5f41253c68874b50962b,SO62986,4640,BK-M68S-46,2,4640,290499d9b8e65db426ba9b842714eb6d
14411,3a23b248b732af434a45fce0302aa11f,db2f6a564b6f5f41253c68874b50962b,SO62986,35,TI-M823,1,35,290499d9b8e65db426ba9b842714eb6d
14411,3a23b248b732af434a45fce0302aa11f,db2f6a564b6f5f41253c68874b50962b,SO62986,5,TT-M928,1,5,290499d9b8e65db426ba9b842714eb6d
14411,d9cd5832ac6226b16d8669df784e8c52,d194d40a2a86356fa1572b2ef8e36048,SO49949,2000,BK-R64Y-44,2,2000,f6a3074075f513ac39071601eaf0195a
14412,f1877c1756a68271d12db39ddc87dad7,207f6c5125350a97b1a410dc655800f6,SO50186,2000,BK-R64Y-42,2,2000,a37b3b8ed0bad1707ba2be514cc71f02
14412,f8025d3776b5f7522a6120cb4e9e0783,2d6e054ac82934d489c58cc8399a1628,SO61637,4640,BK-M68S-38,2,4640,d945ec2aae74dbfb829453026b91c235
14413,3ebfce6ccd7540a632ae7e6ad8100c29,d630b2db6e8046e30b4728ca862ba4e1,SO59374,769,BK-M38S-40,1,769,df595e3c678d4fae23ce174fe747165e
14413,3ebfce6ccd7540a632ae7e6ad8100c29,d630b2db6e8046e30b4728ca862ba4e1,SO59374,150,LJ-0192-M,3,150,df595e3c678d4fae23ce174fe747165e
14413,3ebfce6ccd7540a632ae7e6ad8100c29,d630b2db6e8046e30b4728ca862ba4e1,SO59374,70,SH-W890-L,1,70,df595e3c678d4fae23ce174fe747165e
14413,a37b3b8ed0bad1707ba2be514cc71f02,95ddec41f799217977c3384c83bfb0ca,SO50138,2000,BK-R64Y-48,2,2000,fcf706c3e0fe93da0b11cc32b98eb22b
14414,4ddc8821c34bceaf3dba4a18741acca3,af1457846a79173ef71dd9d5dd69805a,SO61152,10,BC-M005,1,10,2d6e054ac82934d489c58cc8399a1628
14414,4ddc8821c34bceaf3dba4a18741acca3,af1457846a79173ef71dd9d5dd69805a,SO61152,769,BK-M38S-40,1,769,2d6e054ac82934d489c58cc8399a1628
14414,4ddc8821c34bceaf3dba4a18741acca3,af1457846a79173ef71dd9d5dd69805a,SO61152,27,CA-1098,3,27,2d6e054ac82934d489c58cc8399a1628
14414,4ddc8821c34bceaf3dba4a18741acca3,af1457846a79173ef71dd9d5dd69805a,SO61152,5,WB-H098,1,5,2d6e054ac82934d489c58cc8399a1628
14414,d35624c3724a7f923a0dcae76c01cb28,9ee2a0f409662e4664217b7e3b808428,SO50058,2000,BK-R64Y-38,2,2000,ceda4a900d234638ff03b93b262b14e6
14415,0383d48e76cd8a3dfb9e2a890f2cac18,d6fb379288416774d139632beb88e26b,SO61009,769,BK-M38S-38,1,769,883b9b4170853b321c03290f64ba199f
14415,d35624c3724a7f923a0dcae76c01cb28,9ee2a0f409662e4664217b7e3b808428,SO50059,2000,BK-R64Y-42,2,2000,ceda4a900d234638ff03b93b262b14e6
14416,174acf6ca4e9804d47a59a499422e621,5abaefcc8525a8f4cfd95cba9e926532,SO58330,769,BK-M38S-46,1,769,eba6cab7267f82e3b2a063d5ea445bb9
14417,4804ee33768b143d9706052696f7dfbd,7254e54716fe52361e62aa16ea2e0797,SO60288,769,BK-M38S-38,1,769,c660dc308b247ce08aeecd155306bae0
14417,4804ee33768b143d9706052696f7dfbd,7254e54716fe52361e62aa16ea2e0797,SO60288,70,SH-W890-M,1,70,c660dc308b247ce08aeecd155306bae0
14417,4804ee33768b143d9706052696f7dfbd,7254e54716fe52361e62aa16ea2e0797,SO60288,9,SO-R809-M,1,9,c660dc308b247ce08aeecd155306bae0
14417,9ee2a0f409662e4664217b7e3b808428,19fce68d7871e14df67c5940bc0ca8ab,SO49943,2000,BK-R64Y-40,2,2000,fd23826ef02908bf7404839a32ae44b4
14418,254d832c83ccdb2c33eab65a4fd196ff,75fe8d7dec9d2a51be64595ab37dc674,SO59542,769,BK-M38S-38,1,769,4a800301260b2639fa1ec3efafb5f86c
14418,254d832c83ccdb2c33eab65a4fd196ff,75fe8d7dec9d2a51be64595ab37dc674,SO59542,159,ST-1401,1,159,4a800301260b2639fa1ec3efafb5f86c
14418,79f46ce61b754fc6c2eeda754a6354bc,287c323e0efa1c1148232e905c3f7d34,SO49932,2000,BK-R64Y-40,2,2000,1bc9f4b5f1c56b7e2d5b17c27dad280f
14419,8092e44fa2e2a2ee34e25210038fe274,b1ad26241c636eff92eee5bae93235ce,SO50497,2000,BK-R64Y-48,2,2000,aa42aae45cd2488a20db2ff74ed044f7
14419,db2f6a564b6f5f41253c68874b50962b,76918877cf6ce7011018cd9708723392,SO62271,4590,BK-M68B-38,2,4590,606ed413481267c98754e3351f662859
14419,db2f6a564b6f5f41253c68874b50962b,76918877cf6ce7011018cd9708723392,SO62271,22,FE-6654,1,22,606ed413481267c98754e3351f662859
14419,db2f6a564b6f5f41253c68874b50962b,76918877cf6ce7011018cd9708723392,SO62271,54,SJ-0194-X,1,54,606ed413481267c98754e3351f662859
14420,1022f3e1145b30057972239301ce3382,90f30c53e79c8b6bcde12e74a091432c,SO50633,2000,BK-R64Y-44,2,2000,8d35d0f6487ae6100c95dad89a4a414f
14420,d945ec2aae74dbfb829453026b91c235,348f48807f500aeac729fb17d9bc97f1,SO61359,4640,BK-M68S-42,2,4640,eef21e68ecca703bb338920b950f203c
14421,290499d9b8e65db426ba9b842714eb6d,606ed413481267c98754e3351f662859,SO62667,4640,BK-M68S-38,2,4640,d1024973c3d10f08cb9fa1736e6ed8b7
14421,290499d9b8e65db426ba9b842714eb6d,606ed413481267c98754e3351f662859,SO62667,9,SO-R809-M,1,9,d1024973c3d10f08cb9fa1736e6ed8b7
14421,290499d9b8e65db426ba9b842714eb6d,606ed413481267c98754e3351f662859,SO62667,35,TI-M823,1,35,d1024973c3d10f08cb9fa1736e6ed8b7
14421,290499d9b8e65db426ba9b842714eb6d,606ed413481267c98754e3351f662859,SO62667,5,TT-M928,1,5,d1024973c3d10f08cb9fa1736e6ed8b7
14421,727839743fd8ddb93101d7c79edd3f76,b60bd79b871d7c3345674370fa4dda03,SO50428,2000,BK-R64Y-38,2,2000,b1ad26241c636eff92eee5bae93235ce
14422,1678083e7ff90bd404baad3f60bffa37,7b0730955172ecda497d7cca6b1d87a1,SO55773,2,PK-7098,1,2,73a69a5c77a7d23172e54d7ce07a638e
14422,1678083e7ff90bd404baad3f60bffa37,7b0730955172ecda497d7cca6b1d87a1,SO55773,33,TI-R982,1,33,73a69a5c77a7d23172e54d7ce07a638e
14422,1678083e7ff90bd404baad3f60bffa37,7b0730955172ecda497d7cca6b1d87a1,SO55773,4,TT-R982,1,4,73a69a5c77a7d23172e54d7ce07a638e
14423,bc761b2b7297029a695fbd6dd0470724,fef3080ec197edd1a04bb18afd31d16d,SO55651,9,BC-R205,1,9,9b6872ca1d80024637e967d1066bba0a
14423,bc761b2b7297029a695fbd6dd0470724,fef3080ec197edd1a04bb18afd31d16d,SO55651,27,CA-1098,3,27,9b6872ca1d80024637e967d1066bba0a
14423,bc761b2b7297029a695fbd6dd0470724,fef3080ec197edd1a04bb18afd31d16d,SO55651,105,HL-U509,3,105,9b6872ca1d80024637e967d1066bba0a
14423,bc761b2b7297029a695fbd6dd0470724,fef3080ec197edd1a04bb18afd31d16d,SO55651,29,TI-T723,1,29,9b6872ca1d80024637e967d1066bba0a
14423,bc761b2b7297029a695fbd6dd0470724,fef3080ec197edd1a04bb18afd31d16d,SO55651,5,TT-T092,1,5,9b6872ca1d80024637e967d1066bba0a
14423,bc761b2b7297029a695fbd6dd0470724,fef3080ec197edd1a04bb18afd31d16d,SO55651,5,WB-H098,1,5,9b6872ca1d80024637e967d1066bba0a
14423,eba6cab7267f82e3b2a063d5ea445bb9,73b2264d673ee7b5b2e7e165020516ac,SO58049,10,BC-M005,1,10,02ad1a5ca18e58629b8c1d6a6401d071
14423,eba6cab7267f82e3b2a063d5ea445bb9,73b2264d673ee7b5b2e7e165020516ac,SO58049,105,HL-U509,3,105,02ad1a5ca18e58629b8c1d6a6401d071
14423,eba6cab7267f82e3b2a063d5ea445bb9,73b2264d673ee7b5b2e7e165020516ac,SO58049,5,WB-H098,1,5,02ad1a5ca18e58629b8c1d6a6401d071
14424,0001ffe4d82d0d8f9fec5ab0b4faa2db,3dc63b2d6dcc8f0b6720b06b5439a0b1,SO67027,9,BC-R205,1,9,4004a117f65dfd3221a9cce8fce5a45f
14424,0001ffe4d82d0d8f9fec5ab0b4faa2db,3dc63b2d6dcc8f0b6720b06b5439a0b1,SO67027,4886,BK-R89B-44,2,4886,4004a117f65dfd3221a9cce8fce5a45f
14424,0001ffe4d82d0d8f9fec5ab0b4faa2db,3dc63b2d6dcc8f0b6720b06b5439a0b1,SO67027,5,WB-H098,1,5,4004a117f65dfd3221a9cce8fce5a45f
14424,9a565a7d2e70265a68ce424b97f03cfe,aa06fa50828269965eade0f7422d1b9e,SO47483,4364,BK-R89B-58,2,4364,e61ec60837c3a7c01e31ad9b2d857e99
14424,e7df1b3ee078bdcfc260a877f321287d,4dbf892d41ae205f6e36838031cff786,SO59078,10,BC-M005,1,10,478ecc8cdaa127c33884d9f6c72c2cd5
14424,e7df1b3ee078bdcfc260a877f321287d,4dbf892d41ae205f6e36838031cff786,SO59078,4590,BK-M68B-46,2,4590,478ecc8cdaa127c33884d9f6c72c2cd5
14424,e7df1b3ee078bdcfc260a877f321287d,4dbf892d41ae205f6e36838031cff786,SO59078,55,HY-1023-70,1,55,478ecc8cdaa127c33884d9f6c72c2cd5
14425,65e68a57e397cec5452983179d80edc2,13af0cd214494c6df4622847478d94fe,SO45692,3578,BK-R93R-52,1,3578,2e19cf4ec5f6b0d897c8d5b873a164e5
14425,c660dc308b247ce08aeecd155306bae0,e7df1b3ee078bdcfc260a877f321287d,SO59904,10,BC-M005,1,10,9a95fdf4e925d9cbd65f87b5aa4ac212
14425,c660dc308b247ce08aeecd155306bae0,e7df1b3ee078bdcfc260a877f321287d,SO59904,4640,BK-M68S-42,2,4640,9a95fdf4e925d9cbd65f87b5aa4ac212
14425,c660dc308b247ce08aeecd155306bae0,e7df1b3ee078bdcfc260a877f321287d,SO59904,5,WB-H098,1,5,9a95fdf4e925d9cbd65f87b5aa4ac212
14425,f476906875bc5d9abe836b4ea1f485c1,f04e53711455521533f4c5ed7dcaa287,SO53184,2384,BK-T79U-60,1,2384,15aceb75d86814cb479f1b1a9487c3d4
14425,f476906875bc5d9abe836b4ea1f485c1,f04e53711455521533f4c5ed7dcaa287,SO53184,105,HL-U509-B,3,105,15aceb75d86814cb479f1b1a9487c3d4
14426,4804ee33768b143d9706052696f7dfbd,7254e54716fe52361e62aa16ea2e0797,SO60249,4590,BK-M68B-46,2,4590,c660dc308b247ce08aeecd155306bae0
14426,4804ee33768b143d9706052696f7dfbd,7254e54716fe52361e62aa16ea2e0797,SO60249,22,FE-6654,1,22,c660dc308b247ce08aeecd155306bae0
14426,4804ee33768b143d9706052696f7dfbd,7254e54716fe52361e62aa16ea2e0797,SO60249,35,TI-M823,1,35,c660dc308b247ce08aeecd155306bae0
14426,4804ee33768b143d9706052696f7dfbd,7254e54716fe52361e62aa16ea2e0797,SO60249,5,TT-M928,1,5,c660dc308b247ce08aeecd155306bae0
14426,a8c7d5b3aff3fa32b632b239bd18e26f,350462f2d0124beb0d7adf60dd79a8b8,SO45728,3578,BK-R93R-52,1,3578,e52d77ff6cfc92babed59c52d26cc727
14426,dca79d69a6b38e95c4b03bfab997796c,e5bf4a4a03e320ed76cf2ca68fa5b4c0,SO52406,2384,BK-T79Y-50,1,2384,9f79f7706bc6a7654ef0b8977966f69a
14427,4a70a3ec50fd16032883bf6fc79c55dd,4804ee33768b143d9706052696f7dfbd,SO61034,10,BC-M005,1,10,e0bcd0ff3072dfe15609d6be1529b0b8
14427,4a70a3ec50fd16032883bf6fc79c55dd,4804ee33768b143d9706052696f7dfbd,SO61034,4640,BK-M68S-46,2,4640,e0bcd0ff3072dfe15609d6be1529b0b8
14427,4a70a3ec50fd16032883bf6fc79c55dd,4804ee33768b143d9706052696f7dfbd,SO61034,105,HL-U509-R,3,105,e0bcd0ff3072dfe15609d6be1529b0b8
14427,4a70a3ec50fd16032883bf6fc79c55dd,4804ee33768b143d9706052696f7dfbd,SO61034,55,HY-1023-70,1,55,e0bcd0ff3072dfe15609d6be1529b0b8
14427,4a70a3ec50fd16032883bf6fc79c55dd,4804ee33768b143d9706052696f7dfbd,SO61034,150,LJ-0192-L,3,150,e0bcd0ff3072dfe15609d6be1529b0b8
14427,4a70a3ec50fd16032883bf6fc79c55dd,4804ee33768b143d9706052696f7dfbd,SO61034,5,WB-H098,1,5,e0bcd0ff3072dfe15609d6be1529b0b8
14427,9d0c5a1a95274b55fd3f6fd19fd273ae,45c68ffa2dc409a0196eea5fff3994d1,SO44344,3578,BK-R93R-62,1,3578,8f2099f692279474c5211078c1fbcbe0
14427,ccf89c691dabb1412404274596922d90,b0241b451647f25db5f52074445d820c,SO65066,9,BC-R205,1,9,7299e51cfc0d5174743a6701a8a96488
14427,ccf89c691dabb1412404274596922d90,b0241b451647f25db5f52074445d820c,SO65066,2384,BK-T79U-50,1,2384,7299e51cfc0d5174743a6701a8a96488
14427,ccf89c691dabb1412404274596922d90,b0241b451647f25db5f52074445d820c,SO65066,5,WB-H098,1,5,7299e51cfc0d5174743a6701a8a96488
14428,2161780b6db40411111a69f18a2056bd,4500e4039ea772ebac51a9263a2eda7f,SO45580,3578,BK-R93R-62,1,3578,ee7b4e75b13596004256c5044792aa3c
14428,5c741aa8e0753be65314a304e7b39c14,d945ec2aae74dbfb829453026b91c235,SO62035,4590,BK-M68B-42,2,4590,7ee641303ef8d8b10d0ed00a060c73cc
14428,5c741aa8e0753be65314a304e7b39c14,d945ec2aae74dbfb829453026b91c235,SO62035,105,HL-U509-R,3,105,7ee641303ef8d8b10d0ed00a060c73cc
14428,9b98d27287b27eeee9ebc06e1d5a9a8d,0dc34ca2aaa8612cde077f1880b78b25,SO53132,2384,BK-T79U-54,1,2384,18bea060239713ee5f865109f63f3a8a
14428,9b98d27287b27eeee9ebc06e1d5a9a8d,0dc34ca2aaa8612cde077f1880b78b25,SO53132,29,TI-T723,1,29,18bea060239713ee5f865109f63f3a8a
14429,2becb9647677a1a316b388bbad689580,013f173c58073e845f675d26fdde1918,SO61383,4640,BK-M68S-46,2,4640,0383d48e76cd8a3dfb9e2a890f2cac18
14429,2becb9647677a1a316b388bbad689580,013f173c58073e845f675d26fdde1918,SO61383,22,FE-6654,1,22,0383d48e76cd8a3dfb9e2a890f2cac18
14429,2becb9647677a1a316b388bbad689580,013f173c58073e845f675d26fdde1918,SO61383,55,HY-1023-70,1,55,0383d48e76cd8a3dfb9e2a890f2cac18
14429,55348beba23f6cbf7d48ebb920ebb559,0cb388227f4fdb8ab3e94e6477d98f5a,SO44320,3578,BK-R93R-56,1,3578,556c3334adfb28b12965c8974489bdcd
14429,94b225b5b1f09ecd5e8ecdfb681ff04c,03bf7d2a8718ee9aca4bd2f37e962fc4,SO64356,2384,BK-T79Y-50,1,2384,61e00b038efd34bdf9c747596273cbcf
14429,94b225b5b1f09ecd5e8ecdfb681ff04c,03bf7d2a8718ee9aca4bd2f37e962fc4,SO64356,105,HL-U509-R,3,105,61e00b038efd34bdf9c747596273cbcf
14430,16e364d19895243407b256ec272d5394,4004a117f65dfd3221a9cce8fce5a45f,SO67603,22,FE-6654,1,22,7acd252f45ad6fe668386456a673d543
14430,16e364d19895243407b256ec272d5394,4004a117f65dfd3221a9cce8fce5a45f,SO67603,9,SO-R809-M,1,9,7acd252f45ad6fe668386456a673d543
14431,56e52500a7f5ab963646137a401683cd,df09a3a727ac0f29208c5ef3bf7625e6,SO74671,22,FE-6654,1,22,13b7c2277967bc61802018c764b5b2a0
14432,05e7920e8caf0303dc01b77666952b75,eea5b3bd1bd5d5c62a1d22f78d3ba263,SO66232,22,FE-6654,1,22,3a2f313512bb520c43971e54ba834dec
14433,2ed3972e38245b633ec6b146c2970148,6477c205c5117a9448ba863e111acf32,SO61713,4640,BK-M68S-46,2,4640,2becb9647677a1a316b388bbad689580
14433,2ed3972e38245b633ec6b146c2970148,6477c205c5117a9448ba863e111acf32,SO61713,22,FE-6654,1,22,2becb9647677a1a316b388bbad689580
14433,727839743fd8ddb93101d7c79edd3f76,b60bd79b871d7c3345674370fa4dda03,SO50429,2000,BK-R64Y-44,2,2000,b1ad26241c636eff92eee5bae93235ce
14434,8092e44fa2e2a2ee34e25210038fe274,b1ad26241c636eff92eee5bae93235ce,SO50498,2000,BK-R64Y-48,2,2000,aa42aae45cd2488a20db2ff74ed044f7
14434,d53f9d33cac0a297449a74a10d031570,e0bcd0ff3072dfe15609d6be1529b0b8,SO61581,4640,BK-M68S-42,2,4640,4cc27df81afd686c0420394e090460cb
14434,d53f9d33cac0a297449a74a10d031570,e0bcd0ff3072dfe15609d6be1529b0b8,SO61581,22,FE-6654,1,22,4cc27df81afd686c0420394e090460cb
14434,d53f9d33cac0a297449a74a10d031570,e0bcd0ff3072dfe15609d6be1529b0b8,SO61581,54,SJ-0194-S,1,54,4cc27df81afd686c0420394e090460cb
14435,d4746e41b619da57ee9f1a2e2cc254e8,81a5d08c6beaeec9e42baae5d63dd780,SO64090,27,CA-1098,3,27,23bd9a9b90557e9da7babfb8e3d2df22
14435,d4746e41b619da57ee9f1a2e2cc254e8,81a5d08c6beaeec9e42baae5d63dd780,SO64090,22,FE-6654,1,22,23bd9a9b90557e9da7babfb8e3d2df22
14435,d4746e41b619da57ee9f1a2e2cc254e8,81a5d08c6beaeec9e42baae5d63dd780,SO64090,150,LJ-0192-L,3,150,23bd9a9b90557e9da7babfb8e3d2df22
14436,0001ffe4d82d0d8f9fec5ab0b4faa2db,3dc63b2d6dcc8f0b6720b06b5439a0b1,SO67076,2384,BK-T79U-46,1,2384,4004a117f65dfd3221a9cce8fce5a45f
14436,0001ffe4d82d0d8f9fec5ab0b4faa2db,3dc63b2d6dcc8f0b6720b06b5439a0b1,SO67076,105,HL-U509,3,105,4004a117f65dfd3221a9cce8fce5a45f
14436,07b31bae17c7890b17d79a654aa230cf,a976f17830aceaaa93d5daef0bc209a3,SO58178,10,BC-M005,1,10,ef5bad66aa19ccfb82cacb73584b83ea
14436,07b31bae17c7890b17d79a654aa230cf,a976f17830aceaaa93d5daef0bc209a3,SO58178,4640,BK-M68S-38,2,4640,ef5bad66aa19ccfb82cacb73584b83ea
14436,07b31bae17c7890b17d79a654aa230cf,a976f17830aceaaa93d5daef0bc209a3,SO58178,22,FE-6654,1,22,ef5bad66aa19ccfb82cacb73584b83ea
14436,07b31bae17c7890b17d79a654aa230cf,a976f17830aceaaa93d5daef0bc209a3,SO58178,5,WB-H098,1,5,ef5bad66aa19ccfb82cacb73584b83ea
14437,b0950d12c62d3aeda81b2e8d06f2aef4,e366e24b8ad0b1107528f2f58cd15a81,SO73362,22,FE-6654,1,22,a048b8d5f3f9178f163e2be055f0138b
14438,aa42aae45cd2488a20db2ff74ed044f7,e8e793c69d6c0688e51cf9bd1abe03b3,SO50444,2000,BK-R64Y-48,2,2000,8242bea4faa7e8112c9c701d437fbe67
14438,b210069485754303767745919c328b97,305c66634c155cab2b5cc3ce00351eb1,SO62856,4590,BK-M68B-38,2,4590,5efefff01843f5aa3f7d8a4d44b4bf2e
14438,b210069485754303767745919c328b97,305c66634c155cab2b5cc3ce00351eb1,SO62856,22,FE-6654,1,22,5efefff01843f5aa3f7d8a4d44b4bf2e
14438,b210069485754303767745919c328b97,305c66634c155cab2b5cc3ce00351eb1,SO62856,105,HL-U509-R,3,105,5efefff01843f5aa3f7d8a4d44b4bf2e
14439,8242bea4faa7e8112c9c701d437fbe67,52bde41d0f4e244c3d741707e5f19618,SO50395,2000,BK-R64Y-40,2,2000,18ed686c4efc5757b5c809cfcc456ce1
14439,95103530881768b5cfc7e33970db9cd7,2ed3972e38245b633ec6b146c2970148,SO62446,10,BC-M005,1,10,305c66634c155cab2b5cc3ce00351eb1
14439,95103530881768b5cfc7e33970db9cd7,2ed3972e38245b633ec6b146c2970148,SO62446,4590,BK-M68B-42,2,4590,305c66634c155cab2b5cc3ce00351eb1
14439,95103530881768b5cfc7e33970db9cd7,2ed3972e38245b633ec6b146c2970148,SO62446,2,PK-7098,1,2,305c66634c155cab2b5cc3ce00351eb1
14439,95103530881768b5cfc7e33970db9cd7,2ed3972e38245b633ec6b146c2970148,SO62446,5,WB-H098,1,5,305c66634c155cab2b5cc3ce00351eb1
14440,34ac3f5a318d1a93a8a4ad7dfac9fb98,74a9ea32186ec3a0b0657cef3f2b687f,SO50353,2000,BK-R64Y-42,2,2000,e488a84b1e74148f72971289cb4e1be9
14440,95103530881768b5cfc7e33970db9cd7,2ed3972e38245b633ec6b146c2970148,SO62447,10,BC-M005,1,10,305c66634c155cab2b5cc3ce00351eb1
14440,95103530881768b5cfc7e33970db9cd7,2ed3972e38245b633ec6b146c2970148,SO62447,4590,BK-M68B-46,2,4590,305c66634c155cab2b5cc3ce00351eb1
14440,95103530881768b5cfc7e33970db9cd7,2ed3972e38245b633ec6b146c2970148,SO62447,22,FE-6654,1,22,305c66634c155cab2b5cc3ce00351eb1
14440,95103530881768b5cfc7e33970db9cd7,2ed3972e38245b633ec6b146c2970148,SO62447,105,HL-U509,3,105,305c66634c155cab2b5cc3ce00351eb1
14440,95103530881768b5cfc7e33970db9cd7,2ed3972e38245b633ec6b146c2970148,SO62447,5,WB-H098,1,5,305c66634c155cab2b5cc3ce00351eb1
14441,d9f7611cf8d29b48a1d3d8fddb8c5b2e,55f9f4cb5784581a517e59904e0d5e2f,SO56663,22,FE-6654,1,22,fda052162862bb845297063fd71a580c
14441,d9f7611cf8d29b48a1d3d8fddb8c5b2e,55f9f4cb5784581a517e59904e0d5e2f,SO56663,120,RA-H123,1,120,fda052162862bb845297063fd71a580c
14442,8dd08d219271ec96c543f486de430703,d53f9d33cac0a297449a74a10d031570,SO62331,4590,BK-M68B-42,2,4590,04dbdf67bb8714ba18c9c36d50d1f5dc
14442,8dd08d219271ec96c543f486de430703,d53f9d33cac0a297449a74a10d031570,SO62331,105,HL-U509-R,3,105,04dbdf67bb8714ba18c9c36d50d1f5dc
14442,8dd08d219271ec96c543f486de430703,d53f9d33cac0a297449a74a10d031570,SO62331,35,TI-M823,1,35,04dbdf67bb8714ba18c9c36d50d1f5dc
14442,8dd08d219271ec96c543f486de430703,d53f9d33cac0a297449a74a10d031570,SO62331,5,TT-M928,1,5,04dbdf67bb8714ba18c9c36d50d1f5dc
14442,9af1e473046ebbc43d1ad2aa50b49777,5d8c6714b72d01c132804ea13b83dd02,SO50542,2000,BK-R64Y-42,2,2000,e7474cc4160afe50284f7f7c3679b3c1
14443,ac15b60491fe99190c0248790e690757,ab2e81a99745ffff6c06e2be93290d1b,SO54791,22,FE-6654,1,22,0c8ff735cb2b05718573c08173335fd4
14444,2d6e054ac82934d489c58cc8399a1628,ce08c22f7777768ce4197eab9727516c,SO60794,27,CA-1098,3,27,348f48807f500aeac729fb17d9bc97f1
14444,2d6e054ac82934d489c58cc8399a1628,ce08c22f7777768ce4197eab9727516c,SO60794,22,FE-6654,1,22,348f48807f500aeac729fb17d9bc97f1
14445,1678083e7ff90bd404baad3f60bffa37,7b0730955172ecda497d7cca6b1d87a1,SO55768,10,BC-M005,1,10,73a69a5c77a7d23172e54d7ce07a638e
14445,1678083e7ff90bd404baad3f60bffa37,7b0730955172ecda497d7cca6b1d87a1,SO55768,22,FE-6654,1,22,73a69a5c77a7d23172e54d7ce07a638e
14445,1678083e7ff90bd404baad3f60bffa37,7b0730955172ecda497d7cca6b1d87a1,SO55768,64,VE-C304-L,1,64,73a69a5c77a7d23172e54d7ce07a638e
14445,1678083e7ff90bd404baad3f60bffa37,7b0730955172ecda497d7cca6b1d87a1,SO55768,5,WB-H098,1,5,73a69a5c77a7d23172e54d7ce07a638e
14446,58c4ce5b9433e7b6d41793d5a76d5590,1556bafff387fc8f2f6fef64c1daa6bc,SO71315,2,PK-7098,1,2,fd5ba6fdeb81e07b2caf0b103489bd8d
14446,58c4ce5b9433e7b6d41793d5a76d5590,1556bafff387fc8f2f6fef64c1daa6bc,SO71315,35,TI-M823,1,35,fd5ba6fdeb81e07b2caf0b103489bd8d
14446,72e75576254db1afef14ecdc050391c2,20b851db79828c985958154243411278,SO52084,10,BC-M005,1,10,0b80ce5eab877cae9997209e0bee6e60
14446,72e75576254db1afef14ecdc050391c2,20b851db79828c985958154243411278,SO52084,5,WB-H098,1,5,0b80ce5eab877cae9997209e0bee6e60
14446,fff3c307c93eda1eb91d53ca588846fe,4584ca349e0920f4436a3c2f36158b85,SO69337,48,GL-H102-M,2,48,70951886788165a5e2439adfce4d0cce
14446,fff3c307c93eda1eb91d53ca588846fe,4584ca349e0920f4436a3c2f36158b85,SO69337,70,SH-W890-L,1,70,70951886788165a5e2439adfce4d0cce
14447,650b814e9875ec60f087b34f3fe85282,10286aa18ba7fc1d175af14353ff81c6,SO50525,2000,BK-R64Y-44,2,2000,2d3821c62d6665c47296272022e338e1
14447,9913e55755fcc4267a06c1e6adbbc7fb,4a70a3ec50fd16032883bf6fc79c55dd,SO61904,10,BC-M005,1,10,d53f9d33cac0a297449a74a10d031570
14447,9913e55755fcc4267a06c1e6adbbc7fb,4a70a3ec50fd16032883bf6fc79c55dd,SO61904,4640,BK-M68S-42,2,4640,d53f9d33cac0a297449a74a10d031570
14447,9913e55755fcc4267a06c1e6adbbc7fb,4a70a3ec50fd16032883bf6fc79c55dd,SO61904,150,LJ-0192-L,3,150,d53f9d33cac0a297449a74a10d031570
14447,9913e55755fcc4267a06c1e6adbbc7fb,4a70a3ec50fd16032883bf6fc79c55dd,SO61904,5,WB-H098,1,5,d53f9d33cac0a297449a74a10d031570
14448,290499d9b8e65db426ba9b842714eb6d,606ed413481267c98754e3351f662859,SO62666,4590,BK-M68B-46,2,4590,d1024973c3d10f08cb9fa1736e6ed8b7
14448,290499d9b8e65db426ba9b842714eb6d,606ed413481267c98754e3351f662859,SO62666,105,HL-U509-B,3,105,d1024973c3d10f08cb9fa1736e6ed8b7
14448,290499d9b8e65db426ba9b842714eb6d,606ed413481267c98754e3351f662859,SO62666,35,TI-M823,1,35,d1024973c3d10f08cb9fa1736e6ed8b7
14448,290499d9b8e65db426ba9b842714eb6d,606ed413481267c98754e3351f662859,SO62666,5,TT-M928,1,5,d1024973c3d10f08cb9fa1736e6ed8b7
14448,2d3821c62d6665c47296272022e338e1,34ac3f5a318d1a93a8a4ad7dfac9fb98,SO50486,2000,BK-R64Y-38,2,2000,5d8c6714b72d01c132804ea13b83dd02
14449,2becb9647677a1a316b388bbad689580,013f173c58073e845f675d26fdde1918,SO61414,4640,BK-M68S-42,2,4640,0383d48e76cd8a3dfb9e2a890f2cac18
14449,2becb9647677a1a316b388bbad689580,013f173c58073e845f675d26fdde1918,SO61414,105,HL-U509-B,3,105,0383d48e76cd8a3dfb9e2a890f2cac18
14449,7f480de9e8eb6071d108895ecf71651d,af04e65ff21d922e75b51466fd45d408,SO50479,2000,BK-R64Y-42,2,2000,727839743fd8ddb93101d7c79edd3f76
14450,6eaadc1181f307997dc853d9ed40db36,0814775cfc25da756a9b4197347ab771,SO58505,22,FE-6654,1,22,4dbf892d41ae205f6e36838031cff786
14450,6eaadc1181f307997dc853d9ed40db36,0814775cfc25da756a9b4197347ab771,SO58505,159,ST-1401,1,159,4dbf892d41ae205f6e36838031cff786
14451,086ede30a02aceddb0b53ef006935d73,a37b3b8ed0bad1707ba2be514cc71f02,SO50405,2000,BK-R64Y-44,2,2000,af04e65ff21d922e75b51466fd45d408
14451,606ed413481267c98754e3351f662859,4ddc8821c34bceaf3dba4a18741acca3,SO61952,4640,BK-M68S-42,2,4640,f8025d3776b5f7522a6120cb4e9e0783
14451,606ed413481267c98754e3351f662859,4ddc8821c34bceaf3dba4a18741acca3,SO61952,2,PK-7098,1,2,f8025d3776b5f7522a6120cb4e9e0783
14451,606ed413481267c98754e3351f662859,4ddc8821c34bceaf3dba4a18741acca3,SO61952,35,TI-M823,1,35,f8025d3776b5f7522a6120cb4e9e0783
14451,606ed413481267c98754e3351f662859,4ddc8821c34bceaf3dba4a18741acca3,SO61952,5,TT-M928,1,5,f8025d3776b5f7522a6120cb4e9e0783
14452,7ee641303ef8d8b10d0ed00a060c73cc,eef21e68ecca703bb338920b950f203c,SO61771,4640,BK-M68S-38,2,4640,0d15ba5aa4c9ad0377b26e0cf7a86280
14452,7ee641303ef8d8b10d0ed00a060c73cc,eef21e68ecca703bb338920b950f203c,SO61771,22,FE-6654,1,22,0d15ba5aa4c9ad0377b26e0cf7a86280
14452,7ee641303ef8d8b10d0ed00a060c73cc,eef21e68ecca703bb338920b950f203c,SO61771,105,HL-U509,3,105,0d15ba5aa4c9ad0377b26e0cf7a86280
14452,8092e44fa2e2a2ee34e25210038fe274,b1ad26241c636eff92eee5bae93235ce,SO50496,2000,BK-R64Y-38,2,2000,aa42aae45cd2488a20db2ff74ed044f7
14453,10286aa18ba7fc1d175af14353ff81c6,decf9fc89a1038c423f1bef01a953ac9,SO50419,2000,BK-R64Y-44,2,2000,34ac3f5a318d1a93a8a4ad7dfac9fb98
14453,16918840d98f27ce45948fe73dd5592f,04dbdf67bb8714ba18c9c36d50d1f5dc,SO62735,4640,BK-M68S-38,2,4640,95103530881768b5cfc7e33970db9cd7
14453,16918840d98f27ce45948fe73dd5592f,04dbdf67bb8714ba18c9c36d50d1f5dc,SO62735,22,FE-6654,1,22,95103530881768b5cfc7e33970db9cd7
14453,16918840d98f27ce45948fe73dd5592f,04dbdf67bb8714ba18c9c36d50d1f5dc,SO62735,150,LJ-0192-L,3,150,95103530881768b5cfc7e33970db9cd7
14453,16918840d98f27ce45948fe73dd5592f,04dbdf67bb8714ba18c9c36d50d1f5dc,SO62735,9,SO-R809-M,1,9,95103530881768b5cfc7e33970db9cd7
14454,59c3d64cb01cd5ad7fd25246d81a55ff,ac15b60491fe99190c0248790e690757,SO55529,10,BC-M005,1,10,d8a4ea0dc4237ee8690ee37b3902fd0e
14454,59c3d64cb01cd5ad7fd25246d81a55ff,ac15b60491fe99190c0248790e690757,SO55529,22,FE-6654,1,22,d8a4ea0dc4237ee8690ee37b3902fd0e
14455,9444f850ff0c10a862b4a6a9c4ab0a74,3143ce3c6436ed5bd25398756b7b661d,SO53739,10,BC-M005,1,10,76e3c19dbb0dadc4c6dc771d856e4676
14455,9444f850ff0c10a862b4a6a9c4ab0a74,3143ce3c6436ed5bd25398756b7b661d,SO53739,9,SO-R809-M,1,9,76e3c19dbb0dadc4c6dc771d856e4676
14455,9444f850ff0c10a862b4a6a9c4ab0a74,3143ce3c6436ed5bd25398756b7b661d,SO53739,5,WB-H098,1,5,76e3c19dbb0dadc4c6dc771d856e4676
14455,9913e55755fcc4267a06c1e6adbbc7fb,4a70a3ec50fd16032883bf6fc79c55dd,SO61879,150,LJ-0192-X,6,300,d53f9d33cac0a297449a74a10d031570
14455,9913e55755fcc4267a06c1e6adbbc7fb,4a70a3ec50fd16032883bf6fc79c55dd,SO61879,70,SH-W890-L,1,70,d53f9d33cac0a297449a74a10d031570
14455,a9adf65abbb865184bf924d14a93d0c4,ec24e4cf9fcc90f3bbe81b2fb3735c21,SO70707,105,HL-U509-B,3,105,e0cd1349b4c6e1b5f14ed427e358c2d0
14455,a9adf65abbb865184bf924d14a93d0c4,ec24e4cf9fcc90f3bbe81b2fb3735c21,SO70707,35,TI-M823,1,35,e0cd1349b4c6e1b5f14ed427e358c2d0
14455,a9adf65abbb865184bf924d14a93d0c4,ec24e4cf9fcc90f3bbe81b2fb3735c21,SO70707,5,TT-M928,1,5,e0cd1349b4c6e1b5f14ed427e358c2d0
14456,34ac3f5a318d1a93a8a4ad7dfac9fb98,74a9ea32186ec3a0b0657cef3f2b687f,SO50354,2000,BK-R64Y-38,2,2000,e488a84b1e74148f72971289cb4e1be9
14456,d945ec2aae74dbfb829453026b91c235,348f48807f500aeac729fb17d9bc97f1,SO61358,4640,BK-M68S-42,2,4640,eef21e68ecca703bb338920b950f203c
14456,d945ec2aae74dbfb829453026b91c235,348f48807f500aeac729fb17d9bc97f1,SO61358,22,FE-6654,1,22,eef21e68ecca703bb338920b950f203c
14456,d945ec2aae74dbfb829453026b91c235,348f48807f500aeac729fb17d9bc97f1,SO61358,64,VE-C304-M,1,64,eef21e68ecca703bb338920b950f203c
14457,5f8b10fd69342734dd36c905a170cf51,9af1e473046ebbc43d1ad2aa50b49777,SO50793,2000,BK-R64Y-40,2,2000,c93cdb5d286db70864b70951bb6b1219
14457,b210069485754303767745919c328b97,305c66634c155cab2b5cc3ce00351eb1,SO62855,10,BC-M005,1,10,5efefff01843f5aa3f7d8a4d44b4bf2e
14457,b210069485754303767745919c328b97,305c66634c155cab2b5cc3ce00351eb1,SO62855,4640,BK-M68S-46,2,4640,5efefff01843f5aa3f7d8a4d44b4bf2e
14457,b210069485754303767745919c328b97,305c66634c155cab2b5cc3ce00351eb1,SO62855,48,GL-H102-M,2,48,5efefff01843f5aa3f7d8a4d44b4bf2e
14457,b210069485754303767745919c328b97,305c66634c155cab2b5cc3ce00351eb1,SO62855,5,WB-H098,1,5,5efefff01843f5aa3f7d8a4d44b4bf2e
14458,4efe8b2ca156042f8a3d8dd6aba54520,e2f0a420a4c1a9e8e292761f835e0489,SO66339,10,BC-M005,1,10,e82ca4c6beebe812f10fa1041b97a160
14458,4efe8b2ca156042f8a3d8dd6aba54520,e2f0a420a4c1a9e8e292761f835e0489,SO66339,5,WB-H098,1,5,e82ca4c6beebe812f10fa1041b97a160
14458,8dd08d219271ec96c543f486de430703,d53f9d33cac0a297449a74a10d031570,SO62310,70,SH-W890-M,1,70,04dbdf67bb8714ba18c9c36d50d1f5dc
14458,8dd08d219271ec96c543f486de430703,d53f9d33cac0a297449a74a10d031570,SO62310,9,SO-R809-M,1,9,04dbdf67bb8714ba18c9c36d50d1f5dc
14458,e2f0a420a4c1a9e8e292761f835e0489,4eec6eda382b9c44e240ad4b4b5e9cc0,SO65599,35,TI-M823,1,35,9d934f91c460e9947414d00048f2fa36
14458,e2f0a420a4c1a9e8e292761f835e0489,4eec6eda382b9c44e240ad4b4b5e9cc0,SO65599,5,TT-M928,1,5,9d934f91c460e9947414d00048f2fa36
14459,4efe8b2ca156042f8a3d8dd6aba54520,e2f0a420a4c1a9e8e292761f835e0489,SO66363,9,BC-R205,1,9,e82ca4c6beebe812f10fa1041b97a160
14459,4efe8b2ca156042f8a3d8dd6aba54520,e2f0a420a4c1a9e8e292761f835e0489,SO66363,2384,BK-T79U-50,1,2384,e82ca4c6beebe812f10fa1041b97a160
14459,4efe8b2ca156042f8a3d8dd6aba54520,e2f0a420a4c1a9e8e292761f835e0489,SO66363,5,WB-H098,1,5,e82ca4c6beebe812f10fa1041b97a160
14459,f108e0cd2f96a0c22086f9d45ee08f19,ad0b7f5ad35732646f1e5f67418d5995,SO60161,4640,BK-M68S-38,2,4640,7983129d9883ebc3b9dce3311996b001
14459,f108e0cd2f96a0c22086f9d45ee08f19,ad0b7f5ad35732646f1e5f67418d5995,SO60161,22,FE-6654,1,22,7983129d9883ebc3b9dce3311996b001
14459,f108e0cd2f96a0c22086f9d45ee08f19,ad0b7f5ad35732646f1e5f67418d5995,SO60161,105,HL-U509-R,3,105,7983129d9883ebc3b9dce3311996b001
14460,8920fd63645007b243abb750709b1172,58c4ce5b9433e7b6d41793d5a76d5590,SO72303,22,FE-6654,1,22,0d3057f268050d468f468434f8ec809a
14460,8920fd63645007b243abb750709b1172,58c4ce5b9433e7b6d41793d5a76d5590,SO72303,48,GL-H102-M,2,48,0d3057f268050d468f468434f8ec809a
14460,8920fd63645007b243abb750709b1172,58c4ce5b9433e7b6d41793d5a76d5590,SO72303,150,LJ-0192-S,3,150,0d3057f268050d468f468434f8ec809a
14461,5c741aa8e0753be65314a304e7b39c14,d945ec2aae74dbfb829453026b91c235,SO62072,10,BC-M005,1,10,7ee641303ef8d8b10d0ed00a060c73cc
14461,5c741aa8e0753be65314a304e7b39c14,d945ec2aae74dbfb829453026b91c235,SO62072,4590,BK-M68B-38,2,4590,7ee641303ef8d8b10d0ed00a060c73cc
14461,5c741aa8e0753be65314a304e7b39c14,d945ec2aae74dbfb829453026b91c235,SO62072,5,WB-H098,1,5,7ee641303ef8d8b10d0ed00a060c73cc
14461,6ccfb4540d439b07eef79e9ec663aeee,c045063ec789c07ddd7ad868b7789049,SO51006,2000,BK-R64Y-48,2,2000,254f2678aa3e07c5a9451a18e28f2624
14462,2296af5563b2061aa1d88124a37eecb7,6866da5d40f1aad2d82129d5ffa25bda,SO66531,22,FE-6654,1,22,05e7920e8caf0303dc01b77666952b75
14463,da9c4ba6c9a1ae8725389bfd38b5763a,3e48b2167bd86ef570e46d0b286c4f74,SO54065,8,CL-9009,1,8,9223b53f03a405f817e91392f0294f6a
14463,da9c4ba6c9a1ae8725389bfd38b5763a,3e48b2167bd86ef570e46d0b286c4f74,SO54065,55,HY-1023-70,1,55,9223b53f03a405f817e91392f0294f6a
14463,da9c4ba6c9a1ae8725389bfd38b5763a,3e48b2167bd86ef570e46d0b286c4f74,SO54065,5,TT-M928,1,5,9223b53f03a405f817e91392f0294f6a
14464,0d15ba5aa4c9ad0377b26e0cf7a86280,b21e833d3ead6056f1265f13fe1ff015,SO61466,4640,BK-M68S-42,2,4640,4a70a3ec50fd16032883bf6fc79c55dd
14464,0d15ba5aa4c9ad0377b26e0cf7a86280,b21e833d3ead6056f1265f13fe1ff015,SO61466,2,PK-7098,1,2,4a70a3ec50fd16032883bf6fc79c55dd
14464,0d15ba5aa4c9ad0377b26e0cf7a86280,b21e833d3ead6056f1265f13fe1ff015,SO61466,35,TI-M823,1,35,4a70a3ec50fd16032883bf6fc79c55dd
14464,254f2678aa3e07c5a9451a18e28f2624,c164277d605c0bcbcd6b5749ac477b26,SO50953,2000,BK-R64Y-44,2,2000,460e666a19398f97709b4a361d97ed76
14465,f5933feadc49c253e4f0e77b236946e9,0b80ce5eab877cae9997209e0bee6e60,SO52436,2,PK-7098,1,2,b8cc77f0099ae7d3a20b9f0b74d70b12
14465,f5933feadc49c253e4f0e77b236946e9,0b80ce5eab877cae9997209e0bee6e60,SO52436,5,TT-M928,1,5,b8cc77f0099ae7d3a20b9f0b74d70b12
14466,0da2bc000f1fe4ea8746f9aea0bb5879,702a02712215141594ddf8e52b0a651c,SO68305,22,FE-6654,1,22,b34050290c25b0f7b52a2b8f767df87d
14466,0da2bc000f1fe4ea8746f9aea0bb5879,702a02712215141594ddf8e52b0a651c,SO68305,5,TT-M928,1,5,b34050290c25b0f7b52a2b8f767df87d
14466,0da2bc000f1fe4ea8746f9aea0bb5879,702a02712215141594ddf8e52b0a651c,SO68305,64,VE-C304-L,1,64,b34050290c25b0f7b52a2b8f767df87d
14467,02ad1a5ca18e58629b8c1d6a6401d071,8d71482745a6a1be4fbbc5562ade4657,SO57765,105,HL-U509-B,3,105,a976f17830aceaaa93d5daef0bc209a3
14467,02ad1a5ca18e58629b8c1d6a6401d071,8d71482745a6a1be4fbbc5562ade4657,SO57765,5,TT-M928,1,5,a976f17830aceaaa93d5daef0bc209a3
14468,d6ec5bff1a0809822c740ce35792fa7a,db2b287636ac5ebda430de4f3f643b24,SO52594,2,PK-7098,1,2,6be9692276a308e4b872323af1ad8fe2
14468,d6ec5bff1a0809822c740ce35792fa7a,db2b287636ac5ebda430de4f3f643b24,SO52594,5,TT-M928,1,5,6be9692276a308e4b872323af1ad8fe2
14469,3c8e2c51453f4d665f1050da871dead6,1f50dad3f1493a5cf408c4eb3987479e,SO55416,48,GL-H102-M,2,48,d34ba8f5d7fd7d5959a34c283fbec422
14469,3c8e2c51453f4d665f1050da871dead6,1f50dad3f1493a5cf408c4eb3987479e,SO55416,105,HL-U509-B,3,105,d34ba8f5d7fd7d5959a34c283fbec422
14469,3c8e2c51453f4d665f1050da871dead6,1f50dad3f1493a5cf408c4eb3987479e,SO55416,5,TT-M928,1,5,d34ba8f5d7fd7d5959a34c283fbec422
14470,048405fe051586c63978bfe6b3a8b733,853665fc08fe34bcd66df57da6a82a16,SO50974,2000,BK-R64Y-38,2,2000,4b32c1f268b5edfc6d7f486137468b29
14470,9913e55755fcc4267a06c1e6adbbc7fb,4a70a3ec50fd16032883bf6fc79c55dd,SO61903,4640,BK-M68S-46,2,4640,d53f9d33cac0a297449a74a10d031570
14470,9913e55755fcc4267a06c1e6adbbc7fb,4a70a3ec50fd16032883bf6fc79c55dd,SO61903,22,FE-6654,1,22,d53f9d33cac0a297449a74a10d031570
14470,9913e55755fcc4267a06c1e6adbbc7fb,4a70a3ec50fd16032883bf6fc79c55dd,SO61903,35,TI-M823,1,35,d53f9d33cac0a297449a74a10d031570
14470,9913e55755fcc4267a06c1e6adbbc7fb,4a70a3ec50fd16032883bf6fc79c55dd,SO61903,5,TT-M928,1,5,d53f9d33cac0a297449a74a10d031570
14471,606ed413481267c98754e3351f662859,4ddc8821c34bceaf3dba4a18741acca3,SO61951,4640,BK-M68S-38,2,4640,f8025d3776b5f7522a6120cb4e9e0783
14471,606ed413481267c98754e3351f662859,4ddc8821c34bceaf3dba4a18741acca3,SO61951,35,TI-M823,1,35,f8025d3776b5f7522a6120cb4e9e0783
14471,bcecb4362a7ad5f479ac9c9c0f6761bb,c8f4a6002944b338d50dcc7eb3b056c8,SO50805,2000,BK-R64Y-42,2,2000,1022f3e1145b30057972239301ce3382
14472,109423a52128e234487abcd717f01458,f4630495c408b1838e43e9291392dcdf,SO51058,2000,BK-R64Y-42,2,2000,6ccfb4540d439b07eef79e9ec663aeee
14472,870bd4f3713260418e4f342f31dc7e33,94c60e0b5e2b0f78b919a5d4c67d70a2,SO62924,4640,BK-M68S-46,2,4640,2fe1a028f9398deb2efcd536c8246fae
14472,870bd4f3713260418e4f342f31dc7e33,94c60e0b5e2b0f78b919a5d4c67d70a2,SO62924,22,FE-6654,1,22,2fe1a028f9398deb2efcd536c8246fae
14472,870bd4f3713260418e4f342f31dc7e33,94c60e0b5e2b0f78b919a5d4c67d70a2,SO62924,2,PK-7098,1,2,2fe1a028f9398deb2efcd536c8246fae
14472,870bd4f3713260418e4f342f31dc7e33,94c60e0b5e2b0f78b919a5d4c67d70a2,SO62924,159,ST-1401,1,159,2fe1a028f9398deb2efcd536c8246fae
14473,16918840d98f27ce45948fe73dd5592f,04dbdf67bb8714ba18c9c36d50d1f5dc,SO62736,4590,BK-M68B-38,2,4590,95103530881768b5cfc7e33970db9cd7
14473,16918840d98f27ce45948fe73dd5592f,04dbdf67bb8714ba18c9c36d50d1f5dc,SO62736,55,HY-1023-70,1,55,95103530881768b5cfc7e33970db9cd7
14473,16918840d98f27ce45948fe73dd5592f,04dbdf67bb8714ba18c9c36d50d1f5dc,SO62736,64,VE-C304-L,1,64,95103530881768b5cfc7e33970db9cd7
14473,67c3c5a7bf20d113d8d96abf6cb5e85c,c93cdb5d286db70864b70951bb6b1219,SO50868,2000,BK-R64Y-40,2,2000,ddc7146176eec240951e44da05d5f12b
14474,d4ae40bdb21d7c1f4fee96082340d3a2,9a027fc72b503940a96d5137762a263e,SO75106,2,PK-7098,1,2,08ff55594d8ca57b756a1953f77ebc89
14474,d4ae40bdb21d7c1f4fee96082340d3a2,9a027fc72b503940a96d5137762a263e,SO75106,5,TT-M928,1,5,08ff55594d8ca57b756a1953f77ebc89
14475,b988e88fd94a3b47434beeb650cff880,3c1811b546060d91957cc446aabc4a3c,SO56355,2,PK-7098,1,2,18025e6a8791d350428f65c0783ebd99
14475,b988e88fd94a3b47434beeb650cff880,3c1811b546060d91957cc446aabc4a3c,SO56355,5,TT-M928,1,5,18025e6a8791d350428f65c0783ebd99
14476,a1fedb8f5f2e08543339a5f167bee6b7,8b9fe4b34e3c54f08bfcac3d9691e260,SO64984,2,PK-7098,1,2,4eec6eda382b9c44e240ad4b4b5e9cc0
14476,a1fedb8f5f2e08543339a5f167bee6b7,8b9fe4b34e3c54f08bfcac3d9691e260,SO64984,5,TT-M928,1,5,4eec6eda382b9c44e240ad4b4b5e9cc0
14477,5118f4d1a94c19a06818ba12904e26f0,35a6fa1efa2ccca1297564c53a3633af,SO50832,2000,BK-R64Y-38,2,2000,f51bd0753a33f206ae6eb82577c92f80
14477,870bd4f3713260418e4f342f31dc7e33,94c60e0b5e2b0f78b919a5d4c67d70a2,SO62925,4640,BK-M68S-38,2,4640,2fe1a028f9398deb2efcd536c8246fae
14477,870bd4f3713260418e4f342f31dc7e33,94c60e0b5e2b0f78b919a5d4c67d70a2,SO62925,22,FE-6654,1,22,2fe1a028f9398deb2efcd536c8246fae
14478,6d1d8a1c7851eb5a946d45009cea6d9f,3f0c8308e4e2e5c4ddc1b7e19304f613,SO65736,2384,BK-T79Y-54,1,2384,6582aa26281b9a92ad60e6a03e274c00
14478,6d1d8a1c7851eb5a946d45009cea6d9f,3f0c8308e4e2e5c4ddc1b7e19304f613,SO65736,105,HL-U509,3,105,6582aa26281b9a92ad60e6a03e274c00
14478,6d1d8a1c7851eb5a946d45009cea6d9f,3f0c8308e4e2e5c4ddc1b7e19304f613,SO65736,29,TI-T723,1,29,6582aa26281b9a92ad60e6a03e274c00
14478,6d1d8a1c7851eb5a946d45009cea6d9f,3f0c8308e4e2e5c4ddc1b7e19304f613,SO65736,5,TT-T092,1,5,6582aa26281b9a92ad60e6a03e274c00
14478,7983129d9883ebc3b9dce3311996b001,0df76889b3e31ccfd17b50cc73baef03,SO59808,4640,BK-M68S-38,2,4640,7254e54716fe52361e62aa16ea2e0797
14478,7983129d9883ebc3b9dce3311996b001,0df76889b3e31ccfd17b50cc73baef03,SO59808,22,FE-6654,1,22,7254e54716fe52361e62aa16ea2e0797
14479,aa14ddbc43aa2d3be1e6ac019bb7b5bc,dcf73f840a50da0145f24e8e0169dc4b,SO72887,22,FE-6654,1,22,a6f2945baeceeef4c8d541a22f6e99e9
14479,aa14ddbc43aa2d3be1e6ac019bb7b5bc,dcf73f840a50da0145f24e8e0169dc4b,SO72887,55,HY-1023-70,1,55,a6f2945baeceeef4c8d541a22f6e99e9
14479,aa14ddbc43aa2d3be1e6ac019bb7b5bc,dcf73f840a50da0145f24e8e0169dc4b,SO72887,5,TT-M928,1,5,a6f2945baeceeef4c8d541a22f6e99e9
14480,d4746e41b619da57ee9f1a2e2cc254e8,81a5d08c6beaeec9e42baae5d63dd780,SO64083,10,BC-M005,1,10,23bd9a9b90557e9da7babfb8e3d2df22
14480,d4746e41b619da57ee9f1a2e2cc254e8,81a5d08c6beaeec9e42baae5d63dd780,SO64083,105,HL-U509,3,105,23bd9a9b90557e9da7babfb8e3d2df22
14480,d4746e41b619da57ee9f1a2e2cc254e8,81a5d08c6beaeec9e42baae5d63dd780,SO64083,5,WB-H098,1,5,23bd9a9b90557e9da7babfb8e3d2df22
14480,ec24e4cf9fcc90f3bbe81b2fb3735c21,c4369eefdf9bb8a3f9115e96b40aaf17,SO69818,70,SH-W890-L,1,70,f06fd077b6afc2d69af6e1e548da266d
14480,eea5b3bd1bd5d5c62a1d22f78d3ba263,c87874400b9f907bdf9ea37d75a4b341,SO65487,105,HL-U509-R,3,105,a1fedb8f5f2e08543339a5f167bee6b7
14480,eea5b3bd1bd5d5c62a1d22f78d3ba263,c87874400b9f907bdf9ea37d75a4b341,SO65487,35,TI-M823,1,35,a1fedb8f5f2e08543339a5f167bee6b7
14480,eea5b3bd1bd5d5c62a1d22f78d3ba263,c87874400b9f907bdf9ea37d75a4b341,SO65487,5,TT-M928,1,5,a1fedb8f5f2e08543339a5f167bee6b7
14481,3a23b248b732af434a45fce0302aa11f,db2f6a564b6f5f41253c68874b50962b,SO62983,4640,BK-M68S-42,2,4640,290499d9b8e65db426ba9b842714eb6d
14481,3a23b248b732af434a45fce0302aa11f,db2f6a564b6f5f41253c68874b50962b,SO62983,35,TI-M823,1,35,290499d9b8e65db426ba9b842714eb6d
14481,3a23b248b732af434a45fce0302aa11f,db2f6a564b6f5f41253c68874b50962b,SO62983,5,TT-M928,1,5,290499d9b8e65db426ba9b842714eb6d
14481,892aa61c5dad53571248cc492fa50176,fdc1a11f11cd643200d6bfb5eb92100e,SO50985,2000,BK-R64Y-38,2,2000,f4630495c408b1838e43e9291392dcdf
14482,d612b5fb3f6011688fb0c9927693365a,3e107cd1554225ea3056ed5010adce90,SO74397,105,HL-U509,3,105,a1e59736d286765313b8212467dc64b2
14482,d612b5fb3f6011688fb0c9927693365a,3e107cd1554225ea3056ed5010adce90,SO74397,150,LJ-0192-L,3,150,a1e59736d286765313b8212467dc64b2
14482,d612b5fb3f6011688fb0c9927693365a,3e107cd1554225ea3056ed5010adce90,SO74397,5,TT-M928,1,5,a1e59736d286765313b8212467dc64b2
14483,debbb2493c6588799fc787e1854bcda5,40883861f6e25a2e09e848a7891f4f38,SO58097,105,HL-U509-R,3,105,0814775cfc25da756a9b4197347ab771
14483,debbb2493c6588799fc787e1854bcda5,40883861f6e25a2e09e848a7891f4f38,SO58097,5,TT-M928,1,5,0814775cfc25da756a9b4197347ab771
14484,2becb9647677a1a316b388bbad689580,013f173c58073e845f675d26fdde1918,SO61411,10,BC-M005,1,10,0383d48e76cd8a3dfb9e2a890f2cac18
14484,2becb9647677a1a316b388bbad689580,013f173c58073e845f675d26fdde1918,SO61411,4590,BK-M68B-46,2,4590,0383d48e76cd8a3dfb9e2a890f2cac18
14484,2becb9647677a1a316b388bbad689580,013f173c58073e845f675d26fdde1918,SO61411,105,HL-U509,3,105,0383d48e76cd8a3dfb9e2a890f2cac18
14484,2becb9647677a1a316b388bbad689580,013f173c58073e845f675d26fdde1918,SO61411,5,WB-H098,1,5,0383d48e76cd8a3dfb9e2a890f2cac18
14484,ddc7146176eec240951e44da05d5f12b,54e631e6ad5b9a63c134f0ca46d89658,SO50809,2000,BK-R64Y-44,2,2000,7dc1c03103798a474aa763047623df54
14485,04dbdf67bb8714ba18c9c36d50d1f5dc,4cc27df81afd686c0420394e090460cb,SO62003,10,BC-M005,1,10,2ed3972e38245b633ec6b146c2970148
14485,04dbdf67bb8714ba18c9c36d50d1f5dc,4cc27df81afd686c0420394e090460cb,SO62003,4590,BK-M68B-46,2,4590,2ed3972e38245b633ec6b146c2970148
14485,04dbdf67bb8714ba18c9c36d50d1f5dc,4cc27df81afd686c0420394e090460cb,SO62003,2,PK-7098,1,2,2ed3972e38245b633ec6b146c2970148
14485,04dbdf67bb8714ba18c9c36d50d1f5dc,4cc27df81afd686c0420394e090460cb,SO62003,5,WB-H098,1,5,2ed3972e38245b633ec6b146c2970148
14485,892aa61c5dad53571248cc492fa50176,fdc1a11f11cd643200d6bfb5eb92100e,SO50986,2000,BK-R64Y-40,2,2000,f4630495c408b1838e43e9291392dcdf
14486,4c63ccce8761a6546d90151419eeea06,650b814e9875ec60f087b34f3fe85282,SO50767,2000,BK-R64Y-48,2,2000,f5d822432c5ffbc58e8bd3ffc7607c1b
14486,4cc27df81afd686c0420394e090460cb,39ff8ac1e8a44088f96e17b846ec8baf,SO61302,10,BC-M005,1,10,6477c205c5117a9448ba863e111acf32
14486,4cc27df81afd686c0420394e090460cb,39ff8ac1e8a44088f96e17b846ec8baf,SO61302,4590,BK-M68B-46,2,4590,6477c205c5117a9448ba863e111acf32
14486,4cc27df81afd686c0420394e090460cb,39ff8ac1e8a44088f96e17b846ec8baf,SO61302,5,WB-H098,1,5,6477c205c5117a9448ba863e111acf32
14487,7983129d9883ebc3b9dce3311996b001,0df76889b3e31ccfd17b50cc73baef03,SO59783,105,HL-U509,3,105,7254e54716fe52361e62aa16ea2e0797
14487,7983129d9883ebc3b9dce3311996b001,0df76889b3e31ccfd17b50cc73baef03,SO59783,5,TT-M928,1,5,7254e54716fe52361e62aa16ea2e0797
14488,63efdd3324df66c9965bd622cdebe06a,7acd252f45ad6fe668386456a673d543,SO68048,8,CL-9009,1,8,6e32728b966bb91cefefa1316da21ca8
14488,63efdd3324df66c9965bd622cdebe06a,7acd252f45ad6fe668386456a673d543,SO68048,55,HY-1023-70,1,55,6e32728b966bb91cefefa1316da21ca8
14488,63efdd3324df66c9965bd622cdebe06a,7acd252f45ad6fe668386456a673d543,SO68048,5,TT-M928,1,5,6e32728b966bb91cefefa1316da21ca8
14489,f06fd077b6afc2d69af6e1e548da266d,c135545cc3f3a739132ffdbc8096f3d4,SO69277,105,HL-U509-R,3,105,175a5d217fad85df9f6639d7ced1e5d9
14489,f06fd077b6afc2d69af6e1e548da266d,c135545cc3f3a739132ffdbc8096f3d4,SO69277,5,TT-M928,1,5,175a5d217fad85df9f6639d7ced1e5d9
14490,8920fd63645007b243abb750709b1172,58c4ce5b9433e7b6d41793d5a76d5590,SO72305,105,HL-U509-B,3,105,0d3057f268050d468f468434f8ec809a
14490,8920fd63645007b243abb750709b1172,58c4ce5b9433e7b6d41793d5a76d5590,SO72305,5,TT-M928,1,5,0d3057f268050d468f468434f8ec809a
14491,a189cc17a15cdb4e39e80dfcd8374c76,b0b2c17e5682f78d8fc262463fd0a4f3,SO58666,2,PK-7098,1,2,244cede513841376c37dc856f2f5e7b9
14491,a189cc17a15cdb4e39e80dfcd8374c76,b0b2c17e5682f78d8fc262463fd0a4f3,SO58666,120,RA-H123,1,120,244cede513841376c37dc856f2f5e7b9
14491,a189cc17a15cdb4e39e80dfcd8374c76,b0b2c17e5682f78d8fc262463fd0a4f3,SO58666,5,TT-M928,1,5,244cede513841376c37dc856f2f5e7b9
14492,830e779850b1d58733a7ad711bf6b83f,39fe373cdcb4534addde73890415b660,SO56512,2,PK-7098,1,2,427ed6396fba4ed8ead9ec3229517d2b
14492,830e779850b1d58733a7ad711bf6b83f,39fe373cdcb4534addde73890415b660,SO56512,5,TT-M928,1,5,427ed6396fba4ed8ead9ec3229517d2b
14493,b2ce0ef2540789e8a6976165b6c917d8,128ee9ff420de424a605a0ee4a6f7916,SO72380,10,BC-M005,1,10,dcf73f840a50da0145f24e8e0169dc4b
14493,b2ce0ef2540789e8a6976165b6c917d8,128ee9ff420de424a605a0ee4a6f7916,SO72380,105,HL-U509-R,3,105,dcf73f840a50da0145f24e8e0169dc4b
14493,b2ce0ef2540789e8a6976165b6c917d8,128ee9ff420de424a605a0ee4a6f7916,SO72380,5,TT-M928,1,5,dcf73f840a50da0145f24e8e0169dc4b
14493,b2ce0ef2540789e8a6976165b6c917d8,128ee9ff420de424a605a0ee4a6f7916,SO72380,5,WB-H098,1,5,dcf73f840a50da0145f24e8e0169dc4b
14494,7983129d9883ebc3b9dce3311996b001,0df76889b3e31ccfd17b50cc73baef03,SO59801,769,BK-M38S-38,1,769,7254e54716fe52361e62aa16ea2e0797
14494,bcecb4362a7ad5f479ac9c9c0f6761bb,c8f4a6002944b338d50dcc7eb3b056c8,SO50802,2000,BK-R64Y-42,2,2000,1022f3e1145b30057972239301ce3382
14495,892aa61c5dad53571248cc492fa50176,fdc1a11f11cd643200d6bfb5eb92100e,SO50987,2000,BK-R64Y-44,2,2000,f4630495c408b1838e43e9291392dcdf
14495,e0bcd0ff3072dfe15609d6be1529b0b8,c660dc308b247ce08aeecd155306bae0,SO60729,769,BK-M38S-46,1,769,39ff8ac1e8a44088f96e17b846ec8baf
14495,e0bcd0ff3072dfe15609d6be1529b0b8,c660dc308b247ce08aeecd155306bae0,SO60729,70,SH-W890-L,1,70,39ff8ac1e8a44088f96e17b846ec8baf
14496,7254e54716fe52361e62aa16ea2e0797,6eaadc1181f307997dc853d9ed40db36,SO59450,769,BK-M38S-46,1,769,e7df1b3ee078bdcfc260a877f321287d
14496,7254e54716fe52361e62aa16ea2e0797,6eaadc1181f307997dc853d9ed40db36,SO59450,105,HL-U509-B,3,105,e7df1b3ee078bdcfc260a877f321287d
14497,9e8cbc3edbb5efb3f48d6afb260e4725,174acf6ca4e9804d47a59a499422e621,SO59241,769,BK-M38S-40,1,769,640540d73b85c3ecd2e3bf5541686e87
14497,9e8cbc3edbb5efb3f48d6afb260e4725,174acf6ca4e9804d47a59a499422e621,SO59241,105,HL-U509-B,3,105,640540d73b85c3ecd2e3bf5541686e87
14498,922d04aa1f67bbe0270bfad98508f43e,0383d48e76cd8a3dfb9e2a890f2cac18,SO61838,10,BC-M005,1,10,76918877cf6ce7011018cd9708723392
14498,922d04aa1f67bbe0270bfad98508f43e,0383d48e76cd8a3dfb9e2a890f2cac18,SO61838,4640,BK-M68S-46,2,4640,76918877cf6ce7011018cd9708723392
14498,922d04aa1f67bbe0270bfad98508f43e,0383d48e76cd8a3dfb9e2a890f2cac18,SO61838,27,CA-1098,3,27,76918877cf6ce7011018cd9708723392
14498,922d04aa1f67bbe0270bfad98508f43e,0383d48e76cd8a3dfb9e2a890f2cac18,SO61838,150,LJ-0192-M,3,150,76918877cf6ce7011018cd9708723392
14498,922d04aa1f67bbe0270bfad98508f43e,0383d48e76cd8a3dfb9e2a890f2cac18,SO61838,5,WB-H098,1,5,76918877cf6ce7011018cd9708723392
14498,f51bd0753a33f206ae6eb82577c92f80,060e60684e6fb7ae3c79db1e8c889417,SO50784,2000,BK-R64Y-40,2,2000,f7b0a9ecc2f6023330b7a948b9e76688
14499,331afa0aff1b1cfbf3d24944ab38c9d2,c885741a5e3e55c84950327011b70289,SO69691,8,CL-9009,1,8,962bae2fb03296a3b9cacabfa929322c
14499,331afa0aff1b1cfbf3d24944ab38c9d2,c885741a5e3e55c84950327011b70289,SO69691,2,PK-7098,1,2,962bae2fb03296a3b9cacabfa929322c
14499,331afa0aff1b1cfbf3d24944ab38c9d2,c885741a5e3e55c84950327011b70289,SO69691,5,TT-M928,1,5,962bae2fb03296a3b9cacabfa929322c
14500,01e8942a5792053a553c4612bd6c06a6,6583882ca853d66524856501b27519f5,SO74708,48,GL-H102-S,2,48,722dc621a1a56555843f574144bfcdf0
14500,01e8942a5792053a553c4612bd6c06a6,6583882ca853d66524856501b27519f5,SO74708,105,HL-U509-R,3,105,722dc621a1a56555843f574144bfcdf0
14500,01e8942a5792053a553c4612bd6c06a6,6583882ca853d66524856501b27519f5,SO74708,5,TT-M928,1,5,722dc621a1a56555843f574144bfcdf0
14501,5c741aa8e0753be65314a304e7b39c14,d945ec2aae74dbfb829453026b91c235,SO62071,4590,BK-M68B-46,2,4590,7ee641303ef8d8b10d0ed00a060c73cc
14501,7de904cde4fa8a64f25573759fca404f,68f72058f9defc103693c22af71e0035,SO43700,1398,BK-R50B-62,2,1398,17044eafedd2e32a8a67b6b194bb83d3
14502,4310d0d92131e34ff2716d85e1953174,90c6314650a0d54fdcabe5cd5406f9af,SO54617,10,BC-M005,1,10,d3c54b4368c62c2ff11535bf2b677170
14502,4310d0d92131e34ff2716d85e1953174,90c6314650a0d54fdcabe5cd5406f9af,SO54617,5,WB-H098,1,5,d3c54b4368c62c2ff11535bf2b677170
14502,73a69a5c77a7d23172e54d7ce07a638e,5a06908cc28b799b04fc1c47664462e6,SO55474,70,SH-W890-S,1,70,41fc4cb27e0ee552c4c9247e1a476cc5
14502,de5009f9bf3e9725d2381f4a5e913111,2296af5563b2061aa1d88124a37eecb7,SO67381,2,PK-7098,1,2,a1d0c0a14c6c8f8a8ef8220209c23a64
14502,de5009f9bf3e9725d2381f4a5e913111,2296af5563b2061aa1d88124a37eecb7,SO67381,35,TI-M823,1,35,a1d0c0a14c6c8f8a8ef8220209c23a64
14503,4dbf892d41ae205f6e36838031cff786,de22d232bbe84481579f6252f1e7091d,SO58218,105,HL-U509,3,105,3fbd0407b55d3a3da21388a2ddbf881c
14503,4dbf892d41ae205f6e36838031cff786,de22d232bbe84481579f6252f1e7091d,SO58218,5,TT-M928,1,5,3fbd0407b55d3a3da21388a2ddbf881c
14504,021d7f51f97fea2b23b069288066b34d,722dc621a1a56555843f574144bfcdf0,SO74929,10,BC-M005,1,10,bb858b10001c01aea17b4e635d0662a2
14504,021d7f51f97fea2b23b069288066b34d,722dc621a1a56555843f574144bfcdf0,SO74929,105,HL-U509-R,3,105,bb858b10001c01aea17b4e635d0662a2
14504,021d7f51f97fea2b23b069288066b34d,722dc621a1a56555843f574144bfcdf0,SO74929,5,WB-H098,1,5,bb858b10001c01aea17b4e635d0662a2
14504,2fe1a028f9398deb2efcd536c8246fae,9913e55755fcc4267a06c1e6adbbc7fb,SO62610,2,PK-7098,1,2,8dd08d219271ec96c543f486de430703
14504,2fe1a028f9398deb2efcd536c8246fae,9913e55755fcc4267a06c1e6adbbc7fb,SO62610,35,TI-M823,1,35,8dd08d219271ec96c543f486de430703
14504,2fe1a028f9398deb2efcd536c8246fae,9913e55755fcc4267a06c1e6adbbc7fb,SO62610,5,TT-M928,1,5,8dd08d219271ec96c543f486de430703
14504,e5114f65ece65e14e7b721dab1e674e0,c7390752782466cfc9a3ed7d3a79e046,SO68705,70,SH-W890-M,1,70,fe1fd19c021e78ec395980c2e347865e
14505,c375f33d72ca7161f341c2726e82d67a,9f79f7706bc6a7654ef0b8977966f69a,SO52746,22,FE-6654,1,22,0dc34ca2aaa8612cde077f1880b78b25
14505,c375f33d72ca7161f341c2726e82d67a,9f79f7706bc6a7654ef0b8977966f69a,SO52746,105,HL-U509-B,3,105,0dc34ca2aaa8612cde077f1880b78b25
14505,c375f33d72ca7161f341c2726e82d67a,9f79f7706bc6a7654ef0b8977966f69a,SO52746,5,TT-M928,1,5,0dc34ca2aaa8612cde077f1880b78b25
14506,a9adf65abbb865184bf924d14a93d0c4,ec24e4cf9fcc90f3bbe81b2fb3735c21,SO70694,105,HL-U509-B,3,105,e0cd1349b4c6e1b5f14ed427e358c2d0
14506,a9adf65abbb865184bf924d14a93d0c4,ec24e4cf9fcc90f3bbe81b2fb3735c21,SO70694,5,TT-M928,1,5,e0cd1349b4c6e1b5f14ed427e358c2d0
14507,072bf847aeeee970f66483e596496cd9,cfceb7490eff6e660974507be7c579c6,SO52637,105,HL-U509,3,105,dca79d69a6b38e95c4b03bfab997796c
14507,072bf847aeeee970f66483e596496cd9,cfceb7490eff6e660974507be7c579c6,SO52637,5,TT-M928,1,5,dca79d69a6b38e95c4b03bfab997796c
14508,0df76889b3e31ccfd17b50cc73baef03,debbb2493c6588799fc787e1854bcda5,SO58798,150,LJ-0192-S,3,150,6eaadc1181f307997dc853d9ed40db36
14508,0df76889b3e31ccfd17b50cc73baef03,debbb2493c6588799fc787e1854bcda5,SO58798,5,TT-M928,1,5,6eaadc1181f307997dc853d9ed40db36
14509,de5009f9bf3e9725d2381f4a5e913111,2296af5563b2061aa1d88124a37eecb7,SO67372,159,ST-1401,1,159,a1d0c0a14c6c8f8a8ef8220209c23a64
14509,de5009f9bf3e9725d2381f4a5e913111,2296af5563b2061aa1d88124a37eecb7,SO67372,5,TT-M928,1,5,a1d0c0a14c6c8f8a8ef8220209c23a64
14510,290499d9b8e65db426ba9b842714eb6d,606ed413481267c98754e3351f662859,SO62663,4590,BK-M68B-42,2,4590,d1024973c3d10f08cb9fa1736e6ed8b7
14510,290499d9b8e65db426ba9b842714eb6d,606ed413481267c98754e3351f662859,SO62663,2,PK-7098,1,2,d1024973c3d10f08cb9fa1736e6ed8b7
14510,290499d9b8e65db426ba9b842714eb6d,606ed413481267c98754e3351f662859,SO62663,35,TI-M823,1,35,d1024973c3d10f08cb9fa1736e6ed8b7
14510,290499d9b8e65db426ba9b842714eb6d,606ed413481267c98754e3351f662859,SO62663,5,TT-M928,1,5,d1024973c3d10f08cb9fa1736e6ed8b7
14510,63deedb09952ba4161e5d9ab30ea4d41,8a35f63c875d260642a69f75d4eee5b8,SO43805,1398,BK-R50R-48,2,1398,07b38747fb1cdad01d7ff97006ca5ccb
14511,3c1811b546060d91957cc446aabc4a3c,3c4bf68562424c26986beae6ce13704a,SO55709,105,HL-U509-R,3,105,3c8e2c51453f4d665f1050da871dead6
14511,3c1811b546060d91957cc446aabc4a3c,3c4bf68562424c26986beae6ce13704a,SO55709,150,LJ-0192-M,3,150,3c8e2c51453f4d665f1050da871dead6
14511,3c1811b546060d91957cc446aabc4a3c,3c4bf68562424c26986beae6ce13704a,SO55709,5,TT-M928,1,5,3c8e2c51453f4d665f1050da871dead6
14512,6be9692276a308e4b872323af1ad8fe2,bee2b842cd357511cf4c8e509f5af192,SO52350,105,HL-U509-R,3,105,72e75576254db1afef14ecdc050391c2
14512,6be9692276a308e4b872323af1ad8fe2,bee2b842cd357511cf4c8e509f5af192,SO52350,5,TT-M928,1,5,72e75576254db1afef14ecdc050391c2
14513,c4369eefdf9bb8a3f9115e96b40aaf17,b34050290c25b0f7b52a2b8f767df87d,SO68765,5,TT-M928,1,5,c135545cc3f3a739132ffdbc8096f3d4
14514,4c9ae581a14adbccc0bcd009c17b6cbe,56e52500a7f5ab963646137a401683cd,SO75060,22,FE-6654,1,22,838eec1f117f2cab9e9c306f7efbff28
14514,4c9ae581a14adbccc0bcd009c17b6cbe,56e52500a7f5ab963646137a401683cd,SO75060,120,RA-H123,1,120,838eec1f117f2cab9e9c306f7efbff28
14515,c135545cc3f3a739132ffdbc8096f3d4,36ab6f1df21f3c9a169c8942e981959a,SO68438,22,FE-6654,1,22,511572e8a25e86c2f48ae9e6d73a1e6a
14515,c135545cc3f3a739132ffdbc8096f3d4,36ab6f1df21f3c9a169c8942e981959a,SO68438,105,HL-U509-R,3,105,511572e8a25e86c2f48ae9e6d73a1e6a
14516,5c741aa8e0753be65314a304e7b39c14,d945ec2aae74dbfb829453026b91c235,SO62030,54,SJ-0194-S,1,54,7ee641303ef8d8b10d0ed00a060c73cc
14516,9b98d27287b27eeee9ebc06e1d5a9a8d,0dc34ca2aaa8612cde077f1880b78b25,SO53070,25,TI-R628,1,25,18bea060239713ee5f865109f63f3a8a
14517,9913e55755fcc4267a06c1e6adbbc7fb,4a70a3ec50fd16032883bf6fc79c55dd,SO61858,54,SJ-0194-S,1,54,d53f9d33cac0a297449a74a10d031570
14517,c4369eefdf9bb8a3f9115e96b40aaf17,b34050290c25b0f7b52a2b8f767df87d,SO68739,25,TI-R628,1,25,c135545cc3f3a739132ffdbc8096f3d4
14517,c4369eefdf9bb8a3f9115e96b40aaf17,b34050290c25b0f7b52a2b8f767df87d,SO68739,4,TT-R982,1,4,c135545cc3f3a739132ffdbc8096f3d4
14518,0149f124a48640c62d90840ac5760331,4555f65c4664801d78b9f5477f89d8fd,SO63366,27,CA-1098,3,27,870bd4f3713260418e4f342f31dc7e33
14518,0149f124a48640c62d90840ac5760331,4555f65c4664801d78b9f5477f89d8fd,SO63366,54,SJ-0194-S,1,54,870bd4f3713260418e4f342f31dc7e33
14518,15aceb75d86814cb479f1b1a9487c3d4,f799d104dd23bb828dcdaaefc4d25b61,SO52884,105,HL-U509-R,3,105,072bf847aeeee970f66483e596496cd9
14518,15aceb75d86814cb479f1b1a9487c3d4,f799d104dd23bb828dcdaaefc4d25b61,SO52884,25,TI-R628,1,25,072bf847aeeee970f66483e596496cd9
14518,15aceb75d86814cb479f1b1a9487c3d4,f799d104dd23bb828dcdaaefc4d25b61,SO52884,4,TT-R982,1,4,072bf847aeeee970f66483e596496cd9
14519,d3c54b4368c62c2ff11535bf2b677170,41464bd548f06ca845208f69df30ac82,SO54340,22,FE-6654,1,22,da9c4ba6c9a1ae8725389bfd38b5763a
14519,d3c54b4368c62c2ff11535bf2b677170,41464bd548f06ca845208f69df30ac82,SO54340,54,SJ-0194-L,1,54,da9c4ba6c9a1ae8725389bfd38b5763a
14519,d3c54b4368c62c2ff11535bf2b677170,41464bd548f06ca845208f69df30ac82,SO54340,5,TT-M928,1,5,da9c4ba6c9a1ae8725389bfd38b5763a
14520,5072507e949a2c25948a591c4da194e1,a189cc17a15cdb4e39e80dfcd8374c76,SO59687,769,BK-M38S-40,1,769,ad0b7f5ad35732646f1e5f67418d5995
14520,5072507e949a2c25948a591c4da194e1,a189cc17a15cdb4e39e80dfcd8374c76,SO59687,105,HL-U509,3,105,ad0b7f5ad35732646f1e5f67418d5995
14520,8b2e1fff3ce3e2505a49fe7473894072,e9e022777a166797321214171f83507a,SO43723,1398,BK-R50B-58,2,1398,1d0cd3f4d344a14526f6b36b1240748e
14521,a9adf65abbb865184bf924d14a93d0c4,ec24e4cf9fcc90f3bbe81b2fb3735c21,SO70678,54,SJ-0194-S,1,54,e0cd1349b4c6e1b5f14ed427e358c2d0
14521,d1024973c3d10f08cb9fa1736e6ed8b7,f8025d3776b5f7522a6120cb4e9e0783,SO62347,105,HL-U509-R,3,105,5c741aa8e0753be65314a304e7b39c14
14521,d1024973c3d10f08cb9fa1736e6ed8b7,f8025d3776b5f7522a6120cb4e9e0783,SO62347,25,TI-R628,1,25,5c741aa8e0753be65314a304e7b39c14
14521,d1024973c3d10f08cb9fa1736e6ed8b7,f8025d3776b5f7522a6120cb4e9e0783,SO62347,4,TT-R982,1,4,5c741aa8e0753be65314a304e7b39c14
14522,a1d0c0a14c6c8f8a8ef8220209c23a64,05e7920e8caf0303dc01b77666952b75,SO66951,54,SJ-0194-S,1,54,cd15e5f80ff20dd345bfaa51400dd0d6
14522,b0b2c17e5682f78d8fc262463fd0a4f3,375bde15092f45652b6398c1dff650d0,SO57959,105,HL-U509,3,105,5e1b952a22eccca86f7f056a9efb42a4
14522,b0b2c17e5682f78d8fc262463fd0a4f3,375bde15092f45652b6398c1dff650d0,SO57959,9,SO-R809-L,1,9,5e1b952a22eccca86f7f056a9efb42a4
14522,b0b2c17e5682f78d8fc262463fd0a4f3,375bde15092f45652b6398c1dff650d0,SO57959,25,TI-R628,1,25,5e1b952a22eccca86f7f056a9efb42a4
14522,b0b2c17e5682f78d8fc262463fd0a4f3,375bde15092f45652b6398c1dff650d0,SO57959,4,TT-R982,1,4,5e1b952a22eccca86f7f056a9efb42a4
14523,3ebfce6ccd7540a632ae7e6ad8100c29,d630b2db6e8046e30b4728ca862ba4e1,SO59388,1701,BK-R79Y-42,1,1701,df595e3c678d4fae23ce174fe747165e
14523,3ebfce6ccd7540a632ae7e6ad8100c29,d630b2db6e8046e30b4728ca862ba4e1,SO59388,105,HL-U509-B,3,105,df595e3c678d4fae23ce174fe747165e
14523,b60afd1ea0dbefb3614f3f57badc2959,4d786e5d2e5c70a53e6895eb52019501,SO49732,4142,BK-M68S-46,2,4142,07f48468b4de047ab258a3d18df75f9d
14524,8c9ec1be720ee75d56d0c250d10610fa,16918840d98f27ce45948fe73dd5592f,SO63629,769,BK-M38S-46,1,769,81a5d08c6beaeec9e42baae5d63dd780
14524,8c9ec1be720ee75d56d0c250d10610fa,16918840d98f27ce45948fe73dd5592f,SO63629,150,LJ-0192-L,3,150,81a5d08c6beaeec9e42baae5d63dd780
14524,9a565a7d2e70265a68ce424b97f03cfe,aa06fa50828269965eade0f7422d1b9e,SO47485,4364,BK-R89R-58,2,4364,e61ec60837c3a7c01e31ad9b2d857e99
14525,7b0730955172ecda497d7cca6b1d87a1,d3c54b4368c62c2ff11535bf2b677170,SO55021,742,BK-T18Y-54,1,742,5a06908cc28b799b04fc1c47664462e6
14525,7b0730955172ecda497d7cca6b1d87a1,d3c54b4368c62c2ff11535bf2b677170,SO55021,105,HL-U509-B,3,105,5a06908cc28b799b04fc1c47664462e6
14525,83d1ed00595e79ee5ea3797e97970fe8,fe1fd19c021e78ec395980c2e347865e,SO69174,10,BC-M005,1,10,705fa39ab40831529471c768490339ab
14525,83d1ed00595e79ee5ea3797e97970fe8,fe1fd19c021e78ec395980c2e347865e,SO69174,4590,BK-M68B-46,2,4590,705fa39ab40831529471c768490339ab
14525,83d1ed00595e79ee5ea3797e97970fe8,fe1fd19c021e78ec395980c2e347865e,SO69174,5,WB-H098,1,5,705fa39ab40831529471c768490339ab
14525,b9178f906541b173529de99dd13c0e85,6f876727a6ca9c8f7a1e0ab845d1df49,SO44359,3578,BK-R93R-44,1,3578,c886ecef680be79a8fb0e1da7d50af4b
14526,d6fb379288416774d139632beb88e26b,3ebfce6ccd7540a632ae7e6ad8100c29,SO60222,48,GL-H102-S,2,48,412998e77ee121227580e3d363f75fa2
14526,d6fb379288416774d139632beb88e26b,3ebfce6ccd7540a632ae7e6ad8100c29,SO60222,5,TT-T092,1,5,412998e77ee121227580e3d363f75fa2
14527,1556bafff387fc8f2f6fef64c1daa6bc,8728a5e296f39e49d2fa74c31820e99f,SO70493,5,TT-T092,1,5,e871b36e68b0b3d0af9c742d81fef27a
14528,870bd4f3713260418e4f342f31dc7e33,94c60e0b5e2b0f78b919a5d4c67d70a2,SO62913,5,TT-T092,1,5,2fe1a028f9398deb2efcd536c8246fae
14529,1ba7e8cdf85da6cf5e11554703236b52,9592b44e2c3f304a9875f45537bec6eb,SO73677,48,GL-H102-S,2,48,4c6ed4daa82e7326b84c24f4c2ae7064
14529,1ba7e8cdf85da6cf5e11554703236b52,9592b44e2c3f304a9875f45537bec6eb,SO73677,29,TI-T723,1,29,4c6ed4daa82e7326b84c24f4c2ae7064
14529,1ba7e8cdf85da6cf5e11554703236b52,9592b44e2c3f304a9875f45537bec6eb,SO73677,5,TT-T092,1,5,4c6ed4daa82e7326b84c24f4c2ae7064
14529,a2c49941411089cb2a9cbf78cb803c26,73a69a5c77a7d23172e54d7ce07a638e,SO56162,159,ST-1401,1,159,39fe373cdcb4534addde73890415b660
14529,a2c49941411089cb2a9cbf78cb803c26,73a69a5c77a7d23172e54d7ce07a638e,SO56162,33,TI-R982,1,33,39fe373cdcb4534addde73890415b660
14529,a2c49941411089cb2a9cbf78cb803c26,73a69a5c77a7d23172e54d7ce07a638e,SO56162,4,TT-R982,1,4,39fe373cdcb4534addde73890415b660
14530,49fce086a31f1cfcf16b54e462f7cbc0,99c8f306659fd98cbb9d7f03ec0c2a7a,SO70792,2,PK-7098,1,2,e84848120190a8d0e696fbeb15647a74
14530,49fce086a31f1cfcf16b54e462f7cbc0,99c8f306659fd98cbb9d7f03ec0c2a7a,SO70792,29,TI-T723,1,29,e84848120190a8d0e696fbeb15647a74
14530,49fce086a31f1cfcf16b54e462f7cbc0,99c8f306659fd98cbb9d7f03ec0c2a7a,SO70792,5,TT-T092,1,5,e84848120190a8d0e696fbeb15647a74
14530,5a06908cc28b799b04fc1c47664462e6,da9c4ba6c9a1ae8725389bfd38b5763a,SO54748,33,TI-R982,1,33,6d338b8c41c717c4336ad0084a80dca4
14530,5a06908cc28b799b04fc1c47664462e6,da9c4ba6c9a1ae8725389bfd38b5763a,SO54748,4,TT-R982,1,4,6d338b8c41c717c4336ad0084a80dca4
14531,3e48b2167bd86ef570e46d0b286c4f74,072bf847aeeee970f66483e596496cd9,SO53269,105,HL-U509-B,3,105,3e07f09fb2edbdf0bf6a54c17634514b
14531,3e48b2167bd86ef570e46d0b286c4f74,072bf847aeeee970f66483e596496cd9,SO53269,150,LJ-0192-M,3,150,3e07f09fb2edbdf0bf6a54c17634514b
14531,3e48b2167bd86ef570e46d0b286c4f74,072bf847aeeee970f66483e596496cd9,SO53269,29,TI-T723,1,29,3e07f09fb2edbdf0bf6a54c17634514b
14531,3e48b2167bd86ef570e46d0b286c4f74,072bf847aeeee970f66483e596496cd9,SO53269,5,TT-T092,1,5,3e07f09fb2edbdf0bf6a54c17634514b
14531,d8a4ea0dc4237ee8690ee37b3902fd0e,0c8ff735cb2b05718573c08173335fd4,SO55164,105,HL-U509,3,105,fef3080ec197edd1a04bb18afd31d16d
14531,d8a4ea0dc4237ee8690ee37b3902fd0e,0c8ff735cb2b05718573c08173335fd4,SO55164,33,TI-R982,1,33,fef3080ec197edd1a04bb18afd31d16d
14531,d8a4ea0dc4237ee8690ee37b3902fd0e,0c8ff735cb2b05718573c08173335fd4,SO55164,4,TT-R982,1,4,fef3080ec197edd1a04bb18afd31d16d
14532,6d338b8c41c717c4336ad0084a80dca4,9223b53f03a405f817e91392f0294f6a,SO54452,22,FE-6654,1,22,40e7dd73b09eac540e790daf6fac41af
14533,6d1d8a1c7851eb5a946d45009cea6d9f,3f0c8308e4e2e5c4ddc1b7e19304f613,SO65713,105,HL-U509-R,3,105,6582aa26281b9a92ad60e6a03e274c00
14533,6d1d8a1c7851eb5a946d45009cea6d9f,3f0c8308e4e2e5c4ddc1b7e19304f613,SO65713,29,TI-T723,1,29,6582aa26281b9a92ad60e6a03e274c00
14533,6d1d8a1c7851eb5a946d45009cea6d9f,3f0c8308e4e2e5c4ddc1b7e19304f613,SO65713,5,TT-T092,1,5,6582aa26281b9a92ad60e6a03e274c00
14533,e4b40b4ba619c72ec5a69caad258d393,b0950d12c62d3aeda81b2e8d06f2aef4,SO74207,55,HY-1023-70,1,55,8babade0595c11e14dd89058a850f2cd
14533,e4b40b4ba619c72ec5a69caad258d393,b0950d12c62d3aeda81b2e8d06f2aef4,SO74207,33,TI-R982,1,33,8babade0595c11e14dd89058a850f2cd
14533,e4b40b4ba619c72ec5a69caad258d393,b0950d12c62d3aeda81b2e8d06f2aef4,SO74207,4,TT-R982,1,4,8babade0595c11e14dd89058a850f2cd
14534,f544b472453b297a8b55709fbfd3746d,70951886788165a5e2439adfce4d0cce,SO70053,10,BC-M005,1,10,331afa0aff1b1cfbf3d24944ab38c9d2
14534,f544b472453b297a8b55709fbfd3746d,70951886788165a5e2439adfce4d0cce,SO70053,22,FE-6654,1,22,331afa0aff1b1cfbf3d24944ab38c9d2
14534,f544b472453b297a8b55709fbfd3746d,70951886788165a5e2439adfce4d0cce,SO70053,5,WB-H098,1,5,331afa0aff1b1cfbf3d24944ab38c9d2
14535,106dfbaf552c07a1b08d065f2c343982,3f20f21c57e09a6c071e44d1fe74b58a,SO54565,29,TI-T723,1,29,dba3e44e23a1d2c2f299811e94db7fce
14535,da9c4ba6c9a1ae8725389bfd38b5763a,3e48b2167bd86ef570e46d0b286c4f74,SO54069,48,GL-H102-M,2,48,9223b53f03a405f817e91392f0294f6a
14535,da9c4ba6c9a1ae8725389bfd38b5763a,3e48b2167bd86ef570e46d0b286c4f74,SO54069,70,SH-W890-L,1,70,9223b53f03a405f817e91392f0294f6a
14536,0d15ba5aa4c9ad0377b26e0cf7a86280,b21e833d3ead6056f1265f13fe1ff015,SO61459,5,TT-M928,1,5,4a70a3ec50fd16032883bf6fc79c55dd
14536,0d15ba5aa4c9ad0377b26e0cf7a86280,b21e833d3ead6056f1265f13fe1ff015,SO61459,64,VE-C304-M,1,64,4a70a3ec50fd16032883bf6fc79c55dd
14537,2ed3972e38245b633ec6b146c2970148,6477c205c5117a9448ba863e111acf32,SO61694,2,PK-7098,1,2,2becb9647677a1a316b388bbad689580
14537,2ed3972e38245b633ec6b146c2970148,6477c205c5117a9448ba863e111acf32,SO61694,35,TI-M823,1,35,2becb9647677a1a316b388bbad689580
14537,2ed3972e38245b633ec6b146c2970148,6477c205c5117a9448ba863e111acf32,SO61694,5,TT-M928,1,5,2becb9647677a1a316b388bbad689580
14538,0120f4004ede1143c3be6caa4227affe,93ddc10d6cf61153011df052aa76671f,SO66381,769,BK-M38S-40,1,769,07b7d2aed13a63a16377587dcc0abbe8
14538,0120f4004ede1143c3be6caa4227affe,93ddc10d6cf61153011df052aa76671f,SO66381,27,CA-1098,3,27,07b7d2aed13a63a16377587dcc0abbe8
14538,0120f4004ede1143c3be6caa4227affe,93ddc10d6cf61153011df052aa76671f,SO66381,22,FE-6654,1,22,07b7d2aed13a63a16377587dcc0abbe8
14538,0120f4004ede1143c3be6caa4227affe,93ddc10d6cf61153011df052aa76671f,SO66381,105,HL-U509,3,105,07b7d2aed13a63a16377587dcc0abbe8
14538,9a565a7d2e70265a68ce424b97f03cfe,aa06fa50828269965eade0f7422d1b9e,SO47486,4364,BK-R89B-52,2,4364,e61ec60837c3a7c01e31ad9b2d857e99
14539,5206c46d068e66a8c5511d764ec58206,79c5eb49b683e206aa6d5b40f84c60eb,SO47471,2443,BK-R89R-52,1,2443,9adbaac8d97fd446c4d97ce11625bd78
14539,8e8847c1bdf012037ee13bb62da8a5c1,c507827aa5f4f6bbedf64058461c621b,SO67215,769,BK-M38S-40,1,769,6dd75c28a9a8a39e02bc0a175f82a9f3
14539,8e8847c1bdf012037ee13bb62da8a5c1,c507827aa5f4f6bbedf64058461c621b,SO67215,150,LJ-0192-M,3,150,6dd75c28a9a8a39e02bc0a175f82a9f3
14539,8e8847c1bdf012037ee13bb62da8a5c1,c507827aa5f4f6bbedf64058461c621b,SO67215,9,SO-R809-L,1,9,6dd75c28a9a8a39e02bc0a175f82a9f3
14540,93ddc10d6cf61153011df052aa76671f,7299e51cfc0d5174743a6701a8a96488,SO65656,150,LJ-0192-X,3,150,02b96ab6e0935145589be4e1408a1675
14540,93ddc10d6cf61153011df052aa76671f,7299e51cfc0d5174743a6701a8a96488,SO65656,70,SH-W890-L,1,70,02b96ab6e0935145589be4e1408a1675
14540,ab2e81a99745ffff6c06e2be93290d1b,76e3c19dbb0dadc4c6dc771d856e4676,SO54126,2,PK-7098,1,2,1685ca8ff12ea83725a1c35e1d89c5cd
14540,ab2e81a99745ffff6c06e2be93290d1b,76e3c19dbb0dadc4c6dc771d856e4676,SO54126,29,TI-T723,1,29,1685ca8ff12ea83725a1c35e1d89c5cd
14540,ab2e81a99745ffff6c06e2be93290d1b,76e3c19dbb0dadc4c6dc771d856e4676,SO54126,5,TT-T092,1,5,1685ca8ff12ea83725a1c35e1d89c5cd
14541,4e1880c62d1a2a8c16dbea8fe88f6340,4aed0f4e82a51c3f853b8a3df8d808eb,SO45643,3578,BK-R93R-62,1,3578,13af0cd214494c6df4622847478d94fe
14541,cd15e5f80ff20dd345bfaa51400dd0d6,3a2f313512bb520c43971e54ba834dec,SO66651,769,BK-M38S-40,1,769,4efe8b2ca156042f8a3d8dd6aba54520
14541,cd15e5f80ff20dd345bfaa51400dd0d6,3a2f313512bb520c43971e54ba834dec,SO66651,150,LJ-0192-S,3,150,4efe8b2ca156042f8a3d8dd6aba54520
14542,691ad1b0dca3643b923973defd014d47,6dd75c28a9a8a39e02bc0a175f82a9f3,SO67801,27,CA-1098,3,27,9f1ff00ea8fd9fd8f2d421ba5ec45a18
14542,691ad1b0dca3643b923973defd014d47,6dd75c28a9a8a39e02bc0a175f82a9f3,SO67801,70,SH-W890-M,1,70,9f1ff00ea8fd9fd8f2d421ba5ec45a18
14542,95103530881768b5cfc7e33970db9cd7,2ed3972e38245b633ec6b146c2970148,SO62433,2,PK-7098,1,2,305c66634c155cab2b5cc3ce00351eb1
14542,95103530881768b5cfc7e33970db9cd7,2ed3972e38245b633ec6b146c2970148,SO62433,29,TI-T723,1,29,305c66634c155cab2b5cc3ce00351eb1
14542,95103530881768b5cfc7e33970db9cd7,2ed3972e38245b633ec6b146c2970148,SO62433,5,TT-T092,1,5,305c66634c155cab2b5cc3ce00351eb1
14543,d53f9d33cac0a297449a74a10d031570,e0bcd0ff3072dfe15609d6be1529b0b8,SO61565,2,PK-7098,1,2,4cc27df81afd686c0420394e090460cb
14543,d53f9d33cac0a297449a74a10d031570,e0bcd0ff3072dfe15609d6be1529b0b8,SO61565,35,TI-M823,1,35,4cc27df81afd686c0420394e090460cb
14543,d53f9d33cac0a297449a74a10d031570,e0bcd0ff3072dfe15609d6be1529b0b8,SO61565,5,TT-M928,1,5,4cc27df81afd686c0420394e090460cb
14544,0814775cfc25da756a9b4197347ab771,d76e0ba1fa041675ae9af958c5b41ae4,SO57813,105,HL-U509-B,3,105,de22d232bbe84481579f6252f1e7091d
14544,0814775cfc25da756a9b4197347ab771,d76e0ba1fa041675ae9af958c5b41ae4,SO57813,5,TT-M928,1,5,de22d232bbe84481579f6252f1e7091d
14545,56e52500a7f5ab963646137a401683cd,df09a3a727ac0f29208c5ef3bf7625e6,SO74680,29,TI-T723,1,29,13b7c2277967bc61802018c764b5b2a0
14545,56e52500a7f5ab963646137a401683cd,df09a3a727ac0f29208c5ef3bf7625e6,SO74680,5,TT-T092,1,5,13b7c2277967bc61802018c764b5b2a0
14545,a2c49941411089cb2a9cbf78cb803c26,73a69a5c77a7d23172e54d7ce07a638e,SO56161,27,CA-1098,3,27,39fe373cdcb4534addde73890415b660
14545,a2c49941411089cb2a9cbf78cb803c26,73a69a5c77a7d23172e54d7ce07a638e,SO56161,70,SH-W890-L,1,70,39fe373cdcb4534addde73890415b660
14546,4310d0d92131e34ff2716d85e1953174,90c6314650a0d54fdcabe5cd5406f9af,SO54633,29,TI-T723,1,29,d3c54b4368c62c2ff11535bf2b677170
14546,982b3b4109cce5d4e5bf1fcbe0ae259b,501407dcfde5b685045ca3072168d5bb,SO74269,70,SH-W890-M,1,70,d7f57f35d2bad1349ca24a67a2635eea
14546,982b3b4109cce5d4e5bf1fcbe0ae259b,501407dcfde5b685045ca3072168d5bb,SO74269,54,SJ-0194-X,1,54,d7f57f35d2bad1349ca24a67a2635eea
14547,128ee9ff420de424a605a0ee4a6f7916,fee8e08233f3f00450bce31967abb0f1,SO71396,105,HL-U509-B,3,105,2797a91b25bc2aa85124c99bc574dc83
14547,128ee9ff420de424a605a0ee4a6f7916,fee8e08233f3f00450bce31967abb0f1,SO71396,29,TI-T723,1,29,2797a91b25bc2aa85124c99bc574dc83
14547,128ee9ff420de424a605a0ee4a6f7916,fee8e08233f3f00450bce31967abb0f1,SO71396,5,TT-T092,1,5,2797a91b25bc2aa85124c99bc574dc83
14547,9795c57676ee8b8b6ba9a6f9014a520b,c5ed53572c667b119dde2fc0f54de602,SO73747,70,SH-W890-L,1,70,b0950d12c62d3aeda81b2e8d06f2aef4
14547,9795c57676ee8b8b6ba9a6f9014a520b,c5ed53572c667b119dde2fc0f54de602,SO73747,54,SJ-0194-X,1,54,b0950d12c62d3aeda81b2e8d06f2aef4
14548,ec24e4cf9fcc90f3bbe81b2fb3735c21,c4369eefdf9bb8a3f9115e96b40aaf17,SO69823,120,RA-H123,1,120,f06fd077b6afc2d69af6e1e548da266d
14548,ec24e4cf9fcc90f3bbe81b2fb3735c21,c4369eefdf9bb8a3f9115e96b40aaf17,SO69823,5,TT-M928,1,5,f06fd077b6afc2d69af6e1e548da266d
14549,94b225b5b1f09ecd5e8ecdfb681ff04c,03bf7d2a8718ee9aca4bd2f37e962fc4,SO64335,105,HL-U509,3,105,61e00b038efd34bdf9c747596273cbcf
14549,94b225b5b1f09ecd5e8ecdfb681ff04c,03bf7d2a8718ee9aca4bd2f37e962fc4,SO64335,35,TI-M823,1,35,61e00b038efd34bdf9c747596273cbcf
14549,94b225b5b1f09ecd5e8ecdfb681ff04c,03bf7d2a8718ee9aca4bd2f37e962fc4,SO64335,5,TT-M928,1,5,61e00b038efd34bdf9c747596273cbcf
14550,3a2f313512bb520c43971e54ba834dec,a1fedb8f5f2e08543339a5f167bee6b7,SO65911,27,CA-1098,3,27,e2f0a420a4c1a9e8e292761f835e0489
14550,3a2f313512bb520c43971e54ba834dec,a1fedb8f5f2e08543339a5f167bee6b7,SO65911,105,HL-U509,3,105,e2f0a420a4c1a9e8e292761f835e0489
14550,3a2f313512bb520c43971e54ba834dec,a1fedb8f5f2e08543339a5f167bee6b7,SO65911,5,TT-M928,1,5,e2f0a420a4c1a9e8e292761f835e0489
14551,501407dcfde5b685045ca3072168d5bb,41ef6b06b63ba4f6a5234245a439b157,SO73540,22,FE-6654,1,22,5432d51ee94799c0125bb158c8a8bd22
14551,501407dcfde5b685045ca3072168d5bb,41ef6b06b63ba4f6a5234245a439b157,SO73540,150,LJ-0192-S,3,150,5432d51ee94799c0125bb158c8a8bd22
14551,501407dcfde5b685045ca3072168d5bb,41ef6b06b63ba4f6a5234245a439b157,SO73540,35,TI-M823,1,35,5432d51ee94799c0125bb158c8a8bd22
14551,501407dcfde5b685045ca3072168d5bb,41ef6b06b63ba4f6a5234245a439b157,SO73540,5,TT-M928,1,5,5432d51ee94799c0125bb158c8a8bd22
14552,175a5d217fad85df9f6639d7ced1e5d9,511572e8a25e86c2f48ae9e6d73a1e6a,SO68918,29,TI-T723,1,29,66e56e10b0f528b66a45e307ecdf4774
14552,175a5d217fad85df9f6639d7ced1e5d9,511572e8a25e86c2f48ae9e6d73a1e6a,SO68918,5,TT-T092,1,5,66e56e10b0f528b66a45e307ecdf4774
14552,31c99d724c1f182c60edb82eb4740277,e84848120190a8d0e696fbeb15647a74,SO71239,70,SH-W890-L,1,70,3db19f5f710f10e90ecc7154c649d60a
14553,5a06908cc28b799b04fc1c47664462e6,da9c4ba6c9a1ae8725389bfd38b5763a,SO54743,70,SH-W890-S,1,70,6d338b8c41c717c4336ad0084a80dca4
14553,5a06908cc28b799b04fc1c47664462e6,da9c4ba6c9a1ae8725389bfd38b5763a,SO54743,9,SO-R809-M,1,9,6d338b8c41c717c4336ad0084a80dca4
14553,fde67888c64f701b59876ec559099b3e,6353a8421ee460b64f2c988cc72a8391,SO56828,105,HL-U509,3,105,4ceff7612cfa4420892fe23b23ca9265
14553,fde67888c64f701b59876ec559099b3e,6353a8421ee460b64f2c988cc72a8391,SO56828,29,TI-T723,1,29,4ceff7612cfa4420892fe23b23ca9265
14553,fde67888c64f701b59876ec559099b3e,6353a8421ee460b64f2c988cc72a8391,SO56828,5,TT-T092,1,5,4ceff7612cfa4420892fe23b23ca9265
14554,a9cefc49af6424b430612adfc69876ee,d34ba8f5d7fd7d5959a34c283fbec422,SO55845,70,SH-W890-M,1,70,59c3d64cb01cd5ad7fd25246d81a55ff
14554,f75e5f8c15ca91ec5c869dc3881f574f,3a23b248b732af434a45fce0302aa11f,SO63915,48,GL-H102-L,2,48,03bf7d2a8718ee9aca4bd2f37e962fc4
14554,f75e5f8c15ca91ec5c869dc3881f574f,3a23b248b732af434a45fce0302aa11f,SO63915,150,LJ-0192-S,3,150,03bf7d2a8718ee9aca4bd2f37e962fc4
14554,f75e5f8c15ca91ec5c869dc3881f574f,3a23b248b732af434a45fce0302aa11f,SO63915,29,TI-T723,1,29,03bf7d2a8718ee9aca4bd2f37e962fc4
14554,f75e5f8c15ca91ec5c869dc3881f574f,3a23b248b732af434a45fce0302aa11f,SO63915,5,TT-T092,1,5,03bf7d2a8718ee9aca4bd2f37e962fc4
14555,29811b471c7da705b519bb457273565b,f7004f672150f926791b3547ca9837cb,SO47645,4364,BK-R89B-48,2,4364,51f131f5e73d6582c708dee703ea6d09
14555,c885741a5e3e55c84950327011b70289,7e15f50bd26e439e6a22f5205a8064db,SO68629,769,BK-M38S-38,1,769,0da2bc000f1fe4ea8746f9aea0bb5879
14555,c885741a5e3e55c84950327011b70289,7e15f50bd26e439e6a22f5205a8064db,SO68629,105,HL-U509-B,3,105,0da2bc000f1fe4ea8746f9aea0bb5879
14555,c885741a5e3e55c84950327011b70289,7e15f50bd26e439e6a22f5205a8064db,SO68629,30,TI-M602,1,30,0da2bc000f1fe4ea8746f9aea0bb5879
14555,c885741a5e3e55c84950327011b70289,7e15f50bd26e439e6a22f5205a8064db,SO68629,5,TT-M928,1,5,0da2bc000f1fe4ea8746f9aea0bb5879
14556,caa707f97407c07371136aaf471a91d4,4efe8b2ca156042f8a3d8dd6aba54520,SO67110,10,BC-M005,1,10,058af5b2a408d57b708367e5bf4e9d9c
14556,caa707f97407c07371136aaf471a91d4,4efe8b2ca156042f8a3d8dd6aba54520,SO67110,5,TT-M928,1,5,058af5b2a408d57b708367e5bf4e9d9c
14556,caa707f97407c07371136aaf471a91d4,4efe8b2ca156042f8a3d8dd6aba54520,SO67110,5,WB-H098,1,5,058af5b2a408d57b708367e5bf4e9d9c
14557,08ff55594d8ca57b756a1953f77ebc89,54d3ba66c5e71d3112695b882ca2030e,SO74940,54,SJ-0194-L,1,54,12092303778fcfa88ed7d284b74c6a6a
14557,5e9b4970006d8f02ba0bc1763fa8b9a6,b2e85aa5f9c095607e638c7e6e2c694b,SO51926,105,HL-U509-R,3,105,ca510b577b53d588f80b4fc76030ea52
14557,5e9b4970006d8f02ba0bc1763fa8b9a6,b2e85aa5f9c095607e638c7e6e2c694b,SO51926,25,TI-R628,1,25,ca510b577b53d588f80b4fc76030ea52
14557,5e9b4970006d8f02ba0bc1763fa8b9a6,b2e85aa5f9c095607e638c7e6e2c694b,SO51926,4,TT-R982,1,4,ca510b577b53d588f80b4fc76030ea52
14558,0215d13a3368541a5d2965db89d41de3,fdf68f0ae4edf12f9c0572d684f6fb6b,SO43824,1398,BK-R50B-44,2,1398,b47e9c83e7be8d53bdb2baa76353f95d
14558,c660dc308b247ce08aeecd155306bae0,e7df1b3ee078bdcfc260a877f321287d,SO59950,769,BK-M38S-46,1,769,9a95fdf4e925d9cbd65f87b5aa4ac212
14558,c660dc308b247ce08aeecd155306bae0,e7df1b3ee078bdcfc260a877f321287d,SO59950,48,GL-H102-L,2,48,9a95fdf4e925d9cbd65f87b5aa4ac212
14558,c660dc308b247ce08aeecd155306bae0,e7df1b3ee078bdcfc260a877f321287d,SO59950,105,HL-U509-B,3,105,9a95fdf4e925d9cbd65f87b5aa4ac212
14559,3ebfce6ccd7540a632ae7e6ad8100c29,d630b2db6e8046e30b4728ca862ba4e1,SO59376,769,BK-M38S-42,1,769,df595e3c678d4fae23ce174fe747165e
14559,3ebfce6ccd7540a632ae7e6ad8100c29,d630b2db6e8046e30b4728ca862ba4e1,SO59376,27,CA-1098,3,27,df595e3c678d4fae23ce174fe747165e
14559,3ebfce6ccd7540a632ae7e6ad8100c29,d630b2db6e8046e30b4728ca862ba4e1,SO59376,70,SH-W890-L,1,70,df595e3c678d4fae23ce174fe747165e
14559,d8b441941a26e6828acf8cdaf0d6084e,8b2e1fff3ce3e2505a49fe7473894072,SO43771,1398,BK-R50R-52,2,1398,c694f825bbbc9515aa53a3169d7ebce9
14560,512b6608a6cfdf1555c0fafeb6022830,17044eafedd2e32a8a67b6b194bb83d3,SO43726,1398,BK-R50B-58,2,1398,54867044168b33be2be2e9550aae73b6
14560,9e8cbc3edbb5efb3f48d6afb260e4725,174acf6ca4e9804d47a59a499422e621,SO59242,769,BK-M38S-38,1,769,640540d73b85c3ecd2e3bf5541686e87
14560,9e8cbc3edbb5efb3f48d6afb260e4725,174acf6ca4e9804d47a59a499422e621,SO59242,70,SH-W890-L,1,70,640540d73b85c3ecd2e3bf5541686e87
14561,56d78836c9cf0de136c4d2d37aba2280,ba19c22033aaecc6c5dad47f63e5858c,SO63974,2,PK-7098,1,2,8c9ec1be720ee75d56d0c250d10610fa
14561,56d78836c9cf0de136c4d2d37aba2280,ba19c22033aaecc6c5dad47f63e5858c,SO63974,35,TI-M823,1,35,8c9ec1be720ee75d56d0c250d10610fa
14561,72e75576254db1afef14ecdc050391c2,20b851db79828c985958154243411278,SO52085,10,BC-M005,1,10,0b80ce5eab877cae9997209e0bee6e60
14561,72e75576254db1afef14ecdc050391c2,20b851db79828c985958154243411278,SO52085,105,HL-U509-R,3,105,0b80ce5eab877cae9997209e0bee6e60
14561,72e75576254db1afef14ecdc050391c2,20b851db79828c985958154243411278,SO52085,5,WB-H098,1,5,0b80ce5eab877cae9997209e0bee6e60
14561,fee8e08233f3f00450bce31967abb0f1,331afa0aff1b1cfbf3d24944ab38c9d2,SO70536,105,HL-U509,3,105,86bfb8ffc7a79e52d833cedce4d275bf
14561,fee8e08233f3f00450bce31967abb0f1,331afa0aff1b1cfbf3d24944ab38c9d2,SO70536,33,TI-R982,1,33,86bfb8ffc7a79e52d833cedce4d275bf
14561,fee8e08233f3f00450bce31967abb0f1,331afa0aff1b1cfbf3d24944ab38c9d2,SO70536,4,TT-R982,1,4,86bfb8ffc7a79e52d833cedce4d275bf
14562,23f22724b430320654759f8512440ebc,485ae69515bc4c60ef546ff289741f60,SO58268,2,PK-7098,1,2,b0b2c17e5682f78d8fc262463fd0a4f3
14562,23f22724b430320654759f8512440ebc,485ae69515bc4c60ef546ff289741f60,SO58268,5,TT-M928,1,5,b0b2c17e5682f78d8fc262463fd0a4f3
14563,16918840d98f27ce45948fe73dd5592f,04dbdf67bb8714ba18c9c36d50d1f5dc,SO62719,105,HL-U509-B,3,105,95103530881768b5cfc7e33970db9cd7
14563,16918840d98f27ce45948fe73dd5592f,04dbdf67bb8714ba18c9c36d50d1f5dc,SO62719,5,TT-M928,1,5,95103530881768b5cfc7e33970db9cd7
14564,43e2cc7ff261723f93f64f3f7e9faa8d,a6f2945baeceeef4c8d541a22f6e99e9,SO73449,120,RA-H123,1,120,88077cf01a3e17831c2d0bcca5897c5b
14564,43e2cc7ff261723f93f64f3f7e9faa8d,a6f2945baeceeef4c8d541a22f6e99e9,SO73449,5,TT-M928,1,5,88077cf01a3e17831c2d0bcca5897c5b
14565,d7c0b05cc309d4516231ccf0d3417744,63deedb09952ba4161e5d9ab30ea4d41,SO43943,1398,BK-R50B-44,2,1398,0605970f0e23f47a1e2af81a5f9bc913
14565,e0bcd0ff3072dfe15609d6be1529b0b8,c660dc308b247ce08aeecd155306bae0,SO60730,769,BK-M38S-38,1,769,39ff8ac1e8a44088f96e17b846ec8baf
14565,e0bcd0ff3072dfe15609d6be1529b0b8,c660dc308b247ce08aeecd155306bae0,SO60730,105,HL-U509,3,105,39ff8ac1e8a44088f96e17b846ec8baf
14566,4b5c3229e0725ef8d303f494db9faec8,f46ace11e93788e473124f7be16a19d5,SO63709,10,BC-M005,1,10,0149f124a48640c62d90840ac5760331
14566,4b5c3229e0725ef8d303f494db9faec8,f46ace11e93788e473124f7be16a19d5,SO63709,27,CA-1098,3,27,0149f124a48640c62d90840ac5760331
14566,4b5c3229e0725ef8d303f494db9faec8,f46ace11e93788e473124f7be16a19d5,SO63709,55,HY-1023-70,1,55,0149f124a48640c62d90840ac5760331
14566,4b5c3229e0725ef8d303f494db9faec8,f46ace11e93788e473124f7be16a19d5,SO63709,5,WB-H098,1,5,0149f124a48640c62d90840ac5760331
14566,b988e88fd94a3b47434beeb650cff880,3c1811b546060d91957cc446aabc4a3c,SO56347,159,ST-1401,1,159,18025e6a8791d350428f65c0783ebd99
14566,b988e88fd94a3b47434beeb650cff880,3c1811b546060d91957cc446aabc4a3c,SO56347,33,TI-R982,1,33,18025e6a8791d350428f65c0783ebd99
14566,b988e88fd94a3b47434beeb650cff880,3c1811b546060d91957cc446aabc4a3c,SO56347,4,TT-R982,1,4,18025e6a8791d350428f65c0783ebd99
14566,de5009f9bf3e9725d2381f4a5e913111,2296af5563b2061aa1d88124a37eecb7,SO67378,10,BC-M005,1,10,a1d0c0a14c6c8f8a8ef8220209c23a64
14566,de5009f9bf3e9725d2381f4a5e913111,2296af5563b2061aa1d88124a37eecb7,SO67378,22,FE-6654,1,22,a1d0c0a14c6c8f8a8ef8220209c23a64
14566,de5009f9bf3e9725d2381f4a5e913111,2296af5563b2061aa1d88124a37eecb7,SO67378,150,LJ-0192-M,3,150,a1d0c0a14c6c8f8a8ef8220209c23a64
14566,de5009f9bf3e9725d2381f4a5e913111,2296af5563b2061aa1d88124a37eecb7,SO67378,35,TI-M823,1,35,a1d0c0a14c6c8f8a8ef8220209c23a64
14566,de5009f9bf3e9725d2381f4a5e913111,2296af5563b2061aa1d88124a37eecb7,SO67378,5,TT-M928,1,5,a1d0c0a14c6c8f8a8ef8220209c23a64
14566,de5009f9bf3e9725d2381f4a5e913111,2296af5563b2061aa1d88124a37eecb7,SO67378,5,WB-H098,1,5,a1d0c0a14c6c8f8a8ef8220209c23a64
14567,361e2c62255e0c1887ac2139911ca300,20b5e9ce0f87defd975a322149ec8cc6,SO51894,48,GL-H102-S,2,48,eedd9be5500334505ed9d4aef801ac3d
14567,361e2c62255e0c1887ac2139911ca300,20b5e9ce0f87defd975a322149ec8cc6,SO51894,105,HL-U509,3,105,eedd9be5500334505ed9d4aef801ac3d
14567,361e2c62255e0c1887ac2139911ca300,20b5e9ce0f87defd975a322149ec8cc6,SO51894,33,TI-R982,1,33,eedd9be5500334505ed9d4aef801ac3d
14567,361e2c62255e0c1887ac2139911ca300,20b5e9ce0f87defd975a322149ec8cc6,SO51894,4,TT-R982,1,4,eedd9be5500334505ed9d4aef801ac3d
14567,883b9b4170853b321c03290f64ba199f,412998e77ee121227580e3d363f75fa2,SO60674,8,CL-9009,1,8,af1457846a79173ef71dd9d5dd69805a
14567,883b9b4170853b321c03290f64ba199f,412998e77ee121227580e3d363f75fa2,SO60674,2,PK-7098,1,2,af1457846a79173ef71dd9d5dd69805a
14567,883b9b4170853b321c03290f64ba199f,412998e77ee121227580e3d363f75fa2,SO60674,35,TI-M823,1,35,af1457846a79173ef71dd9d5dd69805a
14567,883b9b4170853b321c03290f64ba199f,412998e77ee121227580e3d363f75fa2,SO60674,5,TT-M928,1,5,af1457846a79173ef71dd9d5dd69805a
14567,e366e24b8ad0b1107528f2f58cd15a81,921bc92a493b53f98f24e6a8a12801be,SO72457,10,BC-M005,1,10,c83e871e48c2716e0f28e60d166a5c98
14567,e366e24b8ad0b1107528f2f58cd15a81,921bc92a493b53f98f24e6a8a12801be,SO72457,5,WB-H098,1,5,c83e871e48c2716e0f28e60d166a5c98
14568,a9cefc49af6424b430612adfc69876ee,d34ba8f5d7fd7d5959a34c283fbec422,SO55844,10,BC-M005,1,10,59c3d64cb01cd5ad7fd25246d81a55ff
14568,a9cefc49af6424b430612adfc69876ee,d34ba8f5d7fd7d5959a34c283fbec422,SO55844,105,HL-U509-B,3,105,59c3d64cb01cd5ad7fd25246d81a55ff
14568,a9cefc49af6424b430612adfc69876ee,d34ba8f5d7fd7d5959a34c283fbec422,SO55844,5,TT-M928,1,5,59c3d64cb01cd5ad7fd25246d81a55ff
14568,a9cefc49af6424b430612adfc69876ee,d34ba8f5d7fd7d5959a34c283fbec422,SO55844,5,WB-H098,1,5,59c3d64cb01cd5ad7fd25246d81a55ff
14569,175a5d217fad85df9f6639d7ced1e5d9,511572e8a25e86c2f48ae9e6d73a1e6a,SO68914,2,PK-7098,1,2,66e56e10b0f528b66a45e307ecdf4774
14569,175a5d217fad85df9f6639d7ced1e5d9,511572e8a25e86c2f48ae9e6d73a1e6a,SO68914,5,TT-M928,1,5,66e56e10b0f528b66a45e307ecdf4774
14570,a976f17830aceaaa93d5daef0bc209a3,d9f7611cf8d29b48a1d3d8fddb8c5b2e,SO57504,105,HL-U509-R,3,105,0e23f371129aecc6b2033620b226f8d7
14570,a976f17830aceaaa93d5daef0bc209a3,d9f7611cf8d29b48a1d3d8fddb8c5b2e,SO57504,5,TT-M928,1,5,0e23f371129aecc6b2033620b226f8d7
14571,4eec6eda382b9c44e240ad4b4b5e9cc0,f75e5f8c15ca91ec5c869dc3881f574f,SO64705,105,HL-U509-R,3,105,94b225b5b1f09ecd5e8ecdfb681ff04c
14571,4eec6eda382b9c44e240ad4b4b5e9cc0,f75e5f8c15ca91ec5c869dc3881f574f,SO64705,150,LJ-0192-L,3,150,94b225b5b1f09ecd5e8ecdfb681ff04c
14571,4eec6eda382b9c44e240ad4b4b5e9cc0,f75e5f8c15ca91ec5c869dc3881f574f,SO64705,5,TT-M928,1,5,94b225b5b1f09ecd5e8ecdfb681ff04c
14572,2fe1a028f9398deb2efcd536c8246fae,9913e55755fcc4267a06c1e6adbbc7fb,SO62618,4590,BK-M68B-42,2,4590,8dd08d219271ec96c543f486de430703
14572,2fe1a028f9398deb2efcd536c8246fae,9913e55755fcc4267a06c1e6adbbc7fb,SO62618,22,FE-6654,1,22,8dd08d219271ec96c543f486de430703
14572,85e7a76ab1d6d23e87ea418480d5ffe2,93eed705e4cb42d159d4aadc9a0a8461,SO44002,1398,BK-R50B-62,2,1398,4d477da2cac19595261e2755bb0750f4
14573,caa707f97407c07371136aaf471a91d4,4efe8b2ca156042f8a3d8dd6aba54520,SO67108,105,HL-U509-B,3,105,058af5b2a408d57b708367e5bf4e9d9c
14573,caa707f97407c07371136aaf471a91d4,4efe8b2ca156042f8a3d8dd6aba54520,SO67108,5,TT-M928,1,5,058af5b2a408d57b708367e5bf4e9d9c
14574,76918877cf6ce7011018cd9708723392,883b9b4170853b321c03290f64ba199f,SO61504,10,BC-M005,1,10,4ddc8821c34bceaf3dba4a18741acca3
14574,76918877cf6ce7011018cd9708723392,883b9b4170853b321c03290f64ba199f,SO61504,48,GL-H102-S,2,48,4ddc8821c34bceaf3dba4a18741acca3
14574,76918877cf6ce7011018cd9708723392,883b9b4170853b321c03290f64ba199f,SO61504,105,HL-U509-B,3,105,4ddc8821c34bceaf3dba4a18741acca3
14574,76918877cf6ce7011018cd9708723392,883b9b4170853b321c03290f64ba199f,SO61504,5,WB-H098,1,5,4ddc8821c34bceaf3dba4a18741acca3
14574,c4c454d69a39e60a6f5cf2f97148adad,49fce086a31f1cfcf16b54e462f7cbc0,SO71579,2,PK-7098,1,2,31c99d724c1f182c60edb82eb4740277
14574,c4c454d69a39e60a6f5cf2f97148adad,49fce086a31f1cfcf16b54e462f7cbc0,SO71579,33,TI-R982,1,33,31c99d724c1f182c60edb82eb4740277
14574,c4c454d69a39e60a6f5cf2f97148adad,49fce086a31f1cfcf16b54e462f7cbc0,SO71579,4,TT-R982,1,4,31c99d724c1f182c60edb82eb4740277
14574,e0bcd0ff3072dfe15609d6be1529b0b8,c660dc308b247ce08aeecd155306bae0,SO60726,22,FE-6654,1,22,39ff8ac1e8a44088f96e17b846ec8baf
14574,e0bcd0ff3072dfe15609d6be1529b0b8,c660dc308b247ce08aeecd155306bae0,SO60726,2,PK-7098,1,2,39ff8ac1e8a44088f96e17b846ec8baf
14574,e0bcd0ff3072dfe15609d6be1529b0b8,c660dc308b247ce08aeecd155306bae0,SO60726,35,TI-M823,1,35,39ff8ac1e8a44088f96e17b846ec8baf
14574,e0bcd0ff3072dfe15609d6be1529b0b8,c660dc308b247ce08aeecd155306bae0,SO60726,5,TT-M928,1,5,39ff8ac1e8a44088f96e17b846ec8baf
14575,08ff55594d8ca57b756a1953f77ebc89,54d3ba66c5e71d3112695b882ca2030e,SO74960,22,FE-6654,1,22,12092303778fcfa88ed7d284b74c6a6a
14575,08ff55594d8ca57b756a1953f77ebc89,54d3ba66c5e71d3112695b882ca2030e,SO74960,159,ST-1401,1,159,12092303778fcfa88ed7d284b74c6a6a
14575,08ff55594d8ca57b756a1953f77ebc89,54d3ba66c5e71d3112695b882ca2030e,SO74960,5,TT-M928,1,5,12092303778fcfa88ed7d284b74c6a6a
14576,606ed413481267c98754e3351f662859,4ddc8821c34bceaf3dba4a18741acca3,SO61948,769,BK-M38S-42,1,769,f8025d3776b5f7522a6120cb4e9e0783
14576,606ed413481267c98754e3351f662859,4ddc8821c34bceaf3dba4a18741acca3,SO61948,8,CL-9009,1,8,f8025d3776b5f7522a6120cb4e9e0783
14576,855bbdd661d21a89b7ae61eaea270f2c,0605970f0e23f47a1e2af81a5f9bc913,SO43979,1398,BK-R50R-60,2,1398,bc711710f4e4dd1cfeafbccb182790a0
14577,6d4278f55ab037dfce90690af7b0158a,72571bd90824be952816cc46cf59d536,SO44057,1398,BK-R50B-44,2,1398,f96fbbcf63b1b65747983976e60d5967
14577,922d04aa1f67bbe0270bfad98508f43e,0383d48e76cd8a3dfb9e2a890f2cac18,SO61835,769,BK-M38S-46,1,769,76918877cf6ce7011018cd9708723392
14577,922d04aa1f67bbe0270bfad98508f43e,0383d48e76cd8a3dfb9e2a890f2cac18,SO61835,2,PK-7098,1,2,76918877cf6ce7011018cd9708723392
14577,922d04aa1f67bbe0270bfad98508f43e,0383d48e76cd8a3dfb9e2a890f2cac18,SO61835,30,TI-M602,1,30,76918877cf6ce7011018cd9708723392
14577,922d04aa1f67bbe0270bfad98508f43e,0383d48e76cd8a3dfb9e2a890f2cac18,SO61835,5,TT-M928,1,5,76918877cf6ce7011018cd9708723392
14578,4a70a3ec50fd16032883bf6fc79c55dd,4804ee33768b143d9706052696f7dfbd,SO61073,769,BK-M38S-40,1,769,e0bcd0ff3072dfe15609d6be1529b0b8
14578,4a70a3ec50fd16032883bf6fc79c55dd,4804ee33768b143d9706052696f7dfbd,SO61073,27,CA-1098,3,27,e0bcd0ff3072dfe15609d6be1529b0b8
14578,4a70a3ec50fd16032883bf6fc79c55dd,4804ee33768b143d9706052696f7dfbd,SO61073,70,SH-W890-L,1,70,e0bcd0ff3072dfe15609d6be1529b0b8
14579,9223b53f03a405f817e91392f0294f6a,3e07f09fb2edbdf0bf6a54c17634514b,SO53805,120,RA-H123,1,120,14e4b13c27fb9bce9938ce35b6597eca
14579,9223b53f03a405f817e91392f0294f6a,3e07f09fb2edbdf0bf6a54c17634514b,SO53805,5,TT-M928,1,5,14e4b13c27fb9bce9938ce35b6597eca
14580,3b1c887bb1207e2d1f3db508935b9a03,0f3e3e16d175d3da9e3d2ab5f42e2a8d,SO44204,1398,BK-R50B-62,2,1398,d65fe2f8a3307343bdecec12e6ef15b0
14580,d945ec2aae74dbfb829453026b91c235,348f48807f500aeac729fb17d9bc97f1,SO61356,769,BK-M38S-46,1,769,eef21e68ecca703bb338920b950f203c
14581,07d14b363438ad842665e35b72cd095b,9fa48dc8d46636bab53020640f0d42b9,SO44166,1398,BK-R50B-44,2,1398,9c09e1a3bb33cc56909b944a08096b34
14581,d945ec2aae74dbfb829453026b91c235,348f48807f500aeac729fb17d9bc97f1,SO61357,769,BK-M38S-38,1,769,eef21e68ecca703bb338920b950f203c
14581,d945ec2aae74dbfb829453026b91c235,348f48807f500aeac729fb17d9bc97f1,SO61357,48,GL-H102-S,2,48,eef21e68ecca703bb338920b950f203c
14581,d945ec2aae74dbfb829453026b91c235,348f48807f500aeac729fb17d9bc97f1,SO61357,105,HL-U509,3,105,eef21e68ecca703bb338920b950f203c
14581,d945ec2aae74dbfb829453026b91c235,348f48807f500aeac729fb17d9bc97f1,SO61357,30,TI-M602,1,30,eef21e68ecca703bb338920b950f203c
14581,d945ec2aae74dbfb829453026b91c235,348f48807f500aeac729fb17d9bc97f1,SO61357,5,TT-M928,1,5,eef21e68ecca703bb338920b950f203c
14582,830e779850b1d58733a7ad711bf6b83f,39fe373cdcb4534addde73890415b660,SO56502,8,CL-9009,1,8,427ed6396fba4ed8ead9ec3229517d2b
14582,830e779850b1d58733a7ad711bf6b83f,39fe373cdcb4534addde73890415b660,SO56502,2,PK-7098,1,2,427ed6396fba4ed8ead9ec3229517d2b
14582,830e779850b1d58733a7ad711bf6b83f,39fe373cdcb4534addde73890415b660,SO56502,33,TI-R982,1,33,427ed6396fba4ed8ead9ec3229517d2b
14582,830e779850b1d58733a7ad711bf6b83f,39fe373cdcb4534addde73890415b660,SO56502,4,TT-R982,1,4,427ed6396fba4ed8ead9ec3229517d2b
14582,921bc92a493b53f98f24e6a8a12801be,17520f5649fab40fb66771362888cb90,SO71458,10,BC-M005,1,10,6a8d7e42bb852c45fbf8610361d391a0
14582,921bc92a493b53f98f24e6a8a12801be,17520f5649fab40fb66771362888cb90,SO71458,35,TI-M823,1,35,6a8d7e42bb852c45fbf8610361d391a0
14582,921bc92a493b53f98f24e6a8a12801be,17520f5649fab40fb66771362888cb90,SO71458,5,TT-M928,1,5,6a8d7e42bb852c45fbf8610361d391a0
14582,f04e53711455521533f4c5ed7dcaa287,5e9b4970006d8f02ba0bc1763fa8b9a6,SO52540,10,BC-M005,1,10,f799d104dd23bb828dcdaaefc4d25b61
14582,f04e53711455521533f4c5ed7dcaa287,5e9b4970006d8f02ba0bc1763fa8b9a6,SO52540,5,WB-H098,1,5,f799d104dd23bb828dcdaaefc4d25b61
14583,6583882ca853d66524856501b27519f5,1ba7e8cdf85da6cf5e11554703236b52,SO74324,5,TT-M928,1,5,d27974ca95fd620ac92cf95bf8c1d1f2
14584,4918909674a26c217d8cc4a92860400c,07074f83c23833dcaa105e1acf3c3b98,SO44172,1398,BK-R50B-44,2,1398,1c37e3540a186a26df97e1d816a180d8
14584,d1024973c3d10f08cb9fa1736e6ed8b7,f8025d3776b5f7522a6120cb4e9e0783,SO62381,10,BC-M005,1,10,5c741aa8e0753be65314a304e7b39c14
14584,d1024973c3d10f08cb9fa1736e6ed8b7,f8025d3776b5f7522a6120cb4e9e0783,SO62381,4590,BK-M68B-46,2,4590,5c741aa8e0753be65314a304e7b39c14
14584,d1024973c3d10f08cb9fa1736e6ed8b7,f8025d3776b5f7522a6120cb4e9e0783,SO62381,27,CA-1098,3,27,5c741aa8e0753be65314a304e7b39c14
14584,d1024973c3d10f08cb9fa1736e6ed8b7,f8025d3776b5f7522a6120cb4e9e0783,SO62381,22,FE-6654,1,22,5c741aa8e0753be65314a304e7b39c14
14584,d1024973c3d10f08cb9fa1736e6ed8b7,f8025d3776b5f7522a6120cb4e9e0783,SO62381,5,WB-H098,1,5,5c741aa8e0753be65314a304e7b39c14
14585,290499d9b8e65db426ba9b842714eb6d,606ed413481267c98754e3351f662859,SO62664,4590,BK-M68B-38,2,4590,d1024973c3d10f08cb9fa1736e6ed8b7
14585,290499d9b8e65db426ba9b842714eb6d,606ed413481267c98754e3351f662859,SO62664,22,FE-6654,1,22,d1024973c3d10f08cb9fa1736e6ed8b7
14585,556c3334adfb28b12965c8974489bdcd,531a5e6e1b551dc67663de449307272a,SO44255,1398,BK-R50B-48,2,1398,12e0e6d801bd9b913826b796045098f0
14586,501407dcfde5b685045ca3072168d5bb,41ef6b06b63ba4f6a5234245a439b157,SO73532,70,SH-W890-L,1,70,5432d51ee94799c0125bb158c8a8bd22
14586,501407dcfde5b685045ca3072168d5bb,41ef6b06b63ba4f6a5234245a439b157,SO73532,54,SJ-0194-S,1,54,5432d51ee94799c0125bb158c8a8bd22
14586,6a8d7e42bb852c45fbf8610361d391a0,3f72b837978dcd042b73e7270f11a4ca,SO71117,10,BC-M005,1,10,49fce086a31f1cfcf16b54e462f7cbc0
14586,6a8d7e42bb852c45fbf8610361d391a0,3f72b837978dcd042b73e7270f11a4ca,SO71117,55,HY-1023-70,1,55,49fce086a31f1cfcf16b54e462f7cbc0
14586,6a8d7e42bb852c45fbf8610361d391a0,3f72b837978dcd042b73e7270f11a4ca,SO71117,5,WB-H098,1,5,49fce086a31f1cfcf16b54e462f7cbc0
14586,9592b44e2c3f304a9875f45537bec6eb,a9cd7a99d71cca9cb644010050374ade,SO72765,35,TI-M823,1,35,b2ce0ef2540789e8a6976165b6c917d8
14586,9592b44e2c3f304a9875f45537bec6eb,a9cd7a99d71cca9cb644010050374ade,SO72765,5,TT-M928,1,5,b2ce0ef2540789e8a6976165b6c917d8
14587,640540d73b85c3ecd2e3bf5541686e87,eba6cab7267f82e3b2a063d5ea445bb9,SO58739,2,PK-7098,1,2,d630b2db6e8046e30b4728ca862ba4e1
14587,640540d73b85c3ecd2e3bf5541686e87,eba6cab7267f82e3b2a063d5ea445bb9,SO58739,5,TT-M928,1,5,d630b2db6e8046e30b4728ca862ba4e1
14588,4004a117f65dfd3221a9cce8fce5a45f,6ef7b4bb93d4e54234cf965ed2334682,SO66725,105,HL-U509,3,105,0120f4004ede1143c3be6caa4227affe
14588,4004a117f65dfd3221a9cce8fce5a45f,6ef7b4bb93d4e54234cf965ed2334682,SO66725,5,TT-M928,1,5,0120f4004ede1143c3be6caa4227affe
14589,91b7ffe240ad23db6408cd1d19015686,2587ddcd808fbd36ac5ceec2863ab2af,SO44269,1398,BK-R50R-44,2,1398,4709376fad800343cd32df44247f5db1
14589,94c60e0b5e2b0f78b919a5d4c67d70a2,0d15ba5aa4c9ad0377b26e0cf7a86280,SO62212,769,BK-M38S-40,1,769,9913e55755fcc4267a06c1e6adbbc7fb
14590,0cb388227f4fdb8ab3e94e6477d98f5a,4918909674a26c217d8cc4a92860400c,SO44219,1398,BK-R50B-44,2,1398,531a5e6e1b551dc67663de449307272a
14590,305c66634c155cab2b5cc3ce00351eb1,2becb9647677a1a316b388bbad689580,SO62128,769,BK-M38S-40,1,769,922d04aa1f67bbe0270bfad98508f43e
14590,305c66634c155cab2b5cc3ce00351eb1,2becb9647677a1a316b388bbad689580,SO62128,27,CA-1098,3,27,922d04aa1f67bbe0270bfad98508f43e
14590,305c66634c155cab2b5cc3ce00351eb1,2becb9647677a1a316b388bbad689580,SO62128,150,LJ-0192-S,3,150,922d04aa1f67bbe0270bfad98508f43e
14590,305c66634c155cab2b5cc3ce00351eb1,2becb9647677a1a316b388bbad689580,SO62128,70,SH-W890-S,1,70,922d04aa1f67bbe0270bfad98508f43e
14591,922d04aa1f67bbe0270bfad98508f43e,0383d48e76cd8a3dfb9e2a890f2cac18,SO61834,769,BK-M38S-42,1,769,76918877cf6ce7011018cd9708723392
14591,922d04aa1f67bbe0270bfad98508f43e,0383d48e76cd8a3dfb9e2a890f2cac18,SO61834,2,PK-7098,1,2,76918877cf6ce7011018cd9708723392
14591,922d04aa1f67bbe0270bfad98508f43e,0383d48e76cd8a3dfb9e2a890f2cac18,SO61834,30,TI-M602,1,30,76918877cf6ce7011018cd9708723392
14591,c3aa0c1c9cde5a60eae660ee09a2892b,556c3334adfb28b12965c8974489bdcd,SO44353,1398,BK-R50R-44,2,1398,b63003b792fb0099f3c299464a2cb4bd
14592,ad0b7f5ad35732646f1e5f67418d5995,244cede513841376c37dc856f2f5e7b9,SO59307,5,TT-M928,1,5,0df76889b3e31ccfd17b50cc73baef03
14593,af1457846a79173ef71dd9d5dd69805a,254d832c83ccdb2c33eab65a4fd196ff,SO60347,2,PK-7098,1,2,ce08c22f7777768ce4197eab9727516c
14593,af1457846a79173ef71dd9d5dd69805a,254d832c83ccdb2c33eab65a4fd196ff,SO60347,5,TT-M928,1,5,ce08c22f7777768ce4197eab9727516c
14594,8d71482745a6a1be4fbbc5562ade4657,089c2a426c196c5ca5facb20896c90bb,SO56929,159,ST-1401,1,159,d9f7611cf8d29b48a1d3d8fddb8c5b2e
14594,8d71482745a6a1be4fbbc5562ade4657,089c2a426c196c5ca5facb20896c90bb,SO56929,5,TT-M928,1,5,d9f7611cf8d29b48a1d3d8fddb8c5b2e
14595,331afa0aff1b1cfbf3d24944ab38c9d2,c885741a5e3e55c84950327011b70289,SO69692,105,HL-U509-R,3,105,962bae2fb03296a3b9cacabfa929322c
14595,331afa0aff1b1cfbf3d24944ab38c9d2,c885741a5e3e55c84950327011b70289,SO69692,5,TT-M928,1,5,962bae2fb03296a3b9cacabfa929322c
14596,2fe1a028f9398deb2efcd536c8246fae,9913e55755fcc4267a06c1e6adbbc7fb,SO62617,10,BC-M005,1,10,8dd08d219271ec96c543f486de430703
14596,2fe1a028f9398deb2efcd536c8246fae,9913e55755fcc4267a06c1e6adbbc7fb,SO62617,4640,BK-M68S-46,2,4640,8dd08d219271ec96c543f486de430703
14596,2fe1a028f9398deb2efcd536c8246fae,9913e55755fcc4267a06c1e6adbbc7fb,SO62617,22,FE-6654,1,22,8dd08d219271ec96c543f486de430703
14596,2fe1a028f9398deb2efcd536c8246fae,9913e55755fcc4267a06c1e6adbbc7fb,SO62617,5,WB-H098,1,5,8dd08d219271ec96c543f486de430703
14596,b17aa434fc2718b9cd1a0d02141e0641,55348beba23f6cbf7d48ebb920ebb559,SO44397,1398,BK-R50R-52,2,1398,c3aa0c1c9cde5a60eae660ee09a2892b
14597,4a70a3ec50fd16032883bf6fc79c55dd,4804ee33768b143d9706052696f7dfbd,SO61077,4640,BK-M68S-46,2,4640,e0bcd0ff3072dfe15609d6be1529b0b8
14597,4a70a3ec50fd16032883bf6fc79c55dd,4804ee33768b143d9706052696f7dfbd,SO61077,22,FE-6654,1,22,e0bcd0ff3072dfe15609d6be1529b0b8
14597,4a70a3ec50fd16032883bf6fc79c55dd,4804ee33768b143d9706052696f7dfbd,SO61077,2,PK-7098,1,2,e0bcd0ff3072dfe15609d6be1529b0b8
14597,4a70a3ec50fd16032883bf6fc79c55dd,4804ee33768b143d9706052696f7dfbd,SO61077,35,TI-M823,1,35,e0bcd0ff3072dfe15609d6be1529b0b8
14597,4a70a3ec50fd16032883bf6fc79c55dd,4804ee33768b143d9706052696f7dfbd,SO61077,5,TT-M928,1,5,e0bcd0ff3072dfe15609d6be1529b0b8
14597,705fa39ab40831529471c768490339ab,63efdd3324df66c9965bd622cdebe06a,SO68871,2384,BK-T79Y-50,1,2384,4584ca349e0920f4436a3c2f36158b85
14597,705fa39ab40831529471c768490339ab,63efdd3324df66c9965bd622cdebe06a,SO68871,105,HL-U509,3,105,4584ca349e0920f4436a3c2f36158b85
14598,0da2bc000f1fe4ea8746f9aea0bb5879,702a02712215141594ddf8e52b0a651c,SO68330,2384,BK-T79U-60,1,2384,b34050290c25b0f7b52a2b8f767df87d
14598,0da2bc000f1fe4ea8746f9aea0bb5879,702a02712215141594ddf8e52b0a651c,SO68330,9,SO-R809-M,1,9,b34050290c25b0f7b52a2b8f767df87d
14598,3ebfce6ccd7540a632ae7e6ad8100c29,d630b2db6e8046e30b4728ca862ba4e1,SO59384,4640,BK-M68S-46,2,4640,df595e3c678d4fae23ce174fe747165e
14598,3ebfce6ccd7540a632ae7e6ad8100c29,d630b2db6e8046e30b4728ca862ba4e1,SO59384,27,CA-1098,3,27,df595e3c678d4fae23ce174fe747165e
14598,3ebfce6ccd7540a632ae7e6ad8100c29,d630b2db6e8046e30b4728ca862ba4e1,SO59384,22,FE-6654,1,22,df595e3c678d4fae23ce174fe747165e
14598,3ebfce6ccd7540a632ae7e6ad8100c29,d630b2db6e8046e30b4728ca862ba4e1,SO59384,55,HY-1023-70,1,55,df595e3c678d4fae23ce174fe747165e
14598,3ebfce6ccd7540a632ae7e6ad8100c29,d630b2db6e8046e30b4728ca862ba4e1,SO59384,35,TI-M823,1,35,df595e3c678d4fae23ce174fe747165e
14598,3ebfce6ccd7540a632ae7e6ad8100c29,d630b2db6e8046e30b4728ca862ba4e1,SO59384,5,TT-M928,1,5,df595e3c678d4fae23ce174fe747165e
14599,7ee641303ef8d8b10d0ed00a060c73cc,eef21e68ecca703bb338920b950f203c,SO61766,4640,BK-M68S-46,2,4640,0d15ba5aa4c9ad0377b26e0cf7a86280
14599,7ee641303ef8d8b10d0ed00a060c73cc,eef21e68ecca703bb338920b950f203c,SO61766,105,HL-U509-R,3,105,0d15ba5aa4c9ad0377b26e0cf7a86280
14599,8c92537f80bd1503ecbc8b76072cc053,21a8a8728571572bbc42a5a3bdaf9f1c,SO44442,1398,BK-R50B-60,2,1398,0b2687a4d54329af7fc2df3d9ee1a02b
14600,07b7d2aed13a63a16377587dcc0abbe8,02b96ab6e0935145589be4e1408a1675,SO66112,105,HL-U509-B,3,105,6866da5d40f1aad2d82129d5ffa25bda
14600,07b7d2aed13a63a16377587dcc0abbe8,02b96ab6e0935145589be4e1408a1675,SO66112,5,TT-M928,1,5,6866da5d40f1aad2d82129d5ffa25bda
14601,606ed413481267c98754e3351f662859,4ddc8821c34bceaf3dba4a18741acca3,SO61950,4640,BK-M68S-46,2,4640,f8025d3776b5f7522a6120cb4e9e0783
14601,606ed413481267c98754e3351f662859,4ddc8821c34bceaf3dba4a18741acca3,SO61950,22,FE-6654,1,22,f8025d3776b5f7522a6120cb4e9e0783
14601,606ed413481267c98754e3351f662859,4ddc8821c34bceaf3dba4a18741acca3,SO61950,105,HL-U509-R,3,105,f8025d3776b5f7522a6120cb4e9e0783
14601,928ba50351efae8cbed881787bcb4783,0b2687a4d54329af7fc2df3d9ee1a02b,SO44474,1398,BK-R50R-52,2,1398,3a863c1566a0017156508557cf038c56
14602,9d0c5a1a95274b55fd3f6fd19fd273ae,45c68ffa2dc409a0196eea5fff3994d1,SO44346,1398,BK-R50B-62,2,1398,8f2099f692279474c5211078c1fbcbe0
14602,f8025d3776b5f7522a6120cb4e9e0783,2d6e054ac82934d489c58cc8399a1628,SO61635,4640,BK-M68S-38,2,4640,d945ec2aae74dbfb829453026b91c235
14602,f8025d3776b5f7522a6120cb4e9e0783,2d6e054ac82934d489c58cc8399a1628,SO61635,22,FE-6654,1,22,d945ec2aae74dbfb829453026b91c235
14602,f8025d3776b5f7522a6120cb4e9e0783,2d6e054ac82934d489c58cc8399a1628,SO61635,48,GL-H102-L,2,48,d945ec2aae74dbfb829453026b91c235
14602,f8025d3776b5f7522a6120cb4e9e0783,2d6e054ac82934d489c58cc8399a1628,SO61635,105,HL-U509-B,3,105,d945ec2aae74dbfb829453026b91c235
14602,f8025d3776b5f7522a6120cb4e9e0783,2d6e054ac82934d489c58cc8399a1628,SO61635,150,LJ-0192-M,3,150,d945ec2aae74dbfb829453026b91c235
14603,3a23b248b732af434a45fce0302aa11f,db2f6a564b6f5f41253c68874b50962b,SO62982,10,BC-M005,1,10,290499d9b8e65db426ba9b842714eb6d
14603,3a23b248b732af434a45fce0302aa11f,db2f6a564b6f5f41253c68874b50962b,SO62982,4640,BK-M68S-46,2,4640,290499d9b8e65db426ba9b842714eb6d
14603,3a23b248b732af434a45fce0302aa11f,db2f6a564b6f5f41253c68874b50962b,SO62982,5,WB-H098,1,5,290499d9b8e65db426ba9b842714eb6d
14603,c3aa0c1c9cde5a60eae660ee09a2892b,556c3334adfb28b12965c8974489bdcd,SO44354,1398,BK-R50B-62,2,1398,b63003b792fb0099f3c299464a2cb4bd
14604,6be9692276a308e4b872323af1ad8fe2,bee2b842cd357511cf4c8e509f5af192,SO52359,35,TI-M823,1,35,72e75576254db1afef14ecdc050391c2
14604,7f026edc73bd4602381834e9b850d6c2,eedd9be5500334505ed9d4aef801ac3d,SO52237,10,BC-M005,1,10,db2b287636ac5ebda430de4f3f643b24
14604,7f026edc73bd4602381834e9b850d6c2,eedd9be5500334505ed9d4aef801ac3d,SO52237,27,CA-1098,3,27,db2b287636ac5ebda430de4f3f643b24
14604,7f026edc73bd4602381834e9b850d6c2,eedd9be5500334505ed9d4aef801ac3d,SO52237,5,WB-H098,1,5,db2b287636ac5ebda430de4f3f643b24
14604,a976f17830aceaaa93d5daef0bc209a3,d9f7611cf8d29b48a1d3d8fddb8c5b2e,SO57501,70,SH-W890-S,1,70,0e23f371129aecc6b2033620b226f8d7
14604,a976f17830aceaaa93d5daef0bc209a3,d9f7611cf8d29b48a1d3d8fddb8c5b2e,SO57501,9,SO-R809-M,1,9,0e23f371129aecc6b2033620b226f8d7
14605,0383d48e76cd8a3dfb9e2a890f2cac18,d6fb379288416774d139632beb88e26b,SO61013,4590,BK-M68B-42,2,4590,883b9b4170853b321c03290f64ba199f
14605,0383d48e76cd8a3dfb9e2a890f2cac18,d6fb379288416774d139632beb88e26b,SO61013,22,FE-6654,1,22,883b9b4170853b321c03290f64ba199f
14605,511572e8a25e86c2f48ae9e6d73a1e6a,8e8847c1bdf012037ee13bb62da8a5c1,SO68138,9,BC-R205,1,9,691ad1b0dca3643b923973defd014d47
14605,511572e8a25e86c2f48ae9e6d73a1e6a,8e8847c1bdf012037ee13bb62da8a5c1,SO68138,2384,BK-T79U-60,1,2384,691ad1b0dca3643b923973defd014d47
14605,511572e8a25e86c2f48ae9e6d73a1e6a,8e8847c1bdf012037ee13bb62da8a5c1,SO68138,105,HL-U509-B,3,105,691ad1b0dca3643b923973defd014d47
14605,511572e8a25e86c2f48ae9e6d73a1e6a,8e8847c1bdf012037ee13bb62da8a5c1,SO68138,5,WB-H098,1,5,691ad1b0dca3643b923973defd014d47
14606,348f48807f500aeac729fb17d9bc97f1,5072507e949a2c25948a591c4da194e1,SO60493,10,BC-M005,1,10,f108e0cd2f96a0c22086f9d45ee08f19
14606,348f48807f500aeac729fb17d9bc97f1,5072507e949a2c25948a591c4da194e1,SO60493,4590,BK-M68B-42,2,4590,f108e0cd2f96a0c22086f9d45ee08f19
14606,348f48807f500aeac729fb17d9bc97f1,5072507e949a2c25948a591c4da194e1,SO60493,22,FE-6654,1,22,f108e0cd2f96a0c22086f9d45ee08f19
14606,348f48807f500aeac729fb17d9bc97f1,5072507e949a2c25948a591c4da194e1,SO60493,5,WB-H098,1,5,f108e0cd2f96a0c22086f9d45ee08f19
14606,4584ca349e0920f4436a3c2f36158b85,6e32728b966bb91cefefa1316da21ca8,SO68526,2384,BK-T79U-60,1,2384,ca38f30e56a72f4d0c8d2264322c5862
14607,1556bafff387fc8f2f6fef64c1daa6bc,8728a5e296f39e49d2fa74c31820e99f,SO70486,5,TT-M928,1,5,e871b36e68b0b3d0af9c742d81fef27a
14608,4ceff7612cfa4420892fe23b23ca9265,5691ac18f59a9af20f9d8703772afbba,SO56567,105,HL-U509-B,3,105,089c2a426c196c5ca5facb20896c90bb
14608,4ceff7612cfa4420892fe23b23ca9265,5691ac18f59a9af20f9d8703772afbba,SO56567,5,TT-M928,1,5,089c2a426c196c5ca5facb20896c90bb
14609,348f48807f500aeac729fb17d9bc97f1,5072507e949a2c25948a591c4da194e1,SO60483,5,TT-M928,1,5,f108e0cd2f96a0c22086f9d45ee08f19
14610,89426de0285546a41a891a5ec5aae6ae,4709376fad800343cd32df44247f5db1,SO44342,1398,BK-R50R-58,2,1398,55348beba23f6cbf7d48ebb920ebb559
14610,b210069485754303767745919c328b97,305c66634c155cab2b5cc3ce00351eb1,SO62852,769,BK-M38S-40,1,769,5efefff01843f5aa3f7d8a4d44b4bf2e
14611,0da2bc000f1fe4ea8746f9aea0bb5879,702a02712215141594ddf8e52b0a651c,SO68292,159,ST-1401,1,159,b34050290c25b0f7b52a2b8f767df87d
14611,0da2bc000f1fe4ea8746f9aea0bb5879,702a02712215141594ddf8e52b0a651c,SO68292,33,TI-R982,1,33,b34050290c25b0f7b52a2b8f767df87d
14611,0da2bc000f1fe4ea8746f9aea0bb5879,702a02712215141594ddf8e52b0a651c,SO68292,4,TT-R982,1,4,b34050290c25b0f7b52a2b8f767df87d
14611,6d1d8a1c7851eb5a946d45009cea6d9f,3f0c8308e4e2e5c4ddc1b7e19304f613,SO65696,10,BC-M005,1,10,6582aa26281b9a92ad60e6a03e274c00
14611,6d1d8a1c7851eb5a946d45009cea6d9f,3f0c8308e4e2e5c4ddc1b7e19304f613,SO65696,54,SJ-0194-X,1,54,6582aa26281b9a92ad60e6a03e274c00
14611,6d1d8a1c7851eb5a946d45009cea6d9f,3f0c8308e4e2e5c4ddc1b7e19304f613,SO65696,5,WB-H098,1,5,6582aa26281b9a92ad60e6a03e274c00
14611,b34050290c25b0f7b52a2b8f767df87d,caa707f97407c07371136aaf471a91d4,SO68002,35,TI-M823,1,35,36ab6f1df21f3c9a169c8942e981959a
14611,b34050290c25b0f7b52a2b8f767df87d,caa707f97407c07371136aaf471a91d4,SO68002,5,TT-M928,1,5,36ab6f1df21f3c9a169c8942e981959a
14612,8920fd63645007b243abb750709b1172,58c4ce5b9433e7b6d41793d5a76d5590,SO72304,105,HL-U509,3,105,0d3057f268050d468f468434f8ec809a
14612,8920fd63645007b243abb750709b1172,58c4ce5b9433e7b6d41793d5a76d5590,SO72304,5,TT-M928,1,5,0d3057f268050d468f468434f8ec809a
14613,2ed3972e38245b633ec6b146c2970148,6477c205c5117a9448ba863e111acf32,SO61711,769,BK-M38S-40,1,769,2becb9647677a1a316b388bbad689580
14613,2ed3972e38245b633ec6b146c2970148,6477c205c5117a9448ba863e111acf32,SO61711,27,CA-1098,3,27,2becb9647677a1a316b388bbad689580
14613,2ed3972e38245b633ec6b146c2970148,6477c205c5117a9448ba863e111acf32,SO61711,70,SH-W890-M,1,70,2becb9647677a1a316b388bbad689580
14613,2ed3972e38245b633ec6b146c2970148,6477c205c5117a9448ba863e111acf32,SO61711,54,SJ-0194-X,1,54,2becb9647677a1a316b388bbad689580
14613,835541a7e1c5fe9f0e2f6dd4fa1b8864,113b93979b7148e51e98bd22c3ff290e,SO44465,1398,BK-R50R-58,2,1398,26614863fc843ef78880895407be81a2
14614,d1024973c3d10f08cb9fa1736e6ed8b7,f8025d3776b5f7522a6120cb4e9e0783,SO62377,769,BK-M38S-40,1,769,5c741aa8e0753be65314a304e7b39c14
14614,d1024973c3d10f08cb9fa1736e6ed8b7,f8025d3776b5f7522a6120cb4e9e0783,SO62377,22,FE-6654,1,22,5c741aa8e0753be65314a304e7b39c14
14614,d1024973c3d10f08cb9fa1736e6ed8b7,f8025d3776b5f7522a6120cb4e9e0783,SO62377,120,RA-H123,1,120,5c741aa8e0753be65314a304e7b39c14
14614,d1024973c3d10f08cb9fa1736e6ed8b7,f8025d3776b5f7522a6120cb4e9e0783,SO62377,30,TI-M602,1,30,5c741aa8e0753be65314a304e7b39c14
14614,d1024973c3d10f08cb9fa1736e6ed8b7,f8025d3776b5f7522a6120cb4e9e0783,SO62377,5,TT-M928,1,5,5c741aa8e0753be65314a304e7b39c14
14614,e94c59408a716e0880e846ed2af22ab6,1196d321a78d3dac9aa831bdf2b781e9,SO44726,1398,BK-R50B-58,2,1398,57353bedf8dc1d6ee91df0141dd8e8a4
14615,331afa0aff1b1cfbf3d24944ab38c9d2,c885741a5e3e55c84950327011b70289,SO69688,10,BC-M005,1,10,962bae2fb03296a3b9cacabfa929322c
14615,331afa0aff1b1cfbf3d24944ab38c9d2,c885741a5e3e55c84950327011b70289,SO69688,27,CA-1098,3,27,962bae2fb03296a3b9cacabfa929322c
14615,331afa0aff1b1cfbf3d24944ab38c9d2,c885741a5e3e55c84950327011b70289,SO69688,5,TT-M928,1,5,962bae2fb03296a3b9cacabfa929322c
14615,331afa0aff1b1cfbf3d24944ab38c9d2,c885741a5e3e55c84950327011b70289,SO69688,5,WB-H098,1,5,962bae2fb03296a3b9cacabfa929322c
14616,2ed3972e38245b633ec6b146c2970148,6477c205c5117a9448ba863e111acf32,SO61710,769,BK-M38S-46,1,769,2becb9647677a1a316b388bbad689580
14616,2ed3972e38245b633ec6b146c2970148,6477c205c5117a9448ba863e111acf32,SO61710,70,SH-W890-S,1,70,2becb9647677a1a316b388bbad689580
14616,a8a3dbb4e486b164bdd7b0d4a21bdeac,48f5533605f0d856d47eababe46f9790,SO44717,1398,BK-R50B-62,2,1398,57b54c3c954c0d7d91d289b81191de06
14617,5c741aa8e0753be65314a304e7b39c14,d945ec2aae74dbfb829453026b91c235,SO62066,769,BK-M38S-40,1,769,7ee641303ef8d8b10d0ed00a060c73cc
14617,5c741aa8e0753be65314a304e7b39c14,d945ec2aae74dbfb829453026b91c235,SO62066,105,HL-U509,3,105,7ee641303ef8d8b10d0ed00a060c73cc
14617,5c741aa8e0753be65314a304e7b39c14,d945ec2aae74dbfb829453026b91c235,SO62066,30,TI-M602,1,30,7ee641303ef8d8b10d0ed00a060c73cc
14617,5c741aa8e0753be65314a304e7b39c14,d945ec2aae74dbfb829453026b91c235,SO62066,5,TT-M928,1,5,7ee641303ef8d8b10d0ed00a060c73cc
14617,cb3217ce33539985968a3e5daaf3e9a9,5fab5dd7b511bbf33964ef9e6f1b70dc,SO44639,1398,BK-R50R-52,2,1398,e75396bbc7d812f8ff95e651f11eefcf
14618,9f1ff00ea8fd9fd8f2d421ba5ec45a18,f88b3743a9ce1f9455b6de69380b486a,SO67442,105,HL-U509-B,3,105,0001ffe4d82d0d8f9fec5ab0b4faa2db
14618,9f1ff00ea8fd9fd8f2d421ba5ec45a18,f88b3743a9ce1f9455b6de69380b486a,SO67442,5,TT-M928,1,5,0001ffe4d82d0d8f9fec5ab0b4faa2db
14619,175a5d217fad85df9f6639d7ced1e5d9,511572e8a25e86c2f48ae9e6d73a1e6a,SO68913,105,HL-U509-B,3,105,66e56e10b0f528b66a45e307ecdf4774
14619,175a5d217fad85df9f6639d7ced1e5d9,511572e8a25e86c2f48ae9e6d73a1e6a,SO68913,5,TT-M928,1,5,66e56e10b0f528b66a45e307ecdf4774
14620,0149f124a48640c62d90840ac5760331,4555f65c4664801d78b9f5477f89d8fd,SO63388,5,TT-M928,1,5,870bd4f3713260418e4f342f31dc7e33
14621,501407dcfde5b685045ca3072168d5bb,41ef6b06b63ba4f6a5234245a439b157,SO73537,105,HL-U509-B,3,105,5432d51ee94799c0125bb158c8a8bd22
14621,501407dcfde5b685045ca3072168d5bb,41ef6b06b63ba4f6a5234245a439b157,SO73537,5,TT-M928,1,5,5432d51ee94799c0125bb158c8a8bd22
14621,501407dcfde5b685045ca3072168d5bb,41ef6b06b63ba4f6a5234245a439b157,SO73537,64,VE-C304-M,1,64,5432d51ee94799c0125bb158c8a8bd22
14622,3fbd0407b55d3a3da21388a2ddbf881c,ab4946738415af86b5e3cee69b13301f,SO57922,10,BC-M005,1,10,5abaefcc8525a8f4cfd95cba9e926532
14622,3fbd0407b55d3a3da21388a2ddbf881c,ab4946738415af86b5e3cee69b13301f,SO57922,9,SO-R809-L,1,9,5abaefcc8525a8f4cfd95cba9e926532
14622,3fbd0407b55d3a3da21388a2ddbf881c,ab4946738415af86b5e3cee69b13301f,SO57922,5,TT-M928,1,5,5abaefcc8525a8f4cfd95cba9e926532
14622,3fbd0407b55d3a3da21388a2ddbf881c,ab4946738415af86b5e3cee69b13301f,SO57922,5,WB-H098,1,5,5abaefcc8525a8f4cfd95cba9e926532
14623,90c6314650a0d54fdcabe5cd5406f9af,f476906875bc5d9abe836b4ea1f485c1,SO53947,48,GL-H102-L,2,48,41464bd548f06ca845208f69df30ac82
14623,90c6314650a0d54fdcabe5cd5406f9af,f476906875bc5d9abe836b4ea1f485c1,SO53947,105,HL-U509-R,3,105,41464bd548f06ca845208f69df30ac82
14623,90c6314650a0d54fdcabe5cd5406f9af,f476906875bc5d9abe836b4ea1f485c1,SO53947,5,TT-M928,1,5,41464bd548f06ca845208f69df30ac82
14624,fff3c307c93eda1eb91d53ca588846fe,4584ca349e0920f4436a3c2f36158b85,SO69343,105,HL-U509,3,105,70951886788165a5e2439adfce4d0cce
14624,fff3c307c93eda1eb91d53ca588846fe,4584ca349e0920f4436a3c2f36158b85,SO69343,5,TT-M928,1,5,70951886788165a5e2439adfce4d0cce
14625,8728a5e296f39e49d2fa74c31820e99f,66e56e10b0f528b66a45e307ecdf4774,SO69604,2,PK-7098,1,2,3fe686907939d07097f6c87f08025422
14625,8728a5e296f39e49d2fa74c31820e99f,66e56e10b0f528b66a45e307ecdf4774,SO69604,5,TT-M928,1,5,3fe686907939d07097f6c87f08025422
14626,3c1811b546060d91957cc446aabc4a3c,3c4bf68562424c26986beae6ce13704a,SO55700,33,TI-R982,1,33,3c8e2c51453f4d665f1050da871dead6
14626,70951886788165a5e2439adfce4d0cce,ca38f30e56a72f4d0c8d2264322c5862,SO68993,48,GL-H102-M,2,48,c885741a5e3e55c84950327011b70289
14626,70951886788165a5e2439adfce4d0cce,ca38f30e56a72f4d0c8d2264322c5862,SO68993,105,HL-U509-B,3,105,c885741a5e3e55c84950327011b70289
14626,70951886788165a5e2439adfce4d0cce,ca38f30e56a72f4d0c8d2264322c5862,SO68993,150,LJ-0192-M,3,150,c885741a5e3e55c84950327011b70289
14626,70951886788165a5e2439adfce4d0cce,ca38f30e56a72f4d0c8d2264322c5862,SO68993,35,TI-M823,1,35,c885741a5e3e55c84950327011b70289
14626,70951886788165a5e2439adfce4d0cce,ca38f30e56a72f4d0c8d2264322c5862,SO68993,5,TT-M928,1,5,c885741a5e3e55c84950327011b70289
14626,9795c57676ee8b8b6ba9a6f9014a520b,c5ed53572c667b119dde2fc0f54de602,SO73738,10,BC-M005,1,10,b0950d12c62d3aeda81b2e8d06f2aef4
14626,9795c57676ee8b8b6ba9a6f9014a520b,c5ed53572c667b119dde2fc0f54de602,SO73738,5,WB-H098,1,5,b0950d12c62d3aeda81b2e8d06f2aef4
14627,4ddc8821c34bceaf3dba4a18741acca3,af1457846a79173ef71dd9d5dd69805a,SO61132,2,PK-7098,1,2,2d6e054ac82934d489c58cc8399a1628
14627,4ddc8821c34bceaf3dba4a18741acca3,af1457846a79173ef71dd9d5dd69805a,SO61132,5,TT-M928,1,5,2d6e054ac82934d489c58cc8399a1628
14628,63efdd3324df66c9965bd622cdebe06a,7acd252f45ad6fe668386456a673d543,SO68047,5,TT-M928,1,5,6e32728b966bb91cefefa1316da21ca8
14629,226d694fb4b7f71d62444f9528be8704,714597fe9448176d17876617114a65bc,SO54004,5,TT-M928,1,5,9444f850ff0c10a862b4a6a9c4ab0a74
14630,99c8f306659fd98cbb9d7f03ec0c2a7a,705fa39ab40831529471c768490339ab,SO69893,5,TT-M928,1,5,fff3c307c93eda1eb91d53ca588846fe
14631,db2f6a564b6f5f41253c68874b50962b,76918877cf6ce7011018cd9708723392,SO62270,769,BK-M38S-40,1,769,606ed413481267c98754e3351f662859
14631,db2f6a564b6f5f41253c68874b50962b,76918877cf6ce7011018cd9708723392,SO62270,27,CA-1098,3,27,606ed413481267c98754e3351f662859
14631,db2f6a564b6f5f41253c68874b50962b,76918877cf6ce7011018cd9708723392,SO62270,70,SH-W890-S,1,70,606ed413481267c98754e3351f662859
14632,41464bd548f06ca845208f69df30ac82,15aceb75d86814cb479f1b1a9487c3d4,SO53686,10,BC-M005,1,10,3e48b2167bd86ef570e46d0b286c4f74
14632,5cbbe853aa1a5a1370f9a614904c4b15,86e0fc464cbb08ae74bd039224afec9a,SO73612,105,HL-U509-R,3,105,47a161474962a6dcc03cfa64127a641f
14632,5cbbe853aa1a5a1370f9a614904c4b15,86e0fc464cbb08ae74bd039224afec9a,SO73612,35,TI-M823,1,35,47a161474962a6dcc03cfa64127a641f
14632,5cbbe853aa1a5a1370f9a614904c4b15,86e0fc464cbb08ae74bd039224afec9a,SO73612,5,TT-M928,1,5,47a161474962a6dcc03cfa64127a641f
14632,88d8e3ff674b1514a19b24621707f0d9,ca5b8307fa5f2189fb98330a9d65927c,SO74451,105,HL-U509-R,3,105,df09a3a727ac0f29208c5ef3bf7625e6
14632,88d8e3ff674b1514a19b24621707f0d9,ca5b8307fa5f2189fb98330a9d65927c,SO74451,33,TI-R982,1,33,df09a3a727ac0f29208c5ef3bf7625e6
14632,88d8e3ff674b1514a19b24621707f0d9,ca5b8307fa5f2189fb98330a9d65927c,SO74451,4,TT-R982,1,4,df09a3a727ac0f29208c5ef3bf7625e6
14633,18bea060239713ee5f865109f63f3a8a,7f026edc73bd4602381834e9b850d6c2,SO52859,105,HL-U509-B,3,105,d6ec5bff1a0809822c740ce35792fa7a
14633,18bea060239713ee5f865109f63f3a8a,7f026edc73bd4602381834e9b850d6c2,SO52859,33,TI-R982,1,33,d6ec5bff1a0809822c740ce35792fa7a
14633,18bea060239713ee5f865109f63f3a8a,7f026edc73bd4602381834e9b850d6c2,SO52859,4,TT-R982,1,4,d6ec5bff1a0809822c740ce35792fa7a
14633,1faee5670542865e021595151379fe5c,e5114f65ece65e14e7b721dab1e674e0,SO69758,22,FE-6654,1,22,83d1ed00595e79ee5ea3797e97970fe8
14633,1faee5670542865e021595151379fe5c,e5114f65ece65e14e7b721dab1e674e0,SO69758,105,HL-U509-B,3,105,83d1ed00595e79ee5ea3797e97970fe8
14633,1faee5670542865e021595151379fe5c,e5114f65ece65e14e7b721dab1e674e0,SO69758,150,LJ-0192-S,3,150,83d1ed00595e79ee5ea3797e97970fe8
14633,1faee5670542865e021595151379fe5c,e5114f65ece65e14e7b721dab1e674e0,SO69758,35,TI-M823,1,35,83d1ed00595e79ee5ea3797e97970fe8
14633,1faee5670542865e021595151379fe5c,e5114f65ece65e14e7b721dab1e674e0,SO69758,5,TT-M928,1,5,83d1ed00595e79ee5ea3797e97970fe8
14633,55f9f4cb5784581a517e59904e0d5e2f,9b6872ca1d80024637e967d1066bba0a,SO56042,10,BC-M005,1,10,1678083e7ff90bd404baad3f60bffa37
14633,55f9f4cb5784581a517e59904e0d5e2f,9b6872ca1d80024637e967d1066bba0a,SO56042,9,SO-R809-M,1,9,1678083e7ff90bd404baad3f60bffa37
14633,55f9f4cb5784581a517e59904e0d5e2f,9b6872ca1d80024637e967d1066bba0a,SO56042,5,WB-H098,1,5,1678083e7ff90bd404baad3f60bffa37
14634,b210069485754303767745919c328b97,305c66634c155cab2b5cc3ce00351eb1,SO62851,769,BK-M38S-42,1,769,5efefff01843f5aa3f7d8a4d44b4bf2e
14634,b210069485754303767745919c328b97,305c66634c155cab2b5cc3ce00351eb1,SO62851,70,SH-W890-L,1,70,5efefff01843f5aa3f7d8a4d44b4bf2e
14634,eb9a0a2ad203891ee4419d823051a34b,af72a655addfd9c5fe31f98036f50911,SO44736,1398,BK-R50R-48,2,1398,05e9b1aef79ffc1802e11be68f5d1062
14635,99b7e934795a93975a5e0c0b9b57d9ba,870bd4f3713260418e4f342f31dc7e33,SO63848,8,CL-9009,1,8,7a8e187aeb003f6e34c02a4d5b9b153e
14635,99b7e934795a93975a5e0c0b9b57d9ba,870bd4f3713260418e4f342f31dc7e33,SO63848,22,FE-6654,1,22,7a8e187aeb003f6e34c02a4d5b9b153e
14635,99b7e934795a93975a5e0c0b9b57d9ba,870bd4f3713260418e4f342f31dc7e33,SO63848,2,PK-7098,1,2,7a8e187aeb003f6e34c02a4d5b9b153e
14635,99b7e934795a93975a5e0c0b9b57d9ba,870bd4f3713260418e4f342f31dc7e33,SO63848,5,TT-M928,1,5,7a8e187aeb003f6e34c02a4d5b9b153e
14636,57353bedf8dc1d6ee91df0141dd8e8a4,d97f818d3af6a71df556047f34873d5e,SO44701,1398,BK-R50B-62,2,1398,af72a655addfd9c5fe31f98036f50911
14636,9913e55755fcc4267a06c1e6adbbc7fb,4a70a3ec50fd16032883bf6fc79c55dd,SO61901,769,BK-M38S-40,1,769,d53f9d33cac0a297449a74a10d031570
14636,9913e55755fcc4267a06c1e6adbbc7fb,4a70a3ec50fd16032883bf6fc79c55dd,SO61901,70,SH-W890-M,1,70,d53f9d33cac0a297449a74a10d031570
14637,a1d0c0a14c6c8f8a8ef8220209c23a64,05e7920e8caf0303dc01b77666952b75,SO66972,105,HL-U509-B,3,105,cd15e5f80ff20dd345bfaa51400dd0d6
14637,a1d0c0a14c6c8f8a8ef8220209c23a64,05e7920e8caf0303dc01b77666952b75,SO66972,5,TT-M928,1,5,cd15e5f80ff20dd345bfaa51400dd0d6
14638,b0950d12c62d3aeda81b2e8d06f2aef4,e366e24b8ad0b1107528f2f58cd15a81,SO73361,22,FE-6654,1,22,a048b8d5f3f9178f163e2be055f0138b
14638,b0950d12c62d3aeda81b2e8d06f2aef4,e366e24b8ad0b1107528f2f58cd15a81,SO73361,5,TT-M928,1,5,a048b8d5f3f9178f163e2be055f0138b
14639,478ee1bb67e4aeb3e6f63583f7896093,37d432af4c14cecfa24199777e440c0a,SO44661,1398,BK-R50B-62,2,1398,050bcbb7849a1aed0fb1af1cdb635b4a
14639,94c60e0b5e2b0f78b919a5d4c67d70a2,0d15ba5aa4c9ad0377b26e0cf7a86280,SO62211,769,BK-M38S-38,1,769,9913e55755fcc4267a06c1e6adbbc7fb
14639,94c60e0b5e2b0f78b919a5d4c67d70a2,0d15ba5aa4c9ad0377b26e0cf7a86280,SO62211,27,CA-1098,3,27,9913e55755fcc4267a06c1e6adbbc7fb
14639,94c60e0b5e2b0f78b919a5d4c67d70a2,0d15ba5aa4c9ad0377b26e0cf7a86280,SO62211,70,SH-W890-M,1,70,9913e55755fcc4267a06c1e6adbbc7fb
14640,870bd4f3713260418e4f342f31dc7e33,94c60e0b5e2b0f78b919a5d4c67d70a2,SO62922,769,BK-M38S-46,1,769,2fe1a028f9398deb2efcd536c8246fae
14640,870bd4f3713260418e4f342f31dc7e33,94c60e0b5e2b0f78b919a5d4c67d70a2,SO62922,8,CL-9009,1,8,2fe1a028f9398deb2efcd536c8246fae
14640,870bd4f3713260418e4f342f31dc7e33,94c60e0b5e2b0f78b919a5d4c67d70a2,SO62922,30,TI-M602,1,30,2fe1a028f9398deb2efcd536c8246fae
14640,870bd4f3713260418e4f342f31dc7e33,94c60e0b5e2b0f78b919a5d4c67d70a2,SO62922,5,TT-M928,1,5,2fe1a028f9398deb2efcd536c8246fae
14641,39fe373cdcb4534addde73890415b660,41fc4cb27e0ee552c4c9247e1a476cc5,SO55888,10,BC-M005,1,10,3519c8eb4095dbc69d80eb61856d3435
14641,39fe373cdcb4534addde73890415b660,41fc4cb27e0ee552c4c9247e1a476cc5,SO55888,105,HL-U509,3,105,3519c8eb4095dbc69d80eb61856d3435
14641,39fe373cdcb4534addde73890415b660,41fc4cb27e0ee552c4c9247e1a476cc5,SO55888,5,WB-H098,1,5,3519c8eb4095dbc69d80eb61856d3435
14641,4584ca349e0920f4436a3c2f36158b85,6e32728b966bb91cefefa1316da21ca8,SO68506,35,TI-M823,1,35,ca38f30e56a72f4d0c8d2264322c5862
14641,a946e75bc65318721cd1e01162d392dd,5efefff01843f5aa3f7d8a4d44b4bf2e,SO63444,2,PK-7098,1,2,3a23b248b732af434a45fce0302aa11f
14641,a946e75bc65318721cd1e01162d392dd,5efefff01843f5aa3f7d8a4d44b4bf2e,SO63444,33,TI-R982,1,33,3a23b248b732af434a45fce0302aa11f
14642,a189cc17a15cdb4e39e80dfcd8374c76,b0b2c17e5682f78d8fc262463fd0a4f3,SO58665,2,PK-7098,1,2,244cede513841376c37dc856f2f5e7b9
14642,a189cc17a15cdb4e39e80dfcd8374c76,b0b2c17e5682f78d8fc262463fd0a4f3,SO58665,5,TT-M928,1,5,244cede513841376c37dc856f2f5e7b9
14643,97b600823b984a4660a5f3a54c1365de,d01d18dbb9a3e8c7fa02a25b827b052d,SO44829,1398,BK-R50B-60,2,1398,2f0fa9e84e7c99cd5a1f2223c8504757
14643,a6d37e298c3042e300813f55a17e0875,99b7e934795a93975a5e0c0b9b57d9ba,SO64651,769,BK-M38S-42,1,769,b0241b451647f25db5f52074445d820c
14643,a6d37e298c3042e300813f55a17e0875,99b7e934795a93975a5e0c0b9b57d9ba,SO64651,48,GL-H102-M,2,48,b0241b451647f25db5f52074445d820c
14643,a6d37e298c3042e300813f55a17e0875,99b7e934795a93975a5e0c0b9b57d9ba,SO64651,150,LJ-0192-L,3,150,b0241b451647f25db5f52074445d820c
14643,a6d37e298c3042e300813f55a17e0875,99b7e934795a93975a5e0c0b9b57d9ba,SO64651,70,SH-W890-S,1,70,b0241b451647f25db5f52074445d820c
14644,f04e53711455521533f4c5ed7dcaa287,5e9b4970006d8f02ba0bc1763fa8b9a6,SO52547,2,PK-7098,1,2,f799d104dd23bb828dcdaaefc4d25b61
14644,f04e53711455521533f4c5ed7dcaa287,5e9b4970006d8f02ba0bc1763fa8b9a6,SO52547,5,TT-M928,1,5,f799d104dd23bb828dcdaaefc4d25b61
14645,58f0b42da53adeeccbfa693883fea672,8c9ec1be720ee75d56d0c250d10610fa,SO64424,769,BK-M38S-42,1,769,d4746e41b619da57ee9f1a2e2cc254e8
14645,58f0b42da53adeeccbfa693883fea672,8c9ec1be720ee75d56d0c250d10610fa,SO64424,70,SH-W890-M,1,70,d4746e41b619da57ee9f1a2e2cc254e8
14645,a09d09970403327b4ca7bf98052cd060,0b5b42bd1c2c831ec2018ff055eecdab,SO44990,1398,BK-R50B-44,2,1398,fe79f48f1af975659b09282772273c5f
14646,1401dd6358958d3a2101578467a542f6,1b4ad6f2870d20368322123ed8553459,SO44998,1398,BK-R50B-48,2,1398,5e53c2d305295a13d16055aa783fd8e1
14646,a946e75bc65318721cd1e01162d392dd,5efefff01843f5aa3f7d8a4d44b4bf2e,SO63469,769,BK-M38S-38,1,769,3a23b248b732af434a45fce0302aa11f
14646,a946e75bc65318721cd1e01162d392dd,5efefff01843f5aa3f7d8a4d44b4bf2e,SO63469,105,HL-U509,3,105,3a23b248b732af434a45fce0302aa11f
14646,a946e75bc65318721cd1e01162d392dd,5efefff01843f5aa3f7d8a4d44b4bf2e,SO63469,30,TI-M602,1,30,3a23b248b732af434a45fce0302aa11f
14646,a946e75bc65318721cd1e01162d392dd,5efefff01843f5aa3f7d8a4d44b4bf2e,SO63469,5,TT-M928,1,5,3a23b248b732af434a45fce0302aa11f
14647,3f0c8308e4e2e5c4ddc1b7e19304f613,61e00b038efd34bdf9c747596273cbcf,SO64835,769,BK-M38S-40,1,769,232e830f1ac667c081eaaca23cdf9b5f
14647,3f0c8308e4e2e5c4ddc1b7e19304f613,61e00b038efd34bdf9c747596273cbcf,SO64835,150,LJ-0192-L,3,150,232e830f1ac667c081eaaca23cdf9b5f
14647,3f0c8308e4e2e5c4ddc1b7e19304f613,61e00b038efd34bdf9c747596273cbcf,SO64835,70,SH-W890-L,1,70,232e830f1ac667c081eaaca23cdf9b5f
14647,5e53c2d305295a13d16055aa783fd8e1,4a355a6da86d846c130abd2241259099,SO44964,1398,BK-R50B-60,2,1398,a935c7a44f4c417071513541e30d7c95
14648,2becb9647677a1a316b388bbad689580,013f173c58073e845f675d26fdde1918,SO61410,4590,BK-M68B-46,2,4590,0383d48e76cd8a3dfb9e2a890f2cac18
14648,2becb9647677a1a316b388bbad689580,013f173c58073e845f675d26fdde1918,SO61410,8,CL-9009,1,8,0383d48e76cd8a3dfb9e2a890f2cac18
14648,2becb9647677a1a316b388bbad689580,013f173c58073e845f675d26fdde1918,SO61410,22,FE-6654,1,22,0383d48e76cd8a3dfb9e2a890f2cac18
14648,a935c7a44f4c417071513541e30d7c95,97b600823b984a4660a5f3a54c1365de,SO44920,1398,BK-R50B-44,2,1398,28bccfdf72994294d98126fdf32256b0
14649,5e53c2d305295a13d16055aa783fd8e1,4a355a6da86d846c130abd2241259099,SO44965,1398,BK-R50B-58,2,1398,a935c7a44f4c417071513541e30d7c95
14649,a946e75bc65318721cd1e01162d392dd,5efefff01843f5aa3f7d8a4d44b4bf2e,SO63470,769,BK-M38S-40,1,769,3a23b248b732af434a45fce0302aa11f
14649,a946e75bc65318721cd1e01162d392dd,5efefff01843f5aa3f7d8a4d44b4bf2e,SO63470,27,CA-1098,3,27,3a23b248b732af434a45fce0302aa11f
14649,a946e75bc65318721cd1e01162d392dd,5efefff01843f5aa3f7d8a4d44b4bf2e,SO63470,70,SH-W890-L,1,70,3a23b248b732af434a45fce0302aa11f
14649,a946e75bc65318721cd1e01162d392dd,5efefff01843f5aa3f7d8a4d44b4bf2e,SO63470,54,SJ-0194-L,1,54,3a23b248b732af434a45fce0302aa11f
14650,96d3e865edc2fe5309f3c81d7966ce52,a935c7a44f4c417071513541e30d7c95,SO45012,1398,BK-R50B-52,2,1398,c5a17660293447cbe93ad42b9ba5965c
14650,a6d37e298c3042e300813f55a17e0875,99b7e934795a93975a5e0c0b9b57d9ba,SO64652,769,BK-M38S-42,1,769,b0241b451647f25db5f52074445d820c
14650,a6d37e298c3042e300813f55a17e0875,99b7e934795a93975a5e0c0b9b57d9ba,SO64652,70,SH-W890-L,1,70,b0241b451647f25db5f52074445d820c
14651,81bc86cf34d9877f667e64ab0836fbc9,a8a3dbb4e486b164bdd7b0d4a21bdeac,SO44856,1398,BK-R50R-48,2,1398,58fbfe4a809a492f7e56c87487b71b73
14651,8b9fe4b34e3c54f08bfcac3d9691e260,a946e75bc65318721cd1e01162d392dd,SO64213,769,BK-M38S-46,1,769,f75e5f8c15ca91ec5c869dc3881f574f
14651,8b9fe4b34e3c54f08bfcac3d9691e260,a946e75bc65318721cd1e01162d392dd,SO64213,150,LJ-0192-M,3,150,f75e5f8c15ca91ec5c869dc3881f574f
14651,8b9fe4b34e3c54f08bfcac3d9691e260,a946e75bc65318721cd1e01162d392dd,SO64213,70,SH-W890-M,1,70,f75e5f8c15ca91ec5c869dc3881f574f
14652,c5a17660293447cbe93ad42b9ba5965c,28bccfdf72994294d98126fdf32256b0,SO44978,1398,BK-R50R-60,2,1398,f9ddb47946744febeaa9d83b982c0fdd
14652,ccf89c691dabb1412404274596922d90,b0241b451647f25db5f52074445d820c,SO65060,769,BK-M38S-38,1,769,7299e51cfc0d5174743a6701a8a96488
14652,ccf89c691dabb1412404274596922d90,b0241b451647f25db5f52074445d820c,SO65060,48,GL-H102-M,2,48,7299e51cfc0d5174743a6701a8a96488
14652,ccf89c691dabb1412404274596922d90,b0241b451647f25db5f52074445d820c,SO65060,105,HL-U509-R,3,105,7299e51cfc0d5174743a6701a8a96488
14653,8c9ec1be720ee75d56d0c250d10610fa,16918840d98f27ce45948fe73dd5592f,SO63666,769,BK-M38S-46,1,769,81a5d08c6beaeec9e42baae5d63dd780
14653,8c9ec1be720ee75d56d0c250d10610fa,16918840d98f27ce45948fe73dd5592f,SO63666,27,CA-1098,3,27,81a5d08c6beaeec9e42baae5d63dd780
14653,8c9ec1be720ee75d56d0c250d10610fa,16918840d98f27ce45948fe73dd5592f,SO63666,70,SH-W890-S,1,70,81a5d08c6beaeec9e42baae5d63dd780
14653,d1a0ae4091e3b6f5d980e57269582a68,5ce02f5278d5a046fd38c1ba26b17b9a,SO45225,1398,BK-R50B-44,2,1398,38c343b5c13f75876efc9310060cce67
14654,73a69a5c77a7d23172e54d7ce07a638e,5a06908cc28b799b04fc1c47664462e6,SO55475,2,PK-7098,1,2,41fc4cb27e0ee552c4c9247e1a476cc5
14654,73a69a5c77a7d23172e54d7ce07a638e,5a06908cc28b799b04fc1c47664462e6,SO55475,5,TT-M928,1,5,41fc4cb27e0ee552c4c9247e1a476cc5
14655,02ad1a5ca18e58629b8c1d6a6401d071,8d71482745a6a1be4fbbc5562ade4657,SO57777,35,TI-M823,1,35,a976f17830aceaaa93d5daef0bc209a3
14655,39fe373cdcb4534addde73890415b660,41fc4cb27e0ee552c4c9247e1a476cc5,SO55891,70,SH-W890-S,1,70,3519c8eb4095dbc69d80eb61856d3435
14655,9b98d27287b27eeee9ebc06e1d5a9a8d,0dc34ca2aaa8612cde077f1880b78b25,SO53096,10,BC-M005,1,10,18bea060239713ee5f865109f63f3a8a
14655,9b98d27287b27eeee9ebc06e1d5a9a8d,0dc34ca2aaa8612cde077f1880b78b25,SO53096,55,HY-1023-70,1,55,18bea060239713ee5f865109f63f3a8a
14655,9b98d27287b27eeee9ebc06e1d5a9a8d,0dc34ca2aaa8612cde077f1880b78b25,SO53096,5,WB-H098,1,5,18bea060239713ee5f865109f63f3a8a
14656,5c741aa8e0753be65314a304e7b39c14,d945ec2aae74dbfb829453026b91c235,SO62069,10,BC-M005,1,10,7ee641303ef8d8b10d0ed00a060c73cc
14656,5c741aa8e0753be65314a304e7b39c14,d945ec2aae74dbfb829453026b91c235,SO62069,4640,BK-M68S-46,2,4640,7ee641303ef8d8b10d0ed00a060c73cc
14656,5c741aa8e0753be65314a304e7b39c14,d945ec2aae74dbfb829453026b91c235,SO62069,150,LJ-0192-M,3,150,7ee641303ef8d8b10d0ed00a060c73cc
14656,5c741aa8e0753be65314a304e7b39c14,d945ec2aae74dbfb829453026b91c235,SO62069,5,WB-H098,1,5,7ee641303ef8d8b10d0ed00a060c73cc
14656,5ce02f5278d5a046fd38c1ba26b17b9a,ddf982e1176e6263757093cc2f312cd3,SO45148,1398,BK-R50B-52,2,1398,9b388942f77042c20d2cf762e3bde6f6
14657,7ee641303ef8d8b10d0ed00a060c73cc,eef21e68ecca703bb338920b950f203c,SO61768,4640,BK-M68S-38,2,4640,0d15ba5aa4c9ad0377b26e0cf7a86280
14657,7ee641303ef8d8b10d0ed00a060c73cc,eef21e68ecca703bb338920b950f203c,SO61768,22,FE-6654,1,22,0d15ba5aa4c9ad0377b26e0cf7a86280
14657,7ee641303ef8d8b10d0ed00a060c73cc,eef21e68ecca703bb338920b950f203c,SO61768,105,HL-U509,3,105,0d15ba5aa4c9ad0377b26e0cf7a86280
14657,ddf982e1176e6263757093cc2f312cd3,fe79f48f1af975659b09282772273c5f,SO45080,1398,BK-R50B-58,2,1398,51aeb01fbbe1b86816ccd49f6e3042a1
14658,61e00b038efd34bdf9c747596273cbcf,7130adfd843cdcb6d0bcd9d13792693a,SO64018,33,TI-R982,1,33,4b5c3229e0725ef8d303f494db9faec8
14658,7254e54716fe52361e62aa16ea2e0797,6eaadc1181f307997dc853d9ed40db36,SO59443,2,PK-7098,1,2,e7df1b3ee078bdcfc260a877f321287d
14658,7254e54716fe52361e62aa16ea2e0797,6eaadc1181f307997dc853d9ed40db36,SO59443,35,TI-M823,1,35,e7df1b3ee078bdcfc260a877f321287d
14658,e871b36e68b0b3d0af9c742d81fef27a,3fe686907939d07097f6c87f08025422,SO70113,10,BC-M005,1,10,1faee5670542865e021595151379fe5c
14658,e871b36e68b0b3d0af9c742d81fef27a,3fe686907939d07097f6c87f08025422,SO70113,8,CL-9009,1,8,1faee5670542865e021595151379fe5c
14658,e871b36e68b0b3d0af9c742d81fef27a,3fe686907939d07097f6c87f08025422,SO70113,5,WB-H098,1,5,1faee5670542865e021595151379fe5c
14659,640540d73b85c3ecd2e3bf5541686e87,eba6cab7267f82e3b2a063d5ea445bb9,SO58738,105,HL-U509-B,3,105,d630b2db6e8046e30b4728ca862ba4e1
14659,640540d73b85c3ecd2e3bf5541686e87,eba6cab7267f82e3b2a063d5ea445bb9,SO58738,5,TT-M928,1,5,d630b2db6e8046e30b4728ca862ba4e1
14660,56d78836c9cf0de136c4d2d37aba2280,ba19c22033aaecc6c5dad47f63e5858c,SO63977,769,BK-M38S-38,1,769,8c9ec1be720ee75d56d0c250d10610fa
14660,56d78836c9cf0de136c4d2d37aba2280,ba19c22033aaecc6c5dad47f63e5858c,SO63977,150,LJ-0192-X,3,150,8c9ec1be720ee75d56d0c250d10610fa
14660,56d78836c9cf0de136c4d2d37aba2280,ba19c22033aaecc6c5dad47f63e5858c,SO63977,70,SH-W890-L,1,70,8c9ec1be720ee75d56d0c250d10610fa
14660,e10208f8f7fcc7abfebbaa11e0a5d9a5,024c27431ac9d720119c6c64f5ea46d3,SO45191,1398,BK-R50R-48,2,1398,0095a52f8a0e02a140bcad01e006d00c
14661,03bf7d2a8718ee9aca4bd2f37e962fc4,290499d9b8e65db426ba9b842714eb6d,SO63575,10,BC-M005,1,10,7130adfd843cdcb6d0bcd9d13792693a
14661,03bf7d2a8718ee9aca4bd2f37e962fc4,290499d9b8e65db426ba9b842714eb6d,SO63575,27,CA-1098,3,27,7130adfd843cdcb6d0bcd9d13792693a
14661,03bf7d2a8718ee9aca4bd2f37e962fc4,290499d9b8e65db426ba9b842714eb6d,SO63575,5,WB-H098,1,5,7130adfd843cdcb6d0bcd9d13792693a
14661,254d832c83ccdb2c33eab65a4fd196ff,75fe8d7dec9d2a51be64595ab37dc674,SO59516,48,GL-H102-L,2,48,4a800301260b2639fa1ec3efafb5f86c
14661,254d832c83ccdb2c33eab65a4fd196ff,75fe8d7dec9d2a51be64595ab37dc674,SO59516,105,HL-U509-R,3,105,4a800301260b2639fa1ec3efafb5f86c
14661,254d832c83ccdb2c33eab65a4fd196ff,75fe8d7dec9d2a51be64595ab37dc674,SO59516,33,TI-R982,1,33,4a800301260b2639fa1ec3efafb5f86c
14661,254d832c83ccdb2c33eab65a4fd196ff,75fe8d7dec9d2a51be64595ab37dc674,SO59516,4,TT-R982,1,4,4a800301260b2639fa1ec3efafb5f86c
14661,375bde15092f45652b6398c1dff650d0,830e779850b1d58733a7ad711bf6b83f,SO57342,105,HL-U509,3,105,a8ef76a01442567fb64eb6f4408a9835
14661,375bde15092f45652b6398c1dff650d0,830e779850b1d58733a7ad711bf6b83f,SO57342,35,TI-M823,1,35,a8ef76a01442567fb64eb6f4408a9835
14661,375bde15092f45652b6398c1dff650d0,830e779850b1d58733a7ad711bf6b83f,SO57342,5,TT-M928,1,5,a8ef76a01442567fb64eb6f4408a9835
14662,61e00b038efd34bdf9c747596273cbcf,7130adfd843cdcb6d0bcd9d13792693a,SO64035,769,BK-M38S-38,1,769,4b5c3229e0725ef8d303f494db9faec8
14662,61e00b038efd34bdf9c747596273cbcf,7130adfd843cdcb6d0bcd9d13792693a,SO64035,70,SH-W890-M,1,70,4b5c3229e0725ef8d303f494db9faec8
14662,61e00b038efd34bdf9c747596273cbcf,7130adfd843cdcb6d0bcd9d13792693a,SO64035,64,VE-C304-M,1,64,4b5c3229e0725ef8d303f494db9faec8
14662,d1a0ae4091e3b6f5d980e57269582a68,5ce02f5278d5a046fd38c1ba26b17b9a,SO45226,1398,BK-R50B-52,2,1398,38c343b5c13f75876efc9310060cce67
14663,3db19f5f710f10e90ecc7154c649d60a,f544b472453b297a8b55709fbfd3746d,SO70899,10,BC-M005,1,10,fee8e08233f3f00450bce31967abb0f1
14663,3db19f5f710f10e90ecc7154c649d60a,f544b472453b297a8b55709fbfd3746d,SO70899,105,HL-U509,3,105,fee8e08233f3f00450bce31967abb0f1
14663,3db19f5f710f10e90ecc7154c649d60a,f544b472453b297a8b55709fbfd3746d,SO70899,150,LJ-0192-S,3,150,fee8e08233f3f00450bce31967abb0f1
14663,3db19f5f710f10e90ecc7154c649d60a,f544b472453b297a8b55709fbfd3746d,SO70899,5,TT-M928,1,5,fee8e08233f3f00450bce31967abb0f1
14663,3db19f5f710f10e90ecc7154c649d60a,f544b472453b297a8b55709fbfd3746d,SO70899,5,WB-H098,1,5,fee8e08233f3f00450bce31967abb0f1
14664,26bea7aeb1e663560418f8837927a87a,965627dc7fa4e47d5a66206f93683145,SO45256,1398,BK-R50B-62,2,1398,d1a0ae4091e3b6f5d980e57269582a68
14664,95103530881768b5cfc7e33970db9cd7,2ed3972e38245b633ec6b146c2970148,SO62443,4640,BK-M68S-38,2,4640,305c66634c155cab2b5cc3ce00351eb1
14664,95103530881768b5cfc7e33970db9cd7,2ed3972e38245b633ec6b146c2970148,SO62443,22,FE-6654,1,22,305c66634c155cab2b5cc3ce00351eb1
14664,95103530881768b5cfc7e33970db9cd7,2ed3972e38245b633ec6b146c2970148,SO62443,48,GL-H102-M,2,48,305c66634c155cab2b5cc3ce00351eb1
14664,95103530881768b5cfc7e33970db9cd7,2ed3972e38245b633ec6b146c2970148,SO62443,105,HL-U509-R,3,105,305c66634c155cab2b5cc3ce00351eb1
14665,5c741aa8e0753be65314a304e7b39c14,d945ec2aae74dbfb829453026b91c235,SO62028,150,LJ-0192-M,3,150,7ee641303ef8d8b10d0ed00a060c73cc
14665,883b9b4170853b321c03290f64ba199f,412998e77ee121227580e3d363f75fa2,SO60637,2,PK-7098,1,2,af1457846a79173ef71dd9d5dd69805a
14665,883b9b4170853b321c03290f64ba199f,412998e77ee121227580e3d363f75fa2,SO60637,25,TI-R628,1,25,af1457846a79173ef71dd9d5dd69805a
14665,883b9b4170853b321c03290f64ba199f,412998e77ee121227580e3d363f75fa2,SO60637,4,TT-R982,1,4,af1457846a79173ef71dd9d5dd69805a
14666,511572e8a25e86c2f48ae9e6d73a1e6a,8e8847c1bdf012037ee13bb62da8a5c1,SO68149,742,BK-T18U-62,1,742,691ad1b0dca3643b923973defd014d47
14666,511572e8a25e86c2f48ae9e6d73a1e6a,8e8847c1bdf012037ee13bb62da8a5c1,SO68149,48,GL-H102-M,2,48,691ad1b0dca3643b923973defd014d47
14666,511572e8a25e86c2f48ae9e6d73a1e6a,8e8847c1bdf012037ee13bb62da8a5c1,SO68149,54,SJ-0194-S,1,54,691ad1b0dca3643b923973defd014d47
14666,ac203ebd768c37b8ea6931e800115ae2,2a8c7f899adb0e29724a30c7fb9e8618,SO49677,4098,BK-M68B-38,2,4098,1a957c2fc6360821c819775ff9ef6f7e
14666,b322422d9a721bbdefa133133dd407c1,07b7d2aed13a63a16377587dcc0abbe8,SO66871,4590,BK-M68B-46,2,4590,2296af5563b2061aa1d88124a37eecb7
14666,b322422d9a721bbdefa133133dd407c1,07b7d2aed13a63a16377587dcc0abbe8,SO66871,35,TI-M823,1,35,2296af5563b2061aa1d88124a37eecb7
14667,b7d5a5b8cc647eb5c041cfb92957acb2,da59baff9b2091053d3cbde67efd84ca,SO49785,4098,BK-M68B-38,2,4098,287c323e0efa1c1148232e905c3f7d34
14667,e2f0a420a4c1a9e8e292761f835e0489,4eec6eda382b9c44e240ad4b4b5e9cc0,SO65613,4640,BK-M68S-42,2,4640,9d934f91c460e9947414d00048f2fa36
14667,e2f0a420a4c1a9e8e292761f835e0489,4eec6eda382b9c44e240ad4b4b5e9cc0,SO65613,120,RA-H123,1,120,9d934f91c460e9947414d00048f2fa36
14667,e5114f65ece65e14e7b721dab1e674e0,c7390752782466cfc9a3ed7d3a79e046,SO68735,9,BC-R205,1,9,fe1fd19c021e78ec395980c2e347865e
14667,e5114f65ece65e14e7b721dab1e674e0,c7390752782466cfc9a3ed7d3a79e046,SO68735,742,BK-T18U-44,1,742,fe1fd19c021e78ec395980c2e347865e
14667,e5114f65ece65e14e7b721dab1e674e0,c7390752782466cfc9a3ed7d3a79e046,SO68735,150,LJ-0192-X,3,150,fe1fd19c021e78ec395980c2e347865e
14667,e5114f65ece65e14e7b721dab1e674e0,c7390752782466cfc9a3ed7d3a79e046,SO68735,5,WB-H098,1,5,fe1fd19c021e78ec395980c2e347865e
14668,4d786e5d2e5c70a53e6895eb52019501,6b775fbfe9534ff161531d4406ebb878,SO49622,4142,BK-M68S-38,2,4142,785a283b263bd599ee5a0c2af80b43b0
14668,83d1ed00595e79ee5ea3797e97970fe8,fe1fd19c021e78ec395980c2e347865e,SO69241,742,BK-T18U-54,1,742,705fa39ab40831529471c768490339ab
14668,83d1ed00595e79ee5ea3797e97970fe8,fe1fd19c021e78ec395980c2e347865e,SO69241,8,CL-9009,1,8,705fa39ab40831529471c768490339ab
14668,8e8847c1bdf012037ee13bb62da8a5c1,c507827aa5f4f6bbedf64058461c621b,SO67248,4640,BK-M68S-46,2,4640,6dd75c28a9a8a39e02bc0a175f82a9f3
14668,8e8847c1bdf012037ee13bb62da8a5c1,c507827aa5f4f6bbedf64058461c621b,SO67248,105,HL-U509-B,3,105,6dd75c28a9a8a39e02bc0a175f82a9f3
14668,8e8847c1bdf012037ee13bb62da8a5c1,c507827aa5f4f6bbedf64058461c621b,SO67248,35,TI-M823,1,35,6dd75c28a9a8a39e02bc0a175f82a9f3
14668,8e8847c1bdf012037ee13bb62da8a5c1,c507827aa5f4f6bbedf64058461c621b,SO67248,5,TT-M928,1,5,6dd75c28a9a8a39e02bc0a175f82a9f3
14669,64cadfde6f66bc25043d0d69f5ae5471,18f358e551b5b85912bc952ab9894c0d,SO65813,27,CA-1098,3,27,8d1d4829b2e801ba4e41ba48f5a549d4
14669,64cadfde6f66bc25043d0d69f5ae5471,18f358e551b5b85912bc952ab9894c0d,SO65813,150,LJ-0192-X,3,150,8d1d4829b2e801ba4e41ba48f5a549d4
14669,dcf73f840a50da0145f24e8e0169dc4b,2797a91b25bc2aa85124c99bc574dc83,SO72002,2,PK-7098,1,2,d5985f40495ba672dff8a99620b879c8
14669,dcf73f840a50da0145f24e8e0169dc4b,2797a91b25bc2aa85124c99bc574dc83,SO72002,25,TI-R628,1,25,d5985f40495ba672dff8a99620b879c8
14669,dcf73f840a50da0145f24e8e0169dc4b,2797a91b25bc2aa85124c99bc574dc83,SO72002,4,TT-R982,1,4,d5985f40495ba672dff8a99620b879c8
14670,38d32d96c9adb3ccccf0e286aa08123c,cc2547b3671a031a723a4e3e241d0eed,SO49651,4142,BK-M68S-38,2,4142,6f28d1f037e8b8040be9f35ba03516af
14670,76918877cf6ce7011018cd9708723392,883b9b4170853b321c03290f64ba199f,SO61538,769,BK-M38S-46,1,769,4ddc8821c34bceaf3dba4a18741acca3
14670,76918877cf6ce7011018cd9708723392,883b9b4170853b321c03290f64ba199f,SO61538,27,CA-1098,3,27,4ddc8821c34bceaf3dba4a18741acca3
14670,76918877cf6ce7011018cd9708723392,883b9b4170853b321c03290f64ba199f,SO61538,70,SH-W890-S,1,70,4ddc8821c34bceaf3dba4a18741acca3
14671,3f9a1152bc048e6eb1f01994b7cf5f9d,17a27272d9d53953cbf6d182310e95ec,SO49793,4142,BK-M68S-38,2,4142,19fce68d7871e14df67c5940bc0ca8ab
14671,56d78836c9cf0de136c4d2d37aba2280,ba19c22033aaecc6c5dad47f63e5858c,SO63994,10,BC-M005,1,10,8c9ec1be720ee75d56d0c250d10610fa
14671,56d78836c9cf0de136c4d2d37aba2280,ba19c22033aaecc6c5dad47f63e5858c,SO63994,769,BK-M38S-42,1,769,8c9ec1be720ee75d56d0c250d10610fa
14671,56d78836c9cf0de136c4d2d37aba2280,ba19c22033aaecc6c5dad47f63e5858c,SO63994,48,GL-H102-L,2,48,8c9ec1be720ee75d56d0c250d10610fa
14671,56d78836c9cf0de136c4d2d37aba2280,ba19c22033aaecc6c5dad47f63e5858c,SO63994,54,SJ-0194-L,1,54,8c9ec1be720ee75d56d0c250d10610fa
14671,56d78836c9cf0de136c4d2d37aba2280,ba19c22033aaecc6c5dad47f63e5858c,SO63994,5,WB-H098,1,5,8c9ec1be720ee75d56d0c250d10610fa
14672,1bc9f4b5f1c56b7e2d5b17c27dad280f,42c14d5c5a8f3096180b16977a1ea248,SO49808,4142,BK-M68S-42,2,4142,d194d40a2a86356fa1572b2ef8e36048
14672,8fa3bab223bec6501ad71f96bb1067b6,b95a9f47dd73bb9b799a31ae04ee7da1,SO70871,9,BC-R205,1,9,1556bafff387fc8f2f6fef64c1daa6bc
14672,8fa3bab223bec6501ad71f96bb1067b6,b95a9f47dd73bb9b799a31ae04ee7da1,SO70871,742,BK-T18U-62,1,742,1556bafff387fc8f2f6fef64c1daa6bc
14672,8fa3bab223bec6501ad71f96bb1067b6,b95a9f47dd73bb9b799a31ae04ee7da1,SO70871,5,WB-H098,1,5,1556bafff387fc8f2f6fef64c1daa6bc
14672,a1d0c0a14c6c8f8a8ef8220209c23a64,05e7920e8caf0303dc01b77666952b75,SO67002,4640,BK-M68S-42,2,4640,cd15e5f80ff20dd345bfaa51400dd0d6
14672,a1d0c0a14c6c8f8a8ef8220209c23a64,05e7920e8caf0303dc01b77666952b75,SO67002,150,LJ-0192-L,3,150,cd15e5f80ff20dd345bfaa51400dd0d6
14672,a1d0c0a14c6c8f8a8ef8220209c23a64,05e7920e8caf0303dc01b77666952b75,SO67002,35,TI-M823,1,35,cd15e5f80ff20dd345bfaa51400dd0d6
14672,a1d0c0a14c6c8f8a8ef8220209c23a64,05e7920e8caf0303dc01b77666952b75,SO67002,5,TT-M928,1,5,cd15e5f80ff20dd345bfaa51400dd0d6
14673,2c9d527f6ea5c0d14748fcde2dc730c5,f67641ca977673896f765fef2e0d4486,SO49667,4142,BK-M68S-42,2,4142,4d786e5d2e5c70a53e6895eb52019501
14673,3a2f313512bb520c43971e54ba834dec,a1fedb8f5f2e08543339a5f167bee6b7,SO65940,4590,BK-M68B-38,2,4590,e2f0a420a4c1a9e8e292761f835e0489
14673,a9cd7a99d71cca9cb644010050374ade,3db19f5f710f10e90ecc7154c649d60a,SO71770,9,BC-R205,1,9,128ee9ff420de424a605a0ee4a6f7916
14673,a9cd7a99d71cca9cb644010050374ade,3db19f5f710f10e90ecc7154c649d60a,SO71770,742,BK-T18U-62,1,742,128ee9ff420de424a605a0ee4a6f7916
14674,6582aa26281b9a92ad60e6a03e274c00,232e830f1ac667c081eaaca23cdf9b5f,SO65403,150,LJ-0192-S,3,150,18f358e551b5b85912bc952ab9894c0d
14674,fd5ba6fdeb81e07b2caf0b103489bd8d,e871b36e68b0b3d0af9c742d81fef27a,SO70942,25,TI-R628,1,25,17520f5649fab40fb66771362888cb90
14674,fd5ba6fdeb81e07b2caf0b103489bd8d,e871b36e68b0b3d0af9c742d81fef27a,SO70942,4,TT-R982,1,4,17520f5649fab40fb66771362888cb90
14674,fd5ba6fdeb81e07b2caf0b103489bd8d,e871b36e68b0b3d0af9c742d81fef27a,SO70942,64,VE-C304-S,1,64,17520f5649fab40fb66771362888cb90
14675,5072507e949a2c25948a591c4da194e1,a189cc17a15cdb4e39e80dfcd8374c76,SO59655,159,ST-1401,1,159,ad0b7f5ad35732646f1e5f67418d5995
14675,5072507e949a2c25948a591c4da194e1,a189cc17a15cdb4e39e80dfcd8374c76,SO59655,25,TI-R628,1,25,ad0b7f5ad35732646f1e5f67418d5995
14675,5072507e949a2c25948a591c4da194e1,a189cc17a15cdb4e39e80dfcd8374c76,SO59655,4,TT-R982,1,4,ad0b7f5ad35732646f1e5f67418d5995
14675,d612b5fb3f6011688fb0c9927693365a,3e107cd1554225ea3056ed5010adce90,SO74370,150,LJ-0192-L,3,150,a1e59736d286765313b8212467dc64b2
14676,42c14d5c5a8f3096180b16977a1ea248,141947ecbe6170100396f0be43a07a37,SO49711,4098,BK-M68B-46,2,4098,2c9d527f6ea5c0d14748fcde2dc730c5
14676,a1d0c0a14c6c8f8a8ef8220209c23a64,05e7920e8caf0303dc01b77666952b75,SO67003,4640,BK-M68S-46,2,4640,cd15e5f80ff20dd345bfaa51400dd0d6
14676,a1d0c0a14c6c8f8a8ef8220209c23a64,05e7920e8caf0303dc01b77666952b75,SO67003,22,FE-6654,1,22,cd15e5f80ff20dd345bfaa51400dd0d6
14676,a1d0c0a14c6c8f8a8ef8220209c23a64,05e7920e8caf0303dc01b77666952b75,SO67003,55,HY-1023-70,1,55,cd15e5f80ff20dd345bfaa51400dd0d6
14676,a9adf65abbb865184bf924d14a93d0c4,ec24e4cf9fcc90f3bbe81b2fb3735c21,SO70749,742,BK-T18Y-54,1,742,e0cd1349b4c6e1b5f14ed427e358c2d0
14677,0814775cfc25da756a9b4197347ab771,d76e0ba1fa041675ae9af958c5b41ae4,SO57800,150,LJ-0192-X,3,150,de22d232bbe84481579f6252f1e7091d
14677,ca5b8307fa5f2189fb98330a9d65927c,88077cf01a3e17831c2d0bcca5897c5b,SO73945,2,PK-7098,1,2,5cbbe853aa1a5a1370f9a614904c4b15
14677,ca5b8307fa5f2189fb98330a9d65927c,88077cf01a3e17831c2d0bcca5897c5b,SO73945,25,TI-R628,1,25,5cbbe853aa1a5a1370f9a614904c4b15
14677,ca5b8307fa5f2189fb98330a9d65927c,88077cf01a3e17831c2d0bcca5897c5b,SO73945,4,TT-R982,1,4,5cbbe853aa1a5a1370f9a614904c4b15
14678,3e07f09fb2edbdf0bf6a54c17634514b,dca79d69a6b38e95c4b03bfab997796c,SO52973,150,LJ-0192-X,3,150,c375f33d72ca7161f341c2726e82d67a
14678,54d3ba66c5e71d3112695b882ca2030e,e4b40b4ba619c72ec5a69caad258d393,SO74552,105,HL-U509,3,105,40eee601514259a9632d510ca71226cc
14678,54d3ba66c5e71d3112695b882ca2030e,e4b40b4ba619c72ec5a69caad258d393,SO74552,54,SJ-0194-S,1,54,40eee601514259a9632d510ca71226cc
14678,54d3ba66c5e71d3112695b882ca2030e,e4b40b4ba619c72ec5a69caad258d393,SO74552,25,TI-R628,1,25,40eee601514259a9632d510ca71226cc
14678,54d3ba66c5e71d3112695b882ca2030e,e4b40b4ba619c72ec5a69caad258d393,SO74552,4,TT-R982,1,4,40eee601514259a9632d510ca71226cc
14679,01e8942a5792053a553c4612bd6c06a6,6583882ca853d66524856501b27519f5,SO74694,150,LJ-0192-S,3,150,722dc621a1a56555843f574144bfcdf0
14679,8babade0595c11e14dd89058a850f2cd,a048b8d5f3f9178f163e2be055f0138b,SO73871,9,SO-R809-L,1,9,501407dcfde5b685045ca3072168d5bb
14679,8babade0595c11e14dd89058a850f2cd,a048b8d5f3f9178f163e2be055f0138b,SO73871,25,TI-R628,1,25,501407dcfde5b685045ca3072168d5bb
14679,8babade0595c11e14dd89058a850f2cd,a048b8d5f3f9178f163e2be055f0138b,SO73871,4,TT-R982,1,4,501407dcfde5b685045ca3072168d5bb
14680,a9cd7a99d71cca9cb644010050374ade,3db19f5f710f10e90ecc7154c649d60a,SO71700,150,LJ-0192-X,3,150,128ee9ff420de424a605a0ee4a6f7916
14680,d4ae40bdb21d7c1f4fee96082340d3a2,9a027fc72b503940a96d5137762a263e,SO75088,105,HL-U509-B,3,105,08ff55594d8ca57b756a1953f77ebc89
14680,d4ae40bdb21d7c1f4fee96082340d3a2,9a027fc72b503940a96d5137762a263e,SO75088,150,LJ-0192-S,3,150,08ff55594d8ca57b756a1953f77ebc89
14680,d4ae40bdb21d7c1f4fee96082340d3a2,9a027fc72b503940a96d5137762a263e,SO75088,25,TI-R628,1,25,08ff55594d8ca57b756a1953f77ebc89
14680,d4ae40bdb21d7c1f4fee96082340d3a2,9a027fc72b503940a96d5137762a263e,SO75088,4,TT-R982,1,4,08ff55594d8ca57b756a1953f77ebc89
14681,2a8c7f899adb0e29724a30c7fb9e8618,88b82588375bd49ab9a4c177ecf7af7b,SO49561,4098,BK-M68B-38,2,4098,79e45486ec381a8d5022628ddaa21b8b
14681,e82ca4c6beebe812f10fa1041b97a160,9d934f91c460e9947414d00048f2fa36,SO66061,10,BC-M005,1,10,6d1d8a1c7851eb5a946d45009cea6d9f
14681,e82ca4c6beebe812f10fa1041b97a160,9d934f91c460e9947414d00048f2fa36,SO66061,4640,BK-M68S-38,2,4640,6d1d8a1c7851eb5a946d45009cea6d9f
14681,e82ca4c6beebe812f10fa1041b97a160,9d934f91c460e9947414d00048f2fa36,SO66061,22,FE-6654,1,22,6d1d8a1c7851eb5a946d45009cea6d9f
14681,e871b36e68b0b3d0af9c742d81fef27a,3fe686907939d07097f6c87f08025422,SO70164,742,BK-T18U-50,1,742,1faee5670542865e021595151379fe5c
14681,e871b36e68b0b3d0af9c742d81fef27a,3fe686907939d07097f6c87f08025422,SO70164,105,HL-U509-R,3,105,1faee5670542865e021595151379fe5c
14682,07b31bae17c7890b17d79a654aa230cf,a976f17830aceaaa93d5daef0bc209a3,SO58133,48,GL-H102-L,2,48,ef5bad66aa19ccfb82cacb73584b83ea
14682,07b31bae17c7890b17d79a654aa230cf,a976f17830aceaaa93d5daef0bc209a3,SO58133,105,HL-U509,3,105,ef5bad66aa19ccfb82cacb73584b83ea
14682,07b31bae17c7890b17d79a654aa230cf,a976f17830aceaaa93d5daef0bc209a3,SO58133,25,TI-R628,1,25,ef5bad66aa19ccfb82cacb73584b83ea
14682,07b31bae17c7890b17d79a654aa230cf,a976f17830aceaaa93d5daef0bc209a3,SO58133,4,TT-R982,1,4,ef5bad66aa19ccfb82cacb73584b83ea
14682,e366e24b8ad0b1107528f2f58cd15a81,921bc92a493b53f98f24e6a8a12801be,SO72446,150,LJ-0192-X,3,150,c83e871e48c2716e0f28e60d166a5c98
14683,39fe373cdcb4534addde73890415b660,41fc4cb27e0ee552c4c9247e1a476cc5,SO55876,55,HY-1023-70,1,55,3519c8eb4095dbc69d80eb61856d3435
14683,41464bd548f06ca845208f69df30ac82,15aceb75d86814cb479f1b1a9487c3d4,SO53672,9,BC-R205,1,9,3e48b2167bd86ef570e46d0b286c4f74
14683,41464bd548f06ca845208f69df30ac82,15aceb75d86814cb479f1b1a9487c3d4,SO53672,5,TT-T092,1,5,3e48b2167bd86ef570e46d0b286c4f74
14683,41464bd548f06ca845208f69df30ac82,15aceb75d86814cb479f1b1a9487c3d4,SO53672,5,WB-H098,1,5,3e48b2167bd86ef570e46d0b286c4f74
14683,7acd252f45ad6fe668386456a673d543,0120f4004ede1143c3be6caa4227affe,SO67152,25,TI-R628,1,25,b322422d9a721bbdefa133133dd407c1
14684,4584ca349e0920f4436a3c2f36158b85,6e32728b966bb91cefefa1316da21ca8,SO68477,2,PK-7098,1,2,ca38f30e56a72f4d0c8d2264322c5862
14684,4584ca349e0920f4436a3c2f36158b85,6e32728b966bb91cefefa1316da21ca8,SO68477,5,TT-T092,1,5,ca38f30e56a72f4d0c8d2264322c5862
14684,b0950d12c62d3aeda81b2e8d06f2aef4,e366e24b8ad0b1107528f2f58cd15a81,SO73340,2,PK-7098,1,2,a048b8d5f3f9178f163e2be055f0138b
14684,b0950d12c62d3aeda81b2e8d06f2aef4,e366e24b8ad0b1107528f2f58cd15a81,SO73340,25,TI-R628,1,25,a048b8d5f3f9178f163e2be055f0138b
14684,b0950d12c62d3aeda81b2e8d06f2aef4,e366e24b8ad0b1107528f2f58cd15a81,SO73340,4,TT-R982,1,4,a048b8d5f3f9178f163e2be055f0138b
14684,d612b5fb3f6011688fb0c9927693365a,3e107cd1554225ea3056ed5010adce90,SO74371,55,HY-1023-70,1,55,a1e59736d286765313b8212467dc64b2
14685,0149f124a48640c62d90840ac5760331,4555f65c4664801d78b9f5477f89d8fd,SO63363,2,PK-7098,1,2,870bd4f3713260418e4f342f31dc7e33
14685,0149f124a48640c62d90840ac5760331,4555f65c4664801d78b9f5477f89d8fd,SO63363,25,TI-R628,1,25,870bd4f3713260418e4f342f31dc7e33
14685,175a5d217fad85df9f6639d7ced1e5d9,511572e8a25e86c2f48ae9e6d73a1e6a,SO68892,48,GL-H102-S,2,48,66e56e10b0f528b66a45e307ecdf4774
14685,175a5d217fad85df9f6639d7ced1e5d9,511572e8a25e86c2f48ae9e6d73a1e6a,SO68892,105,HL-U509,3,105,66e56e10b0f528b66a45e307ecdf4774
14685,175a5d217fad85df9f6639d7ced1e5d9,511572e8a25e86c2f48ae9e6d73a1e6a,SO68892,5,TT-T092,1,5,66e56e10b0f528b66a45e307ecdf4774
14685,56d78836c9cf0de136c4d2d37aba2280,ba19c22033aaecc6c5dad47f63e5858c,SO63954,55,HY-1023-70,1,55,8c9ec1be720ee75d56d0c250d10610fa
14686,6ef7b4bb93d4e54234cf965ed2334682,ccf89c691dabb1412404274596922d90,SO65953,25,TI-R628,1,25,93ddc10d6cf61153011df052aa76671f
14686,a2c49941411089cb2a9cbf78cb803c26,73a69a5c77a7d23172e54d7ce07a638e,SO56130,55,HY-1023-70,1,55,39fe373cdcb4534addde73890415b660
14686,a2c49941411089cb2a9cbf78cb803c26,73a69a5c77a7d23172e54d7ce07a638e,SO56130,5,TT-T092,1,5,39fe373cdcb4534addde73890415b660
14686,e84848120190a8d0e696fbeb15647a74,fff3c307c93eda1eb91d53ca588846fe,SO70383,55,HY-1023-70,1,55,f544b472453b297a8b55709fbfd3746d
14686,e84848120190a8d0e696fbeb15647a74,fff3c307c93eda1eb91d53ca588846fe,SO70383,64,VE-C304-M,1,64,f544b472453b297a8b55709fbfd3746d
14687,6ef7b4bb93d4e54234cf965ed2334682,ccf89c691dabb1412404274596922d90,SO65980,22,FE-6654,1,22,93ddc10d6cf61153011df052aa76671f
14687,6ef7b4bb93d4e54234cf965ed2334682,ccf89c691dabb1412404274596922d90,SO65980,54,SJ-0194-X,1,54,93ddc10d6cf61153011df052aa76671f
14687,6ef7b4bb93d4e54234cf965ed2334682,ccf89c691dabb1412404274596922d90,SO65980,5,TT-M928,1,5,93ddc10d6cf61153011df052aa76671f
14688,714597fe9448176d17876617114a65bc,d6ec5bff1a0809822c740ce35792fa7a,SO53218,105,HL-U509-B,3,105,3143ce3c6436ed5bd25398756b7b661d
14688,714597fe9448176d17876617114a65bc,d6ec5bff1a0809822c740ce35792fa7a,SO53218,35,TI-M823,1,35,3143ce3c6436ed5bd25398756b7b661d
14688,714597fe9448176d17876617114a65bc,d6ec5bff1a0809822c740ce35792fa7a,SO53218,5,TT-M928,1,5,3143ce3c6436ed5bd25398756b7b661d
14689,d27974ca95fd620ac92cf95bf8c1d1f2,4c6ed4daa82e7326b84c24f4c2ae7064,SO74173,5,TT-M928,1,5,3e107cd1554225ea3056ed5010adce90
14690,501407dcfde5b685045ca3072168d5bb,41ef6b06b63ba4f6a5234245a439b157,SO73541,27,CA-1098,3,27,5432d51ee94799c0125bb158c8a8bd22
14690,501407dcfde5b685045ca3072168d5bb,41ef6b06b63ba4f6a5234245a439b157,SO73541,105,HL-U509-R,3,105,5432d51ee94799c0125bb158c8a8bd22
14690,501407dcfde5b685045ca3072168d5bb,41ef6b06b63ba4f6a5234245a439b157,SO73541,150,LJ-0192-S,3,150,5432d51ee94799c0125bb158c8a8bd22
14690,501407dcfde5b685045ca3072168d5bb,41ef6b06b63ba4f6a5234245a439b157,SO73541,35,TI-M823,1,35,5432d51ee94799c0125bb158c8a8bd22
14691,e2f0a420a4c1a9e8e292761f835e0489,4eec6eda382b9c44e240ad4b4b5e9cc0,SO65588,105,HL-U509-B,3,105,9d934f91c460e9947414d00048f2fa36
14691,e2f0a420a4c1a9e8e292761f835e0489,4eec6eda382b9c44e240ad4b4b5e9cc0,SO65588,150,LJ-0192-L,3,150,9d934f91c460e9947414d00048f2fa36
14691,e2f0a420a4c1a9e8e292761f835e0489,4eec6eda382b9c44e240ad4b4b5e9cc0,SO65588,5,TT-M928,1,5,9d934f91c460e9947414d00048f2fa36
14692,54d3ba66c5e71d3112695b882ca2030e,e4b40b4ba619c72ec5a69caad258d393,SO74574,70,SH-W890-S,1,70,40eee601514259a9632d510ca71226cc
14692,fee8e08233f3f00450bce31967abb0f1,331afa0aff1b1cfbf3d24944ab38c9d2,SO70557,2,PK-7098,1,2,86bfb8ffc7a79e52d833cedce4d275bf
14692,fee8e08233f3f00450bce31967abb0f1,331afa0aff1b1cfbf3d24944ab38c9d2,SO70557,29,TI-T723,1,29,86bfb8ffc7a79e52d833cedce4d275bf
14692,fee8e08233f3f00450bce31967abb0f1,331afa0aff1b1cfbf3d24944ab38c9d2,SO70557,5,TT-T092,1,5,86bfb8ffc7a79e52d833cedce4d275bf
14693,7e15f50bd26e439e6a22f5205a8064db,a1d0c0a14c6c8f8a8ef8220209c23a64,SO67871,105,HL-U509,3,105,702a02712215141594ddf8e52b0a651c
14693,7e15f50bd26e439e6a22f5205a8064db,a1d0c0a14c6c8f8a8ef8220209c23a64,SO67871,5,TT-M928,1,5,702a02712215141594ddf8e52b0a651c
14694,226d694fb4b7f71d62444f9528be8704,714597fe9448176d17876617114a65bc,SO54005,27,CA-1098,3,27,9444f850ff0c10a862b4a6a9c4ab0a74
14694,226d694fb4b7f71d62444f9528be8704,714597fe9448176d17876617114a65bc,SO54005,70,SH-W890-S,1,70,9444f850ff0c10a862b4a6a9c4ab0a74
14694,7254e54716fe52361e62aa16ea2e0797,6eaadc1181f307997dc853d9ed40db36,SO59440,27,CA-1098,3,27,e7df1b3ee078bdcfc260a877f321287d
14694,7254e54716fe52361e62aa16ea2e0797,6eaadc1181f307997dc853d9ed40db36,SO59440,105,HL-U509-B,3,105,e7df1b3ee078bdcfc260a877f321287d
14694,7254e54716fe52361e62aa16ea2e0797,6eaadc1181f307997dc853d9ed40db36,SO59440,29,TI-T723,1,29,e7df1b3ee078bdcfc260a877f321287d
14694,7254e54716fe52361e62aa16ea2e0797,6eaadc1181f307997dc853d9ed40db36,SO59440,5,TT-T092,1,5,e7df1b3ee078bdcfc260a877f321287d
14695,b95a9f47dd73bb9b799a31ae04ee7da1,175a5d217fad85df9f6639d7ced1e5d9,SO69971,9,SO-R809-L,1,9,8728a5e296f39e49d2fa74c31820e99f
14695,b95a9f47dd73bb9b799a31ae04ee7da1,175a5d217fad85df9f6639d7ced1e5d9,SO69971,35,TI-M823,1,35,8728a5e296f39e49d2fa74c31820e99f
14695,b95a9f47dd73bb9b799a31ae04ee7da1,175a5d217fad85df9f6639d7ced1e5d9,SO69971,5,TT-M928,1,5,8728a5e296f39e49d2fa74c31820e99f
14696,18025e6a8791d350428f65c0783ebd99,3c8e2c51453f4d665f1050da871dead6,SO56090,2,PK-7098,1,2,a9cefc49af6424b430612adfc69876ee
14696,18025e6a8791d350428f65c0783ebd99,3c8e2c51453f4d665f1050da871dead6,SO56090,35,TI-M823,1,35,a9cefc49af6424b430612adfc69876ee
14696,18025e6a8791d350428f65c0783ebd99,3c8e2c51453f4d665f1050da871dead6,SO56090,5,TT-M928,1,5,a9cefc49af6424b430612adfc69876ee
14697,2f0fa9e84e7c99cd5a1f2223c8504757,9028a0765880cb1b7ff6c72ea16b9e72,SO44730,3578,BK-R93R-44,1,3578,877a9aa814260fc4c3d24bc245047f86
14697,9c56075241a26f6fa77eb86b15411c6e,9444f850ff0c10a862b4a6a9c4ab0a74,SO54418,742,BK-T18U-62,1,742,ab2e81a99745ffff6c06e2be93290d1b
14697,9c56075241a26f6fa77eb86b15411c6e,9444f850ff0c10a862b4a6a9c4ab0a74,SO54418,29,TI-T723,1,29,ab2e81a99745ffff6c06e2be93290d1b
14697,9c56075241a26f6fa77eb86b15411c6e,9444f850ff0c10a862b4a6a9c4ab0a74,SO54418,5,TT-T092,1,5,ab2e81a99745ffff6c06e2be93290d1b
14697,9f1ff00ea8fd9fd8f2d421ba5ec45a18,f88b3743a9ce1f9455b6de69380b486a,SO67428,4590,BK-M68B-42,2,4590,0001ffe4d82d0d8f9fec5ab0b4faa2db
14697,9f1ff00ea8fd9fd8f2d421ba5ec45a18,f88b3743a9ce1f9455b6de69380b486a,SO67428,105,HL-U509,3,105,0001ffe4d82d0d8f9fec5ab0b4faa2db
14698,aa14ddbc43aa2d3be1e6ac019bb7b5bc,dcf73f840a50da0145f24e8e0169dc4b,SO72890,22,FE-6654,1,22,a6f2945baeceeef4c8d541a22f6e99e9
14698,aa14ddbc43aa2d3be1e6ac019bb7b5bc,dcf73f840a50da0145f24e8e0169dc4b,SO72890,9,SO-R809-L,1,9,a6f2945baeceeef4c8d541a22f6e99e9
14698,aa14ddbc43aa2d3be1e6ac019bb7b5bc,dcf73f840a50da0145f24e8e0169dc4b,SO72890,25,TI-M267,1,25,a6f2945baeceeef4c8d541a22f6e99e9
14698,aa14ddbc43aa2d3be1e6ac019bb7b5bc,dcf73f840a50da0145f24e8e0169dc4b,SO72890,5,TT-M928,1,5,a6f2945baeceeef4c8d541a22f6e99e9
14699,f8025d3776b5f7522a6120cb4e9e0783,2d6e054ac82934d489c58cc8399a1628,SO61623,54,SJ-0194-S,1,54,d945ec2aae74dbfb829453026b91c235
14699,f8025d3776b5f7522a6120cb4e9e0783,2d6e054ac82934d489c58cc8399a1628,SO61623,25,TI-R628,1,25,d945ec2aae74dbfb829453026b91c235
14700,c135545cc3f3a739132ffdbc8096f3d4,36ab6f1df21f3c9a169c8942e981959a,SO68407,4590,BK-M68B-42,2,4590,511572e8a25e86c2f48ae9e6d73a1e6a
14700,c135545cc3f3a739132ffdbc8096f3d4,36ab6f1df21f3c9a169c8942e981959a,SO68407,22,FE-6654,1,22,511572e8a25e86c2f48ae9e6d73a1e6a
14700,c135545cc3f3a739132ffdbc8096f3d4,36ab6f1df21f3c9a169c8942e981959a,SO68407,9,SO-R809-L,1,9,511572e8a25e86c2f48ae9e6d73a1e6a
14700,dc0af343c9b6d5e1ad6ea6e30e094622,478ee1bb67e4aeb3e6f63583f7896093,SO44719,3578,BK-R93R-52,1,3578,d01d18dbb9a3e8c7fa02a25b827b052d
14701,691ad1b0dca3643b923973defd014d47,6dd75c28a9a8a39e02bc0a175f82a9f3,SO67779,10,BC-M005,1,10,9f1ff00ea8fd9fd8f2d421ba5ec45a18
14701,691ad1b0dca3643b923973defd014d47,6dd75c28a9a8a39e02bc0a175f82a9f3,SO67779,769,BK-M38S-40,1,769,9f1ff00ea8fd9fd8f2d421ba5ec45a18
14701,691ad1b0dca3643b923973defd014d47,6dd75c28a9a8a39e02bc0a175f82a9f3,SO67779,105,HL-U509-B,3,105,9f1ff00ea8fd9fd8f2d421ba5ec45a18
14701,691ad1b0dca3643b923973defd014d47,6dd75c28a9a8a39e02bc0a175f82a9f3,SO67779,5,WB-H098,1,5,9f1ff00ea8fd9fd8f2d421ba5ec45a18
14701,ddf2a5b996051378e5e44109810f04c5,5206c46d068e66a8c5511d764ec58206,SO47556,4364,BK-R89B-58,2,4364,abc0c3928eca59906d9e88433e5105be
14702,3c4bf68562424c26986beae6ce13704a,dba3e44e23a1d2c2f299811e94db7fce,SO54969,742,BK-T18U-44,1,742,1f50dad3f1493a5cf408c4eb3987479e
14702,3c4bf68562424c26986beae6ce13704a,dba3e44e23a1d2c2f299811e94db7fce,SO54969,105,HL-U509,3,105,1f50dad3f1493a5cf408c4eb3987479e
14702,7e15f50bd26e439e6a22f5205a8064db,a1d0c0a14c6c8f8a8ef8220209c23a64,SO67850,10,BC-M005,1,10,702a02712215141594ddf8e52b0a651c
14702,7e15f50bd26e439e6a22f5205a8064db,a1d0c0a14c6c8f8a8ef8220209c23a64,SO67850,4640,BK-M68S-46,2,4640,702a02712215141594ddf8e52b0a651c
14702,7e15f50bd26e439e6a22f5205a8064db,a1d0c0a14c6c8f8a8ef8220209c23a64,SO67850,27,CA-1098,3,27,702a02712215141594ddf8e52b0a651c
14702,7e15f50bd26e439e6a22f5205a8064db,a1d0c0a14c6c8f8a8ef8220209c23a64,SO67850,105,HL-U509-B,3,105,702a02712215141594ddf8e52b0a651c
14702,e75396bbc7d812f8ff95e651f11eefcf,9e0019d185356a96e0ac5b8096eef572,SO44602,3578,BK-R93R-56,1,3578,23a5b49ccc2da58997efec267bd20005
14703,15aceb75d86814cb479f1b1a9487c3d4,f799d104dd23bb828dcdaaefc4d25b61,SO52905,2,PK-7098,1,2,072bf847aeeee970f66483e596496cd9
14703,15aceb75d86814cb479f1b1a9487c3d4,f799d104dd23bb828dcdaaefc4d25b61,SO52905,35,TI-M823,1,35,072bf847aeeee970f66483e596496cd9
14703,15aceb75d86814cb479f1b1a9487c3d4,f799d104dd23bb828dcdaaefc4d25b61,SO52905,5,TT-M928,1,5,072bf847aeeee970f66483e596496cd9
14704,7f026edc73bd4602381834e9b850d6c2,eedd9be5500334505ed9d4aef801ac3d,SO52248,10,BC-M005,1,10,db2b287636ac5ebda430de4f3f643b24
14704,7f026edc73bd4602381834e9b850d6c2,eedd9be5500334505ed9d4aef801ac3d,SO52248,22,FE-6654,1,22,db2b287636ac5ebda430de4f3f643b24
14704,7f026edc73bd4602381834e9b850d6c2,eedd9be5500334505ed9d4aef801ac3d,SO52248,54,SJ-0194-S,1,54,db2b287636ac5ebda430de4f3f643b24
14704,7f026edc73bd4602381834e9b850d6c2,eedd9be5500334505ed9d4aef801ac3d,SO52248,5,TT-M928,1,5,db2b287636ac5ebda430de4f3f643b24
14704,7f026edc73bd4602381834e9b850d6c2,eedd9be5500334505ed9d4aef801ac3d,SO52248,5,WB-H098,1,5,db2b287636ac5ebda430de4f3f643b24
14705,cb3217ce33539985968a3e5daaf3e9a9,5fab5dd7b511bbf33964ef9e6f1b70dc,SO44636,3578,BK-R93R-56,1,3578,e75396bbc7d812f8ff95e651f11eefcf
14705,fff3c307c93eda1eb91d53ca588846fe,4584ca349e0920f4436a3c2f36158b85,SO69318,4590,BK-M68B-38,2,4590,70951886788165a5e2439adfce4d0cce
14705,fff3c307c93eda1eb91d53ca588846fe,4584ca349e0920f4436a3c2f36158b85,SO69318,2,PK-7098,1,2,70951886788165a5e2439adfce4d0cce
14706,64cadfde6f66bc25043d0d69f5ae5471,18f358e551b5b85912bc952ab9894c0d,SO65836,25,TI-R628,1,25,8d1d4829b2e801ba4e41ba48f5a549d4
14707,072bf847aeeee970f66483e596496cd9,cfceb7490eff6e660974507be7c579c6,SO52642,2,PK-7098,1,2,dca79d69a6b38e95c4b03bfab997796c
14707,072bf847aeeee970f66483e596496cd9,cfceb7490eff6e660974507be7c579c6,SO52642,35,TI-M823,1,35,dca79d69a6b38e95c4b03bfab997796c
14708,f06fd077b6afc2d69af6e1e548da266d,c135545cc3f3a739132ffdbc8096f3d4,SO69256,10,BC-M005,1,10,175a5d217fad85df9f6639d7ced1e5d9
14708,f06fd077b6afc2d69af6e1e548da266d,c135545cc3f3a739132ffdbc8096f3d4,SO69256,769,BK-M38S-46,1,769,175a5d217fad85df9f6639d7ced1e5d9
14708,f06fd077b6afc2d69af6e1e548da266d,c135545cc3f3a739132ffdbc8096f3d4,SO69256,5,WB-H098,1,5,175a5d217fad85df9f6639d7ced1e5d9
14708,f1f6939ed2d920fdfc3de31d6a3d32ac,b9e08b025ef074f1404952480e6fa92a,SO47871,4364,BK-R89R-58,2,4364,5215922a2b5965ae6b1b4f89ed711e40
14709,6ef7b4bb93d4e54234cf965ed2334682,ccf89c691dabb1412404274596922d90,SO65962,769,BK-M38S-38,1,769,93ddc10d6cf61153011df052aa76671f
14709,6ef7b4bb93d4e54234cf965ed2334682,ccf89c691dabb1412404274596922d90,SO65962,150,LJ-0192-S,3,150,93ddc10d6cf61153011df052aa76671f
14709,97cd5e56c90f7c4d613dc94c51d72999,01fa6f8199200216ae5fb86e25570605,SO45683,3578,BK-R93R-44,1,3578,350462f2d0124beb0d7adf60dd79a8b8
14710,511572e8a25e86c2f48ae9e6d73a1e6a,8e8847c1bdf012037ee13bb62da8a5c1,SO68122,35,TI-M823,1,35,691ad1b0dca3643b923973defd014d47
14710,511572e8a25e86c2f48ae9e6d73a1e6a,8e8847c1bdf012037ee13bb62da8a5c1,SO68122,5,TT-M928,1,5,691ad1b0dca3643b923973defd014d47
14711,41fc4cb27e0ee552c4c9247e1a476cc5,6d338b8c41c717c4336ad0084a80dca4,SO55115,22,FE-6654,1,22,6e5c4b769f8f70f9fd01b24ba5be9695
14711,41fc4cb27e0ee552c4c9247e1a476cc5,6d338b8c41c717c4336ad0084a80dca4,SO55115,150,LJ-0192-M,3,150,6e5c4b769f8f70f9fd01b24ba5be9695
14712,3c1811b546060d91957cc446aabc4a3c,3c4bf68562424c26986beae6ce13704a,SO55724,742,BK-T18U-58,1,742,3c8e2c51453f4d665f1050da871dead6
14712,6e32728b966bb91cefefa1316da21ca8,b322422d9a721bbdefa133133dd407c1,SO67702,10,BC-M005,1,10,de5009f9bf3e9725d2381f4a5e913111
14712,6e32728b966bb91cefefa1316da21ca8,b322422d9a721bbdefa133133dd407c1,SO67702,4590,BK-M68B-42,2,4590,de5009f9bf3e9725d2381f4a5e913111
14712,6e32728b966bb91cefefa1316da21ca8,b322422d9a721bbdefa133133dd407c1,SO67702,105,HL-U509,3,105,de5009f9bf3e9725d2381f4a5e913111
14712,f9906ac7d7d1241ad5c23eb95cf9c6e4,13cf8e3f6f70d6ec53d1bddcf2753024,SO44686,3578,BK-R93R-52,1,3578,478ee1bb67e4aeb3e6f63583f7896093
14713,2d6e054ac82934d489c58cc8399a1628,ce08c22f7777768ce4197eab9727516c,SO60765,10,BC-M005,1,10,348f48807f500aeac729fb17d9bc97f1
14713,2d6e054ac82934d489c58cc8399a1628,ce08c22f7777768ce4197eab9727516c,SO60765,4590,BK-M68B-46,2,4590,348f48807f500aeac729fb17d9bc97f1
14713,8920fd63645007b243abb750709b1172,58c4ce5b9433e7b6d41793d5a76d5590,SO72351,9,BC-R205,1,9,0d3057f268050d468f468434f8ec809a
14713,8920fd63645007b243abb750709b1172,58c4ce5b9433e7b6d41793d5a76d5590,SO72351,540,BK-R19B-48,1,540,0d3057f268050d468f468434f8ec809a
14713,8920fd63645007b243abb750709b1172,58c4ce5b9433e7b6d41793d5a76d5590,SO72351,48,GL-H102-M,2,48,0d3057f268050d468f468434f8ec809a
14713,8920fd63645007b243abb750709b1172,58c4ce5b9433e7b6d41793d5a76d5590,SO72351,5,WB-H098,1,5,0d3057f268050d468f468434f8ec809a
14713,9bf4969b0d30a237d93ba8c97a302ad0,fc818380249389b9a3c3d3305d0d92a5,SO45664,3578,BK-R93R-48,1,3578,78339826b5905c235d846a82cce76116
14714,07b31bae17c7890b17d79a654aa230cf,a976f17830aceaaa93d5daef0bc209a3,SO58130,4590,BK-M68B-42,2,4590,ef5bad66aa19ccfb82cacb73584b83ea
14714,07b31bae17c7890b17d79a654aa230cf,a976f17830aceaaa93d5daef0bc209a3,SO58130,105,HL-U509-B,3,105,ef5bad66aa19ccfb82cacb73584b83ea
14714,07b31bae17c7890b17d79a654aa230cf,a976f17830aceaaa93d5daef0bc209a3,SO58130,150,LJ-0192-L,3,150,ef5bad66aa19ccfb82cacb73584b83ea
14714,cb5cf2f8eca0fe257d74c13a785b98c3,9aa1878029541c8ed2422b8b536e6b87,SO47903,2443,BK-R89R-44,1,2443,1b9e9a1c42d997d68923258c60ed20d5
14714,d7f57f35d2bad1349ca24a67a2635eea,5432d51ee94799c0125bb158c8a8bd22,SO74091,9,BC-R205,1,9,1ba7e8cdf85da6cf5e11554703236b52
14714,d7f57f35d2bad1349ca24a67a2635eea,5432d51ee94799c0125bb158c8a8bd22,SO74091,540,BK-R19B-58,1,540,1ba7e8cdf85da6cf5e11554703236b52
14714,d7f57f35d2bad1349ca24a67a2635eea,5432d51ee94799c0125bb158c8a8bd22,SO74091,27,CA-1098,3,27,1ba7e8cdf85da6cf5e11554703236b52
14714,d7f57f35d2bad1349ca24a67a2635eea,5432d51ee94799c0125bb158c8a8bd22,SO74091,5,WB-H098,1,5,1ba7e8cdf85da6cf5e11554703236b52
14715,36ab6f1df21f3c9a169c8942e981959a,058af5b2a408d57b708367e5bf4e9d9c,SO67675,2,PK-7098,1,2,8e8847c1bdf012037ee13bb62da8a5c1
14715,36ab6f1df21f3c9a169c8942e981959a,058af5b2a408d57b708367e5bf4e9d9c,SO67675,25,TI-R628,1,25,8e8847c1bdf012037ee13bb62da8a5c1
14715,36ab6f1df21f3c9a169c8942e981959a,058af5b2a408d57b708367e5bf4e9d9c,SO67675,4,TT-R982,1,4,8e8847c1bdf012037ee13bb62da8a5c1
14716,13554fafffaf23d93f17c1b353041e27,29811b471c7da705b519bb457273565b,SO47793,2443,BK-R89R-44,1,2443,c595f6cc53ad9db801808994a1189b6c
14716,23f22724b430320654759f8512440ebc,485ae69515bc4c60ef546ff289741f60,SO58250,4590,BK-M68B-38,2,4590,b0b2c17e5682f78d8fc262463fd0a4f3
14716,86e0fc464cbb08ae74bd039224afec9a,38c9e5d1e366b4c5c36aae682bc960c4,SO72721,9,BC-R205,1,9,8920fd63645007b243abb750709b1172
14716,86e0fc464cbb08ae74bd039224afec9a,38c9e5d1e366b4c5c36aae682bc960c4,SO72721,540,BK-R19B-52,1,540,8920fd63645007b243abb750709b1172
14716,86e0fc464cbb08ae74bd039224afec9a,38c9e5d1e366b4c5c36aae682bc960c4,SO72721,8,CL-9009,1,8,8920fd63645007b243abb750709b1172
14716,86e0fc464cbb08ae74bd039224afec9a,38c9e5d1e366b4c5c36aae682bc960c4,SO72721,5,WB-H098,1,5,8920fd63645007b243abb750709b1172
14717,5e1b952a22eccca86f7f056a9efb42a4,a8ef76a01442567fb64eb6f4408a9835,SO57722,27,CA-1098,3,27,40883861f6e25a2e09e848a7891f4f38
14717,5e1b952a22eccca86f7f056a9efb42a4,a8ef76a01442567fb64eb6f4408a9835,SO57722,105,HL-U509-R,3,105,40883861f6e25a2e09e848a7891f4f38
14717,5e1b952a22eccca86f7f056a9efb42a4,a8ef76a01442567fb64eb6f4408a9835,SO57722,30,TI-M602,1,30,40883861f6e25a2e09e848a7891f4f38
14717,5e1b952a22eccca86f7f056a9efb42a4,a8ef76a01442567fb64eb6f4408a9835,SO57722,5,TT-M928,1,5,40883861f6e25a2e09e848a7891f4f38
14717,d3c54b4368c62c2ff11535bf2b677170,41464bd548f06ca845208f69df30ac82,SO54343,35,TI-M823,1,35,da9c4ba6c9a1ae8725389bfd38b5763a
14718,90c6314650a0d54fdcabe5cd5406f9af,f476906875bc5d9abe836b4ea1f485c1,SO53949,105,HL-U509,3,105,41464bd548f06ca845208f69df30ac82
14718,90c6314650a0d54fdcabe5cd5406f9af,f476906875bc5d9abe836b4ea1f485c1,SO53949,25,TI-R628,1,25,41464bd548f06ca845208f69df30ac82
14718,90c6314650a0d54fdcabe5cd5406f9af,f476906875bc5d9abe836b4ea1f485c1,SO53949,4,TT-R982,1,4,41464bd548f06ca845208f69df30ac82
14719,42c8d51c48328d79f09bd1db2203a02d,7db2c3979b26317fc94657585dda1256,SO47786,2443,BK-R89R-52,1,2443,427e6053bc13a556e37f64ff8e1619fb
14719,485ae69515bc4c60ef546ff289741f60,40ff348468b73116a7077c246985e0bf,SO57595,4640,BK-M68S-42,2,4640,375bde15092f45652b6398c1dff650d0
14719,485ae69515bc4c60ef546ff289741f60,40ff348468b73116a7077c246985e0bf,SO57595,22,FE-6654,1,22,375bde15092f45652b6398c1dff650d0
14719,485ae69515bc4c60ef546ff289741f60,40ff348468b73116a7077c246985e0bf,SO57595,64,VE-C304-S,1,64,375bde15092f45652b6398c1dff650d0
14719,9795c57676ee8b8b6ba9a6f9014a520b,c5ed53572c667b119dde2fc0f54de602,SO73780,9,BC-R205,1,9,b0950d12c62d3aeda81b2e8d06f2aef4
14719,9795c57676ee8b8b6ba9a6f9014a520b,c5ed53572c667b119dde2fc0f54de602,SO73780,540,BK-R19B-44,1,540,b0950d12c62d3aeda81b2e8d06f2aef4
14719,9795c57676ee8b8b6ba9a6f9014a520b,c5ed53572c667b119dde2fc0f54de602,SO73780,48,GL-H102-L,2,48,b0950d12c62d3aeda81b2e8d06f2aef4
14719,9795c57676ee8b8b6ba9a6f9014a520b,c5ed53572c667b119dde2fc0f54de602,SO73780,105,HL-U509-R,3,105,b0950d12c62d3aeda81b2e8d06f2aef4
14719,9795c57676ee8b8b6ba9a6f9014a520b,c5ed53572c667b119dde2fc0f54de602,SO73780,150,LJ-0192-L,3,150,b0950d12c62d3aeda81b2e8d06f2aef4
14719,9795c57676ee8b8b6ba9a6f9014a520b,c5ed53572c667b119dde2fc0f54de602,SO73780,5,WB-H098,1,5,b0950d12c62d3aeda81b2e8d06f2aef4
14720,48f5533605f0d856d47eababe46f9790,23a5b49ccc2da58997efec267bd20005,SO44651,3578,BK-R93R-52,1,3578,734960ba36ece342ee3cecd575c43e70
14720,962bae2fb03296a3b9cacabfa929322c,0da2bc000f1fe4ea8746f9aea0bb5879,SO69097,4640,BK-M68S-42,2,4640,c4369eefdf9bb8a3f9115e96b40aaf17
14720,962bae2fb03296a3b9cacabfa929322c,0da2bc000f1fe4ea8746f9aea0bb5879,SO69097,2,PK-7098,1,2,c4369eefdf9bb8a3f9115e96b40aaf17
14721,aa14ddbc43aa2d3be1e6ac019bb7b5bc,dcf73f840a50da0145f24e8e0169dc4b,SO72884,5,TT-M928,1,5,a6f2945baeceeef4c8d541a22f6e99e9
14722,03bf7d2a8718ee9aca4bd2f37e962fc4,290499d9b8e65db426ba9b842714eb6d,SO63596,769,BK-M38S-38,1,769,7130adfd843cdcb6d0bcd9d13792693a
14722,c53a11f9ff0240a8c60779a9b2b3bc12,e10208f8f7fcc7abfebbaa11e0a5d9a5,SO45263,1398,BK-R50B-48,2,1398,e89a01c7beb66fd77ea090731710a12e
14723,013f173c58073e845f675d26fdde1918,ccb91034934bb047c5f6a32eb289b95b,SO60545,35,TI-M823,1,35,d6fb379288416774d139632beb88e26b
14723,013f173c58073e845f675d26fdde1918,ccb91034934bb047c5f6a32eb289b95b,SO60545,5,TT-M928,1,5,d6fb379288416774d139632beb88e26b
14723,5a06908cc28b799b04fc1c47664462e6,da9c4ba6c9a1ae8725389bfd38b5763a,SO54735,10,BC-M005,1,10,6d338b8c41c717c4336ad0084a80dca4
14723,5a06908cc28b799b04fc1c47664462e6,da9c4ba6c9a1ae8725389bfd38b5763a,SO54735,5,WB-H098,1,5,6d338b8c41c717c4336ad0084a80dca4
14723,6353a8421ee460b64f2c988cc72a8391,59c3d64cb01cd5ad7fd25246d81a55ff,SO56199,33,TI-R982,1,33,5691ac18f59a9af20f9d8703772afbba
14724,174acf6ca4e9804d47a59a499422e621,5abaefcc8525a8f4cfd95cba9e926532,SO58321,22,FE-6654,1,22,eba6cab7267f82e3b2a063d5ea445bb9
14724,174acf6ca4e9804d47a59a499422e621,5abaefcc8525a8f4cfd95cba9e926532,SO58321,2,PK-7098,1,2,eba6cab7267f82e3b2a063d5ea445bb9
14724,174acf6ca4e9804d47a59a499422e621,5abaefcc8525a8f4cfd95cba9e926532,SO58321,35,TI-M823,1,35,eba6cab7267f82e3b2a063d5ea445bb9
14724,174acf6ca4e9804d47a59a499422e621,5abaefcc8525a8f4cfd95cba9e926532,SO58321,5,TT-M928,1,5,eba6cab7267f82e3b2a063d5ea445bb9
14724,54d3ba66c5e71d3112695b882ca2030e,e4b40b4ba619c72ec5a69caad258d393,SO74565,2,PK-7098,1,2,40eee601514259a9632d510ca71226cc
14724,54d3ba66c5e71d3112695b882ca2030e,e4b40b4ba619c72ec5a69caad258d393,SO74565,33,TI-R982,1,33,40eee601514259a9632d510ca71226cc
14724,54d3ba66c5e71d3112695b882ca2030e,e4b40b4ba619c72ec5a69caad258d393,SO74565,4,TT-R982,1,4,40eee601514259a9632d510ca71226cc
14724,883b9b4170853b321c03290f64ba199f,412998e77ee121227580e3d363f75fa2,SO60659,10,BC-M005,1,10,af1457846a79173ef71dd9d5dd69805a
14724,883b9b4170853b321c03290f64ba199f,412998e77ee121227580e3d363f75fa2,SO60659,2,PK-7098,1,2,af1457846a79173ef71dd9d5dd69805a
14724,883b9b4170853b321c03290f64ba199f,412998e77ee121227580e3d363f75fa2,SO60659,5,WB-H098,1,5,af1457846a79173ef71dd9d5dd69805a
14725,4310d0d92131e34ff2716d85e1953174,90c6314650a0d54fdcabe5cd5406f9af,SO54618,10,BC-M005,1,10,d3c54b4368c62c2ff11535bf2b677170
14725,4310d0d92131e34ff2716d85e1953174,90c6314650a0d54fdcabe5cd5406f9af,SO54618,55,HY-1023-70,1,55,d3c54b4368c62c2ff11535bf2b677170
14725,4310d0d92131e34ff2716d85e1953174,90c6314650a0d54fdcabe5cd5406f9af,SO54618,5,WB-H098,1,5,d3c54b4368c62c2ff11535bf2b677170
14725,86e0fc464cbb08ae74bd039224afec9a,38c9e5d1e366b4c5c36aae682bc960c4,SO72687,150,LJ-0192-L,3,150,8920fd63645007b243abb750709b1172
14725,86e0fc464cbb08ae74bd039224afec9a,38c9e5d1e366b4c5c36aae682bc960c4,SO72687,35,TI-M823,1,35,8920fd63645007b243abb750709b1172
14725,86e0fc464cbb08ae74bd039224afec9a,38c9e5d1e366b4c5c36aae682bc960c4,SO72687,5,TT-M928,1,5,8920fd63645007b243abb750709b1172
14725,f8025d3776b5f7522a6120cb4e9e0783,2d6e054ac82934d489c58cc8399a1628,SO61612,2,PK-7098,1,2,d945ec2aae74dbfb829453026b91c235
14725,f8025d3776b5f7522a6120cb4e9e0783,2d6e054ac82934d489c58cc8399a1628,SO61612,120,RA-H123,1,120,d945ec2aae74dbfb829453026b91c235
14725,f8025d3776b5f7522a6120cb4e9e0783,2d6e054ac82934d489c58cc8399a1628,SO61612,33,TI-R982,1,33,d945ec2aae74dbfb829453026b91c235
14725,f8025d3776b5f7522a6120cb4e9e0783,2d6e054ac82934d489c58cc8399a1628,SO61612,4,TT-R982,1,4,d945ec2aae74dbfb829453026b91c235
14726,4eec6eda382b9c44e240ad4b4b5e9cc0,f75e5f8c15ca91ec5c869dc3881f574f,SO64711,10,BC-M005,1,10,94b225b5b1f09ecd5e8ecdfb681ff04c
14726,4eec6eda382b9c44e240ad4b4b5e9cc0,f75e5f8c15ca91ec5c869dc3881f574f,SO64711,769,BK-M38S-46,1,769,94b225b5b1f09ecd5e8ecdfb681ff04c
14726,4eec6eda382b9c44e240ad4b4b5e9cc0,f75e5f8c15ca91ec5c869dc3881f574f,SO64711,5,WB-H098,1,5,94b225b5b1f09ecd5e8ecdfb681ff04c
14726,d1a0ae4091e3b6f5d980e57269582a68,5ce02f5278d5a046fd38c1ba26b17b9a,SO45227,1398,BK-R50R-60,2,1398,38c343b5c13f75876efc9310060cce67
14727,9b388942f77042c20d2cf762e3bde6f6,51aeb01fbbe1b86816ccd49f6e3042a1,SO45117,1398,BK-R50B-52,2,1398,4203367f75691615833ed21a18072519
14727,abe94c2111c58e9c9672602d41bce66e,0149f124a48640c62d90840ac5760331,SO64154,769,BK-M38S-38,1,769,99b7e934795a93975a5e0c0b9b57d9ba
14727,abe94c2111c58e9c9672602d41bce66e,0149f124a48640c62d90840ac5760331,SO64154,48,GL-H102-L,2,48,99b7e934795a93975a5e0c0b9b57d9ba
14727,abe94c2111c58e9c9672602d41bce66e,0149f124a48640c62d90840ac5760331,SO64154,70,SH-W890-L,1,70,99b7e934795a93975a5e0c0b9b57d9ba
14728,3f0c8308e4e2e5c4ddc1b7e19304f613,61e00b038efd34bdf9c747596273cbcf,SO64834,769,BK-M38S-46,1,769,232e830f1ac667c081eaaca23cdf9b5f
14728,3f0c8308e4e2e5c4ddc1b7e19304f613,61e00b038efd34bdf9c747596273cbcf,SO64834,48,GL-H102-M,2,48,232e830f1ac667c081eaaca23cdf9b5f
14728,3f0c8308e4e2e5c4ddc1b7e19304f613,61e00b038efd34bdf9c747596273cbcf,SO64834,70,SH-W890-S,1,70,232e830f1ac667c081eaaca23cdf9b5f
14728,f67ef19fd32e1f419c98c684dc9a20e0,86cf66ad58c4073cc4d377971f1518f3,SO45222,1398,BK-R50R-52,2,1398,e10208f8f7fcc7abfebbaa11e0a5d9a5
14729,5c741aa8e0753be65314a304e7b39c14,d945ec2aae74dbfb829453026b91c235,SO62050,5,TT-M928,1,5,7ee641303ef8d8b10d0ed00a060c73cc
14730,46ceb00d77d3de79a22e210dbcfc6a93,29f704a15c85c5c5a8ad8422095ae44c,SO45504,1398,BK-R50B-48,2,1398,528a71a866e16a51a12c928f3867fc40
14730,d7f57f35d2bad1349ca24a67a2635eea,5432d51ee94799c0125bb158c8a8bd22,SO74086,1701,BK-R79Y-42,1,1701,1ba7e8cdf85da6cf5e11554703236b52
14730,d7f57f35d2bad1349ca24a67a2635eea,5432d51ee94799c0125bb158c8a8bd22,SO74086,159,ST-1401,1,159,1ba7e8cdf85da6cf5e11554703236b52
14730,d7f57f35d2bad1349ca24a67a2635eea,5432d51ee94799c0125bb158c8a8bd22,SO74086,25,TI-R628,1,25,1ba7e8cdf85da6cf5e11554703236b52
14730,d7f57f35d2bad1349ca24a67a2635eea,5432d51ee94799c0125bb158c8a8bd22,SO74086,4,TT-R982,1,4,1ba7e8cdf85da6cf5e11554703236b52
14731,41ef6b06b63ba4f6a5234245a439b157,c4c454d69a39e60a6f5cf2f97148adad,SO72636,1701,BK-R79Y-44,1,1701,545a3d56d20b22e09aa85bfa5ed8738d
14731,41ef6b06b63ba4f6a5234245a439b157,c4c454d69a39e60a6f5cf2f97148adad,SO72636,105,HL-U509-R,3,105,545a3d56d20b22e09aa85bfa5ed8738d
14731,ddb42f46f96f9e6cff404ed309f79051,12f7b41c44093026f4726315fac19fd6,SO45493,1398,BK-R50R-58,2,1398,2e2f00bd76bf684c963392e80aa33f5c
14732,17b5405b2f84fb3c49c98faa3667396c,593d65a6acc20f05e8f0ed19632bf61e,SO45368,1398,BK-R50R-48,2,1398,26bea7aeb1e663560418f8837927a87a
14732,8920fd63645007b243abb750709b1172,58c4ce5b9433e7b6d41793d5a76d5590,SO72348,1701,BK-R79Y-44,1,1701,0d3057f268050d468f468434f8ec809a
14732,8920fd63645007b243abb750709b1172,58c4ce5b9433e7b6d41793d5a76d5590,SO72348,150,LJ-0192-X,3,150,0d3057f268050d468f468434f8ec809a
14733,76e3c19dbb0dadc4c6dc771d856e4676,ad4fbe0c82c7e5968d4cf22c2ad19e28,SO53343,2240,BK-R64Y-42,2,2240,15699e35c72c4036c71409f3f3d69528
14733,76e3c19dbb0dadc4c6dc771d856e4676,ad4fbe0c82c7e5968d4cf22c2ad19e28,SO53343,105,HL-U509-R,3,105,15699e35c72c4036c71409f3f3d69528
14733,e2bf301e1756834cb191a4103f0de32a,38c343b5c13f75876efc9310060cce67,SO45347,1398,BK-R50B-52,2,1398,276d128fe3aa57f2302ada8154e97cc2
14734,42abc105a78a8da94e36739d809b5613,d1a0ae4091e3b6f5d980e57269582a68,SO45383,1398,BK-R50B-58,2,1398,e2bf301e1756834cb191a4103f0de32a
14734,51c449e55b4a63a16fb45beb689150d5,18bea060239713ee5f865109f63f3a8a,SO53659,2240,BK-R64Y-44,2,2240,714597fe9448176d17876617114a65bc
14734,51c449e55b4a63a16fb45beb689150d5,18bea060239713ee5f865109f63f3a8a,SO53659,105,HL-U509,3,105,714597fe9448176d17876617114a65bc
14735,42abc105a78a8da94e36739d809b5613,d1a0ae4091e3b6f5d980e57269582a68,SO45385,1398,BK-R50B-60,2,1398,e2bf301e1756834cb191a4103f0de32a
14735,4310d0d92131e34ff2716d85e1953174,90c6314650a0d54fdcabe5cd5406f9af,SO54654,2240,BK-R64Y-48,2,2240,d3c54b4368c62c2ff11535bf2b677170
14735,4310d0d92131e34ff2716d85e1953174,90c6314650a0d54fdcabe5cd5406f9af,SO54654,105,HL-U509,3,105,d3c54b4368c62c2ff11535bf2b677170
14736,41464bd548f06ca845208f69df30ac82,15aceb75d86814cb479f1b1a9487c3d4,SO53702,22,FE-6654,1,22,3e48b2167bd86ef570e46d0b286c4f74
14736,41464bd548f06ca845208f69df30ac82,15aceb75d86814cb479f1b1a9487c3d4,SO53702,64,VE-C304-S,1,64,3e48b2167bd86ef570e46d0b286c4f74
14737,b0b2c17e5682f78d8fc262463fd0a4f3,375bde15092f45652b6398c1dff650d0,SO58015,2240,BK-R64Y-48,2,2240,5e1b952a22eccca86f7f056a9efb42a4
14737,b0b2c17e5682f78d8fc262463fd0a4f3,375bde15092f45652b6398c1dff650d0,SO58015,54,SJ-0194-L,1,54,5e1b952a22eccca86f7f056a9efb42a4
14737,ee7b4e75b13596004256c5044792aa3c,9e1ca98ed14275c163df7ca9189e23a7,SO45486,1398,BK-R50R-62,2,1398,d3f5e9e78b4eff50303cc34a8bd9fa20
14738,9bf4969b0d30a237d93ba8c97a302ad0,fc818380249389b9a3c3d3305d0d92a5,SO45666,1398,BK-R50R-44,2,1398,78339826b5905c235d846a82cce76116
14738,eea5b3bd1bd5d5c62a1d22f78d3ba263,c87874400b9f907bdf9ea37d75a4b341,SO65489,769,BK-M38S-40,1,769,a1fedb8f5f2e08543339a5f167bee6b7
14738,eea5b3bd1bd5d5c62a1d22f78d3ba263,c87874400b9f907bdf9ea37d75a4b341,SO65489,105,HL-U509-R,3,105,a1fedb8f5f2e08543339a5f167bee6b7
14739,90b02462c4aa07aa9f640001bc1770d2,9bf4969b0d30a237d93ba8c97a302ad0,SO45751,1398,BK-R50B-48,2,1398,b75498e8e390851f18bb4c3cc467c09b
14739,c507827aa5f4f6bbedf64058461c621b,6d1d8a1c7851eb5a946d45009cea6d9f,SO66476,769,BK-M38S-40,1,769,dfcee565bb2da80a7b76451a5cd314a1
14739,c507827aa5f4f6bbedf64058461c621b,6d1d8a1c7851eb5a946d45009cea6d9f,SO66476,2,PK-7098,1,2,dfcee565bb2da80a7b76451a5cd314a1
14739,c507827aa5f4f6bbedf64058461c621b,6d1d8a1c7851eb5a946d45009cea6d9f,SO66476,30,TI-M602,1,30,dfcee565bb2da80a7b76451a5cd314a1
14740,6d1d8a1c7851eb5a946d45009cea6d9f,3f0c8308e4e2e5c4ddc1b7e19304f613,SO65722,10,BC-M005,1,10,6582aa26281b9a92ad60e6a03e274c00
14740,6d1d8a1c7851eb5a946d45009cea6d9f,3f0c8308e4e2e5c4ddc1b7e19304f613,SO65722,769,BK-M38S-42,1,769,6582aa26281b9a92ad60e6a03e274c00
14740,6d1d8a1c7851eb5a946d45009cea6d9f,3f0c8308e4e2e5c4ddc1b7e19304f613,SO65722,150,LJ-0192-M,3,150,6582aa26281b9a92ad60e6a03e274c00
14740,6d1d8a1c7851eb5a946d45009cea6d9f,3f0c8308e4e2e5c4ddc1b7e19304f613,SO65722,5,WB-H098,1,5,6582aa26281b9a92ad60e6a03e274c00
14740,f036f125fefcf3b1a561961fcdc80496,d3f5e9e78b4eff50303cc34a8bd9fa20,SO45597,1398,BK-R50R-48,2,1398,46ceb00d77d3de79a22e210dbcfc6a93
14741,97cd5e56c90f7c4d613dc94c51d72999,01fa6f8199200216ae5fb86e25570605,SO45688,1398,BK-R50R-58,2,1398,350462f2d0124beb0d7adf60dd79a8b8
14741,cd15e5f80ff20dd345bfaa51400dd0d6,3a2f313512bb520c43971e54ba834dec,SO66684,769,BK-M38S-46,1,769,4efe8b2ca156042f8a3d8dd6aba54520
14741,cd15e5f80ff20dd345bfaa51400dd0d6,3a2f313512bb520c43971e54ba834dec,SO66684,150,LJ-0192-S,3,150,4efe8b2ca156042f8a3d8dd6aba54520
14741,cd15e5f80ff20dd345bfaa51400dd0d6,3a2f313512bb520c43971e54ba834dec,SO66684,70,SH-W890-M,1,70,4efe8b2ca156042f8a3d8dd6aba54520
14742,58f0b42da53adeeccbfa693883fea672,8c9ec1be720ee75d56d0c250d10610fa,SO64406,2,PK-7098,1,2,d4746e41b619da57ee9f1a2e2cc254e8
14742,58f0b42da53adeeccbfa693883fea672,8c9ec1be720ee75d56d0c250d10610fa,SO64406,5,TT-M928,1,5,d4746e41b619da57ee9f1a2e2cc254e8
14743,f8025d3776b5f7522a6120cb4e9e0783,2d6e054ac82934d489c58cc8399a1628,SO61620,48,GL-H102-S,2,48,d945ec2aae74dbfb829453026b91c235
14743,f8025d3776b5f7522a6120cb4e9e0783,2d6e054ac82934d489c58cc8399a1628,SO61620,105,HL-U509,3,105,d945ec2aae74dbfb829453026b91c235
14743,f8025d3776b5f7522a6120cb4e9e0783,2d6e054ac82934d489c58cc8399a1628,SO61620,5,TT-M928,1,5,d945ec2aae74dbfb829453026b91c235
14744,058af5b2a408d57b708367e5bf4e9d9c,e82ca4c6beebe812f10fa1041b97a160,SO66812,769,BK-M38S-40,1,769,c507827aa5f4f6bbedf64058461c621b
14744,058af5b2a408d57b708367e5bf4e9d9c,e82ca4c6beebe812f10fa1041b97a160,SO66812,2,PK-7098,1,2,c507827aa5f4f6bbedf64058461c621b
14744,058af5b2a408d57b708367e5bf4e9d9c,e82ca4c6beebe812f10fa1041b97a160,SO66812,30,TI-M602,1,30,c507827aa5f4f6bbedf64058461c621b
14744,058af5b2a408d57b708367e5bf4e9d9c,e82ca4c6beebe812f10fa1041b97a160,SO66812,5,TT-M928,1,5,c507827aa5f4f6bbedf64058461c621b
14744,f036f125fefcf3b1a561961fcdc80496,d3f5e9e78b4eff50303cc34a8bd9fa20,SO45598,1398,BK-R50B-48,2,1398,46ceb00d77d3de79a22e210dbcfc6a93
14745,3a23b248b732af434a45fce0302aa11f,db2f6a564b6f5f41253c68874b50962b,SO62981,769,BK-M38S-38,1,769,290499d9b8e65db426ba9b842714eb6d
14745,3a23b248b732af434a45fce0302aa11f,db2f6a564b6f5f41253c68874b50962b,SO62981,27,CA-1098,3,27,290499d9b8e65db426ba9b842714eb6d
14745,3a23b248b732af434a45fce0302aa11f,db2f6a564b6f5f41253c68874b50962b,SO62981,70,SH-W890-M,1,70,290499d9b8e65db426ba9b842714eb6d
14745,3a23b248b732af434a45fce0302aa11f,db2f6a564b6f5f41253c68874b50962b,SO62981,54,SJ-0194-L,1,54,290499d9b8e65db426ba9b842714eb6d
14746,3dc63b2d6dcc8f0b6720b06b5439a0b1,8d1d4829b2e801ba4e41ba48f5a549d4,SO66298,769,BK-M38S-42,1,769,6ef7b4bb93d4e54234cf965ed2334682
14746,3dc63b2d6dcc8f0b6720b06b5439a0b1,8d1d4829b2e801ba4e41ba48f5a549d4,SO66298,150,LJ-0192-X,3,150,6ef7b4bb93d4e54234cf965ed2334682
14746,3dc63b2d6dcc8f0b6720b06b5439a0b1,8d1d4829b2e801ba4e41ba48f5a549d4,SO66298,70,SH-W890-S,1,70,6ef7b4bb93d4e54234cf965ed2334682
14746,78339826b5905c235d846a82cce76116,ddb42f46f96f9e6cff404ed309f79051,SO45638,1398,BK-R50R-62,2,1398,b673025477c2a9a0524b27adc18ee543
14747,65e68a57e397cec5452983179d80edc2,13af0cd214494c6df4622847478d94fe,SO45698,1398,BK-R50R-44,2,1398,2e19cf4ec5f6b0d897c8d5b873a164e5
14747,8e8847c1bdf012037ee13bb62da8a5c1,c507827aa5f4f6bbedf64058461c621b,SO67236,769,BK-M38S-40,1,769,6dd75c28a9a8a39e02bc0a175f82a9f3
14747,8e8847c1bdf012037ee13bb62da8a5c1,c507827aa5f4f6bbedf64058461c621b,SO67236,105,HL-U509-R,3,105,6dd75c28a9a8a39e02bc0a175f82a9f3
14748,81a5d08c6beaeec9e42baae5d63dd780,95103530881768b5cfc7e33970db9cd7,SO63316,120,RA-H123,1,120,b210069485754303767745919c328b97
14748,81a5d08c6beaeec9e42baae5d63dd780,95103530881768b5cfc7e33970db9cd7,SO63316,5,TT-M928,1,5,b210069485754303767745919c328b97
14749,0c8ff735cb2b05718573c08173335fd4,1685ca8ff12ea83725a1c35e1d89c5cd,SO54495,27,CA-1098,3,27,b8d9d66529b0a1e91f6137abcdd065dd
14749,0c8ff735cb2b05718573c08173335fd4,1685ca8ff12ea83725a1c35e1d89c5cd,SO54495,105,HL-U509,3,105,b8d9d66529b0a1e91f6137abcdd065dd
14749,0c8ff735cb2b05718573c08173335fd4,1685ca8ff12ea83725a1c35e1d89c5cd,SO54495,150,LJ-0192-L,3,150,b8d9d66529b0a1e91f6137abcdd065dd
14749,0c8ff735cb2b05718573c08173335fd4,1685ca8ff12ea83725a1c35e1d89c5cd,SO54495,5,TT-M928,1,5,b8d9d66529b0a1e91f6137abcdd065dd
14750,65e68a57e397cec5452983179d80edc2,13af0cd214494c6df4622847478d94fe,SO45699,1398,BK-R50B-62,2,1398,2e19cf4ec5f6b0d897c8d5b873a164e5
14750,b322422d9a721bbdefa133133dd407c1,07b7d2aed13a63a16377587dcc0abbe8,SO66864,769,BK-M38S-38,1,769,2296af5563b2061aa1d88124a37eecb7
14750,b322422d9a721bbdefa133133dd407c1,07b7d2aed13a63a16377587dcc0abbe8,SO66864,48,GL-H102-S,2,48,2296af5563b2061aa1d88124a37eecb7
14750,b322422d9a721bbdefa133133dd407c1,07b7d2aed13a63a16377587dcc0abbe8,SO66864,150,LJ-0192-X,3,150,2296af5563b2061aa1d88124a37eecb7
14750,b322422d9a721bbdefa133133dd407c1,07b7d2aed13a63a16377587dcc0abbe8,SO66864,70,SH-W890-S,1,70,2296af5563b2061aa1d88124a37eecb7
14751,4cc27df81afd686c0420394e090460cb,39ff8ac1e8a44088f96e17b846ec8baf,SO61295,2,PK-7098,1,2,6477c205c5117a9448ba863e111acf32
14751,4cc27df81afd686c0420394e090460cb,39ff8ac1e8a44088f96e17b846ec8baf,SO61295,5,TT-M928,1,5,6477c205c5117a9448ba863e111acf32
14752,4004a117f65dfd3221a9cce8fce5a45f,6ef7b4bb93d4e54234cf965ed2334682,SO66738,769,BK-M38S-38,1,769,0120f4004ede1143c3be6caa4227affe
14752,4004a117f65dfd3221a9cce8fce5a45f,6ef7b4bb93d4e54234cf965ed2334682,SO66738,48,GL-H102-M,2,48,0120f4004ede1143c3be6caa4227affe
14752,4004a117f65dfd3221a9cce8fce5a45f,6ef7b4bb93d4e54234cf965ed2334682,SO66738,105,HL-U509-R,3,105,0120f4004ede1143c3be6caa4227affe
14752,cf4f13c16dae1f2408e65c290fefcbaa,17aa93a3dd7f6454bc0d81beb182a5e6,SO46019,1398,BK-R50B-48,2,1398,2fdcff2fdbe32f29016778bbf2d2634c
14753,6dd75c28a9a8a39e02bc0a175f82a9f3,dfcee565bb2da80a7b76451a5cd314a1,SO66920,769,BK-M38S-46,1,769,f88b3743a9ce1f9455b6de69380b486a
14753,ee0fcf6f6c7f398dea5b39f50af66f66,1b30ec3bcb718d69a0b3a02c36113181,SO45828,1398,BK-R50R-52,2,1398,46b4f921be4883580ee6326a1e99fcfc
14754,a1d0c0a14c6c8f8a8ef8220209c23a64,05e7920e8caf0303dc01b77666952b75,SO66993,769,BK-M38S-38,1,769,cd15e5f80ff20dd345bfaa51400dd0d6
14754,a1d0c0a14c6c8f8a8ef8220209c23a64,05e7920e8caf0303dc01b77666952b75,SO66993,2,PK-7098,1,2,cd15e5f80ff20dd345bfaa51400dd0d6
14754,a1d0c0a14c6c8f8a8ef8220209c23a64,05e7920e8caf0303dc01b77666952b75,SO66993,30,TI-M602,1,30,cd15e5f80ff20dd345bfaa51400dd0d6
14754,d5bc8f6048b5d9c5610a083b3df65c9e,90b02462c4aa07aa9f640001bc1770d2,SO45855,1398,BK-R50B-44,2,1398,1f760221df457e3dd3ffaf756be2b521
14755,2fdcff2fdbe32f29016778bbf2d2634c,00c0d1d4fb14e331ca9e478a9afc945d,SO45975,1398,BK-R50R-62,2,1398,1f46035fc72c89f13de95ed295e3f737
14755,8e8847c1bdf012037ee13bb62da8a5c1,c507827aa5f4f6bbedf64058461c621b,SO67238,769,BK-M38S-46,1,769,6dd75c28a9a8a39e02bc0a175f82a9f3
14755,8e8847c1bdf012037ee13bb62da8a5c1,c507827aa5f4f6bbedf64058461c621b,SO67238,70,SH-W890-S,1,70,6dd75c28a9a8a39e02bc0a175f82a9f3
14755,8e8847c1bdf012037ee13bb62da8a5c1,c507827aa5f4f6bbedf64058461c621b,SO67238,54,SJ-0194-M,1,54,6dd75c28a9a8a39e02bc0a175f82a9f3
14756,59901f77a5f45f9e1a4ab8a7a016680f,f4d4667dc106e39215fdb27a09c25150,SO45997,1398,BK-R50R-62,2,1398,4539d5ac3ea4fd1548956fea790162f5
14756,93ddc10d6cf61153011df052aa76671f,7299e51cfc0d5174743a6701a8a96488,SO65666,769,BK-M38S-40,1,769,02b96ab6e0935145589be4e1408a1675
14756,93ddc10d6cf61153011df052aa76671f,7299e51cfc0d5174743a6701a8a96488,SO65666,150,LJ-0192-M,3,150,02b96ab6e0935145589be4e1408a1675
14756,93ddc10d6cf61153011df052aa76671f,7299e51cfc0d5174743a6701a8a96488,SO65666,70,SH-W890-S,1,70,02b96ab6e0935145589be4e1408a1675
14757,1f46035fc72c89f13de95ed295e3f737,e1c989a8683174b4fd778fa463ff0253,SO45939,1398,BK-R50B-60,2,1398,a3e65268044e3e2a027f7c5bd50d1a88
14757,6ef7b4bb93d4e54234cf965ed2334682,ccf89c691dabb1412404274596922d90,SO65998,769,BK-M38S-46,1,769,93ddc10d6cf61153011df052aa76671f
14757,6ef7b4bb93d4e54234cf965ed2334682,ccf89c691dabb1412404274596922d90,SO65998,70,SH-W890-S,1,70,93ddc10d6cf61153011df052aa76671f
14758,40883861f6e25a2e09e848a7891f4f38,eba5233d2dd8ea5031e646882335ece0,SO57450,105,HL-U509,3,105,d76e0ba1fa041675ae9af958c5b41ae4
14758,40883861f6e25a2e09e848a7891f4f38,eba5233d2dd8ea5031e646882335ece0,SO57450,5,TT-M928,1,5,d76e0ba1fa041675ae9af958c5b41ae4
14759,54d3ba66c5e71d3112695b882ca2030e,e4b40b4ba619c72ec5a69caad258d393,SO74573,2,PK-7098,1,2,40eee601514259a9632d510ca71226cc
14759,54d3ba66c5e71d3112695b882ca2030e,e4b40b4ba619c72ec5a69caad258d393,SO74573,5,TT-M928,1,5,40eee601514259a9632d510ca71226cc
14760,0d15ba5aa4c9ad0377b26e0cf7a86280,b21e833d3ead6056f1265f13fe1ff015,SO61462,2,PK-7098,1,2,4a70a3ec50fd16032883bf6fc79c55dd
14760,0d15ba5aa4c9ad0377b26e0cf7a86280,b21e833d3ead6056f1265f13fe1ff015,SO61462,35,TI-M823,1,35,4a70a3ec50fd16032883bf6fc79c55dd
14760,254d832c83ccdb2c33eab65a4fd196ff,75fe8d7dec9d2a51be64595ab37dc674,SO59520,10,BC-M005,1,10,4a800301260b2639fa1ec3efafb5f86c
14760,aa14ddbc43aa2d3be1e6ac019bb7b5bc,dcf73f840a50da0145f24e8e0169dc4b,SO72880,150,LJ-0192-M,3,150,a6f2945baeceeef4c8d541a22f6e99e9
14760,aa14ddbc43aa2d3be1e6ac019bb7b5bc,dcf73f840a50da0145f24e8e0169dc4b,SO72880,70,SH-W890-L,1,70,a6f2945baeceeef4c8d541a22f6e99e9
14761,b8cc77f0099ae7d3a20b9f0b74d70b12,70ad7386c1fe794c57fa3908ff22435d,SO52190,105,HL-U509,3,105,5e9b4970006d8f02ba0bc1763fa8b9a6
14761,b8cc77f0099ae7d3a20b9f0b74d70b12,70ad7386c1fe794c57fa3908ff22435d,SO52190,5,TT-M928,1,5,5e9b4970006d8f02ba0bc1763fa8b9a6
14762,0383d48e76cd8a3dfb9e2a890f2cac18,d6fb379288416774d139632beb88e26b,SO60988,5,TT-M928,1,5,883b9b4170853b321c03290f64ba199f
14763,c87874400b9f907bdf9ea37d75a4b341,23bd9a9b90557e9da7babfb8e3d2df22,SO64557,5,TT-M928,1,5,8b9fe4b34e3c54f08bfcac3d9691e260
14764,a6f2945baeceeef4c8d541a22f6e99e9,d5985f40495ba672dff8a99620b879c8,SO72534,2,PK-7098,1,2,95a2a9aefc393f8630e934768cacf4cd
14764,a6f2945baeceeef4c8d541a22f6e99e9,d5985f40495ba672dff8a99620b879c8,SO72534,5,TT-M928,1,5,95a2a9aefc393f8630e934768cacf4cd
14765,13b7c2277967bc61802018c764b5b2a0,9c55d6518880c1abf100a24da2546368,SO74514,2,PK-7098,1,2,0e000451f430d2e5b745a08b4ee7836c
14765,13b7c2277967bc61802018c764b5b2a0,9c55d6518880c1abf100a24da2546368,SO74514,33,TI-R982,1,33,0e000451f430d2e5b745a08b4ee7836c
14765,3a2f313512bb520c43971e54ba834dec,a1fedb8f5f2e08543339a5f167bee6b7,SO65901,10,BC-M005,1,10,e2f0a420a4c1a9e8e292761f835e0489
14765,a1fedb8f5f2e08543339a5f167bee6b7,8b9fe4b34e3c54f08bfcac3d9691e260,SO64996,105,HL-U509,3,105,4eec6eda382b9c44e240ad4b4b5e9cc0
14765,a1fedb8f5f2e08543339a5f167bee6b7,8b9fe4b34e3c54f08bfcac3d9691e260,SO64996,35,TI-M823,1,35,4eec6eda382b9c44e240ad4b4b5e9cc0
14765,a1fedb8f5f2e08543339a5f167bee6b7,8b9fe4b34e3c54f08bfcac3d9691e260,SO64996,5,TT-M928,1,5,4eec6eda382b9c44e240ad4b4b5e9cc0
14766,d5985f40495ba672dff8a99620b879c8,a9adf65abbb865184bf924d14a93d0c4,SO71524,5,TT-M928,1,5,8f472ffe3ff3109f420ae91355ff8f3f
14767,de5009f9bf3e9725d2381f4a5e913111,2296af5563b2061aa1d88124a37eecb7,SO67375,8,CL-9009,1,8,a1d0c0a14c6c8f8a8ef8220209c23a64
14767,de5009f9bf3e9725d2381f4a5e913111,2296af5563b2061aa1d88124a37eecb7,SO67375,22,FE-6654,1,22,a1d0c0a14c6c8f8a8ef8220209c23a64
14768,9e8cbc3edbb5efb3f48d6afb260e4725,174acf6ca4e9804d47a59a499422e621,SO59232,22,FE-6654,1,22,640540d73b85c3ecd2e3bf5541686e87
14768,9e8cbc3edbb5efb3f48d6afb260e4725,174acf6ca4e9804d47a59a499422e621,SO59232,105,HL-U509-R,3,105,640540d73b85c3ecd2e3bf5541686e87
14768,9e8cbc3edbb5efb3f48d6afb260e4725,174acf6ca4e9804d47a59a499422e621,SO59232,150,LJ-0192-L,3,150,640540d73b85c3ecd2e3bf5541686e87
14769,702a02712215141594ddf8e52b0a651c,cd15e5f80ff20dd345bfaa51400dd0d6,SO67499,769,BK-M38S-46,1,769,caa707f97407c07371136aaf471a91d4
14769,702a02712215141594ddf8e52b0a651c,cd15e5f80ff20dd345bfaa51400dd0d6,SO67499,150,LJ-0192-M,3,150,caa707f97407c07371136aaf471a91d4
14769,e326f919619dfb88508877586e312f4c,bf88ef1a27a7c08ac5123685d7229944,SO45623,3578,BK-R93R-44,1,3578,fc818380249389b9a3c3d3305d0d92a5
14770,ca38f30e56a72f4d0c8d2264322c5862,de5009f9bf3e9725d2381f4a5e913111,SO68160,4590,BK-M68B-46,2,4590,7e15f50bd26e439e6a22f5205a8064db
14770,ca38f30e56a72f4d0c8d2264322c5862,de5009f9bf3e9725d2381f4a5e913111,SO68160,105,HL-U509-B,3,105,7e15f50bd26e439e6a22f5205a8064db
14770,cae5717327bee7d74e261c550aa5081f,18025e6a8791d350428f65c0783ebd99,SO56744,742,BK-T18U-50,1,742,ed268f8f3837888893f896b7240f1254
14770,cae5717327bee7d74e261c550aa5081f,18025e6a8791d350428f65c0783ebd99,SO56744,29,TI-T723,1,29,ed268f8f3837888893f896b7240f1254
14770,efb944cb000716b997c2d0fb263d30ad,11b3d48fc77bf2f9079ba4e1d713d8c7,SO45016,3578,BK-R93R-62,1,3578,d3eeaeda5049634d28ea066923698901
14771,3519c8eb4095dbc69d80eb61856d3435,6e5c4b769f8f70f9fd01b24ba5be9695,SO55601,9,BC-R205,1,9,d6ab5a0eee939524352092b964d92b84
14771,3519c8eb4095dbc69d80eb61856d3435,6e5c4b769f8f70f9fd01b24ba5be9695,SO55601,742,BK-T18U-44,1,742,d6ab5a0eee939524352092b964d92b84
14771,3519c8eb4095dbc69d80eb61856d3435,6e5c4b769f8f70f9fd01b24ba5be9695,SO55601,5,WB-H098,1,5,d6ab5a0eee939524352092b964d92b84
14771,66e56e10b0f528b66a45e307ecdf4774,691ad1b0dca3643b923973defd014d47,SO68547,4640,BK-M68S-38,2,4640,8eb7a1b0dba9fdd5f4248b9cb6b9119b
14771,66e56e10b0f528b66a45e307ecdf4774,691ad1b0dca3643b923973defd014d47,SO68547,105,HL-U509,3,105,8eb7a1b0dba9fdd5f4248b9cb6b9119b
14771,b0533b36d073e7b905a5da8878aaa59c,1863d57986d1ff09ff1b6e4a7b1cbce6,SO44934,3578,BK-R93R-48,1,3578,1b4ad6f2870d20368322123ed8553459
14772,3fe686907939d07097f6c87f08025422,8eb7a1b0dba9fdd5f4248b9cb6b9119b,SO69029,769,BK-M38S-38,1,769,e5114f65ece65e14e7b721dab1e674e0
14772,3fe686907939d07097f6c87f08025422,8eb7a1b0dba9fdd5f4248b9cb6b9119b,SO69029,2,PK-7098,1,2,e5114f65ece65e14e7b721dab1e674e0
14772,3fe686907939d07097f6c87f08025422,8eb7a1b0dba9fdd5f4248b9cb6b9119b,SO69029,30,TI-M602,1,30,e5114f65ece65e14e7b721dab1e674e0
14772,a7b6562d6af25035e375b23034715469,b072685f839bf660f163321d570bd4df,SO45704,3578,BK-R93R-48,1,3578,4f477db88196607e3dbfd0139d6028b5
14773,427e6053bc13a556e37f64ff8e1619fb,7b70c83cb5595922297dfb93de1549d3,SO47759,4364,BK-R89B-48,2,4364,29811b471c7da705b519bb457273565b
14773,4ddc8821c34bceaf3dba4a18741acca3,af1457846a79173ef71dd9d5dd69805a,SO61097,4590,BK-M68B-42,2,4590,2d6e054ac82934d489c58cc8399a1628
14773,4ddc8821c34bceaf3dba4a18741acca3,af1457846a79173ef71dd9d5dd69805a,SO61097,120,RA-H123,1,120,2d6e054ac82934d489c58cc8399a1628
14773,ac15b60491fe99190c0248790e690757,ab2e81a99745ffff6c06e2be93290d1b,SO54820,2384,BK-T79U-60,1,2384,0c8ff735cb2b05718573c08173335fd4
14773,ac15b60491fe99190c0248790e690757,ab2e81a99745ffff6c06e2be93290d1b,SO54820,105,HL-U509-B,3,105,0c8ff735cb2b05718573c08173335fd4
14774,013f173c58073e845f675d26fdde1918,ccb91034934bb047c5f6a32eb289b95b,SO60520,4590,BK-M68B-42,2,4590,d6fb379288416774d139632beb88e26b
14774,a6f2945baeceeef4c8d541a22f6e99e9,d5985f40495ba672dff8a99620b879c8,SO72578,540,BK-R19B-52,1,540,95a2a9aefc393f8630e934768cacf4cd
14774,a6f2945baeceeef4c8d541a22f6e99e9,d5985f40495ba672dff8a99620b879c8,SO72578,21,TI-R092,1,21,95a2a9aefc393f8630e934768cacf4cd
14774,b673025477c2a9a0524b27adc18ee543,2e2f00bd76bf684c963392e80aa33f5c,SO45609,3578,BK-R93R-44,1,3578,4aed0f4e82a51c3f853b8a3df8d808eb
14775,254d832c83ccdb2c33eab65a4fd196ff,75fe8d7dec9d2a51be64595ab37dc674,SO59489,4590,BK-M68B-46,2,4590,4a800301260b2639fa1ec3efafb5f86c
14775,254d832c83ccdb2c33eab65a4fd196ff,75fe8d7dec9d2a51be64595ab37dc674,SO59489,22,FE-6654,1,22,4a800301260b2639fa1ec3efafb5f86c
14775,254d832c83ccdb2c33eab65a4fd196ff,75fe8d7dec9d2a51be64595ab37dc674,SO59489,150,LJ-0192-M,3,150,4a800301260b2639fa1ec3efafb5f86c
14775,254d832c83ccdb2c33eab65a4fd196ff,75fe8d7dec9d2a51be64595ab37dc674,SO59489,35,TI-M823,1,35,4a800301260b2639fa1ec3efafb5f86c
14775,254d832c83ccdb2c33eab65a4fd196ff,75fe8d7dec9d2a51be64595ab37dc674,SO59489,5,TT-M928,1,5,4a800301260b2639fa1ec3efafb5f86c
14775,9bbc713be22755b8ea8e3b596e06edd2,9f14679403a464909296961b7547fa87,SO51299,2384,BK-T79U-50,1,2384,78cee6501c10922e466c02f814c8627b
14775,9bbc713be22755b8ea8e3b596e06edd2,9f14679403a464909296961b7547fa87,SO51299,105,HL-U509-B,3,105,78cee6501c10922e466c02f814c8627b
14775,b072685f839bf660f163321d570bd4df,ee7b4e75b13596004256c5044792aa3c,SO45632,3578,BK-R93R-56,1,3578,f036f125fefcf3b1a561961fcdc80496
14776,c5a17660293447cbe93ad42b9ba5965c,28bccfdf72994294d98126fdf32256b0,SO44974,3578,BK-R93R-48,1,3578,f9ddb47946744febeaa9d83b982c0fdd
14776,c7390752782466cfc9a3ed7d3a79e046,0001ffe4d82d0d8f9fec5ab0b4faa2db,SO67909,4590,BK-M68B-46,2,4590,16e364d19895243407b256ec272d5394
14776,c7390752782466cfc9a3ed7d3a79e046,0001ffe4d82d0d8f9fec5ab0b4faa2db,SO67909,105,HL-U509-B,3,105,16e364d19895243407b256ec272d5394
14777,58fbfe4a809a492f7e56c87487b71b73,57b54c3c954c0d7d91d289b81191de06,SO44817,3578,BK-R93R-48,1,3578,e94c59408a716e0880e846ed2af22ab6
14777,70951886788165a5e2439adfce4d0cce,ca38f30e56a72f4d0c8d2264322c5862,SO68965,10,BC-M005,1,10,c885741a5e3e55c84950327011b70289
14777,70951886788165a5e2439adfce4d0cce,ca38f30e56a72f4d0c8d2264322c5862,SO68965,4590,BK-M68B-38,2,4590,c885741a5e3e55c84950327011b70289
14777,70951886788165a5e2439adfce4d0cce,ca38f30e56a72f4d0c8d2264322c5862,SO68965,105,HL-U509-B,3,105,c885741a5e3e55c84950327011b70289
14777,70951886788165a5e2439adfce4d0cce,ca38f30e56a72f4d0c8d2264322c5862,SO68965,5,WB-H098,1,5,c885741a5e3e55c84950327011b70289
14778,1b4ad6f2870d20368322123ed8553459,2650f1a188c472a9efa2a38091dbaa44,SO44900,3578,BK-R93R-56,1,3578,4a355a6da86d846c130abd2241259099
14778,cae5717327bee7d74e261c550aa5081f,18025e6a8791d350428f65c0783ebd99,SO56745,742,BK-T18U-54,1,742,ed268f8f3837888893f896b7240f1254
14778,cae5717327bee7d74e261c550aa5081f,18025e6a8791d350428f65c0783ebd99,SO56745,8,CL-9009,1,8,ed268f8f3837888893f896b7240f1254
14778,fd5ba6fdeb81e07b2caf0b103489bd8d,e871b36e68b0b3d0af9c742d81fef27a,SO70954,10,BC-M005,1,10,17520f5649fab40fb66771362888cb90
14778,fd5ba6fdeb81e07b2caf0b103489bd8d,e871b36e68b0b3d0af9c742d81fef27a,SO70954,4590,BK-M68B-38,2,4590,17520f5649fab40fb66771362888cb90
14778,fd5ba6fdeb81e07b2caf0b103489bd8d,e871b36e68b0b3d0af9c742d81fef27a,SO70954,105,HL-U509,3,105,17520f5649fab40fb66771362888cb90
14778,fd5ba6fdeb81e07b2caf0b103489bd8d,e871b36e68b0b3d0af9c742d81fef27a,SO70954,5,WB-H098,1,5,17520f5649fab40fb66771362888cb90
14779,4584ca349e0920f4436a3c2f36158b85,6e32728b966bb91cefefa1316da21ca8,SO68483,769,BK-M38S-40,1,769,ca38f30e56a72f4d0c8d2264322c5862
14779,4584ca349e0920f4436a3c2f36158b85,6e32728b966bb91cefefa1316da21ca8,SO68483,150,LJ-0192-M,3,150,ca38f30e56a72f4d0c8d2264322c5862
14779,ca904a2445f5f72709798833a74ae7c3,dd10b03a406a44cb52e7d41971c2b941,SO47846,2443,BK-R89R-44,1,2443,9aa1878029541c8ed2422b8b536e6b87
14780,f06fd077b6afc2d69af6e1e548da266d,c135545cc3f3a739132ffdbc8096f3d4,SO69280,2,PK-7098,1,2,175a5d217fad85df9f6639d7ced1e5d9
14780,f06fd077b6afc2d69af6e1e548da266d,c135545cc3f3a739132ffdbc8096f3d4,SO69280,5,TT-M928,1,5,175a5d217fad85df9f6639d7ced1e5d9
14781,5432d51ee94799c0125bb158c8a8bd22,545a3d56d20b22e09aa85bfa5ed8738d,SO73141,22,FE-6654,1,22,9592b44e2c3f304a9875f45537bec6eb
14781,5432d51ee94799c0125bb158c8a8bd22,545a3d56d20b22e09aa85bfa5ed8738d,SO73141,105,HL-U509-B,3,105,9592b44e2c3f304a9875f45537bec6eb
14782,3e07f09fb2edbdf0bf6a54c17634514b,dca79d69a6b38e95c4b03bfab997796c,SO52988,10,BC-M005,1,10,c375f33d72ca7161f341c2726e82d67a
14782,3e07f09fb2edbdf0bf6a54c17634514b,dca79d69a6b38e95c4b03bfab997796c,SO52988,22,FE-6654,1,22,c375f33d72ca7161f341c2726e82d67a
14782,3e07f09fb2edbdf0bf6a54c17634514b,dca79d69a6b38e95c4b03bfab997796c,SO52988,105,HL-U509-R,3,105,c375f33d72ca7161f341c2726e82d67a
14783,4efe8b2ca156042f8a3d8dd6aba54520,e2f0a420a4c1a9e8e292761f835e0489,SO66343,70,SH-W890-L,1,70,e82ca4c6beebe812f10fa1041b97a160
14783,b322422d9a721bbdefa133133dd407c1,07b7d2aed13a63a16377587dcc0abbe8,SO66855,55,HY-1023-70,1,55,2296af5563b2061aa1d88124a37eecb7
14783,b322422d9a721bbdefa133133dd407c1,07b7d2aed13a63a16377587dcc0abbe8,SO66855,29,TI-T723,1,29,2296af5563b2061aa1d88124a37eecb7
14783,b322422d9a721bbdefa133133dd407c1,07b7d2aed13a63a16377587dcc0abbe8,SO66855,5,TT-T092,1,5,2296af5563b2061aa1d88124a37eecb7
14784,76918877cf6ce7011018cd9708723392,883b9b4170853b321c03290f64ba199f,SO61515,2,PK-7098,1,2,4ddc8821c34bceaf3dba4a18741acca3
14784,76918877cf6ce7011018cd9708723392,883b9b4170853b321c03290f64ba199f,SO61515,29,TI-T723,1,29,4ddc8821c34bceaf3dba4a18741acca3
14784,76918877cf6ce7011018cd9708723392,883b9b4170853b321c03290f64ba199f,SO61515,5,TT-T092,1,5,4ddc8821c34bceaf3dba4a18741acca3
14784,b2ce0ef2540789e8a6976165b6c917d8,128ee9ff420de424a605a0ee4a6f7916,SO72381,150,LJ-0192-S,3,150,dcf73f840a50da0145f24e8e0169dc4b
14784,b2ce0ef2540789e8a6976165b6c917d8,128ee9ff420de424a605a0ee4a6f7916,SO72381,70,SH-W890-S,1,70,dcf73f840a50da0145f24e8e0169dc4b
14785,0e000451f430d2e5b745a08b4ee7836c,9795c57676ee8b8b6ba9a6f9014a520b,SO74355,27,CA-1098,3,27,e4b40b4ba619c72ec5a69caad258d393
14785,0e000451f430d2e5b745a08b4ee7836c,9795c57676ee8b8b6ba9a6f9014a520b,SO74355,105,HL-U509,3,105,e4b40b4ba619c72ec5a69caad258d393
14785,0e000451f430d2e5b745a08b4ee7836c,9795c57676ee8b8b6ba9a6f9014a520b,SO74355,5,TT-M928,1,5,e4b40b4ba619c72ec5a69caad258d393
14786,61e00b038efd34bdf9c747596273cbcf,7130adfd843cdcb6d0bcd9d13792693a,SO64027,10,BC-M005,1,10,4b5c3229e0725ef8d303f494db9faec8
14786,61e00b038efd34bdf9c747596273cbcf,7130adfd843cdcb6d0bcd9d13792693a,SO64027,22,FE-6654,1,22,4b5c3229e0725ef8d303f494db9faec8
14786,61e00b038efd34bdf9c747596273cbcf,7130adfd843cdcb6d0bcd9d13792693a,SO64027,105,HL-U509-B,3,105,4b5c3229e0725ef8d303f494db9faec8
14787,0d3057f268050d468f468434f8ec809a,fd5ba6fdeb81e07b2caf0b103489bd8d,SO71975,105,HL-U509-B,3,105,921bc92a493b53f98f24e6a8a12801be
14787,0d3057f268050d468f468434f8ec809a,fd5ba6fdeb81e07b2caf0b103489bd8d,SO71975,29,TI-T723,1,29,921bc92a493b53f98f24e6a8a12801be
14787,0d3057f268050d468f468434f8ec809a,fd5ba6fdeb81e07b2caf0b103489bd8d,SO71975,5,TT-T092,1,5,921bc92a493b53f98f24e6a8a12801be
14787,3a23b248b732af434a45fce0302aa11f,db2f6a564b6f5f41253c68874b50962b,SO62972,48,GL-H102-S,2,48,290499d9b8e65db426ba9b842714eb6d
14787,3a23b248b732af434a45fce0302aa11f,db2f6a564b6f5f41253c68874b50962b,SO62972,70,SH-W890-L,1,70,290499d9b8e65db426ba9b842714eb6d
14788,9223b53f03a405f817e91392f0294f6a,3e07f09fb2edbdf0bf6a54c17634514b,SO53807,5,TT-M928,1,5,14e4b13c27fb9bce9938ce35b6597eca
14789,4584ca349e0920f4436a3c2f36158b85,6e32728b966bb91cefefa1316da21ca8,SO68480,769,BK-M38S-42,1,769,ca38f30e56a72f4d0c8d2264322c5862
14789,4584ca349e0920f4436a3c2f36158b85,6e32728b966bb91cefefa1316da21ca8,SO68480,30,TI-M602,1,30,ca38f30e56a72f4d0c8d2264322c5862
14789,4584ca349e0920f4436a3c2f36158b85,6e32728b966bb91cefefa1316da21ca8,SO68480,5,TT-M928,1,5,ca38f30e56a72f4d0c8d2264322c5862
14789,74cd52749cc4b84fea8b036cee2e0b9a,4e1880c62d1a2a8c16dbea8fe88f6340,SO45725,3578,BK-R93R-48,1,3578,65e68a57e397cec5452983179d80edc2
14790,90c6314650a0d54fdcabe5cd5406f9af,f476906875bc5d9abe836b4ea1f485c1,SO53974,2384,BK-T79U-60,1,2384,41464bd548f06ca845208f69df30ac82
14790,90c6314650a0d54fdcabe5cd5406f9af,f476906875bc5d9abe836b4ea1f485c1,SO53974,48,GL-H102-S,2,48,41464bd548f06ca845208f69df30ac82
14790,90c6314650a0d54fdcabe5cd5406f9af,f476906875bc5d9abe836b4ea1f485c1,SO53974,29,TI-T723,1,29,41464bd548f06ca845208f69df30ac82
14790,90c6314650a0d54fdcabe5cd5406f9af,f476906875bc5d9abe836b4ea1f485c1,SO53974,5,TT-T092,1,5,41464bd548f06ca845208f69df30ac82
14790,af1457846a79173ef71dd9d5dd69805a,254d832c83ccdb2c33eab65a4fd196ff,SO60323,4590,BK-M68B-42,2,4590,ce08c22f7777768ce4197eab9727516c
14790,af1457846a79173ef71dd9d5dd69805a,254d832c83ccdb2c33eab65a4fd196ff,SO60323,22,FE-6654,1,22,ce08c22f7777768ce4197eab9727516c
14790,af1457846a79173ef71dd9d5dd69805a,254d832c83ccdb2c33eab65a4fd196ff,SO60323,64,VE-C304-S,1,64,ce08c22f7777768ce4197eab9727516c
14790,f1f6939ed2d920fdfc3de31d6a3d32ac,b9e08b025ef074f1404952480e6fa92a,SO47872,4364,BK-R89B-58,2,4364,5215922a2b5965ae6b1b4f89ed711e40
14791,4360a17b804bbfc81824d06174bd61a1,6d4d5745fb8f7f5dbaff1d157cfd66e0,SO47945,2443,BK-R89R-52,1,2443,4dbaf4bdbce8284f0eb9870406ab7f04
14791,883b9b4170853b321c03290f64ba199f,412998e77ee121227580e3d363f75fa2,SO60633,10,BC-M005,1,10,af1457846a79173ef71dd9d5dd69805a
14791,883b9b4170853b321c03290f64ba199f,412998e77ee121227580e3d363f75fa2,SO60633,4590,BK-M68B-38,2,4590,af1457846a79173ef71dd9d5dd69805a
14791,883b9b4170853b321c03290f64ba199f,412998e77ee121227580e3d363f75fa2,SO60633,105,HL-U509-B,3,105,af1457846a79173ef71dd9d5dd69805a
14791,883b9b4170853b321c03290f64ba199f,412998e77ee121227580e3d363f75fa2,SO60633,5,WB-H098,1,5,af1457846a79173ef71dd9d5dd69805a
14791,eba5233d2dd8ea5031e646882335ece0,629ffff971d10f275a79a70fae527fbc,SO56643,9,BC-R205,1,9,b988e88fd94a3b47434beeb650cff880
14791,eba5233d2dd8ea5031e646882335ece0,629ffff971d10f275a79a70fae527fbc,SO56643,2384,BK-T79Y-54,1,2384,b988e88fd94a3b47434beeb650cff880
14791,eba5233d2dd8ea5031e646882335ece0,629ffff971d10f275a79a70fae527fbc,SO56643,48,GL-H102-L,2,48,b988e88fd94a3b47434beeb650cff880
14791,eba5233d2dd8ea5031e646882335ece0,629ffff971d10f275a79a70fae527fbc,SO56643,5,WB-H098,1,5,b988e88fd94a3b47434beeb650cff880
14792,1017d85c0aac1e105895a940a3edcc42,b0533b36d073e7b905a5da8878aaa59c,SO45031,3578,BK-R93R-52,1,3578,1401dd6358958d3a2101578467a542f6
14792,fff3c307c93eda1eb91d53ca588846fe,4584ca349e0920f4436a3c2f36158b85,SO69317,10,BC-M005,1,10,70951886788165a5e2439adfce4d0cce
14792,fff3c307c93eda1eb91d53ca588846fe,4584ca349e0920f4436a3c2f36158b85,SO69317,4640,BK-M68S-38,2,4640,70951886788165a5e2439adfce4d0cce
14792,fff3c307c93eda1eb91d53ca588846fe,4584ca349e0920f4436a3c2f36158b85,SO69317,5,WB-H098,1,5,70951886788165a5e2439adfce4d0cce
14793,175a5d217fad85df9f6639d7ced1e5d9,511572e8a25e86c2f48ae9e6d73a1e6a,SO68899,4590,BK-M68B-38,2,4590,66e56e10b0f528b66a45e307ecdf4774
14793,175a5d217fad85df9f6639d7ced1e5d9,511572e8a25e86c2f48ae9e6d73a1e6a,SO68899,105,HL-U509,3,105,66e56e10b0f528b66a45e307ecdf4774
14793,175a5d217fad85df9f6639d7ced1e5d9,511572e8a25e86c2f48ae9e6d73a1e6a,SO68899,35,TI-M823,1,35,66e56e10b0f528b66a45e307ecdf4774
14793,175a5d217fad85df9f6639d7ced1e5d9,511572e8a25e86c2f48ae9e6d73a1e6a,SO68899,5,TT-M928,1,5,66e56e10b0f528b66a45e307ecdf4774
14793,4a355a6da86d846c130abd2241259099,dc0af343c9b6d5e1ad6ea6e30e094622,SO44867,3578,BK-R93R-52,1,3578,97b600823b984a4660a5f3a54c1365de
14794,17520f5649fab40fb66771362888cb90,1faee5670542865e021595151379fe5c,SO70602,4590,BK-M68B-38,2,4590,3f72b837978dcd042b73e7270f11a4ca
14794,3f2cc1cda23225c8d4cf5b2e744cc92d,0f6ec3eddc369989df58eb1d35a746b9,SO44967,3578,BK-R93R-62,1,3578,11b3d48fc77bf2f9079ba4e1d713d8c7
14795,01fa6f8199200216ae5fb86e25570605,528a71a866e16a51a12c928f3867fc40,SO45612,3578,BK-R93R-48,1,3578,18f7c9bb65478213b7dcd26262dde1a0
14795,0da2bc000f1fe4ea8746f9aea0bb5879,702a02712215141594ddf8e52b0a651c,SO68277,769,BK-M38S-42,1,769,b34050290c25b0f7b52a2b8f767df87d
14795,0da2bc000f1fe4ea8746f9aea0bb5879,702a02712215141594ddf8e52b0a651c,SO68277,2,PK-7098,1,2,b34050290c25b0f7b52a2b8f767df87d
14795,0da2bc000f1fe4ea8746f9aea0bb5879,702a02712215141594ddf8e52b0a651c,SO68277,30,TI-M602,1,30,b34050290c25b0f7b52a2b8f767df87d
14796,524fe547a612733b95c353e432357926,0901723b6b14e1720aa78a72eedad5f3,SO47921,4364,BK-R89B-58,2,4364,cef496a29639a0ba3d5ad94ef759770a
14796,d5985f40495ba672dff8a99620b879c8,a9adf65abbb865184bf924d14a93d0c4,SO71506,769,BK-M38S-40,1,769,8f472ffe3ff3109f420ae91355ff8f3f
14796,d5985f40495ba672dff8a99620b879c8,a9adf65abbb865184bf924d14a93d0c4,SO71506,105,HL-U509-R,3,105,8f472ffe3ff3109f420ae91355ff8f3f
14796,d5985f40495ba672dff8a99620b879c8,a9adf65abbb865184bf924d14a93d0c4,SO71506,150,LJ-0192-M,3,150,8f472ffe3ff3109f420ae91355ff8f3f
14796,d5985f40495ba672dff8a99620b879c8,a9adf65abbb865184bf924d14a93d0c4,SO71506,30,TI-M602,1,30,8f472ffe3ff3109f420ae91355ff8f3f
14796,d5985f40495ba672dff8a99620b879c8,a9adf65abbb865184bf924d14a93d0c4,SO71506,5,TT-M928,1,5,8f472ffe3ff3109f420ae91355ff8f3f
14797,90b02462c4aa07aa9f640001bc1770d2,9bf4969b0d30a237d93ba8c97a302ad0,SO45749,3578,BK-R93R-44,1,3578,b75498e8e390851f18bb4c3cc467c09b
14797,962bae2fb03296a3b9cacabfa929322c,0da2bc000f1fe4ea8746f9aea0bb5879,SO69095,769,BK-M38S-46,1,769,c4369eefdf9bb8a3f9115e96b40aaf17
14797,962bae2fb03296a3b9cacabfa929322c,0da2bc000f1fe4ea8746f9aea0bb5879,SO69095,150,LJ-0192-X,3,150,c4369eefdf9bb8a3f9115e96b40aaf17
14798,31c99d724c1f182c60edb82eb4740277,e84848120190a8d0e696fbeb15647a74,SO71227,769,BK-M38S-46,1,769,3db19f5f710f10e90ecc7154c649d60a
14798,31c99d724c1f182c60edb82eb4740277,e84848120190a8d0e696fbeb15647a74,SO71227,150,LJ-0192-M,3,150,3db19f5f710f10e90ecc7154c649d60a
14798,9aa1878029541c8ed2422b8b536e6b87,e65d2014d1516aff07ce4e23e98e0e1b,SO47800,4364,BK-R89B-44,2,4364,97a385eedf715bd7450079b92de22ba2
14799,3143ce3c6436ed5bd25398756b7b661d,6be9692276a308e4b872323af1ad8fe2,SO52949,27,CA-1098,3,27,ad4fbe0c82c7e5968d4cf22c2ad19e28
14799,3143ce3c6436ed5bd25398756b7b661d,6be9692276a308e4b872323af1ad8fe2,SO52949,150,LJ-0192-L,3,150,ad4fbe0c82c7e5968d4cf22c2ad19e28
14799,3143ce3c6436ed5bd25398756b7b661d,6be9692276a308e4b872323af1ad8fe2,SO52949,29,TI-T723,1,29,ad4fbe0c82c7e5968d4cf22c2ad19e28
14799,3143ce3c6436ed5bd25398756b7b661d,6be9692276a308e4b872323af1ad8fe2,SO52949,5,TT-T092,1,5,ad4fbe0c82c7e5968d4cf22c2ad19e28
14799,ef5bad66aa19ccfb82cacb73584b83ea,0e23f371129aecc6b2033620b226f8d7,SO57874,70,SH-W890-S,1,70,485ae69515bc4c60ef546ff289741f60
14800,13af0cd214494c6df4622847478d94fe,2736db866ea3366c10431df335770c4c,SO45616,3578,BK-R93R-56,1,3578,2161780b6db40411111a69f18a2056bd
14800,8728a5e296f39e49d2fa74c31820e99f,66e56e10b0f528b66a45e307ecdf4774,SO69576,769,BK-M38S-46,1,769,3fe686907939d07097f6c87f08025422
14800,8728a5e296f39e49d2fa74c31820e99f,66e56e10b0f528b66a45e307ecdf4774,SO69576,8,CL-9009,1,8,3fe686907939d07097f6c87f08025422
14800,8728a5e296f39e49d2fa74c31820e99f,66e56e10b0f528b66a45e307ecdf4774,SO69576,30,TI-M602,1,30,3fe686907939d07097f6c87f08025422
14800,8728a5e296f39e49d2fa74c31820e99f,66e56e10b0f528b66a45e307ecdf4774,SO69576,5,TT-M928,1,5,3fe686907939d07097f6c87f08025422
14801,1556bafff387fc8f2f6fef64c1daa6bc,8728a5e296f39e49d2fa74c31820e99f,SO70465,769,BK-M38S-40,1,769,e871b36e68b0b3d0af9c742d81fef27a
14801,1556bafff387fc8f2f6fef64c1daa6bc,8728a5e296f39e49d2fa74c31820e99f,SO70465,30,TI-M602,1,30,e871b36e68b0b3d0af9c742d81fef27a
14801,1556bafff387fc8f2f6fef64c1daa6bc,8728a5e296f39e49d2fa74c31820e99f,SO70465,5,TT-M928,1,5,e871b36e68b0b3d0af9c742d81fef27a
14801,5a9689f90da5d0d012de304d7da67a8b,a7b6562d6af25035e375b23034715469,SO45817,3578,BK-R93R-44,1,3578,7920863768d90ab95edffbd84cfca3e6
14802,4360a17b804bbfc81824d06174bd61a1,6d4d5745fb8f7f5dbaff1d157cfd66e0,SO47946,2443,BK-R89R-48,1,2443,4dbaf4bdbce8284f0eb9870406ab7f04
14802,f544b472453b297a8b55709fbfd3746d,70951886788165a5e2439adfce4d0cce,SO70027,769,BK-M38S-38,1,769,331afa0aff1b1cfbf3d24944ab38c9d2
14802,f544b472453b297a8b55709fbfd3746d,70951886788165a5e2439adfce4d0cce,SO70027,48,GL-H102-L,2,48,331afa0aff1b1cfbf3d24944ab38c9d2
14802,f544b472453b297a8b55709fbfd3746d,70951886788165a5e2439adfce4d0cce,SO70027,150,LJ-0192-M,3,150,331afa0aff1b1cfbf3d24944ab38c9d2
14803,331afa0aff1b1cfbf3d24944ab38c9d2,c885741a5e3e55c84950327011b70289,SO69669,769,BK-M38S-38,1,769,962bae2fb03296a3b9cacabfa929322c
14803,331afa0aff1b1cfbf3d24944ab38c9d2,c885741a5e3e55c84950327011b70289,SO69669,8,CL-9009,1,8,962bae2fb03296a3b9cacabfa929322c
14803,aae455c4d64d3ffe63d05cfe29e8fcdd,a23d0c239f0a09c5342f707e8417c1ec,SO45924,3578,BK-R93R-62,1,3578,7233744a010a9a2e1f7a7eb4772ddfa5
14804,3a23b248b732af434a45fce0302aa11f,db2f6a564b6f5f41253c68874b50962b,SO62978,105,HL-U509-R,3,105,290499d9b8e65db426ba9b842714eb6d
14804,3a23b248b732af434a45fce0302aa11f,db2f6a564b6f5f41253c68874b50962b,SO62978,29,TI-T723,1,29,290499d9b8e65db426ba9b842714eb6d
14804,3a23b248b732af434a45fce0302aa11f,db2f6a564b6f5f41253c68874b50962b,SO62978,5,TT-T092,1,5,290499d9b8e65db426ba9b842714eb6d
14804,d76e0ba1fa041675ae9af958c5b41ae4,b988e88fd94a3b47434beeb650cff880,SO56986,70,SH-W890-S,1,70,cae5717327bee7d74e261c550aa5081f
14805,883b9b4170853b321c03290f64ba199f,412998e77ee121227580e3d363f75fa2,SO60664,22,FE-6654,1,22,af1457846a79173ef71dd9d5dd69805a
14805,883b9b4170853b321c03290f64ba199f,412998e77ee121227580e3d363f75fa2,SO60664,48,GL-H102-S,2,48,af1457846a79173ef71dd9d5dd69805a
14805,883b9b4170853b321c03290f64ba199f,412998e77ee121227580e3d363f75fa2,SO60664,55,HY-1023-70,1,55,af1457846a79173ef71dd9d5dd69805a
14806,c926349b55a58d87d7d5008c349fd1e9,9e8cbc3edbb5efb3f48d6afb260e4725,SO60084,105,HL-U509-B,3,105,ccb91034934bb047c5f6a32eb289b95b
14806,c926349b55a58d87d7d5008c349fd1e9,9e8cbc3edbb5efb3f48d6afb260e4725,SO60084,150,LJ-0192-X,3,150,ccb91034934bb047c5f6a32eb289b95b
14806,c926349b55a58d87d7d5008c349fd1e9,9e8cbc3edbb5efb3f48d6afb260e4725,SO60084,29,TI-T723,1,29,ccb91034934bb047c5f6a32eb289b95b
14806,c926349b55a58d87d7d5008c349fd1e9,9e8cbc3edbb5efb3f48d6afb260e4725,SO60084,5,TT-T092,1,5,ccb91034934bb047c5f6a32eb289b95b
14806,eba5233d2dd8ea5031e646882335ece0,629ffff971d10f275a79a70fae527fbc,SO56627,70,SH-W890-M,1,70,b988e88fd94a3b47434beeb650cff880
14806,eba5233d2dd8ea5031e646882335ece0,629ffff971d10f275a79a70fae527fbc,SO56627,54,SJ-0194-S,1,54,b988e88fd94a3b47434beeb650cff880
14807,b322422d9a721bbdefa133133dd407c1,07b7d2aed13a63a16377587dcc0abbe8,SO66851,105,HL-U509,3,105,2296af5563b2061aa1d88124a37eecb7
14807,b322422d9a721bbdefa133133dd407c1,07b7d2aed13a63a16377587dcc0abbe8,SO66851,5,TT-M928,1,5,2296af5563b2061aa1d88124a37eecb7
14808,7983129d9883ebc3b9dce3311996b001,0df76889b3e31ccfd17b50cc73baef03,SO59787,150,LJ-0192-X,3,150,7254e54716fe52361e62aa16ea2e0797
14808,7983129d9883ebc3b9dce3311996b001,0df76889b3e31ccfd17b50cc73baef03,SO59787,70,SH-W890-L,1,70,7254e54716fe52361e62aa16ea2e0797
14808,e84848120190a8d0e696fbeb15647a74,fff3c307c93eda1eb91d53ca588846fe,SO70412,8,CL-9009,1,8,f544b472453b297a8b55709fbfd3746d
14808,e84848120190a8d0e696fbeb15647a74,fff3c307c93eda1eb91d53ca588846fe,SO70412,2,PK-7098,1,2,f544b472453b297a8b55709fbfd3746d
14808,e84848120190a8d0e696fbeb15647a74,fff3c307c93eda1eb91d53ca588846fe,SO70412,29,TI-T723,1,29,f544b472453b297a8b55709fbfd3746d
14808,e84848120190a8d0e696fbeb15647a74,fff3c307c93eda1eb91d53ca588846fe,SO70412,5,TT-T092,1,5,f544b472453b297a8b55709fbfd3746d
14809,9444f850ff0c10a862b4a6a9c4ab0a74,3143ce3c6436ed5bd25398756b7b661d,SO53748,27,CA-1098,3,27,76e3c19dbb0dadc4c6dc771d856e4676
14809,9444f850ff0c10a862b4a6a9c4ab0a74,3143ce3c6436ed5bd25398756b7b661d,SO53748,70,SH-W890-M,1,70,76e3c19dbb0dadc4c6dc771d856e4676
14809,a946e75bc65318721cd1e01162d392dd,5efefff01843f5aa3f7d8a4d44b4bf2e,SO63464,2,PK-7098,1,2,3a23b248b732af434a45fce0302aa11f
14809,a946e75bc65318721cd1e01162d392dd,5efefff01843f5aa3f7d8a4d44b4bf2e,SO63464,29,TI-T723,1,29,3a23b248b732af434a45fce0302aa11f
14809,a946e75bc65318721cd1e01162d392dd,5efefff01843f5aa3f7d8a4d44b4bf2e,SO63464,5,TT-T092,1,5,3a23b248b732af434a45fce0302aa11f
14810,7254e54716fe52361e62aa16ea2e0797,6eaadc1181f307997dc853d9ed40db36,SO59438,35,TI-M823,1,35,e7df1b3ee078bdcfc260a877f321287d
14810,7254e54716fe52361e62aa16ea2e0797,6eaadc1181f307997dc853d9ed40db36,SO59438,5,TT-M928,1,5,e7df1b3ee078bdcfc260a877f321287d
14811,106dfbaf552c07a1b08d065f2c343982,3f20f21c57e09a6c071e44d1fe74b58a,SO54563,8,CL-9009,1,8,dba3e44e23a1d2c2f299811e94db7fce
14811,106dfbaf552c07a1b08d065f2c343982,3f20f21c57e09a6c071e44d1fe74b58a,SO54563,25,TI-R628,1,25,dba3e44e23a1d2c2f299811e94db7fce
14811,106dfbaf552c07a1b08d065f2c343982,3f20f21c57e09a6c071e44d1fe74b58a,SO54563,4,TT-R982,1,4,dba3e44e23a1d2c2f299811e94db7fce
14812,df595e3c678d4fae23ce174fe747165e,07b31bae17c7890b17d79a654aa230cf,SO58872,105,HL-U509-R,3,105,75fe8d7dec9d2a51be64595ab37dc674
14812,df595e3c678d4fae23ce174fe747165e,07b31bae17c7890b17d79a654aa230cf,SO58872,25,TI-R628,1,25,75fe8d7dec9d2a51be64595ab37dc674
14812,df595e3c678d4fae23ce174fe747165e,07b31bae17c7890b17d79a654aa230cf,SO58872,4,TT-R982,1,4,75fe8d7dec9d2a51be64595ab37dc674
14813,4d8769725b0b7f33aebf747e80c5c4e0,f8018ae891e33dd2bfe3e20469c0de8f,SO48227,2443,BK-R89R-44,1,2443,79e02a49bb92138c3f331082fef97f2e
14813,88077cf01a3e17831c2d0bcca5897c5b,95a2a9aefc393f8630e934768cacf4cd,SO73043,769,BK-M38S-38,1,769,86e0fc464cbb08ae74bd039224afec9a
14813,88077cf01a3e17831c2d0bcca5897c5b,95a2a9aefc393f8630e934768cacf4cd,SO73043,27,CA-1098,3,27,86e0fc464cbb08ae74bd039224afec9a
14813,88077cf01a3e17831c2d0bcca5897c5b,95a2a9aefc393f8630e934768cacf4cd,SO73043,150,LJ-0192-S,3,150,86e0fc464cbb08ae74bd039224afec9a
14813,88077cf01a3e17831c2d0bcca5897c5b,95a2a9aefc393f8630e934768cacf4cd,SO73043,70,SH-W890-L,1,70,86e0fc464cbb08ae74bd039224afec9a
14814,da9c4ba6c9a1ae8725389bfd38b5763a,3e48b2167bd86ef570e46d0b286c4f74,SO54070,48,GL-H102-M,2,48,9223b53f03a405f817e91392f0294f6a
14814,da9c4ba6c9a1ae8725389bfd38b5763a,3e48b2167bd86ef570e46d0b286c4f74,SO54070,70,SH-W890-M,1,70,9223b53f03a405f817e91392f0294f6a
14814,f04e53711455521533f4c5ed7dcaa287,5e9b4970006d8f02ba0bc1763fa8b9a6,SO52555,29,TI-T723,1,29,f799d104dd23bb828dcdaaefc4d25b61
14814,f04e53711455521533f4c5ed7dcaa287,5e9b4970006d8f02ba0bc1763fa8b9a6,SO52555,5,TT-T092,1,5,f799d104dd23bb828dcdaaefc4d25b61
14815,49fce086a31f1cfcf16b54e462f7cbc0,99c8f306659fd98cbb9d7f03ec0c2a7a,SO70791,105,HL-U509-B,3,105,e84848120190a8d0e696fbeb15647a74
14815,49fce086a31f1cfcf16b54e462f7cbc0,99c8f306659fd98cbb9d7f03ec0c2a7a,SO70791,25,TI-R628,1,25,e84848120190a8d0e696fbeb15647a74
14815,49fce086a31f1cfcf16b54e462f7cbc0,99c8f306659fd98cbb9d7f03ec0c2a7a,SO70791,4,TT-R982,1,4,e84848120190a8d0e696fbeb15647a74
14816,86e0fc464cbb08ae74bd039224afec9a,38c9e5d1e366b4c5c36aae682bc960c4,SO72677,105,HL-U509,3,105,8920fd63645007b243abb750709b1172
14816,86e0fc464cbb08ae74bd039224afec9a,38c9e5d1e366b4c5c36aae682bc960c4,SO72677,25,TI-R628,1,25,8920fd63645007b243abb750709b1172
14816,86e0fc464cbb08ae74bd039224afec9a,38c9e5d1e366b4c5c36aae682bc960c4,SO72677,4,TT-R982,1,4,8920fd63645007b243abb750709b1172
14817,a1fedb8f5f2e08543339a5f167bee6b7,8b9fe4b34e3c54f08bfcac3d9691e260,SO64987,105,HL-U509-R,3,105,4eec6eda382b9c44e240ad4b4b5e9cc0
14817,a1fedb8f5f2e08543339a5f167bee6b7,8b9fe4b34e3c54f08bfcac3d9691e260,SO64987,25,TI-R628,1,25,4eec6eda382b9c44e240ad4b4b5e9cc0
14817,a1fedb8f5f2e08543339a5f167bee6b7,8b9fe4b34e3c54f08bfcac3d9691e260,SO64987,4,TT-R982,1,4,4eec6eda382b9c44e240ad4b4b5e9cc0
14818,95a2a9aefc393f8630e934768cacf4cd,8f472ffe3ff3109f420ae91355ff8f3f,SO72140,10,BC-M005,1,10,38c9e5d1e366b4c5c36aae682bc960c4
14818,95a2a9aefc393f8630e934768cacf4cd,8f472ffe3ff3109f420ae91355ff8f3f,SO72140,769,BK-M38S-38,1,769,38c9e5d1e366b4c5c36aae682bc960c4
14818,95a2a9aefc393f8630e934768cacf4cd,8f472ffe3ff3109f420ae91355ff8f3f,SO72140,8,CL-9009,1,8,38c9e5d1e366b4c5c36aae682bc960c4
14818,95a2a9aefc393f8630e934768cacf4cd,8f472ffe3ff3109f420ae91355ff8f3f,SO72140,5,WB-H098,1,5,38c9e5d1e366b4c5c36aae682bc960c4
14818,efeeb9aa018e1010ee17c973765ea138,b626fc8d2e0883d1c28d00d94d2c599f,SO48138,4364,BK-R89B-44,2,4364,b2d2f5ceb10246b49d6ab4905e6f9753
14819,31c99d724c1f182c60edb82eb4740277,e84848120190a8d0e696fbeb15647a74,SO71228,769,BK-M38S-42,1,769,3db19f5f710f10e90ecc7154c649d60a
14819,31c99d724c1f182c60edb82eb4740277,e84848120190a8d0e696fbeb15647a74,SO71228,8,CL-9009,1,8,3db19f5f710f10e90ecc7154c649d60a
14819,654bc11cf88df4bb20f9816e51982e64,46b4f921be4883580ee6326a1e99fcfc,SO45868,3578,BK-R93R-62,1,3578,a23d0c239f0a09c5342f707e8417c1ec
14820,c375f33d72ca7161f341c2726e82d67a,9f79f7706bc6a7654ef0b8977966f69a,SO52753,2,PK-7098,1,2,0dc34ca2aaa8612cde077f1880b78b25
14820,c375f33d72ca7161f341c2726e82d67a,9f79f7706bc6a7654ef0b8977966f69a,SO52753,30,TI-M602,1,30,0dc34ca2aaa8612cde077f1880b78b25
14820,c375f33d72ca7161f341c2726e82d67a,9f79f7706bc6a7654ef0b8977966f69a,SO52753,5,TT-M928,1,5,0dc34ca2aaa8612cde077f1880b78b25
14821,0c8ff735cb2b05718573c08173335fd4,1685ca8ff12ea83725a1c35e1d89c5cd,SO54505,30,TI-M602,1,30,b8d9d66529b0a1e91f6137abcdd065dd
14822,128ee9ff420de424a605a0ee4a6f7916,fee8e08233f3f00450bce31967abb0f1,SO71365,769,BK-M38S-46,1,769,2797a91b25bc2aa85124c99bc574dc83
14822,128ee9ff420de424a605a0ee4a6f7916,fee8e08233f3f00450bce31967abb0f1,SO71365,150,LJ-0192-M,3,150,2797a91b25bc2aa85124c99bc574dc83
14822,654bc11cf88df4bb20f9816e51982e64,46b4f921be4883580ee6326a1e99fcfc,SO45869,3578,BK-R93R-62,1,3578,a23d0c239f0a09c5342f707e8417c1ec
14823,38c9e5d1e366b4c5c36aae682bc960c4,8fa3bab223bec6501ad71f96bb1067b6,SO71629,10,BC-M005,1,10,58c4ce5b9433e7b6d41793d5a76d5590
14823,38c9e5d1e366b4c5c36aae682bc960c4,8fa3bab223bec6501ad71f96bb1067b6,SO71629,769,BK-M38S-42,1,769,58c4ce5b9433e7b6d41793d5a76d5590
14823,38c9e5d1e366b4c5c36aae682bc960c4,8fa3bab223bec6501ad71f96bb1067b6,SO71629,105,HL-U509-R,3,105,58c4ce5b9433e7b6d41793d5a76d5590
14823,dcc3112eacc4c3fa1aaf2ea660552ee7,74cd52749cc4b84fea8b036cee2e0b9a,SO45836,3578,BK-R93R-44,1,3578,d69d5137102461b560d829e677b972db
14824,1f46035fc72c89f13de95ed295e3f737,e1c989a8683174b4fd778fa463ff0253,SO45937,3578,BK-R93R-48,1,3578,a3e65268044e3e2a027f7c5bd50d1a88
14824,e84848120190a8d0e696fbeb15647a74,fff3c307c93eda1eb91d53ca588846fe,SO70384,769,BK-M38S-46,1,769,f544b472453b297a8b55709fbfd3746d
14824,e84848120190a8d0e696fbeb15647a74,fff3c307c93eda1eb91d53ca588846fe,SO70384,30,TI-M602,1,30,f544b472453b297a8b55709fbfd3746d
14824,e84848120190a8d0e696fbeb15647a74,fff3c307c93eda1eb91d53ca588846fe,SO70384,64,VE-C304-S,1,64,f544b472453b297a8b55709fbfd3746d
14825,348f48807f500aeac729fb17d9bc97f1,5072507e949a2c25948a591c4da194e1,SO60484,10,BC-M005,1,10,f108e0cd2f96a0c22086f9d45ee08f19
14825,348f48807f500aeac729fb17d9bc97f1,5072507e949a2c25948a591c4da194e1,SO60484,22,FE-6654,1,22,f108e0cd2f96a0c22086f9d45ee08f19
14825,348f48807f500aeac729fb17d9bc97f1,5072507e949a2c25948a591c4da194e1,SO60484,48,GL-H102-S,2,48,f108e0cd2f96a0c22086f9d45ee08f19
14825,348f48807f500aeac729fb17d9bc97f1,5072507e949a2c25948a591c4da194e1,SO60484,5,WB-H098,1,5,f108e0cd2f96a0c22086f9d45ee08f19
14826,b0241b451647f25db5f52074445d820c,7a8e187aeb003f6e34c02a4d5b9b153e,SO64273,105,HL-U509-B,3,105,56d78836c9cf0de136c4d2d37aba2280
14826,b0241b451647f25db5f52074445d820c,7a8e187aeb003f6e34c02a4d5b9b153e,SO64273,5,TT-M928,1,5,56d78836c9cf0de136c4d2d37aba2280
14827,88e79d6e34505f780b4021e0777bcdc0,e7445efc9c2e5f55aee8a2c2b02c9b7a,SO45862,3578,BK-R93R-48,1,3578,dcc3112eacc4c3fa1aaf2ea660552ee7
14827,c5ed53572c667b119dde2fc0f54de602,0d3057f268050d468f468434f8ec809a,SO72795,769,BK-M38S-42,1,769,e366e24b8ad0b1107528f2f58cd15a81
14827,c5ed53572c667b119dde2fc0f54de602,0d3057f268050d468f468434f8ec809a,SO72795,150,LJ-0192-L,3,150,e366e24b8ad0b1107528f2f58cd15a81
14827,c5ed53572c667b119dde2fc0f54de602,0d3057f268050d468f468434f8ec809a,SO72795,70,SH-W890-L,1,70,e366e24b8ad0b1107528f2f58cd15a81
14828,6353a8421ee460b64f2c988cc72a8391,59c3d64cb01cd5ad7fd25246d81a55ff,SO56206,22,FE-6654,1,22,5691ac18f59a9af20f9d8703772afbba
14828,6353a8421ee460b64f2c988cc72a8391,59c3d64cb01cd5ad7fd25246d81a55ff,SO56206,54,SJ-0194-S,1,54,5691ac18f59a9af20f9d8703772afbba
14829,c926349b55a58d87d7d5008c349fd1e9,9e8cbc3edbb5efb3f48d6afb260e4725,SO60075,22,FE-6654,1,22,ccb91034934bb047c5f6a32eb289b95b
14829,c926349b55a58d87d7d5008c349fd1e9,9e8cbc3edbb5efb3f48d6afb260e4725,SO60075,5,TT-M928,1,5,ccb91034934bb047c5f6a32eb289b95b
14829,c926349b55a58d87d7d5008c349fd1e9,9e8cbc3edbb5efb3f48d6afb260e4725,SO60075,64,VE-C304-L,1,64,ccb91034934bb047c5f6a32eb289b95b
14830,790ee96c1472965375882b30fc089300,a3e65268044e3e2a027f7c5bd50d1a88,SO45983,3578,BK-R93R-56,1,3578,37a5117199a38b7e31d389445dab0cef
14830,c375f33d72ca7161f341c2726e82d67a,9f79f7706bc6a7654ef0b8977966f69a,SO52774,9,BC-R205,1,9,0dc34ca2aaa8612cde077f1880b78b25
14830,c375f33d72ca7161f341c2726e82d67a,9f79f7706bc6a7654ef0b8977966f69a,SO52774,2384,BK-T79Y-46,1,2384,0dc34ca2aaa8612cde077f1880b78b25
14830,c375f33d72ca7161f341c2726e82d67a,9f79f7706bc6a7654ef0b8977966f69a,SO52774,105,HL-U509-B,3,105,0dc34ca2aaa8612cde077f1880b78b25
14830,c375f33d72ca7161f341c2726e82d67a,9f79f7706bc6a7654ef0b8977966f69a,SO52774,5,WB-H098,1,5,0dc34ca2aaa8612cde077f1880b78b25
14830,e7df1b3ee078bdcfc260a877f321287d,4dbf892d41ae205f6e36838031cff786,SO59077,10,BC-M005,1,10,478ecc8cdaa127c33884d9f6c72c2cd5
14830,e7df1b3ee078bdcfc260a877f321287d,4dbf892d41ae205f6e36838031cff786,SO59077,4640,BK-M68S-46,2,4640,478ecc8cdaa127c33884d9f6c72c2cd5
14830,e7df1b3ee078bdcfc260a877f321287d,4dbf892d41ae205f6e36838031cff786,SO59077,5,WB-H098,1,5,478ecc8cdaa127c33884d9f6c72c2cd5
14831,96d3e865edc2fe5309f3c81d7966ce52,a935c7a44f4c417071513541e30d7c95,SO45008,3578,BK-R93R-52,1,3578,c5a17660293447cbe93ad42b9ba5965c
14831,a9adf65abbb865184bf924d14a93d0c4,ec24e4cf9fcc90f3bbe81b2fb3735c21,SO70683,10,BC-M005,1,10,e0cd1349b4c6e1b5f14ed427e358c2d0
14831,a9adf65abbb865184bf924d14a93d0c4,ec24e4cf9fcc90f3bbe81b2fb3735c21,SO70683,4590,BK-M68B-38,2,4590,e0cd1349b4c6e1b5f14ed427e358c2d0
14831,a9adf65abbb865184bf924d14a93d0c4,ec24e4cf9fcc90f3bbe81b2fb3735c21,SO70683,48,GL-H102-L,2,48,e0cd1349b4c6e1b5f14ed427e358c2d0
14831,a9adf65abbb865184bf924d14a93d0c4,ec24e4cf9fcc90f3bbe81b2fb3735c21,SO70683,5,WB-H098,1,5,e0cd1349b4c6e1b5f14ed427e358c2d0
14832,1556bafff387fc8f2f6fef64c1daa6bc,8728a5e296f39e49d2fa74c31820e99f,SO70468,10,BC-M005,1,10,e871b36e68b0b3d0af9c742d81fef27a
14832,1556bafff387fc8f2f6fef64c1daa6bc,8728a5e296f39e49d2fa74c31820e99f,SO70468,4590,BK-M68B-38,2,4590,e871b36e68b0b3d0af9c742d81fef27a
14832,1556bafff387fc8f2f6fef64c1daa6bc,8728a5e296f39e49d2fa74c31820e99f,SO70468,55,HY-1023-70,1,55,e871b36e68b0b3d0af9c742d81fef27a
14832,49bd63d5ee41c9de9bc2e17c69ad0cb5,58fbfe4a809a492f7e56c87487b71b73,SO44906,3578,BK-R93R-44,1,3578,0f6ec3eddc369989df58eb1d35a746b9
14833,5562fef591a89eb79cc6ed5fe92e2d42,eb9a0a2ad203891ee4419d823051a34b,SO44885,3578,BK-R93R-62,1,3578,1863d57986d1ff09ff1b6e4a7b1cbce6
14833,d76e0ba1fa041675ae9af958c5b41ae4,b988e88fd94a3b47434beeb650cff880,SO56999,742,BK-T18U-54,1,742,cae5717327bee7d74e261c550aa5081f
14833,d76e0ba1fa041675ae9af958c5b41ae4,b988e88fd94a3b47434beeb650cff880,SO56999,29,TI-T723,1,29,cae5717327bee7d74e261c550aa5081f
14833,e0cd1349b4c6e1b5f14ed427e358c2d0,f06fd077b6afc2d69af6e1e548da266d,SO70323,4590,BK-M68B-42,2,4590,b95a9f47dd73bb9b799a31ae04ee7da1
14833,e0cd1349b4c6e1b5f14ed427e358c2d0,f06fd077b6afc2d69af6e1e548da266d,SO70323,35,TI-M823,1,35,b95a9f47dd73bb9b799a31ae04ee7da1
14834,86e0fc464cbb08ae74bd039224afec9a,38c9e5d1e366b4c5c36aae682bc960c4,SO72652,769,BK-M38S-38,1,769,8920fd63645007b243abb750709b1172
14834,86e0fc464cbb08ae74bd039224afec9a,38c9e5d1e366b4c5c36aae682bc960c4,SO72652,150,LJ-0192-X,3,150,8920fd63645007b243abb750709b1172
14834,ab121e91b47aaffbbc247dca4687f0f0,cf4f13c16dae1f2408e65c290fefcbaa,SO46184,3578,BK-R93R-44,1,3578,dd323e11c7806b56c8b4104210bb4235
14835,7983129d9883ebc3b9dce3311996b001,0df76889b3e31ccfd17b50cc73baef03,SO59786,27,CA-1098,3,27,7254e54716fe52361e62aa16ea2e0797
14835,7983129d9883ebc3b9dce3311996b001,0df76889b3e31ccfd17b50cc73baef03,SO59786,22,FE-6654,1,22,7254e54716fe52361e62aa16ea2e0797
14835,7983129d9883ebc3b9dce3311996b001,0df76889b3e31ccfd17b50cc73baef03,SO59786,150,LJ-0192-S,3,150,7254e54716fe52361e62aa16ea2e0797
14836,14e4b13c27fb9bce9938ce35b6597eca,c375f33d72ca7161f341c2726e82d67a,SO53380,27,CA-1098,3,27,9b98d27287b27eeee9ebc06e1d5a9a8d
14836,14e4b13c27fb9bce9938ce35b6597eca,c375f33d72ca7161f341c2726e82d67a,SO53380,70,SH-W890-S,1,70,9b98d27287b27eeee9ebc06e1d5a9a8d
14836,232e830f1ac667c081eaaca23cdf9b5f,4b5c3229e0725ef8d303f494db9faec8,SO64493,2,PK-7098,1,2,abe94c2111c58e9c9672602d41bce66e
14836,232e830f1ac667c081eaaca23cdf9b5f,4b5c3229e0725ef8d303f494db9faec8,SO64493,29,TI-T723,1,29,abe94c2111c58e9c9672602d41bce66e
14836,232e830f1ac667c081eaaca23cdf9b5f,4b5c3229e0725ef8d303f494db9faec8,SO64493,5,TT-T092,1,5,abe94c2111c58e9c9672602d41bce66e
14837,fd5ba6fdeb81e07b2caf0b103489bd8d,e871b36e68b0b3d0af9c742d81fef27a,SO70967,10,BC-M005,1,10,17520f5649fab40fb66771362888cb90
14837,fd5ba6fdeb81e07b2caf0b103489bd8d,e871b36e68b0b3d0af9c742d81fef27a,SO70967,22,FE-6654,1,22,17520f5649fab40fb66771362888cb90
14837,fd5ba6fdeb81e07b2caf0b103489bd8d,e871b36e68b0b3d0af9c742d81fef27a,SO70967,105,HL-U509,3,105,17520f5649fab40fb66771362888cb90
14837,fd5ba6fdeb81e07b2caf0b103489bd8d,e871b36e68b0b3d0af9c742d81fef27a,SO70967,150,LJ-0192-M,3,150,17520f5649fab40fb66771362888cb90
14838,0b2223e9289eb4a053913fe2c44e1359,cb1acef92aa40abf6c8b8044d9ed1309,SO46238,3578,BK-R93R-44,1,3578,5c70f2bf0cb9e8d72491348c6d6d9b06
14838,3e107cd1554225ea3056ed5010adce90,aa14ddbc43aa2d3be1e6ac019bb7b5bc,SO73804,10,BC-M005,1,10,43e2cc7ff261723f93f64f3f7e9faa8d
14838,3e107cd1554225ea3056ed5010adce90,aa14ddbc43aa2d3be1e6ac019bb7b5bc,SO73804,769,BK-M38S-46,1,769,43e2cc7ff261723f93f64f3f7e9faa8d
14838,3e107cd1554225ea3056ed5010adce90,aa14ddbc43aa2d3be1e6ac019bb7b5bc,SO73804,22,FE-6654,1,22,43e2cc7ff261723f93f64f3f7e9faa8d
14838,3e107cd1554225ea3056ed5010adce90,aa14ddbc43aa2d3be1e6ac019bb7b5bc,SO73804,105,HL-U509-R,3,105,43e2cc7ff261723f93f64f3f7e9faa8d
14839,9e8cbc3edbb5efb3f48d6afb260e4725,174acf6ca4e9804d47a59a499422e621,SO59238,2,PK-7098,1,2,640540d73b85c3ecd2e3bf5541686e87
14839,9e8cbc3edbb5efb3f48d6afb260e4725,174acf6ca4e9804d47a59a499422e621,SO59238,29,TI-T723,1,29,640540d73b85c3ecd2e3bf5541686e87
14839,9e8cbc3edbb5efb3f48d6afb260e4725,174acf6ca4e9804d47a59a499422e621,SO59238,5,TT-T092,1,5,640540d73b85c3ecd2e3bf5541686e87
14839,ccb91034934bb047c5f6a32eb289b95b,640540d73b85c3ecd2e3bf5541686e87,SO59737,150,LJ-0192-L,3,150,3ebfce6ccd7540a632ae7e6ad8100c29
14839,ccb91034934bb047c5f6a32eb289b95b,640540d73b85c3ecd2e3bf5541686e87,SO59737,70,SH-W890-M,1,70,3ebfce6ccd7540a632ae7e6ad8100c29
14840,05e7920e8caf0303dc01b77666952b75,eea5b3bd1bd5d5c62a1d22f78d3ba263,SO66235,70,SH-W890-L,1,70,3a2f313512bb520c43971e54ba834dec
14840,05e7920e8caf0303dc01b77666952b75,eea5b3bd1bd5d5c62a1d22f78d3ba263,SO66235,54,SJ-0194-S,1,54,3a2f313512bb520c43971e54ba834dec
14840,9b98d27287b27eeee9ebc06e1d5a9a8d,0dc34ca2aaa8612cde077f1880b78b25,SO53113,29,TI-T723,1,29,18bea060239713ee5f865109f63f3a8a
14840,9b98d27287b27eeee9ebc06e1d5a9a8d,0dc34ca2aaa8612cde077f1880b78b25,SO53113,5,TT-T092,1,5,18bea060239713ee5f865109f63f3a8a
14841,e2f0a420a4c1a9e8e292761f835e0489,4eec6eda382b9c44e240ad4b4b5e9cc0,SO65587,22,FE-6654,1,22,9d934f91c460e9947414d00048f2fa36
14841,e2f0a420a4c1a9e8e292761f835e0489,4eec6eda382b9c44e240ad4b4b5e9cc0,SO65587,64,VE-C304-M,1,64,9d934f91c460e9947414d00048f2fa36
14842,da9c4ba6c9a1ae8725389bfd38b5763a,3e48b2167bd86ef570e46d0b286c4f74,SO54067,10,BC-M005,1,10,9223b53f03a405f817e91392f0294f6a
14842,da9c4ba6c9a1ae8725389bfd38b5763a,3e48b2167bd86ef570e46d0b286c4f74,SO54067,27,CA-1098,3,27,9223b53f03a405f817e91392f0294f6a
14842,da9c4ba6c9a1ae8725389bfd38b5763a,3e48b2167bd86ef570e46d0b286c4f74,SO54067,22,FE-6654,1,22,9223b53f03a405f817e91392f0294f6a
14842,da9c4ba6c9a1ae8725389bfd38b5763a,3e48b2167bd86ef570e46d0b286c4f74,SO54067,54,SJ-0194-L,1,54,9223b53f03a405f817e91392f0294f6a
14842,da9c4ba6c9a1ae8725389bfd38b5763a,3e48b2167bd86ef570e46d0b286c4f74,SO54067,5,WB-H098,1,5,9223b53f03a405f817e91392f0294f6a
14843,089c2a426c196c5ca5facb20896c90bb,bc761b2b7297029a695fbd6dd0470724,SO56317,742,BK-T18Y-54,1,742,55f9f4cb5784581a517e59904e0d5e2f
14843,089c2a426c196c5ca5facb20896c90bb,bc761b2b7297029a695fbd6dd0470724,SO56317,105,HL-U509-B,3,105,55f9f4cb5784581a517e59904e0d5e2f
14843,c4c454d69a39e60a6f5cf2f97148adad,49fce086a31f1cfcf16b54e462f7cbc0,SO71573,10,BC-M005,1,10,31c99d724c1f182c60edb82eb4740277
14843,c4c454d69a39e60a6f5cf2f97148adad,49fce086a31f1cfcf16b54e462f7cbc0,SO71573,4640,BK-M68S-38,2,4640,31c99d724c1f182c60edb82eb4740277
14843,c4c454d69a39e60a6f5cf2f97148adad,49fce086a31f1cfcf16b54e462f7cbc0,SO71573,5,WB-H098,1,5,31c99d724c1f182c60edb82eb4740277
14843,f9ddb47946744febeaa9d83b982c0fdd,d8c0cdf6e9755bab216fcb1de9e9a943,SO44928,3578,BK-R93R-56,1,3578,0b5b42bd1c2c831ec2018ff055eecdab
14844,c135545cc3f3a739132ffdbc8096f3d4,36ab6f1df21f3c9a169c8942e981959a,SO68428,22,FE-6654,1,22,511572e8a25e86c2f48ae9e6d73a1e6a
14844,c135545cc3f3a739132ffdbc8096f3d4,36ab6f1df21f3c9a169c8942e981959a,SO68428,64,VE-C304-M,1,64,511572e8a25e86c2f48ae9e6d73a1e6a
14845,18bea060239713ee5f865109f63f3a8a,7f026edc73bd4602381834e9b850d6c2,SO52867,2,PK-7098,1,2,d6ec5bff1a0809822c740ce35792fa7a
14845,18bea060239713ee5f865109f63f3a8a,7f026edc73bd4602381834e9b850d6c2,SO52867,5,TT-M928,1,5,d6ec5bff1a0809822c740ce35792fa7a
14846,1556bafff387fc8f2f6fef64c1daa6bc,8728a5e296f39e49d2fa74c31820e99f,SO70467,10,BC-M005,1,10,e871b36e68b0b3d0af9c742d81fef27a
14846,1556bafff387fc8f2f6fef64c1daa6bc,8728a5e296f39e49d2fa74c31820e99f,SO70467,4640,BK-M68S-42,2,4640,e871b36e68b0b3d0af9c742d81fef27a
14846,1556bafff387fc8f2f6fef64c1daa6bc,8728a5e296f39e49d2fa74c31820e99f,SO70467,54,SJ-0194-S,1,54,e871b36e68b0b3d0af9c742d81fef27a
14846,1556bafff387fc8f2f6fef64c1daa6bc,8728a5e296f39e49d2fa74c31820e99f,SO70467,5,WB-H098,1,5,e871b36e68b0b3d0af9c742d81fef27a
14846,38c343b5c13f75876efc9310060cce67,9b388942f77042c20d2cf762e3bde6f6,SO45192,3578,BK-R93R-56,1,3578,e5395ed6218fcdbee3bcf445ea9eaaa3
14846,3c8e2c51453f4d665f1050da871dead6,1f50dad3f1493a5cf408c4eb3987479e,SO55443,742,BK-T18U-58,1,742,d34ba8f5d7fd7d5959a34c283fbec422
14846,3c8e2c51453f4d665f1050da871dead6,1f50dad3f1493a5cf408c4eb3987479e,SO55443,105,HL-U509-R,3,105,d34ba8f5d7fd7d5959a34c283fbec422
14847,6a8d7e42bb852c45fbf8610361d391a0,3f72b837978dcd042b73e7270f11a4ca,SO71103,10,BC-M005,1,10,49fce086a31f1cfcf16b54e462f7cbc0
14847,6a8d7e42bb852c45fbf8610361d391a0,3f72b837978dcd042b73e7270f11a4ca,SO71103,4640,BK-M68S-46,2,4640,49fce086a31f1cfcf16b54e462f7cbc0
14847,6a8d7e42bb852c45fbf8610361d391a0,3f72b837978dcd042b73e7270f11a4ca,SO71103,105,HL-U509-R,3,105,49fce086a31f1cfcf16b54e462f7cbc0
14847,6a8d7e42bb852c45fbf8610361d391a0,3f72b837978dcd042b73e7270f11a4ca,SO71103,5,WB-H098,1,5,49fce086a31f1cfcf16b54e462f7cbc0
14847,b0b2c17e5682f78d8fc262463fd0a4f3,375bde15092f45652b6398c1dff650d0,SO58003,742,BK-T18Y-54,1,742,5e1b952a22eccca86f7f056a9efb42a4
14847,b0b2c17e5682f78d8fc262463fd0a4f3,375bde15092f45652b6398c1dff650d0,SO58003,105,HL-U509-R,3,105,5e1b952a22eccca86f7f056a9efb42a4
14847,fcd5adae10c8b193e7f485daaca8edaf,2a6250d596353ea8d83850c77e8b9ad4,SO45198,3578,BK-R93R-52,1,3578,0abdefac8d1bd8fada12695898a16347
14848,072bf847aeeee970f66483e596496cd9,cfceb7490eff6e660974507be7c579c6,SO52625,565,BK-M18S-52,1,565,dca79d69a6b38e95c4b03bfab997796c
14848,f8018ae891e33dd2bfe3e20469c0de8f,9b2bcc77e799374ba0ba55212a17c6b3,SO48160,4364,BK-R89R-58,2,4364,bc6a999cadc90ecb33e51eb0f9009145
14849,73a69a5c77a7d23172e54d7ce07a638e,5a06908cc28b799b04fc1c47664462e6,SO55477,22,FE-6654,1,22,41fc4cb27e0ee552c4c9247e1a476cc5
14849,73a69a5c77a7d23172e54d7ce07a638e,5a06908cc28b799b04fc1c47664462e6,SO55477,105,HL-U509-R,3,105,41fc4cb27e0ee552c4c9247e1a476cc5
14850,58f0b42da53adeeccbfa693883fea672,8c9ec1be720ee75d56d0c250d10610fa,SO64407,105,HL-U509-R,3,105,d4746e41b619da57ee9f1a2e2cc254e8
14850,58f0b42da53adeeccbfa693883fea672,8c9ec1be720ee75d56d0c250d10610fa,SO64407,5,TT-M928,1,5,d4746e41b619da57ee9f1a2e2cc254e8
14851,5fcf51a91997cecbc58d2bde1a28e1ec,4dbaf4bdbce8284f0eb9870406ab7f04,SO48119,4364,BK-R89R-58,2,4364,5df3d5e6ab78e9109e9a80b7ac423282
14851,714597fe9448176d17876617114a65bc,d6ec5bff1a0809822c740ce35792fa7a,SO53195,10,BC-M005,1,10,3143ce3c6436ed5bd25398756b7b661d
14851,714597fe9448176d17876617114a65bc,d6ec5bff1a0809822c740ce35792fa7a,SO53195,540,BK-M18B-42,1,540,3143ce3c6436ed5bd25398756b7b661d
14851,714597fe9448176d17876617114a65bc,d6ec5bff1a0809822c740ce35792fa7a,SO53195,27,CA-1098,3,27,3143ce3c6436ed5bd25398756b7b661d
14851,714597fe9448176d17876617114a65bc,d6ec5bff1a0809822c740ce35792fa7a,SO53195,22,FE-6654,1,22,3143ce3c6436ed5bd25398756b7b661d
14851,714597fe9448176d17876617114a65bc,d6ec5bff1a0809822c740ce35792fa7a,SO53195,105,HL-U509-R,3,105,3143ce3c6436ed5bd25398756b7b661d
14851,714597fe9448176d17876617114a65bc,d6ec5bff1a0809822c740ce35792fa7a,SO53195,5,WB-H098,1,5,3143ce3c6436ed5bd25398756b7b661d
14852,05e7920e8caf0303dc01b77666952b75,eea5b3bd1bd5d5c62a1d22f78d3ba263,SO66243,769,BK-M38S-40,1,769,3a2f313512bb520c43971e54ba834dec
14852,cdca3a374ce978208e8fe5a77e52729c,eee133049110ff4a6a9e42b5bf263b11,SO45848,1398,BK-R50B-48,2,1398,5a9689f90da5d0d012de304d7da67a8b
14853,58f0b42da53adeeccbfa693883fea672,8c9ec1be720ee75d56d0c250d10610fa,SO64387,27,CA-1098,3,27,d4746e41b619da57ee9f1a2e2cc254e8
14853,95a2a9aefc393f8630e934768cacf4cd,8f472ffe3ff3109f420ae91355ff8f3f,SO72130,25,TI-R628,1,25,38c9e5d1e366b4c5c36aae682bc960c4
14853,95a2a9aefc393f8630e934768cacf4cd,8f472ffe3ff3109f420ae91355ff8f3f,SO72130,4,TT-R982,1,4,38c9e5d1e366b4c5c36aae682bc960c4
14854,3f0c8308e4e2e5c4ddc1b7e19304f613,61e00b038efd34bdf9c747596273cbcf,SO64794,27,CA-1098,3,27,232e830f1ac667c081eaaca23cdf9b5f
14854,ba19c22033aaecc6c5dad47f63e5858c,8dd08d219271ec96c543f486de430703,SO63005,105,HL-U509-B,3,105,16918840d98f27ce45948fe73dd5592f
14854,ba19c22033aaecc6c5dad47f63e5858c,8dd08d219271ec96c543f486de430703,SO63005,25,TI-R628,1,25,16918840d98f27ce45948fe73dd5592f
14854,ba19c22033aaecc6c5dad47f63e5858c,8dd08d219271ec96c543f486de430703,SO63005,4,TT-R982,1,4,16918840d98f27ce45948fe73dd5592f
14855,38d32d96c9adb3ccccf0e286aa08123c,cc2547b3671a031a723a4e3e241d0eed,SO49652,4098,BK-M68B-46,2,4098,6f28d1f037e8b8040be9f35ba03516af
14855,7983129d9883ebc3b9dce3311996b001,0df76889b3e31ccfd17b50cc73baef03,SO59812,1701,BK-R79Y-44,1,1701,7254e54716fe52361e62aa16ea2e0797
14855,7983129d9883ebc3b9dce3311996b001,0df76889b3e31ccfd17b50cc73baef03,SO59812,27,CA-1098,3,27,7254e54716fe52361e62aa16ea2e0797
14856,01e8942a5792053a553c4612bd6c06a6,6583882ca853d66524856501b27519f5,SO74707,105,HL-U509-B,3,105,722dc621a1a56555843f574144bfcdf0
14856,01e8942a5792053a553c4612bd6c06a6,6583882ca853d66524856501b27519f5,SO74707,5,TT-M928,1,5,722dc621a1a56555843f574144bfcdf0
14857,15699e35c72c4036c71409f3f3d69528,f5933feadc49c253e4f0e77b236946e9,SO53009,54,SJ-0194-L,1,54,deff8ad81a213d1110c1f409a7f40fcd
14857,15699e35c72c4036c71409f3f3d69528,f5933feadc49c253e4f0e77b236946e9,SO53009,25,TI-R628,1,25,deff8ad81a213d1110c1f409a7f40fcd
14857,478ecc8cdaa127c33884d9f6c72c2cd5,3fbd0407b55d3a3da21388a2ddbf881c,SO58594,27,CA-1098,3,27,174acf6ca4e9804d47a59a499422e621
14858,9223b53f03a405f817e91392f0294f6a,3e07f09fb2edbdf0bf6a54c17634514b,SO53774,159,ST-1401,1,159,14e4b13c27fb9bce9938ce35b6597eca
14858,9223b53f03a405f817e91392f0294f6a,3e07f09fb2edbdf0bf6a54c17634514b,SO53774,25,TI-R628,1,25,14e4b13c27fb9bce9938ce35b6597eca
14858,9223b53f03a405f817e91392f0294f6a,3e07f09fb2edbdf0bf6a54c17634514b,SO53774,4,TT-R982,1,4,14e4b13c27fb9bce9938ce35b6597eca
14858,99c8f306659fd98cbb9d7f03ec0c2a7a,705fa39ab40831529471c768490339ab,SO69873,27,CA-1098,3,27,fff3c307c93eda1eb91d53ca588846fe
14859,2fb09097185e604aaadbfde958fd6262,a1e59736d286765313b8212467dc64b2,SO74590,27,CA-1098,3,27,88d8e3ff674b1514a19b24621707f0d9
14859,ad4fbe0c82c7e5968d4cf22c2ad19e28,72e75576254db1afef14ecdc050391c2,SO52674,2,PK-7098,1,2,f5933feadc49c253e4f0e77b236946e9
14859,ad4fbe0c82c7e5968d4cf22c2ad19e28,72e75576254db1afef14ecdc050391c2,SO52674,25,TI-R628,1,25,f5933feadc49c253e4f0e77b236946e9
14859,ad4fbe0c82c7e5968d4cf22c2ad19e28,72e75576254db1afef14ecdc050391c2,SO52674,4,TT-R982,1,4,f5933feadc49c253e4f0e77b236946e9
14860,2d6e054ac82934d489c58cc8399a1628,ce08c22f7777768ce4197eab9727516c,SO60768,2,PK-7098,1,2,348f48807f500aeac729fb17d9bc97f1
14860,2d6e054ac82934d489c58cc8399a1628,ce08c22f7777768ce4197eab9727516c,SO60768,25,TI-R628,1,25,348f48807f500aeac729fb17d9bc97f1
14860,fda052162862bb845297063fd71a580c,1678083e7ff90bd404baad3f60bffa37,SO56385,105,HL-U509-R,3,105,a2c49941411089cb2a9cbf78cb803c26
14860,fda052162862bb845297063fd71a580c,1678083e7ff90bd404baad3f60bffa37,SO56385,5,TT-T092,1,5,a2c49941411089cb2a9cbf78cb803c26
14861,99c8f306659fd98cbb9d7f03ec0c2a7a,705fa39ab40831529471c768490339ab,SO69879,10,BC-M005,1,10,fff3c307c93eda1eb91d53ca588846fe
14861,99c8f306659fd98cbb9d7f03ec0c2a7a,705fa39ab40831529471c768490339ab,SO69879,4640,BK-M68S-42,2,4640,fff3c307c93eda1eb91d53ca588846fe
14861,99c8f306659fd98cbb9d7f03ec0c2a7a,705fa39ab40831529471c768490339ab,SO69879,64,VE-C304-M,1,64,fff3c307c93eda1eb91d53ca588846fe
14861,99c8f306659fd98cbb9d7f03ec0c2a7a,705fa39ab40831529471c768490339ab,SO69879,5,WB-H098,1,5,fff3c307c93eda1eb91d53ca588846fe
14861,e10208f8f7fcc7abfebbaa11e0a5d9a5,024c27431ac9d720119c6c64f5ea46d3,SO45188,3578,BK-R93R-44,1,3578,0095a52f8a0e02a140bcad01e006d00c
14862,ccf89c691dabb1412404274596922d90,b0241b451647f25db5f52074445d820c,SO65055,2,PK-7098,1,2,7299e51cfc0d5174743a6701a8a96488
14862,ccf89c691dabb1412404274596922d90,b0241b451647f25db5f52074445d820c,SO65055,30,TI-M602,1,30,7299e51cfc0d5174743a6701a8a96488
14863,6d338b8c41c717c4336ad0084a80dca4,9223b53f03a405f817e91392f0294f6a,SO54456,2,PK-7098,1,2,40e7dd73b09eac540e790daf6fac41af
14863,6d338b8c41c717c4336ad0084a80dca4,9223b53f03a405f817e91392f0294f6a,SO54456,30,TI-M602,1,30,40e7dd73b09eac540e790daf6fac41af
14864,b34050290c25b0f7b52a2b8f767df87d,caa707f97407c07371136aaf471a91d4,SO67995,105,HL-U509-R,3,105,36ab6f1df21f3c9a169c8942e981959a
14864,b34050290c25b0f7b52a2b8f767df87d,caa707f97407c07371136aaf471a91d4,SO67995,30,TI-M602,1,30,36ab6f1df21f3c9a169c8942e981959a
14864,b34050290c25b0f7b52a2b8f767df87d,caa707f97407c07371136aaf471a91d4,SO67995,5,TT-M928,1,5,36ab6f1df21f3c9a169c8942e981959a
14865,d34ba8f5d7fd7d5959a34c283fbec422,9c56075241a26f6fa77eb86b15411c6e,SO55065,30,TI-M602,1,30,ac15b60491fe99190c0248790e690757
14866,dca79d69a6b38e95c4b03bfab997796c,e5bf4a4a03e320ed76cf2ca68fa5b4c0,SO52390,2,PK-7098,1,2,9f79f7706bc6a7654ef0b8977966f69a
14866,dca79d69a6b38e95c4b03bfab997796c,e5bf4a4a03e320ed76cf2ca68fa5b4c0,SO52390,25,TI-R628,1,25,9f79f7706bc6a7654ef0b8977966f69a
14866,dca79d69a6b38e95c4b03bfab997796c,e5bf4a4a03e320ed76cf2ca68fa5b4c0,SO52390,4,TT-R982,1,4,9f79f7706bc6a7654ef0b8977966f69a
14867,04dbdf67bb8714ba18c9c36d50d1f5dc,4cc27df81afd686c0420394e090460cb,SO62001,769,BK-M38S-42,1,769,2ed3972e38245b633ec6b146c2970148
14867,04dbdf67bb8714ba18c9c36d50d1f5dc,4cc27df81afd686c0420394e090460cb,SO62001,70,SH-W890-S,1,70,2ed3972e38245b633ec6b146c2970148
14868,5a9689f90da5d0d012de304d7da67a8b,a7b6562d6af25035e375b23034715469,SO45818,1398,BK-R50R-48,2,1398,7920863768d90ab95edffbd84cfca3e6
14868,f06fd077b6afc2d69af6e1e548da266d,c135545cc3f3a739132ffdbc8096f3d4,SO69287,769,BK-M38S-46,1,769,175a5d217fad85df9f6639d7ced1e5d9
14868,f06fd077b6afc2d69af6e1e548da266d,c135545cc3f3a739132ffdbc8096f3d4,SO69287,150,LJ-0192-L,3,150,175a5d217fad85df9f6639d7ced1e5d9
14868,f06fd077b6afc2d69af6e1e548da266d,c135545cc3f3a739132ffdbc8096f3d4,SO69287,70,SH-W890-S,1,70,175a5d217fad85df9f6639d7ced1e5d9
14868,f06fd077b6afc2d69af6e1e548da266d,c135545cc3f3a739132ffdbc8096f3d4,SO69287,9,SO-R809-L,1,9,175a5d217fad85df9f6639d7ced1e5d9
14869,08ff55594d8ca57b756a1953f77ebc89,54d3ba66c5e71d3112695b882ca2030e,SO74959,10,BC-M005,1,10,12092303778fcfa88ed7d284b74c6a6a
14869,08ff55594d8ca57b756a1953f77ebc89,54d3ba66c5e71d3112695b882ca2030e,SO74959,105,HL-U509-R,3,105,12092303778fcfa88ed7d284b74c6a6a
14869,08ff55594d8ca57b756a1953f77ebc89,54d3ba66c5e71d3112695b882ca2030e,SO74959,5,TT-M928,1,5,12092303778fcfa88ed7d284b74c6a6a
14869,08ff55594d8ca57b756a1953f77ebc89,54d3ba66c5e71d3112695b882ca2030e,SO74959,5,WB-H098,1,5,12092303778fcfa88ed7d284b74c6a6a
14870,361e2c62255e0c1887ac2139911ca300,20b5e9ce0f87defd975a322149ec8cc6,SO51900,27,CA-1098,3,27,eedd9be5500334505ed9d4aef801ac3d
14870,361e2c62255e0c1887ac2139911ca300,20b5e9ce0f87defd975a322149ec8cc6,SO51900,22,FE-6654,1,22,eedd9be5500334505ed9d4aef801ac3d
14870,361e2c62255e0c1887ac2139911ca300,20b5e9ce0f87defd975a322149ec8cc6,SO51900,150,LJ-0192-S,3,150,eedd9be5500334505ed9d4aef801ac3d
14870,361e2c62255e0c1887ac2139911ca300,20b5e9ce0f87defd975a322149ec8cc6,SO51900,5,TT-M928,1,5,eedd9be5500334505ed9d4aef801ac3d
14871,b68fd63ca41d49bfc1b18251202c053f,d4746e41b619da57ee9f1a2e2cc254e8,SO64884,769,BK-M38S-38,1,769,c87874400b9f907bdf9ea37d75a4b341
14871,b68fd63ca41d49bfc1b18251202c053f,d4746e41b619da57ee9f1a2e2cc254e8,SO64884,27,CA-1098,3,27,c87874400b9f907bdf9ea37d75a4b341
14871,b68fd63ca41d49bfc1b18251202c053f,d4746e41b619da57ee9f1a2e2cc254e8,SO64884,70,SH-W890-S,1,70,c87874400b9f907bdf9ea37d75a4b341
14872,640540d73b85c3ecd2e3bf5541686e87,eba6cab7267f82e3b2a063d5ea445bb9,SO58751,22,FE-6654,1,22,d630b2db6e8046e30b4728ca862ba4e1
14872,640540d73b85c3ecd2e3bf5541686e87,eba6cab7267f82e3b2a063d5ea445bb9,SO58751,150,LJ-0192-M,3,150,d630b2db6e8046e30b4728ca862ba4e1
14873,05e7920e8caf0303dc01b77666952b75,eea5b3bd1bd5d5c62a1d22f78d3ba263,SO66240,22,FE-6654,1,22,3a2f313512bb520c43971e54ba834dec
14874,6ef7b4bb93d4e54234cf965ed2334682,ccf89c691dabb1412404274596922d90,SO65997,769,BK-M38S-40,1,769,93ddc10d6cf61153011df052aa76671f
14874,6ef7b4bb93d4e54234cf965ed2334682,ccf89c691dabb1412404274596922d90,SO65997,105,HL-U509-B,3,105,93ddc10d6cf61153011df052aa76671f
14875,2296af5563b2061aa1d88124a37eecb7,6866da5d40f1aad2d82129d5ffa25bda,SO66542,769,BK-M38S-46,1,769,05e7920e8caf0303dc01b77666952b75
14875,2296af5563b2061aa1d88124a37eecb7,6866da5d40f1aad2d82129d5ffa25bda,SO66542,70,SH-W890-L,1,70,05e7920e8caf0303dc01b77666952b75
14876,ef5bad66aa19ccfb82cacb73584b83ea,0e23f371129aecc6b2033620b226f8d7,SO57872,8,CL-9009,1,8,485ae69515bc4c60ef546ff289741f60
14876,ef5bad66aa19ccfb82cacb73584b83ea,0e23f371129aecc6b2033620b226f8d7,SO57872,5,TT-M928,1,5,485ae69515bc4c60ef546ff289741f60
14877,3a2f313512bb520c43971e54ba834dec,a1fedb8f5f2e08543339a5f167bee6b7,SO65930,769,BK-M38S-42,1,769,e2f0a420a4c1a9e8e292761f835e0489
14877,3a2f313512bb520c43971e54ba834dec,a1fedb8f5f2e08543339a5f167bee6b7,SO65930,150,LJ-0192-L,3,150,e2f0a420a4c1a9e8e292761f835e0489
14877,3a2f313512bb520c43971e54ba834dec,a1fedb8f5f2e08543339a5f167bee6b7,SO65930,70,SH-W890-L,1,70,e2f0a420a4c1a9e8e292761f835e0489
14878,4ceff7612cfa4420892fe23b23ca9265,5691ac18f59a9af20f9d8703772afbba,SO56563,22,FE-6654,1,22,089c2a426c196c5ca5facb20896c90bb
14878,4ceff7612cfa4420892fe23b23ca9265,5691ac18f59a9af20f9d8703772afbba,SO56563,105,HL-U509,3,105,089c2a426c196c5ca5facb20896c90bb
14878,4ceff7612cfa4420892fe23b23ca9265,5691ac18f59a9af20f9d8703772afbba,SO56563,5,TT-M928,1,5,089c2a426c196c5ca5facb20896c90bb
14878,4ceff7612cfa4420892fe23b23ca9265,5691ac18f59a9af20f9d8703772afbba,SO56563,64,VE-C304-S,1,64,089c2a426c196c5ca5facb20896c90bb
14879,705fa39ab40831529471c768490339ab,63efdd3324df66c9965bd622cdebe06a,SO68856,769,BK-M38S-40,1,769,4584ca349e0920f4436a3c2f36158b85
14879,705fa39ab40831529471c768490339ab,63efdd3324df66c9965bd622cdebe06a,SO68856,48,GL-H102-M,2,48,4584ca349e0920f4436a3c2f36158b85
14879,705fa39ab40831529471c768490339ab,63efdd3324df66c9965bd622cdebe06a,SO68856,150,LJ-0192-S,3,150,4584ca349e0920f4436a3c2f36158b85
14879,705fa39ab40831529471c768490339ab,63efdd3324df66c9965bd622cdebe06a,SO68856,70,SH-W890-M,1,70,4584ca349e0920f4436a3c2f36158b85
14879,f369f42c17ebb621a3f39d4f45bb3068,88e79d6e34505f780b4021e0777bcdc0,SO45948,1398,BK-R50B-52,2,1398,f4d4667dc106e39215fdb27a09c25150
14880,7233744a010a9a2e1f7a7eb4772ddfa5,0e0438a8bdbea53929bd664be8421837,SO45887,1398,BK-R50R-52,2,1398,d5bc8f6048b5d9c5610a083b3df65c9e
14880,b21e833d3ead6056f1265f13fe1ff015,7983129d9883ebc3b9dce3311996b001,SO60618,2240,BK-R64Y-48,2,2240,4804ee33768b143d9706052696f7dfbd
14881,3c6f36b5b624fc10e0e7fb916bc9e67a,4539d5ac3ea4fd1548956fea790162f5,SO46145,1398,BK-R50B-48,2,1398,cf4f13c16dae1f2408e65c290fefcbaa
14881,70951886788165a5e2439adfce4d0cce,ca38f30e56a72f4d0c8d2264322c5862,SO69015,2240,BK-R64Y-42,2,2240,c885741a5e3e55c84950327011b70289
14881,70951886788165a5e2439adfce4d0cce,ca38f30e56a72f4d0c8d2264322c5862,SO69015,105,HL-U509-R,3,105,c885741a5e3e55c84950327011b70289
14882,49fce086a31f1cfcf16b54e462f7cbc0,99c8f306659fd98cbb9d7f03ec0c2a7a,SO70813,2240,BK-R64Y-38,2,2240,e84848120190a8d0e696fbeb15647a74
14882,49fce086a31f1cfcf16b54e462f7cbc0,99c8f306659fd98cbb9d7f03ec0c2a7a,SO70813,105,HL-U509,3,105,e84848120190a8d0e696fbeb15647a74
14882,ef75419eb8c7f979c453315a1853bedc,dd323e11c7806b56c8b4104210bb4235,SO46247,1398,BK-R50B-60,2,1398,755330dee3da0e4fcef37002a479e564
14883,3f72b837978dcd042b73e7270f11a4ca,83d1ed00595e79ee5ea3797e97970fe8,SO70305,9,BC-R205,1,9,99c8f306659fd98cbb9d7f03ec0c2a7a
14883,3f72b837978dcd042b73e7270f11a4ca,83d1ed00595e79ee5ea3797e97970fe8,SO70305,2240,BK-R64Y-42,2,2240,99c8f306659fd98cbb9d7f03ec0c2a7a
14883,5740ddd9cc89a58039f5790a932ada9b,f369f42c17ebb621a3f39d4f45bb3068,SO46126,1398,BK-R50B-60,2,1398,59901f77a5f45f9e1a4ab8a7a016680f
14884,1faee5670542865e021595151379fe5c,e5114f65ece65e14e7b721dab1e674e0,SO69786,2240,BK-R64Y-42,2,2240,83d1ed00595e79ee5ea3797e97970fe8
14884,1faee5670542865e021595151379fe5c,e5114f65ece65e14e7b721dab1e674e0,SO69786,105,HL-U509-B,3,105,83d1ed00595e79ee5ea3797e97970fe8
14884,1faee5670542865e021595151379fe5c,e5114f65ece65e14e7b721dab1e674e0,SO69786,25,TI-R628,1,25,83d1ed00595e79ee5ea3797e97970fe8
14884,1faee5670542865e021595151379fe5c,e5114f65ece65e14e7b721dab1e674e0,SO69786,4,TT-R982,1,4,83d1ed00595e79ee5ea3797e97970fe8
14884,7a3cb5f97544c8ef7fd51c4b10455880,0b2223e9289eb4a053913fe2c44e1359,SO46317,1398,BK-R50B-60,2,1398,ec3807bc691cff8019155b6bd6a3a85d
14885,6e32728b966bb91cefefa1316da21ca8,b322422d9a721bbdefa133133dd407c1,SO67757,2240,BK-R64Y-42,2,2240,de5009f9bf3e9725d2381f4a5e913111
14885,6e32728b966bb91cefefa1316da21ca8,b322422d9a721bbdefa133133dd407c1,SO67757,105,HL-U509,3,105,de5009f9bf3e9725d2381f4a5e913111
14886,7b0730955172ecda497d7cca6b1d87a1,d3c54b4368c62c2ff11535bf2b677170,SO55027,540,BK-R19B-44,1,540,5a06908cc28b799b04fc1c47664462e6
14887,a9cefc49af6424b430612adfc69876ee,d34ba8f5d7fd7d5959a34c283fbec422,SO55854,10,BC-M005,1,10,59c3d64cb01cd5ad7fd25246d81a55ff
14887,a9cefc49af6424b430612adfc69876ee,d34ba8f5d7fd7d5959a34c283fbec422,SO55854,22,FE-6654,1,22,59c3d64cb01cd5ad7fd25246d81a55ff
14887,a9cefc49af6424b430612adfc69876ee,d34ba8f5d7fd7d5959a34c283fbec422,SO55854,150,LJ-0192-S,3,150,59c3d64cb01cd5ad7fd25246d81a55ff
14887,a9cefc49af6424b430612adfc69876ee,d34ba8f5d7fd7d5959a34c283fbec422,SO55854,5,WB-H098,1,5,59c3d64cb01cd5ad7fd25246d81a55ff
14888,b34f038fa8756c7f3677882d150ade23,ab121e91b47aaffbbc247dca4687f0f0,SO46284,1398,BK-R50R-48,2,1398,ef75419eb8c7f979c453315a1853bedc
14888,e366e24b8ad0b1107528f2f58cd15a81,921bc92a493b53f98f24e6a8a12801be,SO72502,2240,BK-R64Y-42,2,2240,c83e871e48c2716e0f28e60d166a5c98
14888,e366e24b8ad0b1107528f2f58cd15a81,921bc92a493b53f98f24e6a8a12801be,SO72502,48,GL-H102-L,2,48,c83e871e48c2716e0f28e60d166a5c98
14888,e366e24b8ad0b1107528f2f58cd15a81,921bc92a493b53f98f24e6a8a12801be,SO72502,54,SJ-0194-L,1,54,c83e871e48c2716e0f28e60d166a5c98
14889,c7390752782466cfc9a3ed7d3a79e046,0001ffe4d82d0d8f9fec5ab0b4faa2db,SO67936,22,FE-6654,1,22,16e364d19895243407b256ec272d5394
14890,f108e0cd2f96a0c22086f9d45ee08f19,ad0b7f5ad35732646f1e5f67418d5995,SO60158,22,FE-6654,1,22,7983129d9883ebc3b9dce3311996b001
14891,167c301692e8c30daa0602fbcbeb02b6,564f7f85bc0f9399a0ce2e5f21901984,SO46222,1398,BK-R50B-62,2,1398,5bdc8cd31bb1859c6d9dd782c52a85ae
14891,fe1fd19c021e78ec395980c2e347865e,16e364d19895243407b256ec272d5394,SO68377,769,BK-M38S-42,1,769,63efdd3324df66c9965bd622cdebe06a
14891,fe1fd19c021e78ec395980c2e347865e,16e364d19895243407b256ec272d5394,SO68377,30,TI-M602,1,30,63efdd3324df66c9965bd622cdebe06a
14892,167c301692e8c30daa0602fbcbeb02b6,564f7f85bc0f9399a0ce2e5f21901984,SO46223,1398,BK-R50R-44,2,1398,5bdc8cd31bb1859c6d9dd782c52a85ae
14892,fe1fd19c021e78ec395980c2e347865e,16e364d19895243407b256ec272d5394,SO68378,769,BK-M38S-38,1,769,63efdd3324df66c9965bd622cdebe06a
14893,6e32728b966bb91cefefa1316da21ca8,b322422d9a721bbdefa133133dd407c1,SO67733,769,BK-M38S-38,1,769,de5009f9bf3e9725d2381f4a5e913111
14893,6e32728b966bb91cefefa1316da21ca8,b322422d9a721bbdefa133133dd407c1,SO67733,70,SH-W890-S,1,70,de5009f9bf3e9725d2381f4a5e913111
14894,3a5d59e0d6a1a261f70c276f78a569eb,ef75419eb8c7f979c453315a1853bedc,SO46321,1398,BK-R50R-52,2,1398,79aec4feadc6bb77df978e9aecbf488e
14894,6e32728b966bb91cefefa1316da21ca8,b322422d9a721bbdefa133133dd407c1,SO67732,769,BK-M38S-46,1,769,de5009f9bf3e9725d2381f4a5e913111
14894,6e32728b966bb91cefefa1316da21ca8,b322422d9a721bbdefa133133dd407c1,SO67732,105,HL-U509-B,3,105,de5009f9bf3e9725d2381f4a5e913111
14895,5740ddd9cc89a58039f5790a932ada9b,f369f42c17ebb621a3f39d4f45bb3068,SO46127,1398,BK-R50B-60,2,1398,59901f77a5f45f9e1a4ab8a7a016680f
14895,63efdd3324df66c9965bd622cdebe06a,7acd252f45ad6fe668386456a673d543,SO68061,769,BK-M38S-38,1,769,6e32728b966bb91cefefa1316da21ca8
14895,63efdd3324df66c9965bd622cdebe06a,7acd252f45ad6fe668386456a673d543,SO68061,105,HL-U509-B,3,105,6e32728b966bb91cefefa1316da21ca8
14896,c885741a5e3e55c84950327011b70289,7e15f50bd26e439e6a22f5205a8064db,SO68657,769,BK-M38S-40,1,769,0da2bc000f1fe4ea8746f9aea0bb5879
14896,c885741a5e3e55c84950327011b70289,7e15f50bd26e439e6a22f5205a8064db,SO68657,150,LJ-0192-X,3,150,0da2bc000f1fe4ea8746f9aea0bb5879
14896,c885741a5e3e55c84950327011b70289,7e15f50bd26e439e6a22f5205a8064db,SO68657,70,SH-W890-S,1,70,0da2bc000f1fe4ea8746f9aea0bb5879
14896,ef75419eb8c7f979c453315a1853bedc,dd323e11c7806b56c8b4104210bb4235,SO46248,1398,BK-R50R-62,2,1398,755330dee3da0e4fcef37002a479e564
14897,174acf6ca4e9804d47a59a499422e621,5abaefcc8525a8f4cfd95cba9e926532,SO58308,10,BC-M005,1,10,eba6cab7267f82e3b2a063d5ea445bb9
14897,174acf6ca4e9804d47a59a499422e621,5abaefcc8525a8f4cfd95cba9e926532,SO58308,48,GL-H102-S,2,48,eba6cab7267f82e3b2a063d5ea445bb9
14897,174acf6ca4e9804d47a59a499422e621,5abaefcc8525a8f4cfd95cba9e926532,SO58308,105,HL-U509-B,3,105,eba6cab7267f82e3b2a063d5ea445bb9
14897,174acf6ca4e9804d47a59a499422e621,5abaefcc8525a8f4cfd95cba9e926532,SO58308,5,WB-H098,1,5,eba6cab7267f82e3b2a063d5ea445bb9
14897,b8d9d66529b0a1e91f6137abcdd065dd,6d44506d59926d8d13d35f75d97f2a64,SO54212,105,HL-U509,3,105,90c6314650a0d54fdcabe5cd5406f9af
14897,b8d9d66529b0a1e91f6137abcdd065dd,6d44506d59926d8d13d35f75d97f2a64,SO54212,33,TI-R982,1,33,90c6314650a0d54fdcabe5cd5406f9af
14897,b8d9d66529b0a1e91f6137abcdd065dd,6d44506d59926d8d13d35f75d97f2a64,SO54212,4,TT-R982,1,4,90c6314650a0d54fdcabe5cd5406f9af
14897,de5009f9bf3e9725d2381f4a5e913111,2296af5563b2061aa1d88124a37eecb7,SO67380,8,CL-9009,1,8,a1d0c0a14c6c8f8a8ef8220209c23a64
14897,de5009f9bf3e9725d2381f4a5e913111,2296af5563b2061aa1d88124a37eecb7,SO67380,2,PK-7098,1,2,a1d0c0a14c6c8f8a8ef8220209c23a64
14897,de5009f9bf3e9725d2381f4a5e913111,2296af5563b2061aa1d88124a37eecb7,SO67380,35,TI-M823,1,35,a1d0c0a14c6c8f8a8ef8220209c23a64
14897,de5009f9bf3e9725d2381f4a5e913111,2296af5563b2061aa1d88124a37eecb7,SO67380,5,TT-M928,1,5,a1d0c0a14c6c8f8a8ef8220209c23a64
14898,95a2a9aefc393f8630e934768cacf4cd,8f472ffe3ff3109f420ae91355ff8f3f,SO72154,10,BC-M005,1,10,38c9e5d1e366b4c5c36aae682bc960c4
14898,95a2a9aefc393f8630e934768cacf4cd,8f472ffe3ff3109f420ae91355ff8f3f,SO72154,22,FE-6654,1,22,38c9e5d1e366b4c5c36aae682bc960c4
14898,95a2a9aefc393f8630e934768cacf4cd,8f472ffe3ff3109f420ae91355ff8f3f,SO72154,5,TT-M928,1,5,38c9e5d1e366b4c5c36aae682bc960c4
14898,95a2a9aefc393f8630e934768cacf4cd,8f472ffe3ff3109f420ae91355ff8f3f,SO72154,5,WB-H098,1,5,38c9e5d1e366b4c5c36aae682bc960c4
14899,c926349b55a58d87d7d5008c349fd1e9,9e8cbc3edbb5efb3f48d6afb260e4725,SO60073,5,TT-M928,1,5,ccb91034934bb047c5f6a32eb289b95b
14900,8eb7a1b0dba9fdd5f4248b9cb6b9119b,9f1ff00ea8fd9fd8f2d421ba5ec45a18,SO68244,769,BK-M38S-40,1,769,c7390752782466cfc9a3ed7d3a79e046
14900,8eb7a1b0dba9fdd5f4248b9cb6b9119b,9f1ff00ea8fd9fd8f2d421ba5ec45a18,SO68244,70,SH-W890-S,1,70,c7390752782466cfc9a3ed7d3a79e046
14901,f04e53711455521533f4c5ed7dcaa287,5e9b4970006d8f02ba0bc1763fa8b9a6,SO52545,2,PK-7098,1,2,f799d104dd23bb828dcdaaefc4d25b61
14901,f04e53711455521533f4c5ed7dcaa287,5e9b4970006d8f02ba0bc1763fa8b9a6,SO52545,5,TT-M928,1,5,f799d104dd23bb828dcdaaefc4d25b61
14902,167c301692e8c30daa0602fbcbeb02b6,564f7f85bc0f9399a0ce2e5f21901984,SO46224,1398,BK-R50R-48,2,1398,5bdc8cd31bb1859c6d9dd782c52a85ae
14902,702a02712215141594ddf8e52b0a651c,cd15e5f80ff20dd345bfaa51400dd0d6,SO67545,769,BK-M38S-38,1,769,caa707f97407c07371136aaf471a91d4
14902,702a02712215141594ddf8e52b0a651c,cd15e5f80ff20dd345bfaa51400dd0d6,SO67545,70,SH-W890-M,1,70,caa707f97407c07371136aaf471a91d4
14903,6353a8421ee460b64f2c988cc72a8391,59c3d64cb01cd5ad7fd25246d81a55ff,SO56205,22,FE-6654,1,22,5691ac18f59a9af20f9d8703772afbba
14903,6353a8421ee460b64f2c988cc72a8391,59c3d64cb01cd5ad7fd25246d81a55ff,SO56205,105,HL-U509,3,105,5691ac18f59a9af20f9d8703772afbba
14903,6353a8421ee460b64f2c988cc72a8391,59c3d64cb01cd5ad7fd25246d81a55ff,SO56205,5,TT-M928,1,5,5691ac18f59a9af20f9d8703772afbba
14904,232e830f1ac667c081eaaca23cdf9b5f,4b5c3229e0725ef8d303f494db9faec8,SO64481,10,BC-M005,1,10,abe94c2111c58e9c9672602d41bce66e
14904,232e830f1ac667c081eaaca23cdf9b5f,4b5c3229e0725ef8d303f494db9faec8,SO64481,105,HL-U509,3,105,abe94c2111c58e9c9672602d41bce66e
14904,232e830f1ac667c081eaaca23cdf9b5f,4b5c3229e0725ef8d303f494db9faec8,SO64481,5,WB-H098,1,5,abe94c2111c58e9c9672602d41bce66e
14904,94c60e0b5e2b0f78b919a5d4c67d70a2,0d15ba5aa4c9ad0377b26e0cf7a86280,SO62207,2,PK-7098,1,2,9913e55755fcc4267a06c1e6adbbc7fb
14904,94c60e0b5e2b0f78b919a5d4c67d70a2,0d15ba5aa4c9ad0377b26e0cf7a86280,SO62207,120,RA-H123,1,120,9913e55755fcc4267a06c1e6adbbc7fb
14904,94c60e0b5e2b0f78b919a5d4c67d70a2,0d15ba5aa4c9ad0377b26e0cf7a86280,SO62207,35,TI-M823,1,35,9913e55755fcc4267a06c1e6adbbc7fb
14904,c83e871e48c2716e0f28e60d166a5c98,6a8d7e42bb852c45fbf8610361d391a0,SO72082,27,CA-1098,3,27,c4c454d69a39e60a6f5cf2f97148adad
14904,c83e871e48c2716e0f28e60d166a5c98,6a8d7e42bb852c45fbf8610361d391a0,SO72082,2,PK-7098,1,2,c4c454d69a39e60a6f5cf2f97148adad
14904,c83e871e48c2716e0f28e60d166a5c98,6a8d7e42bb852c45fbf8610361d391a0,SO72082,54,SJ-0194-X,1,54,c4c454d69a39e60a6f5cf2f97148adad
14904,c83e871e48c2716e0f28e60d166a5c98,6a8d7e42bb852c45fbf8610361d391a0,SO72082,159,ST-1401,1,159,c4c454d69a39e60a6f5cf2f97148adad
14904,c83e871e48c2716e0f28e60d166a5c98,6a8d7e42bb852c45fbf8610361d391a0,SO72082,33,TI-R982,1,33,c4c454d69a39e60a6f5cf2f97148adad
14904,c83e871e48c2716e0f28e60d166a5c98,6a8d7e42bb852c45fbf8610361d391a0,SO72082,4,TT-R982,1,4,c4c454d69a39e60a6f5cf2f97148adad
14905,cd15e5f80ff20dd345bfaa51400dd0d6,3a2f313512bb520c43971e54ba834dec,SO66667,159,ST-1401,1,159,4efe8b2ca156042f8a3d8dd6aba54520
14905,cd15e5f80ff20dd345bfaa51400dd0d6,3a2f313512bb520c43971e54ba834dec,SO66667,5,TT-M928,1,5,4efe8b2ca156042f8a3d8dd6aba54520
14906,18f358e551b5b85912bc952ab9894c0d,abe94c2111c58e9c9672602d41bce66e,SO64912,10,BC-M005,1,10,a6d37e298c3042e300813f55a17e0875
14906,18f358e551b5b85912bc952ab9894c0d,abe94c2111c58e9c9672602d41bce66e,SO64912,54,SJ-0194-X,1,54,a6d37e298c3042e300813f55a17e0875
14906,18f358e551b5b85912bc952ab9894c0d,abe94c2111c58e9c9672602d41bce66e,SO64912,5,WB-H098,1,5,a6d37e298c3042e300813f55a17e0875
14906,56e52500a7f5ab963646137a401683cd,df09a3a727ac0f29208c5ef3bf7625e6,SO74661,27,CA-1098,3,27,13b7c2277967bc61802018c764b5b2a0
14906,56e52500a7f5ab963646137a401683cd,df09a3a727ac0f29208c5ef3bf7625e6,SO74661,33,TI-R982,1,33,13b7c2277967bc61802018c764b5b2a0
14906,56e52500a7f5ab963646137a401683cd,df09a3a727ac0f29208c5ef3bf7625e6,SO74661,4,TT-R982,1,4,13b7c2277967bc61802018c764b5b2a0
14906,fff3c307c93eda1eb91d53ca588846fe,4584ca349e0920f4436a3c2f36158b85,SO69359,105,HL-U509-R,3,105,70951886788165a5e2439adfce4d0cce
14906,fff3c307c93eda1eb91d53ca588846fe,4584ca349e0920f4436a3c2f36158b85,SO69359,35,TI-M823,1,35,70951886788165a5e2439adfce4d0cce
14906,fff3c307c93eda1eb91d53ca588846fe,4584ca349e0920f4436a3c2f36158b85,SO69359,5,TT-M928,1,5,70951886788165a5e2439adfce4d0cce
14907,6582aa26281b9a92ad60e6a03e274c00,232e830f1ac667c081eaaca23cdf9b5f,SO65418,2,PK-7098,1,2,18f358e551b5b85912bc952ab9894c0d
14907,6582aa26281b9a92ad60e6a03e274c00,232e830f1ac667c081eaaca23cdf9b5f,SO65418,120,RA-H123,1,120,18f358e551b5b85912bc952ab9894c0d
14907,6582aa26281b9a92ad60e6a03e274c00,232e830f1ac667c081eaaca23cdf9b5f,SO65418,5,TT-M928,1,5,18f358e551b5b85912bc952ab9894c0d
14908,4ceff7612cfa4420892fe23b23ca9265,5691ac18f59a9af20f9d8703772afbba,SO56562,105,HL-U509-R,3,105,089c2a426c196c5ca5facb20896c90bb
14908,4ceff7612cfa4420892fe23b23ca9265,5691ac18f59a9af20f9d8703772afbba,SO56562,5,TT-M928,1,5,089c2a426c196c5ca5facb20896c90bb
14909,3e48b2167bd86ef570e46d0b286c4f74,072bf847aeeee970f66483e596496cd9,SO53263,5,TT-M928,1,5,3e07f09fb2edbdf0bf6a54c17634514b
14910,f06fd077b6afc2d69af6e1e548da266d,c135545cc3f3a739132ffdbc8096f3d4,SO69291,769,BK-M38S-40,1,769,175a5d217fad85df9f6639d7ced1e5d9
14910,f06fd077b6afc2d69af6e1e548da266d,c135545cc3f3a739132ffdbc8096f3d4,SO69291,70,SH-W890-L,1,70,175a5d217fad85df9f6639d7ced1e5d9
14911,e5114f65ece65e14e7b721dab1e674e0,c7390752782466cfc9a3ed7d3a79e046,SO68717,769,BK-M38S-38,1,769,fe1fd19c021e78ec395980c2e347865e
14911,e5114f65ece65e14e7b721dab1e674e0,c7390752782466cfc9a3ed7d3a79e046,SO68717,30,TI-M602,1,30,fe1fd19c021e78ec395980c2e347865e
14911,e5114f65ece65e14e7b721dab1e674e0,c7390752782466cfc9a3ed7d3a79e046,SO68717,5,TT-M928,1,5,fe1fd19c021e78ec395980c2e347865e
14911,e5114f65ece65e14e7b721dab1e674e0,c7390752782466cfc9a3ed7d3a79e046,SO68717,64,VE-C304-M,1,64,fe1fd19c021e78ec395980c2e347865e
14912,0da2bc000f1fe4ea8746f9aea0bb5879,702a02712215141594ddf8e52b0a651c,SO68322,769,BK-M38S-38,1,769,b34050290c25b0f7b52a2b8f767df87d
14912,0da2bc000f1fe4ea8746f9aea0bb5879,702a02712215141594ddf8e52b0a651c,SO68322,27,CA-1098,3,27,b34050290c25b0f7b52a2b8f767df87d
14912,0da2bc000f1fe4ea8746f9aea0bb5879,702a02712215141594ddf8e52b0a651c,SO68322,70,SH-W890-M,1,70,b34050290c25b0f7b52a2b8f767df87d
14912,d67506f7b78a628b8ca297a62df67cd7,39106a04f091528b34339175a1913836,SO46116,1398,BK-R50B-58,2,1398,c662479358c8f228c7b04ddb926eb524
14913,3231874380fe0ddd5531449efe325585,901d3c97008878679a99b7d12df8ecda,SO46487,1398,BK-R50B-44,2,1398,eb89b77c8ab43407829a31ec1c84f649
14913,c885741a5e3e55c84950327011b70289,7e15f50bd26e439e6a22f5205a8064db,SO68658,10,BC-M005,1,10,0da2bc000f1fe4ea8746f9aea0bb5879
14913,c885741a5e3e55c84950327011b70289,7e15f50bd26e439e6a22f5205a8064db,SO68658,769,BK-M38S-38,1,769,0da2bc000f1fe4ea8746f9aea0bb5879
14913,c885741a5e3e55c84950327011b70289,7e15f50bd26e439e6a22f5205a8064db,SO68658,150,LJ-0192-L,3,150,0da2bc000f1fe4ea8746f9aea0bb5879
14913,c885741a5e3e55c84950327011b70289,7e15f50bd26e439e6a22f5205a8064db,SO68658,5,WB-H098,1,5,0da2bc000f1fe4ea8746f9aea0bb5879
14914,3fe686907939d07097f6c87f08025422,8eb7a1b0dba9fdd5f4248b9cb6b9119b,SO69058,769,BK-M38S-42,1,769,e5114f65ece65e14e7b721dab1e674e0
14914,3fe686907939d07097f6c87f08025422,8eb7a1b0dba9fdd5f4248b9cb6b9119b,SO69058,70,SH-W890-M,1,70,e5114f65ece65e14e7b721dab1e674e0
14914,3fe686907939d07097f6c87f08025422,8eb7a1b0dba9fdd5f4248b9cb6b9119b,SO69058,54,SJ-0194-S,1,54,e5114f65ece65e14e7b721dab1e674e0
14914,b0d346be9fa7508e21d5c500b97e6b7a,e0ff70a5e22e7449dab732c95d815720,SO46551,1398,BK-R50R-52,2,1398,23e53557c4c2300cb2511c53082467bb
14915,5fe94fb0f4dba39b9df91e97622d2ec2,3a5d59e0d6a1a261f70c276f78a569eb,SO46470,1398,BK-R50R-60,2,1398,8a5d7ee8a6750efd5364f3ccd8e7ea1b
14915,fff3c307c93eda1eb91d53ca588846fe,4584ca349e0920f4436a3c2f36158b85,SO69366,769,BK-M38S-42,1,769,70951886788165a5e2439adfce4d0cce
14915,fff3c307c93eda1eb91d53ca588846fe,4584ca349e0920f4436a3c2f36158b85,SO69366,70,SH-W890-S,1,70,70951886788165a5e2439adfce4d0cce
14916,072bf847aeeee970f66483e596496cd9,cfceb7490eff6e660974507be7c579c6,SO52636,22,FE-6654,1,22,dca79d69a6b38e95c4b03bfab997796c
14916,072bf847aeeee970f66483e596496cd9,cfceb7490eff6e660974507be7c579c6,SO52636,5,TT-M928,1,5,dca79d69a6b38e95c4b03bfab997796c
14917,7ee641303ef8d8b10d0ed00a060c73cc,eef21e68ecca703bb338920b950f203c,SO61754,48,GL-H102-M,2,48,0d15ba5aa4c9ad0377b26e0cf7a86280
14917,7ee641303ef8d8b10d0ed00a060c73cc,eef21e68ecca703bb338920b950f203c,SO61754,105,HL-U509-B,3,105,0d15ba5aa4c9ad0377b26e0cf7a86280
14917,7ee641303ef8d8b10d0ed00a060c73cc,eef21e68ecca703bb338920b950f203c,SO61754,5,TT-M928,1,5,0d15ba5aa4c9ad0377b26e0cf7a86280
14918,03bf7d2a8718ee9aca4bd2f37e962fc4,290499d9b8e65db426ba9b842714eb6d,SO63579,8,CL-9009,1,8,7130adfd843cdcb6d0bcd9d13792693a
14918,03bf7d2a8718ee9aca4bd2f37e962fc4,290499d9b8e65db426ba9b842714eb6d,SO63579,5,TT-M928,1,5,7130adfd843cdcb6d0bcd9d13792693a
14919,0e23f371129aecc6b2033620b226f8d7,fda052162862bb845297063fd71a580c,SO57215,2,PK-7098,1,2,40ff348468b73116a7077c246985e0bf
14919,0e23f371129aecc6b2033620b226f8d7,fda052162862bb845297063fd71a580c,SO57215,5,TT-M928,1,5,40ff348468b73116a7077c246985e0bf
14920,ed268f8f3837888893f896b7240f1254,a9cefc49af6424b430612adfc69876ee,SO56458,5,TT-M928,1,5,6353a8421ee460b64f2c988cc72a8391
14921,15699e35c72c4036c71409f3f3d69528,f5933feadc49c253e4f0e77b236946e9,SO53035,2,PK-7098,1,2,deff8ad81a213d1110c1f409a7f40fcd
14921,15699e35c72c4036c71409f3f3d69528,f5933feadc49c253e4f0e77b236946e9,SO53035,5,TT-M928,1,5,deff8ad81a213d1110c1f409a7f40fcd
14922,921bc92a493b53f98f24e6a8a12801be,17520f5649fab40fb66771362888cb90,SO71444,5,TT-M928,1,5,6a8d7e42bb852c45fbf8610361d391a0
14923,f06fd077b6afc2d69af6e1e548da266d,c135545cc3f3a739132ffdbc8096f3d4,SO69279,8,CL-9009,1,8,175a5d217fad85df9f6639d7ced1e5d9
14923,f06fd077b6afc2d69af6e1e548da266d,c135545cc3f3a739132ffdbc8096f3d4,SO69279,2,PK-7098,1,2,175a5d217fad85df9f6639d7ced1e5d9
14923,f06fd077b6afc2d69af6e1e548da266d,c135545cc3f3a739132ffdbc8096f3d4,SO69279,5,TT-M928,1,5,175a5d217fad85df9f6639d7ced1e5d9
14924,d3c54b4368c62c2ff11535bf2b677170,41464bd548f06ca845208f69df30ac82,SO54341,105,HL-U509,3,105,da9c4ba6c9a1ae8725389bfd38b5763a
14924,d3c54b4368c62c2ff11535bf2b677170,41464bd548f06ca845208f69df30ac82,SO54341,5,TT-M928,1,5,da9c4ba6c9a1ae8725389bfd38b5763a
14925,7e7a9bb13ad063eb81a70efff24ca60a,236684fb5e7041b0bce387092d87c3ea,SO48237,4364,BK-R89B-58,2,4364,4bd94d77610f3faab529dc08576e03ab
14925,d6ab5a0eee939524352092b964d92b84,106dfbaf552c07a1b08d065f2c343982,SO55187,540,BK-M18B-40,1,540,3c4bf68562424c26986beae6ce13704a
14926,9c56075241a26f6fa77eb86b15411c6e,9444f850ff0c10a862b4a6a9c4ab0a74,SO54386,10,BC-M005,1,10,ab2e81a99745ffff6c06e2be93290d1b
14926,9c56075241a26f6fa77eb86b15411c6e,9444f850ff0c10a862b4a6a9c4ab0a74,SO54386,565,BK-M18S-52,1,565,ab2e81a99745ffff6c06e2be93290d1b
14926,9c56075241a26f6fa77eb86b15411c6e,9444f850ff0c10a862b4a6a9c4ab0a74,SO54386,105,HL-U509-B,3,105,ab2e81a99745ffff6c06e2be93290d1b
14926,9c56075241a26f6fa77eb86b15411c6e,9444f850ff0c10a862b4a6a9c4ab0a74,SO54386,5,WB-H098,1,5,ab2e81a99745ffff6c06e2be93290d1b
14926,bbe7548219ab98340a1170c8a2e7847b,9818ca9856d3cf7b357612ed1c1f59a2,SO48253,2443,BK-R89R-48,1,2443,813f26755901d08d11203eb467615b65
14927,0b2223e9289eb4a053913fe2c44e1359,cb1acef92aa40abf6c8b8044d9ed1309,SO46239,3578,BK-R93R-48,1,3578,5c70f2bf0cb9e8d72491348c6d6d9b06
14927,ca510b577b53d588f80b4fc76030ea52,88f50aa0771fa4f938f7b54792e066c8,SO51622,540,BK-M18B-42,1,540,01eb8a9956865747637639482336f5f8
14927,ca510b577b53d588f80b4fc76030ea52,88f50aa0771fa4f938f7b54792e066c8,SO51622,22,FE-6654,1,22,01eb8a9956865747637639482336f5f8
14927,ca510b577b53d588f80b4fc76030ea52,88f50aa0771fa4f938f7b54792e066c8,SO51622,150,LJ-0192-S,3,150,01eb8a9956865747637639482336f5f8
14928,1faee5670542865e021595151379fe5c,e5114f65ece65e14e7b721dab1e674e0,SO69735,4640,BK-M68S-42,2,4640,83d1ed00595e79ee5ea3797e97970fe8
14928,1faee5670542865e021595151379fe5c,e5114f65ece65e14e7b721dab1e674e0,SO69735,22,FE-6654,1,22,83d1ed00595e79ee5ea3797e97970fe8
14928,1faee5670542865e021595151379fe5c,e5114f65ece65e14e7b721dab1e674e0,SO69735,105,HL-U509-R,3,105,83d1ed00595e79ee5ea3797e97970fe8
14928,26bea7aeb1e663560418f8837927a87a,965627dc7fa4e47d5a66206f93683145,SO45249,3578,BK-R93R-62,1,3578,d1a0ae4091e3b6f5d980e57269582a68
14928,73b2264d673ee7b5b2e7e165020516ac,4ceff7612cfa4420892fe23b23ca9265,SO57413,742,BK-T18U-62,1,742,8d71482745a6a1be4fbbc5562ade4657
14928,73b2264d673ee7b5b2e7e165020516ac,4ceff7612cfa4420892fe23b23ca9265,SO57413,27,CA-1098,3,27,8d71482745a6a1be4fbbc5562ade4657
14929,965627dc7fa4e47d5a66206f93683145,0ef697b4ad71a7e322d53c0d31d3db09,SO45181,3578,BK-R93R-62,1,3578,5ce02f5278d5a046fd38c1ba26b17b9a
14929,e0bcd0ff3072dfe15609d6be1529b0b8,c660dc308b247ce08aeecd155306bae0,SO60737,742,BK-T18Y-50,1,742,39ff8ac1e8a44088f96e17b846ec8baf
14929,f544b472453b297a8b55709fbfd3746d,70951886788165a5e2439adfce4d0cce,SO70031,4590,BK-M68B-38,2,4590,331afa0aff1b1cfbf3d24944ab38c9d2
14929,f544b472453b297a8b55709fbfd3746d,70951886788165a5e2439adfce4d0cce,SO70031,22,FE-6654,1,22,331afa0aff1b1cfbf3d24944ab38c9d2
14929,f544b472453b297a8b55709fbfd3746d,70951886788165a5e2439adfce4d0cce,SO70031,9,SO-R809-M,1,9,331afa0aff1b1cfbf3d24944ab38c9d2
14930,5fcf51a91997cecbc58d2bde1a28e1ec,4dbaf4bdbce8284f0eb9870406ab7f04,SO48117,4364,BK-R89B-52,2,4364,5df3d5e6ab78e9109e9a80b7ac423282
14930,9b6872ca1d80024637e967d1066bba0a,4310d0d92131e34ff2716d85e1953174,SO55341,540,BK-M18B-44,1,540,7b0730955172ecda497d7cca6b1d87a1
14931,3fce335517b518d0723258ab9aab91d5,c82e990b1e68272a09ad5b81d90292bc,SO48272,4364,BK-R89R-58,2,4364,4d8769725b0b7f33aebf747e80c5c4e0
14931,4a70a3ec50fd16032883bf6fc79c55dd,4804ee33768b143d9706052696f7dfbd,SO61037,10,BC-M005,1,10,e0bcd0ff3072dfe15609d6be1529b0b8
14931,4a70a3ec50fd16032883bf6fc79c55dd,4804ee33768b143d9706052696f7dfbd,SO61037,4640,BK-M68S-46,2,4640,e0bcd0ff3072dfe15609d6be1529b0b8
14931,4a70a3ec50fd16032883bf6fc79c55dd,4804ee33768b143d9706052696f7dfbd,SO61037,27,CA-1098,3,27,e0bcd0ff3072dfe15609d6be1529b0b8
14931,4a70a3ec50fd16032883bf6fc79c55dd,4804ee33768b143d9706052696f7dfbd,SO61037,105,HL-U509,3,105,e0bcd0ff3072dfe15609d6be1529b0b8
14931,4a70a3ec50fd16032883bf6fc79c55dd,4804ee33768b143d9706052696f7dfbd,SO61037,5,WB-H098,1,5,e0bcd0ff3072dfe15609d6be1529b0b8
14931,ef5bad66aa19ccfb82cacb73584b83ea,0e23f371129aecc6b2033620b226f8d7,SO57899,2384,BK-T79U-50,1,2384,485ae69515bc4c60ef546ff289741f60
14931,ef5bad66aa19ccfb82cacb73584b83ea,0e23f371129aecc6b2033620b226f8d7,SO57899,2,PK-7098,1,2,485ae69515bc4c60ef546ff289741f60
14931,ef5bad66aa19ccfb82cacb73584b83ea,0e23f371129aecc6b2033620b226f8d7,SO57899,29,TI-T723,1,29,485ae69515bc4c60ef546ff289741f60
14931,ef5bad66aa19ccfb82cacb73584b83ea,0e23f371129aecc6b2033620b226f8d7,SO57899,5,TT-T092,1,5,485ae69515bc4c60ef546ff289741f60
14932,d4746e41b619da57ee9f1a2e2cc254e8,81a5d08c6beaeec9e42baae5d63dd780,SO64092,105,HL-U509-R,3,105,23bd9a9b90557e9da7babfb8e3d2df22
14932,d4746e41b619da57ee9f1a2e2cc254e8,81a5d08c6beaeec9e42baae5d63dd780,SO64092,150,LJ-0192-X,3,150,23bd9a9b90557e9da7babfb8e3d2df22
14932,d4746e41b619da57ee9f1a2e2cc254e8,81a5d08c6beaeec9e42baae5d63dd780,SO64092,9,SO-R809-L,1,9,23bd9a9b90557e9da7babfb8e3d2df22
14932,d4746e41b619da57ee9f1a2e2cc254e8,81a5d08c6beaeec9e42baae5d63dd780,SO64092,5,TT-M928,1,5,23bd9a9b90557e9da7babfb8e3d2df22
14933,4c9ae581a14adbccc0bcd009c17b6cbe,56e52500a7f5ab963646137a401683cd,SO75053,10,BC-M005,1,10,838eec1f117f2cab9e9c306f7efbff28
14933,4c9ae581a14adbccc0bcd009c17b6cbe,56e52500a7f5ab963646137a401683cd,SO75053,22,FE-6654,1,22,838eec1f117f2cab9e9c306f7efbff28
14933,4c9ae581a14adbccc0bcd009c17b6cbe,56e52500a7f5ab963646137a401683cd,SO75053,5,WB-H098,1,5,838eec1f117f2cab9e9c306f7efbff28
14934,1556bafff387fc8f2f6fef64c1daa6bc,8728a5e296f39e49d2fa74c31820e99f,SO70492,48,GL-H102-M,2,48,e871b36e68b0b3d0af9c742d81fef27a
14934,1556bafff387fc8f2f6fef64c1daa6bc,8728a5e296f39e49d2fa74c31820e99f,SO70492,29,TI-T723,1,29,e871b36e68b0b3d0af9c742d81fef27a
14934,1556bafff387fc8f2f6fef64c1daa6bc,8728a5e296f39e49d2fa74c31820e99f,SO70492,5,TT-T092,1,5,e871b36e68b0b3d0af9c742d81fef27a
14934,8f472ffe3ff3109f420ae91355ff8f3f,e0cd1349b4c6e1b5f14ed427e358c2d0,SO71173,150,LJ-0192-L,3,150,8fa3bab223bec6501ad71f96bb1067b6
14934,8f472ffe3ff3109f420ae91355ff8f3f,e0cd1349b4c6e1b5f14ed427e358c2d0,SO71173,70,SH-W890-M,1,70,8fa3bab223bec6501ad71f96bb1067b6
14935,40e7dd73b09eac540e790daf6fac41af,14e4b13c27fb9bce9938ce35b6597eca,SO54162,8,CL-9009,1,8,3f20f21c57e09a6c071e44d1fe74b58a
14935,40e7dd73b09eac540e790daf6fac41af,14e4b13c27fb9bce9938ce35b6597eca,SO54162,22,FE-6654,1,22,3f20f21c57e09a6c071e44d1fe74b58a
14936,b0241b451647f25db5f52074445d820c,7a8e187aeb003f6e34c02a4d5b9b153e,SO64272,10,BC-M005,1,10,56d78836c9cf0de136c4d2d37aba2280
14936,b0241b451647f25db5f52074445d820c,7a8e187aeb003f6e34c02a4d5b9b153e,SO64272,22,FE-6654,1,22,56d78836c9cf0de136c4d2d37aba2280
14936,b0241b451647f25db5f52074445d820c,7a8e187aeb003f6e34c02a4d5b9b153e,SO64272,54,SJ-0194-M,1,54,56d78836c9cf0de136c4d2d37aba2280
14936,b0241b451647f25db5f52074445d820c,7a8e187aeb003f6e34c02a4d5b9b153e,SO64272,5,TT-M928,1,5,56d78836c9cf0de136c4d2d37aba2280
14936,b0241b451647f25db5f52074445d820c,7a8e187aeb003f6e34c02a4d5b9b153e,SO64272,5,WB-H098,1,5,56d78836c9cf0de136c4d2d37aba2280
14937,024c27431ac9d720119c6c64f5ea46d3,1401dd6358958d3a2101578467a542f6,SO45109,3578,BK-R93R-44,1,3578,609b197be8107c93f47563f68c8efa70
14937,7983129d9883ebc3b9dce3311996b001,0df76889b3e31ccfd17b50cc73baef03,SO59809,742,BK-T18U-50,1,742,7254e54716fe52361e62aa16ea2e0797
14937,7983129d9883ebc3b9dce3311996b001,0df76889b3e31ccfd17b50cc73baef03,SO59809,105,HL-U509-R,3,105,7254e54716fe52361e62aa16ea2e0797
14937,e84848120190a8d0e696fbeb15647a74,fff3c307c93eda1eb91d53ca588846fe,SO70386,4590,BK-M68B-42,2,4590,f544b472453b297a8b55709fbfd3746d
14937,e84848120190a8d0e696fbeb15647a74,fff3c307c93eda1eb91d53ca588846fe,SO70386,2,PK-7098,1,2,f544b472453b297a8b55709fbfd3746d
14938,8e8847c1bdf012037ee13bb62da8a5c1,c507827aa5f4f6bbedf64058461c621b,SO67233,29,TI-T723,1,29,6dd75c28a9a8a39e02bc0a175f82a9f3
14938,da9c4ba6c9a1ae8725389bfd38b5763a,3e48b2167bd86ef570e46d0b286c4f74,SO54071,27,CA-1098,3,27,9223b53f03a405f817e91392f0294f6a
14938,da9c4ba6c9a1ae8725389bfd38b5763a,3e48b2167bd86ef570e46d0b286c4f74,SO54071,70,SH-W890-M,1,70,9223b53f03a405f817e91392f0294f6a
14939,0383d48e76cd8a3dfb9e2a890f2cac18,d6fb379288416774d139632beb88e26b,SO60971,4590,BK-M68B-46,2,4590,883b9b4170853b321c03290f64ba199f
14939,0383d48e76cd8a3dfb9e2a890f2cac18,d6fb379288416774d139632beb88e26b,SO60971,105,HL-U509-B,3,105,883b9b4170853b321c03290f64ba199f
14939,0383d48e76cd8a3dfb9e2a890f2cac18,d6fb379288416774d139632beb88e26b,SO60971,35,TI-M823,1,35,883b9b4170853b321c03290f64ba199f
14939,0383d48e76cd8a3dfb9e2a890f2cac18,d6fb379288416774d139632beb88e26b,SO60971,5,TT-M928,1,5,883b9b4170853b321c03290f64ba199f
14939,3e07f09fb2edbdf0bf6a54c17634514b,dca79d69a6b38e95c4b03bfab997796c,SO53002,2384,BK-T79U-60,1,2384,c375f33d72ca7161f341c2726e82d67a
14939,3e07f09fb2edbdf0bf6a54c17634514b,dca79d69a6b38e95c4b03bfab997796c,SO53002,105,HL-U509-R,3,105,c375f33d72ca7161f341c2726e82d67a
14939,671cb8c9b19c0247af30375f5adaed12,0be9b4cec5bf5b809cc2e222c24ee42b,SO46252,3578,BK-R93R-52,1,3578,58fb574c0b80d76f62690df366352487
14940,db2f6a564b6f5f41253c68874b50962b,76918877cf6ce7011018cd9708723392,SO62244,4640,BK-M68S-46,2,4640,606ed413481267c98754e3351f662859
14940,db2f6a564b6f5f41253c68874b50962b,76918877cf6ce7011018cd9708723392,SO62244,8,CL-9009,1,8,606ed413481267c98754e3351f662859
14940,db2f6a564b6f5f41253c68874b50962b,76918877cf6ce7011018cd9708723392,SO62244,2,PK-7098,1,2,606ed413481267c98754e3351f662859
14940,db2f6a564b6f5f41253c68874b50962b,76918877cf6ce7011018cd9708723392,SO62244,35,TI-M823,1,35,606ed413481267c98754e3351f662859
14940,db2f6a564b6f5f41253c68874b50962b,76918877cf6ce7011018cd9708723392,SO62244,5,TT-M928,1,5,606ed413481267c98754e3351f662859
14940,ef75419eb8c7f979c453315a1853bedc,dd323e11c7806b56c8b4104210bb4235,SO46250,3578,BK-R93R-52,1,3578,755330dee3da0e4fcef37002a479e564
14940,f04e53711455521533f4c5ed7dcaa287,5e9b4970006d8f02ba0bc1763fa8b9a6,SO52576,2384,BK-T79U-60,1,2384,f799d104dd23bb828dcdaaefc4d25b61
14940,f04e53711455521533f4c5ed7dcaa287,5e9b4970006d8f02ba0bc1763fa8b9a6,SO52576,105,HL-U509-R,3,105,f799d104dd23bb828dcdaaefc4d25b61
14941,0095a52f8a0e02a140bcad01e006d00c,609b197be8107c93f47563f68c8efa70,SO45149,3578,BK-R93R-56,1,3578,2a6250d596353ea8d83850c77e8b9ad4
14941,254d832c83ccdb2c33eab65a4fd196ff,75fe8d7dec9d2a51be64595ab37dc674,SO59549,742,BK-T18Y-54,1,742,4a800301260b2639fa1ec3efafb5f86c
14941,254d832c83ccdb2c33eab65a4fd196ff,75fe8d7dec9d2a51be64595ab37dc674,SO59549,27,CA-1098,3,27,4a800301260b2639fa1ec3efafb5f86c
14941,254d832c83ccdb2c33eab65a4fd196ff,75fe8d7dec9d2a51be64595ab37dc674,SO59549,105,HL-U509,3,105,4a800301260b2639fa1ec3efafb5f86c
14941,c4c454d69a39e60a6f5cf2f97148adad,49fce086a31f1cfcf16b54e462f7cbc0,SO71571,4640,BK-M68S-38,2,4640,31c99d724c1f182c60edb82eb4740277
14941,c4c454d69a39e60a6f5cf2f97148adad,49fce086a31f1cfcf16b54e462f7cbc0,SO71571,22,FE-6654,1,22,31c99d724c1f182c60edb82eb4740277
14941,c4c454d69a39e60a6f5cf2f97148adad,49fce086a31f1cfcf16b54e462f7cbc0,SO71571,159,ST-1401,1,159,31c99d724c1f182c60edb82eb4740277
14942,2becb9647677a1a316b388bbad689580,013f173c58073e845f675d26fdde1918,SO61403,5,TT-M928,1,5,0383d48e76cd8a3dfb9e2a890f2cac18
14943,1678083e7ff90bd404baad3f60bffa37,7b0730955172ecda497d7cca6b1d87a1,SO55774,10,BC-M005,1,10,73a69a5c77a7d23172e54d7ce07a638e
14943,1678083e7ff90bd404baad3f60bffa37,7b0730955172ecda497d7cca6b1d87a1,SO55774,22,FE-6654,1,22,73a69a5c77a7d23172e54d7ce07a638e
14943,1678083e7ff90bd404baad3f60bffa37,7b0730955172ecda497d7cca6b1d87a1,SO55774,5,WB-H098,1,5,73a69a5c77a7d23172e54d7ce07a638e
14944,2324aa49dea31d140d6701555edd756c,88adb3ec0d383666ee2acd29f43e3429,SO48723,2443,BK-R89R-48,1,2443,5881f2ec92a43470fcbe3d3477a2a1fe
14944,ad0b7f5ad35732646f1e5f67418d5995,244cede513841376c37dc856f2f5e7b9,SO59286,10,BC-M005,1,10,0df76889b3e31ccfd17b50cc73baef03
14944,ad0b7f5ad35732646f1e5f67418d5995,244cede513841376c37dc856f2f5e7b9,SO59286,565,BK-M18S-52,1,565,0df76889b3e31ccfd17b50cc73baef03
14944,ad0b7f5ad35732646f1e5f67418d5995,244cede513841376c37dc856f2f5e7b9,SO59286,22,FE-6654,1,22,0df76889b3e31ccfd17b50cc73baef03
14945,5740ddd9cc89a58039f5790a932ada9b,f369f42c17ebb621a3f39d4f45bb3068,SO46128,3578,BK-R93R-56,1,3578,59901f77a5f45f9e1a4ab8a7a016680f
14945,679eed5d77e30211eb990c0c13145df3,78cee6501c10922e466c02f814c8627b,SO51410,540,BK-M18B-52,1,540,5b07cd2a9dfb9437a07ea3012d6efbb7
14945,679eed5d77e30211eb990c0c13145df3,78cee6501c10922e466c02f814c8627b,SO51410,22,FE-6654,1,22,5b07cd2a9dfb9437a07ea3012d6efbb7
14945,679eed5d77e30211eb990c0c13145df3,78cee6501c10922e466c02f814c8627b,SO51410,120,RA-H123,1,120,5b07cd2a9dfb9437a07ea3012d6efbb7
14946,f108e0cd2f96a0c22086f9d45ee08f19,ad0b7f5ad35732646f1e5f67418d5995,SO60127,540,BK-M18B-48,1,540,7983129d9883ebc3b9dce3311996b001
14946,f108e0cd2f96a0c22086f9d45ee08f19,ad0b7f5ad35732646f1e5f67418d5995,SO60127,22,FE-6654,1,22,7983129d9883ebc3b9dce3311996b001
14946,f108e0cd2f96a0c22086f9d45ee08f19,ad0b7f5ad35732646f1e5f67418d5995,SO60127,105,HL-U509-R,3,105,7983129d9883ebc3b9dce3311996b001
14946,fc92d87f5fdfc4fdb58244cc592e3788,5cdbc8775008d87082e2d847e626b2f8,SO48549,4364,BK-R89B-48,2,4364,b398f9f9c5791f694aee052dae13609e
14947,3f72b837978dcd042b73e7270f11a4ca,83d1ed00595e79ee5ea3797e97970fe8,SO70257,4590,BK-M68B-42,2,4590,99c8f306659fd98cbb9d7f03ec0c2a7a
14947,609b197be8107c93f47563f68c8efa70,5e53c2d305295a13d16055aa783fd8e1,SO45083,3578,BK-R93R-48,1,3578,96d3e865edc2fe5309f3c81d7966ce52
14947,e0bcd0ff3072dfe15609d6be1529b0b8,c660dc308b247ce08aeecd155306bae0,SO60738,742,BK-T18Y-54,1,742,39ff8ac1e8a44088f96e17b846ec8baf
14947,e0bcd0ff3072dfe15609d6be1529b0b8,c660dc308b247ce08aeecd155306bae0,SO60738,27,CA-1098,3,27,39ff8ac1e8a44088f96e17b846ec8baf
14947,e0bcd0ff3072dfe15609d6be1529b0b8,c660dc308b247ce08aeecd155306bae0,SO60738,29,TI-T723,1,29,39ff8ac1e8a44088f96e17b846ec8baf
14947,e0bcd0ff3072dfe15609d6be1529b0b8,c660dc308b247ce08aeecd155306bae0,SO60738,5,TT-T092,1,5,39ff8ac1e8a44088f96e17b846ec8baf
14948,0e0f7e43982ae36c0cd7c9ba6bc6c699,7c461b9e57346f51c212a91b3cf92bfc,SO48567,4364,BK-R89B-52,2,4364,20d42f6cfcb5eda27dc59cfb68aa4732
14948,af1457846a79173ef71dd9d5dd69805a,254d832c83ccdb2c33eab65a4fd196ff,SO60333,540,BK-M18B-44,1,540,ce08c22f7777768ce4197eab9727516c
14948,af1457846a79173ef71dd9d5dd69805a,254d832c83ccdb2c33eab65a4fd196ff,SO60333,105,HL-U509-B,3,105,ce08c22f7777768ce4197eab9727516c
14948,af1457846a79173ef71dd9d5dd69805a,254d832c83ccdb2c33eab65a4fd196ff,SO60333,25,TI-M267,1,25,ce08c22f7777768ce4197eab9727516c
14948,af1457846a79173ef71dd9d5dd69805a,254d832c83ccdb2c33eab65a4fd196ff,SO60333,5,TT-M928,1,5,ce08c22f7777768ce4197eab9727516c
14949,8920fd63645007b243abb750709b1172,58c4ce5b9433e7b6d41793d5a76d5590,SO72287,4640,BK-M68S-38,2,4640,0d3057f268050d468f468434f8ec809a
14949,8920fd63645007b243abb750709b1172,58c4ce5b9433e7b6d41793d5a76d5590,SO72287,120,RA-H123,1,120,0d3057f268050d468f468434f8ec809a
14949,965627dc7fa4e47d5a66206f93683145,0ef697b4ad71a7e322d53c0d31d3db09,SO45185,3578,BK-R93R-62,1,3578,5ce02f5278d5a046fd38c1ba26b17b9a
14949,e7df1b3ee078bdcfc260a877f321287d,4dbf892d41ae205f6e36838031cff786,SO59118,742,BK-T18U-50,1,742,478ecc8cdaa127c33884d9f6c72c2cd5
14949,e7df1b3ee078bdcfc260a877f321287d,4dbf892d41ae205f6e36838031cff786,SO59118,105,HL-U509,3,105,478ecc8cdaa127c33884d9f6c72c2cd5
14950,4c6ed4daa82e7326b84c24f4c2ae7064,b2ce0ef2540789e8a6976165b6c917d8,SO73270,4640,BK-M68S-42,2,4640,aa14ddbc43aa2d3be1e6ac019bb7b5bc
14950,4c6ed4daa82e7326b84c24f4c2ae7064,b2ce0ef2540789e8a6976165b6c917d8,SO73270,35,TI-M823,1,35,aa14ddbc43aa2d3be1e6ac019bb7b5bc
14950,5ce02f5278d5a046fd38c1ba26b17b9a,ddf982e1176e6263757093cc2f312cd3,SO45146,3578,BK-R93R-62,1,3578,9b388942f77042c20d2cf762e3bde6f6
14950,9a95fdf4e925d9cbd65f87b5aa4ac212,478ecc8cdaa127c33884d9f6c72c2cd5,SO59627,742,BK-T18Y-58,1,742,9e8cbc3edbb5efb3f48d6afb260e4725
14950,9a95fdf4e925d9cbd65f87b5aa4ac212,478ecc8cdaa127c33884d9f6c72c2cd5,SO59627,29,TI-T723,1,29,9e8cbc3edbb5efb3f48d6afb260e4725
14950,9a95fdf4e925d9cbd65f87b5aa4ac212,478ecc8cdaa127c33884d9f6c72c2cd5,SO59627,5,TT-T092,1,5,9e8cbc3edbb5efb3f48d6afb260e4725
14951,ec3807bc691cff8019155b6bd6a3a85d,5c70f2bf0cb9e8d72491348c6d6d9b06,SO46293,3578,BK-R93R-44,1,3578,671cb8c9b19c0247af30375f5adaed12
14951,f799d104dd23bb828dcdaaefc4d25b61,ca510b577b53d588f80b4fc76030ea52,SO52296,540,BK-M18B-48,1,540,cfceb7490eff6e660974507be7c579c6
14951,f799d104dd23bb828dcdaaefc4d25b61,ca510b577b53d588f80b4fc76030ea52,SO52296,105,HL-U509-R,3,105,cfceb7490eff6e660974507be7c579c6
14952,1f50dad3f1493a5cf408c4eb3987479e,226d694fb4b7f71d62444f9528be8704,SO54670,540,BK-M18B-44,1,540,9c56075241a26f6fa77eb86b15411c6e
14952,1f50dad3f1493a5cf408c4eb3987479e,226d694fb4b7f71d62444f9528be8704,SO54670,105,HL-U509,3,105,9c56075241a26f6fa77eb86b15411c6e
14952,f87821540a577f1c9a7d3e6ff2e77222,58fb574c0b80d76f62690df366352487,SO46305,3578,BK-R93R-44,1,3578,a27fb9d8ace734e3b4395ec342ddb35c
14953,6e5c4b769f8f70f9fd01b24ba5be9695,40e7dd73b09eac540e790daf6fac41af,SO54857,105,HL-U509-R,3,105,106dfbaf552c07a1b08d065f2c343982
14953,6e5c4b769f8f70f9fd01b24ba5be9695,40e7dd73b09eac540e790daf6fac41af,SO54857,29,TI-T723,1,29,106dfbaf552c07a1b08d065f2c343982
14953,6e5c4b769f8f70f9fd01b24ba5be9695,40e7dd73b09eac540e790daf6fac41af,SO54857,5,TT-T092,1,5,106dfbaf552c07a1b08d065f2c343982
14953,dba3e44e23a1d2c2f299811e94db7fce,51c449e55b4a63a16fb45beb689150d5,SO54288,70,SH-W890-L,1,70,226d694fb4b7f71d62444f9528be8704
14953,dba3e44e23a1d2c2f299811e94db7fce,51c449e55b4a63a16fb45beb689150d5,SO54288,64,VE-C304-S,1,64,226d694fb4b7f71d62444f9528be8704
14954,95103530881768b5cfc7e33970db9cd7,2ed3972e38245b633ec6b146c2970148,SO62426,27,CA-1098,3,27,305c66634c155cab2b5cc3ce00351eb1
14954,95103530881768b5cfc7e33970db9cd7,2ed3972e38245b633ec6b146c2970148,SO62426,22,FE-6654,1,22,305c66634c155cab2b5cc3ce00351eb1
14954,95103530881768b5cfc7e33970db9cd7,2ed3972e38245b633ec6b146c2970148,SO62426,105,HL-U509-B,3,105,305c66634c155cab2b5cc3ce00351eb1
14954,95103530881768b5cfc7e33970db9cd7,2ed3972e38245b633ec6b146c2970148,SO62426,5,TT-M928,1,5,305c66634c155cab2b5cc3ce00351eb1
14955,7ee641303ef8d8b10d0ed00a060c73cc,eef21e68ecca703bb338920b950f203c,SO61758,70,SH-W890-L,1,70,0d15ba5aa4c9ad0377b26e0cf7a86280
14955,94b225b5b1f09ecd5e8ecdfb681ff04c,03bf7d2a8718ee9aca4bd2f37e962fc4,SO64346,29,TI-T723,1,29,61e00b038efd34bdf9c747596273cbcf
14955,94b225b5b1f09ecd5e8ecdfb681ff04c,03bf7d2a8718ee9aca4bd2f37e962fc4,SO64346,5,TT-T092,1,5,61e00b038efd34bdf9c747596273cbcf
14956,4310d0d92131e34ff2716d85e1953174,90c6314650a0d54fdcabe5cd5406f9af,SO54600,540,BK-M18B-42,1,540,d3c54b4368c62c2ff11535bf2b677170
14956,4310d0d92131e34ff2716d85e1953174,90c6314650a0d54fdcabe5cd5406f9af,SO54600,2,PK-7098,1,2,d3c54b4368c62c2ff11535bf2b677170
14956,4310d0d92131e34ff2716d85e1953174,90c6314650a0d54fdcabe5cd5406f9af,SO54600,25,TI-M267,1,25,d3c54b4368c62c2ff11535bf2b677170
14956,ab121e91b47aaffbbc247dca4687f0f0,cf4f13c16dae1f2408e65c290fefcbaa,SO46191,3578,BK-R93R-62,1,3578,dd323e11c7806b56c8b4104210bb4235
14957,4804ee33768b143d9706052696f7dfbd,7254e54716fe52361e62aa16ea2e0797,SO60258,540,BK-M18B-44,1,540,c660dc308b247ce08aeecd155306bae0
14957,4804ee33768b143d9706052696f7dfbd,7254e54716fe52361e62aa16ea2e0797,SO60258,22,FE-6654,1,22,c660dc308b247ce08aeecd155306bae0
14957,4804ee33768b143d9706052696f7dfbd,7254e54716fe52361e62aa16ea2e0797,SO60258,64,VE-C304-M,1,64,c660dc308b247ce08aeecd155306bae0
14957,53e3822e4ab7309bbe5f440fa5f4e7de,af0f2c97be3051a37eaf670bbd7408f8,SO48420,4364,BK-R89B-52,2,4364,2f58ddcb4c9f30e1ac2a6edb90189d95
14958,d27974ca95fd620ac92cf95bf8c1d1f2,4c6ed4daa82e7326b84c24f4c2ae7064,SO74177,48,GL-H102-M,2,48,3e107cd1554225ea3056ed5010adce90
14958,d27974ca95fd620ac92cf95bf8c1d1f2,4c6ed4daa82e7326b84c24f4c2ae7064,SO74177,5,WB-H098,1,5,3e107cd1554225ea3056ed5010adce90
14959,07b7d2aed13a63a16377587dcc0abbe8,02b96ab6e0935145589be4e1408a1675,SO66114,105,HL-U509,3,105,6866da5d40f1aad2d82129d5ffa25bda
14959,07b7d2aed13a63a16377587dcc0abbe8,02b96ab6e0935145589be4e1408a1675,SO66114,5,TT-M928,1,5,6866da5d40f1aad2d82129d5ffa25bda
14960,ad0b7f5ad35732646f1e5f67418d5995,244cede513841376c37dc856f2f5e7b9,SO59285,565,BK-M18S-52,1,565,0df76889b3e31ccfd17b50cc73baef03
14960,ad0b7f5ad35732646f1e5f67418d5995,244cede513841376c37dc856f2f5e7b9,SO59285,22,FE-6654,1,22,0df76889b3e31ccfd17b50cc73baef03
14960,ad0b7f5ad35732646f1e5f67418d5995,244cede513841376c37dc856f2f5e7b9,SO59285,105,HL-U509-B,3,105,0df76889b3e31ccfd17b50cc73baef03
14960,fc92d87f5fdfc4fdb58244cc592e3788,5cdbc8775008d87082e2d847e626b2f8,SO48546,4364,BK-R89B-52,2,4364,b398f9f9c5791f694aee052dae13609e
14961,a9cefc49af6424b430612adfc69876ee,d34ba8f5d7fd7d5959a34c283fbec422,SO55847,2,PK-7098,1,2,59c3d64cb01cd5ad7fd25246d81a55ff
14961,a9cefc49af6424b430612adfc69876ee,d34ba8f5d7fd7d5959a34c283fbec422,SO55847,120,RA-H123,1,120,59c3d64cb01cd5ad7fd25246d81a55ff
14961,a9cefc49af6424b430612adfc69876ee,d34ba8f5d7fd7d5959a34c283fbec422,SO55847,25,TI-R628,1,25,59c3d64cb01cd5ad7fd25246d81a55ff
14961,a9cefc49af6424b430612adfc69876ee,d34ba8f5d7fd7d5959a34c283fbec422,SO55847,4,TT-R982,1,4,59c3d64cb01cd5ad7fd25246d81a55ff
14962,08ff55594d8ca57b756a1953f77ebc89,54d3ba66c5e71d3112695b882ca2030e,SO74964,105,HL-U509-R,3,105,12092303778fcfa88ed7d284b74c6a6a
14962,08ff55594d8ca57b756a1953f77ebc89,54d3ba66c5e71d3112695b882ca2030e,SO74964,25,TI-R628,1,25,12092303778fcfa88ed7d284b74c6a6a
14962,08ff55594d8ca57b756a1953f77ebc89,54d3ba66c5e71d3112695b882ca2030e,SO74964,4,TT-R982,1,4,12092303778fcfa88ed7d284b74c6a6a
14963,e84848120190a8d0e696fbeb15647a74,fff3c307c93eda1eb91d53ca588846fe,SO70408,105,HL-U509-R,3,105,f544b472453b297a8b55709fbfd3746d
14963,e84848120190a8d0e696fbeb15647a74,fff3c307c93eda1eb91d53ca588846fe,SO70408,5,WB-H098,1,5,f544b472453b297a8b55709fbfd3746d
14964,a9cd7a99d71cca9cb644010050374ade,3db19f5f710f10e90ecc7154c649d60a,SO71728,27,CA-1098,3,27,128ee9ff420de424a605a0ee4a6f7916
14964,a9cd7a99d71cca9cb644010050374ade,3db19f5f710f10e90ecc7154c649d60a,SO71728,105,HL-U509-B,3,105,128ee9ff420de424a605a0ee4a6f7916
14964,a9cd7a99d71cca9cb644010050374ade,3db19f5f710f10e90ecc7154c649d60a,SO71728,5,WB-H098,1,5,128ee9ff420de424a605a0ee4a6f7916
14965,290499d9b8e65db426ba9b842714eb6d,606ed413481267c98754e3351f662859,SO62639,540,BK-M18B-52,1,540,d1024973c3d10f08cb9fa1736e6ed8b7
14965,290499d9b8e65db426ba9b842714eb6d,606ed413481267c98754e3351f662859,SO62639,2,PK-7098,1,2,d1024973c3d10f08cb9fa1736e6ed8b7
14965,290499d9b8e65db426ba9b842714eb6d,606ed413481267c98754e3351f662859,SO62639,25,TI-M267,1,25,d1024973c3d10f08cb9fa1736e6ed8b7
14965,290499d9b8e65db426ba9b842714eb6d,606ed413481267c98754e3351f662859,SO62639,5,TT-M928,1,5,d1024973c3d10f08cb9fa1736e6ed8b7
14965,dc4e871b1fb11890821e8f8192f25df1,0cae3b8f778ef4612ed00352a284e421,SO48613,4364,BK-R89B-48,2,4364,2f1c6881a8aee249301a33785404cd23
14966,2fe1a028f9398deb2efcd536c8246fae,9913e55755fcc4267a06c1e6adbbc7fb,SO62586,565,BK-M18S-52,1,565,8dd08d219271ec96c543f486de430703
14966,a1be4f014e5b3c959503117fd1ee566a,7e7a9bb13ad063eb81a70efff24ca60a,SO48459,4364,BK-R89B-58,2,4364,5cdbc8775008d87082e2d847e626b2f8
14967,0b2223e9289eb4a053913fe2c44e1359,cb1acef92aa40abf6c8b8044d9ed1309,SO46245,3578,BK-R93R-56,1,3578,5c70f2bf0cb9e8d72491348c6d6d9b06
14967,478ecc8cdaa127c33884d9f6c72c2cd5,3fbd0407b55d3a3da21388a2ddbf881c,SO58596,540,BK-M18B-52,1,540,174acf6ca4e9804d47a59a499422e621
14967,478ecc8cdaa127c33884d9f6c72c2cd5,3fbd0407b55d3a3da21388a2ddbf881c,SO58596,22,FE-6654,1,22,174acf6ca4e9804d47a59a499422e621
14967,478ecc8cdaa127c33884d9f6c72c2cd5,3fbd0407b55d3a3da21388a2ddbf881c,SO58596,54,SJ-0194-S,1,54,174acf6ca4e9804d47a59a499422e621
14968,7130adfd843cdcb6d0bcd9d13792693a,d1024973c3d10f08cb9fa1736e6ed8b7,SO63091,27,CA-1098,3,27,f46ace11e93788e473124f7be16a19d5
14968,7130adfd843cdcb6d0bcd9d13792693a,d1024973c3d10f08cb9fa1736e6ed8b7,SO63091,105,HL-U509-R,3,105,f46ace11e93788e473124f7be16a19d5
14968,7130adfd843cdcb6d0bcd9d13792693a,d1024973c3d10f08cb9fa1736e6ed8b7,SO63091,5,WB-H098,1,5,f46ace11e93788e473124f7be16a19d5
14969,40883861f6e25a2e09e848a7891f4f38,eba5233d2dd8ea5031e646882335ece0,SO57428,540,BK-M18B-42,1,540,d76e0ba1fa041675ae9af958c5b41ae4
14969,5fe94fb0f4dba39b9df91e97622d2ec2,3a5d59e0d6a1a261f70c276f78a569eb,SO46473,3578,BK-R93R-44,1,3578,8a5d7ee8a6750efd5364f3ccd8e7ea1b
14970,0814775cfc25da756a9b4197347ab771,d76e0ba1fa041675ae9af958c5b41ae4,SO57819,55,HY-1023-70,1,55,de22d232bbe84481579f6252f1e7091d
14970,0814775cfc25da756a9b4197347ab771,d76e0ba1fa041675ae9af958c5b41ae4,SO57819,29,TI-T723,1,29,de22d232bbe84481579f6252f1e7091d
14970,0814775cfc25da756a9b4197347ab771,d76e0ba1fa041675ae9af958c5b41ae4,SO57819,5,TT-T092,1,5,de22d232bbe84481579f6252f1e7091d
14970,38c9e5d1e366b4c5c36aae682bc960c4,8fa3bab223bec6501ad71f96bb1067b6,SO71652,70,SH-W890-M,1,70,58c4ce5b9433e7b6d41793d5a76d5590
14971,3ebfce6ccd7540a632ae7e6ad8100c29,d630b2db6e8046e30b4728ca862ba4e1,SO59363,105,HL-U509-B,3,105,df595e3c678d4fae23ce174fe747165e
14971,3ebfce6ccd7540a632ae7e6ad8100c29,d630b2db6e8046e30b4728ca862ba4e1,SO59363,5,TT-M928,1,5,df595e3c678d4fae23ce174fe747165e
14972,c5ed53572c667b119dde2fc0f54de602,0d3057f268050d468f468434f8ec809a,SO72814,22,FE-6654,1,22,e366e24b8ad0b1107528f2f58cd15a81
14972,c5ed53572c667b119dde2fc0f54de602,0d3057f268050d468f468434f8ec809a,SO72814,105,HL-U509-R,3,105,e366e24b8ad0b1107528f2f58cd15a81
14973,f476906875bc5d9abe836b4ea1f485c1,f04e53711455521533f4c5ed7dcaa287,SO53158,8,CL-9009,1,8,15aceb75d86814cb479f1b1a9487c3d4
14973,f476906875bc5d9abe836b4ea1f485c1,f04e53711455521533f4c5ed7dcaa287,SO53158,22,FE-6654,1,22,15aceb75d86814cb479f1b1a9487c3d4
14974,3c8e2c51453f4d665f1050da871dead6,1f50dad3f1493a5cf408c4eb3987479e,SO55420,35,TI-M823,1,35,d34ba8f5d7fd7d5959a34c283fbec422
14974,3c8e2c51453f4d665f1050da871dead6,1f50dad3f1493a5cf408c4eb3987479e,SO55420,5,TT-M928,1,5,d34ba8f5d7fd7d5959a34c283fbec422
14974,5cbbe853aa1a5a1370f9a614904c4b15,86e0fc464cbb08ae74bd039224afec9a,SO73609,105,HL-U509,3,105,47a161474962a6dcc03cfa64127a641f
14974,5cbbe853aa1a5a1370f9a614904c4b15,86e0fc464cbb08ae74bd039224afec9a,SO73609,150,LJ-0192-M,3,150,47a161474962a6dcc03cfa64127a641f
14974,5cbbe853aa1a5a1370f9a614904c4b15,86e0fc464cbb08ae74bd039224afec9a,SO73609,29,TI-T723,1,29,47a161474962a6dcc03cfa64127a641f
14974,5cbbe853aa1a5a1370f9a614904c4b15,86e0fc464cbb08ae74bd039224afec9a,SO73609,5,TT-T092,1,5,47a161474962a6dcc03cfa64127a641f
14975,f544b472453b297a8b55709fbfd3746d,70951886788165a5e2439adfce4d0cce,SO70030,10,BC-M005,1,10,331afa0aff1b1cfbf3d24944ab38c9d2
14975,f544b472453b297a8b55709fbfd3746d,70951886788165a5e2439adfce4d0cce,SO70030,4640,BK-M68S-38,2,4640,331afa0aff1b1cfbf3d24944ab38c9d2
14975,f544b472453b297a8b55709fbfd3746d,70951886788165a5e2439adfce4d0cce,SO70030,27,CA-1098,3,27,331afa0aff1b1cfbf3d24944ab38c9d2
14975,f544b472453b297a8b55709fbfd3746d,70951886788165a5e2439adfce4d0cce,SO70030,105,HL-U509-B,3,105,331afa0aff1b1cfbf3d24944ab38c9d2
14975,f544b472453b297a8b55709fbfd3746d,70951886788165a5e2439adfce4d0cce,SO70030,5,WB-H098,1,5,331afa0aff1b1cfbf3d24944ab38c9d2
14975,f6fc4f2618f10629bd7f83026a77c035,63c0ac0c5d4eb1d53a95d812bbe183b2,SO45130,3578,BK-R93R-52,1,3578,0ef697b4ad71a7e322d53c0d31d3db09
14976,0e23f371129aecc6b2033620b226f8d7,fda052162862bb845297063fd71a580c,SO57241,2384,BK-T79U-60,1,2384,40ff348468b73116a7077c246985e0bf
14976,0e23f371129aecc6b2033620b226f8d7,fda052162862bb845297063fd71a580c,SO57241,105,HL-U509-R,3,105,40ff348468b73116a7077c246985e0bf
14976,7983129d9883ebc3b9dce3311996b001,0df76889b3e31ccfd17b50cc73baef03,SO59761,4640,BK-M68S-38,2,4640,7254e54716fe52361e62aa16ea2e0797
14976,7983129d9883ebc3b9dce3311996b001,0df76889b3e31ccfd17b50cc73baef03,SO59761,120,RA-H123,1,120,7254e54716fe52361e62aa16ea2e0797
14976,dc4e871b1fb11890821e8f8192f25df1,0cae3b8f778ef4612ed00352a284e421,SO48614,4364,BK-R89B-48,2,4364,2f1c6881a8aee249301a33785404cd23
14977,bb858b10001c01aea17b4e635d0662a2,d612b5fb3f6011688fb0c9927693365a,SO74771,25,TI-M267,1,25,2fb09097185e604aaadbfde958fd6262
14977,bb858b10001c01aea17b4e635d0662a2,d612b5fb3f6011688fb0c9927693365a,SO74771,5,TT-M928,1,5,2fb09097185e604aaadbfde958fd6262
14978,2f6f8a5ec1c6c4b60d2ceb4eb5ad9c78,5fe94fb0f4dba39b9df91e97622d2ec2,SO46562,3578,BK-R93R-44,1,3578,c79548466fdad0728a9aa092fbad03a7
14978,af1457846a79173ef71dd9d5dd69805a,254d832c83ccdb2c33eab65a4fd196ff,SO60334,10,BC-M005,1,10,ce08c22f7777768ce4197eab9727516c
14978,af1457846a79173ef71dd9d5dd69805a,254d832c83ccdb2c33eab65a4fd196ff,SO60334,540,BK-M18B-44,1,540,ce08c22f7777768ce4197eab9727516c
14978,af1457846a79173ef71dd9d5dd69805a,254d832c83ccdb2c33eab65a4fd196ff,SO60334,22,FE-6654,1,22,ce08c22f7777768ce4197eab9727516c
14978,af1457846a79173ef71dd9d5dd69805a,254d832c83ccdb2c33eab65a4fd196ff,SO60334,54,SJ-0194-S,1,54,ce08c22f7777768ce4197eab9727516c
14978,af1457846a79173ef71dd9d5dd69805a,254d832c83ccdb2c33eab65a4fd196ff,SO60334,5,WB-H098,1,5,ce08c22f7777768ce4197eab9727516c
14979,5fe94fb0f4dba39b9df91e97622d2ec2,3a5d59e0d6a1a261f70c276f78a569eb,SO46471,3578,BK-R93R-62,1,3578,8a5d7ee8a6750efd5364f3ccd8e7ea1b
14979,ad0b7f5ad35732646f1e5f67418d5995,244cede513841376c37dc856f2f5e7b9,SO59284,540,BK-M18B-48,1,540,0df76889b3e31ccfd17b50cc73baef03
14979,ad0b7f5ad35732646f1e5f67418d5995,244cede513841376c37dc856f2f5e7b9,SO59284,105,HL-U509,3,105,0df76889b3e31ccfd17b50cc73baef03
14979,ad0b7f5ad35732646f1e5f67418d5995,244cede513841376c37dc856f2f5e7b9,SO59284,25,TI-M267,1,25,0df76889b3e31ccfd17b50cc73baef03
14979,ad0b7f5ad35732646f1e5f67418d5995,244cede513841376c37dc856f2f5e7b9,SO59284,5,WB-H098,1,5,0df76889b3e31ccfd17b50cc73baef03
14980,df09a3a727ac0f29208c5ef3bf7625e6,5cbbe853aa1a5a1370f9a614904c4b15,SO74300,22,FE-6654,1,22,9c55d6518880c1abf100a24da2546368
14980,df09a3a727ac0f29208c5ef3bf7625e6,5cbbe853aa1a5a1370f9a614904c4b15,SO74300,105,HL-U509,3,105,9c55d6518880c1abf100a24da2546368
14981,6eaadc1181f307997dc853d9ed40db36,0814775cfc25da756a9b4197347ab771,SO58508,35,TI-M823,1,35,4dbf892d41ae205f6e36838031cff786
14981,6eaadc1181f307997dc853d9ed40db36,0814775cfc25da756a9b4197347ab771,SO58514,2,PK-7098,1,2,4dbf892d41ae205f6e36838031cff786
14981,6eaadc1181f307997dc853d9ed40db36,0814775cfc25da756a9b4197347ab771,SO58514,29,TI-T723,1,29,4dbf892d41ae205f6e36838031cff786
14981,6eaadc1181f307997dc853d9ed40db36,0814775cfc25da756a9b4197347ab771,SO58514,5,TT-T092,1,5,4dbf892d41ae205f6e36838031cff786
14982,3519c8eb4095dbc69d80eb61856d3435,6e5c4b769f8f70f9fd01b24ba5be9695,SO55589,29,TI-T723,1,29,d6ab5a0eee939524352092b964d92b84
14982,3519c8eb4095dbc69d80eb61856d3435,6e5c4b769f8f70f9fd01b24ba5be9695,SO55589,5,TT-T092,1,5,d6ab5a0eee939524352092b964d92b84
14982,40e7dd73b09eac540e790daf6fac41af,14e4b13c27fb9bce9938ce35b6597eca,SO54164,10,BC-M005,1,10,3f20f21c57e09a6c071e44d1fe74b58a
14982,40e7dd73b09eac540e790daf6fac41af,14e4b13c27fb9bce9938ce35b6597eca,SO54164,35,TI-M823,1,35,3f20f21c57e09a6c071e44d1fe74b58a
14982,40e7dd73b09eac540e790daf6fac41af,14e4b13c27fb9bce9938ce35b6597eca,SO54164,5,TT-M928,1,5,3f20f21c57e09a6c071e44d1fe74b58a
14982,40e7dd73b09eac540e790daf6fac41af,14e4b13c27fb9bce9938ce35b6597eca,SO54164,64,VE-C304-L,1,64,3f20f21c57e09a6c071e44d1fe74b58a
14982,40e7dd73b09eac540e790daf6fac41af,14e4b13c27fb9bce9938ce35b6597eca,SO54164,5,WB-H098,1,5,3f20f21c57e09a6c071e44d1fe74b58a
14983,3db19f5f710f10e90ecc7154c649d60a,f544b472453b297a8b55709fbfd3746d,SO70903,2,PK-7098,1,2,fee8e08233f3f00450bce31967abb0f1
14983,3db19f5f710f10e90ecc7154c649d60a,f544b472453b297a8b55709fbfd3746d,SO70903,29,TI-T723,1,29,fee8e08233f3f00450bce31967abb0f1
14983,3db19f5f710f10e90ecc7154c649d60a,f544b472453b297a8b55709fbfd3746d,SO70903,5,TT-T092,1,5,fee8e08233f3f00450bce31967abb0f1
14983,a976f17830aceaaa93d5daef0bc209a3,d9f7611cf8d29b48a1d3d8fddb8c5b2e,SO57506,35,TI-M823,1,35,0e23f371129aecc6b2033620b226f8d7
14984,5efefff01843f5aa3f7d8a4d44b4bf2e,922d04aa1f67bbe0270bfad98508f43e,SO62561,742,BK-T18U-62,1,742,db2f6a564b6f5f41253c68874b50962b
14984,5efefff01843f5aa3f7d8a4d44b4bf2e,922d04aa1f67bbe0270bfad98508f43e,SO62561,105,HL-U509-R,3,105,db2f6a564b6f5f41253c68874b50962b
14984,9c55d6518880c1abf100a24da2546368,47a161474962a6dcc03cfa64127a641f,SO74108,10,BC-M005,1,10,9795c57676ee8b8b6ba9a6f9014a520b
14984,9c55d6518880c1abf100a24da2546368,47a161474962a6dcc03cfa64127a641f,SO74108,4640,BK-M68S-42,2,4640,9795c57676ee8b8b6ba9a6f9014a520b
14984,9c55d6518880c1abf100a24da2546368,47a161474962a6dcc03cfa64127a641f,SO74108,9,SO-R809-M,1,9,9795c57676ee8b8b6ba9a6f9014a520b
14984,9c55d6518880c1abf100a24da2546368,47a161474962a6dcc03cfa64127a641f,SO74108,5,WB-H098,1,5,9795c57676ee8b8b6ba9a6f9014a520b
14984,e5395ed6218fcdbee3bcf445ea9eaaa3,4203367f75691615833ed21a18072519,SO45160,3578,BK-R93R-62,1,3578,126a150f00133dcede50b2ccff26629d
14985,9c56075241a26f6fa77eb86b15411c6e,9444f850ff0c10a862b4a6a9c4ab0a74,SO54402,25,TI-M267,1,25,ab2e81a99745ffff6c06e2be93290d1b
14985,9c56075241a26f6fa77eb86b15411c6e,9444f850ff0c10a862b4a6a9c4ab0a74,SO54402,5,TT-M928,1,5,ab2e81a99745ffff6c06e2be93290d1b
14986,9a027fc72b503940a96d5137762a263e,0e000451f430d2e5b745a08b4ee7836c,SO74742,8,CL-9009,1,8,54d3ba66c5e71d3112695b882ca2030e
14986,9a027fc72b503940a96d5137762a263e,0e000451f430d2e5b745a08b4ee7836c,SO74742,35,TI-M823,1,35,54d3ba66c5e71d3112695b882ca2030e
14986,9a027fc72b503940a96d5137762a263e,0e000451f430d2e5b745a08b4ee7836c,SO74742,5,TT-M928,1,5,54d3ba66c5e71d3112695b882ca2030e
14986,caa707f97407c07371136aaf471a91d4,4efe8b2ca156042f8a3d8dd6aba54520,SO67121,105,HL-U509,3,105,058af5b2a408d57b708367e5bf4e9d9c
14986,caa707f97407c07371136aaf471a91d4,4efe8b2ca156042f8a3d8dd6aba54520,SO67121,29,TI-T723,1,29,058af5b2a408d57b708367e5bf4e9d9c
14986,caa707f97407c07371136aaf471a91d4,4efe8b2ca156042f8a3d8dd6aba54520,SO67121,5,TT-T092,1,5,058af5b2a408d57b708367e5bf4e9d9c
14987,5072507e949a2c25948a591c4da194e1,a189cc17a15cdb4e39e80dfcd8374c76,SO59675,25,TI-M267,1,25,ad0b7f5ad35732646f1e5f67418d5995
14988,6477c205c5117a9448ba863e111acf32,c926349b55a58d87d7d5008c349fd1e9,SO60870,2,PK-7098,1,2,013f173c58073e845f675d26fdde1918
14988,6477c205c5117a9448ba863e111acf32,c926349b55a58d87d7d5008c349fd1e9,SO60870,29,TI-T723,1,29,013f173c58073e845f675d26fdde1918
14988,6477c205c5117a9448ba863e111acf32,c926349b55a58d87d7d5008c349fd1e9,SO60870,5,TT-T092,1,5,013f173c58073e845f675d26fdde1918
14988,a1e59736d286765313b8212467dc64b2,43e2cc7ff261723f93f64f3f7e9faa8d,SO74238,35,TI-M823,1,35,ca5b8307fa5f2189fb98330a9d65927c
14989,883b9b4170853b321c03290f64ba199f,412998e77ee121227580e3d363f75fa2,SO60663,2,PK-7098,1,2,af1457846a79173ef71dd9d5dd69805a
14989,883b9b4170853b321c03290f64ba199f,412998e77ee121227580e3d363f75fa2,SO60663,25,TI-M267,1,25,af1457846a79173ef71dd9d5dd69805a
14989,883b9b4170853b321c03290f64ba199f,412998e77ee121227580e3d363f75fa2,SO60663,5,TT-M928,1,5,af1457846a79173ef71dd9d5dd69805a
14990,013f173c58073e845f675d26fdde1918,ccb91034934bb047c5f6a32eb289b95b,SO60530,565,BK-M18S-52,1,565,d6fb379288416774d139632beb88e26b
14990,013f173c58073e845f675d26fdde1918,ccb91034934bb047c5f6a32eb289b95b,SO60530,8,CL-9009,1,8,d6fb379288416774d139632beb88e26b
14990,013f173c58073e845f675d26fdde1918,ccb91034934bb047c5f6a32eb289b95b,SO60530,22,FE-6654,1,22,d6fb379288416774d139632beb88e26b
14990,f2a989663bc8d65aa827c90de8522a12,9c1231676f7d0735ca17dcc3b53881c6,SO46403,3578,BK-R93R-56,1,3578,62876ffab17a368f47277b256f840157
14991,4555f65c4664801d78b9f5477f89d8fd,7ee641303ef8d8b10d0ed00a060c73cc,SO62512,742,BK-T18Y-62,1,742,94c60e0b5e2b0f78b919a5d4c67d70a2
14991,4555f65c4664801d78b9f5477f89d8fd,7ee641303ef8d8b10d0ed00a060c73cc,SO62512,105,HL-U509,3,105,94c60e0b5e2b0f78b919a5d4c67d70a2
14991,86e0fc464cbb08ae74bd039224afec9a,38c9e5d1e366b4c5c36aae682bc960c4,SO72655,4640,BK-M68S-46,2,4640,8920fd63645007b243abb750709b1172
14991,86e0fc464cbb08ae74bd039224afec9a,38c9e5d1e366b4c5c36aae682bc960c4,SO72655,27,CA-1098,3,27,8920fd63645007b243abb750709b1172
14991,86e0fc464cbb08ae74bd039224afec9a,38c9e5d1e366b4c5c36aae682bc960c4,SO72655,22,FE-6654,1,22,8920fd63645007b243abb750709b1172
14991,e10208f8f7fcc7abfebbaa11e0a5d9a5,024c27431ac9d720119c6c64f5ea46d3,SO45186,3578,BK-R93R-52,1,3578,0095a52f8a0e02a140bcad01e006d00c
14992,6d1d8a1c7851eb5a946d45009cea6d9f,3f0c8308e4e2e5c4ddc1b7e19304f613,SO65708,105,HL-U509-B,3,105,6582aa26281b9a92ad60e6a03e274c00
14992,6d1d8a1c7851eb5a946d45009cea6d9f,3f0c8308e4e2e5c4ddc1b7e19304f613,SO65708,35,TI-M823,1,35,6582aa26281b9a92ad60e6a03e274c00
14992,d612b5fb3f6011688fb0c9927693365a,3e107cd1554225ea3056ed5010adce90,SO74408,2,PK-7098,1,2,a1e59736d286765313b8212467dc64b2
14992,d612b5fb3f6011688fb0c9927693365a,3e107cd1554225ea3056ed5010adce90,SO74408,29,TI-T723,1,29,a1e59736d286765313b8212467dc64b2
14992,d612b5fb3f6011688fb0c9927693365a,3e107cd1554225ea3056ed5010adce90,SO74408,5,TT-T092,1,5,a1e59736d286765313b8212467dc64b2
14993,41464bd548f06ca845208f69df30ac82,15aceb75d86814cb479f1b1a9487c3d4,SO53690,105,HL-U509-R,3,105,3e48b2167bd86ef570e46d0b286c4f74
14993,41464bd548f06ca845208f69df30ac82,15aceb75d86814cb479f1b1a9487c3d4,SO53690,35,TI-M823,1,35,3e48b2167bd86ef570e46d0b286c4f74
14993,41464bd548f06ca845208f69df30ac82,15aceb75d86814cb479f1b1a9487c3d4,SO53690,5,TT-M928,1,5,3e48b2167bd86ef570e46d0b286c4f74
14993,8dd08d219271ec96c543f486de430703,d53f9d33cac0a297449a74a10d031570,SO62324,27,CA-1098,3,27,04dbdf67bb8714ba18c9c36d50d1f5dc
14993,8dd08d219271ec96c543f486de430703,d53f9d33cac0a297449a74a10d031570,SO62324,105,HL-U509,3,105,04dbdf67bb8714ba18c9c36d50d1f5dc
14993,8dd08d219271ec96c543f486de430703,d53f9d33cac0a297449a74a10d031570,SO62324,29,TI-T723,1,29,04dbdf67bb8714ba18c9c36d50d1f5dc
14993,8dd08d219271ec96c543f486de430703,d53f9d33cac0a297449a74a10d031570,SO62324,5,TT-T092,1,5,04dbdf67bb8714ba18c9c36d50d1f5dc
14994,e7df1b3ee078bdcfc260a877f321287d,4dbf892d41ae205f6e36838031cff786,SO59102,25,TI-M267,1,25,478ecc8cdaa127c33884d9f6c72c2cd5
14994,e7df1b3ee078bdcfc260a877f321287d,4dbf892d41ae205f6e36838031cff786,SO59102,5,TT-M928,1,5,478ecc8cdaa127c33884d9f6c72c2cd5
14995,43a48533e5870a15f120f16375636633,4bbde6a0c4076e78bc106bdc331a94c5,SO48705,4364,BK-R89B-44,2,4364,ba588be30dd16be47b9647a72fe81700
14995,5efefff01843f5aa3f7d8a4d44b4bf2e,922d04aa1f67bbe0270bfad98508f43e,SO62537,565,BK-M18S-48,1,565,db2f6a564b6f5f41253c68874b50962b
14995,5efefff01843f5aa3f7d8a4d44b4bf2e,922d04aa1f67bbe0270bfad98508f43e,SO62537,22,FE-6654,1,22,db2f6a564b6f5f41253c68874b50962b
14995,5efefff01843f5aa3f7d8a4d44b4bf2e,922d04aa1f67bbe0270bfad98508f43e,SO62537,64,VE-C304-L,1,64,db2f6a564b6f5f41253c68874b50962b
14996,4cc27df81afd686c0420394e090460cb,39ff8ac1e8a44088f96e17b846ec8baf,SO61296,22,FE-6654,1,22,6477c205c5117a9448ba863e111acf32
14997,7130adfd843cdcb6d0bcd9d13792693a,d1024973c3d10f08cb9fa1736e6ed8b7,SO63070,540,BK-M18B-48,1,540,f46ace11e93788e473124f7be16a19d5
14997,7130adfd843cdcb6d0bcd9d13792693a,d1024973c3d10f08cb9fa1736e6ed8b7,SO63070,25,TI-M267,1,25,f46ace11e93788e473124f7be16a19d5
14997,7c3142db91e31857b37800499bf69b43,f87821540a577f1c9a7d3e6ff2e77222,SO46442,3578,BK-R93R-56,1,3578,901d3c97008878679a99b7d12df8ecda
14998,0c0fda0e7ef55245aa19e42bf9928281,4d8769725b0b7f33aebf747e80c5c4e0,SO48452,2443,BK-R89R-44,1,2443,8db869d79195e5e17fdcc7c203499b29
14998,23bd9a9b90557e9da7babfb8e3d2df22,b210069485754303767745919c328b97,SO63763,10,BC-M005,1,10,a946e75bc65318721cd1e01162d392dd
14998,23bd9a9b90557e9da7babfb8e3d2df22,b210069485754303767745919c328b97,SO63763,565,BK-M18S-52,1,565,a946e75bc65318721cd1e01162d392dd
14998,23bd9a9b90557e9da7babfb8e3d2df22,b210069485754303767745919c328b97,SO63763,105,HL-U509-B,3,105,a946e75bc65318721cd1e01162d392dd
14998,23bd9a9b90557e9da7babfb8e3d2df22,b210069485754303767745919c328b97,SO63763,5,WB-H098,1,5,a946e75bc65318721cd1e01162d392dd
14999,40eee601514259a9632d510ca71226cc,8babade0595c11e14dd89058a850f2cd,SO74437,8,CL-9009,1,8,982b3b4109cce5d4e5bf1fcbe0ae259b
14999,40eee601514259a9632d510ca71226cc,8babade0595c11e14dd89058a850f2cd,SO74437,2,PK-7098,1,2,982b3b4109cce5d4e5bf1fcbe0ae259b
14999,40eee601514259a9632d510ca71226cc,8babade0595c11e14dd89058a850f2cd,SO74437,5,TT-T092,1,5,982b3b4109cce5d4e5bf1fcbe0ae259b
14999,df09a3a727ac0f29208c5ef3bf7625e6,5cbbe853aa1a5a1370f9a614904c4b15,SO74299,2,PK-7098,1,2,9c55d6518880c1abf100a24da2546368
14999,df09a3a727ac0f29208c5ef3bf7625e6,5cbbe853aa1a5a1370f9a614904c4b15,SO74299,35,TI-M823,1,35,9c55d6518880c1abf100a24da2546368
14999,df09a3a727ac0f29208c5ef3bf7625e6,5cbbe853aa1a5a1370f9a614904c4b15,SO74299,5,TT-M928,1,5,9c55d6518880c1abf100a24da2546368
15000,3e48b2167bd86ef570e46d0b286c4f74,072bf847aeeee970f66483e596496cd9,SO53265,22,FE-6654,1,22,3e07f09fb2edbdf0bf6a54c17634514b
15000,3e48b2167bd86ef570e46d0b286c4f74,072bf847aeeee970f66483e596496cd9,SO53265,48,GL-H102-M,2,48,3e07f09fb2edbdf0bf6a54c17634514b
15001,95103530881768b5cfc7e33970db9cd7,2ed3972e38245b633ec6b146c2970148,SO62428,22,FE-6654,1,22,305c66634c155cab2b5cc3ce00351eb1
15001,95103530881768b5cfc7e33970db9cd7,2ed3972e38245b633ec6b146c2970148,SO62428,9,SO-R809-M,1,9,305c66634c155cab2b5cc3ce00351eb1
15002,88adb3ec0d383666ee2acd29f43e3429,a1be4f014e5b3c959503117fd1ee566a,SO48599,4364,BK-R89B-52,2,4364,fc92d87f5fdfc4fdb58244cc592e3788
15002,d4746e41b619da57ee9f1a2e2cc254e8,81a5d08c6beaeec9e42baae5d63dd780,SO64065,565,BK-M18S-42,1,565,23bd9a9b90557e9da7babfb8e3d2df22
15002,d4746e41b619da57ee9f1a2e2cc254e8,81a5d08c6beaeec9e42baae5d63dd780,SO64065,105,HL-U509-R,3,105,23bd9a9b90557e9da7babfb8e3d2df22
15003,20d42f6cfcb5eda27dc59cfb68aa4732,3fce335517b518d0723258ab9aab91d5,SO48503,2443,BK-R89R-52,1,2443,0c0fda0e7ef55245aa19e42bf9928281
15003,c87874400b9f907bdf9ea37d75a4b341,23bd9a9b90557e9da7babfb8e3d2df22,SO64538,565,BK-M18S-44,1,565,8b9fe4b34e3c54f08bfcac3d9691e260
15003,c87874400b9f907bdf9ea37d75a4b341,23bd9a9b90557e9da7babfb8e3d2df22,SO64538,8,CL-9009,1,8,8b9fe4b34e3c54f08bfcac3d9691e260
15003,c87874400b9f907bdf9ea37d75a4b341,23bd9a9b90557e9da7babfb8e3d2df22,SO64538,2,PK-7098,1,2,8b9fe4b34e3c54f08bfcac3d9691e260
15003,c87874400b9f907bdf9ea37d75a4b341,23bd9a9b90557e9da7babfb8e3d2df22,SO64538,25,TI-M267,1,25,8b9fe4b34e3c54f08bfcac3d9691e260
15003,c87874400b9f907bdf9ea37d75a4b341,23bd9a9b90557e9da7babfb8e3d2df22,SO64538,5,TT-M928,1,5,8b9fe4b34e3c54f08bfcac3d9691e260
15004,03bf7d2a8718ee9aca4bd2f37e962fc4,290499d9b8e65db426ba9b842714eb6d,SO63558,565,BK-M18S-42,1,565,7130adfd843cdcb6d0bcd9d13792693a
15004,03bf7d2a8718ee9aca4bd2f37e962fc4,290499d9b8e65db426ba9b842714eb6d,SO63558,105,HL-U509-R,3,105,7130adfd843cdcb6d0bcd9d13792693a
15004,03bf7d2a8718ee9aca4bd2f37e962fc4,290499d9b8e65db426ba9b842714eb6d,SO63558,25,TI-M267,1,25,7130adfd843cdcb6d0bcd9d13792693a
15004,03bf7d2a8718ee9aca4bd2f37e962fc4,290499d9b8e65db426ba9b842714eb6d,SO63558,5,TT-M928,1,5,7130adfd843cdcb6d0bcd9d13792693a
15004,43a48533e5870a15f120f16375636633,4bbde6a0c4076e78bc106bdc331a94c5,SO48703,2443,BK-R89R-48,1,2443,ba588be30dd16be47b9647a72fe81700
15005,23e53557c4c2300cb2511c53082467bb,d0f6d44eeb1872b3e00d9f219db7d91c,SO46504,1398,BK-R50B-52,2,1398,f5f4a24c43cdbbee05aff7941a939ee5
15005,8eb7a1b0dba9fdd5f4248b9cb6b9119b,9f1ff00ea8fd9fd8f2d421ba5ec45a18,SO68245,769,BK-M38S-46,1,769,c7390752782466cfc9a3ed7d3a79e046
15005,8eb7a1b0dba9fdd5f4248b9cb6b9119b,9f1ff00ea8fd9fd8f2d421ba5ec45a18,SO68245,105,HL-U509,3,105,c7390752782466cfc9a3ed7d3a79e046
15006,2ed3972e38245b633ec6b146c2970148,6477c205c5117a9448ba863e111acf32,SO61712,4590,BK-M68B-38,2,4590,2becb9647677a1a316b388bbad689580
15006,dee9eae0b6c5fbb75435e16238307e35,a7e2e75e7fa681dcfa6bb6bfc7fc5cff,SO46414,1398,BK-R50B-44,2,1398,7a3cb5f97544c8ef7fd51c4b10455880
15007,3e48b2167bd86ef570e46d0b286c4f74,072bf847aeeee970f66483e596496cd9,SO53257,10,BC-M005,1,10,3e07f09fb2edbdf0bf6a54c17634514b
15007,3e48b2167bd86ef570e46d0b286c4f74,072bf847aeeee970f66483e596496cd9,SO53257,105,HL-U509,3,105,3e07f09fb2edbdf0bf6a54c17634514b
15007,3e48b2167bd86ef570e46d0b286c4f74,072bf847aeeee970f66483e596496cd9,SO53257,5,WB-H098,1,5,3e07f09fb2edbdf0bf6a54c17634514b
15007,a9adf65abbb865184bf924d14a93d0c4,ec24e4cf9fcc90f3bbe81b2fb3735c21,SO70709,105,HL-U509-B,3,105,e0cd1349b4c6e1b5f14ed427e358c2d0
15007,a9adf65abbb865184bf924d14a93d0c4,ec24e4cf9fcc90f3bbe81b2fb3735c21,SO70709,150,LJ-0192-M,3,150,e0cd1349b4c6e1b5f14ed427e358c2d0
15007,a9adf65abbb865184bf924d14a93d0c4,ec24e4cf9fcc90f3bbe81b2fb3735c21,SO70709,35,TI-M823,1,35,e0cd1349b4c6e1b5f14ed427e358c2d0
15007,a9adf65abbb865184bf924d14a93d0c4,ec24e4cf9fcc90f3bbe81b2fb3735c21,SO70709,5,TT-M928,1,5,e0cd1349b4c6e1b5f14ed427e358c2d0
15007,c7390752782466cfc9a3ed7d3a79e046,0001ffe4d82d0d8f9fec5ab0b4faa2db,SO67914,2,PK-7098,1,2,16e364d19895243407b256ec272d5394
15007,c7390752782466cfc9a3ed7d3a79e046,0001ffe4d82d0d8f9fec5ab0b4faa2db,SO67914,33,TI-R982,1,33,16e364d19895243407b256ec272d5394
15008,02b96ab6e0935145589be4e1408a1675,58f0b42da53adeeccbfa693883fea672,SO65348,10,BC-M005,1,10,b68fd63ca41d49bfc1b18251202c053f
15008,02b96ab6e0935145589be4e1408a1675,58f0b42da53adeeccbfa693883fea672,SO65348,27,CA-1098,3,27,b68fd63ca41d49bfc1b18251202c053f
15008,02b96ab6e0935145589be4e1408a1675,58f0b42da53adeeccbfa693883fea672,SO65348,5,WB-H098,1,5,b68fd63ca41d49bfc1b18251202c053f
15008,83d1ed00595e79ee5ea3797e97970fe8,fe1fd19c021e78ec395980c2e347865e,SO69184,105,HL-U509,3,105,705fa39ab40831529471c768490339ab
15008,83d1ed00595e79ee5ea3797e97970fe8,fe1fd19c021e78ec395980c2e347865e,SO69184,33,TI-R982,1,33,705fa39ab40831529471c768490339ab
15008,83d1ed00595e79ee5ea3797e97970fe8,fe1fd19c021e78ec395980c2e347865e,SO69184,4,TT-R982,1,4,705fa39ab40831529471c768490339ab
15008,d34ba8f5d7fd7d5959a34c283fbec422,9c56075241a26f6fa77eb86b15411c6e,SO55074,105,HL-U509,3,105,ac15b60491fe99190c0248790e690757
15008,d34ba8f5d7fd7d5959a34c283fbec422,9c56075241a26f6fa77eb86b15411c6e,SO55074,35,TI-M823,1,35,ac15b60491fe99190c0248790e690757
15008,d34ba8f5d7fd7d5959a34c283fbec422,9c56075241a26f6fa77eb86b15411c6e,SO55074,5,TT-M928,1,5,ac15b60491fe99190c0248790e690757
15009,3fbd0407b55d3a3da21388a2ddbf881c,ab4946738415af86b5e3cee69b13301f,SO57935,10,BC-M005,1,10,5abaefcc8525a8f4cfd95cba9e926532
15009,3fbd0407b55d3a3da21388a2ddbf881c,ab4946738415af86b5e3cee69b13301f,SO57935,22,FE-6654,1,22,5abaefcc8525a8f4cfd95cba9e926532
15009,3fbd0407b55d3a3da21388a2ddbf881c,ab4946738415af86b5e3cee69b13301f,SO57935,5,WB-H098,1,5,5abaefcc8525a8f4cfd95cba9e926532
15010,9795c57676ee8b8b6ba9a6f9014a520b,c5ed53572c667b119dde2fc0f54de602,SO73746,22,FE-6654,1,22,b0950d12c62d3aeda81b2e8d06f2aef4
15010,9795c57676ee8b8b6ba9a6f9014a520b,c5ed53572c667b119dde2fc0f54de602,SO73746,150,LJ-0192-M,3,150,b0950d12c62d3aeda81b2e8d06f2aef4
15010,9795c57676ee8b8b6ba9a6f9014a520b,c5ed53572c667b119dde2fc0f54de602,SO73746,9,SO-R809-L,1,9,b0950d12c62d3aeda81b2e8d06f2aef4
15011,922d04aa1f67bbe0270bfad98508f43e,0383d48e76cd8a3dfb9e2a890f2cac18,SO61814,105,HL-U509-R,3,105,76918877cf6ce7011018cd9708723392
15011,922d04aa1f67bbe0270bfad98508f43e,0383d48e76cd8a3dfb9e2a890f2cac18,SO61814,150,LJ-0192-X,3,150,76918877cf6ce7011018cd9708723392
15011,922d04aa1f67bbe0270bfad98508f43e,0383d48e76cd8a3dfb9e2a890f2cac18,SO61814,5,TT-M928,1,5,76918877cf6ce7011018cd9708723392
15012,501407dcfde5b685045ca3072168d5bb,41ef6b06b63ba4f6a5234245a439b157,SO73536,105,HL-U509,3,105,5432d51ee94799c0125bb158c8a8bd22
15012,501407dcfde5b685045ca3072168d5bb,41ef6b06b63ba4f6a5234245a439b157,SO73536,5,TT-M928,1,5,5432d51ee94799c0125bb158c8a8bd22
15013,73b2264d673ee7b5b2e7e165020516ac,4ceff7612cfa4420892fe23b23ca9265,SO57399,22,FE-6654,1,22,8d71482745a6a1be4fbbc5562ade4657
15013,73b2264d673ee7b5b2e7e165020516ac,4ceff7612cfa4420892fe23b23ca9265,SO57399,5,TT-M928,1,5,8d71482745a6a1be4fbbc5562ade4657
15014,38d32d96c9adb3ccccf0e286aa08123c,cc2547b3671a031a723a4e3e241d0eed,SO49653,4142,BK-M68S-38,2,4142,6f28d1f037e8b8040be9f35ba03516af
15014,ce08c22f7777768ce4197eab9727516c,4a800301260b2639fa1ec3efafb5f86c,SO60024,1701,BK-R79Y-42,1,1701,5072507e949a2c25948a591c4da194e1
15014,ce08c22f7777768ce4197eab9727516c,4a800301260b2639fa1ec3efafb5f86c,SO60024,48,GL-H102-S,2,48,5072507e949a2c25948a591c4da194e1
15014,ce08c22f7777768ce4197eab9727516c,4a800301260b2639fa1ec3efafb5f86c,SO60024,105,HL-U509,3,105,5072507e949a2c25948a591c4da194e1
15014,ce08c22f7777768ce4197eab9727516c,4a800301260b2639fa1ec3efafb5f86c,SO60024,25,TI-R628,1,25,5072507e949a2c25948a591c4da194e1
15014,ce08c22f7777768ce4197eab9727516c,4a800301260b2639fa1ec3efafb5f86c,SO60024,4,TT-R982,1,4,5072507e949a2c25948a591c4da194e1
15015,7254e54716fe52361e62aa16ea2e0797,6eaadc1181f307997dc853d9ed40db36,SO59458,1701,BK-R79Y-44,1,1701,e7df1b3ee078bdcfc260a877f321287d
15015,7254e54716fe52361e62aa16ea2e0797,6eaadc1181f307997dc853d9ed40db36,SO59458,54,SJ-0194-M,1,54,e7df1b3ee078bdcfc260a877f321287d
15015,d9cd5832ac6226b16d8669df784e8c52,d194d40a2a86356fa1572b2ef8e36048,SO49948,4098,BK-M68B-46,2,4098,f6a3074075f513ac39071601eaf0195a
15016,63efdd3324df66c9965bd622cdebe06a,7acd252f45ad6fe668386456a673d543,SO68062,769,BK-M38S-40,1,769,6e32728b966bb91cefefa1316da21ca8
15016,63efdd3324df66c9965bd622cdebe06a,7acd252f45ad6fe668386456a673d543,SO68062,30,TI-M602,1,30,6e32728b966bb91cefefa1316da21ca8
15016,8a5d7ee8a6750efd5364f3ccd8e7ea1b,79aec4feadc6bb77df978e9aecbf488e,SO46432,1398,BK-R50B-52,2,1398,f2a989663bc8d65aa827c90de8522a12
15017,20b851db79828c985958154243411278,96a3262695f10a59b726f3dfd4782c4d,SO51569,9,BC-R205,1,9,a7cb0a760406e2013c8442a429fed0ae
15017,20b851db79828c985958154243411278,96a3262695f10a59b726f3dfd4782c4d,SO51569,540,BK-R19B-58,1,540,a7cb0a760406e2013c8442a429fed0ae
15017,20b851db79828c985958154243411278,96a3262695f10a59b726f3dfd4782c4d,SO51569,54,SJ-0194-X,1,54,a7cb0a760406e2013c8442a429fed0ae
15017,20b851db79828c985958154243411278,96a3262695f10a59b726f3dfd4782c4d,SO51569,5,WB-H098,1,5,a7cb0a760406e2013c8442a429fed0ae
15017,b0d346be9fa7508e21d5c500b97e6b7a,e0ff70a5e22e7449dab732c95d815720,SO46552,1398,BK-R50R-48,2,1398,23e53557c4c2300cb2511c53082467bb
15018,76e3c19dbb0dadc4c6dc771d856e4676,ad4fbe0c82c7e5968d4cf22c2ad19e28,SO53292,48,GL-H102-M,2,48,15699e35c72c4036c71409f3f3d69528
15018,76e3c19dbb0dadc4c6dc771d856e4676,ad4fbe0c82c7e5968d4cf22c2ad19e28,SO53292,54,SJ-0194-L,1,54,15699e35c72c4036c71409f3f3d69528
15018,76e3c19dbb0dadc4c6dc771d856e4676,ad4fbe0c82c7e5968d4cf22c2ad19e28,SO53292,25,TI-R628,1,25,15699e35c72c4036c71409f3f3d69528
15018,d6ec5bff1a0809822c740ce35792fa7a,db2b287636ac5ebda430de4f3f643b24,SO52585,27,CA-1098,3,27,6be9692276a308e4b872323af1ad8fe2
15019,18f358e551b5b85912bc952ab9894c0d,abe94c2111c58e9c9672602d41bce66e,SO64899,105,HL-U509,3,105,a6d37e298c3042e300813f55a17e0875
15019,18f358e551b5b85912bc952ab9894c0d,abe94c2111c58e9c9672602d41bce66e,SO64899,25,TI-R628,1,25,a6d37e298c3042e300813f55a17e0875
15019,18f358e551b5b85912bc952ab9894c0d,abe94c2111c58e9c9672602d41bce66e,SO64899,4,TT-R982,1,4,a6d37e298c3042e300813f55a17e0875
15019,dba3e44e23a1d2c2f299811e94db7fce,51c449e55b4a63a16fb45beb689150d5,SO54263,27,CA-1098,3,27,226d694fb4b7f71d62444f9528be8704
15020,290499d9b8e65db426ba9b842714eb6d,606ed413481267c98754e3351f662859,SO62637,27,CA-1098,3,27,d1024973c3d10f08cb9fa1736e6ed8b7
15020,6a8d7e42bb852c45fbf8610361d391a0,3f72b837978dcd042b73e7270f11a4ca,SO71097,2,PK-7098,1,2,49fce086a31f1cfcf16b54e462f7cbc0
15020,6a8d7e42bb852c45fbf8610361d391a0,3f72b837978dcd042b73e7270f11a4ca,SO71097,25,TI-R628,1,25,49fce086a31f1cfcf16b54e462f7cbc0
15020,6a8d7e42bb852c45fbf8610361d391a0,3f72b837978dcd042b73e7270f11a4ca,SO71097,4,TT-R982,1,4,49fce086a31f1cfcf16b54e462f7cbc0
15021,31c99d724c1f182c60edb82eb4740277,e84848120190a8d0e696fbeb15647a74,SO71226,27,CA-1098,3,27,3db19f5f710f10e90ecc7154c649d60a
15021,5a06908cc28b799b04fc1c47664462e6,da9c4ba6c9a1ae8725389bfd38b5763a,SO54718,30,TI-M602,1,30,6d338b8c41c717c4336ad0084a80dca4
15022,64cadfde6f66bc25043d0d69f5ae5471,18f358e551b5b85912bc952ab9894c0d,SO65802,769,BK-M38S-42,1,769,8d1d4829b2e801ba4e41ba48f5a549d4
15022,64cadfde6f66bc25043d0d69f5ae5471,18f358e551b5b85912bc952ab9894c0d,SO65802,159,ST-1401,1,159,8d1d4829b2e801ba4e41ba48f5a549d4
15022,9ee2a0f409662e4664217b7e3b808428,19fce68d7871e14df67c5940bc0ca8ab,SO49941,4142,BK-M68S-46,2,4142,fd23826ef02908bf7404839a32ae44b4
15023,b210069485754303767745919c328b97,305c66634c155cab2b5cc3ce00351eb1,SO62854,4590,BK-M68B-38,2,4590,5efefff01843f5aa3f7d8a4d44b4bf2e
15023,b210069485754303767745919c328b97,305c66634c155cab2b5cc3ce00351eb1,SO62854,22,FE-6654,1,22,5efefff01843f5aa3f7d8a4d44b4bf2e
15023,b210069485754303767745919c328b97,305c66634c155cab2b5cc3ce00351eb1,SO62854,64,VE-C304-M,1,64,5efefff01843f5aa3f7d8a4d44b4bf2e
15023,c7ba73dc38a0064ac7ceeef22463d8d7,7fe55f4f2e51708bd160778e5ef08685,SO46493,1398,BK-R50R-48,2,1398,5fe94fb0f4dba39b9df91e97622d2ec2
15024,1faee5670542865e021595151379fe5c,e5114f65ece65e14e7b721dab1e674e0,SO69729,27,CA-1098,3,27,83d1ed00595e79ee5ea3797e97970fe8
15024,5691ac18f59a9af20f9d8703772afbba,d8a4ea0dc4237ee8690ee37b3902fd0e,SO55931,105,HL-U509,3,105,bc761b2b7297029a695fbd6dd0470724
15024,5691ac18f59a9af20f9d8703772afbba,d8a4ea0dc4237ee8690ee37b3902fd0e,SO55931,30,TI-M602,1,30,bc761b2b7297029a695fbd6dd0470724
15024,5691ac18f59a9af20f9d8703772afbba,d8a4ea0dc4237ee8690ee37b3902fd0e,SO55931,5,TT-M928,1,5,bc761b2b7297029a695fbd6dd0470724
15025,23bd9a9b90557e9da7babfb8e3d2df22,b210069485754303767745919c328b97,SO63759,25,TI-R628,1,25,a946e75bc65318721cd1e01162d392dd
15025,6582aa26281b9a92ad60e6a03e274c00,232e830f1ac667c081eaaca23cdf9b5f,SO65402,9,BC-R205,1,9,18f358e551b5b85912bc952ab9894c0d
15025,6582aa26281b9a92ad60e6a03e274c00,232e830f1ac667c081eaaca23cdf9b5f,SO65402,105,HL-U509-R,3,105,18f358e551b5b85912bc952ab9894c0d
15025,6582aa26281b9a92ad60e6a03e274c00,232e830f1ac667c081eaaca23cdf9b5f,SO65402,150,LJ-0192-S,3,150,18f358e551b5b85912bc952ab9894c0d
15025,6582aa26281b9a92ad60e6a03e274c00,232e830f1ac667c081eaaca23cdf9b5f,SO65402,5,TT-T092,1,5,18f358e551b5b85912bc952ab9894c0d
15025,6582aa26281b9a92ad60e6a03e274c00,232e830f1ac667c081eaaca23cdf9b5f,SO65402,5,WB-H098,1,5,18f358e551b5b85912bc952ab9894c0d
15026,61e00b038efd34bdf9c747596273cbcf,7130adfd843cdcb6d0bcd9d13792693a,SO64003,5,TT-T092,1,5,4b5c3229e0725ef8d303f494db9faec8
15026,ed268f8f3837888893f896b7240f1254,a9cefc49af6424b430612adfc69876ee,SO56433,25,TI-R628,1,25,6353a8421ee460b64f2c988cc72a8391
15027,4efe8b2ca156042f8a3d8dd6aba54520,e2f0a420a4c1a9e8e292761f835e0489,SO66318,769,BK-M38S-40,1,769,e82ca4c6beebe812f10fa1041b97a160
15027,4efe8b2ca156042f8a3d8dd6aba54520,e2f0a420a4c1a9e8e292761f835e0489,SO66318,30,TI-M602,1,30,e82ca4c6beebe812f10fa1041b97a160
15027,4efe8b2ca156042f8a3d8dd6aba54520,e2f0a420a4c1a9e8e292761f835e0489,SO66318,5,TT-M928,1,5,e82ca4c6beebe812f10fa1041b97a160
15027,968e9a4bab3af2e071a27db638e363e6,b7d5a5b8cc647eb5c041cfb92957acb2,SO49980,4098,BK-M68B-38,2,4098,79f46ce61b754fc6c2eeda754a6354bc
15028,a37b3b8ed0bad1707ba2be514cc71f02,95ddec41f799217977c3384c83bfb0ca,SO50134,4142,BK-M68S-42,2,4142,fcf706c3e0fe93da0b11cc32b98eb22b
15028,eef21e68ecca703bb338920b950f203c,f108e0cd2f96a0c22086f9d45ee08f19,SO60934,1701,BK-R79Y-42,1,1701,b21e833d3ead6056f1265f13fe1ff015
15028,eef21e68ecca703bb338920b950f203c,f108e0cd2f96a0c22086f9d45ee08f19,SO60934,54,SJ-0194-M,1,54,b21e833d3ead6056f1265f13fe1ff015
15029,412998e77ee121227580e3d363f75fa2,df595e3c678d4fae23ce174fe747165e,SO59883,1701,BK-R79Y-48,1,1701,254d832c83ccdb2c33eab65a4fd196ff
15029,412998e77ee121227580e3d363f75fa2,df595e3c678d4fae23ce174fe747165e,SO59883,54,SJ-0194-S,1,54,254d832c83ccdb2c33eab65a4fd196ff
15029,4652a559216121874754c7ecfe692e94,9c36ef758665a17e1eeb69b7f8fce1c6,SO49968,4142,BK-M68S-42,2,4142,8dd3ccb09d6ab7dd754ab887e66e8652
15030,b60bd79b871d7c3345674370fa4dda03,ff9b4d639b22897f1c0256881eeb8643,SO50155,4142,BK-M68S-46,2,4142,14cf1002d25f6005ecb94636b7f549b1
15030,db2f6a564b6f5f41253c68874b50962b,76918877cf6ce7011018cd9708723392,SO62272,9,BC-R205,1,9,606ed413481267c98754e3351f662859
15030,db2f6a564b6f5f41253c68874b50962b,76918877cf6ce7011018cd9708723392,SO62272,1701,BK-R79Y-40,1,1701,606ed413481267c98754e3351f662859
15030,db2f6a564b6f5f41253c68874b50962b,76918877cf6ce7011018cd9708723392,SO62272,5,WB-H098,1,5,606ed413481267c98754e3351f662859
15031,072bf847aeeee970f66483e596496cd9,cfceb7490eff6e660974507be7c579c6,SO52619,2,PK-7098,1,2,dca79d69a6b38e95c4b03bfab997796c
15031,072bf847aeeee970f66483e596496cd9,cfceb7490eff6e660974507be7c579c6,SO52619,30,TI-M602,1,30,dca79d69a6b38e95c4b03bfab997796c
15031,b68fd63ca41d49bfc1b18251202c053f,d4746e41b619da57ee9f1a2e2cc254e8,SO64859,27,CA-1098,3,27,c87874400b9f907bdf9ea37d75a4b341
15032,3a23b248b732af434a45fce0302aa11f,db2f6a564b6f5f41253c68874b50962b,SO62989,1701,BK-R79Y-42,1,1701,290499d9b8e65db426ba9b842714eb6d
15032,3a23b248b732af434a45fce0302aa11f,db2f6a564b6f5f41253c68874b50962b,SO62989,150,LJ-0192-S,3,150,290499d9b8e65db426ba9b842714eb6d
15032,968e9a4bab3af2e071a27db638e363e6,b7d5a5b8cc647eb5c041cfb92957acb2,SO49981,4098,BK-M68B-46,2,4098,79f46ce61b754fc6c2eeda754a6354bc
15033,81a5d08c6beaeec9e42baae5d63dd780,95103530881768b5cfc7e33970db9cd7,SO63346,1701,BK-R79Y-42,1,1701,b210069485754303767745919c328b97
15033,81a5d08c6beaeec9e42baae5d63dd780,95103530881768b5cfc7e33970db9cd7,SO63346,25,TI-R628,1,25,b210069485754303767745919c328b97
15033,e488a84b1e74148f72971289cb4e1be9,ce0250e4c407a28df088d59c0b77cc37,SO50168,4142,BK-M68S-46,2,4142,f8fc91862dc66c3aaaa0e65ff94d1479
15034,6e5c4b769f8f70f9fd01b24ba5be9695,40e7dd73b09eac540e790daf6fac41af,SO54825,27,CA-1098,3,27,106dfbaf552c07a1b08d065f2c343982
15034,921bc92a493b53f98f24e6a8a12801be,17520f5649fab40fb66771362888cb90,SO71429,48,GL-H102-L,2,48,6a8d7e42bb852c45fbf8610361d391a0
15034,921bc92a493b53f98f24e6a8a12801be,17520f5649fab40fb66771362888cb90,SO71429,105,HL-U509,3,105,6a8d7e42bb852c45fbf8610361d391a0
15034,921bc92a493b53f98f24e6a8a12801be,17520f5649fab40fb66771362888cb90,SO71429,30,TI-M602,1,30,6a8d7e42bb852c45fbf8610361d391a0
15034,921bc92a493b53f98f24e6a8a12801be,17520f5649fab40fb66771362888cb90,SO71429,5,TT-M928,1,5,6a8d7e42bb852c45fbf8610361d391a0
15035,18f358e551b5b85912bc952ab9894c0d,abe94c2111c58e9c9672602d41bce66e,SO64936,1701,BK-R79Y-44,1,1701,a6d37e298c3042e300813f55a17e0875
15035,ce0250e4c407a28df088d59c0b77cc37,79f46ce61b754fc6c2eeda754a6354bc,SO50050,4142,BK-M68S-46,2,4142,456c7730e983cabeb11db57ec0801795
15036,207f6c5125350a97b1a410dc655800f6,d9cd5832ac6226b16d8669df784e8c52,SO50072,4098,BK-M68B-46,2,4098,95ddec41f799217977c3384c83bfb0ca
15036,8b9fe4b34e3c54f08bfcac3d9691e260,a946e75bc65318721cd1e01162d392dd,SO64220,1701,BK-R79Y-44,1,1701,f75e5f8c15ca91ec5c869dc3881f574f
15036,8b9fe4b34e3c54f08bfcac3d9691e260,a946e75bc65318721cd1e01162d392dd,SO64220,105,HL-U509,3,105,f75e5f8c15ca91ec5c869dc3881f574f
15037,a37b3b8ed0bad1707ba2be514cc71f02,95ddec41f799217977c3384c83bfb0ca,SO50135,4142,BK-M68S-42,2,4142,fcf706c3e0fe93da0b11cc32b98eb22b
15037,a6d37e298c3042e300813f55a17e0875,99b7e934795a93975a5e0c0b9b57d9ba,SO64658,1701,BK-R79Y-42,1,1701,b0241b451647f25db5f52074445d820c
15037,a6d37e298c3042e300813f55a17e0875,99b7e934795a93975a5e0c0b9b57d9ba,SO64658,55,HY-1023-70,1,55,b0241b451647f25db5f52074445d820c
15037,a6d37e298c3042e300813f55a17e0875,99b7e934795a93975a5e0c0b9b57d9ba,SO64658,25,TI-R628,1,25,b0241b451647f25db5f52074445d820c
15037,a6d37e298c3042e300813f55a17e0875,99b7e934795a93975a5e0c0b9b57d9ba,SO64658,4,TT-R982,1,4,b0241b451647f25db5f52074445d820c
15038,a1fedb8f5f2e08543339a5f167bee6b7,8b9fe4b34e3c54f08bfcac3d9691e260,SO65005,1701,BK-R79Y-42,1,1701,4eec6eda382b9c44e240ad4b4b5e9cc0
15038,b60bd79b871d7c3345674370fa4dda03,ff9b4d639b22897f1c0256881eeb8643,SO50156,4098,BK-M68B-38,2,4098,14cf1002d25f6005ecb94636b7f549b1
15039,058af5b2a408d57b708367e5bf4e9d9c,e82ca4c6beebe812f10fa1041b97a160,SO66770,105,HL-U509-B,3,105,c507827aa5f4f6bbedf64058461c621b
15039,058af5b2a408d57b708367e5bf4e9d9c,e82ca4c6beebe812f10fa1041b97a160,SO66770,30,TI-M602,1,30,c507827aa5f4f6bbedf64058461c621b
15039,058af5b2a408d57b708367e5bf4e9d9c,e82ca4c6beebe812f10fa1041b97a160,SO66770,5,TT-M928,1,5,c507827aa5f4f6bbedf64058461c621b
15039,6477c205c5117a9448ba863e111acf32,c926349b55a58d87d7d5008c349fd1e9,SO60845,27,CA-1098,3,27,013f173c58073e845f675d26fdde1918
15040,18f358e551b5b85912bc952ab9894c0d,abe94c2111c58e9c9672602d41bce66e,SO64935,1701,BK-R79Y-42,1,1701,a6d37e298c3042e300813f55a17e0875
15040,18f358e551b5b85912bc952ab9894c0d,abe94c2111c58e9c9672602d41bce66e,SO64935,105,HL-U509,3,105,a6d37e298c3042e300813f55a17e0875
15040,52bde41d0f4e244c3d741707e5f19618,ceda4a900d234638ff03b93b262b14e6,SO50120,4142,BK-M68S-38,2,4142,c9e159941f9c2ce8daa7b4737e7f8552
15041,4b5c3229e0725ef8d303f494db9faec8,f46ace11e93788e473124f7be16a19d5,SO63732,1701,BK-R79Y-48,1,1701,0149f124a48640c62d90840ac5760331
15041,4b5c3229e0725ef8d303f494db9faec8,f46ace11e93788e473124f7be16a19d5,SO63732,54,SJ-0194-X,1,54,0149f124a48640c62d90840ac5760331
15041,e488a84b1e74148f72971289cb4e1be9,ce0250e4c407a28df088d59c0b77cc37,SO50169,4142,BK-M68S-46,2,4142,f8fc91862dc66c3aaaa0e65ff94d1479
15042,52bde41d0f4e244c3d741707e5f19618,ceda4a900d234638ff03b93b262b14e6,SO50121,4142,BK-M68S-42,2,4142,c9e159941f9c2ce8daa7b4737e7f8552
15042,e82ca4c6beebe812f10fa1041b97a160,9d934f91c460e9947414d00048f2fa36,SO66059,1701,BK-R79Y-40,1,1701,6d1d8a1c7851eb5a946d45009cea6d9f
15042,e82ca4c6beebe812f10fa1041b97a160,9d934f91c460e9947414d00048f2fa36,SO66059,105,HL-U509,3,105,6d1d8a1c7851eb5a946d45009cea6d9f
15043,93ddc10d6cf61153011df052aa76671f,7299e51cfc0d5174743a6701a8a96488,SO65667,1701,BK-R79Y-48,1,1701,02b96ab6e0935145589be4e1408a1675
15043,93ddc10d6cf61153011df052aa76671f,7299e51cfc0d5174743a6701a8a96488,SO65667,48,GL-H102-S,2,48,02b96ab6e0935145589be4e1408a1675
15043,93ddc10d6cf61153011df052aa76671f,7299e51cfc0d5174743a6701a8a96488,SO65667,150,LJ-0192-X,3,150,02b96ab6e0935145589be4e1408a1675
15043,ff9b4d639b22897f1c0256881eeb8643,8dd3ccb09d6ab7dd754ab887e66e8652,SO50040,4142,BK-M68S-42,2,4142,70dbbfe9e1fafe828bd88bd62f0de8f4
15044,02b96ab6e0935145589be4e1408a1675,58f0b42da53adeeccbfa693883fea672,SO65375,1701,BK-R79Y-48,1,1701,b68fd63ca41d49bfc1b18251202c053f
15044,02b96ab6e0935145589be4e1408a1675,58f0b42da53adeeccbfa693883fea672,SO65375,48,GL-H102-L,2,48,b68fd63ca41d49bfc1b18251202c053f
15044,02b96ab6e0935145589be4e1408a1675,58f0b42da53adeeccbfa693883fea672,SO65375,25,TI-R628,1,25,b68fd63ca41d49bfc1b18251202c053f
15044,02b96ab6e0935145589be4e1408a1675,58f0b42da53adeeccbfa693883fea672,SO65375,4,TT-R982,1,4,b68fd63ca41d49bfc1b18251202c053f
15044,d35624c3724a7f923a0dcae76c01cb28,9ee2a0f409662e4664217b7e3b808428,SO50065,4098,BK-M68B-38,2,4098,ceda4a900d234638ff03b93b262b14e6
15045,f46ace11e93788e473124f7be16a19d5,5c741aa8e0753be65314a304e7b39c14,SO62788,48,GL-H102-M,2,48,4555f65c4664801d78b9f5477f89d8fd
15045,f46ace11e93788e473124f7be16a19d5,5c741aa8e0753be65314a304e7b39c14,SO62788,25,TI-M267,1,25,4555f65c4664801d78b9f5477f89d8fd
15046,4c6ed4daa82e7326b84c24f4c2ae7064,b2ce0ef2540789e8a6976165b6c917d8,SO73271,4590,BK-M68B-38,2,4590,aa14ddbc43aa2d3be1e6ac019bb7b5bc
15046,4c6ed4daa82e7326b84c24f4c2ae7064,b2ce0ef2540789e8a6976165b6c917d8,SO73271,105,HL-U509-B,3,105,aa14ddbc43aa2d3be1e6ac019bb7b5bc
15046,4c6ed4daa82e7326b84c24f4c2ae7064,b2ce0ef2540789e8a6976165b6c917d8,SO73271,35,TI-M823,1,35,aa14ddbc43aa2d3be1e6ac019bb7b5bc
15046,965627dc7fa4e47d5a66206f93683145,0ef697b4ad71a7e322d53c0d31d3db09,SO45180,3578,BK-R93R-44,1,3578,5ce02f5278d5a046fd38c1ba26b17b9a
15047,43e2cc7ff261723f93f64f3f7e9faa8d,a6f2945baeceeef4c8d541a22f6e99e9,SO73423,10,BC-M005,1,10,88077cf01a3e17831c2d0bcca5897c5b
15047,43e2cc7ff261723f93f64f3f7e9faa8d,a6f2945baeceeef4c8d541a22f6e99e9,SO73423,4640,BK-M68S-38,2,4640,88077cf01a3e17831c2d0bcca5897c5b
15047,43e2cc7ff261723f93f64f3f7e9faa8d,a6f2945baeceeef4c8d541a22f6e99e9,SO73423,5,WB-H098,1,5,88077cf01a3e17831c2d0bcca5897c5b
15047,4555f65c4664801d78b9f5477f89d8fd,7ee641303ef8d8b10d0ed00a060c73cc,SO62515,9,BC-R205,1,9,94c60e0b5e2b0f78b919a5d4c67d70a2
15047,4555f65c4664801d78b9f5477f89d8fd,7ee641303ef8d8b10d0ed00a060c73cc,SO62515,742,BK-T18U-54,1,742,94c60e0b5e2b0f78b919a5d4c67d70a2
15047,4555f65c4664801d78b9f5477f89d8fd,7ee641303ef8d8b10d0ed00a060c73cc,SO62515,5,WB-H098,1,5,94c60e0b5e2b0f78b919a5d4c67d70a2
15047,e10208f8f7fcc7abfebbaa11e0a5d9a5,024c27431ac9d720119c6c64f5ea46d3,SO45187,3578,BK-R93R-62,1,3578,0095a52f8a0e02a140bcad01e006d00c
15048,c83e871e48c2716e0f28e60d166a5c98,6a8d7e42bb852c45fbf8610361d391a0,SO72071,10,BC-M005,1,10,c4c454d69a39e60a6f5cf2f97148adad
15048,c83e871e48c2716e0f28e60d166a5c98,6a8d7e42bb852c45fbf8610361d391a0,SO72071,4640,BK-M68S-46,2,4640,c4c454d69a39e60a6f5cf2f97148adad
15048,c83e871e48c2716e0f28e60d166a5c98,6a8d7e42bb852c45fbf8610361d391a0,SO72071,5,WB-H098,1,5,c4c454d69a39e60a6f5cf2f97148adad
15048,d53f9d33cac0a297449a74a10d031570,e0bcd0ff3072dfe15609d6be1529b0b8,SO61582,742,BK-T18Y-44,1,742,4cc27df81afd686c0420394e090460cb
15048,d53f9d33cac0a297449a74a10d031570,e0bcd0ff3072dfe15609d6be1529b0b8,SO61582,105,HL-U509,3,105,4cc27df81afd686c0420394e090460cb
15048,e2bf301e1756834cb191a4103f0de32a,38c343b5c13f75876efc9310060cce67,SO45345,3578,BK-R93R-52,1,3578,276d128fe3aa57f2302ada8154e97cc2
15049,c4c454d69a39e60a6f5cf2f97148adad,49fce086a31f1cfcf16b54e462f7cbc0,SO71586,22,FE-6654,1,22,31c99d724c1f182c60edb82eb4740277
15049,c4c454d69a39e60a6f5cf2f97148adad,49fce086a31f1cfcf16b54e462f7cbc0,SO71586,150,LJ-0192-M,3,150,31c99d724c1f182c60edb82eb4740277
15050,4cc27df81afd686c0420394e090460cb,39ff8ac1e8a44088f96e17b846ec8baf,SO61277,565,BK-M18S-48,1,565,6477c205c5117a9448ba863e111acf32
15050,4cc27df81afd686c0420394e090460cb,39ff8ac1e8a44088f96e17b846ec8baf,SO61277,27,CA-1098,3,27,6477c205c5117a9448ba863e111acf32
15050,4cc27df81afd686c0420394e090460cb,39ff8ac1e8a44088f96e17b846ec8baf,SO61277,54,SJ-0194-L,1,54,6477c205c5117a9448ba863e111acf32
15050,b9edfdebe9fb3fad4862841e57e559d8,109b131069827970adb3b6d3aea896c2,SO46585,3578,BK-R93R-56,1,3578,b0d346be9fa7508e21d5c500b97e6b7a
15051,abe94c2111c58e9c9672602d41bce66e,0149f124a48640c62d90840ac5760331,SO64159,742,BK-T18Y-50,1,742,99b7e934795a93975a5e0c0b9b57d9ba
15051,abe94c2111c58e9c9672602d41bce66e,0149f124a48640c62d90840ac5760331,SO64159,105,HL-U509-R,3,105,99b7e934795a93975a5e0c0b9b57d9ba
15051,ba48ddec21a526f8db67c8e96a4051bc,d7a9e1dfc11849db0f8ae23e1daaf243,SO45397,3578,BK-R93R-52,1,3578,17b5405b2f84fb3c49c98faa3667396c
15051,dcf73f840a50da0145f24e8e0169dc4b,2797a91b25bc2aa85124c99bc574dc83,SO72009,4590,BK-M68B-42,2,4590,d5985f40495ba672dff8a99620b879c8
15052,ad4fbe0c82c7e5968d4cf22c2ad19e28,72e75576254db1afef14ecdc050391c2,SO52707,2,PK-7098,1,2,f5933feadc49c253e4f0e77b236946e9
15052,ad4fbe0c82c7e5968d4cf22c2ad19e28,72e75576254db1afef14ecdc050391c2,SO52707,5,TT-T092,1,5,f5933feadc49c253e4f0e77b236946e9
15052,c4c454d69a39e60a6f5cf2f97148adad,49fce086a31f1cfcf16b54e462f7cbc0,SO71587,2,PK-7098,1,2,31c99d724c1f182c60edb82eb4740277
15052,c4c454d69a39e60a6f5cf2f97148adad,49fce086a31f1cfcf16b54e462f7cbc0,SO71587,35,TI-M823,1,35,31c99d724c1f182c60edb82eb4740277
15053,2296af5563b2061aa1d88124a37eecb7,6866da5d40f1aad2d82129d5ffa25bda,SO66532,25,TI-M267,1,25,05e7920e8caf0303dc01b77666952b75
15053,2296af5563b2061aa1d88124a37eecb7,6866da5d40f1aad2d82129d5ffa25bda,SO66532,5,TT-M928,1,5,05e7920e8caf0303dc01b77666952b75
15053,2296af5563b2061aa1d88124a37eecb7,6866da5d40f1aad2d82129d5ffa25bda,SO66532,64,VE-C304-L,1,64,05e7920e8caf0303dc01b77666952b75
15054,7c3142db91e31857b37800499bf69b43,f87821540a577f1c9a7d3e6ff2e77222,SO46437,3578,BK-R93R-52,1,3578,901d3c97008878679a99b7d12df8ecda
15054,7ee641303ef8d8b10d0ed00a060c73cc,eef21e68ecca703bb338920b950f203c,SO61735,10,BC-M005,1,10,0d15ba5aa4c9ad0377b26e0cf7a86280
15054,7ee641303ef8d8b10d0ed00a060c73cc,eef21e68ecca703bb338920b950f203c,SO61735,540,BK-M18B-40,1,540,0d15ba5aa4c9ad0377b26e0cf7a86280
15054,7ee641303ef8d8b10d0ed00a060c73cc,eef21e68ecca703bb338920b950f203c,SO61735,22,FE-6654,1,22,0d15ba5aa4c9ad0377b26e0cf7a86280
15054,7ee641303ef8d8b10d0ed00a060c73cc,eef21e68ecca703bb338920b950f203c,SO61735,5,WB-H098,1,5,0d15ba5aa4c9ad0377b26e0cf7a86280
15055,95103530881768b5cfc7e33970db9cd7,2ed3972e38245b633ec6b146c2970148,SO62406,565,BK-M18S-42,1,565,305c66634c155cab2b5cc3ce00351eb1
15055,95103530881768b5cfc7e33970db9cd7,2ed3972e38245b633ec6b146c2970148,SO62406,105,HL-U509-B,3,105,305c66634c155cab2b5cc3ce00351eb1
15055,f2a989663bc8d65aa827c90de8522a12,9c1231676f7d0735ca17dcc3b53881c6,SO46394,3578,BK-R93R-56,1,3578,62876ffab17a368f47277b256f840157
15056,12f7b41c44093026f4726315fac19fd6,e2bf301e1756834cb191a4103f0de32a,SO45425,3578,BK-R93R-62,1,3578,cd59b1822cd84a7b984662e762bba828
15056,7299e51cfc0d5174743a6701a8a96488,56d78836c9cf0de136c4d2d37aba2280,SO64769,9,BC-R205,1,9,58f0b42da53adeeccbfa693883fea672
15056,7299e51cfc0d5174743a6701a8a96488,56d78836c9cf0de136c4d2d37aba2280,SO64769,742,BK-T18Y-62,1,742,58f0b42da53adeeccbfa693883fea672
15056,c83e871e48c2716e0f28e60d166a5c98,6a8d7e42bb852c45fbf8610361d391a0,SO72072,10,BC-M005,1,10,c4c454d69a39e60a6f5cf2f97148adad
15056,c83e871e48c2716e0f28e60d166a5c98,6a8d7e42bb852c45fbf8610361d391a0,SO72072,4590,BK-M68B-42,2,4590,c4c454d69a39e60a6f5cf2f97148adad
15056,c83e871e48c2716e0f28e60d166a5c98,6a8d7e42bb852c45fbf8610361d391a0,SO72072,48,GL-H102-M,2,48,c4c454d69a39e60a6f5cf2f97148adad
15056,c83e871e48c2716e0f28e60d166a5c98,6a8d7e42bb852c45fbf8610361d391a0,SO72072,105,HL-U509-B,3,105,c4c454d69a39e60a6f5cf2f97148adad
15056,c83e871e48c2716e0f28e60d166a5c98,6a8d7e42bb852c45fbf8610361d391a0,SO72072,150,LJ-0192-M,3,150,c4c454d69a39e60a6f5cf2f97148adad
15056,c83e871e48c2716e0f28e60d166a5c98,6a8d7e42bb852c45fbf8610361d391a0,SO72072,5,WB-H098,1,5,c4c454d69a39e60a6f5cf2f97148adad
15057,0da2bc000f1fe4ea8746f9aea0bb5879,702a02712215141594ddf8e52b0a651c,SO68314,105,HL-U509-B,3,105,b34050290c25b0f7b52a2b8f767df87d
15057,0da2bc000f1fe4ea8746f9aea0bb5879,702a02712215141594ddf8e52b0a651c,SO68314,5,TT-T092,1,5,b34050290c25b0f7b52a2b8f767df87d
15057,a9cefc49af6424b430612adfc69876ee,d34ba8f5d7fd7d5959a34c283fbec422,SO55846,105,HL-U509,3,105,59c3d64cb01cd5ad7fd25246d81a55ff
15057,a9cefc49af6424b430612adfc69876ee,d34ba8f5d7fd7d5959a34c283fbec422,SO55846,35,TI-M823,1,35,59c3d64cb01cd5ad7fd25246d81a55ff
15057,a9cefc49af6424b430612adfc69876ee,d34ba8f5d7fd7d5959a34c283fbec422,SO55846,5,TT-M928,1,5,59c3d64cb01cd5ad7fd25246d81a55ff
15058,4eec6eda382b9c44e240ad4b4b5e9cc0,f75e5f8c15ca91ec5c869dc3881f574f,SO64714,742,BK-T18U-54,1,742,94b225b5b1f09ecd5e8ecdfb681ff04c
15058,4eec6eda382b9c44e240ad4b4b5e9cc0,f75e5f8c15ca91ec5c869dc3881f574f,SO64714,27,CA-1098,3,27,94b225b5b1f09ecd5e8ecdfb681ff04c
15058,8920fd63645007b243abb750709b1172,58c4ce5b9433e7b6d41793d5a76d5590,SO72282,10,BC-M005,1,10,0d3057f268050d468f468434f8ec809a
15058,8920fd63645007b243abb750709b1172,58c4ce5b9433e7b6d41793d5a76d5590,SO72282,4590,BK-M68B-46,2,4590,0d3057f268050d468f468434f8ec809a
15058,8920fd63645007b243abb750709b1172,58c4ce5b9433e7b6d41793d5a76d5590,SO72282,5,WB-H098,1,5,0d3057f268050d468f468434f8ec809a
15058,8e161c35e5af5e9caaca6b537330fb0e,95f5058cb388519abd9105f555ae7591,SO45401,3578,BK-R93R-62,1,3578,3eb2a52c6c6787843bc1ac7f25a034a0
15059,03bf7d2a8718ee9aca4bd2f37e962fc4,290499d9b8e65db426ba9b842714eb6d,SO63600,9,BC-R205,1,9,7130adfd843cdcb6d0bcd9d13792693a
15059,03bf7d2a8718ee9aca4bd2f37e962fc4,290499d9b8e65db426ba9b842714eb6d,SO63600,742,BK-T18Y-58,1,742,7130adfd843cdcb6d0bcd9d13792693a
15059,03bf7d2a8718ee9aca4bd2f37e962fc4,290499d9b8e65db426ba9b842714eb6d,SO63600,105,HL-U509-B,3,105,7130adfd843cdcb6d0bcd9d13792693a
15059,03bf7d2a8718ee9aca4bd2f37e962fc4,290499d9b8e65db426ba9b842714eb6d,SO63600,150,LJ-0192-X,3,150,7130adfd843cdcb6d0bcd9d13792693a
15059,03bf7d2a8718ee9aca4bd2f37e962fc4,290499d9b8e65db426ba9b842714eb6d,SO63600,5,WB-H098,1,5,7130adfd843cdcb6d0bcd9d13792693a
15059,501407dcfde5b685045ca3072168d5bb,41ef6b06b63ba4f6a5234245a439b157,SO73511,10,BC-M005,1,10,5432d51ee94799c0125bb158c8a8bd22
15059,501407dcfde5b685045ca3072168d5bb,41ef6b06b63ba4f6a5234245a439b157,SO73511,4640,BK-M68S-42,2,4640,5432d51ee94799c0125bb158c8a8bd22
15059,501407dcfde5b685045ca3072168d5bb,41ef6b06b63ba4f6a5234245a439b157,SO73511,27,CA-1098,3,27,5432d51ee94799c0125bb158c8a8bd22
15059,501407dcfde5b685045ca3072168d5bb,41ef6b06b63ba4f6a5234245a439b157,SO73511,105,HL-U509-B,3,105,5432d51ee94799c0125bb158c8a8bd22
15059,ba48ddec21a526f8db67c8e96a4051bc,d7a9e1dfc11849db0f8ae23e1daaf243,SO45398,3578,BK-R93R-48,1,3578,17b5405b2f84fb3c49c98faa3667396c
15060,d27974ca95fd620ac92cf95bf8c1d1f2,4c6ed4daa82e7326b84c24f4c2ae7064,SO74174,25,TI-M267,1,25,3e107cd1554225ea3056ed5010adce90
15061,81a5d08c6beaeec9e42baae5d63dd780,95103530881768b5cfc7e33970db9cd7,SO63299,565,BK-M18S-44,1,565,b210069485754303767745919c328b97
15061,81a5d08c6beaeec9e42baae5d63dd780,95103530881768b5cfc7e33970db9cd7,SO63299,105,HL-U509-B,3,105,b210069485754303767745919c328b97
15061,fee42f8d62443b64a7e92c5e13c2fffe,20d42f6cfcb5eda27dc59cfb68aa4732,SO48642,4364,BK-R89R-58,2,4364,d842148982d8efbc5cc6f26b41cc7251
15062,3eb2a52c6c6787843bc1ac7f25a034a0,f67ef19fd32e1f419c98c684dc9a20e0,SO45371,3578,BK-R93R-62,1,3578,c53a11f9ff0240a8c60779a9b2b3bc12
15062,501407dcfde5b685045ca3072168d5bb,41ef6b06b63ba4f6a5234245a439b157,SO73509,4640,BK-M68S-38,2,4640,5432d51ee94799c0125bb158c8a8bd22
15062,501407dcfde5b685045ca3072168d5bb,41ef6b06b63ba4f6a5234245a439b157,SO73509,105,HL-U509,3,105,5432d51ee94799c0125bb158c8a8bd22
15062,a1fedb8f5f2e08543339a5f167bee6b7,8b9fe4b34e3c54f08bfcac3d9691e260,SO65004,742,BK-T18Y-54,1,742,4eec6eda382b9c44e240ad4b4b5e9cc0
15062,a1fedb8f5f2e08543339a5f167bee6b7,8b9fe4b34e3c54f08bfcac3d9691e260,SO65004,27,CA-1098,3,27,4eec6eda382b9c44e240ad4b4b5e9cc0
15063,56d78836c9cf0de136c4d2d37aba2280,ba19c22033aaecc6c5dad47f63e5858c,SO63955,10,BC-M005,1,10,8c9ec1be720ee75d56d0c250d10610fa
15063,56d78836c9cf0de136c4d2d37aba2280,ba19c22033aaecc6c5dad47f63e5858c,SO63955,540,BK-M18B-52,1,540,8c9ec1be720ee75d56d0c250d10610fa
15063,56d78836c9cf0de136c4d2d37aba2280,ba19c22033aaecc6c5dad47f63e5858c,SO63955,5,WB-H098,1,5,8c9ec1be720ee75d56d0c250d10610fa
15063,700b2fdf8bbe790f020e8c6fb93a2d71,0a2fc1bbcd813bb0c58bfba89e3844f8,SO46528,3578,BK-R93R-44,1,3578,109b131069827970adb3b6d3aea896c2
15064,c5f333101183a33b4b4d94a271add9fd,694d75fcfc5bc50259336e29e881a36c,SO48522,2443,BK-R89R-52,1,2443,a1be4f014e5b3c959503117fd1ee566a
15064,ccf89c691dabb1412404274596922d90,b0241b451647f25db5f52074445d820c,SO65031,540,BK-M18B-40,1,540,7299e51cfc0d5174743a6701a8a96488
15064,ccf89c691dabb1412404274596922d90,b0241b451647f25db5f52074445d820c,SO65031,27,CA-1098,3,27,7299e51cfc0d5174743a6701a8a96488
15065,9444f850ff0c10a862b4a6a9c4ab0a74,3143ce3c6436ed5bd25398756b7b661d,SO53745,22,FE-6654,1,22,76e3c19dbb0dadc4c6dc771d856e4676
15065,9444f850ff0c10a862b4a6a9c4ab0a74,3143ce3c6436ed5bd25398756b7b661d,SO53745,2,PK-7098,1,2,76e3c19dbb0dadc4c6dc771d856e4676
15066,a6d37e298c3042e300813f55a17e0875,99b7e934795a93975a5e0c0b9b57d9ba,SO64639,25,TI-M267,1,25,b0241b451647f25db5f52074445d820c
15067,8d1d4829b2e801ba4e41ba48f5a549d4,a6d37e298c3042e300813f55a17e0875,SO65512,565,BK-M18S-48,1,565,ccf89c691dabb1412404274596922d90
15067,8d1d4829b2e801ba4e41ba48f5a549d4,a6d37e298c3042e300813f55a17e0875,SO65512,22,FE-6654,1,22,ccf89c691dabb1412404274596922d90
15067,8d1d4829b2e801ba4e41ba48f5a549d4,a6d37e298c3042e300813f55a17e0875,SO65512,105,HL-U509-B,3,105,ccf89c691dabb1412404274596922d90
15067,ba588be30dd16be47b9647a72fe81700,c5f333101183a33b4b4d94a271add9fd,SO48657,4364,BK-R89B-44,2,4364,88adb3ec0d383666ee2acd29f43e3429
15068,a976f17830aceaaa93d5daef0bc209a3,d9f7611cf8d29b48a1d3d8fddb8c5b2e,SO57505,10,BC-M005,1,10,0e23f371129aecc6b2033620b226f8d7
15068,a976f17830aceaaa93d5daef0bc209a3,d9f7611cf8d29b48a1d3d8fddb8c5b2e,SO57505,27,CA-1098,3,27,0e23f371129aecc6b2033620b226f8d7
15068,a976f17830aceaaa93d5daef0bc209a3,d9f7611cf8d29b48a1d3d8fddb8c5b2e,SO57505,22,FE-6654,1,22,0e23f371129aecc6b2033620b226f8d7
15068,a976f17830aceaaa93d5daef0bc209a3,d9f7611cf8d29b48a1d3d8fddb8c5b2e,SO57505,105,HL-U509,3,105,0e23f371129aecc6b2033620b226f8d7
15068,a976f17830aceaaa93d5daef0bc209a3,d9f7611cf8d29b48a1d3d8fddb8c5b2e,SO57505,5,WB-H098,1,5,0e23f371129aecc6b2033620b226f8d7
15069,9223b53f03a405f817e91392f0294f6a,3e07f09fb2edbdf0bf6a54c17634514b,SO53808,10,BC-M005,1,10,14e4b13c27fb9bce9938ce35b6597eca
15069,9223b53f03a405f817e91392f0294f6a,3e07f09fb2edbdf0bf6a54c17634514b,SO53808,22,FE-6654,1,22,14e4b13c27fb9bce9938ce35b6597eca
15069,9223b53f03a405f817e91392f0294f6a,3e07f09fb2edbdf0bf6a54c17634514b,SO53808,105,HL-U509-B,3,105,14e4b13c27fb9bce9938ce35b6597eca
15069,9223b53f03a405f817e91392f0294f6a,3e07f09fb2edbdf0bf6a54c17634514b,SO53808,5,WB-H098,1,5,14e4b13c27fb9bce9938ce35b6597eca
15070,53e3822e4ab7309bbe5f440fa5f4e7de,af0f2c97be3051a37eaf670bbd7408f8,SO48424,4364,BK-R89B-52,2,4364,2f58ddcb4c9f30e1ac2a6edb90189d95
15070,cd15e5f80ff20dd345bfaa51400dd0d6,3a2f313512bb520c43971e54ba834dec,SO66653,565,BK-M18S-52,1,565,4efe8b2ca156042f8a3d8dd6aba54520
15070,cd15e5f80ff20dd345bfaa51400dd0d6,3a2f313512bb520c43971e54ba834dec,SO66653,22,FE-6654,1,22,4efe8b2ca156042f8a3d8dd6aba54520
15070,cd15e5f80ff20dd345bfaa51400dd0d6,3a2f313512bb520c43971e54ba834dec,SO66653,2,PK-7098,1,2,4efe8b2ca156042f8a3d8dd6aba54520
15071,20d42f6cfcb5eda27dc59cfb68aa4732,3fce335517b518d0723258ab9aab91d5,SO48505,4364,BK-R89R-58,2,4364,0c0fda0e7ef55245aa19e42bf9928281
15071,cd15e5f80ff20dd345bfaa51400dd0d6,3a2f313512bb520c43971e54ba834dec,SO66654,565,BK-M18S-52,1,565,4efe8b2ca156042f8a3d8dd6aba54520
15072,20d42f6cfcb5eda27dc59cfb68aa4732,3fce335517b518d0723258ab9aab91d5,SO48506,4364,BK-R89B-58,2,4364,0c0fda0e7ef55245aa19e42bf9928281
15072,6dd75c28a9a8a39e02bc0a175f82a9f3,dfcee565bb2da80a7b76451a5cd314a1,SO66894,565,BK-M18S-42,1,565,f88b3743a9ce1f9455b6de69380b486a
15072,6dd75c28a9a8a39e02bc0a175f82a9f3,dfcee565bb2da80a7b76451a5cd314a1,SO66894,27,CA-1098,3,27,f88b3743a9ce1f9455b6de69380b486a
15073,4eec6eda382b9c44e240ad4b4b5e9cc0,f75e5f8c15ca91ec5c869dc3881f574f,SO64687,565,BK-M18S-42,1,565,94b225b5b1f09ecd5e8ecdfb681ff04c
15073,dee9eae0b6c5fbb75435e16238307e35,a7e2e75e7fa681dcfa6bb6bfc7fc5cff,SO46409,3578,BK-R93R-52,1,3578,7a3cb5f97544c8ef7fd51c4b10455880
15074,8592725b85eec4822018b8728dd5b88d,88d8e3ff674b1514a19b24621707f0d9,SO74829,22,FE-6654,1,22,56e52500a7f5ab963646137a401683cd
15074,8592725b85eec4822018b8728dd5b88d,88d8e3ff674b1514a19b24621707f0d9,SO74829,64,VE-C304-M,1,64,56e52500a7f5ab963646137a401683cd
15075,714597fe9448176d17876617114a65bc,d6ec5bff1a0809822c740ce35792fa7a,SO53217,105,HL-U509-B,3,105,3143ce3c6436ed5bd25398756b7b661d
15075,714597fe9448176d17876617114a65bc,d6ec5bff1a0809822c740ce35792fa7a,SO53217,35,TI-M823,1,35,3143ce3c6436ed5bd25398756b7b661d
15075,fd5ba6fdeb81e07b2caf0b103489bd8d,e871b36e68b0b3d0af9c742d81fef27a,SO70977,5,TT-T092,1,5,17520f5649fab40fb66771362888cb90
15076,b0950d12c62d3aeda81b2e8d06f2aef4,e366e24b8ad0b1107528f2f58cd15a81,SO73364,22,FE-6654,1,22,a048b8d5f3f9178f163e2be055f0138b
15076,b0950d12c62d3aeda81b2e8d06f2aef4,e366e24b8ad0b1107528f2f58cd15a81,SO73364,48,GL-H102-L,2,48,a048b8d5f3f9178f163e2be055f0138b
15076,b0950d12c62d3aeda81b2e8d06f2aef4,e366e24b8ad0b1107528f2f58cd15a81,SO73364,150,LJ-0192-M,3,150,a048b8d5f3f9178f163e2be055f0138b
15077,42abc105a78a8da94e36739d809b5613,d1a0ae4091e3b6f5d980e57269582a68,SO45377,3578,BK-R93R-52,1,3578,e2bf301e1756834cb191a4103f0de32a
15077,43e2cc7ff261723f93f64f3f7e9faa8d,a6f2945baeceeef4c8d541a22f6e99e9,SO73419,10,BC-M005,1,10,88077cf01a3e17831c2d0bcca5897c5b
15077,43e2cc7ff261723f93f64f3f7e9faa8d,a6f2945baeceeef4c8d541a22f6e99e9,SO73419,4590,BK-M68B-42,2,4590,88077cf01a3e17831c2d0bcca5897c5b
15077,43e2cc7ff261723f93f64f3f7e9faa8d,a6f2945baeceeef4c8d541a22f6e99e9,SO73419,8,CL-9009,1,8,88077cf01a3e17831c2d0bcca5897c5b
15077,43e2cc7ff261723f93f64f3f7e9faa8d,a6f2945baeceeef4c8d541a22f6e99e9,SO73419,5,WB-H098,1,5,88077cf01a3e17831c2d0bcca5897c5b
15077,8c9ec1be720ee75d56d0c250d10610fa,16918840d98f27ce45948fe73dd5592f,SO63671,742,BK-T18Y-62,1,742,81a5d08c6beaeec9e42baae5d63dd780
15077,8c9ec1be720ee75d56d0c250d10610fa,16918840d98f27ce45948fe73dd5592f,SO63671,105,HL-U509,3,105,81a5d08c6beaeec9e42baae5d63dd780
15078,0120f4004ede1143c3be6caa4227affe,93ddc10d6cf61153011df052aa76671f,SO66410,742,BK-T18U-62,1,742,07b7d2aed13a63a16377587dcc0abbe8
15078,17b5405b2f84fb3c49c98faa3667396c,593d65a6acc20f05e8f0ed19632bf61e,SO45365,3578,BK-R93R-52,1,3578,26bea7aeb1e663560418f8837927a87a
15078,8babade0595c11e14dd89058a850f2cd,a048b8d5f3f9178f163e2be055f0138b,SO73874,4640,BK-M68S-38,2,4640,501407dcfde5b685045ca3072168d5bb
15078,8babade0595c11e14dd89058a850f2cd,a048b8d5f3f9178f163e2be055f0138b,SO73874,105,HL-U509,3,105,501407dcfde5b685045ca3072168d5bb
15079,5881f2ec92a43470fcbe3d3477a2a1fe,fc92d87f5fdfc4fdb58244cc592e3788,SO48675,4364,BK-R89B-58,2,4364,4d547de074f47405ab655adca639c8c2
15079,c507827aa5f4f6bbedf64058461c621b,6d1d8a1c7851eb5a946d45009cea6d9f,SO66445,10,BC-M005,1,10,dfcee565bb2da80a7b76451a5cd314a1
15079,c507827aa5f4f6bbedf64058461c621b,6d1d8a1c7851eb5a946d45009cea6d9f,SO66445,540,BK-M18B-52,1,540,dfcee565bb2da80a7b76451a5cd314a1
15080,4a318fb9cfbe73b094d25673d3ce9e38,23e53557c4c2300cb2511c53082467bb,SO46598,3578,BK-R93R-44,1,3578,0e3f5655bf7de733060720a9c9e92669
15080,6e5c4b769f8f70f9fd01b24ba5be9695,40e7dd73b09eac540e790daf6fac41af,SO54880,9,BC-R205,1,9,106dfbaf552c07a1b08d065f2c343982
15080,6e5c4b769f8f70f9fd01b24ba5be9695,40e7dd73b09eac540e790daf6fac41af,SO54880,2384,BK-T79Y-60,1,2384,106dfbaf552c07a1b08d065f2c343982
15080,6e5c4b769f8f70f9fd01b24ba5be9695,40e7dd73b09eac540e790daf6fac41af,SO54880,27,CA-1098,3,27,106dfbaf552c07a1b08d065f2c343982
15080,6e5c4b769f8f70f9fd01b24ba5be9695,40e7dd73b09eac540e790daf6fac41af,SO54880,5,WB-H098,1,5,106dfbaf552c07a1b08d065f2c343982
15080,922d04aa1f67bbe0270bfad98508f43e,0383d48e76cd8a3dfb9e2a890f2cac18,SO61794,4640,BK-M68S-46,2,4640,76918877cf6ce7011018cd9708723392
15081,501407dcfde5b685045ca3072168d5bb,41ef6b06b63ba4f6a5234245a439b157,SO73508,4640,BK-M68S-38,2,4640,5432d51ee94799c0125bb158c8a8bd22
15081,501407dcfde5b685045ca3072168d5bb,41ef6b06b63ba4f6a5234245a439b157,SO73508,2,PK-7098,1,2,5432d51ee94799c0125bb158c8a8bd22
15081,fa2c117fbfa874ac1c732417d5be02d3,fcd5adae10c8b193e7f485daaca8edaf,SO45352,3578,BK-R93R-52,1,3578,d7a9e1dfc11849db0f8ae23e1daaf243
15082,7254e54716fe52361e62aa16ea2e0797,6eaadc1181f307997dc853d9ed40db36,SO59482,2384,BK-T79Y-46,1,2384,e7df1b3ee078bdcfc260a877f321287d
15082,7254e54716fe52361e62aa16ea2e0797,6eaadc1181f307997dc853d9ed40db36,SO59482,55,HY-1023-70,1,55,e7df1b3ee078bdcfc260a877f321287d
15082,7254e54716fe52361e62aa16ea2e0797,6eaadc1181f307997dc853d9ed40db36,SO59482,29,TI-T723,1,29,e7df1b3ee078bdcfc260a877f321287d
15082,7254e54716fe52361e62aa16ea2e0797,6eaadc1181f307997dc853d9ed40db36,SO59482,5,TT-T092,1,5,e7df1b3ee078bdcfc260a877f321287d
15082,9e8cbc3edbb5efb3f48d6afb260e4725,174acf6ca4e9804d47a59a499422e621,SO59219,4590,BK-M68B-46,2,4590,640540d73b85c3ecd2e3bf5541686e87
15082,9e8cbc3edbb5efb3f48d6afb260e4725,174acf6ca4e9804d47a59a499422e621,SO59219,55,HY-1023-70,1,55,640540d73b85c3ecd2e3bf5541686e87
15082,9e8cbc3edbb5efb3f48d6afb260e4725,174acf6ca4e9804d47a59a499422e621,SO59219,64,VE-C304-M,1,64,640540d73b85c3ecd2e3bf5541686e87
15082,c5f333101183a33b4b4d94a271add9fd,694d75fcfc5bc50259336e29e881a36c,SO48524,4364,BK-R89B-52,2,4364,a1be4f014e5b3c959503117fd1ee566a
15083,0d3057f268050d468f468434f8ec809a,fd5ba6fdeb81e07b2caf0b103489bd8d,SO71960,10,BC-M005,1,10,921bc92a493b53f98f24e6a8a12801be
15083,0d3057f268050d468f468434f8ec809a,fd5ba6fdeb81e07b2caf0b103489bd8d,SO71960,4590,BK-M68B-42,2,4590,921bc92a493b53f98f24e6a8a12801be
15083,0d3057f268050d468f468434f8ec809a,fd5ba6fdeb81e07b2caf0b103489bd8d,SO71960,5,WB-H098,1,5,921bc92a493b53f98f24e6a8a12801be
15083,65e68a57e397cec5452983179d80edc2,13af0cd214494c6df4622847478d94fe,SO45693,3578,BK-R93R-52,1,3578,2e19cf4ec5f6b0d897c8d5b873a164e5
15084,72514ec24cd9e6144a04f1abf93e0b08,c75ebcb138485ff2faa2ca7c6dda6bf5,SO46876,4364,BK-R89B-48,2,4364,100acb16459de9c5ebfc99be9a36afbe
15084,870bd4f3713260418e4f342f31dc7e33,94c60e0b5e2b0f78b919a5d4c67d70a2,SO62887,10,BC-M005,1,10,2fe1a028f9398deb2efcd536c8246fae
15084,870bd4f3713260418e4f342f31dc7e33,94c60e0b5e2b0f78b919a5d4c67d70a2,SO62887,4640,BK-M68S-38,2,4640,2fe1a028f9398deb2efcd536c8246fae
15084,870bd4f3713260418e4f342f31dc7e33,94c60e0b5e2b0f78b919a5d4c67d70a2,SO62887,64,VE-C304-M,1,64,2fe1a028f9398deb2efcd536c8246fae
15084,870bd4f3713260418e4f342f31dc7e33,94c60e0b5e2b0f78b919a5d4c67d70a2,SO62887,5,WB-H098,1,5,2fe1a028f9398deb2efcd536c8246fae
15084,ab2e81a99745ffff6c06e2be93290d1b,76e3c19dbb0dadc4c6dc771d856e4676,SO54147,2384,BK-T79Y-60,1,2384,1685ca8ff12ea83725a1c35e1d89c5cd
15084,ab2e81a99745ffff6c06e2be93290d1b,76e3c19dbb0dadc4c6dc771d856e4676,SO54147,105,HL-U509-R,3,105,1685ca8ff12ea83725a1c35e1d89c5cd
15085,00bfaeb585c87c9f5074d228abb4b8fb,609dcf12bb3687c6856be712159d7032,SO49032,2443,BK-R89R-44,1,2443,3032fcbd695819ad7b6723a9cd53f277
15085,3ebfce6ccd7540a632ae7e6ad8100c29,d630b2db6e8046e30b4728ca862ba4e1,SO59403,2384,BK-T79U-60,1,2384,df595e3c678d4fae23ce174fe747165e
15085,3ebfce6ccd7540a632ae7e6ad8100c29,d630b2db6e8046e30b4728ca862ba4e1,SO59403,105,HL-U509-R,3,105,df595e3c678d4fae23ce174fe747165e
15085,5c741aa8e0753be65314a304e7b39c14,d945ec2aae74dbfb829453026b91c235,SO62034,4590,BK-M68B-46,2,4590,7ee641303ef8d8b10d0ed00a060c73cc
15085,5c741aa8e0753be65314a304e7b39c14,d945ec2aae74dbfb829453026b91c235,SO62034,22,FE-6654,1,22,7ee641303ef8d8b10d0ed00a060c73cc
15085,5c741aa8e0753be65314a304e7b39c14,d945ec2aae74dbfb829453026b91c235,SO62034,150,LJ-0192-S,3,150,7ee641303ef8d8b10d0ed00a060c73cc
15086,3f0c8308e4e2e5c4ddc1b7e19304f613,61e00b038efd34bdf9c747596273cbcf,SO64841,9,BC-R205,1,9,232e830f1ac667c081eaaca23cdf9b5f
15086,3f0c8308e4e2e5c4ddc1b7e19304f613,61e00b038efd34bdf9c747596273cbcf,SO64841,2384,BK-T79U-54,1,2384,232e830f1ac667c081eaaca23cdf9b5f
15086,3f0c8308e4e2e5c4ddc1b7e19304f613,61e00b038efd34bdf9c747596273cbcf,SO64841,27,CA-1098,3,27,232e830f1ac667c081eaaca23cdf9b5f
15086,3f0c8308e4e2e5c4ddc1b7e19304f613,61e00b038efd34bdf9c747596273cbcf,SO64841,5,WB-H098,1,5,232e830f1ac667c081eaaca23cdf9b5f
15086,76918877cf6ce7011018cd9708723392,883b9b4170853b321c03290f64ba199f,SO61491,4590,BK-M68B-38,2,4590,4ddc8821c34bceaf3dba4a18741acca3
15086,76918877cf6ce7011018cd9708723392,883b9b4170853b321c03290f64ba199f,SO61491,105,HL-U509-B,3,105,4ddc8821c34bceaf3dba4a18741acca3
15086,76918877cf6ce7011018cd9708723392,883b9b4170853b321c03290f64ba199f,SO61491,35,TI-M823,1,35,4ddc8821c34bceaf3dba4a18741acca3
15086,76918877cf6ce7011018cd9708723392,883b9b4170853b321c03290f64ba199f,SO61491,5,TT-M928,1,5,4ddc8821c34bceaf3dba4a18741acca3
15086,cfa82f31e4639f537cf9d0fe9050f93b,782652638a2153c2b28e4a4522354d0f,SO48930,4364,BK-R89R-58,2,4364,8b4b8fc84396c30bd5bacc7370e1491c
15087,a8c7d5b3aff3fa32b632b239bd18e26f,350462f2d0124beb0d7adf60dd79a8b8,SO45729,3578,BK-R93R-52,1,3578,e52d77ff6cfc92babed59c52d26cc727
15087,d7f57f35d2bad1349ca24a67a2635eea,5432d51ee94799c0125bb158c8a8bd22,SO74038,4590,BK-M68B-42,2,4590,1ba7e8cdf85da6cf5e11554703236b52
15087,d7f57f35d2bad1349ca24a67a2635eea,5432d51ee94799c0125bb158c8a8bd22,SO74038,27,CA-1098,3,27,1ba7e8cdf85da6cf5e11554703236b52
15087,d7f57f35d2bad1349ca24a67a2635eea,5432d51ee94799c0125bb158c8a8bd22,SO74038,105,HL-U509-R,3,105,1ba7e8cdf85da6cf5e11554703236b52
15088,b75498e8e390851f18bb4c3cc467c09b,78339826b5905c235d846a82cce76116,SO45713,3578,BK-R93R-56,1,3578,3ace441341c719dd401296ee5a591431
15088,d7f57f35d2bad1349ca24a67a2635eea,5432d51ee94799c0125bb158c8a8bd22,SO74039,10,BC-M005,1,10,1ba7e8cdf85da6cf5e11554703236b52
15088,d7f57f35d2bad1349ca24a67a2635eea,5432d51ee94799c0125bb158c8a8bd22,SO74039,4590,BK-M68B-38,2,4590,1ba7e8cdf85da6cf5e11554703236b52
15088,d7f57f35d2bad1349ca24a67a2635eea,5432d51ee94799c0125bb158c8a8bd22,SO74039,8,CL-9009,1,8,1ba7e8cdf85da6cf5e11554703236b52
15088,d7f57f35d2bad1349ca24a67a2635eea,5432d51ee94799c0125bb158c8a8bd22,SO74039,5,WB-H098,1,5,1ba7e8cdf85da6cf5e11554703236b52
15089,90b02462c4aa07aa9f640001bc1770d2,9bf4969b0d30a237d93ba8c97a302ad0,SO45745,3578,BK-R93R-48,1,3578,b75498e8e390851f18bb4c3cc467c09b
15089,aa14ddbc43aa2d3be1e6ac019bb7b5bc,dcf73f840a50da0145f24e8e0169dc4b,SO72869,4590,BK-M68B-42,2,4590,a6f2945baeceeef4c8d541a22f6e99e9
15089,aa14ddbc43aa2d3be1e6ac019bb7b5bc,dcf73f840a50da0145f24e8e0169dc4b,SO72869,22,FE-6654,1,22,a6f2945baeceeef4c8d541a22f6e99e9
15090,290499d9b8e65db426ba9b842714eb6d,606ed413481267c98754e3351f662859,SO62654,159,ST-1401,1,159,d1024973c3d10f08cb9fa1736e6ed8b7
15090,290499d9b8e65db426ba9b842714eb6d,606ed413481267c98754e3351f662859,SO62654,5,TT-M928,1,5,d1024973c3d10f08cb9fa1736e6ed8b7
15091,de22d232bbe84481579f6252f1e7091d,cae5717327bee7d74e261c550aa5081f,SO57558,105,HL-U509-R,3,105,ab4946738415af86b5e3cee69b13301f
15091,de22d232bbe84481579f6252f1e7091d,cae5717327bee7d74e261c550aa5081f,SO57558,5,TT-M928,1,5,ab4946738415af86b5e3cee69b13301f
15092,fda052162862bb845297063fd71a580c,1678083e7ff90bd404baad3f60bffa37,SO56406,33,TI-R982,1,33,a2c49941411089cb2a9cbf78cb803c26
15092,fda052162862bb845297063fd71a580c,1678083e7ff90bd404baad3f60bffa37,SO56406,4,TT-R982,1,4,a2c49941411089cb2a9cbf78cb803c26
15093,1556bafff387fc8f2f6fef64c1daa6bc,8728a5e296f39e49d2fa74c31820e99f,SO70464,9,BC-R205,1,9,e871b36e68b0b3d0af9c742d81fef27a
15093,1556bafff387fc8f2f6fef64c1daa6bc,8728a5e296f39e49d2fa74c31820e99f,SO70464,4886,BK-R89B-44,2,4886,e871b36e68b0b3d0af9c742d81fef27a
15093,1556bafff387fc8f2f6fef64c1daa6bc,8728a5e296f39e49d2fa74c31820e99f,SO70464,105,HL-U509-B,3,105,e871b36e68b0b3d0af9c742d81fef27a
15093,1556bafff387fc8f2f6fef64c1daa6bc,8728a5e296f39e49d2fa74c31820e99f,SO70464,5,WB-H098,1,5,e871b36e68b0b3d0af9c742d81fef27a
15093,6477c205c5117a9448ba863e111acf32,c926349b55a58d87d7d5008c349fd1e9,SO60837,4590,BK-M68B-46,2,4590,013f173c58073e845f675d26fdde1918
15093,6477c205c5117a9448ba863e111acf32,c926349b55a58d87d7d5008c349fd1e9,SO60837,105,HL-U509,3,105,013f173c58073e845f675d26fdde1918
15093,7328906f8bab0a3b391053e4df6588d3,a426a338561351b3011d85cfc86bf781,SO48952,2443,BK-R89R-44,1,2443,59802186a17f07a81aa34b5b19aea33d
15094,d6fb379288416774d139632beb88e26b,3ebfce6ccd7540a632ae7e6ad8100c29,SO60194,10,BC-M005,1,10,412998e77ee121227580e3d363f75fa2
15094,d6fb379288416774d139632beb88e26b,3ebfce6ccd7540a632ae7e6ad8100c29,SO60194,4590,BK-M68B-46,2,4590,412998e77ee121227580e3d363f75fa2
15094,d6fb379288416774d139632beb88e26b,3ebfce6ccd7540a632ae7e6ad8100c29,SO60194,54,SJ-0194-S,1,54,412998e77ee121227580e3d363f75fa2
15094,d6fb379288416774d139632beb88e26b,3ebfce6ccd7540a632ae7e6ad8100c29,SO60194,5,WB-H098,1,5,412998e77ee121227580e3d363f75fa2
15094,f990b5152ee42d12906765f468f9e605,dc4e871b1fb11890821e8f8192f25df1,SO48796,4364,BK-R89B-48,2,4364,12b1840e7453d3f4221dc0d69006ef40
15094,fd5ba6fdeb81e07b2caf0b103489bd8d,e871b36e68b0b3d0af9c742d81fef27a,SO70953,4886,BK-R89B-48,2,4886,17520f5649fab40fb66771362888cb90
15094,fd5ba6fdeb81e07b2caf0b103489bd8d,e871b36e68b0b3d0af9c742d81fef27a,SO70953,120,RA-H123,1,120,17520f5649fab40fb66771362888cb90
15095,4a800301260b2639fa1ec3efafb5f86c,23f22724b430320654759f8512440ebc,SO59151,4640,BK-M68S-38,2,4640,a189cc17a15cdb4e39e80dfcd8374c76
15095,86e0fc464cbb08ae74bd039224afec9a,38c9e5d1e366b4c5c36aae682bc960c4,SO72646,9,BC-R205,1,9,8920fd63645007b243abb750709b1172
15095,86e0fc464cbb08ae74bd039224afec9a,38c9e5d1e366b4c5c36aae682bc960c4,SO72646,4886,BK-R89B-58,2,4886,8920fd63645007b243abb750709b1172
15095,86e0fc464cbb08ae74bd039224afec9a,38c9e5d1e366b4c5c36aae682bc960c4,SO72646,105,HL-U509,3,105,8920fd63645007b243abb750709b1172
15095,86e0fc464cbb08ae74bd039224afec9a,38c9e5d1e366b4c5c36aae682bc960c4,SO72646,5,WB-H098,1,5,8920fd63645007b243abb750709b1172
15095,cfa82f31e4639f537cf9d0fe9050f93b,782652638a2153c2b28e4a4522354d0f,SO48922,2443,BK-R89R-44,1,2443,8b4b8fc84396c30bd5bacc7370e1491c
15096,f88b3743a9ce1f9455b6de69380b486a,64cadfde6f66bc25043d0d69f5ae5471,SO66604,70,SH-W890-S,1,70,3dc63b2d6dcc8f0b6720b06b5439a0b1
15097,65e68a57e397cec5452983179d80edc2,13af0cd214494c6df4622847478d94fe,SO45694,3578,BK-R93R-48,1,3578,2e19cf4ec5f6b0d897c8d5b873a164e5
15097,7a8e187aeb003f6e34c02a4d5b9b153e,2fe1a028f9398deb2efcd536c8246fae,SO63534,9,BC-R205,1,9,ba19c22033aaecc6c5dad47f63e5858c
15097,7a8e187aeb003f6e34c02a4d5b9b153e,2fe1a028f9398deb2efcd536c8246fae,SO63534,2384,BK-T79Y-50,1,2384,ba19c22033aaecc6c5dad47f63e5858c
15097,7a8e187aeb003f6e34c02a4d5b9b153e,2fe1a028f9398deb2efcd536c8246fae,SO63534,64,VE-C304-M,1,64,ba19c22033aaecc6c5dad47f63e5858c
15097,7a8e187aeb003f6e34c02a4d5b9b153e,2fe1a028f9398deb2efcd536c8246fae,SO63534,5,WB-H098,1,5,ba19c22033aaecc6c5dad47f63e5858c
15097,d53f9d33cac0a297449a74a10d031570,e0bcd0ff3072dfe15609d6be1529b0b8,SO61550,4590,BK-M68B-42,2,4590,4cc27df81afd686c0420394e090460cb
15097,d53f9d33cac0a297449a74a10d031570,e0bcd0ff3072dfe15609d6be1529b0b8,SO61550,2,PK-7098,1,2,4cc27df81afd686c0420394e090460cb
15097,d53f9d33cac0a297449a74a10d031570,e0bcd0ff3072dfe15609d6be1529b0b8,SO61550,35,TI-M823,1,35,4cc27df81afd686c0420394e090460cb
15097,d53f9d33cac0a297449a74a10d031570,e0bcd0ff3072dfe15609d6be1529b0b8,SO61550,5,TT-M928,1,5,4cc27df81afd686c0420394e090460cb
15098,f46ace11e93788e473124f7be16a19d5,5c741aa8e0753be65314a304e7b39c14,SO62789,2,PK-7098,1,2,4555f65c4664801d78b9f5477f89d8fd
15098,f46ace11e93788e473124f7be16a19d5,5c741aa8e0753be65314a304e7b39c14,SO62789,33,TI-R982,1,33,4555f65c4664801d78b9f5477f89d8fd
15098,f46ace11e93788e473124f7be16a19d5,5c741aa8e0753be65314a304e7b39c14,SO62789,4,TT-R982,1,4,4555f65c4664801d78b9f5477f89d8fd
15099,c926349b55a58d87d7d5008c349fd1e9,9e8cbc3edbb5efb3f48d6afb260e4725,SO60078,54,SJ-0194-M,1,54,ccb91034934bb047c5f6a32eb289b95b
15099,c926349b55a58d87d7d5008c349fd1e9,9e8cbc3edbb5efb3f48d6afb260e4725,SO60078,33,TI-R982,1,33,ccb91034934bb047c5f6a32eb289b95b
15099,c926349b55a58d87d7d5008c349fd1e9,9e8cbc3edbb5efb3f48d6afb260e4725,SO60078,4,TT-R982,1,4,ccb91034934bb047c5f6a32eb289b95b
15100,1f50dad3f1493a5cf408c4eb3987479e,226d694fb4b7f71d62444f9528be8704,SO54714,2384,BK-T79Y-50,1,2384,9c56075241a26f6fa77eb86b15411c6e
15100,1f50dad3f1493a5cf408c4eb3987479e,226d694fb4b7f71d62444f9528be8704,SO54714,105,HL-U509-R,3,105,9c56075241a26f6fa77eb86b15411c6e
15100,2ed3972e38245b633ec6b146c2970148,6477c205c5117a9448ba863e111acf32,SO61668,10,BC-M005,1,10,2becb9647677a1a316b388bbad689580
15100,2ed3972e38245b633ec6b146c2970148,6477c205c5117a9448ba863e111acf32,SO61668,4640,BK-M68S-46,2,4640,2becb9647677a1a316b388bbad689580
15100,2ed3972e38245b633ec6b146c2970148,6477c205c5117a9448ba863e111acf32,SO61668,22,FE-6654,1,22,2becb9647677a1a316b388bbad689580
15100,3509cccaf2642efa12aab8da9ba03c1f,0e3f5655bf7de733060720a9c9e92669,SO46730,4364,BK-R89B-58,2,4364,541309d30f5cea4d94f655886354e3fd
15101,3509cccaf2642efa12aab8da9ba03c1f,0e3f5655bf7de733060720a9c9e92669,SO46731,4364,BK-R89R-58,2,4364,541309d30f5cea4d94f655886354e3fd
15101,3f20f21c57e09a6c071e44d1fe74b58a,9b98d27287b27eeee9ebc06e1d5a9a8d,SO53919,2384,BK-T79Y-50,1,2384,51c449e55b4a63a16fb45beb689150d5
15101,3f20f21c57e09a6c071e44d1fe74b58a,9b98d27287b27eeee9ebc06e1d5a9a8d,SO53919,105,HL-U509-R,3,105,51c449e55b4a63a16fb45beb689150d5
15101,95103530881768b5cfc7e33970db9cd7,2ed3972e38245b633ec6b146c2970148,SO62409,4590,BK-M68B-42,2,4590,305c66634c155cab2b5cc3ce00351eb1
15101,95103530881768b5cfc7e33970db9cd7,2ed3972e38245b633ec6b146c2970148,SO62409,8,CL-9009,1,8,305c66634c155cab2b5cc3ce00351eb1
15101,95103530881768b5cfc7e33970db9cd7,2ed3972e38245b633ec6b146c2970148,SO62409,35,TI-M823,1,35,305c66634c155cab2b5cc3ce00351eb1
15101,95103530881768b5cfc7e33970db9cd7,2ed3972e38245b633ec6b146c2970148,SO62409,5,TT-M928,1,5,305c66634c155cab2b5cc3ce00351eb1
15102,c135545cc3f3a739132ffdbc8096f3d4,36ab6f1df21f3c9a169c8942e981959a,SO68431,48,GL-H102-M,2,48,511572e8a25e86c2f48ae9e6d73a1e6a
15102,c135545cc3f3a739132ffdbc8096f3d4,36ab6f1df21f3c9a169c8942e981959a,SO68431,33,TI-R982,1,33,511572e8a25e86c2f48ae9e6d73a1e6a
15102,c135545cc3f3a739132ffdbc8096f3d4,36ab6f1df21f3c9a169c8942e981959a,SO68431,4,TT-R982,1,4,511572e8a25e86c2f48ae9e6d73a1e6a
15102,d5985f40495ba672dff8a99620b879c8,a9adf65abbb865184bf924d14a93d0c4,SO71533,2,PK-7098,1,2,8f472ffe3ff3109f420ae91355ff8f3f
15102,d5985f40495ba672dff8a99620b879c8,a9adf65abbb865184bf924d14a93d0c4,SO71533,29,TI-T723,1,29,8f472ffe3ff3109f420ae91355ff8f3f
15102,d5985f40495ba672dff8a99620b879c8,a9adf65abbb865184bf924d14a93d0c4,SO71533,5,TT-T092,1,5,8f472ffe3ff3109f420ae91355ff8f3f
15103,8920fd63645007b243abb750709b1172,58c4ce5b9433e7b6d41793d5a76d5590,SO72311,2,PK-7098,1,2,0d3057f268050d468f468434f8ec809a
15103,8920fd63645007b243abb750709b1172,58c4ce5b9433e7b6d41793d5a76d5590,SO72311,29,TI-T723,1,29,0d3057f268050d468f468434f8ec809a
15103,8920fd63645007b243abb750709b1172,58c4ce5b9433e7b6d41793d5a76d5590,SO72311,5,TT-T092,1,5,0d3057f268050d468f468434f8ec809a
15103,9223b53f03a405f817e91392f0294f6a,3e07f09fb2edbdf0bf6a54c17634514b,SO53810,105,HL-U509-R,3,105,14e4b13c27fb9bce9938ce35b6597eca
15103,9223b53f03a405f817e91392f0294f6a,3e07f09fb2edbdf0bf6a54c17634514b,SO53810,33,TI-R982,1,33,14e4b13c27fb9bce9938ce35b6597eca
15103,9223b53f03a405f817e91392f0294f6a,3e07f09fb2edbdf0bf6a54c17634514b,SO53810,4,TT-R982,1,4,14e4b13c27fb9bce9938ce35b6597eca
15104,4555f65c4664801d78b9f5477f89d8fd,7ee641303ef8d8b10d0ed00a060c73cc,SO62497,70,SH-W890-L,1,70,94c60e0b5e2b0f78b919a5d4c67d70a2
15105,9444f850ff0c10a862b4a6a9c4ab0a74,3143ce3c6436ed5bd25398756b7b661d,SO53744,150,LJ-0192-M,3,150,76e3c19dbb0dadc4c6dc771d856e4676
15105,9444f850ff0c10a862b4a6a9c4ab0a74,3143ce3c6436ed5bd25398756b7b661d,SO53744,70,SH-W890-S,1,70,76e3c19dbb0dadc4c6dc771d856e4676
15106,8b9fe4b34e3c54f08bfcac3d9691e260,a946e75bc65318721cd1e01162d392dd,SO64219,2384,BK-T79Y-54,1,2384,f75e5f8c15ca91ec5c869dc3881f574f
15106,8b9fe4b34e3c54f08bfcac3d9691e260,a946e75bc65318721cd1e01162d392dd,SO64219,105,HL-U509-R,3,105,f75e5f8c15ca91ec5c869dc3881f574f
15106,8b9fe4b34e3c54f08bfcac3d9691e260,a946e75bc65318721cd1e01162d392dd,SO64219,54,SJ-0194-M,1,54,f75e5f8c15ca91ec5c869dc3881f574f
15106,95103530881768b5cfc7e33970db9cd7,2ed3972e38245b633ec6b146c2970148,SO62410,10,BC-M005,1,10,305c66634c155cab2b5cc3ce00351eb1
15106,95103530881768b5cfc7e33970db9cd7,2ed3972e38245b633ec6b146c2970148,SO62410,4640,BK-M68S-42,2,4640,305c66634c155cab2b5cc3ce00351eb1
15106,95103530881768b5cfc7e33970db9cd7,2ed3972e38245b633ec6b146c2970148,SO62410,105,HL-U509,3,105,305c66634c155cab2b5cc3ce00351eb1
15106,95103530881768b5cfc7e33970db9cd7,2ed3972e38245b633ec6b146c2970148,SO62410,5,WB-H098,1,5,305c66634c155cab2b5cc3ce00351eb1
15106,e7445efc9c2e5f55aee8a2c2b02c9b7a,3ace441341c719dd401296ee5a591431,SO45758,3578,BK-R93R-48,1,3578,74cd52749cc4b84fea8b036cee2e0b9a
15107,d34ba8f5d7fd7d5959a34c283fbec422,9c56075241a26f6fa77eb86b15411c6e,SO55061,70,SH-W890-M,1,70,ac15b60491fe99190c0248790e690757
15108,7e15f50bd26e439e6a22f5205a8064db,a1d0c0a14c6c8f8a8ef8220209c23a64,SO67874,105,HL-U509,3,105,702a02712215141594ddf8e52b0a651c
15108,7e15f50bd26e439e6a22f5205a8064db,a1d0c0a14c6c8f8a8ef8220209c23a64,SO67874,150,LJ-0192-M,3,150,702a02712215141594ddf8e52b0a651c
15108,7e15f50bd26e439e6a22f5205a8064db,a1d0c0a14c6c8f8a8ef8220209c23a64,SO67874,33,TI-R982,1,33,702a02712215141594ddf8e52b0a651c
15108,7e15f50bd26e439e6a22f5205a8064db,a1d0c0a14c6c8f8a8ef8220209c23a64,SO67874,4,TT-R982,1,4,702a02712215141594ddf8e52b0a651c
15108,ccb91034934bb047c5f6a32eb289b95b,640540d73b85c3ecd2e3bf5541686e87,SO59742,55,HY-1023-70,1,55,3ebfce6ccd7540a632ae7e6ad8100c29
15108,ccb91034934bb047c5f6a32eb289b95b,640540d73b85c3ecd2e3bf5541686e87,SO59742,29,TI-T723,1,29,3ebfce6ccd7540a632ae7e6ad8100c29
15108,ccb91034934bb047c5f6a32eb289b95b,640540d73b85c3ecd2e3bf5541686e87,SO59742,5,TT-T092,1,5,3ebfce6ccd7540a632ae7e6ad8100c29
15109,c926349b55a58d87d7d5008c349fd1e9,9e8cbc3edbb5efb3f48d6afb260e4725,SO60074,150,LJ-0192-X,3,150,ccb91034934bb047c5f6a32eb289b95b
15109,c926349b55a58d87d7d5008c349fd1e9,9e8cbc3edbb5efb3f48d6afb260e4725,SO60074,70,SH-W890-L,1,70,ccb91034934bb047c5f6a32eb289b95b
15110,d7f57f35d2bad1349ca24a67a2635eea,5432d51ee94799c0125bb158c8a8bd22,SO74053,70,SH-W890-S,1,70,1ba7e8cdf85da6cf5e11554703236b52
15111,9a027fc72b503940a96d5137762a263e,0e000451f430d2e5b745a08b4ee7836c,SO74743,70,SH-W890-L,1,70,54d3ba66c5e71d3112695b882ca2030e
15111,9a027fc72b503940a96d5137762a263e,0e000451f430d2e5b745a08b4ee7836c,SO74743,9,SO-R809-M,1,9,54d3ba66c5e71d3112695b882ca2030e
15112,d6ec5bff1a0809822c740ce35792fa7a,db2b287636ac5ebda430de4f3f643b24,SO52596,48,GL-H102-S,2,48,6be9692276a308e4b872323af1ad8fe2
15112,d6ec5bff1a0809822c740ce35792fa7a,db2b287636ac5ebda430de4f3f643b24,SO52596,70,SH-W890-M,1,70,6be9692276a308e4b872323af1ad8fe2
15113,8592725b85eec4822018b8728dd5b88d,88d8e3ff674b1514a19b24621707f0d9,SO74830,150,LJ-0192-M,3,150,56e52500a7f5ab963646137a401683cd
15113,8592725b85eec4822018b8728dd5b88d,88d8e3ff674b1514a19b24621707f0d9,SO74830,70,SH-W890-L,1,70,56e52500a7f5ab963646137a401683cd
15114,237af51ebd50812b99ed354c75c3e11d,59e3b2198b06015c3db5bbabfa658d5a,SO46701,4364,BK-R89B-48,2,4364,4593d632f4e33a6fedc30d17cbdc0c29
15114,2fe1a028f9398deb2efcd536c8246fae,9913e55755fcc4267a06c1e6adbbc7fb,SO62589,4590,BK-M68B-42,2,4590,8dd08d219271ec96c543f486de430703
15114,2fe1a028f9398deb2efcd536c8246fae,9913e55755fcc4267a06c1e6adbbc7fb,SO62589,22,FE-6654,1,22,8dd08d219271ec96c543f486de430703
15114,4310d0d92131e34ff2716d85e1953174,90c6314650a0d54fdcabe5cd5406f9af,SO54656,2384,BK-T79Y-60,1,2384,d3c54b4368c62c2ff11535bf2b677170
15114,4310d0d92131e34ff2716d85e1953174,90c6314650a0d54fdcabe5cd5406f9af,SO54656,2,PK-7098,1,2,d3c54b4368c62c2ff11535bf2b677170
15114,4310d0d92131e34ff2716d85e1953174,90c6314650a0d54fdcabe5cd5406f9af,SO54656,29,TI-T723,1,29,d3c54b4368c62c2ff11535bf2b677170
15114,4310d0d92131e34ff2716d85e1953174,90c6314650a0d54fdcabe5cd5406f9af,SO54656,5,TT-T092,1,5,d3c54b4368c62c2ff11535bf2b677170
15115,9913e55755fcc4267a06c1e6adbbc7fb,4a70a3ec50fd16032883bf6fc79c55dd,SO61884,48,GL-H102-L,2,48,d53f9d33cac0a297449a74a10d031570
15115,9913e55755fcc4267a06c1e6adbbc7fb,4a70a3ec50fd16032883bf6fc79c55dd,SO61884,70,SH-W890-M,1,70,d53f9d33cac0a297449a74a10d031570
15116,226d694fb4b7f71d62444f9528be8704,714597fe9448176d17876617114a65bc,SO54037,2384,BK-T79U-54,1,2384,9444f850ff0c10a862b4a6a9c4ab0a74
15116,226d694fb4b7f71d62444f9528be8704,714597fe9448176d17876617114a65bc,SO54037,27,CA-1098,3,27,9444f850ff0c10a862b4a6a9c4ab0a74
15116,226d694fb4b7f71d62444f9528be8704,714597fe9448176d17876617114a65bc,SO54037,105,HL-U509,3,105,9444f850ff0c10a862b4a6a9c4ab0a74
15116,237af51ebd50812b99ed354c75c3e11d,59e3b2198b06015c3db5bbabfa658d5a,SO46702,2443,BK-R89R-48,1,2443,4593d632f4e33a6fedc30d17cbdc0c29
15116,922d04aa1f67bbe0270bfad98508f43e,0383d48e76cd8a3dfb9e2a890f2cac18,SO61796,4590,BK-M68B-38,2,4590,76918877cf6ce7011018cd9708723392
15116,922d04aa1f67bbe0270bfad98508f43e,0383d48e76cd8a3dfb9e2a890f2cac18,SO61796,22,FE-6654,1,22,76918877cf6ce7011018cd9708723392
15116,922d04aa1f67bbe0270bfad98508f43e,0383d48e76cd8a3dfb9e2a890f2cac18,SO61796,48,GL-H102-S,2,48,76918877cf6ce7011018cd9708723392
15117,a2c49941411089cb2a9cbf78cb803c26,73a69a5c77a7d23172e54d7ce07a638e,SO56186,9,BC-R205,1,9,39fe373cdcb4534addde73890415b660
15117,a2c49941411089cb2a9cbf78cb803c26,73a69a5c77a7d23172e54d7ce07a638e,SO56186,2384,BK-T79Y-60,1,2384,39fe373cdcb4534addde73890415b660
15117,a2c49941411089cb2a9cbf78cb803c26,73a69a5c77a7d23172e54d7ce07a638e,SO56186,5,WB-H098,1,5,39fe373cdcb4534addde73890415b660
15117,a74d75778ebcaa9a01805f980ea906db,288d3167bf0dc7676963fa7998052f54,SO46855,4364,BK-R89B-58,2,4364,afdb67129022ab285264def615fa587a
15117,ba19c22033aaecc6c5dad47f63e5858c,8dd08d219271ec96c543f486de430703,SO63017,10,BC-M005,1,10,16918840d98f27ce45948fe73dd5592f
15117,ba19c22033aaecc6c5dad47f63e5858c,8dd08d219271ec96c543f486de430703,SO63017,4590,BK-M68B-46,2,4590,16918840d98f27ce45948fe73dd5592f
15117,ba19c22033aaecc6c5dad47f63e5858c,8dd08d219271ec96c543f486de430703,SO63017,105,HL-U509,3,105,16918840d98f27ce45948fe73dd5592f
15117,ba19c22033aaecc6c5dad47f63e5858c,8dd08d219271ec96c543f486de430703,SO63017,150,LJ-0192-L,3,150,16918840d98f27ce45948fe73dd5592f
15117,ba19c22033aaecc6c5dad47f63e5858c,8dd08d219271ec96c543f486de430703,SO63017,5,WB-H098,1,5,16918840d98f27ce45948fe73dd5592f
15118,76918877cf6ce7011018cd9708723392,883b9b4170853b321c03290f64ba199f,SO61492,4590,BK-M68B-38,2,4590,4ddc8821c34bceaf3dba4a18741acca3
15118,a6d37e298c3042e300813f55a17e0875,99b7e934795a93975a5e0c0b9b57d9ba,SO64657,2384,BK-T79U-46,1,2384,b0241b451647f25db5f52074445d820c
15118,a6d37e298c3042e300813f55a17e0875,99b7e934795a93975a5e0c0b9b57d9ba,SO64657,27,CA-1098,3,27,b0241b451647f25db5f52074445d820c
15118,a6d37e298c3042e300813f55a17e0875,99b7e934795a93975a5e0c0b9b57d9ba,SO64657,105,HL-U509-R,3,105,b0241b451647f25db5f52074445d820c
15118,f036f125fefcf3b1a561961fcdc80496,d3f5e9e78b4eff50303cc34a8bd9fa20,SO45593,3578,BK-R93R-62,1,3578,46ceb00d77d3de79a22e210dbcfc6a93
15119,478ecc8cdaa127c33884d9f6c72c2cd5,3fbd0407b55d3a3da21388a2ddbf881c,SO58616,2,PK-7098,1,2,174acf6ca4e9804d47a59a499422e621
15119,478ecc8cdaa127c33884d9f6c72c2cd5,3fbd0407b55d3a3da21388a2ddbf881c,SO58616,29,TI-T723,1,29,174acf6ca4e9804d47a59a499422e621
15119,478ecc8cdaa127c33884d9f6c72c2cd5,3fbd0407b55d3a3da21388a2ddbf881c,SO58616,5,TT-T092,1,5,174acf6ca4e9804d47a59a499422e621
15119,aa14ddbc43aa2d3be1e6ac019bb7b5bc,dcf73f840a50da0145f24e8e0169dc4b,SO72889,33,TI-R982,1,33,a6f2945baeceeef4c8d541a22f6e99e9
15120,05e7920e8caf0303dc01b77666952b75,eea5b3bd1bd5d5c62a1d22f78d3ba263,SO66251,4640,BK-M68S-38,2,4640,3a2f313512bb520c43971e54ba834dec
15120,05e7920e8caf0303dc01b77666952b75,eea5b3bd1bd5d5c62a1d22f78d3ba263,SO66251,2,PK-7098,1,2,3a2f313512bb520c43971e54ba834dec
15120,05e7920e8caf0303dc01b77666952b75,eea5b3bd1bd5d5c62a1d22f78d3ba263,SO66251,35,TI-M823,1,35,3a2f313512bb520c43971e54ba834dec
15120,70dbbfe9e1fafe828bd88bd62f0de8f4,3f9a1152bc048e6eb1f01994b7cf5f9d,SO49988,4098,BK-M68B-46,2,4098,9ee2a0f409662e4664217b7e3b808428
15120,86bfb8ffc7a79e52d833cedce4d275bf,962bae2fb03296a3b9cacabfa929322c,SO70246,742,BK-T18U-50,1,742,ec24e4cf9fcc90f3bbe81b2fb3735c21
15120,86bfb8ffc7a79e52d833cedce4d275bf,962bae2fb03296a3b9cacabfa929322c,SO70246,105,HL-U509,3,105,ec24e4cf9fcc90f3bbe81b2fb3735c21
15120,86bfb8ffc7a79e52d833cedce4d275bf,962bae2fb03296a3b9cacabfa929322c,SO70246,29,TI-T723,1,29,ec24e4cf9fcc90f3bbe81b2fb3735c21
15120,86bfb8ffc7a79e52d833cedce4d275bf,962bae2fb03296a3b9cacabfa929322c,SO70246,5,TT-T092,1,5,ec24e4cf9fcc90f3bbe81b2fb3735c21
15121,64cadfde6f66bc25043d0d69f5ae5471,18f358e551b5b85912bc952ab9894c0d,SO65854,10,BC-M005,1,10,8d1d4829b2e801ba4e41ba48f5a549d4
15121,64cadfde6f66bc25043d0d69f5ae5471,18f358e551b5b85912bc952ab9894c0d,SO65854,4640,BK-M68S-46,2,4640,8d1d4829b2e801ba4e41ba48f5a549d4
15121,64cadfde6f66bc25043d0d69f5ae5471,18f358e551b5b85912bc952ab9894c0d,SO65854,5,WB-H098,1,5,8d1d4829b2e801ba4e41ba48f5a549d4
15121,a048b8d5f3f9178f163e2be055f0138b,c83e871e48c2716e0f28e60d166a5c98,SO73030,742,BK-T18U-54,1,742,41ef6b06b63ba4f6a5234245a439b157
15121,a048b8d5f3f9178f163e2be055f0138b,c83e871e48c2716e0f28e60d166a5c98,SO73030,54,SJ-0194-X,1,54,41ef6b06b63ba4f6a5234245a439b157
15121,b60bd79b871d7c3345674370fa4dda03,ff9b4d639b22897f1c0256881eeb8643,SO50157,4142,BK-M68S-46,2,4142,14cf1002d25f6005ecb94636b7f549b1
15122,88077cf01a3e17831c2d0bcca5897c5b,95a2a9aefc393f8630e934768cacf4cd,SO73096,742,BK-T18Y-44,1,742,86e0fc464cbb08ae74bd039224afec9a
15122,88077cf01a3e17831c2d0bcca5897c5b,95a2a9aefc393f8630e934768cacf4cd,SO73096,54,SJ-0194-M,1,54,86e0fc464cbb08ae74bd039224afec9a
15122,ceda4a900d234638ff03b93b262b14e6,fd23826ef02908bf7404839a32ae44b4,SO50008,4142,BK-M68S-46,2,4142,fab7b0e87ea51ac9c36bc8aa60ee05bb
15122,e2f0a420a4c1a9e8e292761f835e0489,4eec6eda382b9c44e240ad4b4b5e9cc0,SO65610,4590,BK-M68B-42,2,4590,9d934f91c460e9947414d00048f2fa36
15122,e2f0a420a4c1a9e8e292761f835e0489,4eec6eda382b9c44e240ad4b4b5e9cc0,SO65610,27,CA-1098,3,27,9d934f91c460e9947414d00048f2fa36
15122,e2f0a420a4c1a9e8e292761f835e0489,4eec6eda382b9c44e240ad4b4b5e9cc0,SO65610,22,FE-6654,1,22,9d934f91c460e9947414d00048f2fa36
15123,128ee9ff420de424a605a0ee4a6f7916,fee8e08233f3f00450bce31967abb0f1,SO71357,150,LJ-0192-M,3,150,2797a91b25bc2aa85124c99bc574dc83
15123,870bd4f3713260418e4f342f31dc7e33,94c60e0b5e2b0f78b919a5d4c67d70a2,SO62879,2,PK-7098,1,2,2fe1a028f9398deb2efcd536c8246fae
15123,870bd4f3713260418e4f342f31dc7e33,94c60e0b5e2b0f78b919a5d4c67d70a2,SO62879,25,TI-R628,1,25,2fe1a028f9398deb2efcd536c8246fae
15123,870bd4f3713260418e4f342f31dc7e33,94c60e0b5e2b0f78b919a5d4c67d70a2,SO62879,4,TT-R982,1,4,2fe1a028f9398deb2efcd536c8246fae
15124,6eaadc1181f307997dc853d9ed40db36,0814775cfc25da756a9b4197347ab771,SO58477,25,TI-R628,1,25,4dbf892d41ae205f6e36838031cff786
15124,d630b2db6e8046e30b4728ca862ba4e1,02ad1a5ca18e58629b8c1d6a6401d071,SO58422,9,BC-R205,1,9,07b31bae17c7890b17d79a654aa230cf
15124,d630b2db6e8046e30b4728ca862ba4e1,02ad1a5ca18e58629b8c1d6a6401d071,SO58422,48,GL-H102-S,2,48,07b31bae17c7890b17d79a654aa230cf
15124,d630b2db6e8046e30b4728ca862ba4e1,02ad1a5ca18e58629b8c1d6a6401d071,SO58422,54,SJ-0194-S,1,54,07b31bae17c7890b17d79a654aa230cf
15124,d630b2db6e8046e30b4728ca862ba4e1,02ad1a5ca18e58629b8c1d6a6401d071,SO58422,5,TT-T092,1,5,07b31bae17c7890b17d79a654aa230cf
15124,d630b2db6e8046e30b4728ca862ba4e1,02ad1a5ca18e58629b8c1d6a6401d071,SO58422,5,WB-H098,1,5,07b31bae17c7890b17d79a654aa230cf
15125,8920fd63645007b243abb750709b1172,58c4ce5b9433e7b6d41793d5a76d5590,SO72279,150,LJ-0192-M,3,150,0d3057f268050d468f468434f8ec809a
15125,deff8ad81a213d1110c1f409a7f40fcd,b8cc77f0099ae7d3a20b9f0b74d70b12,SO52779,2,PK-7098,1,2,f04e53711455521533f4c5ed7dcaa287
15125,deff8ad81a213d1110c1f409a7f40fcd,b8cc77f0099ae7d3a20b9f0b74d70b12,SO52779,25,TI-R628,1,25,f04e53711455521533f4c5ed7dcaa287
15125,deff8ad81a213d1110c1f409a7f40fcd,b8cc77f0099ae7d3a20b9f0b74d70b12,SO52779,4,TT-R982,1,4,f04e53711455521533f4c5ed7dcaa287
15126,15699e35c72c4036c71409f3f3d69528,f5933feadc49c253e4f0e77b236946e9,SO53014,27,CA-1098,3,27,deff8ad81a213d1110c1f409a7f40fcd
15126,15699e35c72c4036c71409f3f3d69528,f5933feadc49c253e4f0e77b236946e9,SO53014,150,LJ-0192-L,3,150,deff8ad81a213d1110c1f409a7f40fcd
15126,fff3c307c93eda1eb91d53ca588846fe,4584ca349e0920f4436a3c2f36158b85,SO69311,2,PK-7098,1,2,70951886788165a5e2439adfce4d0cce
15126,fff3c307c93eda1eb91d53ca588846fe,4584ca349e0920f4436a3c2f36158b85,SO69311,25,TI-R628,1,25,70951886788165a5e2439adfce4d0cce
15127,7acd252f45ad6fe668386456a673d543,0120f4004ede1143c3be6caa4227affe,SO67186,4590,BK-M68B-46,2,4590,b322422d9a721bbdefa133133dd407c1
15127,7acd252f45ad6fe668386456a673d543,0120f4004ede1143c3be6caa4227affe,SO67186,35,TI-M823,1,35,b322422d9a721bbdefa133133dd407c1
15127,7acd252f45ad6fe668386456a673d543,0120f4004ede1143c3be6caa4227affe,SO67186,5,TT-M928,1,5,b322422d9a721bbdefa133133dd407c1
15127,8920fd63645007b243abb750709b1172,58c4ce5b9433e7b6d41793d5a76d5590,SO72356,742,BK-T18U-44,1,742,0d3057f268050d468f468434f8ec809a
15127,8920fd63645007b243abb750709b1172,58c4ce5b9433e7b6d41793d5a76d5590,SO72356,29,TI-T723,1,29,0d3057f268050d468f468434f8ec809a
15127,8920fd63645007b243abb750709b1172,58c4ce5b9433e7b6d41793d5a76d5590,SO72356,5,TT-T092,1,5,0d3057f268050d468f468434f8ec809a
15127,ce0250e4c407a28df088d59c0b77cc37,79f46ce61b754fc6c2eeda754a6354bc,SO50051,4142,BK-M68S-46,2,4142,456c7730e983cabeb11db57ec0801795
15128,02ad1a5ca18e58629b8c1d6a6401d071,8d71482745a6a1be4fbbc5562ade4657,SO57753,150,LJ-0192-X,3,150,a976f17830aceaaa93d5daef0bc209a3
15128,b988e88fd94a3b47434beeb650cff880,3c1811b546060d91957cc446aabc4a3c,SO56339,2,PK-7098,1,2,18025e6a8791d350428f65c0783ebd99
15128,b988e88fd94a3b47434beeb650cff880,3c1811b546060d91957cc446aabc4a3c,SO56339,25,TI-R628,1,25,18025e6a8791d350428f65c0783ebd99
15129,104cef6597ea499d4b3c31db81c466f6,5aec9d44b0ac5d0db100a243378111b3,SO50034,4142,BK-M68S-42,2,4142,968e9a4bab3af2e071a27db638e363e6
15129,545a3d56d20b22e09aa85bfa5ed8738d,31c99d724c1f182c60edb82eb4740277,SO72267,9,BC-R205,1,9,a9cd7a99d71cca9cb644010050374ade
15129,545a3d56d20b22e09aa85bfa5ed8738d,31c99d724c1f182c60edb82eb4740277,SO72267,742,BK-T18Y-62,1,742,a9cd7a99d71cca9cb644010050374ade
15129,545a3d56d20b22e09aa85bfa5ed8738d,31c99d724c1f182c60edb82eb4740277,SO72267,55,HY-1023-70,1,55,a9cd7a99d71cca9cb644010050374ade
15129,545a3d56d20b22e09aa85bfa5ed8738d,31c99d724c1f182c60edb82eb4740277,SO72267,5,WB-H098,1,5,a9cd7a99d71cca9cb644010050374ade
15129,7acd252f45ad6fe668386456a673d543,0120f4004ede1143c3be6caa4227affe,SO67187,4590,BK-M68B-42,2,4590,b322422d9a721bbdefa133133dd407c1
15130,70dbbfe9e1fafe828bd88bd62f0de8f4,3f9a1152bc048e6eb1f01994b7cf5f9d,SO49989,4098,BK-M68B-38,2,4098,9ee2a0f409662e4664217b7e3b808428
15130,e366e24b8ad0b1107528f2f58cd15a81,921bc92a493b53f98f24e6a8a12801be,SO72512,742,BK-T18U-50,1,742,c83e871e48c2716e0f28e60d166a5c98
15130,f88b3743a9ce1f9455b6de69380b486a,64cadfde6f66bc25043d0d69f5ae5471,SO66618,10,BC-M005,1,10,3dc63b2d6dcc8f0b6720b06b5439a0b1
15130,f88b3743a9ce1f9455b6de69380b486a,64cadfde6f66bc25043d0d69f5ae5471,SO66618,4640,BK-M68S-46,2,4640,3dc63b2d6dcc8f0b6720b06b5439a0b1
15130,f88b3743a9ce1f9455b6de69380b486a,64cadfde6f66bc25043d0d69f5ae5471,SO66618,105,HL-U509-R,3,105,3dc63b2d6dcc8f0b6720b06b5439a0b1
15130,f88b3743a9ce1f9455b6de69380b486a,64cadfde6f66bc25043d0d69f5ae5471,SO66618,54,SJ-0194-L,1,54,3dc63b2d6dcc8f0b6720b06b5439a0b1
15130,f88b3743a9ce1f9455b6de69380b486a,64cadfde6f66bc25043d0d69f5ae5471,SO66618,5,WB-H098,1,5,3dc63b2d6dcc8f0b6720b06b5439a0b1
15131,c87874400b9f907bdf9ea37d75a4b341,23bd9a9b90557e9da7babfb8e3d2df22,SO64532,150,LJ-0192-L,3,150,8b9fe4b34e3c54f08bfcac3d9691e260
15131,f75e5f8c15ca91ec5c869dc3881f574f,3a23b248b732af434a45fce0302aa11f,SO63883,2,PK-7098,1,2,03bf7d2a8718ee9aca4bd2f37e962fc4
15131,f75e5f8c15ca91ec5c869dc3881f574f,3a23b248b732af434a45fce0302aa11f,SO63883,25,TI-R628,1,25,03bf7d2a8718ee9aca4bd2f37e962fc4
15131,f75e5f8c15ca91ec5c869dc3881f574f,3a23b248b732af434a45fce0302aa11f,SO63883,4,TT-R982,1,4,03bf7d2a8718ee9aca4bd2f37e962fc4
15132,870bd4f3713260418e4f342f31dc7e33,94c60e0b5e2b0f78b919a5d4c67d70a2,SO62878,55,HY-1023-70,1,55,2fe1a028f9398deb2efcd536c8246fae
15132,870bd4f3713260418e4f342f31dc7e33,94c60e0b5e2b0f78b919a5d4c67d70a2,SO62878,9,SO-R809-M,1,9,2fe1a028f9398deb2efcd536c8246fae
15132,870bd4f3713260418e4f342f31dc7e33,94c60e0b5e2b0f78b919a5d4c67d70a2,SO62878,25,TI-R628,1,25,2fe1a028f9398deb2efcd536c8246fae
15132,870bd4f3713260418e4f342f31dc7e33,94c60e0b5e2b0f78b919a5d4c67d70a2,SO62878,4,TT-R982,1,4,2fe1a028f9398deb2efcd536c8246fae
15132,a9cd7a99d71cca9cb644010050374ade,3db19f5f710f10e90ecc7154c649d60a,SO71702,27,CA-1098,3,27,128ee9ff420de424a605a0ee4a6f7916
15132,a9cd7a99d71cca9cb644010050374ade,3db19f5f710f10e90ecc7154c649d60a,SO71702,150,LJ-0192-S,3,150,128ee9ff420de424a605a0ee4a6f7916
15133,6866da5d40f1aad2d82129d5ffa25bda,b68fd63ca41d49bfc1b18251202c053f,SO65778,4640,BK-M68S-46,2,4640,eea5b3bd1bd5d5c62a1d22f78d3ba263
15133,6866da5d40f1aad2d82129d5ffa25bda,b68fd63ca41d49bfc1b18251202c053f,SO65778,105,HL-U509-B,3,105,eea5b3bd1bd5d5c62a1d22f78d3ba263
15133,6866da5d40f1aad2d82129d5ffa25bda,b68fd63ca41d49bfc1b18251202c053f,SO65778,35,TI-M823,1,35,eea5b3bd1bd5d5c62a1d22f78d3ba263
15133,6866da5d40f1aad2d82129d5ffa25bda,b68fd63ca41d49bfc1b18251202c053f,SO65778,5,TT-M928,1,5,eea5b3bd1bd5d5c62a1d22f78d3ba263
15133,8babade0595c11e14dd89058a850f2cd,a048b8d5f3f9178f163e2be055f0138b,SO73939,742,BK-T18Y-44,1,742,501407dcfde5b685045ca3072168d5bb
15133,8babade0595c11e14dd89058a850f2cd,a048b8d5f3f9178f163e2be055f0138b,SO73939,29,TI-T723,1,29,501407dcfde5b685045ca3072168d5bb
15133,b60bd79b871d7c3345674370fa4dda03,ff9b4d639b22897f1c0256881eeb8643,SO50158,4142,BK-M68S-38,2,4142,14cf1002d25f6005ecb94636b7f549b1
15134,0d3057f268050d468f468434f8ec809a,fd5ba6fdeb81e07b2caf0b103489bd8d,SO71998,742,BK-T18Y-44,1,742,921bc92a493b53f98f24e6a8a12801be
15134,0d3057f268050d468f468434f8ec809a,fd5ba6fdeb81e07b2caf0b103489bd8d,SO71998,8,CL-9009,1,8,921bc92a493b53f98f24e6a8a12801be
15134,6e32728b966bb91cefefa1316da21ca8,b322422d9a721bbdefa133133dd407c1,SO67743,4590,BK-M68B-42,2,4590,de5009f9bf3e9725d2381f4a5e913111
15134,6e32728b966bb91cefefa1316da21ca8,b322422d9a721bbdefa133133dd407c1,SO67743,35,TI-M823,1,35,de5009f9bf3e9725d2381f4a5e913111
15134,decf9fc89a1038c423f1bef01a953ac9,104cef6597ea499d4b3c31db81c466f6,SO50149,4142,BK-M68S-42,2,4142,74a9ea32186ec3a0b0657cef3f2b687f
15135,52bde41d0f4e244c3d741707e5f19618,ceda4a900d234638ff03b93b262b14e6,SO50126,4142,BK-M68S-46,2,4142,c9e159941f9c2ce8daa7b4737e7f8552
15135,de5009f9bf3e9725d2381f4a5e913111,2296af5563b2061aa1d88124a37eecb7,SO67390,10,BC-M005,1,10,a1d0c0a14c6c8f8a8ef8220209c23a64
15135,de5009f9bf3e9725d2381f4a5e913111,2296af5563b2061aa1d88124a37eecb7,SO67390,4590,BK-M68B-42,2,4590,a1d0c0a14c6c8f8a8ef8220209c23a64
15135,de5009f9bf3e9725d2381f4a5e913111,2296af5563b2061aa1d88124a37eecb7,SO67390,5,WB-H098,1,5,a1d0c0a14c6c8f8a8ef8220209c23a64
15136,6ef7b4bb93d4e54234cf965ed2334682,ccf89c691dabb1412404274596922d90,SO65954,2,PK-7098,1,2,93ddc10d6cf61153011df052aa76671f
15136,6ef7b4bb93d4e54234cf965ed2334682,ccf89c691dabb1412404274596922d90,SO65954,25,TI-R628,1,25,93ddc10d6cf61153011df052aa76671f
15136,db2b287636ac5ebda430de4f3f643b24,7af7abc5e37d5fa2e2334b4fec2584e2,SO51974,105,HL-U509-B,3,105,bee2b842cd357511cf4c8e509f5af192
15137,73b2264d673ee7b5b2e7e165020516ac,4ceff7612cfa4420892fe23b23ca9265,SO57373,105,HL-U509-B,3,105,8d71482745a6a1be4fbbc5562ade4657
15137,73b2264d673ee7b5b2e7e165020516ac,4ceff7612cfa4420892fe23b23ca9265,SO57373,25,TI-R628,1,25,8d71482745a6a1be4fbbc5562ade4657
15137,73b2264d673ee7b5b2e7e165020516ac,4ceff7612cfa4420892fe23b23ca9265,SO57373,4,TT-R982,1,4,8d71482745a6a1be4fbbc5562ade4657
15137,deff8ad81a213d1110c1f409a7f40fcd,b8cc77f0099ae7d3a20b9f0b74d70b12,SO52783,27,CA-1098,3,27,f04e53711455521533f4c5ed7dcaa287
15137,deff8ad81a213d1110c1f409a7f40fcd,b8cc77f0099ae7d3a20b9f0b74d70b12,SO52783,105,HL-U509-B,3,105,f04e53711455521533f4c5ed7dcaa287
15137,deff8ad81a213d1110c1f409a7f40fcd,b8cc77f0099ae7d3a20b9f0b74d70b12,SO52783,54,SJ-0194-L,1,54,f04e53711455521533f4c5ed7dcaa287
15138,361e2c62255e0c1887ac2139911ca300,20b5e9ce0f87defd975a322149ec8cc6,SO51883,105,HL-U509,3,105,eedd9be5500334505ed9d4aef801ac3d
15138,83d1ed00595e79ee5ea3797e97970fe8,fe1fd19c021e78ec395980c2e347865e,SO69164,48,GL-H102-L,2,48,705fa39ab40831529471c768490339ab
15138,83d1ed00595e79ee5ea3797e97970fe8,fe1fd19c021e78ec395980c2e347865e,SO69164,105,HL-U509-B,3,105,705fa39ab40831529471c768490339ab
15138,83d1ed00595e79ee5ea3797e97970fe8,fe1fd19c021e78ec395980c2e347865e,SO69164,25,TI-R628,1,25,705fa39ab40831529471c768490339ab
15138,83d1ed00595e79ee5ea3797e97970fe8,fe1fd19c021e78ec395980c2e347865e,SO69164,4,TT-R982,1,4,705fa39ab40831529471c768490339ab
15139,1f50dad3f1493a5cf408c4eb3987479e,226d694fb4b7f71d62444f9528be8704,SO54668,105,HL-U509,3,105,9c56075241a26f6fa77eb86b15411c6e
15139,cae5717327bee7d74e261c550aa5081f,18025e6a8791d350428f65c0783ebd99,SO56697,25,TI-R628,1,25,ed268f8f3837888893f896b7240f1254
15140,7f026edc73bd4602381834e9b850d6c2,eedd9be5500334505ed9d4aef801ac3d,SO52216,2,PK-7098,1,2,db2b287636ac5ebda430de4f3f643b24
15140,7f026edc73bd4602381834e9b850d6c2,eedd9be5500334505ed9d4aef801ac3d,SO52216,25,TI-R628,1,25,db2b287636ac5ebda430de4f3f643b24
15140,fff3c307c93eda1eb91d53ca588846fe,4584ca349e0920f4436a3c2f36158b85,SO69316,105,HL-U509,3,105,70951886788165a5e2439adfce4d0cce
15141,05e7920e8caf0303dc01b77666952b75,eea5b3bd1bd5d5c62a1d22f78d3ba263,SO66208,105,HL-U509-R,3,105,3a2f313512bb520c43971e54ba834dec
15141,3e107cd1554225ea3056ed5010adce90,aa14ddbc43aa2d3be1e6ac019bb7b5bc,SO73793,25,TI-R628,1,25,43e2cc7ff261723f93f64f3f7e9faa8d
15141,3e107cd1554225ea3056ed5010adce90,aa14ddbc43aa2d3be1e6ac019bb7b5bc,SO73793,4,TT-R982,1,4,43e2cc7ff261723f93f64f3f7e9faa8d
15142,38c9e5d1e366b4c5c36aae682bc960c4,8fa3bab223bec6501ad71f96bb1067b6,SO71624,25,TI-R628,1,25,58c4ce5b9433e7b6d41793d5a76d5590
15142,d4746e41b619da57ee9f1a2e2cc254e8,81a5d08c6beaeec9e42baae5d63dd780,SO64062,48,GL-H102-S,2,48,23bd9a9b90557e9da7babfb8e3d2df22
15142,d4746e41b619da57ee9f1a2e2cc254e8,81a5d08c6beaeec9e42baae5d63dd780,SO64062,105,HL-U509-R,3,105,23bd9a9b90557e9da7babfb8e3d2df22
15142,d4746e41b619da57ee9f1a2e2cc254e8,81a5d08c6beaeec9e42baae5d63dd780,SO64062,54,SJ-0194-L,1,54,23bd9a9b90557e9da7babfb8e3d2df22
15143,5aec9d44b0ac5d0db100a243378111b3,5b52026be4438e7bdff7efad86b3d446,SO49915,4142,BK-M68S-42,2,4142,b7d5a5b8cc647eb5c041cfb92957acb2
15143,b34050290c25b0f7b52a2b8f767df87d,caa707f97407c07371136aaf471a91d4,SO68010,4590,BK-M68B-38,2,4590,36ab6f1df21f3c9a169c8942e981959a
15144,b34050290c25b0f7b52a2b8f767df87d,caa707f97407c07371136aaf471a91d4,SO68011,4590,BK-M68B-46,2,4590,36ab6f1df21f3c9a169c8942e981959a
15144,fab7b0e87ea51ac9c36bc8aa60ee05bb,bfe24702a7cb81c4620880adb1bf9ffe,SO49954,4098,BK-M68B-42,2,4098,5aec9d44b0ac5d0db100a243378111b3
15145,5aec9d44b0ac5d0db100a243378111b3,5b52026be4438e7bdff7efad86b3d446,SO49916,4142,BK-M68S-46,2,4142,b7d5a5b8cc647eb5c041cfb92957acb2
15145,83d1ed00595e79ee5ea3797e97970fe8,fe1fd19c021e78ec395980c2e347865e,SO69222,4590,BK-M68B-38,2,4590,705fa39ab40831529471c768490339ab
15145,83d1ed00595e79ee5ea3797e97970fe8,fe1fd19c021e78ec395980c2e347865e,SO69222,2,PK-7098,1,2,705fa39ab40831529471c768490339ab
15146,5c741aa8e0753be65314a304e7b39c14,d945ec2aae74dbfb829453026b91c235,SO62027,105,HL-U509-R,3,105,7ee641303ef8d8b10d0ed00a060c73cc
15146,d945ec2aae74dbfb829453026b91c235,348f48807f500aeac729fb17d9bc97f1,SO61315,27,CA-1098,3,27,eef21e68ecca703bb338920b950f203c
15146,d945ec2aae74dbfb829453026b91c235,348f48807f500aeac729fb17d9bc97f1,SO61315,105,HL-U509-B,3,105,eef21e68ecca703bb338920b950f203c
15146,d945ec2aae74dbfb829453026b91c235,348f48807f500aeac729fb17d9bc97f1,SO61315,54,SJ-0194-L,1,54,eef21e68ecca703bb338920b950f203c
15146,d945ec2aae74dbfb829453026b91c235,348f48807f500aeac729fb17d9bc97f1,SO61315,25,TI-R628,1,25,eef21e68ecca703bb338920b950f203c
15146,d945ec2aae74dbfb829453026b91c235,348f48807f500aeac729fb17d9bc97f1,SO61315,4,TT-R982,1,4,eef21e68ecca703bb338920b950f203c
15147,4b5c3229e0725ef8d303f494db9faec8,f46ace11e93788e473124f7be16a19d5,SO63692,48,GL-H102-L,2,48,0149f124a48640c62d90840ac5760331
15147,4b5c3229e0725ef8d303f494db9faec8,f46ace11e93788e473124f7be16a19d5,SO63692,105,HL-U509,3,105,0149f124a48640c62d90840ac5760331
15147,ed268f8f3837888893f896b7240f1254,a9cefc49af6424b430612adfc69876ee,SO56432,9,SO-R809-M,1,9,6353a8421ee460b64f2c988cc72a8391
15147,ed268f8f3837888893f896b7240f1254,a9cefc49af6424b430612adfc69876ee,SO56432,25,TI-R628,1,25,6353a8421ee460b64f2c988cc72a8391
15147,ed268f8f3837888893f896b7240f1254,a9cefc49af6424b430612adfc69876ee,SO56432,4,TT-R982,1,4,6353a8421ee460b64f2c988cc72a8391
15148,5072507e949a2c25948a591c4da194e1,a189cc17a15cdb4e39e80dfcd8374c76,SO59654,2,PK-7098,1,2,ad0b7f5ad35732646f1e5f67418d5995
15148,5072507e949a2c25948a591c4da194e1,a189cc17a15cdb4e39e80dfcd8374c76,SO59654,25,TI-R628,1,25,ad0b7f5ad35732646f1e5f67418d5995
15148,5072507e949a2c25948a591c4da194e1,a189cc17a15cdb4e39e80dfcd8374c76,SO59654,4,TT-R982,1,4,ad0b7f5ad35732646f1e5f67418d5995
15148,ac15b60491fe99190c0248790e690757,ab2e81a99745ffff6c06e2be93290d1b,SO54773,48,GL-H102-M,2,48,0c8ff735cb2b05718573c08173335fd4
15148,ac15b60491fe99190c0248790e690757,ab2e81a99745ffff6c06e2be93290d1b,SO54773,105,HL-U509-B,3,105,0c8ff735cb2b05718573c08173335fd4
15149,6477c205c5117a9448ba863e111acf32,c926349b55a58d87d7d5008c349fd1e9,SO60843,105,HL-U509,3,105,013f173c58073e845f675d26fdde1918
15149,fd5ba6fdeb81e07b2caf0b103489bd8d,e871b36e68b0b3d0af9c742d81fef27a,SO70943,25,TI-R628,1,25,17520f5649fab40fb66771362888cb90
15149,fd5ba6fdeb81e07b2caf0b103489bd8d,e871b36e68b0b3d0af9c742d81fef27a,SO70943,4,TT-R982,1,4,17520f5649fab40fb66771362888cb90
15150,702a02712215141594ddf8e52b0a651c,cd15e5f80ff20dd345bfaa51400dd0d6,SO67551,10,BC-M005,1,10,caa707f97407c07371136aaf471a91d4
15150,702a02712215141594ddf8e52b0a651c,cd15e5f80ff20dd345bfaa51400dd0d6,SO67551,4640,BK-M68S-38,2,4640,caa707f97407c07371136aaf471a91d4
15150,f1877c1756a68271d12db39ddc87dad7,207f6c5125350a97b1a410dc655800f6,SO50187,4098,BK-M68B-42,2,4098,a37b3b8ed0bad1707ba2be514cc71f02
15151,175a5d217fad85df9f6639d7ced1e5d9,511572e8a25e86c2f48ae9e6d73a1e6a,SO68932,4590,BK-M68B-46,2,4590,66e56e10b0f528b66a45e307ecdf4774
15151,d35624c3724a7f923a0dcae76c01cb28,9ee2a0f409662e4664217b7e3b808428,SO50060,4098,BK-M68B-46,2,4098,ceda4a900d234638ff03b93b262b14e6
15152,705fa39ab40831529471c768490339ab,63efdd3324df66c9965bd622cdebe06a,SO68862,4590,BK-M68B-42,2,4590,4584ca349e0920f4436a3c2f36158b85
15152,705fa39ab40831529471c768490339ab,63efdd3324df66c9965bd622cdebe06a,SO68862,22,FE-6654,1,22,4584ca349e0920f4436a3c2f36158b85
15152,705fa39ab40831529471c768490339ab,63efdd3324df66c9965bd622cdebe06a,SO68862,35,TI-M823,1,35,4584ca349e0920f4436a3c2f36158b85
15152,705fa39ab40831529471c768490339ab,63efdd3324df66c9965bd622cdebe06a,SO68862,64,VE-C304-S,1,64,4584ca349e0920f4436a3c2f36158b85
15152,fab7b0e87ea51ac9c36bc8aa60ee05bb,bfe24702a7cb81c4620880adb1bf9ffe,SO49955,4098,BK-M68B-42,2,4098,5aec9d44b0ac5d0db100a243378111b3
15153,6582aa26281b9a92ad60e6a03e274c00,232e830f1ac667c081eaaca23cdf9b5f,SO65399,25,TI-R628,1,25,18f358e551b5b85912bc952ab9894c0d
15153,714597fe9448176d17876617114a65bc,d6ec5bff1a0809822c740ce35792fa7a,SO53192,105,HL-U509-R,3,105,3143ce3c6436ed5bd25398756b7b661d
15153,714597fe9448176d17876617114a65bc,d6ec5bff1a0809822c740ce35792fa7a,SO53192,54,SJ-0194-X,1,54,3143ce3c6436ed5bd25398756b7b661d
15154,6e5c4b769f8f70f9fd01b24ba5be9695,40e7dd73b09eac540e790daf6fac41af,SO54824,105,HL-U509-R,3,105,106dfbaf552c07a1b08d065f2c343982
15154,6e5c4b769f8f70f9fd01b24ba5be9695,40e7dd73b09eac540e790daf6fac41af,SO54824,150,LJ-0192-L,3,150,106dfbaf552c07a1b08d065f2c343982
15154,982b3b4109cce5d4e5bf1fcbe0ae259b,501407dcfde5b685045ca3072168d5bb,SO74255,25,TI-R628,1,25,d7f57f35d2bad1349ca24a67a2635eea
15155,2becb9647677a1a316b388bbad689580,013f173c58073e845f675d26fdde1918,SO61409,4590,BK-M68B-42,2,4590,0383d48e76cd8a3dfb9e2a890f2cac18
15155,2becb9647677a1a316b388bbad689580,013f173c58073e845f675d26fdde1918,SO61409,22,FE-6654,1,22,0383d48e76cd8a3dfb9e2a890f2cac18
15155,2becb9647677a1a316b388bbad689580,013f173c58073e845f675d26fdde1918,SO61409,9,SO-R809-M,1,9,0383d48e76cd8a3dfb9e2a890f2cac18
15155,2becb9647677a1a316b388bbad689580,013f173c58073e845f675d26fdde1918,SO61409,35,TI-M823,1,35,0383d48e76cd8a3dfb9e2a890f2cac18
15155,2becb9647677a1a316b388bbad689580,013f173c58073e845f675d26fdde1918,SO61409,5,TT-M928,1,5,0383d48e76cd8a3dfb9e2a890f2cac18
15155,579ccf7535264274969f909add894a18,bea2034ab47ba6f72c2dea803bbc3328,SO46822,1566,BK-R50R-62,2,1566,c75ebcb138485ff2faa2ca7c6dda6bf5
15156,d34ba8f5d7fd7d5959a34c283fbec422,9c56075241a26f6fa77eb86b15411c6e,SO55058,120,RA-H123,1,120,ac15b60491fe99190c0248790e690757
15156,d34ba8f5d7fd7d5959a34c283fbec422,9c56075241a26f6fa77eb86b15411c6e,SO55058,5,TT-M928,1,5,ac15b60491fe99190c0248790e690757
15157,72e75576254db1afef14ecdc050391c2,20b851db79828c985958154243411278,SO52091,70,SH-W890-L,1,70,0b80ce5eab877cae9997209e0bee6e60
15157,72e75576254db1afef14ecdc050391c2,20b851db79828c985958154243411278,SO52091,54,SJ-0194-M,1,54,0b80ce5eab877cae9997209e0bee6e60
15157,73a69a5c77a7d23172e54d7ce07a638e,5a06908cc28b799b04fc1c47664462e6,SO55489,105,HL-U509-R,3,105,41fc4cb27e0ee552c4c9247e1a476cc5
15157,73a69a5c77a7d23172e54d7ce07a638e,5a06908cc28b799b04fc1c47664462e6,SO55489,35,TI-M823,1,35,41fc4cb27e0ee552c4c9247e1a476cc5
15157,73a69a5c77a7d23172e54d7ce07a638e,5a06908cc28b799b04fc1c47664462e6,SO55489,5,TT-M928,1,5,41fc4cb27e0ee552c4c9247e1a476cc5
15157,a9cd7a99d71cca9cb644010050374ade,3db19f5f710f10e90ecc7154c649d60a,SO71720,10,BC-M005,1,10,128ee9ff420de424a605a0ee4a6f7916
15157,a9cd7a99d71cca9cb644010050374ade,3db19f5f710f10e90ecc7154c649d60a,SO71720,5,WB-H098,1,5,128ee9ff420de424a605a0ee4a6f7916
15158,ad4fbe0c82c7e5968d4cf22c2ad19e28,72e75576254db1afef14ecdc050391c2,SO52696,105,HL-U509,3,105,f5933feadc49c253e4f0e77b236946e9
15158,ad4fbe0c82c7e5968d4cf22c2ad19e28,72e75576254db1afef14ecdc050391c2,SO52696,5,TT-M928,1,5,f5933feadc49c253e4f0e77b236946e9
15159,fd5ba6fdeb81e07b2caf0b103489bd8d,e871b36e68b0b3d0af9c742d81fef27a,SO70966,2,PK-7098,1,2,17520f5649fab40fb66771362888cb90
15159,fd5ba6fdeb81e07b2caf0b103489bd8d,e871b36e68b0b3d0af9c742d81fef27a,SO70966,5,TT-M928,1,5,17520f5649fab40fb66771362888cb90
15160,d4ae40bdb21d7c1f4fee96082340d3a2,9a027fc72b503940a96d5137762a263e,SO75105,27,CA-1098,3,27,08ff55594d8ca57b756a1953f77ebc89
15160,d4ae40bdb21d7c1f4fee96082340d3a2,9a027fc72b503940a96d5137762a263e,SO75105,105,HL-U509-R,3,105,08ff55594d8ca57b756a1953f77ebc89
15160,d4ae40bdb21d7c1f4fee96082340d3a2,9a027fc72b503940a96d5137762a263e,SO75105,150,LJ-0192-L,3,150,08ff55594d8ca57b756a1953f77ebc89
15160,d4ae40bdb21d7c1f4fee96082340d3a2,9a027fc72b503940a96d5137762a263e,SO75105,5,TT-M928,1,5,08ff55594d8ca57b756a1953f77ebc89
15161,714597fe9448176d17876617114a65bc,d6ec5bff1a0809822c740ce35792fa7a,SO53215,2,PK-7098,1,2,3143ce3c6436ed5bd25398756b7b661d
15161,714597fe9448176d17876617114a65bc,d6ec5bff1a0809822c740ce35792fa7a,SO53215,5,TT-M928,1,5,3143ce3c6436ed5bd25398756b7b661d
15162,331afa0aff1b1cfbf3d24944ab38c9d2,c885741a5e3e55c84950327011b70289,SO69683,70,SH-W890-M,1,70,962bae2fb03296a3b9cacabfa929322c
15162,8f472ffe3ff3109f420ae91355ff8f3f,e0cd1349b4c6e1b5f14ed427e358c2d0,SO71179,105,HL-U509-R,3,105,8fa3bab223bec6501ad71f96bb1067b6
15162,8f472ffe3ff3109f420ae91355ff8f3f,e0cd1349b4c6e1b5f14ed427e358c2d0,SO71179,35,TI-M823,1,35,8fa3bab223bec6501ad71f96bb1067b6
15162,8f472ffe3ff3109f420ae91355ff8f3f,e0cd1349b4c6e1b5f14ed427e358c2d0,SO71179,5,TT-M928,1,5,8fa3bab223bec6501ad71f96bb1067b6
15162,a6d37e298c3042e300813f55a17e0875,99b7e934795a93975a5e0c0b9b57d9ba,SO64633,10,BC-M005,1,10,b0241b451647f25db5f52074445d820c
15163,3dc63b2d6dcc8f0b6720b06b5439a0b1,8d1d4829b2e801ba4e41ba48f5a549d4,SO66288,2,PK-7098,1,2,6ef7b4bb93d4e54234cf965ed2334682
15163,3dc63b2d6dcc8f0b6720b06b5439a0b1,8d1d4829b2e801ba4e41ba48f5a549d4,SO66288,5,TT-M928,1,5,6ef7b4bb93d4e54234cf965ed2334682
15164,d1024973c3d10f08cb9fa1736e6ed8b7,f8025d3776b5f7522a6120cb4e9e0783,SO62363,5,TT-M928,1,5,5c741aa8e0753be65314a304e7b39c14
15165,7ee641303ef8d8b10d0ed00a060c73cc,eef21e68ecca703bb338920b950f203c,SO61755,105,HL-U509-B,3,105,0d15ba5aa4c9ad0377b26e0cf7a86280
15165,7ee641303ef8d8b10d0ed00a060c73cc,eef21e68ecca703bb338920b950f203c,SO61755,5,TT-M928,1,5,0d15ba5aa4c9ad0377b26e0cf7a86280
15166,100acb16459de9c5ebfc99be9a36afbe,72171e6e7eab0887133ec8422525979d,SO46842,1566,BK-R50R-58,2,1566,aa4ae995295bc6ee1d97c709a638619d
15166,d1024973c3d10f08cb9fa1736e6ed8b7,f8025d3776b5f7522a6120cb4e9e0783,SO62379,4640,BK-M68S-38,2,4640,5c741aa8e0753be65314a304e7b39c14
15166,d1024973c3d10f08cb9fa1736e6ed8b7,f8025d3776b5f7522a6120cb4e9e0783,SO62379,22,FE-6654,1,22,5c741aa8e0753be65314a304e7b39c14
15167,72514ec24cd9e6144a04f1abf93e0b08,c75ebcb138485ff2faa2ca7c6dda6bf5,SO46880,1566,BK-R50B-60,2,1566,100acb16459de9c5ebfc99be9a36afbe
15167,8b9fe4b34e3c54f08bfcac3d9691e260,a946e75bc65318721cd1e01162d392dd,SO64215,10,BC-M005,1,10,f75e5f8c15ca91ec5c869dc3881f574f
15167,8b9fe4b34e3c54f08bfcac3d9691e260,a946e75bc65318721cd1e01162d392dd,SO64215,4640,BK-M68S-46,2,4640,f75e5f8c15ca91ec5c869dc3881f574f
15167,8b9fe4b34e3c54f08bfcac3d9691e260,a946e75bc65318721cd1e01162d392dd,SO64215,27,CA-1098,3,27,f75e5f8c15ca91ec5c869dc3881f574f
15167,8b9fe4b34e3c54f08bfcac3d9691e260,a946e75bc65318721cd1e01162d392dd,SO64215,54,SJ-0194-M,1,54,f75e5f8c15ca91ec5c869dc3881f574f
15167,8b9fe4b34e3c54f08bfcac3d9691e260,a946e75bc65318721cd1e01162d392dd,SO64215,5,WB-H098,1,5,f75e5f8c15ca91ec5c869dc3881f574f
15168,4004a117f65dfd3221a9cce8fce5a45f,6ef7b4bb93d4e54234cf965ed2334682,SO66727,105,HL-U509-B,3,105,0120f4004ede1143c3be6caa4227affe
15168,4004a117f65dfd3221a9cce8fce5a45f,6ef7b4bb93d4e54234cf965ed2334682,SO66727,5,TT-M928,1,5,0120f4004ede1143c3be6caa4227affe
15169,79f46ce61b754fc6c2eeda754a6354bc,287c323e0efa1c1148232e905c3f7d34,SO49933,4142,BK-M68S-38,2,4142,1bc9f4b5f1c56b7e2d5b17c27dad280f
15169,e82ca4c6beebe812f10fa1041b97a160,9d934f91c460e9947414d00048f2fa36,SO66015,769,BK-M38S-42,1,769,6d1d8a1c7851eb5a946d45009cea6d9f
15169,e82ca4c6beebe812f10fa1041b97a160,9d934f91c460e9947414d00048f2fa36,SO66015,27,CA-1098,3,27,6d1d8a1c7851eb5a946d45009cea6d9f
15169,e82ca4c6beebe812f10fa1041b97a160,9d934f91c460e9947414d00048f2fa36,SO66015,70,SH-W890-L,1,70,6d1d8a1c7851eb5a946d45009cea6d9f
15170,207f6c5125350a97b1a410dc655800f6,d9cd5832ac6226b16d8669df784e8c52,SO50075,4142,BK-M68S-46,2,4142,95ddec41f799217977c3384c83bfb0ca
15170,c7390752782466cfc9a3ed7d3a79e046,0001ffe4d82d0d8f9fec5ab0b4faa2db,SO67942,4640,BK-M68S-38,2,4640,16e364d19895243407b256ec272d5394
15171,36ab6f1df21f3c9a169c8942e981959a,058af5b2a408d57b708367e5bf4e9d9c,SO67685,10,BC-M005,1,10,8e8847c1bdf012037ee13bb62da8a5c1
15171,36ab6f1df21f3c9a169c8942e981959a,058af5b2a408d57b708367e5bf4e9d9c,SO67685,4640,BK-M68S-46,2,4640,8e8847c1bdf012037ee13bb62da8a5c1
15171,36ab6f1df21f3c9a169c8942e981959a,058af5b2a408d57b708367e5bf4e9d9c,SO67685,8,CL-9009,1,8,8e8847c1bdf012037ee13bb62da8a5c1
15171,36ab6f1df21f3c9a169c8942e981959a,058af5b2a408d57b708367e5bf4e9d9c,SO67685,5,WB-H098,1,5,8e8847c1bdf012037ee13bb62da8a5c1
15171,8dd3ccb09d6ab7dd754ab887e66e8652,87d4f54c086f76c98b608b3ad8c4f65f,SO49922,4098,BK-M68B-42,2,4098,3f9a1152bc048e6eb1f01994b7cf5f9d
15172,0383d48e76cd8a3dfb9e2a890f2cac18,d6fb379288416774d139632beb88e26b,SO60999,8,CL-9009,1,8,883b9b4170853b321c03290f64ba199f
15172,0383d48e76cd8a3dfb9e2a890f2cac18,d6fb379288416774d139632beb88e26b,SO60999,2,PK-7098,1,2,883b9b4170853b321c03290f64ba199f
15172,0383d48e76cd8a3dfb9e2a890f2cac18,d6fb379288416774d139632beb88e26b,SO60999,35,TI-M823,1,35,883b9b4170853b321c03290f64ba199f
15172,a9adf65abbb865184bf924d14a93d0c4,ec24e4cf9fcc90f3bbe81b2fb3735c21,SO70691,10,BC-M005,1,10,e0cd1349b4c6e1b5f14ed427e358c2d0
15172,a9adf65abbb865184bf924d14a93d0c4,ec24e4cf9fcc90f3bbe81b2fb3735c21,SO70691,55,HY-1023-70,1,55,e0cd1349b4c6e1b5f14ed427e358c2d0
15172,a9adf65abbb865184bf924d14a93d0c4,ec24e4cf9fcc90f3bbe81b2fb3735c21,SO70691,5,WB-H098,1,5,e0cd1349b4c6e1b5f14ed427e358c2d0
15172,b8cc77f0099ae7d3a20b9f0b74d70b12,70ad7386c1fe794c57fa3908ff22435d,SO52171,2,PK-7098,1,2,5e9b4970006d8f02ba0bc1763fa8b9a6
15172,b8cc77f0099ae7d3a20b9f0b74d70b12,70ad7386c1fe794c57fa3908ff22435d,SO52171,29,TI-T723,1,29,5e9b4970006d8f02ba0bc1763fa8b9a6
15172,b8cc77f0099ae7d3a20b9f0b74d70b12,70ad7386c1fe794c57fa3908ff22435d,SO52171,5,TT-T092,1,5,5e9b4970006d8f02ba0bc1763fa8b9a6
15172,eef21e68ecca703bb338920b950f203c,f108e0cd2f96a0c22086f9d45ee08f19,SO60902,105,HL-U509-R,3,105,b21e833d3ead6056f1265f13fe1ff015
15172,eef21e68ecca703bb338920b950f203c,f108e0cd2f96a0c22086f9d45ee08f19,SO60902,25,TI-R628,1,25,b21e833d3ead6056f1265f13fe1ff015
15172,eef21e68ecca703bb338920b950f203c,f108e0cd2f96a0c22086f9d45ee08f19,SO60902,4,TT-R982,1,4,b21e833d3ead6056f1265f13fe1ff015
15173,4ceff7612cfa4420892fe23b23ca9265,5691ac18f59a9af20f9d8703772afbba,SO56568,10,BC-M005,1,10,089c2a426c196c5ca5facb20896c90bb
15173,4ceff7612cfa4420892fe23b23ca9265,5691ac18f59a9af20f9d8703772afbba,SO56568,27,CA-1098,3,27,089c2a426c196c5ca5facb20896c90bb
15173,4ceff7612cfa4420892fe23b23ca9265,5691ac18f59a9af20f9d8703772afbba,SO56568,22,FE-6654,1,22,089c2a426c196c5ca5facb20896c90bb
15173,4ceff7612cfa4420892fe23b23ca9265,5691ac18f59a9af20f9d8703772afbba,SO56568,5,WB-H098,1,5,089c2a426c196c5ca5facb20896c90bb
15174,6dd75c28a9a8a39e02bc0a175f82a9f3,dfcee565bb2da80a7b76451a5cd314a1,SO66909,10,BC-M005,1,10,f88b3743a9ce1f9455b6de69380b486a
15174,6dd75c28a9a8a39e02bc0a175f82a9f3,dfcee565bb2da80a7b76451a5cd314a1,SO66909,8,CL-9009,1,8,f88b3743a9ce1f9455b6de69380b486a
15174,6dd75c28a9a8a39e02bc0a175f82a9f3,dfcee565bb2da80a7b76451a5cd314a1,SO66909,22,FE-6654,1,22,f88b3743a9ce1f9455b6de69380b486a
15174,6dd75c28a9a8a39e02bc0a175f82a9f3,dfcee565bb2da80a7b76451a5cd314a1,SO66909,55,HY-1023-70,1,55,f88b3743a9ce1f9455b6de69380b486a
15174,6dd75c28a9a8a39e02bc0a175f82a9f3,dfcee565bb2da80a7b76451a5cd314a1,SO66909,5,WB-H098,1,5,f88b3743a9ce1f9455b6de69380b486a
15175,962bae2fb03296a3b9cacabfa929322c,0da2bc000f1fe4ea8746f9aea0bb5879,SO69148,2384,BK-T79U-54,1,2384,c4369eefdf9bb8a3f9115e96b40aaf17
15175,d6fb379288416774d139632beb88e26b,3ebfce6ccd7540a632ae7e6ad8100c29,SO60232,4590,BK-M68B-46,2,4590,412998e77ee121227580e3d363f75fa2
15175,d6fb379288416774d139632beb88e26b,3ebfce6ccd7540a632ae7e6ad8100c29,SO60232,27,CA-1098,3,27,412998e77ee121227580e3d363f75fa2
15175,d6fb379288416774d139632beb88e26b,3ebfce6ccd7540a632ae7e6ad8100c29,SO60232,2,PK-7098,1,2,412998e77ee121227580e3d363f75fa2
15175,d6fb379288416774d139632beb88e26b,3ebfce6ccd7540a632ae7e6ad8100c29,SO60232,120,RA-H123,1,120,412998e77ee121227580e3d363f75fa2
15175,d6fb379288416774d139632beb88e26b,3ebfce6ccd7540a632ae7e6ad8100c29,SO60232,35,TI-M823,1,35,412998e77ee121227580e3d363f75fa2
15175,d6fb379288416774d139632beb88e26b,3ebfce6ccd7540a632ae7e6ad8100c29,SO60232,5,TT-M928,1,5,412998e77ee121227580e3d363f75fa2
15176,254d832c83ccdb2c33eab65a4fd196ff,75fe8d7dec9d2a51be64595ab37dc674,SO59547,10,BC-M005,1,10,4a800301260b2639fa1ec3efafb5f86c
15176,254d832c83ccdb2c33eab65a4fd196ff,75fe8d7dec9d2a51be64595ab37dc674,SO59547,4590,BK-M68B-46,2,4590,4a800301260b2639fa1ec3efafb5f86c
15176,254d832c83ccdb2c33eab65a4fd196ff,75fe8d7dec9d2a51be64595ab37dc674,SO59547,5,WB-H098,1,5,4a800301260b2639fa1ec3efafb5f86c
15176,70951886788165a5e2439adfce4d0cce,ca38f30e56a72f4d0c8d2264322c5862,SO69009,9,BC-R205,1,9,c885741a5e3e55c84950327011b70289
15176,70951886788165a5e2439adfce4d0cce,ca38f30e56a72f4d0c8d2264322c5862,SO69009,2384,BK-T79Y-54,1,2384,c885741a5e3e55c84950327011b70289
15177,d5985f40495ba672dff8a99620b879c8,a9adf65abbb865184bf924d14a93d0c4,SO71523,2,PK-7098,1,2,8f472ffe3ff3109f420ae91355ff8f3f
15177,d5985f40495ba672dff8a99620b879c8,a9adf65abbb865184bf924d14a93d0c4,SO71523,5,TT-M928,1,5,8f472ffe3ff3109f420ae91355ff8f3f
15178,0da2bc000f1fe4ea8746f9aea0bb5879,702a02712215141594ddf8e52b0a651c,SO68327,4640,BK-M68S-46,2,4640,b34050290c25b0f7b52a2b8f767df87d
15178,0da2bc000f1fe4ea8746f9aea0bb5879,702a02712215141594ddf8e52b0a651c,SO68327,22,FE-6654,1,22,b34050290c25b0f7b52a2b8f767df87d
15178,0da2bc000f1fe4ea8746f9aea0bb5879,702a02712215141594ddf8e52b0a651c,SO68327,54,SJ-0194-X,1,54,b34050290c25b0f7b52a2b8f767df87d
15178,fcf706c3e0fe93da0b11cc32b98eb22b,4652a559216121874754c7ecfe692e94,SO50095,4098,BK-M68B-46,2,4098,ff9b4d639b22897f1c0256881eeb8643
15179,968e9a4bab3af2e071a27db638e363e6,b7d5a5b8cc647eb5c041cfb92957acb2,SO49983,4142,BK-M68S-46,2,4142,79f46ce61b754fc6c2eeda754a6354bc
15179,c4369eefdf9bb8a3f9115e96b40aaf17,b34050290c25b0f7b52a2b8f767df87d,SO68791,10,BC-M005,1,10,c135545cc3f3a739132ffdbc8096f3d4
15179,c4369eefdf9bb8a3f9115e96b40aaf17,b34050290c25b0f7b52a2b8f767df87d,SO68791,4590,BK-M68B-42,2,4590,c135545cc3f3a739132ffdbc8096f3d4
15179,c4369eefdf9bb8a3f9115e96b40aaf17,b34050290c25b0f7b52a2b8f767df87d,SO68791,64,VE-C304-L,1,64,c135545cc3f3a739132ffdbc8096f3d4
15179,c4369eefdf9bb8a3f9115e96b40aaf17,b34050290c25b0f7b52a2b8f767df87d,SO68791,5,WB-H098,1,5,c135545cc3f3a739132ffdbc8096f3d4
15180,175a5d217fad85df9f6639d7ced1e5d9,511572e8a25e86c2f48ae9e6d73a1e6a,SO68936,4640,BK-M68S-38,2,4640,66e56e10b0f528b66a45e307ecdf4774
15180,175a5d217fad85df9f6639d7ced1e5d9,511572e8a25e86c2f48ae9e6d73a1e6a,SO68936,105,HL-U509,3,105,66e56e10b0f528b66a45e307ecdf4774
15180,175a5d217fad85df9f6639d7ced1e5d9,511572e8a25e86c2f48ae9e6d73a1e6a,SO68936,35,TI-M823,1,35,66e56e10b0f528b66a45e307ecdf4774
15180,175a5d217fad85df9f6639d7ced1e5d9,511572e8a25e86c2f48ae9e6d73a1e6a,SO68936,5,TT-M928,1,5,66e56e10b0f528b66a45e307ecdf4774
15180,70dbbfe9e1fafe828bd88bd62f0de8f4,3f9a1152bc048e6eb1f01994b7cf5f9d,SO49990,4142,BK-M68S-46,2,4142,9ee2a0f409662e4664217b7e3b808428
15181,7e15f50bd26e439e6a22f5205a8064db,a1d0c0a14c6c8f8a8ef8220209c23a64,SO67892,4640,BK-M68S-42,2,4640,702a02712215141594ddf8e52b0a651c
15181,7e15f50bd26e439e6a22f5205a8064db,a1d0c0a14c6c8f8a8ef8220209c23a64,SO67892,22,FE-6654,1,22,702a02712215141594ddf8e52b0a651c
15181,7e15f50bd26e439e6a22f5205a8064db,a1d0c0a14c6c8f8a8ef8220209c23a64,SO67892,105,HL-U509-B,3,105,702a02712215141594ddf8e52b0a651c
15181,ceda4a900d234638ff03b93b262b14e6,fd23826ef02908bf7404839a32ae44b4,SO50007,4142,BK-M68S-42,2,4142,fab7b0e87ea51ac9c36bc8aa60ee05bb
15182,a37b3b8ed0bad1707ba2be514cc71f02,95ddec41f799217977c3384c83bfb0ca,SO50139,4142,BK-M68S-38,2,4142,fcf706c3e0fe93da0b11cc32b98eb22b
15182,f06fd077b6afc2d69af6e1e548da266d,c135545cc3f3a739132ffdbc8096f3d4,SO69298,4640,BK-M68S-42,2,4640,175a5d217fad85df9f6639d7ced1e5d9
15183,456c7730e983cabeb11db57ec0801795,1bc9f4b5f1c56b7e2d5b17c27dad280f,SO50001,4142,BK-M68S-38,2,4142,d9cd5832ac6226b16d8669df784e8c52
15183,c885741a5e3e55c84950327011b70289,7e15f50bd26e439e6a22f5205a8064db,SO68662,4590,BK-M68B-38,2,4590,0da2bc000f1fe4ea8746f9aea0bb5879
15183,c885741a5e3e55c84950327011b70289,7e15f50bd26e439e6a22f5205a8064db,SO68662,2,PK-7098,1,2,0da2bc000f1fe4ea8746f9aea0bb5879
15184,702a02712215141594ddf8e52b0a651c,cd15e5f80ff20dd345bfaa51400dd0d6,SO67549,10,BC-M005,1,10,caa707f97407c07371136aaf471a91d4
15184,702a02712215141594ddf8e52b0a651c,cd15e5f80ff20dd345bfaa51400dd0d6,SO67549,4640,BK-M68S-38,2,4640,caa707f97407c07371136aaf471a91d4
15184,702a02712215141594ddf8e52b0a651c,cd15e5f80ff20dd345bfaa51400dd0d6,SO67549,105,HL-U509-B,3,105,caa707f97407c07371136aaf471a91d4
15184,702a02712215141594ddf8e52b0a651c,cd15e5f80ff20dd345bfaa51400dd0d6,SO67549,5,WB-H098,1,5,caa707f97407c07371136aaf471a91d4
15184,fcf706c3e0fe93da0b11cc32b98eb22b,4652a559216121874754c7ecfe692e94,SO50094,4142,BK-M68S-38,2,4142,ff9b4d639b22897f1c0256881eeb8643
15185,5aec9d44b0ac5d0db100a243378111b3,5b52026be4438e7bdff7efad86b3d446,SO49912,4142,BK-M68S-46,2,4142,b7d5a5b8cc647eb5c041cfb92957acb2
15185,fe1fd19c021e78ec395980c2e347865e,16e364d19895243407b256ec272d5394,SO68384,4640,BK-M68S-38,2,4640,63efdd3324df66c9965bd622cdebe06a
15185,fe1fd19c021e78ec395980c2e347865e,16e364d19895243407b256ec272d5394,SO68384,2,PK-7098,1,2,63efdd3324df66c9965bd622cdebe06a
15186,3c8e2c51453f4d665f1050da871dead6,1f50dad3f1493a5cf408c4eb3987479e,SO55393,48,GL-H102-L,2,48,d34ba8f5d7fd7d5959a34c283fbec422
15186,3c8e2c51453f4d665f1050da871dead6,1f50dad3f1493a5cf408c4eb3987479e,SO55393,105,HL-U509,3,105,d34ba8f5d7fd7d5959a34c283fbec422
15186,d612b5fb3f6011688fb0c9927693365a,3e107cd1554225ea3056ed5010adce90,SO74366,2,PK-7098,1,2,a1e59736d286765313b8212467dc64b2
15186,d612b5fb3f6011688fb0c9927693365a,3e107cd1554225ea3056ed5010adce90,SO74366,25,TI-R628,1,25,a1e59736d286765313b8212467dc64b2
15187,013f173c58073e845f675d26fdde1918,ccb91034934bb047c5f6a32eb289b95b,SO60548,10,BC-M005,1,10,d6fb379288416774d139632beb88e26b
15187,013f173c58073e845f675d26fdde1918,ccb91034934bb047c5f6a32eb289b95b,SO60548,4590,BK-M68B-42,2,4590,d6fb379288416774d139632beb88e26b
15187,83d1ed00595e79ee5ea3797e97970fe8,fe1fd19c021e78ec395980c2e347865e,SO69229,2384,BK-T79Y-46,1,2384,705fa39ab40831529471c768490339ab
15187,83d1ed00595e79ee5ea3797e97970fe8,fe1fd19c021e78ec395980c2e347865e,SO69229,2,PK-7098,1,2,705fa39ab40831529471c768490339ab
15187,83d1ed00595e79ee5ea3797e97970fe8,fe1fd19c021e78ec395980c2e347865e,SO69229,29,TI-T723,1,29,705fa39ab40831529471c768490339ab
15187,83d1ed00595e79ee5ea3797e97970fe8,fe1fd19c021e78ec395980c2e347865e,SO69229,5,TT-T092,1,5,705fa39ab40831529471c768490339ab
15188,aa4ae995295bc6ee1d97c709a638619d,e348aa55d5b10dd2c23ab2b7ce7e1e5f,SO46802,1566,BK-R50B-62,2,1566,288d3167bf0dc7676963fa7998052f54
15188,c135545cc3f3a739132ffdbc8096f3d4,36ab6f1df21f3c9a169c8942e981959a,SO68442,769,BK-M38S-46,1,769,511572e8a25e86c2f48ae9e6d73a1e6a
15188,c135545cc3f3a739132ffdbc8096f3d4,36ab6f1df21f3c9a169c8942e981959a,SO68442,27,CA-1098,3,27,511572e8a25e86c2f48ae9e6d73a1e6a
15188,c135545cc3f3a739132ffdbc8096f3d4,36ab6f1df21f3c9a169c8942e981959a,SO68442,70,SH-W890-M,1,70,511572e8a25e86c2f48ae9e6d73a1e6a
15189,7afee94d3e6bff4193546ca658f9d3bf,aa4ae995295bc6ee1d97c709a638619d,SO46896,1566,BK-R50B-58,2,1566,a74d75778ebcaa9a01805f980ea906db
15189,c135545cc3f3a739132ffdbc8096f3d4,36ab6f1df21f3c9a169c8942e981959a,SO68443,769,BK-M38S-46,1,769,511572e8a25e86c2f48ae9e6d73a1e6a
15190,b2ce0ef2540789e8a6976165b6c917d8,128ee9ff420de424a605a0ee4a6f7916,SO72378,27,CA-1098,3,27,dcf73f840a50da0145f24e8e0169dc4b
15190,b2ce0ef2540789e8a6976165b6c917d8,128ee9ff420de424a605a0ee4a6f7916,SO72378,105,HL-U509-R,3,105,dcf73f840a50da0145f24e8e0169dc4b
15190,b2ce0ef2540789e8a6976165b6c917d8,128ee9ff420de424a605a0ee4a6f7916,SO72378,150,LJ-0192-X,3,150,dcf73f840a50da0145f24e8e0169dc4b
15190,b2ce0ef2540789e8a6976165b6c917d8,128ee9ff420de424a605a0ee4a6f7916,SO72378,5,TT-M928,1,5,dcf73f840a50da0145f24e8e0169dc4b
15191,16e364d19895243407b256ec272d5394,4004a117f65dfd3221a9cce8fce5a45f,SO67618,769,BK-M38S-46,1,769,7acd252f45ad6fe668386456a673d543
15191,d3fa88b8a081356f91911e74ecf7e481,4593d632f4e33a6fedc30d17cbdc0c29,SO46765,1566,BK-R50B-58,2,1566,bea2034ab47ba6f72c2dea803bbc3328
15192,5aec9d44b0ac5d0db100a243378111b3,5b52026be4438e7bdff7efad86b3d446,SO49913,4098,BK-M68B-38,2,4098,b7d5a5b8cc647eb5c041cfb92957acb2
15192,b34050290c25b0f7b52a2b8f767df87d,caa707f97407c07371136aaf471a91d4,SO68009,4590,BK-M68B-42,2,4590,36ab6f1df21f3c9a169c8942e981959a
15192,b34050290c25b0f7b52a2b8f767df87d,caa707f97407c07371136aaf471a91d4,SO68009,35,TI-M823,1,35,36ab6f1df21f3c9a169c8942e981959a
15192,b34050290c25b0f7b52a2b8f767df87d,caa707f97407c07371136aaf471a91d4,SO68009,5,TT-M928,1,5,36ab6f1df21f3c9a169c8942e981959a
15193,579ccf7535264274969f909add894a18,bea2034ab47ba6f72c2dea803bbc3328,SO46823,1566,BK-R50R-60,2,1566,c75ebcb138485ff2faa2ca7c6dda6bf5
15193,ccf89c691dabb1412404274596922d90,b0241b451647f25db5f52074445d820c,SO65064,10,BC-M005,1,10,7299e51cfc0d5174743a6701a8a96488
15193,ccf89c691dabb1412404274596922d90,b0241b451647f25db5f52074445d820c,SO65064,4640,BK-M68S-46,2,4640,7299e51cfc0d5174743a6701a8a96488
15193,ccf89c691dabb1412404274596922d90,b0241b451647f25db5f52074445d820c,SO65064,22,FE-6654,1,22,7299e51cfc0d5174743a6701a8a96488
15193,ccf89c691dabb1412404274596922d90,b0241b451647f25db5f52074445d820c,SO65064,105,HL-U509,3,105,7299e51cfc0d5174743a6701a8a96488
15193,ccf89c691dabb1412404274596922d90,b0241b451647f25db5f52074445d820c,SO65064,35,TI-M823,1,35,7299e51cfc0d5174743a6701a8a96488
15193,ccf89c691dabb1412404274596922d90,b0241b451647f25db5f52074445d820c,SO65064,5,WB-H098,1,5,7299e51cfc0d5174743a6701a8a96488
15194,232e830f1ac667c081eaaca23cdf9b5f,4b5c3229e0725ef8d303f494db9faec8,SO64504,4640,BK-M68S-46,2,4640,abe94c2111c58e9c9672602d41bce66e
15194,232e830f1ac667c081eaaca23cdf9b5f,4b5c3229e0725ef8d303f494db9faec8,SO64504,22,FE-6654,1,22,abe94c2111c58e9c9672602d41bce66e
15194,232e830f1ac667c081eaaca23cdf9b5f,4b5c3229e0725ef8d303f494db9faec8,SO64504,9,SO-R809-L,1,9,abe94c2111c58e9c9672602d41bce66e
15194,232e830f1ac667c081eaaca23cdf9b5f,4b5c3229e0725ef8d303f494db9faec8,SO64504,35,TI-M823,1,35,abe94c2111c58e9c9672602d41bce66e
15194,232e830f1ac667c081eaaca23cdf9b5f,4b5c3229e0725ef8d303f494db9faec8,SO64504,5,TT-M928,1,5,abe94c2111c58e9c9672602d41bce66e
15194,c6dec085564ebca8c2e300f077425d2f,fd2d4f3c923f907724bbdb60a26a944e,SO46852,1566,BK-R50B-58,2,1566,1786ecaa04cd18d45fa6519a0c4a5c4a
15195,18f358e551b5b85912bc952ab9894c0d,abe94c2111c58e9c9672602d41bce66e,SO64931,4590,BK-M68B-38,2,4590,a6d37e298c3042e300813f55a17e0875
15195,18f358e551b5b85912bc952ab9894c0d,abe94c2111c58e9c9672602d41bce66e,SO64931,22,FE-6654,1,22,a6d37e298c3042e300813f55a17e0875
15195,18f358e551b5b85912bc952ab9894c0d,abe94c2111c58e9c9672602d41bce66e,SO64931,55,HY-1023-70,1,55,a6d37e298c3042e300813f55a17e0875
15195,c75ebcb138485ff2faa2ca7c6dda6bf5,ebce0865da088132946764a3527b5a4e,SO46787,1566,BK-R50B-58,2,1566,72171e6e7eab0887133ec8422525979d
15196,03bf7d2a8718ee9aca4bd2f37e962fc4,290499d9b8e65db426ba9b842714eb6d,SO63598,4590,BK-M68B-46,2,4590,7130adfd843cdcb6d0bcd9d13792693a
15196,03bf7d2a8718ee9aca4bd2f37e962fc4,290499d9b8e65db426ba9b842714eb6d,SO63598,22,FE-6654,1,22,7130adfd843cdcb6d0bcd9d13792693a
15196,03bf7d2a8718ee9aca4bd2f37e962fc4,290499d9b8e65db426ba9b842714eb6d,SO63598,48,GL-H102-S,2,48,7130adfd843cdcb6d0bcd9d13792693a
15196,03bf7d2a8718ee9aca4bd2f37e962fc4,290499d9b8e65db426ba9b842714eb6d,SO63598,105,HL-U509-R,3,105,7130adfd843cdcb6d0bcd9d13792693a
15196,493ae116dff448cca13e0d6443b3c3c2,579ccf7535264274969f909add894a18,SO46916,1566,BK-R50R-48,2,1566,72514ec24cd9e6144a04f1abf93e0b08
15197,8babade0595c11e14dd89058a850f2cd,a048b8d5f3f9178f163e2be055f0138b,SO73906,10,BC-M005,1,10,501407dcfde5b685045ca3072168d5bb
15197,8babade0595c11e14dd89058a850f2cd,a048b8d5f3f9178f163e2be055f0138b,SO73906,22,FE-6654,1,22,501407dcfde5b685045ca3072168d5bb
15197,8babade0595c11e14dd89058a850f2cd,a048b8d5f3f9178f163e2be055f0138b,SO73906,105,HL-U509-R,3,105,501407dcfde5b685045ca3072168d5bb
15197,8babade0595c11e14dd89058a850f2cd,a048b8d5f3f9178f163e2be055f0138b,SO73906,35,TI-M823,1,35,501407dcfde5b685045ca3072168d5bb
15197,8babade0595c11e14dd89058a850f2cd,a048b8d5f3f9178f163e2be055f0138b,SO73906,5,WB-H098,1,5,501407dcfde5b685045ca3072168d5bb
15197,bb858b10001c01aea17b4e635d0662a2,d612b5fb3f6011688fb0c9927693365a,SO74762,2,PK-7098,1,2,2fb09097185e604aaadbfde958fd6262
15197,bb858b10001c01aea17b4e635d0662a2,d612b5fb3f6011688fb0c9927693365a,SO74762,33,TI-R982,1,33,2fb09097185e604aaadbfde958fd6262
15197,f8025d3776b5f7522a6120cb4e9e0783,2d6e054ac82934d489c58cc8399a1628,SO61615,10,BC-M005,1,10,d945ec2aae74dbfb829453026b91c235
15197,f8025d3776b5f7522a6120cb4e9e0783,2d6e054ac82934d489c58cc8399a1628,SO61615,105,HL-U509-R,3,105,d945ec2aae74dbfb829453026b91c235
15197,f8025d3776b5f7522a6120cb4e9e0783,2d6e054ac82934d489c58cc8399a1628,SO61615,5,WB-H098,1,5,d945ec2aae74dbfb829453026b91c235
15198,dca79d69a6b38e95c4b03bfab997796c,e5bf4a4a03e320ed76cf2ca68fa5b4c0,SO52387,2,PK-7098,1,2,9f79f7706bc6a7654ef0b8977966f69a
15198,dca79d69a6b38e95c4b03bfab997796c,e5bf4a4a03e320ed76cf2ca68fa5b4c0,SO52387,5,TT-M928,1,5,9f79f7706bc6a7654ef0b8977966f69a
15199,237af51ebd50812b99ed354c75c3e11d,59e3b2198b06015c3db5bbabfa658d5a,SO46707,1566,BK-R50B-62,2,1566,4593d632f4e33a6fedc30d17cbdc0c29
15199,c87874400b9f907bdf9ea37d75a4b341,23bd9a9b90557e9da7babfb8e3d2df22,SO64591,4590,BK-M68B-38,2,4590,8b9fe4b34e3c54f08bfcac3d9691e260
15199,c87874400b9f907bdf9ea37d75a4b341,23bd9a9b90557e9da7babfb8e3d2df22,SO64591,2,PK-7098,1,2,8b9fe4b34e3c54f08bfcac3d9691e260
15200,99b7e934795a93975a5e0c0b9b57d9ba,870bd4f3713260418e4f342f31dc7e33,SO63862,4640,BK-M68S-38,2,4640,7a8e187aeb003f6e34c02a4d5b9b153e
15200,99b7e934795a93975a5e0c0b9b57d9ba,870bd4f3713260418e4f342f31dc7e33,SO63862,35,TI-M823,1,35,7a8e187aeb003f6e34c02a4d5b9b153e
15200,99b7e934795a93975a5e0c0b9b57d9ba,870bd4f3713260418e4f342f31dc7e33,SO63862,5,TT-M928,1,5,7a8e187aeb003f6e34c02a4d5b9b153e
15200,b5bd60d2c998267a6b6a11a2521b0b65,540c97e65b08aac734db0196254259fd,SO47183,1566,BK-R50B-60,2,1566,74b4466b347c60a98e00951770d7b9a2
15201,6477c205c5117a9448ba863e111acf32,c926349b55a58d87d7d5008c349fd1e9,SO60875,4640,BK-M68S-42,2,4640,013f173c58073e845f675d26fdde1918
15201,6477c205c5117a9448ba863e111acf32,c926349b55a58d87d7d5008c349fd1e9,SO60875,35,TI-M823,1,35,013f173c58073e845f675d26fdde1918
15201,6477c205c5117a9448ba863e111acf32,c926349b55a58d87d7d5008c349fd1e9,SO60875,5,TT-M928,1,5,013f173c58073e845f675d26fdde1918
15201,f06fd077b6afc2d69af6e1e548da266d,c135545cc3f3a739132ffdbc8096f3d4,SO69301,9,BC-R205,1,9,175a5d217fad85df9f6639d7ced1e5d9
15201,f06fd077b6afc2d69af6e1e548da266d,c135545cc3f3a739132ffdbc8096f3d4,SO69301,2384,BK-T79Y-50,1,2384,175a5d217fad85df9f6639d7ced1e5d9
15201,f06fd077b6afc2d69af6e1e548da266d,c135545cc3f3a739132ffdbc8096f3d4,SO69301,105,HL-U509-R,3,105,175a5d217fad85df9f6639d7ced1e5d9
15201,f06fd077b6afc2d69af6e1e548da266d,c135545cc3f3a739132ffdbc8096f3d4,SO69301,5,WB-H098,1,5,175a5d217fad85df9f6639d7ced1e5d9
15202,ba19c22033aaecc6c5dad47f63e5858c,8dd08d219271ec96c543f486de430703,SO63026,8,CL-9009,1,8,16918840d98f27ce45948fe73dd5592f
15202,ba19c22033aaecc6c5dad47f63e5858c,8dd08d219271ec96c543f486de430703,SO63026,5,TT-M928,1,5,16918840d98f27ce45948fe73dd5592f
15203,540c97e65b08aac734db0196254259fd,c6dec085564ebca8c2e300f077425d2f,SO47081,1566,BK-R50B-48,2,1566,6fc36aded95458634a0e8ab8b9ebc24a
15203,c87874400b9f907bdf9ea37d75a4b341,23bd9a9b90557e9da7babfb8e3d2df22,SO64587,10,BC-M005,1,10,8b9fe4b34e3c54f08bfcac3d9691e260
15203,c87874400b9f907bdf9ea37d75a4b341,23bd9a9b90557e9da7babfb8e3d2df22,SO64587,4590,BK-M68B-38,2,4590,8b9fe4b34e3c54f08bfcac3d9691e260
15203,c87874400b9f907bdf9ea37d75a4b341,23bd9a9b90557e9da7babfb8e3d2df22,SO64587,55,HY-1023-70,1,55,8b9fe4b34e3c54f08bfcac3d9691e260
15203,c87874400b9f907bdf9ea37d75a4b341,23bd9a9b90557e9da7babfb8e3d2df22,SO64587,64,VE-C304-L,1,64,8b9fe4b34e3c54f08bfcac3d9691e260
15203,c87874400b9f907bdf9ea37d75a4b341,23bd9a9b90557e9da7babfb8e3d2df22,SO64587,5,WB-H098,1,5,8b9fe4b34e3c54f08bfcac3d9691e260
15204,70dbbfe9e1fafe828bd88bd62f0de8f4,3f9a1152bc048e6eb1f01994b7cf5f9d,SO49987,4098,BK-M68B-46,2,4098,9ee2a0f409662e4664217b7e3b808428
15204,c135545cc3f3a739132ffdbc8096f3d4,36ab6f1df21f3c9a169c8942e981959a,SO68445,4640,BK-M68S-38,2,4640,511572e8a25e86c2f48ae9e6d73a1e6a
15204,c135545cc3f3a739132ffdbc8096f3d4,36ab6f1df21f3c9a169c8942e981959a,SO68445,105,HL-U509,3,105,511572e8a25e86c2f48ae9e6d73a1e6a
15204,c135545cc3f3a739132ffdbc8096f3d4,36ab6f1df21f3c9a169c8942e981959a,SO68445,35,TI-M823,1,35,511572e8a25e86c2f48ae9e6d73a1e6a
15204,c135545cc3f3a739132ffdbc8096f3d4,36ab6f1df21f3c9a169c8942e981959a,SO68445,5,TT-M928,1,5,511572e8a25e86c2f48ae9e6d73a1e6a
15205,95ddec41f799217977c3384c83bfb0ca,f6a3074075f513ac39071601eaf0195a,SO50026,4142,BK-M68S-46,2,4142,4652a559216121874754c7ecfe692e94
15205,f06fd077b6afc2d69af6e1e548da266d,c135545cc3f3a739132ffdbc8096f3d4,SO69294,4640,BK-M68S-42,2,4640,175a5d217fad85df9f6639d7ced1e5d9
15205,f06fd077b6afc2d69af6e1e548da266d,c135545cc3f3a739132ffdbc8096f3d4,SO69294,2,PK-7098,1,2,175a5d217fad85df9f6639d7ced1e5d9
15205,f06fd077b6afc2d69af6e1e548da266d,c135545cc3f3a739132ffdbc8096f3d4,SO69294,35,TI-M823,1,35,175a5d217fad85df9f6639d7ced1e5d9
15205,f06fd077b6afc2d69af6e1e548da266d,c135545cc3f3a739132ffdbc8096f3d4,SO69294,5,TT-M928,1,5,175a5d217fad85df9f6639d7ced1e5d9
15206,4a800301260b2639fa1ec3efafb5f86c,23f22724b430320654759f8512440ebc,SO59144,105,HL-U509,3,105,a189cc17a15cdb4e39e80dfcd8374c76
15206,4a800301260b2639fa1ec3efafb5f86c,23f22724b430320654759f8512440ebc,SO59144,25,TI-R628,1,25,a189cc17a15cdb4e39e80dfcd8374c76
15206,4a800301260b2639fa1ec3efafb5f86c,23f22724b430320654759f8512440ebc,SO59144,4,TT-R982,1,4,a189cc17a15cdb4e39e80dfcd8374c76
15206,c4369eefdf9bb8a3f9115e96b40aaf17,b34050290c25b0f7b52a2b8f767df87d,SO68744,105,HL-U509-B,3,105,c135545cc3f3a739132ffdbc8096f3d4
15207,5aec9d44b0ac5d0db100a243378111b3,5b52026be4438e7bdff7efad86b3d446,SO49914,4142,BK-M68S-46,2,4142,b7d5a5b8cc647eb5c041cfb92957acb2
15207,f06fd077b6afc2d69af6e1e548da266d,c135545cc3f3a739132ffdbc8096f3d4,SO69295,4640,BK-M68S-46,2,4640,175a5d217fad85df9f6639d7ced1e5d9
15207,f06fd077b6afc2d69af6e1e548da266d,c135545cc3f3a739132ffdbc8096f3d4,SO69295,55,HY-1023-70,1,55,175a5d217fad85df9f6639d7ced1e5d9
15208,4652a559216121874754c7ecfe692e94,9c36ef758665a17e1eeb69b7f8fce1c6,SO49971,4098,BK-M68B-38,2,4098,8dd3ccb09d6ab7dd754ab887e66e8652
15208,4efe8b2ca156042f8a3d8dd6aba54520,e2f0a420a4c1a9e8e292761f835e0489,SO66319,769,BK-M38S-46,1,769,e82ca4c6beebe812f10fa1041b97a160
15208,4efe8b2ca156042f8a3d8dd6aba54520,e2f0a420a4c1a9e8e292761f835e0489,SO66319,27,CA-1098,3,27,e82ca4c6beebe812f10fa1041b97a160
15208,4efe8b2ca156042f8a3d8dd6aba54520,e2f0a420a4c1a9e8e292761f835e0489,SO66319,70,SH-W890-M,1,70,e82ca4c6beebe812f10fa1041b97a160
15208,4efe8b2ca156042f8a3d8dd6aba54520,e2f0a420a4c1a9e8e292761f835e0489,SO66319,54,SJ-0194-X,1,54,e82ca4c6beebe812f10fa1041b97a160
15209,52bde41d0f4e244c3d741707e5f19618,ceda4a900d234638ff03b93b262b14e6,SO50125,4098,BK-M68B-38,2,4098,c9e159941f9c2ce8daa7b4737e7f8552
15209,8e8847c1bdf012037ee13bb62da8a5c1,c507827aa5f4f6bbedf64058461c621b,SO67205,769,BK-M38S-42,1,769,6dd75c28a9a8a39e02bc0a175f82a9f3
15209,8e8847c1bdf012037ee13bb62da8a5c1,c507827aa5f4f6bbedf64058461c621b,SO67205,27,CA-1098,3,27,6dd75c28a9a8a39e02bc0a175f82a9f3
15209,8e8847c1bdf012037ee13bb62da8a5c1,c507827aa5f4f6bbedf64058461c621b,SO67205,105,HL-U509-R,3,105,6dd75c28a9a8a39e02bc0a175f82a9f3
15209,8e8847c1bdf012037ee13bb62da8a5c1,c507827aa5f4f6bbedf64058461c621b,SO67205,54,SJ-0194-X,1,54,6dd75c28a9a8a39e02bc0a175f82a9f3
15210,16e364d19895243407b256ec272d5394,4004a117f65dfd3221a9cce8fce5a45f,SO67577,769,BK-M38S-40,1,769,7acd252f45ad6fe668386456a673d543
15210,16e364d19895243407b256ec272d5394,4004a117f65dfd3221a9cce8fce5a45f,SO67577,22,FE-6654,1,22,7acd252f45ad6fe668386456a673d543
15210,16e364d19895243407b256ec272d5394,4004a117f65dfd3221a9cce8fce5a45f,SO67577,64,VE-C304-M,1,64,7acd252f45ad6fe668386456a673d543
15210,9ee2a0f409662e4664217b7e3b808428,19fce68d7871e14df67c5940bc0ca8ab,SO49944,4142,BK-M68S-42,2,4142,fd23826ef02908bf7404839a32ae44b4
15211,4652a559216121874754c7ecfe692e94,9c36ef758665a17e1eeb69b7f8fce1c6,SO49972,4142,BK-M68S-46,2,4142,8dd3ccb09d6ab7dd754ab887e66e8652
15211,6a8d7e42bb852c45fbf8610361d391a0,3f72b837978dcd042b73e7270f11a4ca,SO71131,769,BK-M38S-42,1,769,49fce086a31f1cfcf16b54e462f7cbc0
15211,6a8d7e42bb852c45fbf8610361d391a0,3f72b837978dcd042b73e7270f11a4ca,SO71131,70,SH-W890-L,1,70,49fce086a31f1cfcf16b54e462f7cbc0
15212,5cbbe853aa1a5a1370f9a614904c4b15,86e0fc464cbb08ae74bd039224afec9a,SO73584,105,HL-U509-B,3,105,47a161474962a6dcc03cfa64127a641f
15212,5cbbe853aa1a5a1370f9a614904c4b15,86e0fc464cbb08ae74bd039224afec9a,SO73584,25,TI-R628,1,25,47a161474962a6dcc03cfa64127a641f
15212,5cbbe853aa1a5a1370f9a614904c4b15,86e0fc464cbb08ae74bd039224afec9a,SO73584,4,TT-R982,1,4,47a161474962a6dcc03cfa64127a641f
15212,a2c49941411089cb2a9cbf78cb803c26,73a69a5c77a7d23172e54d7ce07a638e,SO56132,5,TT-T092,1,5,39fe373cdcb4534addde73890415b660
15213,128ee9ff420de424a605a0ee4a6f7916,fee8e08233f3f00450bce31967abb0f1,SO71419,769,BK-M38S-42,1,769,2797a91b25bc2aa85124c99bc574dc83
15213,fab7b0e87ea51ac9c36bc8aa60ee05bb,bfe24702a7cb81c4620880adb1bf9ffe,SO49953,4098,BK-M68B-42,2,4098,5aec9d44b0ac5d0db100a243378111b3
15214,6e32728b966bb91cefefa1316da21ca8,b322422d9a721bbdefa133133dd407c1,SO67742,4640,BK-M68S-46,2,4640,de5009f9bf3e9725d2381f4a5e913111
15214,6e32728b966bb91cefefa1316da21ca8,b322422d9a721bbdefa133133dd407c1,SO67742,48,GL-H102-L,2,48,de5009f9bf3e9725d2381f4a5e913111
15214,6e32728b966bb91cefefa1316da21ca8,b322422d9a721bbdefa133133dd407c1,SO67742,105,HL-U509,3,105,de5009f9bf3e9725d2381f4a5e913111
15214,6e32728b966bb91cefefa1316da21ca8,b322422d9a721bbdefa133133dd407c1,SO67742,35,TI-M823,1,35,de5009f9bf3e9725d2381f4a5e913111
15214,6e32728b966bb91cefefa1316da21ca8,b322422d9a721bbdefa133133dd407c1,SO67742,5,TT-M928,1,5,de5009f9bf3e9725d2381f4a5e913111
15214,8092e44fa2e2a2ee34e25210038fe274,b1ad26241c636eff92eee5bae93235ce,SO50499,4142,BK-M68S-38,2,4142,aa42aae45cd2488a20db2ff74ed044f7
15215,7b6fb99e007535aabcd19741210af47d,086ede30a02aceddb0b53ef006935d73,SO50515,4098,BK-M68B-38,2,4098,7f480de9e8eb6071d108895ecf71651d
15215,8eb7a1b0dba9fdd5f4248b9cb6b9119b,9f1ff00ea8fd9fd8f2d421ba5ec45a18,SO68251,4640,BK-M68S-46,2,4640,c7390752782466cfc9a3ed7d3a79e046
15215,8eb7a1b0dba9fdd5f4248b9cb6b9119b,9f1ff00ea8fd9fd8f2d421ba5ec45a18,SO68251,48,GL-H102-M,2,48,c7390752782466cfc9a3ed7d3a79e046
15215,8eb7a1b0dba9fdd5f4248b9cb6b9119b,9f1ff00ea8fd9fd8f2d421ba5ec45a18,SO68251,105,HL-U509-R,3,105,c7390752782466cfc9a3ed7d3a79e046
15215,8eb7a1b0dba9fdd5f4248b9cb6b9119b,9f1ff00ea8fd9fd8f2d421ba5ec45a18,SO68251,35,TI-M823,1,35,c7390752782466cfc9a3ed7d3a79e046
15215,8eb7a1b0dba9fdd5f4248b9cb6b9119b,9f1ff00ea8fd9fd8f2d421ba5ec45a18,SO68251,5,TT-M928,1,5,c7390752782466cfc9a3ed7d3a79e046
15216,a9cefc49af6424b430612adfc69876ee,d34ba8f5d7fd7d5959a34c283fbec422,SO55819,10,BC-M005,1,10,59c3d64cb01cd5ad7fd25246d81a55ff
15216,a9cefc49af6424b430612adfc69876ee,d34ba8f5d7fd7d5959a34c283fbec422,SO55819,48,GL-H102-M,2,48,59c3d64cb01cd5ad7fd25246d81a55ff
15216,a9cefc49af6424b430612adfc69876ee,d34ba8f5d7fd7d5959a34c283fbec422,SO55819,105,HL-U509-R,3,105,59c3d64cb01cd5ad7fd25246d81a55ff
15216,a9cefc49af6424b430612adfc69876ee,d34ba8f5d7fd7d5959a34c283fbec422,SO55819,5,WB-H098,1,5,59c3d64cb01cd5ad7fd25246d81a55ff
15216,d6ec5bff1a0809822c740ce35792fa7a,db2b287636ac5ebda430de4f3f643b24,SO52580,2,PK-7098,1,2,6be9692276a308e4b872323af1ad8fe2
15216,d6ec5bff1a0809822c740ce35792fa7a,db2b287636ac5ebda430de4f3f643b24,SO52580,25,TI-R628,1,25,6be9692276a308e4b872323af1ad8fe2
15217,c4c454d69a39e60a6f5cf2f97148adad,49fce086a31f1cfcf16b54e462f7cbc0,SO71567,10,BC-M005,1,10,31c99d724c1f182c60edb82eb4740277
15217,deff8ad81a213d1110c1f409a7f40fcd,b8cc77f0099ae7d3a20b9f0b74d70b12,SO52780,2,PK-7098,1,2,f04e53711455521533f4c5ed7dcaa287
15217,deff8ad81a213d1110c1f409a7f40fcd,b8cc77f0099ae7d3a20b9f0b74d70b12,SO52780,25,TI-R628,1,25,f04e53711455521533f4c5ed7dcaa287
15217,deff8ad81a213d1110c1f409a7f40fcd,b8cc77f0099ae7d3a20b9f0b74d70b12,SO52780,4,TT-R982,1,4,f04e53711455521533f4c5ed7dcaa287
15218,1022f3e1145b30057972239301ce3382,90f30c53e79c8b6bcde12e74a091432c,SO50634,4098,BK-M68B-46,2,4098,8d35d0f6487ae6100c95dad89a4a414f
15218,9f1ff00ea8fd9fd8f2d421ba5ec45a18,f88b3743a9ce1f9455b6de69380b486a,SO67462,4590,BK-M68B-46,2,4590,0001ffe4d82d0d8f9fec5ab0b4faa2db
15218,9f1ff00ea8fd9fd8f2d421ba5ec45a18,f88b3743a9ce1f9455b6de69380b486a,SO67462,55,HY-1023-70,1,55,0001ffe4d82d0d8f9fec5ab0b4faa2db
15219,702a02712215141594ddf8e52b0a651c,cd15e5f80ff20dd345bfaa51400dd0d6,SO67550,4590,BK-M68B-42,2,4590,caa707f97407c07371136aaf471a91d4
15219,702a02712215141594ddf8e52b0a651c,cd15e5f80ff20dd345bfaa51400dd0d6,SO67550,55,HY-1023-70,1,55,caa707f97407c07371136aaf471a91d4
15219,aa42aae45cd2488a20db2ff74ed044f7,e8e793c69d6c0688e51cf9bd1abe03b3,SO50448,4098,BK-M68B-38,2,4098,8242bea4faa7e8112c9c701d437fbe67
15220,3fe686907939d07097f6c87f08025422,8eb7a1b0dba9fdd5f4248b9cb6b9119b,SO69064,4590,BK-M68B-42,2,4590,e5114f65ece65e14e7b721dab1e674e0
15220,3fe686907939d07097f6c87f08025422,8eb7a1b0dba9fdd5f4248b9cb6b9119b,SO69064,35,TI-M823,1,35,e5114f65ece65e14e7b721dab1e674e0
15220,3fe686907939d07097f6c87f08025422,8eb7a1b0dba9fdd5f4248b9cb6b9119b,SO69064,5,TT-M928,1,5,e5114f65ece65e14e7b721dab1e674e0
15220,f7b0a9ecc2f6023330b7a948b9e76688,8092e44fa2e2a2ee34e25210038fe274,SO50611,4098,BK-M68B-46,2,4098,c8f4a6002944b338d50dcc7eb3b056c8
15221,175a5d217fad85df9f6639d7ced1e5d9,511572e8a25e86c2f48ae9e6d73a1e6a,SO68931,4590,BK-M68B-46,2,4590,66e56e10b0f528b66a45e307ecdf4774
15221,175a5d217fad85df9f6639d7ced1e5d9,511572e8a25e86c2f48ae9e6d73a1e6a,SO68931,22,FE-6654,1,22,66e56e10b0f528b66a45e307ecdf4774
15221,175a5d217fad85df9f6639d7ced1e5d9,511572e8a25e86c2f48ae9e6d73a1e6a,SO68931,48,GL-H102-S,2,48,66e56e10b0f528b66a45e307ecdf4774
15221,175a5d217fad85df9f6639d7ced1e5d9,511572e8a25e86c2f48ae9e6d73a1e6a,SO68931,105,HL-U509-B,3,105,66e56e10b0f528b66a45e307ecdf4774
15221,6e3dbba03ae025e8c1552d05a28ddae3,18ed686c4efc5757b5c809cfcc456ce1,SO50467,4142,BK-M68S-46,2,4142,10286aa18ba7fc1d175af14353ff81c6
15222,39ff8ac1e8a44088f96e17b846ec8baf,9a95fdf4e925d9cbd65f87b5aa4ac212,SO60388,105,HL-U509-B,3,105,c926349b55a58d87d7d5008c349fd1e9
15222,83d1ed00595e79ee5ea3797e97970fe8,fe1fd19c021e78ec395980c2e347865e,SO69163,48,GL-H102-L,2,48,705fa39ab40831529471c768490339ab
15222,83d1ed00595e79ee5ea3797e97970fe8,fe1fd19c021e78ec395980c2e347865e,SO69163,105,HL-U509-R,3,105,705fa39ab40831529471c768490339ab
15222,83d1ed00595e79ee5ea3797e97970fe8,fe1fd19c021e78ec395980c2e347865e,SO69163,25,TI-R628,1,25,705fa39ab40831529471c768490339ab
15222,83d1ed00595e79ee5ea3797e97970fe8,fe1fd19c021e78ec395980c2e347865e,SO69163,4,TT-R982,1,4,705fa39ab40831529471c768490339ab
15223,10286aa18ba7fc1d175af14353ff81c6,decf9fc89a1038c423f1bef01a953ac9,SO50422,4142,BK-M68S-38,2,4142,34ac3f5a318d1a93a8a4ad7dfac9fb98
15223,63efdd3324df66c9965bd622cdebe06a,7acd252f45ad6fe668386456a673d543,SO68065,4590,BK-M68B-42,2,4590,6e32728b966bb91cefefa1316da21ca8
15224,a976f17830aceaaa93d5daef0bc209a3,d9f7611cf8d29b48a1d3d8fddb8c5b2e,SO57481,8,CL-9009,1,8,0e23f371129aecc6b2033620b226f8d7
15224,a976f17830aceaaa93d5daef0bc209a3,d9f7611cf8d29b48a1d3d8fddb8c5b2e,SO57481,25,TI-R628,1,25,0e23f371129aecc6b2033620b226f8d7
15224,a976f17830aceaaa93d5daef0bc209a3,d9f7611cf8d29b48a1d3d8fddb8c5b2e,SO57481,4,TT-R982,1,4,0e23f371129aecc6b2033620b226f8d7
15224,d5985f40495ba672dff8a99620b879c8,a9adf65abbb865184bf924d14a93d0c4,SO71496,105,HL-U509-B,3,105,8f472ffe3ff3109f420ae91355ff8f3f
15225,3fe686907939d07097f6c87f08025422,8eb7a1b0dba9fdd5f4248b9cb6b9119b,SO69065,4590,BK-M68B-46,2,4590,e5114f65ece65e14e7b721dab1e674e0
15225,3fe686907939d07097f6c87f08025422,8eb7a1b0dba9fdd5f4248b9cb6b9119b,SO69065,35,TI-M823,1,35,e5114f65ece65e14e7b721dab1e674e0
15225,af04e65ff21d922e75b51466fd45d408,fcf706c3e0fe93da0b11cc32b98eb22b,SO50345,4142,BK-M68S-42,2,4142,b60bd79b871d7c3345674370fa4dda03
15226,2d3821c62d6665c47296272022e338e1,34ac3f5a318d1a93a8a4ad7dfac9fb98,SO50490,4142,BK-M68S-38,2,4142,5d8c6714b72d01c132804ea13b83dd02
15226,66e56e10b0f528b66a45e307ecdf4774,691ad1b0dca3643b923973defd014d47,SO68605,4640,BK-M68S-42,2,4640,8eb7a1b0dba9fdd5f4248b9cb6b9119b
15227,28ba281a58dae2613cc89f9d101be807,f1877c1756a68271d12db39ddc87dad7,SO50457,4098,BK-M68B-38,2,4098,086ede30a02aceddb0b53ef006935d73
15227,fff3c307c93eda1eb91d53ca588846fe,4584ca349e0920f4436a3c2f36158b85,SO69371,4590,BK-M68B-38,2,4590,70951886788165a5e2439adfce4d0cce
15227,fff3c307c93eda1eb91d53ca588846fe,4584ca349e0920f4436a3c2f36158b85,SO69371,22,FE-6654,1,22,70951886788165a5e2439adfce4d0cce
15227,fff3c307c93eda1eb91d53ca588846fe,4584ca349e0920f4436a3c2f36158b85,SO69371,35,TI-M823,1,35,70951886788165a5e2439adfce4d0cce
15227,fff3c307c93eda1eb91d53ca588846fe,4584ca349e0920f4436a3c2f36158b85,SO69371,5,TT-M928,1,5,70951886788165a5e2439adfce4d0cce
15227,fff3c307c93eda1eb91d53ca588846fe,4584ca349e0920f4436a3c2f36158b85,SO69371,64,VE-C304-S,1,64,70951886788165a5e2439adfce4d0cce
15228,0da2bc000f1fe4ea8746f9aea0bb5879,702a02712215141594ddf8e52b0a651c,SO68326,4590,BK-M68B-46,2,4590,b34050290c25b0f7b52a2b8f767df87d
15228,0da2bc000f1fe4ea8746f9aea0bb5879,702a02712215141594ddf8e52b0a651c,SO68326,27,CA-1098,3,27,b34050290c25b0f7b52a2b8f767df87d
15228,0da2bc000f1fe4ea8746f9aea0bb5879,702a02712215141594ddf8e52b0a651c,SO68326,22,FE-6654,1,22,b34050290c25b0f7b52a2b8f767df87d
15228,c8f4a6002944b338d50dcc7eb3b056c8,aa42aae45cd2488a20db2ff74ed044f7,SO50559,4098,BK-M68B-42,2,4098,90f30c53e79c8b6bcde12e74a091432c
15229,086ede30a02aceddb0b53ef006935d73,a37b3b8ed0bad1707ba2be514cc71f02,SO50406,4098,BK-M68B-42,2,4098,af04e65ff21d922e75b51466fd45d408
15229,e84848120190a8d0e696fbeb15647a74,fff3c307c93eda1eb91d53ca588846fe,SO70436,10,BC-M005,1,10,f544b472453b297a8b55709fbfd3746d
15229,e84848120190a8d0e696fbeb15647a74,fff3c307c93eda1eb91d53ca588846fe,SO70436,769,BK-M38S-38,1,769,f544b472453b297a8b55709fbfd3746d
15229,e84848120190a8d0e696fbeb15647a74,fff3c307c93eda1eb91d53ca588846fe,SO70436,5,WB-H098,1,5,f544b472453b297a8b55709fbfd3746d
15230,56e52500a7f5ab963646137a401683cd,df09a3a727ac0f29208c5ef3bf7625e6,SO74656,27,CA-1098,3,27,13b7c2277967bc61802018c764b5b2a0
15230,56e52500a7f5ab963646137a401683cd,df09a3a727ac0f29208c5ef3bf7625e6,SO74656,105,HL-U509-B,3,105,13b7c2277967bc61802018c764b5b2a0
15230,56e52500a7f5ab963646137a401683cd,df09a3a727ac0f29208c5ef3bf7625e6,SO74656,150,LJ-0192-L,3,150,13b7c2277967bc61802018c764b5b2a0
15230,c87874400b9f907bdf9ea37d75a4b341,23bd9a9b90557e9da7babfb8e3d2df22,SO64526,120,RA-H123,1,120,8b9fe4b34e3c54f08bfcac3d9691e260
15230,c87874400b9f907bdf9ea37d75a4b341,23bd9a9b90557e9da7babfb8e3d2df22,SO64526,25,TI-R628,1,25,8b9fe4b34e3c54f08bfcac3d9691e260
15230,c87874400b9f907bdf9ea37d75a4b341,23bd9a9b90557e9da7babfb8e3d2df22,SO64526,4,TT-R982,1,4,8b9fe4b34e3c54f08bfcac3d9691e260
15231,01e8942a5792053a553c4612bd6c06a6,6583882ca853d66524856501b27519f5,SO74690,2,PK-7098,1,2,722dc621a1a56555843f574144bfcdf0
15231,01e8942a5792053a553c4612bd6c06a6,6583882ca853d66524856501b27519f5,SO74690,25,TI-R628,1,25,722dc621a1a56555843f574144bfcdf0
15231,01e8942a5792053a553c4612bd6c06a6,6583882ca853d66524856501b27519f5,SO74690,4,TT-R982,1,4,722dc621a1a56555843f574144bfcdf0
15231,702a02712215141594ddf8e52b0a651c,cd15e5f80ff20dd345bfaa51400dd0d6,SO67491,48,GL-H102-S,2,48,caa707f97407c07371136aaf471a91d4
15231,702a02712215141594ddf8e52b0a651c,cd15e5f80ff20dd345bfaa51400dd0d6,SO67491,105,HL-U509,3,105,caa707f97407c07371136aaf471a91d4
15232,883b9b4170853b321c03290f64ba199f,412998e77ee121227580e3d363f75fa2,SO60648,10,BC-M005,1,10,af1457846a79173ef71dd9d5dd69805a
15232,883b9b4170853b321c03290f64ba199f,412998e77ee121227580e3d363f75fa2,SO60648,5,WB-H098,1,5,af1457846a79173ef71dd9d5dd69805a
15232,c87874400b9f907bdf9ea37d75a4b341,23bd9a9b90557e9da7babfb8e3d2df22,SO64527,25,TI-R628,1,25,8b9fe4b34e3c54f08bfcac3d9691e260
15233,cd15e5f80ff20dd345bfaa51400dd0d6,3a2f313512bb520c43971e54ba834dec,SO66644,25,TI-R628,1,25,4efe8b2ca156042f8a3d8dd6aba54520
15233,f8025d3776b5f7522a6120cb4e9e0783,2d6e054ac82934d489c58cc8399a1628,SO61600,105,HL-U509-R,3,105,d945ec2aae74dbfb829453026b91c235
15234,7b0730955172ecda497d7cca6b1d87a1,d3c54b4368c62c2ff11535bf2b677170,SO54981,105,HL-U509-R,3,105,5a06908cc28b799b04fc1c47664462e6
15234,ba19c22033aaecc6c5dad47f63e5858c,8dd08d219271ec96c543f486de430703,SO63006,25,TI-R628,1,25,16918840d98f27ce45948fe73dd5592f
15235,2d6e054ac82934d489c58cc8399a1628,ce08c22f7777768ce4197eab9727516c,SO60769,10,BC-M005,1,10,348f48807f500aeac729fb17d9bc97f1
15235,2d6e054ac82934d489c58cc8399a1628,ce08c22f7777768ce4197eab9727516c,SO60769,8,CL-9009,1,8,348f48807f500aeac729fb17d9bc97f1
15235,2d6e054ac82934d489c58cc8399a1628,ce08c22f7777768ce4197eab9727516c,SO60769,55,HY-1023-70,1,55,348f48807f500aeac729fb17d9bc97f1
15235,ccf89c691dabb1412404274596922d90,b0241b451647f25db5f52074445d820c,SO65024,105,HL-U509-B,3,105,7299e51cfc0d5174743a6701a8a96488
15235,ccf89c691dabb1412404274596922d90,b0241b451647f25db5f52074445d820c,SO65024,54,SJ-0194-X,1,54,7299e51cfc0d5174743a6701a8a96488
15235,ccf89c691dabb1412404274596922d90,b0241b451647f25db5f52074445d820c,SO65024,25,TI-R628,1,25,7299e51cfc0d5174743a6701a8a96488
15235,ccf89c691dabb1412404274596922d90,b0241b451647f25db5f52074445d820c,SO65024,4,TT-R982,1,4,7299e51cfc0d5174743a6701a8a96488
15236,ad0b7f5ad35732646f1e5f67418d5995,244cede513841376c37dc856f2f5e7b9,SO59279,105,HL-U509-R,3,105,0df76889b3e31ccfd17b50cc73baef03
15236,ad0b7f5ad35732646f1e5f67418d5995,244cede513841376c37dc856f2f5e7b9,SO59279,54,SJ-0194-S,1,54,0df76889b3e31ccfd17b50cc73baef03
15236,d6ab5a0eee939524352092b964d92b84,106dfbaf552c07a1b08d065f2c343982,SO55181,27,CA-1098,3,27,3c4bf68562424c26986beae6ce13704a
15236,d6ab5a0eee939524352092b964d92b84,106dfbaf552c07a1b08d065f2c343982,SO55181,25,TI-R628,1,25,3c4bf68562424c26986beae6ce13704a
15236,d6ab5a0eee939524352092b964d92b84,106dfbaf552c07a1b08d065f2c343982,SO55181,4,TT-R982,1,4,3c4bf68562424c26986beae6ce13704a
15237,7254e54716fe52361e62aa16ea2e0797,6eaadc1181f307997dc853d9ed40db36,SO59417,105,HL-U509,3,105,e7df1b3ee078bdcfc260a877f321287d
15237,c4369eefdf9bb8a3f9115e96b40aaf17,b34050290c25b0f7b52a2b8f767df87d,SO68740,2,PK-7098,1,2,c135545cc3f3a739132ffdbc8096f3d4
15237,c4369eefdf9bb8a3f9115e96b40aaf17,b34050290c25b0f7b52a2b8f767df87d,SO68740,25,TI-R628,1,25,c135545cc3f3a739132ffdbc8096f3d4
15237,c4369eefdf9bb8a3f9115e96b40aaf17,b34050290c25b0f7b52a2b8f767df87d,SO68740,4,TT-R982,1,4,c135545cc3f3a739132ffdbc8096f3d4
15238,0da2bc000f1fe4ea8746f9aea0bb5879,702a02712215141594ddf8e52b0a651c,SO68269,105,HL-U509,3,105,b34050290c25b0f7b52a2b8f767df87d
15238,0da2bc000f1fe4ea8746f9aea0bb5879,702a02712215141594ddf8e52b0a651c,SO68269,25,TI-R628,1,25,b34050290c25b0f7b52a2b8f767df87d
15238,0da2bc000f1fe4ea8746f9aea0bb5879,702a02712215141594ddf8e52b0a651c,SO68269,4,TT-R982,1,4,b34050290c25b0f7b52a2b8f767df87d
15238,c660dc308b247ce08aeecd155306bae0,e7df1b3ee078bdcfc260a877f321287d,SO59918,105,HL-U509-B,3,105,9a95fdf4e925d9cbd65f87b5aa4ac212
15239,8c9ec1be720ee75d56d0c250d10610fa,16918840d98f27ce45948fe73dd5592f,SO63627,48,GL-H102-L,2,48,81a5d08c6beaeec9e42baae5d63dd780
15239,8c9ec1be720ee75d56d0c250d10610fa,16918840d98f27ce45948fe73dd5592f,SO63627,105,HL-U509-B,3,105,81a5d08c6beaeec9e42baae5d63dd780
15239,95103530881768b5cfc7e33970db9cd7,2ed3972e38245b633ec6b146c2970148,SO62397,105,HL-U509-R,3,105,305c66634c155cab2b5cc3ce00351eb1
15239,95103530881768b5cfc7e33970db9cd7,2ed3972e38245b633ec6b146c2970148,SO62397,25,TI-R628,1,25,305c66634c155cab2b5cc3ce00351eb1
15239,95103530881768b5cfc7e33970db9cd7,2ed3972e38245b633ec6b146c2970148,SO62397,4,TT-R982,1,4,305c66634c155cab2b5cc3ce00351eb1
15240,94c60e0b5e2b0f78b919a5d4c67d70a2,0d15ba5aa4c9ad0377b26e0cf7a86280,SO62166,10,BC-M005,1,10,9913e55755fcc4267a06c1e6adbbc7fb
15240,c5ed53572c667b119dde2fc0f54de602,0d3057f268050d468f468434f8ec809a,SO72790,105,HL-U509-R,3,105,e366e24b8ad0b1107528f2f58cd15a81
15240,c5ed53572c667b119dde2fc0f54de602,0d3057f268050d468f468434f8ec809a,SO72790,25,TI-R628,1,25,e366e24b8ad0b1107528f2f58cd15a81
15240,c5ed53572c667b119dde2fc0f54de602,0d3057f268050d468f468434f8ec809a,SO72790,4,TT-R982,1,4,e366e24b8ad0b1107528f2f58cd15a81
15241,4b5c3229e0725ef8d303f494db9faec8,f46ace11e93788e473124f7be16a19d5,SO63691,10,BC-M005,1,10,0149f124a48640c62d90840ac5760331
15241,4b5c3229e0725ef8d303f494db9faec8,f46ace11e93788e473124f7be16a19d5,SO63691,8,CL-9009,1,8,0149f124a48640c62d90840ac5760331
15241,4b5c3229e0725ef8d303f494db9faec8,f46ace11e93788e473124f7be16a19d5,SO63691,5,WB-H098,1,5,0149f124a48640c62d90840ac5760331
15241,f46ace11e93788e473124f7be16a19d5,5c741aa8e0753be65314a304e7b39c14,SO62752,25,TI-R628,1,25,4555f65c4664801d78b9f5477f89d8fd
15241,f46ace11e93788e473124f7be16a19d5,5c741aa8e0753be65314a304e7b39c14,SO62752,4,TT-R982,1,4,4555f65c4664801d78b9f5477f89d8fd
15242,3f0c8308e4e2e5c4ddc1b7e19304f613,61e00b038efd34bdf9c747596273cbcf,SO64792,10,BC-M005,1,10,232e830f1ac667c081eaaca23cdf9b5f
15242,d4746e41b619da57ee9f1a2e2cc254e8,81a5d08c6beaeec9e42baae5d63dd780,SO64055,2,PK-7098,1,2,23bd9a9b90557e9da7babfb8e3d2df22
15242,d4746e41b619da57ee9f1a2e2cc254e8,81a5d08c6beaeec9e42baae5d63dd780,SO64055,25,TI-R628,1,25,23bd9a9b90557e9da7babfb8e3d2df22
15243,fff3c307c93eda1eb91d53ca588846fe,4584ca349e0920f4436a3c2f36158b85,SO69345,10,BC-M005,1,10,70951886788165a5e2439adfce4d0cce
15243,fff3c307c93eda1eb91d53ca588846fe,4584ca349e0920f4436a3c2f36158b85,SO69345,22,FE-6654,1,22,70951886788165a5e2439adfce4d0cce
15243,fff3c307c93eda1eb91d53ca588846fe,4584ca349e0920f4436a3c2f36158b85,SO69345,5,WB-H098,1,5,70951886788165a5e2439adfce4d0cce
15244,99b7e934795a93975a5e0c0b9b57d9ba,870bd4f3713260418e4f342f31dc7e33,SO63835,4,TT-R982,1,4,7a8e187aeb003f6e34c02a4d5b9b153e
15244,dba3e44e23a1d2c2f299811e94db7fce,51c449e55b4a63a16fb45beb689150d5,SO54296,2,PK-7098,1,2,226d694fb4b7f71d62444f9528be8704
15244,dba3e44e23a1d2c2f299811e94db7fce,51c449e55b4a63a16fb45beb689150d5,SO54296,35,TI-M823,1,35,226d694fb4b7f71d62444f9528be8704
15244,dba3e44e23a1d2c2f299811e94db7fce,51c449e55b4a63a16fb45beb689150d5,SO54296,5,TT-M928,1,5,226d694fb4b7f71d62444f9528be8704
15244,df595e3c678d4fae23ce174fe747165e,07b31bae17c7890b17d79a654aa230cf,SO58854,9,BC-R205,1,9,75fe8d7dec9d2a51be64595ab37dc674
15244,df595e3c678d4fae23ce174fe747165e,07b31bae17c7890b17d79a654aa230cf,SO58854,105,HL-U509-B,3,105,75fe8d7dec9d2a51be64595ab37dc674
15244,df595e3c678d4fae23ce174fe747165e,07b31bae17c7890b17d79a654aa230cf,SO58854,29,TI-T723,1,29,75fe8d7dec9d2a51be64595ab37dc674
15244,df595e3c678d4fae23ce174fe747165e,07b31bae17c7890b17d79a654aa230cf,SO58854,5,TT-T092,1,5,75fe8d7dec9d2a51be64595ab37dc674
15244,df595e3c678d4fae23ce174fe747165e,07b31bae17c7890b17d79a654aa230cf,SO58854,5,WB-H098,1,5,75fe8d7dec9d2a51be64595ab37dc674
15244,f06fd077b6afc2d69af6e1e548da266d,c135545cc3f3a739132ffdbc8096f3d4,SO69267,10,BC-M005,1,10,175a5d217fad85df9f6639d7ced1e5d9
15244,f06fd077b6afc2d69af6e1e548da266d,c135545cc3f3a739132ffdbc8096f3d4,SO69267,105,HL-U509,3,105,175a5d217fad85df9f6639d7ced1e5d9
15244,f06fd077b6afc2d69af6e1e548da266d,c135545cc3f3a739132ffdbc8096f3d4,SO69267,5,WB-H098,1,5,175a5d217fad85df9f6639d7ced1e5d9
15245,7130adfd843cdcb6d0bcd9d13792693a,d1024973c3d10f08cb9fa1736e6ed8b7,SO63088,22,FE-6654,1,22,f46ace11e93788e473124f7be16a19d5
15245,7130adfd843cdcb6d0bcd9d13792693a,d1024973c3d10f08cb9fa1736e6ed8b7,SO63088,9,SO-R809-M,1,9,f46ace11e93788e473124f7be16a19d5
15246,640540d73b85c3ecd2e3bf5541686e87,eba6cab7267f82e3b2a063d5ea445bb9,SO58740,22,FE-6654,1,22,d630b2db6e8046e30b4728ca862ba4e1
15247,5e1b952a22eccca86f7f056a9efb42a4,a8ef76a01442567fb64eb6f4408a9835,SO57718,2,PK-7098,1,2,40883861f6e25a2e09e848a7891f4f38
15247,5e1b952a22eccca86f7f056a9efb42a4,a8ef76a01442567fb64eb6f4408a9835,SO57718,5,TT-M928,1,5,40883861f6e25a2e09e848a7891f4f38
15248,e84848120190a8d0e696fbeb15647a74,fff3c307c93eda1eb91d53ca588846fe,SO70404,48,GL-H102-S,2,48,f544b472453b297a8b55709fbfd3746d
15248,e84848120190a8d0e696fbeb15647a74,fff3c307c93eda1eb91d53ca588846fe,SO70404,105,HL-U509-R,3,105,f544b472453b297a8b55709fbfd3746d
15248,e84848120190a8d0e696fbeb15647a74,fff3c307c93eda1eb91d53ca588846fe,SO70404,5,TT-M928,1,5,f544b472453b297a8b55709fbfd3746d
15249,6d1d8a1c7851eb5a946d45009cea6d9f,3f0c8308e4e2e5c4ddc1b7e19304f613,SO65705,22,FE-6654,1,22,6582aa26281b9a92ad60e6a03e274c00
15249,6d1d8a1c7851eb5a946d45009cea6d9f,3f0c8308e4e2e5c4ddc1b7e19304f613,SO65705,48,GL-H102-M,2,48,6582aa26281b9a92ad60e6a03e274c00
15250,a976f17830aceaaa93d5daef0bc209a3,d9f7611cf8d29b48a1d3d8fddb8c5b2e,SO57503,22,FE-6654,1,22,0e23f371129aecc6b2033620b226f8d7
15250,a976f17830aceaaa93d5daef0bc209a3,d9f7611cf8d29b48a1d3d8fddb8c5b2e,SO57503,105,HL-U509-R,3,105,0e23f371129aecc6b2033620b226f8d7
15251,232e830f1ac667c081eaaca23cdf9b5f,4b5c3229e0725ef8d303f494db9faec8,SO64474,2,PK-7098,1,2,abe94c2111c58e9c9672602d41bce66e
15251,232e830f1ac667c081eaaca23cdf9b5f,4b5c3229e0725ef8d303f494db9faec8,SO64474,4,TT-R982,1,4,abe94c2111c58e9c9672602d41bce66e
15251,6a373d2281ba1487d83680f65dd6e6d0,2fb09097185e604aaadbfde958fd6262,SO74983,10,BC-M005,1,10,8592725b85eec4822018b8728dd5b88d
15251,6a373d2281ba1487d83680f65dd6e6d0,2fb09097185e604aaadbfde958fd6262,SO74983,105,HL-U509-B,3,105,8592725b85eec4822018b8728dd5b88d
15251,6a373d2281ba1487d83680f65dd6e6d0,2fb09097185e604aaadbfde958fd6262,SO74983,5,WB-H098,1,5,8592725b85eec4822018b8728dd5b88d
15251,d4ae40bdb21d7c1f4fee96082340d3a2,9a027fc72b503940a96d5137762a263e,SO75121,105,HL-U509-R,3,105,08ff55594d8ca57b756a1953f77ebc89
15251,d4ae40bdb21d7c1f4fee96082340d3a2,9a027fc72b503940a96d5137762a263e,SO75121,35,TI-M823,1,35,08ff55594d8ca57b756a1953f77ebc89
15251,d4ae40bdb21d7c1f4fee96082340d3a2,9a027fc72b503940a96d5137762a263e,SO75121,5,TT-M928,1,5,08ff55594d8ca57b756a1953f77ebc89
15251,de22d232bbe84481579f6252f1e7091d,cae5717327bee7d74e261c550aa5081f,SO57547,105,HL-U509-R,3,105,ab4946738415af86b5e3cee69b13301f
15251,de22d232bbe84481579f6252f1e7091d,cae5717327bee7d74e261c550aa5081f,SO57547,29,TI-T723,1,29,ab4946738415af86b5e3cee69b13301f
15251,de22d232bbe84481579f6252f1e7091d,cae5717327bee7d74e261c550aa5081f,SO57547,5,TT-T092,1,5,ab4946738415af86b5e3cee69b13301f
15252,6e1ea8c2b90f9655373e732ea4445676,be6c9b96c35f6d80642550df922ea69a,SO47311,1566,BK-R50B-58,2,1566,79c5eb49b683e206aa6d5b40f84c60eb
15252,f06fd077b6afc2d69af6e1e548da266d,c135545cc3f3a739132ffdbc8096f3d4,SO69292,769,BK-M38S-46,1,769,175a5d217fad85df9f6639d7ced1e5d9
15253,03bf7d2a8718ee9aca4bd2f37e962fc4,290499d9b8e65db426ba9b842714eb6d,SO63555,27,CA-1098,3,27,7130adfd843cdcb6d0bcd9d13792693a
15253,fd5ba6fdeb81e07b2caf0b103489bd8d,e871b36e68b0b3d0af9c742d81fef27a,SO70948,105,HL-U509,3,105,17520f5649fab40fb66771362888cb90
15253,fd5ba6fdeb81e07b2caf0b103489bd8d,e871b36e68b0b3d0af9c742d81fef27a,SO70948,30,TI-M602,1,30,17520f5649fab40fb66771362888cb90
15253,fd5ba6fdeb81e07b2caf0b103489bd8d,e871b36e68b0b3d0af9c742d81fef27a,SO70948,5,TT-M928,1,5,17520f5649fab40fb66771362888cb90
15254,540c97e65b08aac734db0196254259fd,c6dec085564ebca8c2e300f077425d2f,SO47082,1566,BK-R50R-60,2,1566,6fc36aded95458634a0e8ab8b9ebc24a
15254,8eb7a1b0dba9fdd5f4248b9cb6b9119b,9f1ff00ea8fd9fd8f2d421ba5ec45a18,SO68246,769,BK-M38S-42,1,769,c7390752782466cfc9a3ed7d3a79e046
15254,8eb7a1b0dba9fdd5f4248b9cb6b9119b,9f1ff00ea8fd9fd8f2d421ba5ec45a18,SO68246,22,FE-6654,1,22,c7390752782466cfc9a3ed7d3a79e046
15254,8eb7a1b0dba9fdd5f4248b9cb6b9119b,9f1ff00ea8fd9fd8f2d421ba5ec45a18,SO68246,150,LJ-0192-M,3,150,c7390752782466cfc9a3ed7d3a79e046
15255,86bfb8ffc7a79e52d833cedce4d275bf,962bae2fb03296a3b9cacabfa929322c,SO70215,769,BK-M38S-38,1,769,ec24e4cf9fcc90f3bbe81b2fb3735c21
15255,86bfb8ffc7a79e52d833cedce4d275bf,962bae2fb03296a3b9cacabfa929322c,SO70215,105,HL-U509-R,3,105,ec24e4cf9fcc90f3bbe81b2fb3735c21
15255,d0eb731ed0bf74b4a74041192f7b377e,72514ec24cd9e6144a04f1abf93e0b08,SO47113,1566,BK-R50B-52,2,1566,368bf74b3769bb91f49d30908786b862
15256,f459baa887e18a3fb6af0118506f75a6,3e5c252ff13111aa6a12067ee19d69e6,SO47206,1566,BK-R50B-58,2,1566,2766ca1bca285e813b134ddc2a2efa99
15256,fd5ba6fdeb81e07b2caf0b103489bd8d,e871b36e68b0b3d0af9c742d81fef27a,SO70990,769,BK-M38S-38,1,769,17520f5649fab40fb66771362888cb90
15256,fd5ba6fdeb81e07b2caf0b103489bd8d,e871b36e68b0b3d0af9c742d81fef27a,SO70990,27,CA-1098,3,27,17520f5649fab40fb66771362888cb90
15256,fd5ba6fdeb81e07b2caf0b103489bd8d,e871b36e68b0b3d0af9c742d81fef27a,SO70990,70,SH-W890-S,1,70,17520f5649fab40fb66771362888cb90
15257,b8cc77f0099ae7d3a20b9f0b74d70b12,70ad7386c1fe794c57fa3908ff22435d,SO52189,105,HL-U509-R,3,105,5e9b4970006d8f02ba0bc1763fa8b9a6
15257,b8cc77f0099ae7d3a20b9f0b74d70b12,70ad7386c1fe794c57fa3908ff22435d,SO52189,5,TT-M928,1,5,5e9b4970006d8f02ba0bc1763fa8b9a6
15258,0001ffe4d82d0d8f9fec5ab0b4faa2db,3dc63b2d6dcc8f0b6720b06b5439a0b1,SO67044,5,TT-M928,1,5,4004a117f65dfd3221a9cce8fce5a45f
15259,0e000451f430d2e5b745a08b4ee7836c,9795c57676ee8b8b6ba9a6f9014a520b,SO74354,22,FE-6654,1,22,e4b40b4ba619c72ec5a69caad258d393
15260,bc761b2b7297029a695fbd6dd0470724,fef3080ec197edd1a04bb18afd31d16d,SO55640,10,BC-M005,1,10,9b6872ca1d80024637e967d1066bba0a
15260,bc761b2b7297029a695fbd6dd0470724,fef3080ec197edd1a04bb18afd31d16d,SO55640,27,CA-1098,3,27,9b6872ca1d80024637e967d1066bba0a
15260,bc761b2b7297029a695fbd6dd0470724,fef3080ec197edd1a04bb18afd31d16d,SO55640,22,FE-6654,1,22,9b6872ca1d80024637e967d1066bba0a
15260,bc761b2b7297029a695fbd6dd0470724,fef3080ec197edd1a04bb18afd31d16d,SO55640,5,WB-H098,1,5,9b6872ca1d80024637e967d1066bba0a
15261,39fe373cdcb4534addde73890415b660,41fc4cb27e0ee552c4c9247e1a476cc5,SO55871,48,GL-H102-M,2,48,3519c8eb4095dbc69d80eb61856d3435
15261,39fe373cdcb4534addde73890415b660,41fc4cb27e0ee552c4c9247e1a476cc5,SO55871,25,TI-R628,1,25,3519c8eb4095dbc69d80eb61856d3435
15261,39fe373cdcb4534addde73890415b660,41fc4cb27e0ee552c4c9247e1a476cc5,SO55871,4,TT-R982,1,4,3519c8eb4095dbc69d80eb61856d3435
15261,3a23b248b732af434a45fce0302aa11f,db2f6a564b6f5f41253c68874b50962b,SO62947,10,BC-M005,1,10,290499d9b8e65db426ba9b842714eb6d
15261,3a23b248b732af434a45fce0302aa11f,db2f6a564b6f5f41253c68874b50962b,SO62947,2,PK-7098,1,2,290499d9b8e65db426ba9b842714eb6d
15261,3a23b248b732af434a45fce0302aa11f,db2f6a564b6f5f41253c68874b50962b,SO62947,5,WB-H098,1,5,290499d9b8e65db426ba9b842714eb6d
15262,3dc63b2d6dcc8f0b6720b06b5439a0b1,8d1d4829b2e801ba4e41ba48f5a549d4,SO66302,1701,BK-R79Y-42,1,1701,6ef7b4bb93d4e54234cf965ed2334682
15262,7f480de9e8eb6071d108895ecf71651d,af04e65ff21d922e75b51466fd45d408,SO50481,4142,BK-M68S-42,2,4142,727839743fd8ddb93101d7c79edd3f76
15263,4c9ae581a14adbccc0bcd009c17b6cbe,56e52500a7f5ab963646137a401683cd,SO75035,27,CA-1098,3,27,838eec1f117f2cab9e9c306f7efbff28
15263,6e32728b966bb91cefefa1316da21ca8,b322422d9a721bbdefa133133dd407c1,SO67697,105,HL-U509,3,105,de5009f9bf3e9725d2381f4a5e913111
15263,6e32728b966bb91cefefa1316da21ca8,b322422d9a721bbdefa133133dd407c1,SO67697,30,TI-M602,1,30,de5009f9bf3e9725d2381f4a5e913111
15263,6e32728b966bb91cefefa1316da21ca8,b322422d9a721bbdefa133133dd407c1,SO67697,5,TT-M928,1,5,de5009f9bf3e9725d2381f4a5e913111
15264,5a06908cc28b799b04fc1c47664462e6,da9c4ba6c9a1ae8725389bfd38b5763a,SO54723,27,CA-1098,3,27,6d338b8c41c717c4336ad0084a80dca4
15264,93ddc10d6cf61153011df052aa76671f,7299e51cfc0d5174743a6701a8a96488,SO65633,30,TI-M602,1,30,02b96ab6e0935145589be4e1408a1675
15265,8728a5e296f39e49d2fa74c31820e99f,66e56e10b0f528b66a45e307ecdf4774,SO69634,769,BK-M38S-46,1,769,3fe686907939d07097f6c87f08025422
15265,8728a5e296f39e49d2fa74c31820e99f,66e56e10b0f528b66a45e307ecdf4774,SO69634,27,CA-1098,3,27,3fe686907939d07097f6c87f08025422
15265,8728a5e296f39e49d2fa74c31820e99f,66e56e10b0f528b66a45e307ecdf4774,SO69634,70,SH-W890-L,1,70,3fe686907939d07097f6c87f08025422
15265,b1ad26241c636eff92eee5bae93235ce,14cf1002d25f6005ecb94636b7f549b1,SO50368,4098,BK-M68B-46,2,4098,e8e793c69d6c0688e51cf9bd1abe03b3
15266,35a6fa1efa2ccca1297564c53a3633af,7f480de9e8eb6071d108895ecf71651d,SO50593,4142,BK-M68S-38,2,4142,060e60684e6fb7ae3c79db1e8c889417
15266,8fa3bab223bec6501ad71f96bb1067b6,b95a9f47dd73bb9b799a31ae04ee7da1,SO70859,769,BK-M38S-38,1,769,1556bafff387fc8f2f6fef64c1daa6bc
15266,8fa3bab223bec6501ad71f96bb1067b6,b95a9f47dd73bb9b799a31ae04ee7da1,SO70859,48,GL-H102-L,2,48,1556bafff387fc8f2f6fef64c1daa6bc
15266,8fa3bab223bec6501ad71f96bb1067b6,b95a9f47dd73bb9b799a31ae04ee7da1,SO70859,105,HL-U509-B,3,105,1556bafff387fc8f2f6fef64c1daa6bc
15266,8fa3bab223bec6501ad71f96bb1067b6,b95a9f47dd73bb9b799a31ae04ee7da1,SO70859,30,TI-M602,1,30,1556bafff387fc8f2f6fef64c1daa6bc
15266,8fa3bab223bec6501ad71f96bb1067b6,b95a9f47dd73bb9b799a31ae04ee7da1,SO70859,5,TT-M928,1,5,1556bafff387fc8f2f6fef64c1daa6bc
15267,54e631e6ad5b9a63c134f0ca46d89658,28ba281a58dae2613cc89f9d101be807,SO50574,4098,BK-M68B-42,2,4098,7b6fb99e007535aabcd19741210af47d
15267,8babade0595c11e14dd89058a850f2cd,a048b8d5f3f9178f163e2be055f0138b,SO73922,769,BK-M38S-42,1,769,501407dcfde5b685045ca3072168d5bb
15267,8babade0595c11e14dd89058a850f2cd,a048b8d5f3f9178f163e2be055f0138b,SO73922,105,HL-U509-R,3,105,501407dcfde5b685045ca3072168d5bb
15268,34ac3f5a318d1a93a8a4ad7dfac9fb98,74a9ea32186ec3a0b0657cef3f2b687f,SO50355,4142,BK-M68S-38,2,4142,e488a84b1e74148f72971289cb4e1be9
15268,aa14ddbc43aa2d3be1e6ac019bb7b5bc,dcf73f840a50da0145f24e8e0169dc4b,SO72920,769,BK-M38S-42,1,769,a6f2945baeceeef4c8d541a22f6e99e9
15269,a8ef76a01442567fb64eb6f4408a9835,427ed6396fba4ed8ead9ec3229517d2b,SO56876,2,PK-7098,1,2,eba5233d2dd8ea5031e646882335ece0
15269,a8ef76a01442567fb64eb6f4408a9835,427ed6396fba4ed8ead9ec3229517d2b,SO56876,5,TT-M928,1,5,eba5233d2dd8ea5031e646882335ece0
15270,4b5c3229e0725ef8d303f494db9faec8,f46ace11e93788e473124f7be16a19d5,SO63713,105,HL-U509-B,3,105,0149f124a48640c62d90840ac5760331
15270,4b5c3229e0725ef8d303f494db9faec8,f46ace11e93788e473124f7be16a19d5,SO63713,5,TT-M928,1,5,0149f124a48640c62d90840ac5760331
15271,93ddc10d6cf61153011df052aa76671f,7299e51cfc0d5174743a6701a8a96488,SO65655,105,HL-U509,3,105,02b96ab6e0935145589be4e1408a1675
15271,93ddc10d6cf61153011df052aa76671f,7299e51cfc0d5174743a6701a8a96488,SO65655,5,TT-M928,1,5,02b96ab6e0935145589be4e1408a1675
15272,921bc92a493b53f98f24e6a8a12801be,17520f5649fab40fb66771362888cb90,SO71443,48,GL-H102-M,2,48,6a8d7e42bb852c45fbf8610361d391a0
15272,921bc92a493b53f98f24e6a8a12801be,17520f5649fab40fb66771362888cb90,SO71443,105,HL-U509-R,3,105,6a8d7e42bb852c45fbf8610361d391a0
15272,921bc92a493b53f98f24e6a8a12801be,17520f5649fab40fb66771362888cb90,SO71443,5,TT-M928,1,5,6a8d7e42bb852c45fbf8610361d391a0
15273,1678083e7ff90bd404baad3f60bffa37,7b0730955172ecda497d7cca6b1d87a1,SO55770,105,HL-U509-B,3,105,73a69a5c77a7d23172e54d7ce07a638e
15273,1678083e7ff90bd404baad3f60bffa37,7b0730955172ecda497d7cca6b1d87a1,SO55770,5,TT-M928,1,5,73a69a5c77a7d23172e54d7ce07a638e
15273,1678083e7ff90bd404baad3f60bffa37,7b0730955172ecda497d7cca6b1d87a1,SO55770,64,VE-C304-S,1,64,73a69a5c77a7d23172e54d7ce07a638e
15274,4dbf892d41ae205f6e36838031cff786,de22d232bbe84481579f6252f1e7091d,SO58220,48,GL-H102-S,2,48,3fbd0407b55d3a3da21388a2ddbf881c
15274,4dbf892d41ae205f6e36838031cff786,de22d232bbe84481579f6252f1e7091d,SO58220,105,HL-U509,3,105,3fbd0407b55d3a3da21388a2ddbf881c
15274,4dbf892d41ae205f6e36838031cff786,de22d232bbe84481579f6252f1e7091d,SO58220,150,LJ-0192-X,3,150,3fbd0407b55d3a3da21388a2ddbf881c
15274,4dbf892d41ae205f6e36838031cff786,de22d232bbe84481579f6252f1e7091d,SO58220,5,TT-M928,1,5,3fbd0407b55d3a3da21388a2ddbf881c
15275,6d44506d59926d8d13d35f75d97f2a64,deff8ad81a213d1110c1f409a7f40fcd,SO53425,9,SO-R809-L,1,9,f476906875bc5d9abe836b4ea1f485c1
15275,6d44506d59926d8d13d35f75d97f2a64,deff8ad81a213d1110c1f409a7f40fcd,SO53425,5,TT-M928,1,5,f476906875bc5d9abe836b4ea1f485c1
15276,20b851db79828c985958154243411278,96a3262695f10a59b726f3dfd4782c4d,SO51567,540,BK-R19B-44,1,540,a7cb0a760406e2013c8442a429fed0ae
15276,20b851db79828c985958154243411278,96a3262695f10a59b726f3dfd4782c4d,SO51567,2,PK-7098,1,2,a7cb0a760406e2013c8442a429fed0ae
15276,20b851db79828c985958154243411278,96a3262695f10a59b726f3dfd4782c4d,SO51567,21,TI-R092,1,21,a7cb0a760406e2013c8442a429fed0ae
15276,79c5eb49b683e206aa6d5b40f84c60eb,9b657dcbee0478c7d9be871266f00f1f,SO47254,1566,BK-R50B-58,2,1566,f459baa887e18a3fb6af0118506f75a6
15277,883b9b4170853b321c03290f64ba199f,412998e77ee121227580e3d363f75fa2,SO60662,10,BC-M005,1,10,af1457846a79173ef71dd9d5dd69805a
15277,883b9b4170853b321c03290f64ba199f,412998e77ee121227580e3d363f75fa2,SO60662,22,FE-6654,1,22,af1457846a79173ef71dd9d5dd69805a
15277,883b9b4170853b321c03290f64ba199f,412998e77ee121227580e3d363f75fa2,SO60662,48,GL-H102-M,2,48,af1457846a79173ef71dd9d5dd69805a
15277,883b9b4170853b321c03290f64ba199f,412998e77ee121227580e3d363f75fa2,SO60662,105,HL-U509-R,3,105,af1457846a79173ef71dd9d5dd69805a
15277,883b9b4170853b321c03290f64ba199f,412998e77ee121227580e3d363f75fa2,SO60662,5,WB-H098,1,5,af1457846a79173ef71dd9d5dd69805a
15278,b8cc77f0099ae7d3a20b9f0b74d70b12,70ad7386c1fe794c57fa3908ff22435d,SO52193,22,FE-6654,1,22,5e9b4970006d8f02ba0bc1763fa8b9a6
15278,b8cc77f0099ae7d3a20b9f0b74d70b12,70ad7386c1fe794c57fa3908ff22435d,SO52193,105,HL-U509-R,3,105,5e9b4970006d8f02ba0bc1763fa8b9a6
15279,16e364d19895243407b256ec272d5394,4004a117f65dfd3221a9cce8fce5a45f,SO67606,22,FE-6654,1,22,7acd252f45ad6fe668386456a673d543
15279,16e364d19895243407b256ec272d5394,4004a117f65dfd3221a9cce8fce5a45f,SO67606,105,HL-U509,3,105,7acd252f45ad6fe668386456a673d543
15280,6e1ea8c2b90f9655373e732ea4445676,be6c9b96c35f6d80642550df922ea69a,SO47312,1566,BK-R50B-58,2,1566,79c5eb49b683e206aa6d5b40f84c60eb
15280,c87874400b9f907bdf9ea37d75a4b341,23bd9a9b90557e9da7babfb8e3d2df22,SO64588,10,BC-M005,1,10,8b9fe4b34e3c54f08bfcac3d9691e260
15280,c87874400b9f907bdf9ea37d75a4b341,23bd9a9b90557e9da7babfb8e3d2df22,SO64588,4590,BK-M68B-38,2,4590,8b9fe4b34e3c54f08bfcac3d9691e260
15280,c87874400b9f907bdf9ea37d75a4b341,23bd9a9b90557e9da7babfb8e3d2df22,SO64588,22,FE-6654,1,22,8b9fe4b34e3c54f08bfcac3d9691e260
15280,c87874400b9f907bdf9ea37d75a4b341,23bd9a9b90557e9da7babfb8e3d2df22,SO64588,5,WB-H098,1,5,8b9fe4b34e3c54f08bfcac3d9691e260
15281,5a06908cc28b799b04fc1c47664462e6,da9c4ba6c9a1ae8725389bfd38b5763a,SO54740,105,HL-U509,3,105,6d338b8c41c717c4336ad0084a80dca4
15281,5a06908cc28b799b04fc1c47664462e6,da9c4ba6c9a1ae8725389bfd38b5763a,SO54740,5,TT-M928,1,5,6d338b8c41c717c4336ad0084a80dca4
15282,7e15f50bd26e439e6a22f5205a8064db,a1d0c0a14c6c8f8a8ef8220209c23a64,SO67870,2,PK-7098,1,2,702a02712215141594ddf8e52b0a651c
15282,7e15f50bd26e439e6a22f5205a8064db,a1d0c0a14c6c8f8a8ef8220209c23a64,SO67870,5,TT-M928,1,5,702a02712215141594ddf8e52b0a651c
15283,511572e8a25e86c2f48ae9e6d73a1e6a,8e8847c1bdf012037ee13bb62da8a5c1,SO68131,769,BK-M38S-38,1,769,691ad1b0dca3643b923973defd014d47
15283,511572e8a25e86c2f48ae9e6d73a1e6a,8e8847c1bdf012037ee13bb62da8a5c1,SO68131,22,FE-6654,1,22,691ad1b0dca3643b923973defd014d47
15283,511572e8a25e86c2f48ae9e6d73a1e6a,8e8847c1bdf012037ee13bb62da8a5c1,SO68131,48,GL-H102-L,2,48,691ad1b0dca3643b923973defd014d47
15283,511572e8a25e86c2f48ae9e6d73a1e6a,8e8847c1bdf012037ee13bb62da8a5c1,SO68131,150,LJ-0192-X,3,150,691ad1b0dca3643b923973defd014d47
15284,3db19f5f710f10e90ecc7154c649d60a,f544b472453b297a8b55709fbfd3746d,SO70913,769,BK-M38S-46,1,769,fee8e08233f3f00450bce31967abb0f1
15284,3db19f5f710f10e90ecc7154c649d60a,f544b472453b297a8b55709fbfd3746d,SO70913,22,FE-6654,1,22,fee8e08233f3f00450bce31967abb0f1
15284,3db19f5f710f10e90ecc7154c649d60a,f544b472453b297a8b55709fbfd3746d,SO70913,48,GL-H102-L,2,48,fee8e08233f3f00450bce31967abb0f1
15284,3db19f5f710f10e90ecc7154c649d60a,f544b472453b297a8b55709fbfd3746d,SO70913,105,HL-U509,3,105,fee8e08233f3f00450bce31967abb0f1
15284,3db19f5f710f10e90ecc7154c649d60a,f544b472453b297a8b55709fbfd3746d,SO70913,150,LJ-0192-L,3,150,fee8e08233f3f00450bce31967abb0f1
15284,8799729d3a89b836b7fb8096b7f545c8,a74d75778ebcaa9a01805f980ea906db,SO47089,1566,BK-R50B-48,2,1566,663d11326de76cfa493cc577763c59ee
15285,0c8ff735cb2b05718573c08173335fd4,1685ca8ff12ea83725a1c35e1d89c5cd,SO54499,105,HL-U509-R,3,105,b8d9d66529b0a1e91f6137abcdd065dd
15285,0c8ff735cb2b05718573c08173335fd4,1685ca8ff12ea83725a1c35e1d89c5cd,SO54499,5,TT-M928,1,5,b8d9d66529b0a1e91f6137abcdd065dd
15286,fee8e08233f3f00450bce31967abb0f1,331afa0aff1b1cfbf3d24944ab38c9d2,SO70547,5,TT-M928,1,5,86bfb8ffc7a79e52d833cedce4d275bf
15286,fee8e08233f3f00450bce31967abb0f1,331afa0aff1b1cfbf3d24944ab38c9d2,SO70547,64,VE-C304-S,1,64,86bfb8ffc7a79e52d833cedce4d275bf
15287,3f72b837978dcd042b73e7270f11a4ca,83d1ed00595e79ee5ea3797e97970fe8,SO70290,769,BK-M38S-38,1,769,99c8f306659fd98cbb9d7f03ec0c2a7a
15287,3f72b837978dcd042b73e7270f11a4ca,83d1ed00595e79ee5ea3797e97970fe8,SO70290,27,CA-1098,3,27,99c8f306659fd98cbb9d7f03ec0c2a7a
15287,3f72b837978dcd042b73e7270f11a4ca,83d1ed00595e79ee5ea3797e97970fe8,SO70290,150,LJ-0192-X,3,150,99c8f306659fd98cbb9d7f03ec0c2a7a
15287,3f72b837978dcd042b73e7270f11a4ca,83d1ed00595e79ee5ea3797e97970fe8,SO70290,70,SH-W890-L,1,70,99c8f306659fd98cbb9d7f03ec0c2a7a
15287,ad9d849aa74e54742c555c19900c6f1e,93292bf41ccb6542d121825f25cbf70b,SO47322,1566,BK-R50B-52,2,1566,ee76080374845c1990834952499ba763
15288,38c9e5d1e366b4c5c36aae682bc960c4,8fa3bab223bec6501ad71f96bb1067b6,SO71670,769,BK-M38S-46,1,769,58c4ce5b9433e7b6d41793d5a76d5590
15288,38c9e5d1e366b4c5c36aae682bc960c4,8fa3bab223bec6501ad71f96bb1067b6,SO71670,22,FE-6654,1,22,58c4ce5b9433e7b6d41793d5a76d5590
15288,540c97e65b08aac734db0196254259fd,c6dec085564ebca8c2e300f077425d2f,SO47083,1566,BK-R50R-48,2,1566,6fc36aded95458634a0e8ab8b9ebc24a
15289,331afa0aff1b1cfbf3d24944ab38c9d2,c885741a5e3e55c84950327011b70289,SO69705,769,BK-M38S-46,1,769,962bae2fb03296a3b9cacabfa929322c
15289,331afa0aff1b1cfbf3d24944ab38c9d2,c885741a5e3e55c84950327011b70289,SO69705,22,FE-6654,1,22,962bae2fb03296a3b9cacabfa929322c
15289,aa06fa50828269965eade0f7422d1b9e,2766ca1bca285e813b134ddc2a2efa99,SO47276,1566,BK-R50B-52,2,1566,ff865f6f4949cd6d631d069a4268d9aa
15290,4b07ddfa8857087c363c1402c6fbcaa1,85a7e482ebe05716e5f3929bdbe4147c,SO47550,1566,BK-R50B-62,2,1566,0810498037ca8f9a53af3803ab6317c8
15290,e871b36e68b0b3d0af9c742d81fef27a,3fe686907939d07097f6c87f08025422,SO70138,769,BK-M38S-46,1,769,1faee5670542865e021595151379fe5c
15290,e871b36e68b0b3d0af9c742d81fef27a,3fe686907939d07097f6c87f08025422,SO70138,70,SH-W890-M,1,70,1faee5670542865e021595151379fe5c
15290,e871b36e68b0b3d0af9c742d81fef27a,3fe686907939d07097f6c87f08025422,SO70138,54,SJ-0194-L,1,54,1faee5670542865e021595151379fe5c
15291,8fa3bab223bec6501ad71f96bb1067b6,b95a9f47dd73bb9b799a31ae04ee7da1,SO70851,769,BK-M38S-38,1,769,1556bafff387fc8f2f6fef64c1daa6bc
15291,8fa3bab223bec6501ad71f96bb1067b6,b95a9f47dd73bb9b799a31ae04ee7da1,SO70851,150,LJ-0192-S,3,150,1556bafff387fc8f2f6fef64c1daa6bc
15291,8fa3bab223bec6501ad71f96bb1067b6,b95a9f47dd73bb9b799a31ae04ee7da1,SO70851,70,SH-W890-M,1,70,1556bafff387fc8f2f6fef64c1daa6bc
15292,6e32728b966bb91cefefa1316da21ca8,b322422d9a721bbdefa133133dd407c1,SO67722,10,BC-M005,1,10,de5009f9bf3e9725d2381f4a5e913111
15292,6e32728b966bb91cefefa1316da21ca8,b322422d9a721bbdefa133133dd407c1,SO67722,105,HL-U509-B,3,105,de5009f9bf3e9725d2381f4a5e913111
15292,6e32728b966bb91cefefa1316da21ca8,b322422d9a721bbdefa133133dd407c1,SO67722,5,TT-M928,1,5,de5009f9bf3e9725d2381f4a5e913111
15292,6e32728b966bb91cefefa1316da21ca8,b322422d9a721bbdefa133133dd407c1,SO67722,5,WB-H098,1,5,de5009f9bf3e9725d2381f4a5e913111
15293,2fb09097185e604aaadbfde958fd6262,a1e59736d286765313b8212467dc64b2,SO74605,105,HL-U509,3,105,88d8e3ff674b1514a19b24621707f0d9
15293,2fb09097185e604aaadbfde958fd6262,a1e59736d286765313b8212467dc64b2,SO74605,5,TT-M928,1,5,88d8e3ff674b1514a19b24621707f0d9
15294,eba5233d2dd8ea5031e646882335ece0,629ffff971d10f275a79a70fae527fbc,SO56625,55,HY-1023-70,1,55,b988e88fd94a3b47434beeb650cff880
15294,eba5233d2dd8ea5031e646882335ece0,629ffff971d10f275a79a70fae527fbc,SO56625,5,TT-M928,1,5,b988e88fd94a3b47434beeb650cff880
15295,ce08c22f7777768ce4197eab9727516c,4a800301260b2639fa1ec3efafb5f86c,SO60006,2,PK-7098,1,2,5072507e949a2c25948a591c4da194e1
15295,ce08c22f7777768ce4197eab9727516c,4a800301260b2639fa1ec3efafb5f86c,SO60006,5,TT-M928,1,5,5072507e949a2c25948a591c4da194e1
15296,691ad1b0dca3643b923973defd014d47,6dd75c28a9a8a39e02bc0a175f82a9f3,SO67800,2,PK-7098,1,2,9f1ff00ea8fd9fd8f2d421ba5ec45a18
15296,691ad1b0dca3643b923973defd014d47,6dd75c28a9a8a39e02bc0a175f82a9f3,SO67800,5,TT-M928,1,5,9f1ff00ea8fd9fd8f2d421ba5ec45a18
15297,2ed3972e38245b633ec6b146c2970148,6477c205c5117a9448ba863e111acf32,SO61689,105,HL-U509-R,3,105,2becb9647677a1a316b388bbad689580
15297,2ed3972e38245b633ec6b146c2970148,6477c205c5117a9448ba863e111acf32,SO61689,5,TT-M928,1,5,2becb9647677a1a316b388bbad689580
15298,8f472ffe3ff3109f420ae91355ff8f3f,e0cd1349b4c6e1b5f14ed427e358c2d0,SO71171,2,PK-7098,1,2,8fa3bab223bec6501ad71f96bb1067b6
15298,8f472ffe3ff3109f420ae91355ff8f3f,e0cd1349b4c6e1b5f14ed427e358c2d0,SO71171,5,TT-M928,1,5,8fa3bab223bec6501ad71f96bb1067b6
15299,d5985f40495ba672dff8a99620b879c8,a9adf65abbb865184bf924d14a93d0c4,SO71522,2,PK-7098,1,2,8f472ffe3ff3109f420ae91355ff8f3f
15299,d5985f40495ba672dff8a99620b879c8,a9adf65abbb865184bf924d14a93d0c4,SO71522,5,TT-M928,1,5,8f472ffe3ff3109f420ae91355ff8f3f
15300,4c9ae581a14adbccc0bcd009c17b6cbe,56e52500a7f5ab963646137a401683cd,SO75051,5,TT-M928,1,5,838eec1f117f2cab9e9c306f7efbff28
15301,9b98d27287b27eeee9ebc06e1d5a9a8d,0dc34ca2aaa8612cde077f1880b78b25,SO53103,8,CL-9009,1,8,18bea060239713ee5f865109f63f3a8a
15301,9b98d27287b27eeee9ebc06e1d5a9a8d,0dc34ca2aaa8612cde077f1880b78b25,SO53103,2,PK-7098,1,2,18bea060239713ee5f865109f63f3a8a
15301,9b98d27287b27eeee9ebc06e1d5a9a8d,0dc34ca2aaa8612cde077f1880b78b25,SO53103,5,TT-M928,1,5,18bea060239713ee5f865109f63f3a8a
15302,51f131f5e73d6582c708dee703ea6d09,09a92962b3b77384fb4671e2a6803a84,SO47614,1566,BK-R50R-52,2,1566,83fd58ad8dee673cf915b18f70b86416
15302,f75e5f8c15ca91ec5c869dc3881f574f,3a23b248b732af434a45fce0302aa11f,SO63925,4590,BK-M68B-38,2,4590,03bf7d2a8718ee9aca4bd2f37e962fc4
15302,f75e5f8c15ca91ec5c869dc3881f574f,3a23b248b732af434a45fce0302aa11f,SO63925,22,FE-6654,1,22,03bf7d2a8718ee9aca4bd2f37e962fc4
15302,f75e5f8c15ca91ec5c869dc3881f574f,3a23b248b732af434a45fce0302aa11f,SO63925,105,HL-U509,3,105,03bf7d2a8718ee9aca4bd2f37e962fc4
15303,85a7e482ebe05716e5f3929bdbe4147c,e4eb0466781b24d67b81f508aeab70b7,SO47465,1566,BK-R50B-48,2,1566,ad9d849aa74e54742c555c19900c6f1e
15303,9d934f91c460e9947414d00048f2fa36,94b225b5b1f09ecd5e8ecdfb681ff04c,SO65132,4590,BK-M68B-38,2,4590,3f0c8308e4e2e5c4ddc1b7e19304f613
15304,3ebfce6ccd7540a632ae7e6ad8100c29,d630b2db6e8046e30b4728ca862ba4e1,SO59378,10,BC-M005,1,10,df595e3c678d4fae23ce174fe747165e
15304,3ebfce6ccd7540a632ae7e6ad8100c29,d630b2db6e8046e30b4728ca862ba4e1,SO59378,4640,BK-M68S-42,2,4640,df595e3c678d4fae23ce174fe747165e
15304,3ebfce6ccd7540a632ae7e6ad8100c29,d630b2db6e8046e30b4728ca862ba4e1,SO59378,105,HL-U509-R,3,105,df595e3c678d4fae23ce174fe747165e
15304,3ebfce6ccd7540a632ae7e6ad8100c29,d630b2db6e8046e30b4728ca862ba4e1,SO59378,5,WB-H098,1,5,df595e3c678d4fae23ce174fe747165e
15304,e5114f65ece65e14e7b721dab1e674e0,c7390752782466cfc9a3ed7d3a79e046,SO68729,2384,BK-T79U-46,1,2384,fe1fd19c021e78ec395980c2e347865e
15304,e5114f65ece65e14e7b721dab1e674e0,c7390752782466cfc9a3ed7d3a79e046,SO68729,55,HY-1023-70,1,55,fe1fd19c021e78ec395980c2e347865e
15304,e5114f65ece65e14e7b721dab1e674e0,c7390752782466cfc9a3ed7d3a79e046,SO68729,29,TI-T723,1,29,fe1fd19c021e78ec395980c2e347865e
15304,e5114f65ece65e14e7b721dab1e674e0,c7390752782466cfc9a3ed7d3a79e046,SO68729,5,TT-T092,1,5,fe1fd19c021e78ec395980c2e347865e
15305,4ceff7612cfa4420892fe23b23ca9265,5691ac18f59a9af20f9d8703772afbba,SO56565,8,CL-9009,1,8,089c2a426c196c5ca5facb20896c90bb
15305,4ceff7612cfa4420892fe23b23ca9265,5691ac18f59a9af20f9d8703772afbba,SO56565,2,PK-7098,1,2,089c2a426c196c5ca5facb20896c90bb
15305,4ceff7612cfa4420892fe23b23ca9265,5691ac18f59a9af20f9d8703772afbba,SO56565,5,TT-M928,1,5,089c2a426c196c5ca5facb20896c90bb
15306,df09a3a727ac0f29208c5ef3bf7625e6,5cbbe853aa1a5a1370f9a614904c4b15,SO74293,105,HL-U509-B,3,105,9c55d6518880c1abf100a24da2546368
15306,df09a3a727ac0f29208c5ef3bf7625e6,5cbbe853aa1a5a1370f9a614904c4b15,SO74293,150,LJ-0192-S,3,150,9c55d6518880c1abf100a24da2546368
15306,df09a3a727ac0f29208c5ef3bf7625e6,5cbbe853aa1a5a1370f9a614904c4b15,SO74293,5,TT-M928,1,5,9c55d6518880c1abf100a24da2546368
15307,9b6872ca1d80024637e967d1066bba0a,4310d0d92131e34ff2716d85e1953174,SO55352,105,HL-U509-B,3,105,7b0730955172ecda497d7cca6b1d87a1
15307,9b6872ca1d80024637e967d1066bba0a,4310d0d92131e34ff2716d85e1953174,SO55352,5,TT-M928,1,5,7b0730955172ecda497d7cca6b1d87a1
15308,1faee5670542865e021595151379fe5c,e5114f65ece65e14e7b721dab1e674e0,SO69765,769,BK-M38S-38,1,769,83d1ed00595e79ee5ea3797e97970fe8
15308,1faee5670542865e021595151379fe5c,e5114f65ece65e14e7b721dab1e674e0,SO69765,70,SH-W890-L,1,70,83d1ed00595e79ee5ea3797e97970fe8
15308,abc0c3928eca59906d9e88433e5105be,9adbaac8d97fd446c4d97ce11625bd78,SO47517,1566,BK-R50B-52,2,1566,9a565a7d2e70265a68ce424b97f03cfe
15309,1faee5670542865e021595151379fe5c,e5114f65ece65e14e7b721dab1e674e0,SO69762,769,BK-M38S-40,1,769,83d1ed00595e79ee5ea3797e97970fe8
15309,1faee5670542865e021595151379fe5c,e5114f65ece65e14e7b721dab1e674e0,SO69762,70,SH-W890-L,1,70,83d1ed00595e79ee5ea3797e97970fe8
15309,7c6ed2fd0e84c7cd553d96c2aa5b74bf,f3a74234d20fe8b7fea9d1e61588ddde,SO47609,1566,BK-R50B-60,2,1566,9712d7a71de3e6d17935b90960bdaceb
15310,4a70a3ec50fd16032883bf6fc79c55dd,4804ee33768b143d9706052696f7dfbd,SO61053,10,BC-M005,1,10,e0bcd0ff3072dfe15609d6be1529b0b8
15310,4a70a3ec50fd16032883bf6fc79c55dd,4804ee33768b143d9706052696f7dfbd,SO61053,2,PK-7098,1,2,e0bcd0ff3072dfe15609d6be1529b0b8
15310,4a70a3ec50fd16032883bf6fc79c55dd,4804ee33768b143d9706052696f7dfbd,SO61053,5,WB-H098,1,5,e0bcd0ff3072dfe15609d6be1529b0b8
15310,4efe8b2ca156042f8a3d8dd6aba54520,e2f0a420a4c1a9e8e292761f835e0489,SO66332,2,PK-7098,1,2,e82ca4c6beebe812f10fa1041b97a160
15310,4efe8b2ca156042f8a3d8dd6aba54520,e2f0a420a4c1a9e8e292761f835e0489,SO66332,33,TI-R982,1,33,e82ca4c6beebe812f10fa1041b97a160
15310,ccb91034934bb047c5f6a32eb289b95b,640540d73b85c3ecd2e3bf5541686e87,SO59745,2,PK-7098,1,2,3ebfce6ccd7540a632ae7e6ad8100c29
15310,ccb91034934bb047c5f6a32eb289b95b,640540d73b85c3ecd2e3bf5541686e87,SO59745,35,TI-M823,1,35,3ebfce6ccd7540a632ae7e6ad8100c29
15310,ccb91034934bb047c5f6a32eb289b95b,640540d73b85c3ecd2e3bf5541686e87,SO59745,5,TT-M928,1,5,3ebfce6ccd7540a632ae7e6ad8100c29
15311,0810498037ca8f9a53af3803ab6317c8,ad9d849aa74e54742c555c19900c6f1e,SO47507,1566,BK-R50B-58,2,1566,239346f094c2e076937f49d33eb884e9
15311,f544b472453b297a8b55709fbfd3746d,70951886788165a5e2439adfce4d0cce,SO70065,769,BK-M38S-46,1,769,331afa0aff1b1cfbf3d24944ab38c9d2
15311,f544b472453b297a8b55709fbfd3746d,70951886788165a5e2439adfce4d0cce,SO70065,70,SH-W890-S,1,70,331afa0aff1b1cfbf3d24944ab38c9d2
15312,09a92962b3b77384fb4671e2a6803a84,e61ec60837c3a7c01e31ad9b2d857e99,SO47530,1566,BK-R50R-48,2,1566,b243d2d1c866ff70a41839ea58d11fdb
15312,1faee5670542865e021595151379fe5c,e5114f65ece65e14e7b721dab1e674e0,SO69763,769,BK-M38S-40,1,769,83d1ed00595e79ee5ea3797e97970fe8
15312,1faee5670542865e021595151379fe5c,e5114f65ece65e14e7b721dab1e674e0,SO69763,27,CA-1098,3,27,83d1ed00595e79ee5ea3797e97970fe8
15312,1faee5670542865e021595151379fe5c,e5114f65ece65e14e7b721dab1e674e0,SO69763,70,SH-W890-L,1,70,83d1ed00595e79ee5ea3797e97970fe8
15313,58f0b42da53adeeccbfa693883fea672,8c9ec1be720ee75d56d0c250d10610fa,SO64405,2,PK-7098,1,2,d4746e41b619da57ee9f1a2e2cc254e8
15313,58f0b42da53adeeccbfa693883fea672,8c9ec1be720ee75d56d0c250d10610fa,SO64405,5,TT-M928,1,5,d4746e41b619da57ee9f1a2e2cc254e8
15314,8fa3bab223bec6501ad71f96bb1067b6,b95a9f47dd73bb9b799a31ae04ee7da1,SO70850,10,BC-M005,1,10,1556bafff387fc8f2f6fef64c1daa6bc
15314,8fa3bab223bec6501ad71f96bb1067b6,b95a9f47dd73bb9b799a31ae04ee7da1,SO70850,769,BK-M38S-42,1,769,1556bafff387fc8f2f6fef64c1daa6bc
15314,8fa3bab223bec6501ad71f96bb1067b6,b95a9f47dd73bb9b799a31ae04ee7da1,SO70850,27,CA-1098,3,27,1556bafff387fc8f2f6fef64c1daa6bc
15314,8fa3bab223bec6501ad71f96bb1067b6,b95a9f47dd73bb9b799a31ae04ee7da1,SO70850,5,WB-H098,1,5,1556bafff387fc8f2f6fef64c1daa6bc
15314,e03ae3b5ab9ed92e9fc903c440c40118,80f25c69c14ab1aa6fbbadcbd5eaeded,SO47541,1566,BK-R50B-48,2,1566,0fdc213a5f9c4a355f1240ee1160acdb
15315,39fe373cdcb4534addde73890415b660,41fc4cb27e0ee552c4c9247e1a476cc5,SO55895,5,TT-M928,1,5,3519c8eb4095dbc69d80eb61856d3435
15316,331afa0aff1b1cfbf3d24944ab38c9d2,c885741a5e3e55c84950327011b70289,SO69687,2,PK-7098,1,2,962bae2fb03296a3b9cacabfa929322c
15316,331afa0aff1b1cfbf3d24944ab38c9d2,c885741a5e3e55c84950327011b70289,SO69687,5,TT-M928,1,5,962bae2fb03296a3b9cacabfa929322c
15317,5e1b952a22eccca86f7f056a9efb42a4,a8ef76a01442567fb64eb6f4408a9835,SO57716,150,LJ-0192-L,3,150,40883861f6e25a2e09e848a7891f4f38
15317,5e1b952a22eccca86f7f056a9efb42a4,a8ef76a01442567fb64eb6f4408a9835,SO57716,5,TT-M928,1,5,40883861f6e25a2e09e848a7891f4f38
15318,c83e871e48c2716e0f28e60d166a5c98,6a8d7e42bb852c45fbf8610361d391a0,SO72089,105,HL-U509-R,3,105,c4c454d69a39e60a6f5cf2f97148adad
15318,c83e871e48c2716e0f28e60d166a5c98,6a8d7e42bb852c45fbf8610361d391a0,SO72089,5,TT-M928,1,5,c4c454d69a39e60a6f5cf2f97148adad
15319,5e9b4970006d8f02ba0bc1763fa8b9a6,b2e85aa5f9c095607e638c7e6e2c694b,SO51948,2,PK-7098,1,2,ca510b577b53d588f80b4fc76030ea52
15319,5e9b4970006d8f02ba0bc1763fa8b9a6,b2e85aa5f9c095607e638c7e6e2c694b,SO51948,5,TT-M928,1,5,ca510b577b53d588f80b4fc76030ea52
15320,83fd58ad8dee673cf915b18f70b86416,b243d2d1c866ff70a41839ea58d11fdb,SO47585,1566,BK-R50R-48,2,1566,4b07ddfa8857087c363c1402c6fbcaa1
15320,94b225b5b1f09ecd5e8ecdfb681ff04c,03bf7d2a8718ee9aca4bd2f37e962fc4,SO64353,4590,BK-M68B-42,2,4590,61e00b038efd34bdf9c747596273cbcf
15320,94b225b5b1f09ecd5e8ecdfb681ff04c,03bf7d2a8718ee9aca4bd2f37e962fc4,SO64353,105,HL-U509-R,3,105,61e00b038efd34bdf9c747596273cbcf
15320,94b225b5b1f09ecd5e8ecdfb681ff04c,03bf7d2a8718ee9aca4bd2f37e962fc4,SO64353,35,TI-M823,1,35,61e00b038efd34bdf9c747596273cbcf
15320,94b225b5b1f09ecd5e8ecdfb681ff04c,03bf7d2a8718ee9aca4bd2f37e962fc4,SO64353,5,TT-M928,1,5,61e00b038efd34bdf9c747596273cbcf
15321,4b5c3229e0725ef8d303f494db9faec8,f46ace11e93788e473124f7be16a19d5,SO63730,4590,BK-M68B-46,2,4590,0149f124a48640c62d90840ac5760331
15321,4b5c3229e0725ef8d303f494db9faec8,f46ace11e93788e473124f7be16a19d5,SO63730,35,TI-M823,1,35,0149f124a48640c62d90840ac5760331
15321,7db2c3979b26317fc94657585dda1256,ddf2a5b996051378e5e44109810f04c5,SO47639,1566,BK-R50R-48,2,1566,7b70c83cb5595922297dfb93de1549d3
15322,83fd58ad8dee673cf915b18f70b86416,b243d2d1c866ff70a41839ea58d11fdb,SO47586,1566,BK-R50R-44,2,1566,4b07ddfa8857087c363c1402c6fbcaa1
15322,c87874400b9f907bdf9ea37d75a4b341,23bd9a9b90557e9da7babfb8e3d2df22,SO64589,10,BC-M005,1,10,8b9fe4b34e3c54f08bfcac3d9691e260
15322,c87874400b9f907bdf9ea37d75a4b341,23bd9a9b90557e9da7babfb8e3d2df22,SO64589,4640,BK-M68S-42,2,4640,8b9fe4b34e3c54f08bfcac3d9691e260
15322,c87874400b9f907bdf9ea37d75a4b341,23bd9a9b90557e9da7babfb8e3d2df22,SO64589,105,HL-U509-R,3,105,8b9fe4b34e3c54f08bfcac3d9691e260
15322,c87874400b9f907bdf9ea37d75a4b341,23bd9a9b90557e9da7babfb8e3d2df22,SO64589,5,WB-H098,1,5,8b9fe4b34e3c54f08bfcac3d9691e260
15323,8f472ffe3ff3109f420ae91355ff8f3f,e0cd1349b4c6e1b5f14ed427e358c2d0,SO71182,769,BK-M38S-46,1,769,8fa3bab223bec6501ad71f96bb1067b6
15323,8f472ffe3ff3109f420ae91355ff8f3f,e0cd1349b4c6e1b5f14ed427e358c2d0,SO71182,30,TI-M602,1,30,8fa3bab223bec6501ad71f96bb1067b6
15323,8f472ffe3ff3109f420ae91355ff8f3f,e0cd1349b4c6e1b5f14ed427e358c2d0,SO71182,5,TT-M928,1,5,8fa3bab223bec6501ad71f96bb1067b6
15324,4c6ed4daa82e7326b84c24f4c2ae7064,b2ce0ef2540789e8a6976165b6c917d8,SO73288,10,BC-M005,1,10,aa14ddbc43aa2d3be1e6ac019bb7b5bc
15324,4c6ed4daa82e7326b84c24f4c2ae7064,b2ce0ef2540789e8a6976165b6c917d8,SO73288,27,CA-1098,3,27,aa14ddbc43aa2d3be1e6ac019bb7b5bc
15324,4c6ed4daa82e7326b84c24f4c2ae7064,b2ce0ef2540789e8a6976165b6c917d8,SO73288,22,FE-6654,1,22,aa14ddbc43aa2d3be1e6ac019bb7b5bc
15324,4c6ed4daa82e7326b84c24f4c2ae7064,b2ce0ef2540789e8a6976165b6c917d8,SO73288,5,TT-M928,1,5,aa14ddbc43aa2d3be1e6ac019bb7b5bc
15324,4c6ed4daa82e7326b84c24f4c2ae7064,b2ce0ef2540789e8a6976165b6c917d8,SO73288,5,WB-H098,1,5,aa14ddbc43aa2d3be1e6ac019bb7b5bc
15325,09a92962b3b77384fb4671e2a6803a84,e61ec60837c3a7c01e31ad9b2d857e99,SO47531,1566,BK-R50B-44,2,1566,b243d2d1c866ff70a41839ea58d11fdb
15325,a9adf65abbb865184bf924d14a93d0c4,ec24e4cf9fcc90f3bbe81b2fb3735c21,SO70715,769,BK-M38S-38,1,769,e0cd1349b4c6e1b5f14ed427e358c2d0
15325,a9adf65abbb865184bf924d14a93d0c4,ec24e4cf9fcc90f3bbe81b2fb3735c21,SO70715,2,PK-7098,1,2,e0cd1349b4c6e1b5f14ed427e358c2d0
15325,a9adf65abbb865184bf924d14a93d0c4,ec24e4cf9fcc90f3bbe81b2fb3735c21,SO70715,30,TI-M602,1,30,e0cd1349b4c6e1b5f14ed427e358c2d0
15326,abe94c2111c58e9c9672602d41bce66e,0149f124a48640c62d90840ac5760331,SO64140,27,CA-1098,3,27,99b7e934795a93975a5e0c0b9b57d9ba
15326,abe94c2111c58e9c9672602d41bce66e,0149f124a48640c62d90840ac5760331,SO64140,159,ST-1401,1,159,99b7e934795a93975a5e0c0b9b57d9ba
15326,abe94c2111c58e9c9672602d41bce66e,0149f124a48640c62d90840ac5760331,SO64140,5,TT-M928,1,5,99b7e934795a93975a5e0c0b9b57d9ba
15327,d5985f40495ba672dff8a99620b879c8,a9adf65abbb865184bf924d14a93d0c4,SO71520,105,HL-U509-R,3,105,8f472ffe3ff3109f420ae91355ff8f3f
15327,d5985f40495ba672dff8a99620b879c8,a9adf65abbb865184bf924d14a93d0c4,SO71520,5,TT-M928,1,5,8f472ffe3ff3109f420ae91355ff8f3f
15328,85f14990e454433586410bd10a64d585,239346f094c2e076937f49d33eb884e9,SO47561,1566,BK-R50R-58,2,1566,f3a74234d20fe8b7fea9d1e61588ddde
15328,c87874400b9f907bdf9ea37d75a4b341,23bd9a9b90557e9da7babfb8e3d2df22,SO64590,4640,BK-M68S-42,2,4640,8b9fe4b34e3c54f08bfcac3d9691e260
15328,c87874400b9f907bdf9ea37d75a4b341,23bd9a9b90557e9da7babfb8e3d2df22,SO64590,22,FE-6654,1,22,8b9fe4b34e3c54f08bfcac3d9691e260
15328,c87874400b9f907bdf9ea37d75a4b341,23bd9a9b90557e9da7babfb8e3d2df22,SO64590,48,GL-H102-M,2,48,8b9fe4b34e3c54f08bfcac3d9691e260
15328,c87874400b9f907bdf9ea37d75a4b341,23bd9a9b90557e9da7babfb8e3d2df22,SO64590,150,LJ-0192-X,3,150,8b9fe4b34e3c54f08bfcac3d9691e260
15329,51f131f5e73d6582c708dee703ea6d09,09a92962b3b77384fb4671e2a6803a84,SO47615,1566,BK-R50B-52,2,1566,83fd58ad8dee673cf915b18f70b86416
15329,8b9fe4b34e3c54f08bfcac3d9691e260,a946e75bc65318721cd1e01162d392dd,SO64217,4590,BK-M68B-46,2,4590,f75e5f8c15ca91ec5c869dc3881f574f
15329,8b9fe4b34e3c54f08bfcac3d9691e260,a946e75bc65318721cd1e01162d392dd,SO64217,22,FE-6654,1,22,f75e5f8c15ca91ec5c869dc3881f574f
15329,8b9fe4b34e3c54f08bfcac3d9691e260,a946e75bc65318721cd1e01162d392dd,SO64217,105,HL-U509-R,3,105,f75e5f8c15ca91ec5c869dc3881f574f
15330,0dc34ca2aaa8612cde077f1880b78b25,361e2c62255e0c1887ac2139911ca300,SO52501,105,HL-U509-R,3,105,7f026edc73bd4602381834e9b850d6c2
15330,0dc34ca2aaa8612cde077f1880b78b25,361e2c62255e0c1887ac2139911ca300,SO52501,5,TT-M928,1,5,7f026edc73bd4602381834e9b850d6c2
15331,d9f7611cf8d29b48a1d3d8fddb8c5b2e,55f9f4cb5784581a517e59904e0d5e2f,SO56661,2,PK-7098,1,2,fda052162862bb845297063fd71a580c
15331,d9f7611cf8d29b48a1d3d8fddb8c5b2e,55f9f4cb5784581a517e59904e0d5e2f,SO56661,5,TT-M928,1,5,fda052162862bb845297063fd71a580c
15332,38c9e5d1e366b4c5c36aae682bc960c4,8fa3bab223bec6501ad71f96bb1067b6,SO71649,105,HL-U509-R,3,105,58c4ce5b9433e7b6d41793d5a76d5590
15332,38c9e5d1e366b4c5c36aae682bc960c4,8fa3bab223bec6501ad71f96bb1067b6,SO71649,5,TT-M928,1,5,58c4ce5b9433e7b6d41793d5a76d5590
15333,1faee5670542865e021595151379fe5c,e5114f65ece65e14e7b721dab1e674e0,SO69764,769,BK-M38S-38,1,769,83d1ed00595e79ee5ea3797e97970fe8
15333,1faee5670542865e021595151379fe5c,e5114f65ece65e14e7b721dab1e674e0,SO69764,27,CA-1098,3,27,83d1ed00595e79ee5ea3797e97970fe8
15333,1faee5670542865e021595151379fe5c,e5114f65ece65e14e7b721dab1e674e0,SO69764,70,SH-W890-S,1,70,83d1ed00595e79ee5ea3797e97970fe8
15333,de0ec1db92da84eb75354f77c92b4831,83fd58ad8dee673cf915b18f70b86416,SO47734,1566,BK-R50B-58,2,1566,34fbf2f6480a253f5b18c3295860e4ca
15334,d7f57f35d2bad1349ca24a67a2635eea,5432d51ee94799c0125bb158c8a8bd22,SO74067,769,BK-M38S-42,1,769,1ba7e8cdf85da6cf5e11554703236b52
15334,d7f57f35d2bad1349ca24a67a2635eea,5432d51ee94799c0125bb158c8a8bd22,SO74067,27,CA-1098,3,27,1ba7e8cdf85da6cf5e11554703236b52
15334,d7f57f35d2bad1349ca24a67a2635eea,5432d51ee94799c0125bb158c8a8bd22,SO74067,70,SH-W890-M,1,70,1ba7e8cdf85da6cf5e11554703236b52
15335,e0cd1349b4c6e1b5f14ed427e358c2d0,f06fd077b6afc2d69af6e1e548da266d,SO70338,105,HL-U509-R,3,105,b95a9f47dd73bb9b799a31ae04ee7da1
15335,e0cd1349b4c6e1b5f14ed427e358c2d0,f06fd077b6afc2d69af6e1e548da266d,SO70338,5,TT-M928,1,5,b95a9f47dd73bb9b799a31ae04ee7da1
15336,5728955fc583cbfd901d0ba25cb20f92,db10519e66d9a7b809b91935ad1a696d,SO74867,2,PK-7098,1,2,01e8942a5792053a553c4612bd6c06a6
15336,5728955fc583cbfd901d0ba25cb20f92,db10519e66d9a7b809b91935ad1a696d,SO74867,5,TT-M928,1,5,01e8942a5792053a553c4612bd6c06a6
15337,921bc92a493b53f98f24e6a8a12801be,17520f5649fab40fb66771362888cb90,SO71464,769,BK-M38S-38,1,769,6a8d7e42bb852c45fbf8610361d391a0
15337,921bc92a493b53f98f24e6a8a12801be,17520f5649fab40fb66771362888cb90,SO71464,70,SH-W890-L,1,70,6a8d7e42bb852c45fbf8610361d391a0
15337,d10ad4e7451df9f235212ada0987c259,c00aa7441b750e57533585b4ed172f85,SO47740,1566,BK-R50R-62,2,1566,7db2c3979b26317fc94657585dda1256
15338,6222fb05a8551828f3607e483b652095,427e6053bc13a556e37f64ff8e1619fb,SO47842,1566,BK-R50R-60,2,1566,13554fafffaf23d93f17c1b353041e27
15338,e84848120190a8d0e696fbeb15647a74,fff3c307c93eda1eb91d53ca588846fe,SO70427,769,BK-M38S-42,1,769,f544b472453b297a8b55709fbfd3746d
15338,e84848120190a8d0e696fbeb15647a74,fff3c307c93eda1eb91d53ca588846fe,SO70427,8,CL-9009,1,8,f544b472453b297a8b55709fbfd3746d
15338,e84848120190a8d0e696fbeb15647a74,fff3c307c93eda1eb91d53ca588846fe,SO70427,2,PK-7098,1,2,f544b472453b297a8b55709fbfd3746d
15338,e84848120190a8d0e696fbeb15647a74,fff3c307c93eda1eb91d53ca588846fe,SO70427,30,TI-M602,1,30,f544b472453b297a8b55709fbfd3746d
15338,e84848120190a8d0e696fbeb15647a74,fff3c307c93eda1eb91d53ca588846fe,SO70427,5,TT-M928,1,5,f544b472453b297a8b55709fbfd3746d
15339,6222fb05a8551828f3607e483b652095,427e6053bc13a556e37f64ff8e1619fb,SO47843,1566,BK-R50B-58,2,1566,13554fafffaf23d93f17c1b353041e27
15339,a9adf65abbb865184bf924d14a93d0c4,ec24e4cf9fcc90f3bbe81b2fb3735c21,SO70716,769,BK-M38S-42,1,769,e0cd1349b4c6e1b5f14ed427e358c2d0
15339,a9adf65abbb865184bf924d14a93d0c4,ec24e4cf9fcc90f3bbe81b2fb3735c21,SO70716,70,SH-W890-L,1,70,e0cd1349b4c6e1b5f14ed427e358c2d0
15340,0c8ff735cb2b05718573c08173335fd4,1685ca8ff12ea83725a1c35e1d89c5cd,SO54488,10,BC-M005,1,10,b8d9d66529b0a1e91f6137abcdd065dd
15340,0c8ff735cb2b05718573c08173335fd4,1685ca8ff12ea83725a1c35e1d89c5cd,SO54488,48,GL-H102-M,2,48,b8d9d66529b0a1e91f6137abcdd065dd
15340,0c8ff735cb2b05718573c08173335fd4,1685ca8ff12ea83725a1c35e1d89c5cd,SO54488,105,HL-U509-B,3,105,b8d9d66529b0a1e91f6137abcdd065dd
15340,0c8ff735cb2b05718573c08173335fd4,1685ca8ff12ea83725a1c35e1d89c5cd,SO54488,5,WB-H098,1,5,b8d9d66529b0a1e91f6137abcdd065dd
15340,545a3d56d20b22e09aa85bfa5ed8738d,31c99d724c1f182c60edb82eb4740277,SO72208,27,CA-1098,3,27,a9cd7a99d71cca9cb644010050374ade
15340,545a3d56d20b22e09aa85bfa5ed8738d,31c99d724c1f182c60edb82eb4740277,SO72208,33,TI-R982,1,33,a9cd7a99d71cca9cb644010050374ade
15340,7a8e187aeb003f6e34c02a4d5b9b153e,2fe1a028f9398deb2efcd536c8246fae,SO63530,35,TI-M823,1,35,ba19c22033aaecc6c5dad47f63e5858c
15340,7a8e187aeb003f6e34c02a4d5b9b153e,2fe1a028f9398deb2efcd536c8246fae,SO63530,5,TT-M928,1,5,ba19c22033aaecc6c5dad47f63e5858c
15341,38c9e5d1e366b4c5c36aae682bc960c4,8fa3bab223bec6501ad71f96bb1067b6,SO71668,769,BK-M38S-38,1,769,58c4ce5b9433e7b6d41793d5a76d5590
15341,38c9e5d1e366b4c5c36aae682bc960c4,8fa3bab223bec6501ad71f96bb1067b6,SO71668,70,SH-W890-S,1,70,58c4ce5b9433e7b6d41793d5a76d5590
15341,6d4d5745fb8f7f5dbaff1d157cfd66e0,c595f6cc53ad9db801808994a1189b6c,SO47854,1566,BK-R50R-58,2,1566,31fe4966a778432b46c41b3ae4fc9171
15342,b95a9f47dd73bb9b799a31ae04ee7da1,175a5d217fad85df9f6639d7ced1e5d9,SO69983,769,BK-M38S-38,1,769,8728a5e296f39e49d2fa74c31820e99f
15342,b95a9f47dd73bb9b799a31ae04ee7da1,175a5d217fad85df9f6639d7ced1e5d9,SO69983,48,GL-H102-S,2,48,8728a5e296f39e49d2fa74c31820e99f
15342,b95a9f47dd73bb9b799a31ae04ee7da1,175a5d217fad85df9f6639d7ced1e5d9,SO69983,70,SH-W890-M,1,70,8728a5e296f39e49d2fa74c31820e99f
15342,ca904a2445f5f72709798833a74ae7c3,dd10b03a406a44cb52e7d41971c2b941,SO47849,1566,BK-R50R-60,2,1566,9aa1878029541c8ed2422b8b536e6b87
15343,d10ad4e7451df9f235212ada0987c259,c00aa7441b750e57533585b4ed172f85,SO47741,1566,BK-R50B-62,2,1566,7db2c3979b26317fc94657585dda1256
15343,d5985f40495ba672dff8a99620b879c8,a9adf65abbb865184bf924d14a93d0c4,SO71539,769,BK-M38S-38,1,769,8f472ffe3ff3109f420ae91355ff8f3f
15344,b988e88fd94a3b47434beeb650cff880,3c1811b546060d91957cc446aabc4a3c,SO56354,5,TT-M928,1,5,18025e6a8791d350428f65c0783ebd99
15345,97a385eedf715bd7450079b92de22ba2,44d326c8c23112823a8152f26e4bb95b,SO47773,1566,BK-R50R-62,2,1566,d10ad4e7451df9f235212ada0987c259
15345,a946e75bc65318721cd1e01162d392dd,5efefff01843f5aa3f7d8a4d44b4bf2e,SO63473,10,BC-M005,1,10,3a23b248b732af434a45fce0302aa11f
15345,a946e75bc65318721cd1e01162d392dd,5efefff01843f5aa3f7d8a4d44b4bf2e,SO63473,4590,BK-M68B-42,2,4590,3a23b248b732af434a45fce0302aa11f
15345,a946e75bc65318721cd1e01162d392dd,5efefff01843f5aa3f7d8a4d44b4bf2e,SO63473,27,CA-1098,3,27,3a23b248b732af434a45fce0302aa11f
15345,a946e75bc65318721cd1e01162d392dd,5efefff01843f5aa3f7d8a4d44b4bf2e,SO63473,5,WB-H098,1,5,3a23b248b732af434a45fce0302aa11f
15346,61e00b038efd34bdf9c747596273cbcf,7130adfd843cdcb6d0bcd9d13792693a,SO64037,4640,BK-M68S-38,2,4640,4b5c3229e0725ef8d303f494db9faec8
15346,61e00b038efd34bdf9c747596273cbcf,7130adfd843cdcb6d0bcd9d13792693a,SO64037,22,FE-6654,1,22,4b5c3229e0725ef8d303f494db9faec8
15346,61e00b038efd34bdf9c747596273cbcf,7130adfd843cdcb6d0bcd9d13792693a,SO64037,2,PK-7098,1,2,4b5c3229e0725ef8d303f494db9faec8
15346,61e00b038efd34bdf9c747596273cbcf,7130adfd843cdcb6d0bcd9d13792693a,SO64037,120,RA-H123,1,120,4b5c3229e0725ef8d303f494db9faec8
15346,97a385eedf715bd7450079b92de22ba2,44d326c8c23112823a8152f26e4bb95b,SO47774,1566,BK-R50B-58,2,1566,d10ad4e7451df9f235212ada0987c259
15347,0e193a421db30416d1fd10bcf77b3eda,e84927d3e6cb5062480084b8208ad296,SO47895,1566,BK-R50B-58,2,1566,ca904a2445f5f72709798833a74ae7c3
15347,17520f5649fab40fb66771362888cb90,1faee5670542865e021595151379fe5c,SO70641,769,BK-M38S-40,1,769,3f72b837978dcd042b73e7270f11a4ca
15347,17520f5649fab40fb66771362888cb90,1faee5670542865e021595151379fe5c,SO70641,27,CA-1098,3,27,3f72b837978dcd042b73e7270f11a4ca
15347,17520f5649fab40fb66771362888cb90,1faee5670542865e021595151379fe5c,SO70641,70,SH-W890-S,1,70,3f72b837978dcd042b73e7270f11a4ca
15348,9aa1878029541c8ed2422b8b536e6b87,e65d2014d1516aff07ce4e23e98e0e1b,SO47806,1566,BK-R50B-48,2,1566,97a385eedf715bd7450079b92de22ba2
15348,d4746e41b619da57ee9f1a2e2cc254e8,81a5d08c6beaeec9e42baae5d63dd780,SO64102,4590,BK-M68B-38,2,4590,23bd9a9b90557e9da7babfb8e3d2df22
15348,d4746e41b619da57ee9f1a2e2cc254e8,81a5d08c6beaeec9e42baae5d63dd780,SO64102,22,FE-6654,1,22,23bd9a9b90557e9da7babfb8e3d2df22
15348,d4746e41b619da57ee9f1a2e2cc254e8,81a5d08c6beaeec9e42baae5d63dd780,SO64102,105,HL-U509-B,3,105,23bd9a9b90557e9da7babfb8e3d2df22
15348,d4746e41b619da57ee9f1a2e2cc254e8,81a5d08c6beaeec9e42baae5d63dd780,SO64102,64,VE-C304-M,1,64,23bd9a9b90557e9da7babfb8e3d2df22
15349,03bf7d2a8718ee9aca4bd2f37e962fc4,290499d9b8e65db426ba9b842714eb6d,SO63599,10,BC-M005,1,10,7130adfd843cdcb6d0bcd9d13792693a
15349,03bf7d2a8718ee9aca4bd2f37e962fc4,290499d9b8e65db426ba9b842714eb6d,SO63599,4640,BK-M68S-42,2,4640,7130adfd843cdcb6d0bcd9d13792693a
15349,03bf7d2a8718ee9aca4bd2f37e962fc4,290499d9b8e65db426ba9b842714eb6d,SO63599,22,FE-6654,1,22,7130adfd843cdcb6d0bcd9d13792693a
15349,03bf7d2a8718ee9aca4bd2f37e962fc4,290499d9b8e65db426ba9b842714eb6d,SO63599,5,WB-H098,1,5,7130adfd843cdcb6d0bcd9d13792693a
15349,9b2bcc77e799374ba0ba55212a17c6b3,1b9e9a1c42d997d68923258c60ed20d5,SO47958,1566,BK-R50R-48,2,1566,524fe547a612733b95c353e432357926
15350,3f0c8308e4e2e5c4ddc1b7e19304f613,61e00b038efd34bdf9c747596273cbcf,SO64838,4640,BK-M68S-38,2,4640,232e830f1ac667c081eaaca23cdf9b5f
15350,3f0c8308e4e2e5c4ddc1b7e19304f613,61e00b038efd34bdf9c747596273cbcf,SO64838,2,PK-7098,1,2,232e830f1ac667c081eaaca23cdf9b5f
15350,3f0c8308e4e2e5c4ddc1b7e19304f613,61e00b038efd34bdf9c747596273cbcf,SO64838,35,TI-M823,1,35,232e830f1ac667c081eaaca23cdf9b5f
15350,3f0c8308e4e2e5c4ddc1b7e19304f613,61e00b038efd34bdf9c747596273cbcf,SO64838,5,TT-M928,1,5,232e830f1ac667c081eaaca23cdf9b5f
15350,ca904a2445f5f72709798833a74ae7c3,dd10b03a406a44cb52e7d41971c2b941,SO47850,1566,BK-R50R-58,2,1566,9aa1878029541c8ed2422b8b536e6b87
15351,1b9e9a1c42d997d68923258c60ed20d5,97a385eedf715bd7450079b92de22ba2,SO47863,1566,BK-R50R-60,2,1566,0901723b6b14e1720aa78a72eedad5f3
15351,8b9fe4b34e3c54f08bfcac3d9691e260,a946e75bc65318721cd1e01162d392dd,SO64216,10,BC-M005,1,10,f75e5f8c15ca91ec5c869dc3881f574f
15351,8b9fe4b34e3c54f08bfcac3d9691e260,a946e75bc65318721cd1e01162d392dd,SO64216,4590,BK-M68B-42,2,4590,f75e5f8c15ca91ec5c869dc3881f574f
15351,8b9fe4b34e3c54f08bfcac3d9691e260,a946e75bc65318721cd1e01162d392dd,SO64216,22,FE-6654,1,22,f75e5f8c15ca91ec5c869dc3881f574f
15351,8b9fe4b34e3c54f08bfcac3d9691e260,a946e75bc65318721cd1e01162d392dd,SO64216,5,WB-H098,1,5,f75e5f8c15ca91ec5c869dc3881f574f
15352,fef3080ec197edd1a04bb18afd31d16d,b8d9d66529b0a1e91f6137abcdd065dd,SO54910,70,SH-W890-M,1,70,4310d0d92131e34ff2716d85e1953174
15353,545a3d56d20b22e09aa85bfa5ed8738d,31c99d724c1f182c60edb82eb4740277,SO72232,2,PK-7098,1,2,a9cd7a99d71cca9cb644010050374ade
15353,545a3d56d20b22e09aa85bfa5ed8738d,31c99d724c1f182c60edb82eb4740277,SO72232,159,ST-1401,1,159,a9cd7a99d71cca9cb644010050374ade
15353,545a3d56d20b22e09aa85bfa5ed8738d,31c99d724c1f182c60edb82eb4740277,SO72232,29,TI-T723,1,29,a9cd7a99d71cca9cb644010050374ade
15353,545a3d56d20b22e09aa85bfa5ed8738d,31c99d724c1f182c60edb82eb4740277,SO72232,5,TT-T092,1,5,a9cd7a99d71cca9cb644010050374ade
15353,d34ba8f5d7fd7d5959a34c283fbec422,9c56075241a26f6fa77eb86b15411c6e,SO55064,27,CA-1098,3,27,ac15b60491fe99190c0248790e690757
15353,d34ba8f5d7fd7d5959a34c283fbec422,9c56075241a26f6fa77eb86b15411c6e,SO55064,105,HL-U509-B,3,105,ac15b60491fe99190c0248790e690757
15353,d34ba8f5d7fd7d5959a34c283fbec422,9c56075241a26f6fa77eb86b15411c6e,SO55064,150,LJ-0192-S,3,150,ac15b60491fe99190c0248790e690757
15353,d34ba8f5d7fd7d5959a34c283fbec422,9c56075241a26f6fa77eb86b15411c6e,SO55064,33,TI-R982,1,33,ac15b60491fe99190c0248790e690757
15353,d34ba8f5d7fd7d5959a34c283fbec422,9c56075241a26f6fa77eb86b15411c6e,SO55064,4,TT-R982,1,4,ac15b60491fe99190c0248790e690757
15354,13af0cd214494c6df4622847478d94fe,2736db866ea3366c10431df335770c4c,SO45617,3578,BK-R93R-44,1,3578,2161780b6db40411111a69f18a2056bd
15354,23bd9a9b90557e9da7babfb8e3d2df22,b210069485754303767745919c328b97,SO63795,2384,BK-T79Y-54,1,2384,a946e75bc65318721cd1e01162d392dd
15354,23bd9a9b90557e9da7babfb8e3d2df22,b210069485754303767745919c328b97,SO63795,27,CA-1098,3,27,a946e75bc65318721cd1e01162d392dd
15354,2ed3972e38245b633ec6b146c2970148,6477c205c5117a9448ba863e111acf32,SO61670,4590,BK-M68B-38,2,4590,2becb9647677a1a316b388bbad689580
15354,2ed3972e38245b633ec6b146c2970148,6477c205c5117a9448ba863e111acf32,SO61670,22,FE-6654,1,22,2becb9647677a1a316b388bbad689580
15354,2ed3972e38245b633ec6b146c2970148,6477c205c5117a9448ba863e111acf32,SO61670,9,SO-R809-M,1,9,2becb9647677a1a316b388bbad689580
15355,b95a9f47dd73bb9b799a31ae04ee7da1,175a5d217fad85df9f6639d7ced1e5d9,SO69972,35,TI-M823,1,35,8728a5e296f39e49d2fa74c31820e99f
15356,226d694fb4b7f71d62444f9528be8704,714597fe9448176d17876617114a65bc,SO54007,150,LJ-0192-M,3,150,9444f850ff0c10a862b4a6a9c4ab0a74
15356,226d694fb4b7f71d62444f9528be8704,714597fe9448176d17876617114a65bc,SO54007,70,SH-W890-M,1,70,9444f850ff0c10a862b4a6a9c4ab0a74
15357,94c60e0b5e2b0f78b919a5d4c67d70a2,0d15ba5aa4c9ad0377b26e0cf7a86280,SO62177,10,BC-M005,1,10,9913e55755fcc4267a06c1e6adbbc7fb
15357,94c60e0b5e2b0f78b919a5d4c67d70a2,0d15ba5aa4c9ad0377b26e0cf7a86280,SO62177,4640,BK-M68S-38,2,4640,9913e55755fcc4267a06c1e6adbbc7fb
15357,94c60e0b5e2b0f78b919a5d4c67d70a2,0d15ba5aa4c9ad0377b26e0cf7a86280,SO62177,105,HL-U509,3,105,9913e55755fcc4267a06c1e6adbbc7fb
15357,94c60e0b5e2b0f78b919a5d4c67d70a2,0d15ba5aa4c9ad0377b26e0cf7a86280,SO62177,5,WB-H098,1,5,9913e55755fcc4267a06c1e6adbbc7fb
15357,9b6872ca1d80024637e967d1066bba0a,4310d0d92131e34ff2716d85e1953174,SO55383,2384,BK-T79U-50,1,2384,7b0730955172ecda497d7cca6b1d87a1
15357,9b6872ca1d80024637e967d1066bba0a,4310d0d92131e34ff2716d85e1953174,SO55383,105,HL-U509,3,105,7b0730955172ecda497d7cca6b1d87a1
15357,de3a4af731cd077daa2beb37e580c57f,4a318fb9cfbe73b094d25673d3ce9e38,SO46770,2443,BK-R89R-52,1,2443,3509cccaf2642efa12aab8da9ba03c1f
15358,a6f2945baeceeef4c8d541a22f6e99e9,d5985f40495ba672dff8a99620b879c8,SO72533,105,HL-U509,3,105,95a2a9aefc393f8630e934768cacf4cd
15358,a6f2945baeceeef4c8d541a22f6e99e9,d5985f40495ba672dff8a99620b879c8,SO72533,5,TT-M928,1,5,95a2a9aefc393f8630e934768cacf4cd
15359,05e7920e8caf0303dc01b77666952b75,eea5b3bd1bd5d5c62a1d22f78d3ba263,SO66231,22,FE-6654,1,22,3a2f313512bb520c43971e54ba834dec
15359,05e7920e8caf0303dc01b77666952b75,eea5b3bd1bd5d5c62a1d22f78d3ba263,SO66231,48,GL-H102-M,2,48,3a2f313512bb520c43971e54ba834dec
15359,05e7920e8caf0303dc01b77666952b75,eea5b3bd1bd5d5c62a1d22f78d3ba263,SO66231,5,TT-M928,1,5,3a2f313512bb520c43971e54ba834dec
15360,9592b44e2c3f304a9875f45537bec6eb,a9cd7a99d71cca9cb644010050374ade,SO72752,5,TT-M928,1,5,b2ce0ef2540789e8a6976165b6c917d8
15361,6a373d2281ba1487d83680f65dd6e6d0,2fb09097185e604aaadbfde958fd6262,SO74986,105,HL-U509-R,3,105,8592725b85eec4822018b8728dd5b88d
15361,6a373d2281ba1487d83680f65dd6e6d0,2fb09097185e604aaadbfde958fd6262,SO74986,5,TT-M928,1,5,8592725b85eec4822018b8728dd5b88d
15362,16e364d19895243407b256ec272d5394,4004a117f65dfd3221a9cce8fce5a45f,SO67631,2384,BK-T79Y-60,1,2384,7acd252f45ad6fe668386456a673d543
15362,16e364d19895243407b256ec272d5394,4004a117f65dfd3221a9cce8fce5a45f,SO67631,9,SO-R809-L,1,9,7acd252f45ad6fe668386456a673d543
15362,af1457846a79173ef71dd9d5dd69805a,254d832c83ccdb2c33eab65a4fd196ff,SO60360,4590,BK-M68B-46,2,4590,ce08c22f7777768ce4197eab9727516c
15362,af1457846a79173ef71dd9d5dd69805a,254d832c83ccdb2c33eab65a4fd196ff,SO60360,22,FE-6654,1,22,ce08c22f7777768ce4197eab9727516c
15362,af1457846a79173ef71dd9d5dd69805a,254d832c83ccdb2c33eab65a4fd196ff,SO60360,105,HL-U509,3,105,ce08c22f7777768ce4197eab9727516c
15363,0383d48e76cd8a3dfb9e2a890f2cac18,d6fb379288416774d139632beb88e26b,SO61016,10,BC-M005,1,10,883b9b4170853b321c03290f64ba199f
15363,0383d48e76cd8a3dfb9e2a890f2cac18,d6fb379288416774d139632beb88e26b,SO61016,4640,BK-M68S-42,2,4640,883b9b4170853b321c03290f64ba199f
15363,0383d48e76cd8a3dfb9e2a890f2cac18,d6fb379288416774d139632beb88e26b,SO61016,5,WB-H098,1,5,883b9b4170853b321c03290f64ba199f
15363,c885741a5e3e55c84950327011b70289,7e15f50bd26e439e6a22f5205a8064db,SO68669,2384,BK-T79Y-60,1,2384,0da2bc000f1fe4ea8746f9aea0bb5879
15364,31fe4966a778432b46c41b3ae4fc9171,de0ec1db92da84eb75354f77c92b4831,SO47818,1566,BK-R50R-62,2,1566,b9e08b025ef074f1404952480e6fa92a
15364,4b5c3229e0725ef8d303f494db9faec8,f46ace11e93788e473124f7be16a19d5,SO63728,4640,BK-M68S-46,2,4640,0149f124a48640c62d90840ac5760331
15364,4b5c3229e0725ef8d303f494db9faec8,f46ace11e93788e473124f7be16a19d5,SO63728,27,CA-1098,3,27,0149f124a48640c62d90840ac5760331
15364,4b5c3229e0725ef8d303f494db9faec8,f46ace11e93788e473124f7be16a19d5,SO63728,22,FE-6654,1,22,0149f124a48640c62d90840ac5760331
15364,4b5c3229e0725ef8d303f494db9faec8,f46ace11e93788e473124f7be16a19d5,SO63728,150,LJ-0192-S,3,150,0149f124a48640c62d90840ac5760331
15365,813f26755901d08d11203eb467615b65,7ef7447fc083981d7d520e8df45ac789,SO48221,1566,BK-R50B-62,2,1566,c82e990b1e68272a09ad5b81d90292bc
15365,b0241b451647f25db5f52074445d820c,7a8e187aeb003f6e34c02a4d5b9b153e,SO64281,10,BC-M005,1,10,56d78836c9cf0de136c4d2d37aba2280
15365,b0241b451647f25db5f52074445d820c,7a8e187aeb003f6e34c02a4d5b9b153e,SO64281,4640,BK-M68S-38,2,4640,56d78836c9cf0de136c4d2d37aba2280
15365,b0241b451647f25db5f52074445d820c,7a8e187aeb003f6e34c02a4d5b9b153e,SO64281,22,FE-6654,1,22,56d78836c9cf0de136c4d2d37aba2280
15365,b0241b451647f25db5f52074445d820c,7a8e187aeb003f6e34c02a4d5b9b153e,SO64281,2,PK-7098,1,2,56d78836c9cf0de136c4d2d37aba2280
15365,b0241b451647f25db5f52074445d820c,7a8e187aeb003f6e34c02a4d5b9b153e,SO64281,5,WB-H098,1,5,56d78836c9cf0de136c4d2d37aba2280
15366,f476906875bc5d9abe836b4ea1f485c1,f04e53711455521533f4c5ed7dcaa287,SO53154,55,HY-1023-70,1,55,15aceb75d86814cb479f1b1a9487c3d4
15366,f476906875bc5d9abe836b4ea1f485c1,f04e53711455521533f4c5ed7dcaa287,SO53154,5,TT-M928,1,5,15aceb75d86814cb479f1b1a9487c3d4
15367,4b5c3229e0725ef8d303f494db9faec8,f46ace11e93788e473124f7be16a19d5,SO63729,4640,BK-M68S-46,2,4640,0149f124a48640c62d90840ac5760331
15367,4b5c3229e0725ef8d303f494db9faec8,f46ace11e93788e473124f7be16a19d5,SO63729,105,HL-U509-R,3,105,0149f124a48640c62d90840ac5760331
15367,4b5c3229e0725ef8d303f494db9faec8,f46ace11e93788e473124f7be16a19d5,SO63729,35,TI-M823,1,35,0149f124a48640c62d90840ac5760331
15367,4b5c3229e0725ef8d303f494db9faec8,f46ace11e93788e473124f7be16a19d5,SO63729,5,TT-M928,1,5,0149f124a48640c62d90840ac5760331
15367,4d8769725b0b7f33aebf747e80c5c4e0,f8018ae891e33dd2bfe3e20469c0de8f,SO48235,1566,BK-R50R-58,2,1566,79e02a49bb92138c3f331082fef97f2e
15368,1678083e7ff90bd404baad3f60bffa37,7b0730955172ecda497d7cca6b1d87a1,SO55767,2,PK-7098,1,2,73a69a5c77a7d23172e54d7ce07a638e
15368,1678083e7ff90bd404baad3f60bffa37,7b0730955172ecda497d7cca6b1d87a1,SO55767,5,TT-M928,1,5,73a69a5c77a7d23172e54d7ce07a638e
15369,4bd94d77610f3faab529dc08576e03ab,c23832fbf23a0e7899927ece4d109c94,SO48209,1566,BK-R50R-58,2,1566,9818ca9856d3cf7b357612ed1c1f59a2
15369,56d78836c9cf0de136c4d2d37aba2280,ba19c22033aaecc6c5dad47f63e5858c,SO63980,10,BC-M005,1,10,8c9ec1be720ee75d56d0c250d10610fa
15369,56d78836c9cf0de136c4d2d37aba2280,ba19c22033aaecc6c5dad47f63e5858c,SO63980,4590,BK-M68B-46,2,4590,8c9ec1be720ee75d56d0c250d10610fa
15369,56d78836c9cf0de136c4d2d37aba2280,ba19c22033aaecc6c5dad47f63e5858c,SO63980,105,HL-U509-B,3,105,8c9ec1be720ee75d56d0c250d10610fa
15369,56d78836c9cf0de136c4d2d37aba2280,ba19c22033aaecc6c5dad47f63e5858c,SO63980,5,WB-H098,1,5,8c9ec1be720ee75d56d0c250d10610fa
15370,b34050290c25b0f7b52a2b8f767df87d,caa707f97407c07371136aaf471a91d4,SO67991,2,PK-7098,1,2,36ab6f1df21f3c9a169c8942e981959a
15370,b34050290c25b0f7b52a2b8f767df87d,caa707f97407c07371136aaf471a91d4,SO67991,5,TT-M928,1,5,36ab6f1df21f3c9a169c8942e981959a
15371,0149f124a48640c62d90840ac5760331,4555f65c4664801d78b9f5477f89d8fd,SO63404,4640,BK-M68S-46,2,4640,870bd4f3713260418e4f342f31dc7e33
15371,0149f124a48640c62d90840ac5760331,4555f65c4664801d78b9f5477f89d8fd,SO63404,22,FE-6654,1,22,870bd4f3713260418e4f342f31dc7e33
15371,0149f124a48640c62d90840ac5760331,4555f65c4664801d78b9f5477f89d8fd,SO63404,54,SJ-0194-X,1,54,870bd4f3713260418e4f342f31dc7e33
15371,c82e990b1e68272a09ad5b81d90292bc,bdeaa4898e182be99121455d5c86cce1,SO48189,1566,BK-R50R-62,2,1566,f8018ae891e33dd2bfe3e20469c0de8f
15372,58f0b42da53adeeccbfa693883fea672,8c9ec1be720ee75d56d0c250d10610fa,SO64429,4640,BK-M68S-46,2,4640,d4746e41b619da57ee9f1a2e2cc254e8
15372,58f0b42da53adeeccbfa693883fea672,8c9ec1be720ee75d56d0c250d10610fa,SO64429,2,PK-7098,1,2,d4746e41b619da57ee9f1a2e2cc254e8
15372,694d75fcfc5bc50259336e29e881a36c,eef19d609e6d210600b55b2e51330be3,SO48285,1566,BK-R50R-60,2,1566,7e7a9bb13ad063eb81a70efff24ca60a
15373,a048b8d5f3f9178f163e2be055f0138b,c83e871e48c2716e0f28e60d166a5c98,SO72986,105,HL-U509-B,3,105,41ef6b06b63ba4f6a5234245a439b157
15373,a048b8d5f3f9178f163e2be055f0138b,c83e871e48c2716e0f28e60d166a5c98,SO72986,5,TT-M928,1,5,41ef6b06b63ba4f6a5234245a439b157
15374,4eec6eda382b9c44e240ad4b4b5e9cc0,f75e5f8c15ca91ec5c869dc3881f574f,SO64713,4640,BK-M68S-38,2,4640,94b225b5b1f09ecd5e8ecdfb681ff04c
15374,4eec6eda382b9c44e240ad4b4b5e9cc0,f75e5f8c15ca91ec5c869dc3881f574f,SO64713,105,HL-U509-R,3,105,94b225b5b1f09ecd5e8ecdfb681ff04c
15374,4eec6eda382b9c44e240ad4b4b5e9cc0,f75e5f8c15ca91ec5c869dc3881f574f,SO64713,35,TI-M823,1,35,94b225b5b1f09ecd5e8ecdfb681ff04c
15374,4eec6eda382b9c44e240ad4b4b5e9cc0,f75e5f8c15ca91ec5c869dc3881f574f,SO64713,5,TT-M928,1,5,94b225b5b1f09ecd5e8ecdfb681ff04c
15374,efeeb9aa018e1010ee17c973765ea138,b626fc8d2e0883d1c28d00d94d2c599f,SO48140,1566,BK-R50R-52,2,1566,b2d2f5ceb10246b49d6ab4905e6f9753
15375,922d04aa1f67bbe0270bfad98508f43e,0383d48e76cd8a3dfb9e2a890f2cac18,SO61813,8,CL-9009,1,8,76918877cf6ce7011018cd9708723392
15375,922d04aa1f67bbe0270bfad98508f43e,0383d48e76cd8a3dfb9e2a890f2cac18,SO61813,55,HY-1023-70,1,55,76918877cf6ce7011018cd9708723392
15375,922d04aa1f67bbe0270bfad98508f43e,0383d48e76cd8a3dfb9e2a890f2cac18,SO61813,5,TT-M928,1,5,76918877cf6ce7011018cd9708723392
15376,0e23f371129aecc6b2033620b226f8d7,fda052162862bb845297063fd71a580c,SO57207,10,BC-M005,1,10,40ff348468b73116a7077c246985e0bf
15376,0e23f371129aecc6b2033620b226f8d7,fda052162862bb845297063fd71a580c,SO57207,5,WB-H098,1,5,40ff348468b73116a7077c246985e0bf
15376,7ee641303ef8d8b10d0ed00a060c73cc,eef21e68ecca703bb338920b950f203c,SO61765,2,PK-7098,1,2,0d15ba5aa4c9ad0377b26e0cf7a86280
15376,7ee641303ef8d8b10d0ed00a060c73cc,eef21e68ecca703bb338920b950f203c,SO61765,35,TI-M823,1,35,0d15ba5aa4c9ad0377b26e0cf7a86280
15376,7ee641303ef8d8b10d0ed00a060c73cc,eef21e68ecca703bb338920b950f203c,SO61765,5,TT-M928,1,5,0d15ba5aa4c9ad0377b26e0cf7a86280
15376,ec24e4cf9fcc90f3bbe81b2fb3735c21,c4369eefdf9bb8a3f9115e96b40aaf17,SO69815,27,CA-1098,3,27,f06fd077b6afc2d69af6e1e548da266d
15376,ec24e4cf9fcc90f3bbe81b2fb3735c21,c4369eefdf9bb8a3f9115e96b40aaf17,SO69815,70,SH-W890-L,1,70,f06fd077b6afc2d69af6e1e548da266d
15377,3e48b2167bd86ef570e46d0b286c4f74,072bf847aeeee970f66483e596496cd9,SO53277,105,HL-U509,3,105,3e07f09fb2edbdf0bf6a54c17634514b
15377,3e48b2167bd86ef570e46d0b286c4f74,072bf847aeeee970f66483e596496cd9,SO53277,35,TI-M823,1,35,3e07f09fb2edbdf0bf6a54c17634514b
15377,3e48b2167bd86ef570e46d0b286c4f74,072bf847aeeee970f66483e596496cd9,SO53277,5,TT-M928,1,5,3e07f09fb2edbdf0bf6a54c17634514b
15377,838eec1f117f2cab9e9c306f7efbff28,13b7c2277967bc61802018c764b5b2a0,SO74894,70,SH-W890-M,1,70,9a027fc72b503940a96d5137762a263e
15377,ce08c22f7777768ce4197eab9727516c,4a800301260b2639fa1ec3efafb5f86c,SO60000,10,BC-M005,1,10,5072507e949a2c25948a591c4da194e1
15377,ce08c22f7777768ce4197eab9727516c,4a800301260b2639fa1ec3efafb5f86c,SO60000,8,CL-9009,1,8,5072507e949a2c25948a591c4da194e1
15377,ce08c22f7777768ce4197eab9727516c,4a800301260b2639fa1ec3efafb5f86c,SO60000,5,WB-H098,1,5,5072507e949a2c25948a591c4da194e1
15378,3fe686907939d07097f6c87f08025422,8eb7a1b0dba9fdd5f4248b9cb6b9119b,SO69042,10,BC-M005,1,10,e5114f65ece65e14e7b721dab1e674e0
15378,3fe686907939d07097f6c87f08025422,8eb7a1b0dba9fdd5f4248b9cb6b9119b,SO69042,27,CA-1098,3,27,e5114f65ece65e14e7b721dab1e674e0
15378,3fe686907939d07097f6c87f08025422,8eb7a1b0dba9fdd5f4248b9cb6b9119b,SO69042,5,WB-H098,1,5,e5114f65ece65e14e7b721dab1e674e0
15378,81a5d08c6beaeec9e42baae5d63dd780,95103530881768b5cfc7e33970db9cd7,SO63310,70,SH-W890-S,1,70,b210069485754303767745919c328b97
15378,f476906875bc5d9abe836b4ea1f485c1,f04e53711455521533f4c5ed7dcaa287,SO53166,10,BC-M005,1,10,15aceb75d86814cb479f1b1a9487c3d4
15378,f476906875bc5d9abe836b4ea1f485c1,f04e53711455521533f4c5ed7dcaa287,SO53166,22,FE-6654,1,22,15aceb75d86814cb479f1b1a9487c3d4
15378,f476906875bc5d9abe836b4ea1f485c1,f04e53711455521533f4c5ed7dcaa287,SO53166,35,TI-M823,1,35,15aceb75d86814cb479f1b1a9487c3d4
15378,f476906875bc5d9abe836b4ea1f485c1,f04e53711455521533f4c5ed7dcaa287,SO53166,5,TT-M928,1,5,15aceb75d86814cb479f1b1a9487c3d4
15378,f476906875bc5d9abe836b4ea1f485c1,f04e53711455521533f4c5ed7dcaa287,SO53166,5,WB-H098,1,5,15aceb75d86814cb479f1b1a9487c3d4
15379,9818ca9856d3cf7b357612ed1c1f59a2,4d73c32f6dcd1ffe87dd7575935d313e,SO48176,1566,BK-R50B-62,2,1566,7ef7447fc083981d7d520e8df45ac789
15379,abe94c2111c58e9c9672602d41bce66e,0149f124a48640c62d90840ac5760331,SO64157,4640,BK-M68S-46,2,4640,99b7e934795a93975a5e0c0b9b57d9ba
15379,abe94c2111c58e9c9672602d41bce66e,0149f124a48640c62d90840ac5760331,SO64157,22,FE-6654,1,22,99b7e934795a93975a5e0c0b9b57d9ba
15379,abe94c2111c58e9c9672602d41bce66e,0149f124a48640c62d90840ac5760331,SO64157,48,GL-H102-L,2,48,99b7e934795a93975a5e0c0b9b57d9ba
15379,abe94c2111c58e9c9672602d41bce66e,0149f124a48640c62d90840ac5760331,SO64157,105,HL-U509,3,105,99b7e934795a93975a5e0c0b9b57d9ba
15380,94b225b5b1f09ecd5e8ecdfb681ff04c,03bf7d2a8718ee9aca4bd2f37e962fc4,SO64354,4640,BK-M68S-46,2,4640,61e00b038efd34bdf9c747596273cbcf
15380,94b225b5b1f09ecd5e8ecdfb681ff04c,03bf7d2a8718ee9aca4bd2f37e962fc4,SO64354,2,PK-7098,1,2,61e00b038efd34bdf9c747596273cbcf
15380,94b225b5b1f09ecd5e8ecdfb681ff04c,03bf7d2a8718ee9aca4bd2f37e962fc4,SO64354,35,TI-M823,1,35,61e00b038efd34bdf9c747596273cbcf
15380,94b225b5b1f09ecd5e8ecdfb681ff04c,03bf7d2a8718ee9aca4bd2f37e962fc4,SO64354,5,TT-M928,1,5,61e00b038efd34bdf9c747596273cbcf
15380,af0f2c97be3051a37eaf670bbd7408f8,efeeb9aa018e1010ee17c973765ea138,SO48217,1566,BK-R50R-62,2,1566,b34e643874d56f7909d7abbfa923fb5a
15381,db10519e66d9a7b809b91935ad1a696d,d7f57f35d2bad1349ca24a67a2635eea,SO74492,5,TT-M928,1,5,6583882ca853d66524856501b27519f5
15382,03bf7d2a8718ee9aca4bd2f37e962fc4,290499d9b8e65db426ba9b842714eb6d,SO63578,105,HL-U509-R,3,105,7130adfd843cdcb6d0bcd9d13792693a
15382,03bf7d2a8718ee9aca4bd2f37e962fc4,290499d9b8e65db426ba9b842714eb6d,SO63578,5,TT-M928,1,5,7130adfd843cdcb6d0bcd9d13792693a
15382,03bf7d2a8718ee9aca4bd2f37e962fc4,290499d9b8e65db426ba9b842714eb6d,SO63578,64,VE-C304-S,1,64,7130adfd843cdcb6d0bcd9d13792693a
15383,8592725b85eec4822018b8728dd5b88d,88d8e3ff674b1514a19b24621707f0d9,SO74827,48,GL-H102-M,2,48,56e52500a7f5ab963646137a401683cd
15383,8592725b85eec4822018b8728dd5b88d,88d8e3ff674b1514a19b24621707f0d9,SO74827,105,HL-U509,3,105,56e52500a7f5ab963646137a401683cd
15383,8592725b85eec4822018b8728dd5b88d,88d8e3ff674b1514a19b24621707f0d9,SO74827,150,LJ-0192-M,3,150,56e52500a7f5ab963646137a401683cd
15383,8592725b85eec4822018b8728dd5b88d,88d8e3ff674b1514a19b24621707f0d9,SO74827,5,TT-M928,1,5,56e52500a7f5ab963646137a401683cd
15384,bc761b2b7297029a695fbd6dd0470724,fef3080ec197edd1a04bb18afd31d16d,SO55636,2,PK-7098,1,2,9b6872ca1d80024637e967d1066bba0a
15384,bc761b2b7297029a695fbd6dd0470724,fef3080ec197edd1a04bb18afd31d16d,SO55636,5,TT-M928,1,5,9b6872ca1d80024637e967d1066bba0a
15385,6353a8421ee460b64f2c988cc72a8391,59c3d64cb01cd5ad7fd25246d81a55ff,SO56204,2,PK-7098,1,2,5691ac18f59a9af20f9d8703772afbba
15385,6353a8421ee460b64f2c988cc72a8391,59c3d64cb01cd5ad7fd25246d81a55ff,SO56204,5,TT-M928,1,5,5691ac18f59a9af20f9d8703772afbba
15386,ccf89c691dabb1412404274596922d90,b0241b451647f25db5f52074445d820c,SO65044,5,TT-M928,1,5,7299e51cfc0d5174743a6701a8a96488
15387,d5985f40495ba672dff8a99620b879c8,a9adf65abbb865184bf924d14a93d0c4,SO71519,5,TT-M928,1,5,8f472ffe3ff3109f420ae91355ff8f3f
15388,5fcf51a91997cecbc58d2bde1a28e1ec,4dbaf4bdbce8284f0eb9870406ab7f04,SO48120,1566,BK-R50R-62,2,1566,5df3d5e6ab78e9109e9a80b7ac423282
15388,81a5d08c6beaeec9e42baae5d63dd780,95103530881768b5cfc7e33970db9cd7,SO63342,10,BC-M005,1,10,b210069485754303767745919c328b97
15388,81a5d08c6beaeec9e42baae5d63dd780,95103530881768b5cfc7e33970db9cd7,SO63342,4590,BK-M68B-46,2,4590,b210069485754303767745919c328b97
15388,81a5d08c6beaeec9e42baae5d63dd780,95103530881768b5cfc7e33970db9cd7,SO63342,105,HL-U509-B,3,105,b210069485754303767745919c328b97
15388,81a5d08c6beaeec9e42baae5d63dd780,95103530881768b5cfc7e33970db9cd7,SO63342,5,WB-H098,1,5,b210069485754303767745919c328b97
15389,694d75fcfc5bc50259336e29e881a36c,eef19d609e6d210600b55b2e51330be3,SO48283,1566,BK-R50R-60,2,1566,7e7a9bb13ad063eb81a70efff24ca60a
15389,7299e51cfc0d5174743a6701a8a96488,56d78836c9cf0de136c4d2d37aba2280,SO64767,4590,BK-M68B-38,2,4590,58f0b42da53adeeccbfa693883fea672
15389,7299e51cfc0d5174743a6701a8a96488,56d78836c9cf0de136c4d2d37aba2280,SO64767,105,HL-U509-R,3,105,58f0b42da53adeeccbfa693883fea672
15389,7299e51cfc0d5174743a6701a8a96488,56d78836c9cf0de136c4d2d37aba2280,SO64767,35,TI-M823,1,35,58f0b42da53adeeccbfa693883fea672
15389,7299e51cfc0d5174743a6701a8a96488,56d78836c9cf0de136c4d2d37aba2280,SO64767,5,TT-M928,1,5,58f0b42da53adeeccbfa693883fea672
15390,6866da5d40f1aad2d82129d5ffa25bda,b68fd63ca41d49bfc1b18251202c053f,SO65765,105,HL-U509,3,105,eea5b3bd1bd5d5c62a1d22f78d3ba263
15390,6866da5d40f1aad2d82129d5ffa25bda,b68fd63ca41d49bfc1b18251202c053f,SO65765,5,TT-M928,1,5,eea5b3bd1bd5d5c62a1d22f78d3ba263
15391,99c8f306659fd98cbb9d7f03ec0c2a7a,705fa39ab40831529471c768490339ab,SO69930,9,BC-R205,1,9,fff3c307c93eda1eb91d53ca588846fe
15391,99c8f306659fd98cbb9d7f03ec0c2a7a,705fa39ab40831529471c768490339ab,SO69930,2384,BK-T79Y-54,1,2384,fff3c307c93eda1eb91d53ca588846fe
15391,99c8f306659fd98cbb9d7f03ec0c2a7a,705fa39ab40831529471c768490339ab,SO69930,105,HL-U509-R,3,105,fff3c307c93eda1eb91d53ca588846fe
15391,99c8f306659fd98cbb9d7f03ec0c2a7a,705fa39ab40831529471c768490339ab,SO69930,5,WB-H098,1,5,fff3c307c93eda1eb91d53ca588846fe
15391,eef21e68ecca703bb338920b950f203c,f108e0cd2f96a0c22086f9d45ee08f19,SO60932,4640,BK-M68S-38,2,4640,b21e833d3ead6056f1265f13fe1ff015
15391,eef21e68ecca703bb338920b950f203c,f108e0cd2f96a0c22086f9d45ee08f19,SO60932,105,HL-U509,3,105,b21e833d3ead6056f1265f13fe1ff015
15391,eef21e68ecca703bb338920b950f203c,f108e0cd2f96a0c22086f9d45ee08f19,SO60932,35,TI-M823,1,35,b21e833d3ead6056f1265f13fe1ff015
15391,eef21e68ecca703bb338920b950f203c,f108e0cd2f96a0c22086f9d45ee08f19,SO60932,5,TT-M928,1,5,b21e833d3ead6056f1265f13fe1ff015
15392,c660dc308b247ce08aeecd155306bae0,e7df1b3ee078bdcfc260a877f321287d,SO59935,105,HL-U509-R,3,105,9a95fdf4e925d9cbd65f87b5aa4ac212
15392,c660dc308b247ce08aeecd155306bae0,e7df1b3ee078bdcfc260a877f321287d,SO59935,5,TT-M928,1,5,9a95fdf4e925d9cbd65f87b5aa4ac212
15393,8babade0595c11e14dd89058a850f2cd,a048b8d5f3f9178f163e2be055f0138b,SO73897,2,PK-7098,1,2,501407dcfde5b685045ca3072168d5bb
15393,8babade0595c11e14dd89058a850f2cd,a048b8d5f3f9178f163e2be055f0138b,SO73897,5,TT-M928,1,5,501407dcfde5b685045ca3072168d5bb
15394,ccf89c691dabb1412404274596922d90,b0241b451647f25db5f52074445d820c,SO65065,4590,BK-M68B-42,2,4590,7299e51cfc0d5174743a6701a8a96488
15394,ccf89c691dabb1412404274596922d90,b0241b451647f25db5f52074445d820c,SO65065,22,FE-6654,1,22,7299e51cfc0d5174743a6701a8a96488
15394,ccf89c691dabb1412404274596922d90,b0241b451647f25db5f52074445d820c,SO65065,105,HL-U509,3,105,7299e51cfc0d5174743a6701a8a96488
15394,e56b89db4bdb2b3ba01ca1e3dbaf16ef,07f0f4d1950116643ea4a45db1bc7999,SO48249,1566,BK-R50B-62,2,1566,af0f2c97be3051a37eaf670bbd7408f8
15395,a9adf65abbb865184bf924d14a93d0c4,ec24e4cf9fcc90f3bbe81b2fb3735c21,SO70734,2384,BK-T79Y-54,1,2384,e0cd1349b4c6e1b5f14ed427e358c2d0
15395,a9adf65abbb865184bf924d14a93d0c4,ec24e4cf9fcc90f3bbe81b2fb3735c21,SO70734,105,HL-U509-B,3,105,e0cd1349b4c6e1b5f14ed427e358c2d0
15395,eef21e68ecca703bb338920b950f203c,f108e0cd2f96a0c22086f9d45ee08f19,SO60931,4590,BK-M68B-42,2,4590,b21e833d3ead6056f1265f13fe1ff015
15395,eef21e68ecca703bb338920b950f203c,f108e0cd2f96a0c22086f9d45ee08f19,SO60931,22,FE-6654,1,22,b21e833d3ead6056f1265f13fe1ff015
15395,eef21e68ecca703bb338920b950f203c,f108e0cd2f96a0c22086f9d45ee08f19,SO60931,9,SO-R809-M,1,9,b21e833d3ead6056f1265f13fe1ff015
15395,eef21e68ecca703bb338920b950f203c,f108e0cd2f96a0c22086f9d45ee08f19,SO60931,35,TI-M823,1,35,b21e833d3ead6056f1265f13fe1ff015
15396,4d8769725b0b7f33aebf747e80c5c4e0,f8018ae891e33dd2bfe3e20469c0de8f,SO48232,1566,BK-R50R-52,2,1566,79e02a49bb92138c3f331082fef97f2e
15396,a1fedb8f5f2e08543339a5f167bee6b7,8b9fe4b34e3c54f08bfcac3d9691e260,SO65002,10,BC-M005,1,10,4eec6eda382b9c44e240ad4b4b5e9cc0
15396,a1fedb8f5f2e08543339a5f167bee6b7,8b9fe4b34e3c54f08bfcac3d9691e260,SO65002,4590,BK-M68B-46,2,4590,4eec6eda382b9c44e240ad4b4b5e9cc0
15396,a1fedb8f5f2e08543339a5f167bee6b7,8b9fe4b34e3c54f08bfcac3d9691e260,SO65002,55,HY-1023-70,1,55,4eec6eda382b9c44e240ad4b4b5e9cc0
15396,a1fedb8f5f2e08543339a5f167bee6b7,8b9fe4b34e3c54f08bfcac3d9691e260,SO65002,5,WB-H098,1,5,4eec6eda382b9c44e240ad4b4b5e9cc0
15397,3143ce3c6436ed5bd25398756b7b661d,6be9692276a308e4b872323af1ad8fe2,SO52940,105,HL-U509-B,3,105,ad4fbe0c82c7e5968d4cf22c2ad19e28
15397,3143ce3c6436ed5bd25398756b7b661d,6be9692276a308e4b872323af1ad8fe2,SO52940,5,TT-M928,1,5,ad4fbe0c82c7e5968d4cf22c2ad19e28
15398,5df3d5e6ab78e9109e9a80b7ac423282,f1f6939ed2d920fdfc3de31d6a3d32ac,SO48096,1566,BK-R50R-48,2,1566,a1b2320235143a40a1ff4226b58f48d0
15398,abe94c2111c58e9c9672602d41bce66e,0149f124a48640c62d90840ac5760331,SO64158,4590,BK-M68B-46,2,4590,99b7e934795a93975a5e0c0b9b57d9ba
15398,abe94c2111c58e9c9672602d41bce66e,0149f124a48640c62d90840ac5760331,SO64158,55,HY-1023-70,1,55,99b7e934795a93975a5e0c0b9b57d9ba
15399,a1fedb8f5f2e08543339a5f167bee6b7,8b9fe4b34e3c54f08bfcac3d9691e260,SO65003,4640,BK-M68S-42,2,4640,4eec6eda382b9c44e240ad4b4b5e9cc0
15399,a1fedb8f5f2e08543339a5f167bee6b7,8b9fe4b34e3c54f08bfcac3d9691e260,SO65003,8,CL-9009,1,8,4eec6eda382b9c44e240ad4b4b5e9cc0
15399,a1fedb8f5f2e08543339a5f167bee6b7,8b9fe4b34e3c54f08bfcac3d9691e260,SO65003,2,PK-7098,1,2,4eec6eda382b9c44e240ad4b4b5e9cc0
15399,a1fedb8f5f2e08543339a5f167bee6b7,8b9fe4b34e3c54f08bfcac3d9691e260,SO65003,35,TI-M823,1,35,4eec6eda382b9c44e240ad4b4b5e9cc0
15399,fc92d87f5fdfc4fdb58244cc592e3788,5cdbc8775008d87082e2d847e626b2f8,SO48555,1566,BK-R50R-62,2,1566,b398f9f9c5791f694aee052dae13609e
15400,ab4946738415af86b5e3cee69b13301f,ed268f8f3837888893f896b7240f1254,SO57273,5,TT-M928,1,5,fde67888c64f701b59876ec559099b3e
15401,e5114f65ece65e14e7b721dab1e674e0,c7390752782466cfc9a3ed7d3a79e046,SO68707,105,HL-U509-B,3,105,fe1fd19c021e78ec395980c2e347865e
15401,e5114f65ece65e14e7b721dab1e674e0,c7390752782466cfc9a3ed7d3a79e046,SO68707,5,TT-M928,1,5,fe1fd19c021e78ec395980c2e347865e
15402,02b96ab6e0935145589be4e1408a1675,58f0b42da53adeeccbfa693883fea672,SO65344,27,CA-1098,3,27,b68fd63ca41d49bfc1b18251202c053f
15402,02b96ab6e0935145589be4e1408a1675,58f0b42da53adeeccbfa693883fea672,SO65344,33,TI-R982,1,33,b68fd63ca41d49bfc1b18251202c053f
15402,2d6e054ac82934d489c58cc8399a1628,ce08c22f7777768ce4197eab9727516c,SO60807,105,HL-U509,3,105,348f48807f500aeac729fb17d9bc97f1
15402,2d6e054ac82934d489c58cc8399a1628,ce08c22f7777768ce4197eab9727516c,SO60807,35,TI-M823,1,35,348f48807f500aeac729fb17d9bc97f1
15402,2d6e054ac82934d489c58cc8399a1628,ce08c22f7777768ce4197eab9727516c,SO60807,5,TT-M928,1,5,348f48807f500aeac729fb17d9bc97f1
15402,702a02712215141594ddf8e52b0a651c,cd15e5f80ff20dd345bfaa51400dd0d6,SO67512,10,BC-M005,1,10,caa707f97407c07371136aaf471a91d4
15402,702a02712215141594ddf8e52b0a651c,cd15e5f80ff20dd345bfaa51400dd0d6,SO67512,5,WB-H098,1,5,caa707f97407c07371136aaf471a91d4
15403,883b9b4170853b321c03290f64ba199f,412998e77ee121227580e3d363f75fa2,SO60661,105,HL-U509-R,3,105,af1457846a79173ef71dd9d5dd69805a
15403,883b9b4170853b321c03290f64ba199f,412998e77ee121227580e3d363f75fa2,SO60661,5,TT-M928,1,5,af1457846a79173ef71dd9d5dd69805a
15404,61e00b038efd34bdf9c747596273cbcf,7130adfd843cdcb6d0bcd9d13792693a,SO64038,10,BC-M005,1,10,4b5c3229e0725ef8d303f494db9faec8
15404,61e00b038efd34bdf9c747596273cbcf,7130adfd843cdcb6d0bcd9d13792693a,SO64038,4590,BK-M68B-46,2,4590,4b5c3229e0725ef8d303f494db9faec8
15404,61e00b038efd34bdf9c747596273cbcf,7130adfd843cdcb6d0bcd9d13792693a,SO64038,22,FE-6654,1,22,4b5c3229e0725ef8d303f494db9faec8
15404,61e00b038efd34bdf9c747596273cbcf,7130adfd843cdcb6d0bcd9d13792693a,SO64038,5,WB-H098,1,5,4b5c3229e0725ef8d303f494db9faec8
15404,a1be4f014e5b3c959503117fd1ee566a,7e7a9bb13ad063eb81a70efff24ca60a,SO48466,1566,BK-R50B-58,2,1566,5cdbc8775008d87082e2d847e626b2f8
15405,d76e0ba1fa041675ae9af958c5b41ae4,b988e88fd94a3b47434beeb650cff880,SO56983,8,CL-9009,1,8,cae5717327bee7d74e261c550aa5081f
15405,d76e0ba1fa041675ae9af958c5b41ae4,b988e88fd94a3b47434beeb650cff880,SO56983,2,PK-7098,1,2,cae5717327bee7d74e261c550aa5081f
15405,d76e0ba1fa041675ae9af958c5b41ae4,b988e88fd94a3b47434beeb650cff880,SO56983,5,TT-M928,1,5,cae5717327bee7d74e261c550aa5081f
15406,4310d0d92131e34ff2716d85e1953174,90c6314650a0d54fdcabe5cd5406f9af,SO54625,2,PK-7098,1,2,d3c54b4368c62c2ff11535bf2b677170
15406,4310d0d92131e34ff2716d85e1953174,90c6314650a0d54fdcabe5cd5406f9af,SO54625,5,TT-M928,1,5,d3c54b4368c62c2ff11535bf2b677170
15407,ec24e4cf9fcc90f3bbe81b2fb3735c21,c4369eefdf9bb8a3f9115e96b40aaf17,SO69821,105,HL-U509-R,3,105,f06fd077b6afc2d69af6e1e548da266d
15407,ec24e4cf9fcc90f3bbe81b2fb3735c21,c4369eefdf9bb8a3f9115e96b40aaf17,SO69821,5,TT-M928,1,5,f06fd077b6afc2d69af6e1e548da266d
15408,eea5b3bd1bd5d5c62a1d22f78d3ba263,c87874400b9f907bdf9ea37d75a4b341,SO65478,105,HL-U509-R,3,105,a1fedb8f5f2e08543339a5f167bee6b7
15408,eea5b3bd1bd5d5c62a1d22f78d3ba263,c87874400b9f907bdf9ea37d75a4b341,SO65478,5,TT-M928,1,5,a1fedb8f5f2e08543339a5f167bee6b7
15409,8f472ffe3ff3109f420ae91355ff8f3f,e0cd1349b4c6e1b5f14ed427e358c2d0,SO71184,10,BC-M005,1,10,8fa3bab223bec6501ad71f96bb1067b6
15409,8f472ffe3ff3109f420ae91355ff8f3f,e0cd1349b4c6e1b5f14ed427e358c2d0,SO71184,769,BK-M38S-40,1,769,8fa3bab223bec6501ad71f96bb1067b6
15409,8f472ffe3ff3109f420ae91355ff8f3f,e0cd1349b4c6e1b5f14ed427e358c2d0,SO71184,5,WB-H098,1,5,8fa3bab223bec6501ad71f96bb1067b6
15409,a1be4f014e5b3c959503117fd1ee566a,7e7a9bb13ad063eb81a70efff24ca60a,SO48467,1566,BK-R50B-58,2,1566,5cdbc8775008d87082e2d847e626b2f8
15410,38c9e5d1e366b4c5c36aae682bc960c4,8fa3bab223bec6501ad71f96bb1067b6,SO71669,769,BK-M38S-42,1,769,58c4ce5b9433e7b6d41793d5a76d5590
15410,38c9e5d1e366b4c5c36aae682bc960c4,8fa3bab223bec6501ad71f96bb1067b6,SO71669,8,CL-9009,1,8,58c4ce5b9433e7b6d41793d5a76d5590
15410,38c9e5d1e366b4c5c36aae682bc960c4,8fa3bab223bec6501ad71f96bb1067b6,SO71669,48,GL-H102-S,2,48,58c4ce5b9433e7b6d41793d5a76d5590
15410,38c9e5d1e366b4c5c36aae682bc960c4,8fa3bab223bec6501ad71f96bb1067b6,SO71669,30,TI-M602,1,30,58c4ce5b9433e7b6d41793d5a76d5590
15410,38c9e5d1e366b4c5c36aae682bc960c4,8fa3bab223bec6501ad71f96bb1067b6,SO71669,5,TT-M928,1,5,58c4ce5b9433e7b6d41793d5a76d5590
15410,43a48533e5870a15f120f16375636633,4bbde6a0c4076e78bc106bdc331a94c5,SO48711,1566,BK-R50R-44,2,1566,ba588be30dd16be47b9647a72fe81700
15411,0fc0d540e96e3fc1463b71e253aac75b,a08a8a7cdc12ac1d6f6ca90a6b513d94,SO48445,1566,BK-R50B-52,2,1566,694d75fcfc5bc50259336e29e881a36c
15411,3f0c8308e4e2e5c4ddc1b7e19304f613,61e00b038efd34bdf9c747596273cbcf,SO64839,10,BC-M005,1,10,232e830f1ac667c081eaaca23cdf9b5f
15411,3f0c8308e4e2e5c4ddc1b7e19304f613,61e00b038efd34bdf9c747596273cbcf,SO64839,4590,BK-M68B-38,2,4590,232e830f1ac667c081eaaca23cdf9b5f
15411,3f0c8308e4e2e5c4ddc1b7e19304f613,61e00b038efd34bdf9c747596273cbcf,SO64839,105,HL-U509-B,3,105,232e830f1ac667c081eaaca23cdf9b5f
15411,3f0c8308e4e2e5c4ddc1b7e19304f613,61e00b038efd34bdf9c747596273cbcf,SO64839,5,WB-H098,1,5,232e830f1ac667c081eaaca23cdf9b5f
15412,41ef6b06b63ba4f6a5234245a439b157,c4c454d69a39e60a6f5cf2f97148adad,SO72607,5,TT-M928,1,5,545a3d56d20b22e09aa85bfa5ed8738d
15413,9a95fdf4e925d9cbd65f87b5aa4ac212,478ecc8cdaa127c33884d9f6c72c2cd5,SO59621,105,HL-U509-R,3,105,9e8cbc3edbb5efb3f48d6afb260e4725
15413,9a95fdf4e925d9cbd65f87b5aa4ac212,478ecc8cdaa127c33884d9f6c72c2cd5,SO59621,35,TI-M823,1,35,9e8cbc3edbb5efb3f48d6afb260e4725
15413,9a95fdf4e925d9cbd65f87b5aa4ac212,478ecc8cdaa127c33884d9f6c72c2cd5,SO59621,5,TT-M928,1,5,9e8cbc3edbb5efb3f48d6afb260e4725
15413,cfceb7490eff6e660974507be7c579c6,01eb8a9956865747637639482336f5f8,SO52041,70,SH-W890-L,1,70,e5bf4a4a03e320ed76cf2ca68fa5b4c0
15413,cfceb7490eff6e660974507be7c579c6,01eb8a9956865747637639482336f5f8,SO52041,54,SJ-0194-S,1,54,e5bf4a4a03e320ed76cf2ca68fa5b4c0
15413,e2f0a420a4c1a9e8e292761f835e0489,4eec6eda382b9c44e240ad4b4b5e9cc0,SO65576,105,HL-U509-R,3,105,9d934f91c460e9947414d00048f2fa36
15413,e2f0a420a4c1a9e8e292761f835e0489,4eec6eda382b9c44e240ad4b4b5e9cc0,SO65576,150,LJ-0192-L,3,150,9d934f91c460e9947414d00048f2fa36
15413,e2f0a420a4c1a9e8e292761f835e0489,4eec6eda382b9c44e240ad4b4b5e9cc0,SO65576,30,TI-M602,1,30,9d934f91c460e9947414d00048f2fa36
15413,e2f0a420a4c1a9e8e292761f835e0489,4eec6eda382b9c44e240ad4b4b5e9cc0,SO65576,5,TT-M928,1,5,9d934f91c460e9947414d00048f2fa36
15414,0dc34ca2aaa8612cde077f1880b78b25,361e2c62255e0c1887ac2139911ca300,SO52499,5,TT-M928,1,5,7f026edc73bd4602381834e9b850d6c2
15415,a1fedb8f5f2e08543339a5f167bee6b7,8b9fe4b34e3c54f08bfcac3d9691e260,SO64980,105,HL-U509-R,3,105,4eec6eda382b9c44e240ad4b4b5e9cc0
15415,a1fedb8f5f2e08543339a5f167bee6b7,8b9fe4b34e3c54f08bfcac3d9691e260,SO64980,150,LJ-0192-X,3,150,4eec6eda382b9c44e240ad4b4b5e9cc0
15415,a1fedb8f5f2e08543339a5f167bee6b7,8b9fe4b34e3c54f08bfcac3d9691e260,SO64980,5,TT-M928,1,5,4eec6eda382b9c44e240ad4b4b5e9cc0
15416,fe1fd19c021e78ec395980c2e347865e,16e364d19895243407b256ec272d5394,SO68365,5,TT-M928,1,5,63efdd3324df66c9965bd622cdebe06a
15417,20d42f6cfcb5eda27dc59cfb68aa4732,3fce335517b518d0723258ab9aab91d5,SO48513,1566,BK-R50R-58,2,1566,0c0fda0e7ef55245aa19e42bf9928281
15417,f75e5f8c15ca91ec5c869dc3881f574f,3a23b248b732af434a45fce0302aa11f,SO63929,4590,BK-M68B-46,2,4590,03bf7d2a8718ee9aca4bd2f37e962fc4
15417,f75e5f8c15ca91ec5c869dc3881f574f,3a23b248b732af434a45fce0302aa11f,SO63929,2,PK-7098,1,2,03bf7d2a8718ee9aca4bd2f37e962fc4
15417,f75e5f8c15ca91ec5c869dc3881f574f,3a23b248b732af434a45fce0302aa11f,SO63929,35,TI-M823,1,35,03bf7d2a8718ee9aca4bd2f37e962fc4
15417,f75e5f8c15ca91ec5c869dc3881f574f,3a23b248b732af434a45fce0302aa11f,SO63929,5,TT-M928,1,5,03bf7d2a8718ee9aca4bd2f37e962fc4
15418,174acf6ca4e9804d47a59a499422e621,5abaefcc8525a8f4cfd95cba9e926532,SO58307,105,HL-U509,3,105,eba6cab7267f82e3b2a063d5ea445bb9
15418,174acf6ca4e9804d47a59a499422e621,5abaefcc8525a8f4cfd95cba9e926532,SO58307,30,TI-M602,1,30,eba6cab7267f82e3b2a063d5ea445bb9
15418,174acf6ca4e9804d47a59a499422e621,5abaefcc8525a8f4cfd95cba9e926532,SO58307,5,TT-M928,1,5,eba6cab7267f82e3b2a063d5ea445bb9
15418,b988e88fd94a3b47434beeb650cff880,3c1811b546060d91957cc446aabc4a3c,SO56361,2,PK-7098,1,2,18025e6a8791d350428f65c0783ebd99
15418,b988e88fd94a3b47434beeb650cff880,3c1811b546060d91957cc446aabc4a3c,SO56361,35,TI-M823,1,35,18025e6a8791d350428f65c0783ebd99
15418,b988e88fd94a3b47434beeb650cff880,3c1811b546060d91957cc446aabc4a3c,SO56361,5,TT-M928,1,5,18025e6a8791d350428f65c0783ebd99
15418,eef21e68ecca703bb338920b950f203c,f108e0cd2f96a0c22086f9d45ee08f19,SO60909,150,LJ-0192-S,3,150,b21e833d3ead6056f1265f13fe1ff015
15418,eef21e68ecca703bb338920b950f203c,f108e0cd2f96a0c22086f9d45ee08f19,SO60909,70,SH-W890-S,1,70,b21e833d3ead6056f1265f13fe1ff015
15419,0e0f7e43982ae36c0cd7c9ba6bc6c699,7c461b9e57346f51c212a91b3cf92bfc,SO48573,1566,BK-R50R-48,2,1566,20d42f6cfcb5eda27dc59cfb68aa4732
15419,81a5d08c6beaeec9e42baae5d63dd780,95103530881768b5cfc7e33970db9cd7,SO63338,4640,BK-M68S-46,2,4640,b210069485754303767745919c328b97
15420,9444f850ff0c10a862b4a6a9c4ab0a74,3143ce3c6436ed5bd25398756b7b661d,SO53742,5,TT-M928,1,5,76e3c19dbb0dadc4c6dc771d856e4676
15421,fff3c307c93eda1eb91d53ca588846fe,4584ca349e0920f4436a3c2f36158b85,SO69341,5,TT-M928,1,5,70951886788165a5e2439adfce4d0cce
15422,0e0f7e43982ae36c0cd7c9ba6bc6c699,7c461b9e57346f51c212a91b3cf92bfc,SO48574,1566,BK-R50R-58,2,1566,20d42f6cfcb5eda27dc59cfb68aa4732
15422,a6f2945baeceeef4c8d541a22f6e99e9,d5985f40495ba672dff8a99620b879c8,SO72548,769,BK-M38S-42,1,769,95a2a9aefc393f8630e934768cacf4cd
15422,a6f2945baeceeef4c8d541a22f6e99e9,d5985f40495ba672dff8a99620b879c8,SO72548,22,FE-6654,1,22,95a2a9aefc393f8630e934768cacf4cd
15422,a6f2945baeceeef4c8d541a22f6e99e9,d5985f40495ba672dff8a99620b879c8,SO72548,48,GL-H102-L,2,48,95a2a9aefc393f8630e934768cacf4cd
15422,a6f2945baeceeef4c8d541a22f6e99e9,d5985f40495ba672dff8a99620b879c8,SO72548,105,HL-U509,3,105,95a2a9aefc393f8630e934768cacf4cd
15423,40e7dd73b09eac540e790daf6fac41af,14e4b13c27fb9bce9938ce35b6597eca,SO54159,5,TT-M928,1,5,3f20f21c57e09a6c071e44d1fe74b58a
15424,43e2cc7ff261723f93f64f3f7e9faa8d,a6f2945baeceeef4c8d541a22f6e99e9,SO73451,22,FE-6654,1,22,88077cf01a3e17831c2d0bcca5897c5b
15424,43e2cc7ff261723f93f64f3f7e9faa8d,a6f2945baeceeef4c8d541a22f6e99e9,SO73451,9,SO-R809-M,1,9,88077cf01a3e17831c2d0bcca5897c5b
15425,0120f4004ede1143c3be6caa4227affe,93ddc10d6cf61153011df052aa76671f,SO66415,1701,BK-R79Y-40,1,1701,07b7d2aed13a63a16377587dcc0abbe8
15425,8092e44fa2e2a2ee34e25210038fe274,b1ad26241c636eff92eee5bae93235ce,SO50500,4142,BK-M68S-42,2,4142,aa42aae45cd2488a20db2ff74ed044f7
15426,d34ba8f5d7fd7d5959a34c283fbec422,9c56075241a26f6fa77eb86b15411c6e,SO55037,10,BC-M005,1,10,ac15b60491fe99190c0248790e690757
15426,d34ba8f5d7fd7d5959a34c283fbec422,9c56075241a26f6fa77eb86b15411c6e,SO55037,22,FE-6654,1,22,ac15b60491fe99190c0248790e690757
15426,d34ba8f5d7fd7d5959a34c283fbec422,9c56075241a26f6fa77eb86b15411c6e,SO55037,105,HL-U509,3,105,ac15b60491fe99190c0248790e690757
15426,d34ba8f5d7fd7d5959a34c283fbec422,9c56075241a26f6fa77eb86b15411c6e,SO55037,30,TI-M602,1,30,ac15b60491fe99190c0248790e690757
15426,d34ba8f5d7fd7d5959a34c283fbec422,9c56075241a26f6fa77eb86b15411c6e,SO55037,5,TT-M928,1,5,ac15b60491fe99190c0248790e690757
15426,d34ba8f5d7fd7d5959a34c283fbec422,9c56075241a26f6fa77eb86b15411c6e,SO55037,5,WB-H098,1,5,ac15b60491fe99190c0248790e690757
15426,fee8e08233f3f00450bce31967abb0f1,331afa0aff1b1cfbf3d24944ab38c9d2,SO70528,27,CA-1098,3,27,86bfb8ffc7a79e52d833cedce4d275bf
15427,20d42f6cfcb5eda27dc59cfb68aa4732,3fce335517b518d0723258ab9aab91d5,SO48514,1566,BK-R50B-44,2,1566,0c0fda0e7ef55245aa19e42bf9928281
15427,aa14ddbc43aa2d3be1e6ac019bb7b5bc,dcf73f840a50da0145f24e8e0169dc4b,SO72908,769,BK-M38S-40,1,769,a6f2945baeceeef4c8d541a22f6e99e9
15427,aa14ddbc43aa2d3be1e6ac019bb7b5bc,dcf73f840a50da0145f24e8e0169dc4b,SO72908,22,FE-6654,1,22,a6f2945baeceeef4c8d541a22f6e99e9
15428,4bbde6a0c4076e78bc106bdc331a94c5,0fc0d540e96e3fc1463b71e253aac75b,SO48582,1566,BK-R50B-52,2,1566,c5f333101183a33b4b4d94a271add9fd
15428,86e0fc464cbb08ae74bd039224afec9a,38c9e5d1e366b4c5c36aae682bc960c4,SO72696,769,BK-M38S-42,1,769,8920fd63645007b243abb750709b1172
15428,86e0fc464cbb08ae74bd039224afec9a,38c9e5d1e366b4c5c36aae682bc960c4,SO72696,27,CA-1098,3,27,8920fd63645007b243abb750709b1172
15428,86e0fc464cbb08ae74bd039224afec9a,38c9e5d1e366b4c5c36aae682bc960c4,SO72696,70,SH-W890-M,1,70,8920fd63645007b243abb750709b1172
15429,0149f124a48640c62d90840ac5760331,4555f65c4664801d78b9f5477f89d8fd,SO63403,4640,BK-M68S-38,2,4640,870bd4f3713260418e4f342f31dc7e33
15429,0149f124a48640c62d90840ac5760331,4555f65c4664801d78b9f5477f89d8fd,SO63403,8,CL-9009,1,8,870bd4f3713260418e4f342f31dc7e33
15429,0149f124a48640c62d90840ac5760331,4555f65c4664801d78b9f5477f89d8fd,SO63403,22,FE-6654,1,22,870bd4f3713260418e4f342f31dc7e33
15429,0149f124a48640c62d90840ac5760331,4555f65c4664801d78b9f5477f89d8fd,SO63403,2,PK-7098,1,2,870bd4f3713260418e4f342f31dc7e33
15429,0149f124a48640c62d90840ac5760331,4555f65c4664801d78b9f5477f89d8fd,SO63403,35,TI-M823,1,35,870bd4f3713260418e4f342f31dc7e33
15429,f3393c2fcf78ad71519178f1876f05b3,2bb3043229844628920922115ca2f967,SO48636,1566,BK-R50R-62,2,1566,4bbde6a0c4076e78bc106bdc331a94c5
15430,b8cc77f0099ae7d3a20b9f0b74d70b12,70ad7386c1fe794c57fa3908ff22435d,SO52188,105,HL-U509,3,105,5e9b4970006d8f02ba0bc1763fa8b9a6
15430,b8cc77f0099ae7d3a20b9f0b74d70b12,70ad7386c1fe794c57fa3908ff22435d,SO52188,5,TT-M928,1,5,5e9b4970006d8f02ba0bc1763fa8b9a6
15431,fde67888c64f701b59876ec559099b3e,6353a8421ee460b64f2c988cc72a8391,SO56818,2,PK-7098,1,2,4ceff7612cfa4420892fe23b23ca9265
15431,fde67888c64f701b59876ec559099b3e,6353a8421ee460b64f2c988cc72a8391,SO56818,5,TT-M928,1,5,4ceff7612cfa4420892fe23b23ca9265
15432,8920fd63645007b243abb750709b1172,58c4ce5b9433e7b6d41793d5a76d5590,SO72318,769,BK-M38S-46,1,769,0d3057f268050d468f468434f8ec809a
15432,8920fd63645007b243abb750709b1172,58c4ce5b9433e7b6d41793d5a76d5590,SO72318,105,HL-U509,3,105,0d3057f268050d468f468434f8ec809a
15432,fee42f8d62443b64a7e92c5e13c2fffe,20d42f6cfcb5eda27dc59cfb68aa4732,SO48649,1566,BK-R50B-44,2,1566,d842148982d8efbc5cc6f26b41cc7251
15433,a1be4f014e5b3c959503117fd1ee566a,7e7a9bb13ad063eb81a70efff24ca60a,SO48468,1566,BK-R50B-62,2,1566,5cdbc8775008d87082e2d847e626b2f8
15433,c83e871e48c2716e0f28e60d166a5c98,6a8d7e42bb852c45fbf8610361d391a0,SO72096,769,BK-M38S-38,1,769,c4c454d69a39e60a6f5cf2f97148adad
15433,c83e871e48c2716e0f28e60d166a5c98,6a8d7e42bb852c45fbf8610361d391a0,SO72096,70,SH-W890-M,1,70,c4c454d69a39e60a6f5cf2f97148adad
15434,691ad1b0dca3643b923973defd014d47,6dd75c28a9a8a39e02bc0a175f82a9f3,SO67772,2,PK-7098,1,2,9f1ff00ea8fd9fd8f2d421ba5ec45a18
15434,ab4946738415af86b5e3cee69b13301f,ed268f8f3837888893f896b7240f1254,SO57246,30,TI-M602,1,30,fde67888c64f701b59876ec559099b3e
15435,05e7920e8caf0303dc01b77666952b75,eea5b3bd1bd5d5c62a1d22f78d3ba263,SO66249,1701,BK-R79Y-40,1,1701,3a2f313512bb520c43971e54ba834dec
15435,05e7920e8caf0303dc01b77666952b75,eea5b3bd1bd5d5c62a1d22f78d3ba263,SO66249,25,TI-R628,1,25,3a2f313512bb520c43971e54ba834dec
15435,05e7920e8caf0303dc01b77666952b75,eea5b3bd1bd5d5c62a1d22f78d3ba263,SO66249,4,TT-R982,1,4,3a2f313512bb520c43971e54ba834dec
15435,aa42aae45cd2488a20db2ff74ed044f7,e8e793c69d6c0688e51cf9bd1abe03b3,SO50449,4142,BK-M68S-38,2,4142,8242bea4faa7e8112c9c701d437fbe67
15436,6dd75c28a9a8a39e02bc0a175f82a9f3,dfcee565bb2da80a7b76451a5cd314a1,SO66924,1701,BK-R79Y-44,1,1701,f88b3743a9ce1f9455b6de69380b486a
15436,cbb00636032a355ee463d321ac8ee9fb,f8fc91862dc66c3aaaa0e65ff94d1479,SO50381,4142,BK-M68S-46,2,4142,f1877c1756a68271d12db39ddc87dad7
15437,9a027fc72b503940a96d5137762a263e,0e000451f430d2e5b745a08b4ee7836c,SO74721,30,TI-M602,1,30,54d3ba66c5e71d3112695b882ca2030e
15437,9a027fc72b503940a96d5137762a263e,0e000451f430d2e5b745a08b4ee7836c,SO74721,5,TT-M928,1,5,54d3ba66c5e71d3112695b882ca2030e
15437,a9adf65abbb865184bf924d14a93d0c4,ec24e4cf9fcc90f3bbe81b2fb3735c21,SO70681,2,PK-7098,1,2,e0cd1349b4c6e1b5f14ed427e358c2d0
15438,28ba281a58dae2613cc89f9d101be807,f1877c1756a68271d12db39ddc87dad7,SO50458,4142,BK-M68S-42,2,4142,086ede30a02aceddb0b53ef006935d73
15438,e5114f65ece65e14e7b721dab1e674e0,c7390752782466cfc9a3ed7d3a79e046,SO68722,9,BC-R205,1,9,fe1fd19c021e78ec395980c2e347865e
15438,e5114f65ece65e14e7b721dab1e674e0,c7390752782466cfc9a3ed7d3a79e046,SO68722,1701,BK-R79Y-48,1,1701,fe1fd19c021e78ec395980c2e347865e
15438,e5114f65ece65e14e7b721dab1e674e0,c7390752782466cfc9a3ed7d3a79e046,SO68722,2,PK-7098,1,2,fe1fd19c021e78ec395980c2e347865e
15438,e5114f65ece65e14e7b721dab1e674e0,c7390752782466cfc9a3ed7d3a79e046,SO68722,5,WB-H098,1,5,fe1fd19c021e78ec395980c2e347865e
15439,4584ca349e0920f4436a3c2f36158b85,6e32728b966bb91cefefa1316da21ca8,SO68517,1701,BK-R79Y-44,1,1701,ca38f30e56a72f4d0c8d2264322c5862
15439,4584ca349e0920f4436a3c2f36158b85,6e32728b966bb91cefefa1316da21ca8,SO68517,54,SJ-0194-L,1,54,ca38f30e56a72f4d0c8d2264322c5862
15439,8242bea4faa7e8112c9c701d437fbe67,52bde41d0f4e244c3d741707e5f19618,SO50396,4098,BK-M68B-46,2,4098,18ed686c4efc5757b5c809cfcc456ce1
15440,8babade0595c11e14dd89058a850f2cd,a048b8d5f3f9178f163e2be055f0138b,SO73875,4590,BK-M68B-42,2,4590,501407dcfde5b685045ca3072168d5bb
15440,8babade0595c11e14dd89058a850f2cd,a048b8d5f3f9178f163e2be055f0138b,SO73875,22,FE-6654,1,22,501407dcfde5b685045ca3072168d5bb
15440,8babade0595c11e14dd89058a850f2cd,a048b8d5f3f9178f163e2be055f0138b,SO73875,150,LJ-0192-M,3,150,501407dcfde5b685045ca3072168d5bb
15440,8babade0595c11e14dd89058a850f2cd,a048b8d5f3f9178f163e2be055f0138b,SO73875,35,TI-M823,1,35,501407dcfde5b685045ca3072168d5bb
15440,8babade0595c11e14dd89058a850f2cd,a048b8d5f3f9178f163e2be055f0138b,SO73875,5,TT-M928,1,5,501407dcfde5b685045ca3072168d5bb
15440,a1d0c0a14c6c8f8a8ef8220209c23a64,05e7920e8caf0303dc01b77666952b75,SO66999,742,BK-T18U-54,1,742,cd15e5f80ff20dd345bfaa51400dd0d6
15440,a1d0c0a14c6c8f8a8ef8220209c23a64,05e7920e8caf0303dc01b77666952b75,SO66999,27,CA-1098,3,27,cd15e5f80ff20dd345bfaa51400dd0d6
15440,ee0fcf6f6c7f398dea5b39f50af66f66,1b30ec3bcb718d69a0b3a02c36113181,SO45827,3578,BK-R93R-48,1,3578,46b4f921be4883580ee6326a1e99fcfc
15441,3519c8eb4095dbc69d80eb61856d3435,6e5c4b769f8f70f9fd01b24ba5be9695,SO55582,2,PK-7098,1,2,d6ab5a0eee939524352092b964d92b84
15441,3519c8eb4095dbc69d80eb61856d3435,6e5c4b769f8f70f9fd01b24ba5be9695,SO55582,35,TI-M823,1,35,d6ab5a0eee939524352092b964d92b84
15441,ad0b7f5ad35732646f1e5f67418d5995,244cede513841376c37dc856f2f5e7b9,SO59317,105,HL-U509-R,3,105,0df76889b3e31ccfd17b50cc73baef03
15441,ad0b7f5ad35732646f1e5f67418d5995,244cede513841376c37dc856f2f5e7b9,SO59317,5,TT-T092,1,5,0df76889b3e31ccfd17b50cc73baef03
15442,0d15ba5aa4c9ad0377b26e0cf7a86280,b21e833d3ead6056f1265f13fe1ff015,SO61460,25,TI-M267,1,25,4a70a3ec50fd16032883bf6fc79c55dd
15442,0d15ba5aa4c9ad0377b26e0cf7a86280,b21e833d3ead6056f1265f13fe1ff015,SO61460,5,TT-M928,1,5,4a70a3ec50fd16032883bf6fc79c55dd
15442,0d15ba5aa4c9ad0377b26e0cf7a86280,b21e833d3ead6056f1265f13fe1ff015,SO61460,64,VE-C304-L,1,64,4a70a3ec50fd16032883bf6fc79c55dd
15443,f799d104dd23bb828dcdaaefc4d25b61,ca510b577b53d588f80b4fc76030ea52,SO52308,2,PK-7098,1,2,cfceb7490eff6e660974507be7c579c6
15443,f799d104dd23bb828dcdaaefc4d25b61,ca510b577b53d588f80b4fc76030ea52,SO52308,5,TT-M928,1,5,cfceb7490eff6e660974507be7c579c6
15444,a1e59736d286765313b8212467dc64b2,43e2cc7ff261723f93f64f3f7e9faa8d,SO74237,27,CA-1098,3,27,ca5b8307fa5f2189fb98330a9d65927c
15444,a1e59736d286765313b8212467dc64b2,43e2cc7ff261723f93f64f3f7e9faa8d,SO74237,105,HL-U509-B,3,105,ca5b8307fa5f2189fb98330a9d65927c
15444,a1e59736d286765313b8212467dc64b2,43e2cc7ff261723f93f64f3f7e9faa8d,SO74237,35,TI-M823,1,35,ca5b8307fa5f2189fb98330a9d65927c
15444,a1e59736d286765313b8212467dc64b2,43e2cc7ff261723f93f64f3f7e9faa8d,SO74237,5,TT-M928,1,5,ca5b8307fa5f2189fb98330a9d65927c
15444,fde67888c64f701b59876ec559099b3e,6353a8421ee460b64f2c988cc72a8391,SO56829,150,LJ-0192-X,3,150,4ceff7612cfa4420892fe23b23ca9265
15444,fde67888c64f701b59876ec559099b3e,6353a8421ee460b64f2c988cc72a8391,SO56829,5,TT-T092,1,5,4ceff7612cfa4420892fe23b23ca9265
15445,0383d48e76cd8a3dfb9e2a890f2cac18,d6fb379288416774d139632beb88e26b,SO60995,105,HL-U509-R,3,105,883b9b4170853b321c03290f64ba199f
15445,0383d48e76cd8a3dfb9e2a890f2cac18,d6fb379288416774d139632beb88e26b,SO60995,25,TI-M267,1,25,883b9b4170853b321c03290f64ba199f
15445,0383d48e76cd8a3dfb9e2a890f2cac18,d6fb379288416774d139632beb88e26b,SO60995,5,TT-M928,1,5,883b9b4170853b321c03290f64ba199f
15446,eba6cab7267f82e3b2a063d5ea445bb9,73b2264d673ee7b5b2e7e165020516ac,SO58048,2,PK-7098,1,2,02ad1a5ca18e58629b8c1d6a6401d071
15446,eba6cab7267f82e3b2a063d5ea445bb9,73b2264d673ee7b5b2e7e165020516ac,SO58048,25,TI-M267,1,25,02ad1a5ca18e58629b8c1d6a6401d071
15446,eba6cab7267f82e3b2a063d5ea445bb9,73b2264d673ee7b5b2e7e165020516ac,SO58048,5,TT-M928,1,5,02ad1a5ca18e58629b8c1d6a6401d071
15447,640540d73b85c3ecd2e3bf5541686e87,eba6cab7267f82e3b2a063d5ea445bb9,SO58744,25,TI-M267,1,25,d630b2db6e8046e30b4728ca862ba4e1
15448,3a2f313512bb520c43971e54ba834dec,a1fedb8f5f2e08543339a5f167bee6b7,SO65924,8,CL-9009,1,8,e2f0a420a4c1a9e8e292761f835e0489
15448,3a2f313512bb520c43971e54ba834dec,a1fedb8f5f2e08543339a5f167bee6b7,SO65924,5,TT-T092,1,5,e2f0a420a4c1a9e8e292761f835e0489
15448,df09a3a727ac0f29208c5ef3bf7625e6,5cbbe853aa1a5a1370f9a614904c4b15,SO74298,35,TI-M823,1,35,9c55d6518880c1abf100a24da2546368
15448,df09a3a727ac0f29208c5ef3bf7625e6,5cbbe853aa1a5a1370f9a614904c4b15,SO74298,5,TT-M928,1,5,9c55d6518880c1abf100a24da2546368
15449,7254e54716fe52361e62aa16ea2e0797,6eaadc1181f307997dc853d9ed40db36,SO59437,2,PK-7098,1,2,e7df1b3ee078bdcfc260a877f321287d
15449,7254e54716fe52361e62aa16ea2e0797,6eaadc1181f307997dc853d9ed40db36,SO59437,35,TI-M823,1,35,e7df1b3ee078bdcfc260a877f321287d
15449,7254e54716fe52361e62aa16ea2e0797,6eaadc1181f307997dc853d9ed40db36,SO59437,5,TT-M928,1,5,e7df1b3ee078bdcfc260a877f321287d
15449,d7f57f35d2bad1349ca24a67a2635eea,5432d51ee94799c0125bb158c8a8bd22,SO74060,2,PK-7098,1,2,1ba7e8cdf85da6cf5e11554703236b52
15449,d7f57f35d2bad1349ca24a67a2635eea,5432d51ee94799c0125bb158c8a8bd22,SO74060,5,TT-T092,1,5,1ba7e8cdf85da6cf5e11554703236b52
15450,41464bd548f06ca845208f69df30ac82,15aceb75d86814cb479f1b1a9487c3d4,SO53696,2,PK-7098,1,2,3e48b2167bd86ef570e46d0b286c4f74
15450,41464bd548f06ca845208f69df30ac82,15aceb75d86814cb479f1b1a9487c3d4,SO53696,25,TI-M267,1,25,3e48b2167bd86ef570e46d0b286c4f74
15450,41464bd548f06ca845208f69df30ac82,15aceb75d86814cb479f1b1a9487c3d4,SO53696,5,TT-M928,1,5,3e48b2167bd86ef570e46d0b286c4f74
15451,83e0911c7df633c9fad72d0a891f5e14,43a48533e5870a15f120f16375636633,SO48867,4364,BK-R89B-44,2,4364,0c1f008e577b55c7f8b72ceeae17ff1c
15451,c507827aa5f4f6bbedf64058461c621b,6d1d8a1c7851eb5a946d45009cea6d9f,SO66446,540,BK-M18B-40,1,540,dfcee565bb2da80a7b76451a5cd314a1
15451,c507827aa5f4f6bbedf64058461c621b,6d1d8a1c7851eb5a946d45009cea6d9f,SO66446,105,HL-U509,3,105,dfcee565bb2da80a7b76451a5cd314a1
15452,5a06908cc28b799b04fc1c47664462e6,da9c4ba6c9a1ae8725389bfd38b5763a,SO54750,25,TI-M267,1,25,6d338b8c41c717c4336ad0084a80dca4
15453,3a2f313512bb520c43971e54ba834dec,a1fedb8f5f2e08543339a5f167bee6b7,SO65933,742,BK-T18Y-62,1,742,e2f0a420a4c1a9e8e292761f835e0489
15453,88077cf01a3e17831c2d0bcca5897c5b,95a2a9aefc393f8630e934768cacf4cd,SO73041,10,BC-M005,1,10,86e0fc464cbb08ae74bd039224afec9a
15453,88077cf01a3e17831c2d0bcca5897c5b,95a2a9aefc393f8630e934768cacf4cd,SO73041,4640,BK-M68S-42,2,4640,86e0fc464cbb08ae74bd039224afec9a
15453,d5bc8f6048b5d9c5610a083b3df65c9e,90b02462c4aa07aa9f640001bc1770d2,SO45853,3578,BK-R93R-52,1,3578,1f760221df457e3dd3ffaf756be2b521
15454,6866da5d40f1aad2d82129d5ffa25bda,b68fd63ca41d49bfc1b18251202c053f,SO65756,565,BK-M18S-48,1,565,eea5b3bd1bd5d5c62a1d22f78d3ba263
15454,7f9d156e18f1be5abef55a22081e71ce,7dcc4d0bd00b29e904618bdf6adc66e9,SO46921,4364,BK-R89R-58,2,4364,65b64297f0421f6e057524afb222b411
15455,0da2bc000f1fe4ea8746f9aea0bb5879,702a02712215141594ddf8e52b0a651c,SO68282,10,BC-M005,1,10,b34050290c25b0f7b52a2b8f767df87d
15455,0da2bc000f1fe4ea8746f9aea0bb5879,702a02712215141594ddf8e52b0a651c,SO68282,565,BK-M18S-52,1,565,b34050290c25b0f7b52a2b8f767df87d
15455,0da2bc000f1fe4ea8746f9aea0bb5879,702a02712215141594ddf8e52b0a651c,SO68282,22,FE-6654,1,22,b34050290c25b0f7b52a2b8f767df87d
15455,0da2bc000f1fe4ea8746f9aea0bb5879,702a02712215141594ddf8e52b0a651c,SO68282,54,SJ-0194-M,1,54,b34050290c25b0f7b52a2b8f767df87d
15455,0da2bc000f1fe4ea8746f9aea0bb5879,702a02712215141594ddf8e52b0a651c,SO68282,5,WB-H098,1,5,b34050290c25b0f7b52a2b8f767df87d
15455,76b32549988cdcac2435e968471f4954,e41e8ee2e2795c7c1363a9f5054d57d7,SO48858,2443,BK-R89R-44,1,2443,782652638a2153c2b28e4a4522354d0f
15456,a1d0c0a14c6c8f8a8ef8220209c23a64,05e7920e8caf0303dc01b77666952b75,SO66956,10,BC-M005,1,10,cd15e5f80ff20dd345bfaa51400dd0d6
15456,a1d0c0a14c6c8f8a8ef8220209c23a64,05e7920e8caf0303dc01b77666952b75,SO66956,565,BK-M18S-48,1,565,cd15e5f80ff20dd345bfaa51400dd0d6
15456,a1d0c0a14c6c8f8a8ef8220209c23a64,05e7920e8caf0303dc01b77666952b75,SO66956,54,SJ-0194-M,1,54,cd15e5f80ff20dd345bfaa51400dd0d6
15456,a1d0c0a14c6c8f8a8ef8220209c23a64,05e7920e8caf0303dc01b77666952b75,SO66956,5,WB-H098,1,5,cd15e5f80ff20dd345bfaa51400dd0d6
15456,d1638c6e02871b5c4957d2fe848b551a,d3fa88b8a081356f91911e74ecf7e481,SO46865,4364,BK-R89B-48,2,4364,579ccf7535264274969f909add894a18
15457,2296af5563b2061aa1d88124a37eecb7,6866da5d40f1aad2d82129d5ffa25bda,SO66521,565,BK-M18S-48,1,565,05e7920e8caf0303dc01b77666952b75
15457,2296af5563b2061aa1d88124a37eecb7,6866da5d40f1aad2d82129d5ffa25bda,SO66521,105,HL-U509-B,3,105,05e7920e8caf0303dc01b77666952b75
15457,e348aa55d5b10dd2c23ab2b7ce7e1e5f,700b2fdf8bbe790f020e8c6fb93a2d71,SO46687,4364,BK-R89B-58,2,4364,b9edfdebe9fb3fad4862841e57e559d8
15458,b0241b451647f25db5f52074445d820c,7a8e187aeb003f6e34c02a4d5b9b153e,SO64274,5,TT-M928,1,5,56d78836c9cf0de136c4d2d37aba2280
15459,4ddc8821c34bceaf3dba4a18741acca3,af1457846a79173ef71dd9d5dd69805a,SO61134,8,CL-9009,1,8,2d6e054ac82934d489c58cc8399a1628
15459,4ddc8821c34bceaf3dba4a18741acca3,af1457846a79173ef71dd9d5dd69805a,SO61134,22,FE-6654,1,22,2d6e054ac82934d489c58cc8399a1628
15459,4ddc8821c34bceaf3dba4a18741acca3,af1457846a79173ef71dd9d5dd69805a,SO61134,5,TT-M928,1,5,2d6e054ac82934d489c58cc8399a1628
15460,3fe686907939d07097f6c87f08025422,8eb7a1b0dba9fdd5f4248b9cb6b9119b,SO69032,565,BK-M18S-44,1,565,e5114f65ece65e14e7b721dab1e674e0
15460,ebce0865da088132946764a3527b5a4e,c79548466fdad0728a9aa092fbad03a7,SO46677,4364,BK-R89R-58,2,4364,03e9c154083778a02a19e7d2c3dcd97d
15461,a1d0c0a14c6c8f8a8ef8220209c23a64,05e7920e8caf0303dc01b77666952b75,SO66985,5,TT-T092,1,5,cd15e5f80ff20dd345bfaa51400dd0d6
15461,ad4fbe0c82c7e5968d4cf22c2ad19e28,72e75576254db1afef14ecdc050391c2,SO52699,27,CA-1098,3,27,f5933feadc49c253e4f0e77b236946e9
15461,ad4fbe0c82c7e5968d4cf22c2ad19e28,72e75576254db1afef14ecdc050391c2,SO52699,105,HL-U509,3,105,f5933feadc49c253e4f0e77b236946e9
15461,ad4fbe0c82c7e5968d4cf22c2ad19e28,72e75576254db1afef14ecdc050391c2,SO52699,35,TI-M823,1,35,f5933feadc49c253e4f0e77b236946e9
15461,ad4fbe0c82c7e5968d4cf22c2ad19e28,72e75576254db1afef14ecdc050391c2,SO52699,5,TT-M928,1,5,f5933feadc49c253e4f0e77b236946e9
15462,66e56e10b0f528b66a45e307ecdf4774,691ad1b0dca3643b923973defd014d47,SO68555,565,BK-M18S-42,1,565,8eb7a1b0dba9fdd5f4248b9cb6b9119b
15462,66e56e10b0f528b66a45e307ecdf4774,691ad1b0dca3643b923973defd014d47,SO68555,48,GL-H102-M,2,48,8eb7a1b0dba9fdd5f4248b9cb6b9119b
15462,66e56e10b0f528b66a45e307ecdf4774,691ad1b0dca3643b923973defd014d47,SO68555,54,SJ-0194-S,1,54,8eb7a1b0dba9fdd5f4248b9cb6b9119b
15462,74245d8f0073f388c4be6464c8e2f29f,2238742959ecea1cc6a6148c4f555b08,SO48939,2443,BK-R89R-48,1,2443,d9ca82639ba070f97bdfe96c9e85b4c4
15463,3032fcbd695819ad7b6723a9cd53f277,95c18655480c149d1174efe4e25df34e,SO48999,4364,BK-R89B-52,2,4364,5621f5e25d40f729483fc0a25664bcc3
15463,c885741a5e3e55c84950327011b70289,7e15f50bd26e439e6a22f5205a8064db,SO68630,10,BC-M005,1,10,0da2bc000f1fe4ea8746f9aea0bb5879
15463,c885741a5e3e55c84950327011b70289,7e15f50bd26e439e6a22f5205a8064db,SO68630,540,BK-M18B-42,1,540,0da2bc000f1fe4ea8746f9aea0bb5879
15463,c885741a5e3e55c84950327011b70289,7e15f50bd26e439e6a22f5205a8064db,SO68630,27,CA-1098,3,27,0da2bc000f1fe4ea8746f9aea0bb5879
15463,c885741a5e3e55c84950327011b70289,7e15f50bd26e439e6a22f5205a8064db,SO68630,22,FE-6654,1,22,0da2bc000f1fe4ea8746f9aea0bb5879
15463,c885741a5e3e55c84950327011b70289,7e15f50bd26e439e6a22f5205a8064db,SO68630,105,HL-U509-B,3,105,0da2bc000f1fe4ea8746f9aea0bb5879
15463,c885741a5e3e55c84950327011b70289,7e15f50bd26e439e6a22f5205a8064db,SO68630,5,WB-H098,1,5,0da2bc000f1fe4ea8746f9aea0bb5879
15464,64cadfde6f66bc25043d0d69f5ae5471,18f358e551b5b85912bc952ab9894c0d,SO65806,30,TI-M602,1,30,8d1d4829b2e801ba4e41ba48f5a549d4
15464,64cadfde6f66bc25043d0d69f5ae5471,18f358e551b5b85912bc952ab9894c0d,SO65806,5,TT-M928,1,5,8d1d4829b2e801ba4e41ba48f5a549d4
15464,88077cf01a3e17831c2d0bcca5897c5b,95a2a9aefc393f8630e934768cacf4cd,SO73040,2,PK-7098,1,2,86e0fc464cbb08ae74bd039224afec9a
15465,8e8847c1bdf012037ee13bb62da8a5c1,c507827aa5f4f6bbedf64058461c621b,SO67213,8,CL-9009,1,8,6dd75c28a9a8a39e02bc0a175f82a9f3
15465,8e8847c1bdf012037ee13bb62da8a5c1,c507827aa5f4f6bbedf64058461c621b,SO67213,2,PK-7098,1,2,6dd75c28a9a8a39e02bc0a175f82a9f3
15465,9444f850ff0c10a862b4a6a9c4ab0a74,3143ce3c6436ed5bd25398756b7b661d,SO53723,30,TI-M602,1,30,76e3c19dbb0dadc4c6dc771d856e4676
15466,7c461b9e57346f51c212a91b3cf92bfc,813f26755901d08d11203eb467615b65,SO48437,1566,BK-R50R-62,2,1566,3fce335517b518d0723258ab9aab91d5
15466,e366e24b8ad0b1107528f2f58cd15a81,921bc92a493b53f98f24e6a8a12801be,SO72481,769,BK-M38S-38,1,769,c83e871e48c2716e0f28e60d166a5c98
15466,e366e24b8ad0b1107528f2f58cd15a81,921bc92a493b53f98f24e6a8a12801be,SO72481,105,HL-U509-R,3,105,c83e871e48c2716e0f28e60d166a5c98
15467,ba588be30dd16be47b9647a72fe81700,c5f333101183a33b4b4d94a271add9fd,SO48661,1566,BK-R50B-58,2,1566,88adb3ec0d383666ee2acd29f43e3429
15467,d7f57f35d2bad1349ca24a67a2635eea,5432d51ee94799c0125bb158c8a8bd22,SO74066,769,BK-M38S-38,1,769,1ba7e8cdf85da6cf5e11554703236b52
15467,d7f57f35d2bad1349ca24a67a2635eea,5432d51ee94799c0125bb158c8a8bd22,SO74066,27,CA-1098,3,27,1ba7e8cdf85da6cf5e11554703236b52
15467,d7f57f35d2bad1349ca24a67a2635eea,5432d51ee94799c0125bb158c8a8bd22,SO74066,70,SH-W890-S,1,70,1ba7e8cdf85da6cf5e11554703236b52
15468,511572e8a25e86c2f48ae9e6d73a1e6a,8e8847c1bdf012037ee13bb62da8a5c1,SO68109,2,PK-7098,1,2,691ad1b0dca3643b923973defd014d47
15468,511572e8a25e86c2f48ae9e6d73a1e6a,8e8847c1bdf012037ee13bb62da8a5c1,SO68109,159,ST-1401,1,159,691ad1b0dca3643b923973defd014d47
15468,511572e8a25e86c2f48ae9e6d73a1e6a,8e8847c1bdf012037ee13bb62da8a5c1,SO68109,33,TI-R982,1,33,691ad1b0dca3643b923973defd014d47
15468,511572e8a25e86c2f48ae9e6d73a1e6a,8e8847c1bdf012037ee13bb62da8a5c1,SO68109,4,TT-R982,1,4,691ad1b0dca3643b923973defd014d47
15468,511572e8a25e86c2f48ae9e6d73a1e6a,8e8847c1bdf012037ee13bb62da8a5c1,SO68109,64,VE-C304-S,1,64,691ad1b0dca3643b923973defd014d47
15468,691ad1b0dca3643b923973defd014d47,6dd75c28a9a8a39e02bc0a175f82a9f3,SO67793,10,BC-M005,1,10,9f1ff00ea8fd9fd8f2d421ba5ec45a18
15468,691ad1b0dca3643b923973defd014d47,6dd75c28a9a8a39e02bc0a175f82a9f3,SO67793,5,WB-H098,1,5,9f1ff00ea8fd9fd8f2d421ba5ec45a18
15468,f476906875bc5d9abe836b4ea1f485c1,f04e53711455521533f4c5ed7dcaa287,SO53164,120,RA-H123,1,120,15aceb75d86814cb479f1b1a9487c3d4
15468,f476906875bc5d9abe836b4ea1f485c1,f04e53711455521533f4c5ed7dcaa287,SO53164,35,TI-M823,1,35,15aceb75d86814cb479f1b1a9487c3d4
15468,f476906875bc5d9abe836b4ea1f485c1,f04e53711455521533f4c5ed7dcaa287,SO53164,5,TT-M928,1,5,15aceb75d86814cb479f1b1a9487c3d4
15469,0dc34ca2aaa8612cde077f1880b78b25,361e2c62255e0c1887ac2139911ca300,SO52500,105,HL-U509-R,3,105,7f026edc73bd4602381834e9b850d6c2
15469,0dc34ca2aaa8612cde077f1880b78b25,361e2c62255e0c1887ac2139911ca300,SO52500,5,TT-M928,1,5,7f026edc73bd4602381834e9b850d6c2
15470,b0241b451647f25db5f52074445d820c,7a8e187aeb003f6e34c02a4d5b9b153e,SO64271,22,FE-6654,1,22,56d78836c9cf0de136c4d2d37aba2280
15470,b0241b451647f25db5f52074445d820c,7a8e187aeb003f6e34c02a4d5b9b153e,SO64271,150,LJ-0192-X,3,150,56d78836c9cf0de136c4d2d37aba2280
15470,b0241b451647f25db5f52074445d820c,7a8e187aeb003f6e34c02a4d5b9b153e,SO64271,5,TT-M928,1,5,56d78836c9cf0de136c4d2d37aba2280
15471,0fc0d540e96e3fc1463b71e253aac75b,a08a8a7cdc12ac1d6f6ca90a6b513d94,SO48447,1566,BK-R50R-44,2,1566,694d75fcfc5bc50259336e29e881a36c
15471,95a2a9aefc393f8630e934768cacf4cd,8f472ffe3ff3109f420ae91355ff8f3f,SO72162,769,BK-M38S-38,1,769,38c9e5d1e366b4c5c36aae682bc960c4
15471,95a2a9aefc393f8630e934768cacf4cd,8f472ffe3ff3109f420ae91355ff8f3f,SO72162,70,SH-W890-S,1,70,38c9e5d1e366b4c5c36aae682bc960c4
15472,47a161474962a6dcc03cfa64127a641f,8920fd63645007b243abb750709b1172,SO73231,769,BK-M38S-42,1,769,c5ed53572c667b119dde2fc0f54de602
15472,47a161474962a6dcc03cfa64127a641f,8920fd63645007b243abb750709b1172,SO73231,8,CL-9009,1,8,c5ed53572c667b119dde2fc0f54de602
15472,5cdbc8775008d87082e2d847e626b2f8,4bd94d77610f3faab529dc08576e03ab,SO48416,1566,BK-R50R-58,2,1566,bbe7548219ab98340a1170c8a2e7847b
15473,8db869d79195e5e17fdcc7c203499b29,79e02a49bb92138c3f331082fef97f2e,SO48406,1566,BK-R50R-44,2,1566,e56b89db4bdb2b3ba01ca1e3dbaf16ef
15473,dcf73f840a50da0145f24e8e0169dc4b,2797a91b25bc2aa85124c99bc574dc83,SO72045,769,BK-M38S-42,1,769,d5985f40495ba672dff8a99620b879c8
15474,aa14ddbc43aa2d3be1e6ac019bb7b5bc,dcf73f840a50da0145f24e8e0169dc4b,SO72907,769,BK-M38S-42,1,769,a6f2945baeceeef4c8d541a22f6e99e9
15474,aa14ddbc43aa2d3be1e6ac019bb7b5bc,dcf73f840a50da0145f24e8e0169dc4b,SO72907,70,SH-W890-L,1,70,a6f2945baeceeef4c8d541a22f6e99e9
15474,aa14ddbc43aa2d3be1e6ac019bb7b5bc,dcf73f840a50da0145f24e8e0169dc4b,SO72907,54,SJ-0194-L,1,54,a6f2945baeceeef4c8d541a22f6e99e9
15474,f3393c2fcf78ad71519178f1876f05b3,2bb3043229844628920922115ca2f967,SO48637,1566,BK-R50B-62,2,1566,4bbde6a0c4076e78bc106bdc331a94c5
15475,d7f57f35d2bad1349ca24a67a2635eea,5432d51ee94799c0125bb158c8a8bd22,SO74068,769,BK-M38S-42,1,769,1ba7e8cdf85da6cf5e11554703236b52
15475,d7f57f35d2bad1349ca24a67a2635eea,5432d51ee94799c0125bb158c8a8bd22,SO74068,30,TI-M602,1,30,1ba7e8cdf85da6cf5e11554703236b52
15475,d7f57f35d2bad1349ca24a67a2635eea,5432d51ee94799c0125bb158c8a8bd22,SO74068,5,TT-M928,1,5,1ba7e8cdf85da6cf5e11554703236b52
15475,f3393c2fcf78ad71519178f1876f05b3,2bb3043229844628920922115ca2f967,SO48638,1566,BK-R50B-60,2,1566,4bbde6a0c4076e78bc106bdc331a94c5
15476,cfceb7490eff6e660974507be7c579c6,01eb8a9956865747637639482336f5f8,SO52045,2,PK-7098,1,2,e5bf4a4a03e320ed76cf2ca68fa5b4c0
15476,cfceb7490eff6e660974507be7c579c6,01eb8a9956865747637639482336f5f8,SO52045,5,TT-M928,1,5,e5bf4a4a03e320ed76cf2ca68fa5b4c0
15477,88077cf01a3e17831c2d0bcca5897c5b,95a2a9aefc393f8630e934768cacf4cd,SO73057,2,PK-7098,1,2,86e0fc464cbb08ae74bd039224afec9a
15477,88077cf01a3e17831c2d0bcca5897c5b,95a2a9aefc393f8630e934768cacf4cd,SO73057,5,TT-M928,1,5,86e0fc464cbb08ae74bd039224afec9a
15478,1f50dad3f1493a5cf408c4eb3987479e,226d694fb4b7f71d62444f9528be8704,SO54695,105,HL-U509-R,3,105,9c56075241a26f6fa77eb86b15411c6e
15478,1f50dad3f1493a5cf408c4eb3987479e,226d694fb4b7f71d62444f9528be8704,SO54695,54,SJ-0194-L,1,54,9c56075241a26f6fa77eb86b15411c6e
15478,1f50dad3f1493a5cf408c4eb3987479e,226d694fb4b7f71d62444f9528be8704,SO54695,35,TI-M823,1,35,9c56075241a26f6fa77eb86b15411c6e
15478,1f50dad3f1493a5cf408c4eb3987479e,226d694fb4b7f71d62444f9528be8704,SO54695,5,TT-M928,1,5,9c56075241a26f6fa77eb86b15411c6e
15478,3f0c8308e4e2e5c4ddc1b7e19304f613,61e00b038efd34bdf9c747596273cbcf,SO64813,10,BC-M005,1,10,232e830f1ac667c081eaaca23cdf9b5f
15478,3f0c8308e4e2e5c4ddc1b7e19304f613,61e00b038efd34bdf9c747596273cbcf,SO64813,5,WB-H098,1,5,232e830f1ac667c081eaaca23cdf9b5f
15478,db2b287636ac5ebda430de4f3f643b24,7af7abc5e37d5fa2e2334b4fec2584e2,SO51986,2,PK-7098,1,2,bee2b842cd357511cf4c8e509f5af192
15478,db2b287636ac5ebda430de4f3f643b24,7af7abc5e37d5fa2e2334b4fec2584e2,SO51986,33,TI-R982,1,33,bee2b842cd357511cf4c8e509f5af192
15478,db2b287636ac5ebda430de4f3f643b24,7af7abc5e37d5fa2e2334b4fec2584e2,SO51986,4,TT-R982,1,4,bee2b842cd357511cf4c8e509f5af192
15479,8f472ffe3ff3109f420ae91355ff8f3f,e0cd1349b4c6e1b5f14ed427e358c2d0,SO71169,27,CA-1098,3,27,8fa3bab223bec6501ad71f96bb1067b6
15479,8f472ffe3ff3109f420ae91355ff8f3f,e0cd1349b4c6e1b5f14ed427e358c2d0,SO71169,22,FE-6654,1,22,8fa3bab223bec6501ad71f96bb1067b6
15479,8f472ffe3ff3109f420ae91355ff8f3f,e0cd1349b4c6e1b5f14ed427e358c2d0,SO71169,150,LJ-0192-M,3,150,8fa3bab223bec6501ad71f96bb1067b6
15479,8f472ffe3ff3109f420ae91355ff8f3f,e0cd1349b4c6e1b5f14ed427e358c2d0,SO71169,5,TT-M928,1,5,8fa3bab223bec6501ad71f96bb1067b6
15480,a6d37e298c3042e300813f55a17e0875,99b7e934795a93975a5e0c0b9b57d9ba,SO64654,4590,BK-M68B-46,2,4590,b0241b451647f25db5f52074445d820c
15480,cfa82f31e4639f537cf9d0fe9050f93b,782652638a2153c2b28e4a4522354d0f,SO48925,1566,BK-R50R-62,2,1566,8b4b8fc84396c30bd5bacc7370e1491c
15481,58f0b42da53adeeccbfa693883fea672,8c9ec1be720ee75d56d0c250d10610fa,SO64427,4590,BK-M68B-42,2,4590,d4746e41b619da57ee9f1a2e2cc254e8
15481,58f0b42da53adeeccbfa693883fea672,8c9ec1be720ee75d56d0c250d10610fa,SO64427,105,HL-U509,3,105,d4746e41b619da57ee9f1a2e2cc254e8
15481,58f0b42da53adeeccbfa693883fea672,8c9ec1be720ee75d56d0c250d10610fa,SO64427,35,TI-M823,1,35,d4746e41b619da57ee9f1a2e2cc254e8
15481,58f0b42da53adeeccbfa693883fea672,8c9ec1be720ee75d56d0c250d10610fa,SO64427,5,TT-M928,1,5,d4746e41b619da57ee9f1a2e2cc254e8
15481,59802186a17f07a81aa34b5b19aea33d,ceed546c67e37bbf1b77e495913e2f57,SO48915,1566,BK-R50B-60,2,1566,83e0911c7df633c9fad72d0a891f5e14
15482,3d2f1a711567258a8d30dab6a6dbd8f6,2324aa49dea31d140d6701555edd756c,SO48888,1566,BK-R50R-48,2,1566,99ceae0afd3bddfab39f9341c7fd7a90
15482,7a8e187aeb003f6e34c02a4d5b9b153e,2fe1a028f9398deb2efcd536c8246fae,SO63532,4590,BK-M68B-46,2,4590,ba19c22033aaecc6c5dad47f63e5858c
15482,7a8e187aeb003f6e34c02a4d5b9b153e,2fe1a028f9398deb2efcd536c8246fae,SO63532,22,FE-6654,1,22,ba19c22033aaecc6c5dad47f63e5858c
15482,7a8e187aeb003f6e34c02a4d5b9b153e,2fe1a028f9398deb2efcd536c8246fae,SO63532,48,GL-H102-L,2,48,ba19c22033aaecc6c5dad47f63e5858c
15483,23bd9a9b90557e9da7babfb8e3d2df22,b210069485754303767745919c328b97,SO63791,4590,BK-M68B-42,2,4590,a946e75bc65318721cd1e01162d392dd
15483,23bd9a9b90557e9da7babfb8e3d2df22,b210069485754303767745919c328b97,SO63791,2,PK-7098,1,2,a946e75bc65318721cd1e01162d392dd
15483,23bd9a9b90557e9da7babfb8e3d2df22,b210069485754303767745919c328b97,SO63791,35,TI-M823,1,35,a946e75bc65318721cd1e01162d392dd
15483,23bd9a9b90557e9da7babfb8e3d2df22,b210069485754303767745919c328b97,SO63791,5,TT-M928,1,5,a946e75bc65318721cd1e01162d392dd
15483,83e0911c7df633c9fad72d0a891f5e14,43a48533e5870a15f120f16375636633,SO48872,1566,BK-R50B-60,2,1566,0c1f008e577b55c7f8b72ceeae17ff1c
15484,86e8658344547a7d34cd2bcd4750bd8f,8b4b8fc84396c30bd5bacc7370e1491c,SO48982,1566,BK-R50R-60,2,1566,74245d8f0073f388c4be6464c8e2f29f
15484,a1fedb8f5f2e08543339a5f167bee6b7,8b9fe4b34e3c54f08bfcac3d9691e260,SO64999,4640,BK-M68S-38,2,4640,4eec6eda382b9c44e240ad4b4b5e9cc0
15484,a1fedb8f5f2e08543339a5f167bee6b7,8b9fe4b34e3c54f08bfcac3d9691e260,SO64999,22,FE-6654,1,22,4eec6eda382b9c44e240ad4b4b5e9cc0
15484,a1fedb8f5f2e08543339a5f167bee6b7,8b9fe4b34e3c54f08bfcac3d9691e260,SO64999,55,HY-1023-70,1,55,4eec6eda382b9c44e240ad4b4b5e9cc0
15485,dba3e44e23a1d2c2f299811e94db7fce,51c449e55b4a63a16fb45beb689150d5,SO54284,105,HL-U509-R,3,105,226d694fb4b7f71d62444f9528be8704
15485,dba3e44e23a1d2c2f299811e94db7fce,51c449e55b4a63a16fb45beb689150d5,SO54284,5,TT-M928,1,5,226d694fb4b7f71d62444f9528be8704
15486,b21e833d3ead6056f1265f13fe1ff015,7983129d9883ebc3b9dce3311996b001,SO60593,105,HL-U509-B,3,105,4804ee33768b143d9706052696f7dfbd
15486,b21e833d3ead6056f1265f13fe1ff015,7983129d9883ebc3b9dce3311996b001,SO60593,5,TT-M928,1,5,4804ee33768b143d9706052696f7dfbd
15487,226d694fb4b7f71d62444f9528be8704,714597fe9448176d17876617114a65bc,SO54003,105,HL-U509-B,3,105,9444f850ff0c10a862b4a6a9c4ab0a74
15487,226d694fb4b7f71d62444f9528be8704,714597fe9448176d17876617114a65bc,SO54003,150,LJ-0192-S,3,150,9444f850ff0c10a862b4a6a9c4ab0a74
15487,226d694fb4b7f71d62444f9528be8704,714597fe9448176d17876617114a65bc,SO54003,5,TT-M928,1,5,9444f850ff0c10a862b4a6a9c4ab0a74
15488,412998e77ee121227580e3d363f75fa2,df595e3c678d4fae23ce174fe747165e,SO59870,8,CL-9009,1,8,254d832c83ccdb2c33eab65a4fd196ff
15488,412998e77ee121227580e3d363f75fa2,df595e3c678d4fae23ce174fe747165e,SO59870,2,PK-7098,1,2,254d832c83ccdb2c33eab65a4fd196ff
15488,412998e77ee121227580e3d363f75fa2,df595e3c678d4fae23ce174fe747165e,SO59870,35,TI-M823,1,35,254d832c83ccdb2c33eab65a4fd196ff
15488,412998e77ee121227580e3d363f75fa2,df595e3c678d4fae23ce174fe747165e,SO59870,5,TT-M928,1,5,254d832c83ccdb2c33eab65a4fd196ff
15488,66e56e10b0f528b66a45e307ecdf4774,691ad1b0dca3643b923973defd014d47,SO68566,10,BC-M005,1,10,8eb7a1b0dba9fdd5f4248b9cb6b9119b
15488,66e56e10b0f528b66a45e307ecdf4774,691ad1b0dca3643b923973defd014d47,SO68566,5,WB-H098,1,5,8eb7a1b0dba9fdd5f4248b9cb6b9119b
15488,b68fd63ca41d49bfc1b18251202c053f,d4746e41b619da57ee9f1a2e2cc254e8,SO64868,33,TI-R982,1,33,c87874400b9f907bdf9ea37d75a4b341
15488,b68fd63ca41d49bfc1b18251202c053f,d4746e41b619da57ee9f1a2e2cc254e8,SO64868,4,TT-R982,1,4,c87874400b9f907bdf9ea37d75a4b341
15488,b68fd63ca41d49bfc1b18251202c053f,d4746e41b619da57ee9f1a2e2cc254e8,SO64868,64,VE-C304-L,1,64,c87874400b9f907bdf9ea37d75a4b341
15489,545a3d56d20b22e09aa85bfa5ed8738d,31c99d724c1f182c60edb82eb4740277,SO72241,769,BK-M38S-46,1,769,a9cd7a99d71cca9cb644010050374ade
15489,545a3d56d20b22e09aa85bfa5ed8738d,31c99d724c1f182c60edb82eb4740277,SO72241,27,CA-1098,3,27,a9cd7a99d71cca9cb644010050374ade
15489,545a3d56d20b22e09aa85bfa5ed8738d,31c99d724c1f182c60edb82eb4740277,SO72241,70,SH-W890-L,1,70,a9cd7a99d71cca9cb644010050374ade
15489,545a3d56d20b22e09aa85bfa5ed8738d,31c99d724c1f182c60edb82eb4740277,SO72241,54,SJ-0194-S,1,54,a9cd7a99d71cca9cb644010050374ade
15489,99ceae0afd3bddfab39f9341c7fd7a90,5881f2ec92a43470fcbe3d3477a2a1fe,SO48843,1566,BK-R50R-62,2,1566,6c1f25b149f7224c4de256ef6e37c951
15490,49fce086a31f1cfcf16b54e462f7cbc0,99c8f306659fd98cbb9d7f03ec0c2a7a,SO70808,2384,BK-T79U-46,1,2384,e84848120190a8d0e696fbeb15647a74
15490,49fce086a31f1cfcf16b54e462f7cbc0,99c8f306659fd98cbb9d7f03ec0c2a7a,SO70808,105,HL-U509,3,105,e84848120190a8d0e696fbeb15647a74
15490,76918877cf6ce7011018cd9708723392,883b9b4170853b321c03290f64ba199f,SO61521,4590,BK-M68B-46,2,4590,4ddc8821c34bceaf3dba4a18741acca3
15490,76918877cf6ce7011018cd9708723392,883b9b4170853b321c03290f64ba199f,SO61521,48,GL-H102-S,2,48,4ddc8821c34bceaf3dba4a18741acca3
15490,76918877cf6ce7011018cd9708723392,883b9b4170853b321c03290f64ba199f,SO61521,105,HL-U509,3,105,4ddc8821c34bceaf3dba4a18741acca3
15490,76918877cf6ce7011018cd9708723392,883b9b4170853b321c03290f64ba199f,SO61521,35,TI-M823,1,35,4ddc8821c34bceaf3dba4a18741acca3
15490,76918877cf6ce7011018cd9708723392,883b9b4170853b321c03290f64ba199f,SO61521,5,TT-M928,1,5,4ddc8821c34bceaf3dba4a18741acca3
15491,81a5d08c6beaeec9e42baae5d63dd780,95103530881768b5cfc7e33970db9cd7,SO63339,10,BC-M005,1,10,b210069485754303767745919c328b97
15491,81a5d08c6beaeec9e42baae5d63dd780,95103530881768b5cfc7e33970db9cd7,SO63339,4640,BK-M68S-38,2,4640,b210069485754303767745919c328b97
15491,81a5d08c6beaeec9e42baae5d63dd780,95103530881768b5cfc7e33970db9cd7,SO63339,64,VE-C304-L,1,64,b210069485754303767745919c328b97
15491,81a5d08c6beaeec9e42baae5d63dd780,95103530881768b5cfc7e33970db9cd7,SO63339,5,WB-H098,1,5,b210069485754303767745919c328b97
15491,f990b5152ee42d12906765f468f9e605,dc4e871b1fb11890821e8f8192f25df1,SO48800,1566,BK-R50B-52,2,1566,12b1840e7453d3f4221dc0d69006ef40
15492,99ceae0afd3bddfab39f9341c7fd7a90,5881f2ec92a43470fcbe3d3477a2a1fe,SO48844,1566,BK-R50B-44,2,1566,6c1f25b149f7224c4de256ef6e37c951
15492,c87874400b9f907bdf9ea37d75a4b341,23bd9a9b90557e9da7babfb8e3d2df22,SO64586,10,BC-M005,1,10,8b9fe4b34e3c54f08bfcac3d9691e260
15492,c87874400b9f907bdf9ea37d75a4b341,23bd9a9b90557e9da7babfb8e3d2df22,SO64586,4590,BK-M68B-42,2,4590,8b9fe4b34e3c54f08bfcac3d9691e260
15492,c87874400b9f907bdf9ea37d75a4b341,23bd9a9b90557e9da7babfb8e3d2df22,SO64586,48,GL-H102-S,2,48,8b9fe4b34e3c54f08bfcac3d9691e260
15492,c87874400b9f907bdf9ea37d75a4b341,23bd9a9b90557e9da7babfb8e3d2df22,SO64586,5,WB-H098,1,5,8b9fe4b34e3c54f08bfcac3d9691e260
15493,abe94c2111c58e9c9672602d41bce66e,0149f124a48640c62d90840ac5760331,SO64155,4590,BK-M68B-38,2,4590,99b7e934795a93975a5e0c0b9b57d9ba
15493,abe94c2111c58e9c9672602d41bce66e,0149f124a48640c62d90840ac5760331,SO64155,22,FE-6654,1,22,99b7e934795a93975a5e0c0b9b57d9ba
15493,f990b5152ee42d12906765f468f9e605,dc4e871b1fb11890821e8f8192f25df1,SO48801,1566,BK-R50R-44,2,1566,12b1840e7453d3f4221dc0d69006ef40
15494,14e4b13c27fb9bce9938ce35b6597eca,c375f33d72ca7161f341c2726e82d67a,SO53366,30,TI-M602,1,30,9b98d27287b27eeee9ebc06e1d5a9a8d
15494,58c4ce5b9433e7b6d41793d5a76d5590,1556bafff387fc8f2f6fef64c1daa6bc,SO71317,22,FE-6654,1,22,fd5ba6fdeb81e07b2caf0b103489bd8d
15494,58c4ce5b9433e7b6d41793d5a76d5590,1556bafff387fc8f2f6fef64c1daa6bc,SO71317,35,TI-M823,1,35,fd5ba6fdeb81e07b2caf0b103489bd8d
15494,58c4ce5b9433e7b6d41793d5a76d5590,1556bafff387fc8f2f6fef64c1daa6bc,SO71317,5,TT-M928,1,5,fd5ba6fdeb81e07b2caf0b103489bd8d
15494,58c4ce5b9433e7b6d41793d5a76d5590,1556bafff387fc8f2f6fef64c1daa6bc,SO71317,64,VE-C304-S,1,64,fd5ba6fdeb81e07b2caf0b103489bd8d
15494,bc761b2b7297029a695fbd6dd0470724,fef3080ec197edd1a04bb18afd31d16d,SO55633,150,LJ-0192-S,3,150,9b6872ca1d80024637e967d1066bba0a
15494,bc761b2b7297029a695fbd6dd0470724,fef3080ec197edd1a04bb18afd31d16d,SO55633,70,SH-W890-S,1,70,9b6872ca1d80024637e967d1066bba0a
15495,d27974ca95fd620ac92cf95bf8c1d1f2,4c6ed4daa82e7326b84c24f4c2ae7064,SO74171,105,HL-U509-R,3,105,3e107cd1554225ea3056ed5010adce90
15495,d27974ca95fd620ac92cf95bf8c1d1f2,4c6ed4daa82e7326b84c24f4c2ae7064,SO74171,5,TT-M928,1,5,3e107cd1554225ea3056ed5010adce90
15496,3f20f21c57e09a6c071e44d1fe74b58a,9b98d27287b27eeee9ebc06e1d5a9a8d,SO53896,105,HL-U509-B,3,105,51c449e55b4a63a16fb45beb689150d5
15496,3f20f21c57e09a6c071e44d1fe74b58a,9b98d27287b27eeee9ebc06e1d5a9a8d,SO53896,5,TT-M928,1,5,51c449e55b4a63a16fb45beb689150d5
15497,3e107cd1554225ea3056ed5010adce90,aa14ddbc43aa2d3be1e6ac019bb7b5bc,SO73839,769,BK-M38S-46,1,769,43e2cc7ff261723f93f64f3f7e9faa8d
15497,3e107cd1554225ea3056ed5010adce90,aa14ddbc43aa2d3be1e6ac019bb7b5bc,SO73839,70,SH-W890-M,1,70,43e2cc7ff261723f93f64f3f7e9faa8d
15497,ceed546c67e37bbf1b77e495913e2f57,f3393c2fcf78ad71519178f1876f05b3,SO48818,1566,BK-R50B-58,2,1566,43a48533e5870a15f120f16375636633
15498,15699e35c72c4036c71409f3f3d69528,f5933feadc49c253e4f0e77b236946e9,SO53030,10,BC-M005,1,10,deff8ad81a213d1110c1f409a7f40fcd
15498,15699e35c72c4036c71409f3f3d69528,f5933feadc49c253e4f0e77b236946e9,SO53030,48,GL-H102-L,2,48,deff8ad81a213d1110c1f409a7f40fcd
15498,15699e35c72c4036c71409f3f3d69528,f5933feadc49c253e4f0e77b236946e9,SO53030,105,HL-U509-R,3,105,deff8ad81a213d1110c1f409a7f40fcd
15498,15699e35c72c4036c71409f3f3d69528,f5933feadc49c253e4f0e77b236946e9,SO53030,5,WB-H098,1,5,deff8ad81a213d1110c1f409a7f40fcd
15498,a1d0c0a14c6c8f8a8ef8220209c23a64,05e7920e8caf0303dc01b77666952b75,SO66962,33,TI-R982,1,33,cd15e5f80ff20dd345bfaa51400dd0d6
15498,de22d232bbe84481579f6252f1e7091d,cae5717327bee7d74e261c550aa5081f,SO57572,48,GL-H102-S,2,48,ab4946738415af86b5e3cee69b13301f
15498,de22d232bbe84481579f6252f1e7091d,cae5717327bee7d74e261c550aa5081f,SO57572,105,HL-U509-R,3,105,ab4946738415af86b5e3cee69b13301f
15498,de22d232bbe84481579f6252f1e7091d,cae5717327bee7d74e261c550aa5081f,SO57572,150,LJ-0192-L,3,150,ab4946738415af86b5e3cee69b13301f
15498,de22d232bbe84481579f6252f1e7091d,cae5717327bee7d74e261c550aa5081f,SO57572,35,TI-M823,1,35,ab4946738415af86b5e3cee69b13301f
15498,de22d232bbe84481579f6252f1e7091d,cae5717327bee7d74e261c550aa5081f,SO57572,5,TT-M928,1,5,ab4946738415af86b5e3cee69b13301f
15499,83e0911c7df633c9fad72d0a891f5e14,43a48533e5870a15f120f16375636633,SO48873,1566,BK-R50R-60,2,1566,0c1f008e577b55c7f8b72ceeae17ff1c
15499,ccf89c691dabb1412404274596922d90,b0241b451647f25db5f52074445d820c,SO65063,4640,BK-M68S-38,2,4640,7299e51cfc0d5174743a6701a8a96488
15499,ccf89c691dabb1412404274596922d90,b0241b451647f25db5f52074445d820c,SO65063,120,RA-H123,1,120,7299e51cfc0d5174743a6701a8a96488
15500,18f358e551b5b85912bc952ab9894c0d,abe94c2111c58e9c9672602d41bce66e,SO64929,4590,BK-M68B-42,2,4590,a6d37e298c3042e300813f55a17e0875
15500,18f358e551b5b85912bc952ab9894c0d,abe94c2111c58e9c9672602d41bce66e,SO64929,22,FE-6654,1,22,a6d37e298c3042e300813f55a17e0875
15500,18f358e551b5b85912bc952ab9894c0d,abe94c2111c58e9c9672602d41bce66e,SO64929,54,SJ-0194-M,1,54,a6d37e298c3042e300813f55a17e0875
15500,86e8658344547a7d34cd2bcd4750bd8f,8b4b8fc84396c30bd5bacc7370e1491c,SO48983,1566,BK-R50B-58,2,1566,74245d8f0073f388c4be6464c8e2f29f
15501,58f0b42da53adeeccbfa693883fea672,8c9ec1be720ee75d56d0c250d10610fa,SO64426,4590,BK-M68B-38,2,4590,d4746e41b619da57ee9f1a2e2cc254e8
15501,58f0b42da53adeeccbfa693883fea672,8c9ec1be720ee75d56d0c250d10610fa,SO64426,120,RA-H123,1,120,d4746e41b619da57ee9f1a2e2cc254e8
15501,dbfd88fff205d4dd875043cc0852f905,74245d8f0073f388c4be6464c8e2f29f,SO49027,1566,BK-R50R-62,2,1566,1d94ce9f1e285f2d6cb6680691aed781
15502,cfa82f31e4639f537cf9d0fe9050f93b,782652638a2153c2b28e4a4522354d0f,SO48928,1566,BK-R50B-58,2,1566,8b4b8fc84396c30bd5bacc7370e1491c
15502,d7f57f35d2bad1349ca24a67a2635eea,5432d51ee94799c0125bb158c8a8bd22,SO74065,769,BK-M38S-42,1,769,1ba7e8cdf85da6cf5e11554703236b52
15502,d7f57f35d2bad1349ca24a67a2635eea,5432d51ee94799c0125bb158c8a8bd22,SO74065,105,HL-U509-R,3,105,1ba7e8cdf85da6cf5e11554703236b52
15503,41ef6b06b63ba4f6a5234245a439b157,c4c454d69a39e60a6f5cf2f97148adad,SO72617,769,BK-M38S-38,1,769,545a3d56d20b22e09aa85bfa5ed8738d
15503,41ef6b06b63ba4f6a5234245a439b157,c4c454d69a39e60a6f5cf2f97148adad,SO72617,105,HL-U509-B,3,105,545a3d56d20b22e09aa85bfa5ed8738d
15503,41ef6b06b63ba4f6a5234245a439b157,c4c454d69a39e60a6f5cf2f97148adad,SO72617,30,TI-M602,1,30,545a3d56d20b22e09aa85bfa5ed8738d
15503,41ef6b06b63ba4f6a5234245a439b157,c4c454d69a39e60a6f5cf2f97148adad,SO72617,5,TT-M928,1,5,545a3d56d20b22e09aa85bfa5ed8738d
15503,a426a338561351b3011d85cfc86bf781,12b1840e7453d3f4221dc0d69006ef40,SO48852,1566,BK-R50R-62,2,1566,ceed546c67e37bbf1b77e495913e2f57
15504,23f22724b430320654759f8512440ebc,485ae69515bc4c60ef546ff289741f60,SO58267,105,HL-U509-B,3,105,b0b2c17e5682f78d8fc262463fd0a4f3
15504,23f22724b430320654759f8512440ebc,485ae69515bc4c60ef546ff289741f60,SO58267,5,TT-M928,1,5,b0b2c17e5682f78d8fc262463fd0a4f3
15505,e0bcd0ff3072dfe15609d6be1529b0b8,c660dc308b247ce08aeecd155306bae0,SO60716,2,PK-7098,1,2,39ff8ac1e8a44088f96e17b846ec8baf
15505,e0bcd0ff3072dfe15609d6be1529b0b8,c660dc308b247ce08aeecd155306bae0,SO60716,5,TT-M928,1,5,39ff8ac1e8a44088f96e17b846ec8baf
15506,b2ce0ef2540789e8a6976165b6c917d8,128ee9ff420de424a605a0ee4a6f7916,SO72405,769,BK-M38S-42,1,769,dcf73f840a50da0145f24e8e0169dc4b
15506,f924afae9f4c724ae1a0a28c0959d2ed,3d2f1a711567258a8d30dab6a6dbd8f6,SO48994,1566,BK-R50R-62,2,1566,609dcf12bb3687c6856be712159d7032
15507,361e2c62255e0c1887ac2139911ca300,20b5e9ce0f87defd975a322149ec8cc6,SO51898,10,BC-M005,1,10,eedd9be5500334505ed9d4aef801ac3d
15507,361e2c62255e0c1887ac2139911ca300,20b5e9ce0f87defd975a322149ec8cc6,SO51898,54,SJ-0194-S,1,54,eedd9be5500334505ed9d4aef801ac3d
15507,361e2c62255e0c1887ac2139911ca300,20b5e9ce0f87defd975a322149ec8cc6,SO51898,5,WB-H098,1,5,eedd9be5500334505ed9d4aef801ac3d
15507,ba19c22033aaecc6c5dad47f63e5858c,8dd08d219271ec96c543f486de430703,SO63019,2,PK-7098,1,2,16918840d98f27ce45948fe73dd5592f
15507,ba19c22033aaecc6c5dad47f63e5858c,8dd08d219271ec96c543f486de430703,SO63019,33,TI-R982,1,33,16918840d98f27ce45948fe73dd5592f
15507,ba19c22033aaecc6c5dad47f63e5858c,8dd08d219271ec96c543f486de430703,SO63019,4,TT-R982,1,4,16918840d98f27ce45948fe73dd5592f
15507,db2b287636ac5ebda430de4f3f643b24,7af7abc5e37d5fa2e2334b4fec2584e2,SO52003,120,RA-H123,1,120,bee2b842cd357511cf4c8e509f5af192
15507,db2b287636ac5ebda430de4f3f643b24,7af7abc5e37d5fa2e2334b4fec2584e2,SO52003,35,TI-M823,1,35,bee2b842cd357511cf4c8e509f5af192
15507,db2b287636ac5ebda430de4f3f643b24,7af7abc5e37d5fa2e2334b4fec2584e2,SO52003,5,TT-M928,1,5,bee2b842cd357511cf4c8e509f5af192
15508,290499d9b8e65db426ba9b842714eb6d,606ed413481267c98754e3351f662859,SO62651,105,HL-U509,3,105,d1024973c3d10f08cb9fa1736e6ed8b7
15508,290499d9b8e65db426ba9b842714eb6d,606ed413481267c98754e3351f662859,SO62651,5,TT-M928,1,5,d1024973c3d10f08cb9fa1736e6ed8b7
15509,6d338b8c41c717c4336ad0084a80dca4,9223b53f03a405f817e91392f0294f6a,SO54449,105,HL-U509-B,3,105,40e7dd73b09eac540e790daf6fac41af
15509,6d338b8c41c717c4336ad0084a80dca4,9223b53f03a405f817e91392f0294f6a,SO54449,5,TT-M928,1,5,40e7dd73b09eac540e790daf6fac41af
15510,7299e51cfc0d5174743a6701a8a96488,56d78836c9cf0de136c4d2d37aba2280,SO64753,105,HL-U509-R,3,105,58f0b42da53adeeccbfa693883fea672
15510,7299e51cfc0d5174743a6701a8a96488,56d78836c9cf0de136c4d2d37aba2280,SO64753,5,TT-M928,1,5,58f0b42da53adeeccbfa693883fea672
15511,244cede513841376c37dc856f2f5e7b9,5e1b952a22eccca86f7f056a9efb42a4,SO58390,22,FE-6654,1,22,debbb2493c6588799fc787e1854bcda5
15511,244cede513841376c37dc856f2f5e7b9,5e1b952a22eccca86f7f056a9efb42a4,SO58390,105,HL-U509-R,3,105,debbb2493c6588799fc787e1854bcda5
15511,244cede513841376c37dc856f2f5e7b9,5e1b952a22eccca86f7f056a9efb42a4,SO58390,35,TI-M823,1,35,debbb2493c6588799fc787e1854bcda5
15511,427ed6396fba4ed8ead9ec3229517d2b,3519c8eb4095dbc69d80eb61856d3435,SO56238,33,TI-R982,1,33,629ffff971d10f275a79a70fae527fbc
15511,427ed6396fba4ed8ead9ec3229517d2b,3519c8eb4095dbc69d80eb61856d3435,SO56238,4,TT-R982,1,4,629ffff971d10f275a79a70fae527fbc
15511,5728955fc583cbfd901d0ba25cb20f92,db10519e66d9a7b809b91935ad1a696d,SO74861,10,BC-M005,1,10,01e8942a5792053a553c4612bd6c06a6
15511,5728955fc583cbfd901d0ba25cb20f92,db10519e66d9a7b809b91935ad1a696d,SO74861,5,WB-H098,1,5,01e8942a5792053a553c4612bd6c06a6
15512,70951886788165a5e2439adfce4d0cce,ca38f30e56a72f4d0c8d2264322c5862,SO68980,22,FE-6654,1,22,c885741a5e3e55c84950327011b70289
15512,70951886788165a5e2439adfce4d0cce,ca38f30e56a72f4d0c8d2264322c5862,SO68980,105,HL-U509-B,3,105,c885741a5e3e55c84950327011b70289
15512,70951886788165a5e2439adfce4d0cce,ca38f30e56a72f4d0c8d2264322c5862,SO68980,5,TT-M928,1,5,c885741a5e3e55c84950327011b70289
15513,94b225b5b1f09ecd5e8ecdfb681ff04c,03bf7d2a8718ee9aca4bd2f37e962fc4,SO64330,105,HL-U509-R,3,105,61e00b038efd34bdf9c747596273cbcf
15513,94b225b5b1f09ecd5e8ecdfb681ff04c,03bf7d2a8718ee9aca4bd2f37e962fc4,SO64330,5,TT-M928,1,5,61e00b038efd34bdf9c747596273cbcf
15514,640540d73b85c3ecd2e3bf5541686e87,eba6cab7267f82e3b2a063d5ea445bb9,SO58737,120,RA-H123,1,120,d630b2db6e8046e30b4728ca862ba4e1
15514,640540d73b85c3ecd2e3bf5541686e87,eba6cab7267f82e3b2a063d5ea445bb9,SO58737,5,TT-M928,1,5,d630b2db6e8046e30b4728ca862ba4e1
15515,dcf73f840a50da0145f24e8e0169dc4b,2797a91b25bc2aa85124c99bc574dc83,SO72025,2,PK-7098,1,2,d5985f40495ba672dff8a99620b879c8
15515,dcf73f840a50da0145f24e8e0169dc4b,2797a91b25bc2aa85124c99bc574dc83,SO72025,5,TT-M928,1,5,d5985f40495ba672dff8a99620b879c8
15516,0d15ba5aa4c9ad0377b26e0cf7a86280,b21e833d3ead6056f1265f13fe1ff015,SO61457,2,PK-7098,1,2,4a70a3ec50fd16032883bf6fc79c55dd
15516,0d15ba5aa4c9ad0377b26e0cf7a86280,b21e833d3ead6056f1265f13fe1ff015,SO61457,5,TT-M928,1,5,4a70a3ec50fd16032883bf6fc79c55dd
15517,6c1f25b149f7224c4de256ef6e37c951,4d547de074f47405ab655adca639c8c2,SO48811,1566,BK-R50B-60,2,1566,e41e8ee2e2795c7c1363a9f5054d57d7
15517,a1fedb8f5f2e08543339a5f167bee6b7,8b9fe4b34e3c54f08bfcac3d9691e260,SO64998,4590,BK-M68B-38,2,4590,4eec6eda382b9c44e240ad4b4b5e9cc0
15517,a1fedb8f5f2e08543339a5f167bee6b7,8b9fe4b34e3c54f08bfcac3d9691e260,SO64998,35,TI-M823,1,35,4eec6eda382b9c44e240ad4b4b5e9cc0
15518,6ef7b4bb93d4e54234cf965ed2334682,ccf89c691dabb1412404274596922d90,SO66001,10,BC-M005,1,10,93ddc10d6cf61153011df052aa76671f
15518,6ef7b4bb93d4e54234cf965ed2334682,ccf89c691dabb1412404274596922d90,SO66001,4590,BK-M68B-42,2,4590,93ddc10d6cf61153011df052aa76671f
15518,6ef7b4bb93d4e54234cf965ed2334682,ccf89c691dabb1412404274596922d90,SO66001,22,FE-6654,1,22,93ddc10d6cf61153011df052aa76671f
15518,6ef7b4bb93d4e54234cf965ed2334682,ccf89c691dabb1412404274596922d90,SO66001,5,WB-H098,1,5,93ddc10d6cf61153011df052aa76671f
15518,dbd014c6041b3624cb17ead892c37e4d,0c1f008e577b55c7f8b72ceeae17ff1c,SO48935,1566,BK-R50R-52,2,1566,3d2f1a711567258a8d30dab6a6dbd8f6
15519,a8ef76a01442567fb64eb6f4408a9835,427ed6396fba4ed8ead9ec3229517d2b,SO56877,22,FE-6654,1,22,eba5233d2dd8ea5031e646882335ece0
15520,47a161474962a6dcc03cfa64127a641f,8920fd63645007b243abb750709b1172,SO73230,769,BK-M38S-46,1,769,c5ed53572c667b119dde2fc0f54de602
15520,47a161474962a6dcc03cfa64127a641f,8920fd63645007b243abb750709b1172,SO73230,48,GL-H102-S,2,48,c5ed53572c667b119dde2fc0f54de602
15520,47a161474962a6dcc03cfa64127a641f,8920fd63645007b243abb750709b1172,SO73230,105,HL-U509,3,105,c5ed53572c667b119dde2fc0f54de602
15520,a426a338561351b3011d85cfc86bf781,12b1840e7453d3f4221dc0d69006ef40,SO48853,1566,BK-R50B-62,2,1566,ceed546c67e37bbf1b77e495913e2f57
15521,07b7d2aed13a63a16377587dcc0abbe8,02b96ab6e0935145589be4e1408a1675,SO66132,10,BC-M005,1,10,6866da5d40f1aad2d82129d5ffa25bda
15521,07b7d2aed13a63a16377587dcc0abbe8,02b96ab6e0935145589be4e1408a1675,SO66132,4640,BK-M68S-42,2,4640,6866da5d40f1aad2d82129d5ffa25bda
15521,07b7d2aed13a63a16377587dcc0abbe8,02b96ab6e0935145589be4e1408a1675,SO66132,55,HY-1023-70,1,55,6866da5d40f1aad2d82129d5ffa25bda
15521,07b7d2aed13a63a16377587dcc0abbe8,02b96ab6e0935145589be4e1408a1675,SO66132,5,WB-H098,1,5,6866da5d40f1aad2d82129d5ffa25bda
15521,e34e7eb0c21a4e95026c6fae15677b7a,86e8658344547a7d34cd2bcd4750bd8f,SO49215,1566,BK-R50R-62,2,1566,dbfd88fff205d4dd875043cc0852f905
15522,58f0b42da53adeeccbfa693883fea672,8c9ec1be720ee75d56d0c250d10610fa,SO64404,22,FE-6654,1,22,d4746e41b619da57ee9f1a2e2cc254e8
15522,58f0b42da53adeeccbfa693883fea672,8c9ec1be720ee75d56d0c250d10610fa,SO64404,5,TT-M928,1,5,d4746e41b619da57ee9f1a2e2cc254e8
15523,83e4278f3d557c0bd5784b2bc83d617c,c8db84e7a63e3fa5806b462c51f794cd,SO49255,1566,BK-R50R-44,2,1566,120e988208d0c7478eebe7175e557b29
15523,ca5b8307fa5f2189fb98330a9d65927c,88077cf01a3e17831c2d0bcca5897c5b,SO73995,769,BK-M38S-38,1,769,5cbbe853aa1a5a1370f9a614904c4b15
15523,ca5b8307fa5f2189fb98330a9d65927c,88077cf01a3e17831c2d0bcca5897c5b,SO73995,27,CA-1098,3,27,5cbbe853aa1a5a1370f9a614904c4b15
15523,ca5b8307fa5f2189fb98330a9d65927c,88077cf01a3e17831c2d0bcca5897c5b,SO73995,70,SH-W890-L,1,70,5cbbe853aa1a5a1370f9a614904c4b15
15524,244cede513841376c37dc856f2f5e7b9,5e1b952a22eccca86f7f056a9efb42a4,SO58382,2,PK-7098,1,2,debbb2493c6588799fc787e1854bcda5
15524,244cede513841376c37dc856f2f5e7b9,5e1b952a22eccca86f7f056a9efb42a4,SO58382,5,TT-M928,1,5,debbb2493c6588799fc787e1854bcda5
15525,86e0fc464cbb08ae74bd039224afec9a,38c9e5d1e366b4c5c36aae682bc960c4,SO72693,769,BK-M38S-40,1,769,8920fd63645007b243abb750709b1172
15525,86e0fc464cbb08ae74bd039224afec9a,38c9e5d1e366b4c5c36aae682bc960c4,SO72693,8,CL-9009,1,8,8920fd63645007b243abb750709b1172
15525,d5cc3ca31a62986018db87cc11d7c3c0,5621f5e25d40f729483fc0a25664bcc3,SO49189,1566,BK-R50B-48,2,1566,b841e6f2f1d20f20ca7bd238dfd4c300
15526,15699e35c72c4036c71409f3f3d69528,f5933feadc49c253e4f0e77b236946e9,SO53024,48,GL-H102-M,2,48,deff8ad81a213d1110c1f409a7f40fcd
15526,15699e35c72c4036c71409f3f3d69528,f5933feadc49c253e4f0e77b236946e9,SO53024,105,HL-U509-R,3,105,deff8ad81a213d1110c1f409a7f40fcd
15526,15699e35c72c4036c71409f3f3d69528,f5933feadc49c253e4f0e77b236946e9,SO53024,33,TI-R982,1,33,deff8ad81a213d1110c1f409a7f40fcd
15526,15699e35c72c4036c71409f3f3d69528,f5933feadc49c253e4f0e77b236946e9,SO53024,4,TT-R982,1,4,deff8ad81a213d1110c1f409a7f40fcd
15526,b95a9f47dd73bb9b799a31ae04ee7da1,175a5d217fad85df9f6639d7ced1e5d9,SO69981,2,PK-7098,1,2,8728a5e296f39e49d2fa74c31820e99f
15526,b95a9f47dd73bb9b799a31ae04ee7da1,175a5d217fad85df9f6639d7ced1e5d9,SO69981,35,TI-M823,1,35,8728a5e296f39e49d2fa74c31820e99f
15526,b95a9f47dd73bb9b799a31ae04ee7da1,175a5d217fad85df9f6639d7ced1e5d9,SO69981,5,TT-M928,1,5,8728a5e296f39e49d2fa74c31820e99f
15526,fe1fd19c021e78ec395980c2e347865e,16e364d19895243407b256ec272d5394,SO68358,10,BC-M005,1,10,63efdd3324df66c9965bd622cdebe06a
15526,fe1fd19c021e78ec395980c2e347865e,16e364d19895243407b256ec272d5394,SO68358,105,HL-U509-B,3,105,63efdd3324df66c9965bd622cdebe06a
15526,fe1fd19c021e78ec395980c2e347865e,16e364d19895243407b256ec272d5394,SO68358,5,WB-H098,1,5,63efdd3324df66c9965bd622cdebe06a
15527,4c6ed4daa82e7326b84c24f4c2ae7064,b2ce0ef2540789e8a6976165b6c917d8,SO73306,769,BK-M38S-40,1,769,aa14ddbc43aa2d3be1e6ac019bb7b5bc
15527,4c6ed4daa82e7326b84c24f4c2ae7064,b2ce0ef2540789e8a6976165b6c917d8,SO73306,70,SH-W890-L,1,70,aa14ddbc43aa2d3be1e6ac019bb7b5bc
15527,ff2bf25190a8fcdee3d17552f1914d11,d5cc3ca31a62986018db87cc11d7c3c0,SO49310,1566,BK-R50B-62,2,1566,01e9454335c45aa6cdee165f2c25b3c0
15528,30df06c098f61f2e78c2d0edb6e1b65a,83e4278f3d557c0bd5784b2bc83d617c,SO49368,1566,BK-R50R-62,2,1566,22ba60942e58ccfed22ed8a64ec86aa3
15528,dcf73f840a50da0145f24e8e0169dc4b,2797a91b25bc2aa85124c99bc574dc83,SO72043,769,BK-M38S-38,1,769,d5985f40495ba672dff8a99620b879c8
15528,dcf73f840a50da0145f24e8e0169dc4b,2797a91b25bc2aa85124c99bc574dc83,SO72043,70,SH-W890-M,1,70,d5985f40495ba672dff8a99620b879c8
15528,dcf73f840a50da0145f24e8e0169dc4b,2797a91b25bc2aa85124c99bc574dc83,SO72043,54,SJ-0194-L,1,54,d5985f40495ba672dff8a99620b879c8
15529,4364e5a7100b33d6b7420dc1168e3ded,1d94ce9f1e285f2d6cb6680691aed781,SO49232,1566,BK-R50R-58,2,1566,daac5732a7741792804c19340b534bae
15529,dcf73f840a50da0145f24e8e0169dc4b,2797a91b25bc2aa85124c99bc574dc83,SO72044,769,BK-M38S-40,1,769,d5985f40495ba672dff8a99620b879c8
15529,dcf73f840a50da0145f24e8e0169dc4b,2797a91b25bc2aa85124c99bc574dc83,SO72044,105,HL-U509-B,3,105,d5985f40495ba672dff8a99620b879c8
15530,47a161474962a6dcc03cfa64127a641f,8920fd63645007b243abb750709b1172,SO73229,769,BK-M38S-46,1,769,c5ed53572c667b119dde2fc0f54de602
15530,47a161474962a6dcc03cfa64127a641f,8920fd63645007b243abb750709b1172,SO73229,22,FE-6654,1,22,c5ed53572c667b119dde2fc0f54de602
15530,47a161474962a6dcc03cfa64127a641f,8920fd63645007b243abb750709b1172,SO73229,55,HY-1023-70,1,55,c5ed53572c667b119dde2fc0f54de602
15531,4364e5a7100b33d6b7420dc1168e3ded,1d94ce9f1e285f2d6cb6680691aed781,SO49233,1566,BK-R50R-62,2,1566,daac5732a7741792804c19340b534bae
15531,43e2cc7ff261723f93f64f3f7e9faa8d,a6f2945baeceeef4c8d541a22f6e99e9,SO73466,769,BK-M38S-42,1,769,88077cf01a3e17831c2d0bcca5897c5b
15531,43e2cc7ff261723f93f64f3f7e9faa8d,a6f2945baeceeef4c8d541a22f6e99e9,SO73466,70,SH-W890-M,1,70,88077cf01a3e17831c2d0bcca5897c5b
15532,4c6ed4daa82e7326b84c24f4c2ae7064,b2ce0ef2540789e8a6976165b6c917d8,SO73307,769,BK-M38S-42,1,769,aa14ddbc43aa2d3be1e6ac019bb7b5bc
15532,4c6ed4daa82e7326b84c24f4c2ae7064,b2ce0ef2540789e8a6976165b6c917d8,SO73307,2,PK-7098,1,2,aa14ddbc43aa2d3be1e6ac019bb7b5bc
15532,4c6ed4daa82e7326b84c24f4c2ae7064,b2ce0ef2540789e8a6976165b6c917d8,SO73307,30,TI-M602,1,30,aa14ddbc43aa2d3be1e6ac019bb7b5bc
15532,4c6ed4daa82e7326b84c24f4c2ae7064,b2ce0ef2540789e8a6976165b6c917d8,SO73307,5,TT-M928,1,5,aa14ddbc43aa2d3be1e6ac019bb7b5bc
15532,cc2547b3671a031a723a4e3e241d0eed,8dc681f418bc4515c72be4c903645815,SO49442,1566,BK-R50B-60,2,1566,30aed1460184602b98a479b6418e474a
15533,c87874400b9f907bdf9ea37d75a4b341,23bd9a9b90557e9da7babfb8e3d2df22,SO64556,5,TT-M928,1,5,8b9fe4b34e3c54f08bfcac3d9691e260
15534,4364e5a7100b33d6b7420dc1168e3ded,1d94ce9f1e285f2d6cb6680691aed781,SO49234,1566,BK-R50R-48,2,1566,daac5732a7741792804c19340b534bae
15534,6866da5d40f1aad2d82129d5ffa25bda,b68fd63ca41d49bfc1b18251202c053f,SO65774,4640,BK-M68S-38,2,4640,eea5b3bd1bd5d5c62a1d22f78d3ba263
15534,6866da5d40f1aad2d82129d5ffa25bda,b68fd63ca41d49bfc1b18251202c053f,SO65774,22,FE-6654,1,22,eea5b3bd1bd5d5c62a1d22f78d3ba263
15534,6866da5d40f1aad2d82129d5ffa25bda,b68fd63ca41d49bfc1b18251202c053f,SO65774,48,GL-H102-M,2,48,eea5b3bd1bd5d5c62a1d22f78d3ba263
15534,6866da5d40f1aad2d82129d5ffa25bda,b68fd63ca41d49bfc1b18251202c053f,SO65774,150,LJ-0192-L,3,150,eea5b3bd1bd5d5c62a1d22f78d3ba263
15535,6b775fbfe9534ff161531d4406ebb878,6a98156d9aad5c7ca324267d73f9c9ca,SO49408,1566,BK-R50R-60,2,1566,efe1c5e6e4edb477ce15d36dad6bbea3
15535,e2f0a420a4c1a9e8e292761f835e0489,4eec6eda382b9c44e240ad4b4b5e9cc0,SO65604,4590,BK-M68B-38,2,4590,9d934f91c460e9947414d00048f2fa36
15535,e2f0a420a4c1a9e8e292761f835e0489,4eec6eda382b9c44e240ad4b4b5e9cc0,SO65604,22,FE-6654,1,22,9d934f91c460e9947414d00048f2fa36
15536,17520f5649fab40fb66771362888cb90,1faee5670542865e021595151379fe5c,SO70613,48,GL-H102-L,2,48,3f72b837978dcd042b73e7270f11a4ca
15536,17520f5649fab40fb66771362888cb90,1faee5670542865e021595151379fe5c,SO70613,105,HL-U509-B,3,105,3f72b837978dcd042b73e7270f11a4ca
15536,17520f5649fab40fb66771362888cb90,1faee5670542865e021595151379fe5c,SO70613,33,TI-R982,1,33,3f72b837978dcd042b73e7270f11a4ca
15536,17520f5649fab40fb66771362888cb90,1faee5670542865e021595151379fe5c,SO70613,4,TT-R982,1,4,3f72b837978dcd042b73e7270f11a4ca
15536,d27974ca95fd620ac92cf95bf8c1d1f2,4c6ed4daa82e7326b84c24f4c2ae7064,SO74184,105,HL-U509-B,3,105,3e107cd1554225ea3056ed5010adce90
15536,d27974ca95fd620ac92cf95bf8c1d1f2,4c6ed4daa82e7326b84c24f4c2ae7064,SO74184,35,TI-M823,1,35,3e107cd1554225ea3056ed5010adce90
15536,d27974ca95fd620ac92cf95bf8c1d1f2,4c6ed4daa82e7326b84c24f4c2ae7064,SO74184,5,TT-M928,1,5,3e107cd1554225ea3056ed5010adce90
15536,f46ace11e93788e473124f7be16a19d5,5c741aa8e0753be65314a304e7b39c14,SO62781,10,BC-M005,1,10,4555f65c4664801d78b9f5477f89d8fd
15536,f46ace11e93788e473124f7be16a19d5,5c741aa8e0753be65314a304e7b39c14,SO62781,64,VE-C304-S,1,64,4555f65c4664801d78b9f5477f89d8fd
15536,f46ace11e93788e473124f7be16a19d5,5c741aa8e0753be65314a304e7b39c14,SO62781,5,WB-H098,1,5,4555f65c4664801d78b9f5477f89d8fd
15537,4364e5a7100b33d6b7420dc1168e3ded,1d94ce9f1e285f2d6cb6680691aed781,SO49235,1566,BK-R50R-58,2,1566,daac5732a7741792804c19340b534bae
15537,5cbbe853aa1a5a1370f9a614904c4b15,86e0fc464cbb08ae74bd039224afec9a,SO73616,769,BK-M38S-42,1,769,47a161474962a6dcc03cfa64127a641f
15537,5cbbe853aa1a5a1370f9a614904c4b15,86e0fc464cbb08ae74bd039224afec9a,SO73616,27,CA-1098,3,27,47a161474962a6dcc03cfa64127a641f
15537,5cbbe853aa1a5a1370f9a614904c4b15,86e0fc464cbb08ae74bd039224afec9a,SO73616,70,SH-W890-M,1,70,47a161474962a6dcc03cfa64127a641f
15538,43e2cc7ff261723f93f64f3f7e9faa8d,a6f2945baeceeef4c8d541a22f6e99e9,SO73467,769,BK-M38S-42,1,769,88077cf01a3e17831c2d0bcca5897c5b
15538,43e2cc7ff261723f93f64f3f7e9faa8d,a6f2945baeceeef4c8d541a22f6e99e9,SO73467,8,CL-9009,1,8,88077cf01a3e17831c2d0bcca5897c5b
15538,43e2cc7ff261723f93f64f3f7e9faa8d,a6f2945baeceeef4c8d541a22f6e99e9,SO73467,30,TI-M602,1,30,88077cf01a3e17831c2d0bcca5897c5b
15538,43e2cc7ff261723f93f64f3f7e9faa8d,a6f2945baeceeef4c8d541a22f6e99e9,SO73467,5,TT-M928,1,5,88077cf01a3e17831c2d0bcca5897c5b
15538,cfcb9c0159ca1cf30a8521a2922136e4,ff2bf25190a8fcdee3d17552f1914d11,SO49430,1566,BK-R50R-44,2,1566,59b3bce956067f996be5f0ddd87e18c7
15539,0da2bc000f1fe4ea8746f9aea0bb5879,702a02712215141594ddf8e52b0a651c,SO68304,48,GL-H102-S,2,48,b34050290c25b0f7b52a2b8f767df87d
15539,0da2bc000f1fe4ea8746f9aea0bb5879,702a02712215141594ddf8e52b0a651c,SO68304,105,HL-U509-R,3,105,b34050290c25b0f7b52a2b8f767df87d
15539,0da2bc000f1fe4ea8746f9aea0bb5879,702a02712215141594ddf8e52b0a651c,SO68304,5,TT-M928,1,5,b34050290c25b0f7b52a2b8f767df87d
15540,6b775fbfe9534ff161531d4406ebb878,6a98156d9aad5c7ca324267d73f9c9ca,SO49399,1566,BK-R50B-44,2,1566,efe1c5e6e4edb477ce15d36dad6bbea3
15540,8e8847c1bdf012037ee13bb62da8a5c1,c507827aa5f4f6bbedf64058461c621b,SO67242,4640,BK-M68S-42,2,4640,6dd75c28a9a8a39e02bc0a175f82a9f3
15540,8e8847c1bdf012037ee13bb62da8a5c1,c507827aa5f4f6bbedf64058461c621b,SO67242,22,FE-6654,1,22,6dd75c28a9a8a39e02bc0a175f82a9f3
15541,7299e51cfc0d5174743a6701a8a96488,56d78836c9cf0de136c4d2d37aba2280,SO64754,22,FE-6654,1,22,58f0b42da53adeeccbfa693883fea672
15541,7299e51cfc0d5174743a6701a8a96488,56d78836c9cf0de136c4d2d37aba2280,SO64754,105,HL-U509-B,3,105,58f0b42da53adeeccbfa693883fea672
15541,7299e51cfc0d5174743a6701a8a96488,56d78836c9cf0de136c4d2d37aba2280,SO64754,5,TT-M928,1,5,58f0b42da53adeeccbfa693883fea672
15542,59b3bce956067f996be5f0ddd87e18c7,01e9454335c45aa6cdee165f2c25b3c0,SO49380,1566,BK-R50B-62,2,1566,8dc681f418bc4515c72be4c903645815
15542,e82ca4c6beebe812f10fa1041b97a160,9d934f91c460e9947414d00048f2fa36,SO66052,10,BC-M005,1,10,6d1d8a1c7851eb5a946d45009cea6d9f
15542,e82ca4c6beebe812f10fa1041b97a160,9d934f91c460e9947414d00048f2fa36,SO66052,4640,BK-M68S-46,2,4640,6d1d8a1c7851eb5a946d45009cea6d9f
15542,e82ca4c6beebe812f10fa1041b97a160,9d934f91c460e9947414d00048f2fa36,SO66052,5,WB-H098,1,5,6d1d8a1c7851eb5a946d45009cea6d9f
15543,36ab6f1df21f3c9a169c8942e981959a,058af5b2a408d57b708367e5bf4e9d9c,SO67661,30,TI-M602,1,30,8e8847c1bdf012037ee13bb62da8a5c1
15543,427ed6396fba4ed8ead9ec3229517d2b,3519c8eb4095dbc69d80eb61856d3435,SO56244,70,SH-W890-L,1,70,629ffff971d10f275a79a70fae527fbc
15543,427ed6396fba4ed8ead9ec3229517d2b,3519c8eb4095dbc69d80eb61856d3435,SO56244,9,SO-R809-M,1,9,629ffff971d10f275a79a70fae527fbc
15543,f88b3743a9ce1f9455b6de69380b486a,64cadfde6f66bc25043d0d69f5ae5471,SO66614,22,FE-6654,1,22,3dc63b2d6dcc8f0b6720b06b5439a0b1
15543,f88b3743a9ce1f9455b6de69380b486a,64cadfde6f66bc25043d0d69f5ae5471,SO66614,150,LJ-0192-S,3,150,3dc63b2d6dcc8f0b6720b06b5439a0b1
15544,8d71482745a6a1be4fbbc5562ade4657,089c2a426c196c5ca5facb20896c90bb,SO56928,22,FE-6654,1,22,d9f7611cf8d29b48a1d3d8fddb8c5b2e
15544,8d71482745a6a1be4fbbc5562ade4657,089c2a426c196c5ca5facb20896c90bb,SO56928,105,HL-U509,3,105,d9f7611cf8d29b48a1d3d8fddb8c5b2e
15544,8d71482745a6a1be4fbbc5562ade4657,089c2a426c196c5ca5facb20896c90bb,SO56928,150,LJ-0192-X,3,150,d9f7611cf8d29b48a1d3d8fddb8c5b2e
15544,8d71482745a6a1be4fbbc5562ade4657,089c2a426c196c5ca5facb20896c90bb,SO56928,5,TT-M928,1,5,d9f7611cf8d29b48a1d3d8fddb8c5b2e
15545,db2f6a564b6f5f41253c68874b50962b,76918877cf6ce7011018cd9708723392,SO62260,105,HL-U509-B,3,105,606ed413481267c98754e3351f662859
15545,db2f6a564b6f5f41253c68874b50962b,76918877cf6ce7011018cd9708723392,SO62260,5,TT-M928,1,5,606ed413481267c98754e3351f662859
15546,b0950d12c62d3aeda81b2e8d06f2aef4,e366e24b8ad0b1107528f2f58cd15a81,SO73360,105,HL-U509-R,3,105,a048b8d5f3f9178f163e2be055f0138b
15546,b0950d12c62d3aeda81b2e8d06f2aef4,e366e24b8ad0b1107528f2f58cd15a81,SO73360,5,TT-M928,1,5,a048b8d5f3f9178f163e2be055f0138b
15547,88b82588375bd49ab9a4c177ecf7af7b,4364e5a7100b33d6b7420dc1168e3ded,SO49350,1566,BK-R50R-52,2,1566,c6cff482661a9daa82c86dddcf00c0e4
15547,8babade0595c11e14dd89058a850f2cd,a048b8d5f3f9178f163e2be055f0138b,SO73912,769,BK-M38S-38,1,769,501407dcfde5b685045ca3072168d5bb
15547,8babade0595c11e14dd89058a850f2cd,a048b8d5f3f9178f163e2be055f0138b,SO73912,105,HL-U509,3,105,501407dcfde5b685045ca3072168d5bb
15548,0b80ce5eab877cae9997209e0bee6e60,a7cb0a760406e2013c8442a429fed0ae,SO51675,10,BC-M005,1,10,70ad7386c1fe794c57fa3908ff22435d
15548,0b80ce5eab877cae9997209e0bee6e60,a7cb0a760406e2013c8442a429fed0ae,SO51675,540,BK-M18B-44,1,540,70ad7386c1fe794c57fa3908ff22435d
15548,0b80ce5eab877cae9997209e0bee6e60,a7cb0a760406e2013c8442a429fed0ae,SO51675,5,WB-H098,1,5,70ad7386c1fe794c57fa3908ff22435d
15548,cfcb9c0159ca1cf30a8521a2922136e4,ff2bf25190a8fcdee3d17552f1914d11,SO49431,1566,BK-R50B-58,2,1566,59b3bce956067f996be5f0ddd87e18c7
15549,679eed5d77e30211eb990c0c13145df3,78cee6501c10922e466c02f814c8627b,SO51413,10,BC-M005,1,10,5b07cd2a9dfb9437a07ea3012d6efbb7
15549,679eed5d77e30211eb990c0c13145df3,78cee6501c10922e466c02f814c8627b,SO51413,565,BK-M18S-42,1,565,5b07cd2a9dfb9437a07ea3012d6efbb7
15550,0d3057f268050d468f468434f8ec809a,fd5ba6fdeb81e07b2caf0b103489bd8d,SO71970,5,TT-M928,1,5,921bc92a493b53f98f24e6a8a12801be
15551,30aed1460184602b98a479b6418e474a,4d61c9aac1c2415bf4aac434f815ed3a,SO49397,1566,BK-R50R-58,2,1566,88b82588375bd49ab9a4c177ecf7af7b
15551,4ef92eb2724526d42848579d94bf7748,6ccfb4540d439b07eef79e9ec663aeee,SO51252,565,BK-M18S-42,1,565,4c198b2e79c53a9853bfbc76e8e8ae1e
15551,4ef92eb2724526d42848579d94bf7748,6ccfb4540d439b07eef79e9ec663aeee,SO51252,2,PK-7098,1,2,4c198b2e79c53a9853bfbc76e8e8ae1e
15551,4ef92eb2724526d42848579d94bf7748,6ccfb4540d439b07eef79e9ec663aeee,SO51252,25,TI-M267,1,25,4c198b2e79c53a9853bfbc76e8e8ae1e
15552,30df06c098f61f2e78c2d0edb6e1b65a,83e4278f3d557c0bd5784b2bc83d617c,SO49369,1566,BK-R50B-52,2,1566,22ba60942e58ccfed22ed8a64ec86aa3
15552,bee2b842cd357511cf4c8e509f5af192,5dddb266d8c26eece51489fe90c9f47d,SO51645,10,BC-M005,1,10,20b851db79828c985958154243411278
15552,bee2b842cd357511cf4c8e509f5af192,5dddb266d8c26eece51489fe90c9f47d,SO51645,565,BK-M18S-48,1,565,20b851db79828c985958154243411278
15552,bee2b842cd357511cf4c8e509f5af192,5dddb266d8c26eece51489fe90c9f47d,SO51645,64,VE-C304-M,1,64,20b851db79828c985958154243411278
15552,bee2b842cd357511cf4c8e509f5af192,5dddb266d8c26eece51489fe90c9f47d,SO51645,5,WB-H098,1,5,20b851db79828c985958154243411278
15553,3500da16b6d3d0da611bc08c2b1e1c05,5f827524a01a15af1043fdb581ce224b,SO51309,10,BC-M005,1,10,070e7bb8852d69e16952038e5532904f
15553,3500da16b6d3d0da611bc08c2b1e1c05,5f827524a01a15af1043fdb581ce224b,SO51309,540,BK-M18B-48,1,540,070e7bb8852d69e16952038e5532904f
15553,3500da16b6d3d0da611bc08c2b1e1c05,5f827524a01a15af1043fdb581ce224b,SO51309,105,HL-U509-R,3,105,070e7bb8852d69e16952038e5532904f
15553,3500da16b6d3d0da611bc08c2b1e1c05,5f827524a01a15af1043fdb581ce224b,SO51309,5,WB-H098,1,5,070e7bb8852d69e16952038e5532904f
15553,59b3bce956067f996be5f0ddd87e18c7,01e9454335c45aa6cdee165f2c25b3c0,SO49381,1566,BK-R50B-58,2,1566,8dc681f418bc4515c72be4c903645815
15554,6f28d1f037e8b8040be9f35ba03516af,30aed1460184602b98a479b6418e474a,SO49611,1566,BK-R50B-52,2,1566,2a8c7f899adb0e29724a30c7fb9e8618
15554,ca510b577b53d588f80b4fc76030ea52,88f50aa0771fa4f938f7b54792e066c8,SO51626,10,BC-M005,1,10,01eb8a9956865747637639482336f5f8
15554,ca510b577b53d588f80b4fc76030ea52,88f50aa0771fa4f938f7b54792e066c8,SO51626,565,BK-M18S-44,1,565,01eb8a9956865747637639482336f5f8
15555,20b5e9ce0f87defd975a322149ec8cc6,9bbc713be22755b8ea8e3b596e06edd2,SO51487,10,BC-M005,1,10,679eed5d77e30211eb990c0c13145df3
15555,20b5e9ce0f87defd975a322149ec8cc6,9bbc713be22755b8ea8e3b596e06edd2,SO51487,565,BK-M18S-52,1,565,679eed5d77e30211eb990c0c13145df3
15555,20b5e9ce0f87defd975a322149ec8cc6,9bbc713be22755b8ea8e3b596e06edd2,SO51487,27,CA-1098,3,27,679eed5d77e30211eb990c0c13145df3
15555,20b5e9ce0f87defd975a322149ec8cc6,9bbc713be22755b8ea8e3b596e06edd2,SO51487,5,WB-H098,1,5,679eed5d77e30211eb990c0c13145df3
15555,b60afd1ea0dbefb3614f3f57badc2959,4d786e5d2e5c70a53e6895eb52019501,SO49736,1566,BK-R50R-52,2,1566,07f48468b4de047ab258a3d18df75f9d
15556,9223b53f03a405f817e91392f0294f6a,3e07f09fb2edbdf0bf6a54c17634514b,SO53820,10,BC-M005,1,10,14e4b13c27fb9bce9938ce35b6597eca
15556,9223b53f03a405f817e91392f0294f6a,3e07f09fb2edbdf0bf6a54c17634514b,SO53820,565,BK-M18S-52,1,565,14e4b13c27fb9bce9938ce35b6597eca
15556,9223b53f03a405f817e91392f0294f6a,3e07f09fb2edbdf0bf6a54c17634514b,SO53820,27,CA-1098,3,27,14e4b13c27fb9bce9938ce35b6597eca
15556,9223b53f03a405f817e91392f0294f6a,3e07f09fb2edbdf0bf6a54c17634514b,SO53820,5,WB-H098,1,5,14e4b13c27fb9bce9938ce35b6597eca
15557,1a957c2fc6360821c819775ff9ef6f7e,79e45486ec381a8d5022628ddaa21b8b,SO49629,1566,BK-R50R-62,2,1566,7a881e823dfa2748a8124f4b46b643af
15557,96a3262695f10a59b726f3dfd4782c4d,4c198b2e79c53a9853bfbc76e8e8ae1e,SO51363,10,BC-M005,1,10,07713adfd12a8cd9d376671631f3bc02
15557,96a3262695f10a59b726f3dfd4782c4d,4c198b2e79c53a9853bfbc76e8e8ae1e,SO51363,540,BK-M18B-40,1,540,07713adfd12a8cd9d376671631f3bc02
15557,96a3262695f10a59b726f3dfd4782c4d,4c198b2e79c53a9853bfbc76e8e8ae1e,SO51363,5,WB-H098,1,5,07713adfd12a8cd9d376671631f3bc02
15558,7c5572d8ea7717eb416a5478b1b0056f,59b3bce956067f996be5f0ddd87e18c7,SO49592,1566,BK-R50R-44,2,1566,cc2547b3671a031a723a4e3e241d0eed
15558,7f026edc73bd4602381834e9b850d6c2,eedd9be5500334505ed9d4aef801ac3d,SO52265,10,BC-M005,1,10,db2b287636ac5ebda430de4f3f643b24
15558,7f026edc73bd4602381834e9b850d6c2,eedd9be5500334505ed9d4aef801ac3d,SO52265,565,BK-M18S-48,1,565,db2b287636ac5ebda430de4f3f643b24
15558,7f026edc73bd4602381834e9b850d6c2,eedd9be5500334505ed9d4aef801ac3d,SO52265,5,WB-H098,1,5,db2b287636ac5ebda430de4f3f643b24
15559,072bf847aeeee970f66483e596496cd9,cfceb7490eff6e660974507be7c579c6,SO52633,10,BC-M005,1,10,dca79d69a6b38e95c4b03bfab997796c
15559,072bf847aeeee970f66483e596496cd9,cfceb7490eff6e660974507be7c579c6,SO52633,5,WB-H098,1,5,dca79d69a6b38e95c4b03bfab997796c
15559,478ecc8cdaa127c33884d9f6c72c2cd5,3fbd0407b55d3a3da21388a2ddbf881c,SO58621,22,FE-6654,1,22,174acf6ca4e9804d47a59a499422e621
15559,478ecc8cdaa127c33884d9f6c72c2cd5,3fbd0407b55d3a3da21388a2ddbf881c,SO58621,64,VE-C304-M,1,64,174acf6ca4e9804d47a59a499422e621
15559,714597fe9448176d17876617114a65bc,d6ec5bff1a0809822c740ce35792fa7a,SO53203,105,HL-U509-R,3,105,3143ce3c6436ed5bd25398756b7b661d
15559,714597fe9448176d17876617114a65bc,d6ec5bff1a0809822c740ce35792fa7a,SO53203,33,TI-R982,1,33,3143ce3c6436ed5bd25398756b7b661d
15559,714597fe9448176d17876617114a65bc,d6ec5bff1a0809822c740ce35792fa7a,SO53203,4,TT-R982,1,4,3143ce3c6436ed5bd25398756b7b661d
15560,0814775cfc25da756a9b4197347ab771,d76e0ba1fa041675ae9af958c5b41ae4,SO57811,5,TT-M928,1,5,de22d232bbe84481579f6252f1e7091d
15561,15699e35c72c4036c71409f3f3d69528,f5933feadc49c253e4f0e77b236946e9,SO53049,565,BK-M18S-40,1,565,deff8ad81a213d1110c1f409a7f40fcd
15561,15699e35c72c4036c71409f3f3d69528,f5933feadc49c253e4f0e77b236946e9,SO53049,2,PK-7098,1,2,deff8ad81a213d1110c1f409a7f40fcd
15561,15699e35c72c4036c71409f3f3d69528,f5933feadc49c253e4f0e77b236946e9,SO53049,25,TI-M267,1,25,deff8ad81a213d1110c1f409a7f40fcd
15561,7c5572d8ea7717eb416a5478b1b0056f,59b3bce956067f996be5f0ddd87e18c7,SO49593,1566,BK-R50R-44,2,1566,cc2547b3671a031a723a4e3e241d0eed
15562,3f9a1152bc048e6eb1f01994b7cf5f9d,17a27272d9d53953cbf6d182310e95ec,SO49796,1566,BK-R50B-62,2,1566,19fce68d7871e14df67c5940bc0ca8ab
15562,db2b287636ac5ebda430de4f3f643b24,7af7abc5e37d5fa2e2334b4fec2584e2,SO52004,540,BK-M18B-42,1,540,bee2b842cd357511cf4c8e509f5af192
15562,db2b287636ac5ebda430de4f3f643b24,7af7abc5e37d5fa2e2334b4fec2584e2,SO52004,25,TI-M267,1,25,bee2b842cd357511cf4c8e509f5af192
15563,691ad1b0dca3643b923973defd014d47,6dd75c28a9a8a39e02bc0a175f82a9f3,SO67798,105,HL-U509-R,3,105,9f1ff00ea8fd9fd8f2d421ba5ec45a18
15563,691ad1b0dca3643b923973defd014d47,6dd75c28a9a8a39e02bc0a175f82a9f3,SO67798,5,TT-M928,1,5,9f1ff00ea8fd9fd8f2d421ba5ec45a18
15564,0df76889b3e31ccfd17b50cc73baef03,debbb2493c6588799fc787e1854bcda5,SO58809,10,BC-M005,1,10,6eaadc1181f307997dc853d9ed40db36
15564,0df76889b3e31ccfd17b50cc73baef03,debbb2493c6588799fc787e1854bcda5,SO58809,22,FE-6654,1,22,6eaadc1181f307997dc853d9ed40db36
15564,0df76889b3e31ccfd17b50cc73baef03,debbb2493c6588799fc787e1854bcda5,SO58809,55,HY-1023-70,1,55,6eaadc1181f307997dc853d9ed40db36
15564,64cadfde6f66bc25043d0d69f5ae5471,18f358e551b5b85912bc952ab9894c0d,SO65826,10,BC-M005,1,10,8d1d4829b2e801ba4e41ba48f5a549d4
15564,64cadfde6f66bc25043d0d69f5ae5471,18f358e551b5b85912bc952ab9894c0d,SO65826,5,WB-H098,1,5,8d1d4829b2e801ba4e41ba48f5a549d4
15564,7a8e187aeb003f6e34c02a4d5b9b153e,2fe1a028f9398deb2efcd536c8246fae,SO63514,150,LJ-0192-M,3,150,ba19c22033aaecc6c5dad47f63e5858c
15564,7a8e187aeb003f6e34c02a4d5b9b153e,2fe1a028f9398deb2efcd536c8246fae,SO63514,33,TI-R982,1,33,ba19c22033aaecc6c5dad47f63e5858c
15564,7a8e187aeb003f6e34c02a4d5b9b153e,2fe1a028f9398deb2efcd536c8246fae,SO63514,4,TT-R982,1,4,ba19c22033aaecc6c5dad47f63e5858c
15565,2a8c7f899adb0e29724a30c7fb9e8618,88b82588375bd49ab9a4c177ecf7af7b,SO49566,1566,BK-R50B-58,2,1566,79e45486ec381a8d5022628ddaa21b8b
15565,7acd252f45ad6fe668386456a673d543,0120f4004ede1143c3be6caa4227affe,SO67183,4590,BK-M68B-42,2,4590,b322422d9a721bbdefa133133dd407c1
15565,7acd252f45ad6fe668386456a673d543,0120f4004ede1143c3be6caa4227affe,SO67183,22,FE-6654,1,22,b322422d9a721bbdefa133133dd407c1
15566,2ed3972e38245b633ec6b146c2970148,6477c205c5117a9448ba863e111acf32,SO61714,4590,BK-M68B-38,2,4590,2becb9647677a1a316b388bbad689580
15566,2ed3972e38245b633ec6b146c2970148,6477c205c5117a9448ba863e111acf32,SO61714,22,FE-6654,1,22,2becb9647677a1a316b388bbad689580
15566,2ed3972e38245b633ec6b146c2970148,6477c205c5117a9448ba863e111acf32,SO61714,48,GL-H102-L,2,48,2becb9647677a1a316b388bbad689580
15566,2ed3972e38245b633ec6b146c2970148,6477c205c5117a9448ba863e111acf32,SO61714,105,HL-U509-R,3,105,2becb9647677a1a316b388bbad689580
15566,2ed3972e38245b633ec6b146c2970148,6477c205c5117a9448ba863e111acf32,SO61714,54,SJ-0194-L,1,54,2becb9647677a1a316b388bbad689580
15566,a6f2945baeceeef4c8d541a22f6e99e9,d5985f40495ba672dff8a99620b879c8,SO72567,2384,BK-T79Y-54,1,2384,95a2a9aefc393f8630e934768cacf4cd
15566,a6f2945baeceeef4c8d541a22f6e99e9,d5985f40495ba672dff8a99620b879c8,SO72567,27,CA-1098,3,27,95a2a9aefc393f8630e934768cacf4cd
15566,a6f2945baeceeef4c8d541a22f6e99e9,d5985f40495ba672dff8a99620b879c8,SO72567,55,HY-1023-70,1,55,95a2a9aefc393f8630e934768cacf4cd
15566,a6f2945baeceeef4c8d541a22f6e99e9,d5985f40495ba672dff8a99620b879c8,SO72567,29,TI-T723,1,29,95a2a9aefc393f8630e934768cacf4cd
15566,a6f2945baeceeef4c8d541a22f6e99e9,d5985f40495ba672dff8a99620b879c8,SO72567,5,TT-T092,1,5,95a2a9aefc393f8630e934768cacf4cd
15567,2fe1a028f9398deb2efcd536c8246fae,9913e55755fcc4267a06c1e6adbbc7fb,SO62619,4590,BK-M68B-38,2,4590,8dd08d219271ec96c543f486de430703
15567,2fe1a028f9398deb2efcd536c8246fae,9913e55755fcc4267a06c1e6adbbc7fb,SO62619,8,CL-9009,1,8,8dd08d219271ec96c543f486de430703
15567,2fe1a028f9398deb2efcd536c8246fae,9913e55755fcc4267a06c1e6adbbc7fb,SO62619,22,FE-6654,1,22,8dd08d219271ec96c543f486de430703
15567,2fe1a028f9398deb2efcd536c8246fae,9913e55755fcc4267a06c1e6adbbc7fb,SO62619,2,PK-7098,1,2,8dd08d219271ec96c543f486de430703
15567,a6f2945baeceeef4c8d541a22f6e99e9,d5985f40495ba672dff8a99620b879c8,SO72566,9,BC-R205,1,9,95a2a9aefc393f8630e934768cacf4cd
15567,a6f2945baeceeef4c8d541a22f6e99e9,d5985f40495ba672dff8a99620b879c8,SO72566,2384,BK-T79Y-46,1,2384,95a2a9aefc393f8630e934768cacf4cd
15568,3f9a1152bc048e6eb1f01994b7cf5f9d,17a27272d9d53953cbf6d182310e95ec,SO49797,1566,BK-R50R-48,2,1566,19fce68d7871e14df67c5940bc0ca8ab
15568,8e8847c1bdf012037ee13bb62da8a5c1,c507827aa5f4f6bbedf64058461c621b,SO67240,10,BC-M005,1,10,6dd75c28a9a8a39e02bc0a175f82a9f3
15568,8e8847c1bdf012037ee13bb62da8a5c1,c507827aa5f4f6bbedf64058461c621b,SO67240,4640,BK-M68S-42,2,4640,6dd75c28a9a8a39e02bc0a175f82a9f3
15569,0001ffe4d82d0d8f9fec5ab0b4faa2db,3dc63b2d6dcc8f0b6720b06b5439a0b1,SO67066,4590,BK-M68B-38,2,4590,4004a117f65dfd3221a9cce8fce5a45f
15569,b60afd1ea0dbefb3614f3f57badc2959,4d786e5d2e5c70a53e6895eb52019501,SO49735,1566,BK-R50B-52,2,1566,07f48468b4de047ab258a3d18df75f9d
15570,6d44506d59926d8d13d35f75d97f2a64,deff8ad81a213d1110c1f409a7f40fcd,SO53436,540,BK-M18B-42,1,540,f476906875bc5d9abe836b4ea1f485c1
15570,6d44506d59926d8d13d35f75d97f2a64,deff8ad81a213d1110c1f409a7f40fcd,SO53436,22,FE-6654,1,22,f476906875bc5d9abe836b4ea1f485c1
15570,bfe24702a7cb81c4620880adb1bf9ffe,ac203ebd768c37b8ea6931e800115ae2,SO49771,1566,BK-R50B-52,2,1566,5b52026be4438e7bdff7efad86b3d446
15571,361e2c62255e0c1887ac2139911ca300,20b5e9ce0f87defd975a322149ec8cc6,SO51890,2,PK-7098,1,2,eedd9be5500334505ed9d4aef801ac3d
15571,361e2c62255e0c1887ac2139911ca300,20b5e9ce0f87defd975a322149ec8cc6,SO51890,33,TI-R982,1,33,eedd9be5500334505ed9d4aef801ac3d
15571,6e32728b966bb91cefefa1316da21ca8,b322422d9a721bbdefa133133dd407c1,SO67729,22,FE-6654,1,22,de5009f9bf3e9725d2381f4a5e913111
15571,6e32728b966bb91cefefa1316da21ca8,b322422d9a721bbdefa133133dd407c1,SO67729,105,HL-U509,3,105,de5009f9bf3e9725d2381f4a5e913111
15571,b21e833d3ead6056f1265f13fe1ff015,7983129d9883ebc3b9dce3311996b001,SO60583,10,BC-M005,1,10,4804ee33768b143d9706052696f7dfbd
15572,0d15ba5aa4c9ad0377b26e0cf7a86280,b21e833d3ead6056f1265f13fe1ff015,SO61453,10,BC-M005,1,10,4a70a3ec50fd16032883bf6fc79c55dd
15572,0d15ba5aa4c9ad0377b26e0cf7a86280,b21e833d3ead6056f1265f13fe1ff015,SO61453,105,HL-U509,3,105,4a70a3ec50fd16032883bf6fc79c55dd
15572,0d15ba5aa4c9ad0377b26e0cf7a86280,b21e833d3ead6056f1265f13fe1ff015,SO61453,5,WB-H098,1,5,4a70a3ec50fd16032883bf6fc79c55dd
15572,b0241b451647f25db5f52074445d820c,7a8e187aeb003f6e34c02a4d5b9b153e,SO64280,22,FE-6654,1,22,56d78836c9cf0de136c4d2d37aba2280
15572,fe1fd19c021e78ec395980c2e347865e,16e364d19895243407b256ec272d5394,SO68355,33,TI-R982,1,33,63efdd3324df66c9965bd622cdebe06a
15573,691ad1b0dca3643b923973defd014d47,6dd75c28a9a8a39e02bc0a175f82a9f3,SO67797,5,TT-M928,1,5,9f1ff00ea8fd9fd8f2d421ba5ec45a18
15574,88d8e3ff674b1514a19b24621707f0d9,ca5b8307fa5f2189fb98330a9d65927c,SO74456,2,PK-7098,1,2,df09a3a727ac0f29208c5ef3bf7625e6
15574,88d8e3ff674b1514a19b24621707f0d9,ca5b8307fa5f2189fb98330a9d65927c,SO74456,120,RA-H123,1,120,df09a3a727ac0f29208c5ef3bf7625e6
15574,88d8e3ff674b1514a19b24621707f0d9,ca5b8307fa5f2189fb98330a9d65927c,SO74456,5,TT-M928,1,5,df09a3a727ac0f29208c5ef3bf7625e6
15575,41ef6b06b63ba4f6a5234245a439b157,c4c454d69a39e60a6f5cf2f97148adad,SO72626,769,BK-M38S-40,1,769,545a3d56d20b22e09aa85bfa5ed8738d
15575,41ef6b06b63ba4f6a5234245a439b157,c4c454d69a39e60a6f5cf2f97148adad,SO72626,70,SH-W890-S,1,70,545a3d56d20b22e09aa85bfa5ed8738d
15575,af04e65ff21d922e75b51466fd45d408,fcf706c3e0fe93da0b11cc32b98eb22b,SO50346,4142,BK-M68S-42,2,4142,b60bd79b871d7c3345674370fa4dda03
15576,705fa39ab40831529471c768490339ab,63efdd3324df66c9965bd622cdebe06a,SO68861,4590,BK-M68B-42,2,4590,4584ca349e0920f4436a3c2f36158b85
15576,f5d822432c5ffbc58e8bd3ffc7607c1b,2d3821c62d6665c47296272022e338e1,SO50603,4098,BK-M68B-42,2,4098,9af1e473046ebbc43d1ad2aa50b49777
15577,bc761b2b7297029a695fbd6dd0470724,fef3080ec197edd1a04bb18afd31d16d,SO55613,27,CA-1098,3,27,9b6872ca1d80024637e967d1066bba0a
15577,bc761b2b7297029a695fbd6dd0470724,fef3080ec197edd1a04bb18afd31d16d,SO55613,150,LJ-0192-M,3,150,9b6872ca1d80024637e967d1066bba0a
15577,bc761b2b7297029a695fbd6dd0470724,fef3080ec197edd1a04bb18afd31d16d,SO55613,25,TI-R628,1,25,9b6872ca1d80024637e967d1066bba0a
15577,d4746e41b619da57ee9f1a2e2cc254e8,81a5d08c6beaeec9e42baae5d63dd780,SO64061,48,GL-H102-S,2,48,23bd9a9b90557e9da7babfb8e3d2df22
15577,d4746e41b619da57ee9f1a2e2cc254e8,81a5d08c6beaeec9e42baae5d63dd780,SO64061,105,HL-U509-B,3,105,23bd9a9b90557e9da7babfb8e3d2df22
15578,7f480de9e8eb6071d108895ecf71651d,af04e65ff21d922e75b51466fd45d408,SO50483,4142,BK-M68S-38,2,4142,727839743fd8ddb93101d7c79edd3f76
15578,962bae2fb03296a3b9cacabfa929322c,0da2bc000f1fe4ea8746f9aea0bb5879,SO69135,4640,BK-M68S-46,2,4640,c4369eefdf9bb8a3f9115e96b40aaf17
15578,962bae2fb03296a3b9cacabfa929322c,0da2bc000f1fe4ea8746f9aea0bb5879,SO69135,55,HY-1023-70,1,55,c4369eefdf9bb8a3f9115e96b40aaf17
15578,962bae2fb03296a3b9cacabfa929322c,0da2bc000f1fe4ea8746f9aea0bb5879,SO69135,64,VE-C304-L,1,64,c4369eefdf9bb8a3f9115e96b40aaf17
15579,0dc34ca2aaa8612cde077f1880b78b25,361e2c62255e0c1887ac2139911ca300,SO52477,10,BC-M005,1,10,7f026edc73bd4602381834e9b850d6c2
15579,40e7dd73b09eac540e790daf6fac41af,14e4b13c27fb9bce9938ce35b6597eca,SO54150,25,TI-R628,1,25,3f20f21c57e09a6c071e44d1fe74b58a
15580,18ed686c4efc5757b5c809cfcc456ce1,c9e159941f9c2ce8daa7b4737e7f8552,SO50333,4142,BK-M68S-38,2,4142,decf9fc89a1038c423f1bef01a953ac9
15580,a048b8d5f3f9178f163e2be055f0138b,c83e871e48c2716e0f28e60d166a5c98,SO73016,769,BK-M38S-46,1,769,41ef6b06b63ba4f6a5234245a439b157
15580,a048b8d5f3f9178f163e2be055f0138b,c83e871e48c2716e0f28e60d166a5c98,SO73016,70,SH-W890-M,1,70,41ef6b06b63ba4f6a5234245a439b157
15581,a1fedb8f5f2e08543339a5f167bee6b7,8b9fe4b34e3c54f08bfcac3d9691e260,SO64952,105,HL-U509-B,3,105,4eec6eda382b9c44e240ad4b4b5e9cc0
15581,a1fedb8f5f2e08543339a5f167bee6b7,8b9fe4b34e3c54f08bfcac3d9691e260,SO64952,25,TI-R628,1,25,4eec6eda382b9c44e240ad4b4b5e9cc0
15581,a1fedb8f5f2e08543339a5f167bee6b7,8b9fe4b34e3c54f08bfcac3d9691e260,SO64952,4,TT-R982,1,4,4eec6eda382b9c44e240ad4b4b5e9cc0
15581,f75e5f8c15ca91ec5c869dc3881f574f,3a23b248b732af434a45fce0302aa11f,SO63889,10,BC-M005,1,10,03bf7d2a8718ee9aca4bd2f37e962fc4
15581,f75e5f8c15ca91ec5c869dc3881f574f,3a23b248b732af434a45fce0302aa11f,SO63889,105,HL-U509-R,3,105,03bf7d2a8718ee9aca4bd2f37e962fc4
15581,f75e5f8c15ca91ec5c869dc3881f574f,3a23b248b732af434a45fce0302aa11f,SO63889,5,WB-H098,1,5,03bf7d2a8718ee9aca4bd2f37e962fc4
15582,7dc1c03103798a474aa763047623df54,7b6fb99e007535aabcd19741210af47d,SO50655,4098,BK-M68B-38,2,4098,35a6fa1efa2ccca1297564c53a3633af
15582,86e0fc464cbb08ae74bd039224afec9a,38c9e5d1e366b4c5c36aae682bc960c4,SO72709,769,BK-M38S-38,1,769,8920fd63645007b243abb750709b1172
15582,86e0fc464cbb08ae74bd039224afec9a,38c9e5d1e366b4c5c36aae682bc960c4,SO72709,54,SJ-0194-X,1,54,8920fd63645007b243abb750709b1172
15582,86e0fc464cbb08ae74bd039224afec9a,38c9e5d1e366b4c5c36aae682bc960c4,SO72709,30,TI-M602,1,30,8920fd63645007b243abb750709b1172
15582,86e0fc464cbb08ae74bd039224afec9a,38c9e5d1e366b4c5c36aae682bc960c4,SO72709,5,WB-H098,1,5,8920fd63645007b243abb750709b1172
15583,ad0b7f5ad35732646f1e5f67418d5995,244cede513841376c37dc856f2f5e7b9,SO59280,105,HL-U509-R,3,105,0df76889b3e31ccfd17b50cc73baef03
15583,c885741a5e3e55c84950327011b70289,7e15f50bd26e439e6a22f5205a8064db,SO68625,2,PK-7098,1,2,0da2bc000f1fe4ea8746f9aea0bb5879
15583,c885741a5e3e55c84950327011b70289,7e15f50bd26e439e6a22f5205a8064db,SO68625,25,TI-R628,1,25,0da2bc000f1fe4ea8746f9aea0bb5879
15583,c885741a5e3e55c84950327011b70289,7e15f50bd26e439e6a22f5205a8064db,SO68625,4,TT-R982,1,4,0da2bc000f1fe4ea8746f9aea0bb5879
15584,ca5b8307fa5f2189fb98330a9d65927c,88077cf01a3e17831c2d0bcca5897c5b,SO73943,2,PK-7098,1,2,5cbbe853aa1a5a1370f9a614904c4b15
15584,ca5b8307fa5f2189fb98330a9d65927c,88077cf01a3e17831c2d0bcca5897c5b,SO73943,25,TI-R628,1,25,5cbbe853aa1a5a1370f9a614904c4b15
15584,d34ba8f5d7fd7d5959a34c283fbec422,9c56075241a26f6fa77eb86b15411c6e,SO55040,105,HL-U509-B,3,105,ac15b60491fe99190c0248790e690757
15585,8d35d0f6487ae6100c95dad89a4a414f,6e3dbba03ae025e8c1552d05a28ddae3,SO50584,4098,BK-M68B-38,2,4098,650b814e9875ec60f087b34f3fe85282
15585,fe1fd19c021e78ec395980c2e347865e,16e364d19895243407b256ec272d5394,SO68383,10,BC-M005,1,10,63efdd3324df66c9965bd622cdebe06a
15585,fe1fd19c021e78ec395980c2e347865e,16e364d19895243407b256ec272d5394,SO68383,4590,BK-M68B-42,2,4590,63efdd3324df66c9965bd622cdebe06a
15585,fe1fd19c021e78ec395980c2e347865e,16e364d19895243407b256ec272d5394,SO68383,8,CL-9009,1,8,63efdd3324df66c9965bd622cdebe06a
15585,fe1fd19c021e78ec395980c2e347865e,16e364d19895243407b256ec272d5394,SO68383,5,WB-H098,1,5,63efdd3324df66c9965bd622cdebe06a
15586,1022f3e1145b30057972239301ce3382,90f30c53e79c8b6bcde12e74a091432c,SO50635,4142,BK-M68S-46,2,4142,8d35d0f6487ae6100c95dad89a4a414f
15586,de5009f9bf3e9725d2381f4a5e913111,2296af5563b2061aa1d88124a37eecb7,SO67389,10,BC-M005,1,10,a1d0c0a14c6c8f8a8ef8220209c23a64
15586,de5009f9bf3e9725d2381f4a5e913111,2296af5563b2061aa1d88124a37eecb7,SO67389,4640,BK-M68S-46,2,4640,a1d0c0a14c6c8f8a8ef8220209c23a64
15586,de5009f9bf3e9725d2381f4a5e913111,2296af5563b2061aa1d88124a37eecb7,SO67389,27,CA-1098,3,27,a1d0c0a14c6c8f8a8ef8220209c23a64
15586,de5009f9bf3e9725d2381f4a5e913111,2296af5563b2061aa1d88124a37eecb7,SO67389,54,SJ-0194-M,1,54,a1d0c0a14c6c8f8a8ef8220209c23a64
15586,de5009f9bf3e9725d2381f4a5e913111,2296af5563b2061aa1d88124a37eecb7,SO67389,5,WB-H098,1,5,a1d0c0a14c6c8f8a8ef8220209c23a64
15587,9af1e473046ebbc43d1ad2aa50b49777,5d8c6714b72d01c132804ea13b83dd02,SO50545,4142,BK-M68S-42,2,4142,e7474cc4160afe50284f7f7c3679b3c1
15587,e5114f65ece65e14e7b721dab1e674e0,c7390752782466cfc9a3ed7d3a79e046,SO68720,4590,BK-M68B-42,2,4590,fe1fd19c021e78ec395980c2e347865e
15587,e5114f65ece65e14e7b721dab1e674e0,c7390752782466cfc9a3ed7d3a79e046,SO68720,22,FE-6654,1,22,fe1fd19c021e78ec395980c2e347865e
15587,e5114f65ece65e14e7b721dab1e674e0,c7390752782466cfc9a3ed7d3a79e046,SO68720,105,HL-U509-B,3,105,fe1fd19c021e78ec395980c2e347865e
15588,8242bea4faa7e8112c9c701d437fbe67,52bde41d0f4e244c3d741707e5f19618,SO50397,4098,BK-M68B-42,2,4098,18ed686c4efc5757b5c809cfcc456ce1
15588,962bae2fb03296a3b9cacabfa929322c,0da2bc000f1fe4ea8746f9aea0bb5879,SO69136,4590,BK-M68B-38,2,4590,c4369eefdf9bb8a3f9115e96b40aaf17
15588,962bae2fb03296a3b9cacabfa929322c,0da2bc000f1fe4ea8746f9aea0bb5879,SO69136,22,FE-6654,1,22,c4369eefdf9bb8a3f9115e96b40aaf17
15588,962bae2fb03296a3b9cacabfa929322c,0da2bc000f1fe4ea8746f9aea0bb5879,SO69136,120,RA-H123,1,120,c4369eefdf9bb8a3f9115e96b40aaf17
15589,1022f3e1145b30057972239301ce3382,90f30c53e79c8b6bcde12e74a091432c,SO50636,4142,BK-M68S-42,2,4142,8d35d0f6487ae6100c95dad89a4a414f
15589,16e364d19895243407b256ec272d5394,4004a117f65dfd3221a9cce8fce5a45f,SO67630,10,BC-M005,1,10,7acd252f45ad6fe668386456a673d543
15589,16e364d19895243407b256ec272d5394,4004a117f65dfd3221a9cce8fce5a45f,SO67630,4590,BK-M68B-38,2,4590,7acd252f45ad6fe668386456a673d543
15589,16e364d19895243407b256ec272d5394,4004a117f65dfd3221a9cce8fce5a45f,SO67630,105,HL-U509,3,105,7acd252f45ad6fe668386456a673d543
15589,16e364d19895243407b256ec272d5394,4004a117f65dfd3221a9cce8fce5a45f,SO67630,5,WB-H098,1,5,7acd252f45ad6fe668386456a673d543
15590,f7b0a9ecc2f6023330b7a948b9e76688,8092e44fa2e2a2ee34e25210038fe274,SO50612,4098,BK-M68B-38,2,4098,c8f4a6002944b338d50dcc7eb3b056c8
15590,fff3c307c93eda1eb91d53ca588846fe,4584ca349e0920f4436a3c2f36158b85,SO69378,4640,BK-M68S-38,2,4640,70951886788165a5e2439adfce4d0cce
15590,fff3c307c93eda1eb91d53ca588846fe,4584ca349e0920f4436a3c2f36158b85,SO69378,22,FE-6654,1,22,70951886788165a5e2439adfce4d0cce
15590,fff3c307c93eda1eb91d53ca588846fe,4584ca349e0920f4436a3c2f36158b85,SO69378,9,SO-R809-M,1,9,70951886788165a5e2439adfce4d0cce
15590,fff3c307c93eda1eb91d53ca588846fe,4584ca349e0920f4436a3c2f36158b85,SO69378,35,TI-M823,1,35,70951886788165a5e2439adfce4d0cce
15590,fff3c307c93eda1eb91d53ca588846fe,4584ca349e0920f4436a3c2f36158b85,SO69378,5,TT-M928,1,5,70951886788165a5e2439adfce4d0cce
15591,4584ca349e0920f4436a3c2f36158b85,6e32728b966bb91cefefa1316da21ca8,SO68522,4590,BK-M68B-38,2,4590,ca38f30e56a72f4d0c8d2264322c5862
15591,4584ca349e0920f4436a3c2f36158b85,6e32728b966bb91cefefa1316da21ca8,SO68522,2,PK-7098,1,2,ca38f30e56a72f4d0c8d2264322c5862
15591,cbb00636032a355ee463d321ac8ee9fb,f8fc91862dc66c3aaaa0e65ff94d1479,SO50382,4098,BK-M68B-42,2,4098,f1877c1756a68271d12db39ddc87dad7
15592,2296af5563b2061aa1d88124a37eecb7,6866da5d40f1aad2d82129d5ffa25bda,SO66515,105,HL-U509-R,3,105,05e7920e8caf0303dc01b77666952b75
15592,9f79f7706bc6a7654ef0b8977966f69a,e2f7ff887646789ea003d03bc2025325,SO52114,25,TI-R628,1,25,361e2c62255e0c1887ac2139911ca300
15593,1685ca8ff12ea83725a1c35e1d89c5cd,15699e35c72c4036c71409f3f3d69528,SO53833,105,HL-U509,3,105,6d44506d59926d8d13d35f75d97f2a64
15593,1685ca8ff12ea83725a1c35e1d89c5cd,15699e35c72c4036c71409f3f3d69528,SO53833,54,SJ-0194-S,1,54,6d44506d59926d8d13d35f75d97f2a64
15593,db2f6a564b6f5f41253c68874b50962b,76918877cf6ce7011018cd9708723392,SO62234,2,PK-7098,1,2,606ed413481267c98754e3351f662859
15593,db2f6a564b6f5f41253c68874b50962b,76918877cf6ce7011018cd9708723392,SO62234,25,TI-R628,1,25,606ed413481267c98754e3351f662859
15594,3e107cd1554225ea3056ed5010adce90,aa14ddbc43aa2d3be1e6ac019bb7b5bc,SO73800,105,HL-U509-R,3,105,43e2cc7ff261723f93f64f3f7e9faa8d
15594,bb858b10001c01aea17b4e635d0662a2,d612b5fb3f6011688fb0c9927693365a,SO74754,2,PK-7098,1,2,2fb09097185e604aaadbfde958fd6262
15594,bb858b10001c01aea17b4e635d0662a2,d612b5fb3f6011688fb0c9927693365a,SO74754,25,TI-R628,1,25,2fb09097185e604aaadbfde958fd6262
15594,bb858b10001c01aea17b4e635d0662a2,d612b5fb3f6011688fb0c9927693365a,SO74754,4,TT-R982,1,4,2fb09097185e604aaadbfde958fd6262
15595,18ed686c4efc5757b5c809cfcc456ce1,c9e159941f9c2ce8daa7b4737e7f8552,SO50334,4098,BK-M68B-42,2,4098,decf9fc89a1038c423f1bef01a953ac9
15595,691ad1b0dca3643b923973defd014d47,6dd75c28a9a8a39e02bc0a175f82a9f3,SO67829,4640,BK-M68S-38,2,4640,9f1ff00ea8fd9fd8f2d421ba5ec45a18
15596,3fe686907939d07097f6c87f08025422,8eb7a1b0dba9fdd5f4248b9cb6b9119b,SO69072,10,BC-M005,1,10,e5114f65ece65e14e7b721dab1e674e0
15596,3fe686907939d07097f6c87f08025422,8eb7a1b0dba9fdd5f4248b9cb6b9119b,SO69072,4640,BK-M68S-38,2,4640,e5114f65ece65e14e7b721dab1e674e0
15596,3fe686907939d07097f6c87f08025422,8eb7a1b0dba9fdd5f4248b9cb6b9119b,SO69072,22,FE-6654,1,22,e5114f65ece65e14e7b721dab1e674e0
15596,3fe686907939d07097f6c87f08025422,8eb7a1b0dba9fdd5f4248b9cb6b9119b,SO69072,54,SJ-0194-S,1,54,e5114f65ece65e14e7b721dab1e674e0
15596,3fe686907939d07097f6c87f08025422,8eb7a1b0dba9fdd5f4248b9cb6b9119b,SO69072,5,WB-H098,1,5,e5114f65ece65e14e7b721dab1e674e0
15596,f7b0a9ecc2f6023330b7a948b9e76688,8092e44fa2e2a2ee34e25210038fe274,SO50613,4098,BK-M68B-42,2,4098,c8f4a6002944b338d50dcc7eb3b056c8
15597,705fa39ab40831529471c768490339ab,63efdd3324df66c9965bd622cdebe06a,SO68870,4640,BK-M68S-42,2,4640,4584ca349e0920f4436a3c2f36158b85
15597,9af1e473046ebbc43d1ad2aa50b49777,5d8c6714b72d01c132804ea13b83dd02,SO50546,4142,BK-M68S-42,2,4142,e7474cc4160afe50284f7f7c3679b3c1
15598,cd15e5f80ff20dd345bfaa51400dd0d6,3a2f313512bb520c43971e54ba834dec,SO66649,10,BC-M005,1,10,4efe8b2ca156042f8a3d8dd6aba54520
15598,cd15e5f80ff20dd345bfaa51400dd0d6,3a2f313512bb520c43971e54ba834dec,SO66649,105,HL-U509-B,3,105,4efe8b2ca156042f8a3d8dd6aba54520
15598,cd15e5f80ff20dd345bfaa51400dd0d6,3a2f313512bb520c43971e54ba834dec,SO66649,5,WB-H098,1,5,4efe8b2ca156042f8a3d8dd6aba54520
15598,dcf73f840a50da0145f24e8e0169dc4b,2797a91b25bc2aa85124c99bc574dc83,SO72003,105,HL-U509-B,3,105,d5985f40495ba672dff8a99620b879c8
15598,dcf73f840a50da0145f24e8e0169dc4b,2797a91b25bc2aa85124c99bc574dc83,SO72003,54,SJ-0194-M,1,54,d5985f40495ba672dff8a99620b879c8
15598,dcf73f840a50da0145f24e8e0169dc4b,2797a91b25bc2aa85124c99bc574dc83,SO72003,25,TI-R628,1,25,d5985f40495ba672dff8a99620b879c8
15598,dcf73f840a50da0145f24e8e0169dc4b,2797a91b25bc2aa85124c99bc574dc83,SO72003,4,TT-R982,1,4,d5985f40495ba672dff8a99620b879c8
15599,d27974ca95fd620ac92cf95bf8c1d1f2,4c6ed4daa82e7326b84c24f4c2ae7064,SO74150,2,PK-7098,1,2,3e107cd1554225ea3056ed5010adce90
15599,d27974ca95fd620ac92cf95bf8c1d1f2,4c6ed4daa82e7326b84c24f4c2ae7064,SO74150,25,TI-R628,1,25,3e107cd1554225ea3056ed5010adce90
15599,d27974ca95fd620ac92cf95bf8c1d1f2,4c6ed4daa82e7326b84c24f4c2ae7064,SO74150,4,TT-R982,1,4,3e107cd1554225ea3056ed5010adce90
15599,ed268f8f3837888893f896b7240f1254,a9cefc49af6424b430612adfc69876ee,SO56438,10,BC-M005,1,10,6353a8421ee460b64f2c988cc72a8391
15599,ed268f8f3837888893f896b7240f1254,a9cefc49af6424b430612adfc69876ee,SO56438,105,HL-U509,3,105,6353a8421ee460b64f2c988cc72a8391
15599,ed268f8f3837888893f896b7240f1254,a9cefc49af6424b430612adfc69876ee,SO56438,5,WB-H098,1,5,6353a8421ee460b64f2c988cc72a8391
15600,34ac3f5a318d1a93a8a4ad7dfac9fb98,74a9ea32186ec3a0b0657cef3f2b687f,SO50356,4142,BK-M68S-42,2,4142,e488a84b1e74148f72971289cb4e1be9
15600,962bae2fb03296a3b9cacabfa929322c,0da2bc000f1fe4ea8746f9aea0bb5879,SO69143,4640,BK-M68S-42,2,4640,c4369eefdf9bb8a3f9115e96b40aaf17
15600,962bae2fb03296a3b9cacabfa929322c,0da2bc000f1fe4ea8746f9aea0bb5879,SO69143,159,ST-1401,1,159,c4369eefdf9bb8a3f9115e96b40aaf17
15600,962bae2fb03296a3b9cacabfa929322c,0da2bc000f1fe4ea8746f9aea0bb5879,SO69143,35,TI-M823,1,35,c4369eefdf9bb8a3f9115e96b40aaf17
15600,962bae2fb03296a3b9cacabfa929322c,0da2bc000f1fe4ea8746f9aea0bb5879,SO69143,5,TT-M928,1,5,c4369eefdf9bb8a3f9115e96b40aaf17
15601,35a6fa1efa2ccca1297564c53a3633af,7f480de9e8eb6071d108895ecf71651d,SO50594,4098,BK-M68B-42,2,4098,060e60684e6fb7ae3c79db1e8c889417
15601,4584ca349e0920f4436a3c2f36158b85,6e32728b966bb91cefefa1316da21ca8,SO68523,4590,BK-M68B-38,2,4590,ca38f30e56a72f4d0c8d2264322c5862
15601,4584ca349e0920f4436a3c2f36158b85,6e32728b966bb91cefefa1316da21ca8,SO68523,22,FE-6654,1,22,ca38f30e56a72f4d0c8d2264322c5862
15601,4584ca349e0920f4436a3c2f36158b85,6e32728b966bb91cefefa1316da21ca8,SO68523,64,VE-C304-L,1,64,ca38f30e56a72f4d0c8d2264322c5862
15602,5432d51ee94799c0125bb158c8a8bd22,545a3d56d20b22e09aa85bfa5ed8738d,SO73107,105,HL-U509,3,105,9592b44e2c3f304a9875f45537bec6eb
15602,883b9b4170853b321c03290f64ba199f,412998e77ee121227580e3d363f75fa2,SO60641,25,TI-R628,1,25,af1457846a79173ef71dd9d5dd69805a
15602,883b9b4170853b321c03290f64ba199f,412998e77ee121227580e3d363f75fa2,SO60641,4,TT-R982,1,4,af1457846a79173ef71dd9d5dd69805a
15603,3c8e2c51453f4d665f1050da871dead6,1f50dad3f1493a5cf408c4eb3987479e,SO55387,25,TI-R628,1,25,d34ba8f5d7fd7d5959a34c283fbec422
15603,94b225b5b1f09ecd5e8ecdfb681ff04c,03bf7d2a8718ee9aca4bd2f37e962fc4,SO64302,10,BC-M005,1,10,61e00b038efd34bdf9c747596273cbcf
15603,94b225b5b1f09ecd5e8ecdfb681ff04c,03bf7d2a8718ee9aca4bd2f37e962fc4,SO64302,5,WB-H098,1,5,61e00b038efd34bdf9c747596273cbcf
15604,013f173c58073e845f675d26fdde1918,ccb91034934bb047c5f6a32eb289b95b,SO60524,2,PK-7098,1,2,d6fb379288416774d139632beb88e26b
15604,013f173c58073e845f675d26fdde1918,ccb91034934bb047c5f6a32eb289b95b,SO60524,25,TI-R628,1,25,d6fb379288416774d139632beb88e26b
15604,3dc63b2d6dcc8f0b6720b06b5439a0b1,8d1d4829b2e801ba4e41ba48f5a549d4,SO66265,10,BC-M005,1,10,6ef7b4bb93d4e54234cf965ed2334682
15604,3dc63b2d6dcc8f0b6720b06b5439a0b1,8d1d4829b2e801ba4e41ba48f5a549d4,SO66265,48,GL-H102-M,2,48,6ef7b4bb93d4e54234cf965ed2334682
15604,3dc63b2d6dcc8f0b6720b06b5439a0b1,8d1d4829b2e801ba4e41ba48f5a549d4,SO66265,5,WB-H098,1,5,6ef7b4bb93d4e54234cf965ed2334682
15605,128ee9ff420de424a605a0ee4a6f7916,fee8e08233f3f00450bce31967abb0f1,SO71356,10,BC-M005,1,10,2797a91b25bc2aa85124c99bc574dc83
15605,128ee9ff420de424a605a0ee4a6f7916,fee8e08233f3f00450bce31967abb0f1,SO71356,5,WB-H098,1,5,2797a91b25bc2aa85124c99bc574dc83
15605,7acd252f45ad6fe668386456a673d543,0120f4004ede1143c3be6caa4227affe,SO67149,25,TI-R628,1,25,b322422d9a721bbdefa133133dd407c1
15606,232e830f1ac667c081eaaca23cdf9b5f,4b5c3229e0725ef8d303f494db9faec8,SO64457,27,CA-1098,3,27,abe94c2111c58e9c9672602d41bce66e
15606,232e830f1ac667c081eaaca23cdf9b5f,4b5c3229e0725ef8d303f494db9faec8,SO64457,25,TI-R628,1,25,abe94c2111c58e9c9672602d41bce66e
15606,232e830f1ac667c081eaaca23cdf9b5f,4b5c3229e0725ef8d303f494db9faec8,SO64457,4,TT-R982,1,4,abe94c2111c58e9c9672602d41bce66e
15606,6d44506d59926d8d13d35f75d97f2a64,deff8ad81a213d1110c1f409a7f40fcd,SO53409,10,BC-M005,1,10,f476906875bc5d9abe836b4ea1f485c1
15606,6d44506d59926d8d13d35f75d97f2a64,deff8ad81a213d1110c1f409a7f40fcd,SO53409,27,CA-1098,3,27,f476906875bc5d9abe836b4ea1f485c1
15606,6d44506d59926d8d13d35f75d97f2a64,deff8ad81a213d1110c1f409a7f40fcd,SO53409,54,SJ-0194-M,1,54,f476906875bc5d9abe836b4ea1f485c1
15606,6d44506d59926d8d13d35f75d97f2a64,deff8ad81a213d1110c1f409a7f40fcd,SO53409,5,WB-H098,1,5,f476906875bc5d9abe836b4ea1f485c1
15607,3db19f5f710f10e90ecc7154c649d60a,f544b472453b297a8b55709fbfd3746d,SO70874,25,TI-R628,1,25,fee8e08233f3f00450bce31967abb0f1
15607,3db19f5f710f10e90ecc7154c649d60a,f544b472453b297a8b55709fbfd3746d,SO70874,4,TT-R982,1,4,fee8e08233f3f00450bce31967abb0f1
15607,db10519e66d9a7b809b91935ad1a696d,d7f57f35d2bad1349ca24a67a2635eea,SO74474,48,GL-H102-M,2,48,6583882ca853d66524856501b27519f5
15607,db10519e66d9a7b809b91935ad1a696d,d7f57f35d2bad1349ca24a67a2635eea,SO74474,105,HL-U509-R,3,105,6583882ca853d66524856501b27519f5
15608,9d934f91c460e9947414d00048f2fa36,94b225b5b1f09ecd5e8ecdfb681ff04c,SO65116,105,HL-U509,3,105,3f0c8308e4e2e5c4ddc1b7e19304f613
15608,9d934f91c460e9947414d00048f2fa36,94b225b5b1f09ecd5e8ecdfb681ff04c,SO65116,5,TT-M928,1,5,3f0c8308e4e2e5c4ddc1b7e19304f613
15609,b0241b451647f25db5f52074445d820c,7a8e187aeb003f6e34c02a4d5b9b153e,SO64275,2,PK-7098,1,2,56d78836c9cf0de136c4d2d37aba2280
15609,b0241b451647f25db5f52074445d820c,7a8e187aeb003f6e34c02a4d5b9b153e,SO64275,25,TI-M267,1,25,56d78836c9cf0de136c4d2d37aba2280
15610,f88b3743a9ce1f9455b6de69380b486a,64cadfde6f66bc25043d0d69f5ae5471,SO66610,105,HL-U509-R,3,105,3dc63b2d6dcc8f0b6720b06b5439a0b1
15610,f88b3743a9ce1f9455b6de69380b486a,64cadfde6f66bc25043d0d69f5ae5471,SO66610,5,TT-T092,1,5,3dc63b2d6dcc8f0b6720b06b5439a0b1
15610,fff3c307c93eda1eb91d53ca588846fe,4584ca349e0920f4436a3c2f36158b85,SO69347,105,HL-U509-B,3,105,70951886788165a5e2439adfce4d0cce
15610,fff3c307c93eda1eb91d53ca588846fe,4584ca349e0920f4436a3c2f36158b85,SO69347,35,TI-M823,1,35,70951886788165a5e2439adfce4d0cce
15610,fff3c307c93eda1eb91d53ca588846fe,4584ca349e0920f4436a3c2f36158b85,SO69347,5,TT-M928,1,5,70951886788165a5e2439adfce4d0cce
15611,f108e0cd2f96a0c22086f9d45ee08f19,ad0b7f5ad35732646f1e5f67418d5995,SO60152,22,FE-6654,1,22,7983129d9883ebc3b9dce3311996b001
15611,f108e0cd2f96a0c22086f9d45ee08f19,ad0b7f5ad35732646f1e5f67418d5995,SO60152,2,PK-7098,1,2,7983129d9883ebc3b9dce3311996b001
15611,f108e0cd2f96a0c22086f9d45ee08f19,ad0b7f5ad35732646f1e5f67418d5995,SO60152,25,TI-M267,1,25,7983129d9883ebc3b9dce3311996b001
15611,f108e0cd2f96a0c22086f9d45ee08f19,ad0b7f5ad35732646f1e5f67418d5995,SO60152,5,TT-M928,1,5,7983129d9883ebc3b9dce3311996b001
15612,4a70a3ec50fd16032883bf6fc79c55dd,4804ee33768b143d9706052696f7dfbd,SO61061,105,HL-U509-B,3,105,e0bcd0ff3072dfe15609d6be1529b0b8
15612,4a70a3ec50fd16032883bf6fc79c55dd,4804ee33768b143d9706052696f7dfbd,SO61061,35,TI-M823,1,35,e0bcd0ff3072dfe15609d6be1529b0b8
15612,4a70a3ec50fd16032883bf6fc79c55dd,4804ee33768b143d9706052696f7dfbd,SO61061,5,TT-M928,1,5,e0bcd0ff3072dfe15609d6be1529b0b8
15612,5abaefcc8525a8f4cfd95cba9e926532,fde67888c64f701b59876ec559099b3e,SO57658,5,TT-T092,1,5,73b2264d673ee7b5b2e7e165020516ac
15613,6eaadc1181f307997dc853d9ed40db36,0814775cfc25da756a9b4197347ab771,SO58510,2,PK-7098,1,2,4dbf892d41ae205f6e36838031cff786
15613,6eaadc1181f307997dc853d9ed40db36,0814775cfc25da756a9b4197347ab771,SO58510,25,TI-M267,1,25,4dbf892d41ae205f6e36838031cff786
15614,86e0fc464cbb08ae74bd039224afec9a,38c9e5d1e366b4c5c36aae682bc960c4,SO72656,10,BC-M005,1,10,8920fd63645007b243abb750709b1172
15614,86e0fc464cbb08ae74bd039224afec9a,38c9e5d1e366b4c5c36aae682bc960c4,SO72656,4590,BK-M68B-46,2,4590,8920fd63645007b243abb750709b1172
15614,86e0fc464cbb08ae74bd039224afec9a,38c9e5d1e366b4c5c36aae682bc960c4,SO72656,27,CA-1098,3,27,8920fd63645007b243abb750709b1172
15614,86e0fc464cbb08ae74bd039224afec9a,38c9e5d1e366b4c5c36aae682bc960c4,SO72656,22,FE-6654,1,22,8920fd63645007b243abb750709b1172
15614,86e0fc464cbb08ae74bd039224afec9a,38c9e5d1e366b4c5c36aae682bc960c4,SO72656,105,HL-U509,3,105,8920fd63645007b243abb750709b1172
15614,86e0fc464cbb08ae74bd039224afec9a,38c9e5d1e366b4c5c36aae682bc960c4,SO72656,55,HY-1023-70,1,55,8920fd63645007b243abb750709b1172
15614,86e0fc464cbb08ae74bd039224afec9a,38c9e5d1e366b4c5c36aae682bc960c4,SO72656,150,LJ-0192-X,3,150,8920fd63645007b243abb750709b1172
15614,86e0fc464cbb08ae74bd039224afec9a,38c9e5d1e366b4c5c36aae682bc960c4,SO72656,5,WB-H098,1,5,8920fd63645007b243abb750709b1172
15614,a3e65268044e3e2a027f7c5bd50d1a88,ee0fcf6f6c7f398dea5b39f50af66f66,SO45902,3578,BK-R93R-56,1,3578,654bc11cf88df4bb20f9816e51982e64
15615,9c55d6518880c1abf100a24da2546368,47a161474962a6dcc03cfa64127a641f,SO74126,9,BC-R205,1,9,9795c57676ee8b8b6ba9a6f9014a520b
15615,9c55d6518880c1abf100a24da2546368,47a161474962a6dcc03cfa64127a641f,SO74126,9,SO-R809-M,1,9,9795c57676ee8b8b6ba9a6f9014a520b
15615,9c55d6518880c1abf100a24da2546368,47a161474962a6dcc03cfa64127a641f,SO74126,5,TT-T092,1,5,9795c57676ee8b8b6ba9a6f9014a520b
15615,9c55d6518880c1abf100a24da2546368,47a161474962a6dcc03cfa64127a641f,SO74126,5,WB-H098,1,5,9795c57676ee8b8b6ba9a6f9014a520b
15615,d34ba8f5d7fd7d5959a34c283fbec422,9c56075241a26f6fa77eb86b15411c6e,SO55063,2,PK-7098,1,2,ac15b60491fe99190c0248790e690757
15615,d34ba8f5d7fd7d5959a34c283fbec422,9c56075241a26f6fa77eb86b15411c6e,SO55063,35,TI-M823,1,35,ac15b60491fe99190c0248790e690757
15615,d34ba8f5d7fd7d5959a34c283fbec422,9c56075241a26f6fa77eb86b15411c6e,SO55063,5,TT-M928,1,5,ac15b60491fe99190c0248790e690757
15616,058af5b2a408d57b708367e5bf4e9d9c,e82ca4c6beebe812f10fa1041b97a160,SO66801,2,PK-7098,1,2,c507827aa5f4f6bbedf64058461c621b
15616,058af5b2a408d57b708367e5bf4e9d9c,e82ca4c6beebe812f10fa1041b97a160,SO66801,25,TI-M267,1,25,c507827aa5f4f6bbedf64058461c621b
15617,72e75576254db1afef14ecdc050391c2,20b851db79828c985958154243411278,SO52097,8,CL-9009,1,8,0b80ce5eab877cae9997209e0bee6e60
15617,72e75576254db1afef14ecdc050391c2,20b851db79828c985958154243411278,SO52097,22,FE-6654,1,22,0b80ce5eab877cae9997209e0bee6e60
15617,72e75576254db1afef14ecdc050391c2,20b851db79828c985958154243411278,SO52097,25,TI-M267,1,25,0b80ce5eab877cae9997209e0bee6e60
15617,72e75576254db1afef14ecdc050391c2,20b851db79828c985958154243411278,SO52097,5,TT-M928,1,5,0b80ce5eab877cae9997209e0bee6e60
15618,73a69a5c77a7d23172e54d7ce07a638e,5a06908cc28b799b04fc1c47664462e6,SO55478,25,TI-R628,1,25,41fc4cb27e0ee552c4c9247e1a476cc5
15619,a3e65268044e3e2a027f7c5bd50d1a88,ee0fcf6f6c7f398dea5b39f50af66f66,SO45903,3578,BK-R93R-62,1,3578,654bc11cf88df4bb20f9816e51982e64
15619,b0950d12c62d3aeda81b2e8d06f2aef4,e366e24b8ad0b1107528f2f58cd15a81,SO73349,4590,BK-M68B-42,2,4590,a048b8d5f3f9178f163e2be055f0138b
15619,b0950d12c62d3aeda81b2e8d06f2aef4,e366e24b8ad0b1107528f2f58cd15a81,SO73349,105,HL-U509-B,3,105,a048b8d5f3f9178f163e2be055f0138b
15620,a6f2945baeceeef4c8d541a22f6e99e9,d5985f40495ba672dff8a99620b879c8,SO72521,4590,BK-M68B-42,2,4590,95a2a9aefc393f8630e934768cacf4cd
15620,a6f2945baeceeef4c8d541a22f6e99e9,d5985f40495ba672dff8a99620b879c8,SO72521,22,FE-6654,1,22,95a2a9aefc393f8630e934768cacf4cd
15620,a6f2945baeceeef4c8d541a22f6e99e9,d5985f40495ba672dff8a99620b879c8,SO72521,48,GL-H102-L,2,48,95a2a9aefc393f8630e934768cacf4cd
15620,a6f2945baeceeef4c8d541a22f6e99e9,d5985f40495ba672dff8a99620b879c8,SO72521,35,TI-M823,1,35,95a2a9aefc393f8630e934768cacf4cd
15620,a6f2945baeceeef4c8d541a22f6e99e9,d5985f40495ba672dff8a99620b879c8,SO72521,5,TT-M928,1,5,95a2a9aefc393f8630e934768cacf4cd
15620,d5bc8f6048b5d9c5610a083b3df65c9e,90b02462c4aa07aa9f640001bc1770d2,SO45854,3578,BK-R93R-48,1,3578,1f760221df457e3dd3ffaf756be2b521
15621,3e107cd1554225ea3056ed5010adce90,aa14ddbc43aa2d3be1e6ac019bb7b5bc,SO73806,4640,BK-M68S-42,2,4640,43e2cc7ff261723f93f64f3f7e9faa8d
15621,3e107cd1554225ea3056ed5010adce90,aa14ddbc43aa2d3be1e6ac019bb7b5bc,SO73806,48,GL-H102-S,2,48,43e2cc7ff261723f93f64f3f7e9faa8d
15621,3e107cd1554225ea3056ed5010adce90,aa14ddbc43aa2d3be1e6ac019bb7b5bc,SO73806,55,HY-1023-70,1,55,43e2cc7ff261723f93f64f3f7e9faa8d
15621,88e79d6e34505f780b4021e0777bcdc0,e7445efc9c2e5f55aee8a2c2b02c9b7a,SO45866,3578,BK-R93R-62,1,3578,dcc3112eacc4c3fa1aaf2ea660552ee7
15622,9f1ff00ea8fd9fd8f2d421ba5ec45a18,f88b3743a9ce1f9455b6de69380b486a,SO67431,540,BK-M18B-44,1,540,0001ffe4d82d0d8f9fec5ab0b4faa2db
15622,9f1ff00ea8fd9fd8f2d421ba5ec45a18,f88b3743a9ce1f9455b6de69380b486a,SO67431,27,CA-1098,3,27,0001ffe4d82d0d8f9fec5ab0b4faa2db
15622,9f1ff00ea8fd9fd8f2d421ba5ec45a18,f88b3743a9ce1f9455b6de69380b486a,SO67431,105,HL-U509,3,105,0001ffe4d82d0d8f9fec5ab0b4faa2db
15622,afdb67129022ab285264def615fa587a,d6cafebfd2db462e512bc5b597cf9232,SO46810,2443,BK-R89R-52,1,2443,de3a4af731cd077daa2beb37e580c57f
15623,6dd75c28a9a8a39e02bc0a175f82a9f3,dfcee565bb2da80a7b76451a5cd314a1,SO66939,9,BC-R205,1,9,f88b3743a9ce1f9455b6de69380b486a
15623,6dd75c28a9a8a39e02bc0a175f82a9f3,dfcee565bb2da80a7b76451a5cd314a1,SO66939,2384,BK-T79Y-50,1,2384,f88b3743a9ce1f9455b6de69380b486a
15623,6dd75c28a9a8a39e02bc0a175f82a9f3,dfcee565bb2da80a7b76451a5cd314a1,SO66939,5,WB-H098,1,5,f88b3743a9ce1f9455b6de69380b486a
15623,b210069485754303767745919c328b97,305c66634c155cab2b5cc3ce00351eb1,SO62828,4640,BK-M68S-42,2,4640,5efefff01843f5aa3f7d8a4d44b4bf2e
15623,b210069485754303767745919c328b97,305c66634c155cab2b5cc3ce00351eb1,SO62828,22,FE-6654,1,22,5efefff01843f5aa3f7d8a4d44b4bf2e
15623,b210069485754303767745919c328b97,305c66634c155cab2b5cc3ce00351eb1,SO62828,64,VE-C304-L,1,64,5efefff01843f5aa3f7d8a4d44b4bf2e
15623,cfcb9c0159ca1cf30a8521a2922136e4,ff2bf25190a8fcdee3d17552f1914d11,SO49425,2443,BK-R89R-48,1,2443,59b3bce956067f996be5f0ddd87e18c7
15624,5c741aa8e0753be65314a304e7b39c14,d945ec2aae74dbfb829453026b91c235,SO62033,4640,BK-M68S-38,2,4640,7ee641303ef8d8b10d0ed00a060c73cc
15624,5c741aa8e0753be65314a304e7b39c14,d945ec2aae74dbfb829453026b91c235,SO62033,105,HL-U509-R,3,105,7ee641303ef8d8b10d0ed00a060c73cc
15624,6dd75c28a9a8a39e02bc0a175f82a9f3,dfcee565bb2da80a7b76451a5cd314a1,SO66923,2384,BK-T79Y-54,1,2384,f88b3743a9ce1f9455b6de69380b486a
15624,6dd75c28a9a8a39e02bc0a175f82a9f3,dfcee565bb2da80a7b76451a5cd314a1,SO66923,105,HL-U509,3,105,f88b3743a9ce1f9455b6de69380b486a
15624,6dd75c28a9a8a39e02bc0a175f82a9f3,dfcee565bb2da80a7b76451a5cd314a1,SO66923,29,TI-T723,1,29,f88b3743a9ce1f9455b6de69380b486a
15624,6dd75c28a9a8a39e02bc0a175f82a9f3,dfcee565bb2da80a7b76451a5cd314a1,SO66923,5,TT-T092,1,5,f88b3743a9ce1f9455b6de69380b486a
15624,88b82588375bd49ab9a4c177ecf7af7b,4364e5a7100b33d6b7420dc1168e3ded,SO49340,4364,BK-R89B-48,2,4364,c6cff482661a9daa82c86dddcf00c0e4
15625,402c87e1893d53d9506b00bc7914b980,493ae116dff448cca13e0d6443b3c3c2,SO47150,2443,BK-R89R-52,1,2443,d0eb731ed0bf74b4a74041192f7b377e
15625,55f9f4cb5784581a517e59904e0d5e2f,9b6872ca1d80024637e967d1066bba0a,SO56067,2384,BK-T79U-50,1,2384,1678083e7ff90bd404baad3f60bffa37
15625,b210069485754303767745919c328b97,305c66634c155cab2b5cc3ce00351eb1,SO62826,4640,BK-M68S-46,2,4640,5efefff01843f5aa3f7d8a4d44b4bf2e
15625,b210069485754303767745919c328b97,305c66634c155cab2b5cc3ce00351eb1,SO62826,22,FE-6654,1,22,5efefff01843f5aa3f7d8a4d44b4bf2e
15626,2ed3972e38245b633ec6b146c2970148,6477c205c5117a9448ba863e111acf32,SO61667,4640,BK-M68S-42,2,4640,2becb9647677a1a316b388bbad689580
15626,2ed3972e38245b633ec6b146c2970148,6477c205c5117a9448ba863e111acf32,SO61667,55,HY-1023-70,1,55,2becb9647677a1a316b388bbad689580
15626,2ed3972e38245b633ec6b146c2970148,6477c205c5117a9448ba863e111acf32,SO61667,150,LJ-0192-X,3,150,2becb9647677a1a316b388bbad689580
15626,9b6872ca1d80024637e967d1066bba0a,4310d0d92131e34ff2716d85e1953174,SO55382,9,BC-R205,1,9,7b0730955172ecda497d7cca6b1d87a1
15626,9b6872ca1d80024637e967d1066bba0a,4310d0d92131e34ff2716d85e1953174,SO55382,2384,BK-T79Y-46,1,2384,7b0730955172ecda497d7cca6b1d87a1
15626,9b6872ca1d80024637e967d1066bba0a,4310d0d92131e34ff2716d85e1953174,SO55382,48,GL-H102-L,2,48,7b0730955172ecda497d7cca6b1d87a1
15626,9b6872ca1d80024637e967d1066bba0a,4310d0d92131e34ff2716d85e1953174,SO55382,5,WB-H098,1,5,7b0730955172ecda497d7cca6b1d87a1
15626,e61ec60837c3a7c01e31ad9b2d857e99,ff865f6f4949cd6d631d069a4268d9aa,SO47339,4364,BK-R89R-58,2,4364,fffd2144f47526eeb222541136a47d44
15627,8bcf785b838fcdc4c1567a41e1906287,41c97bac51d5ee4cfce0cfa86385fdbe,SO47232,4364,BK-R89B-44,2,4364,be6c9b96c35f6d80642550df922ea69a
15627,a189cc17a15cdb4e39e80dfcd8374c76,b0b2c17e5682f78d8fc262463fd0a4f3,SO58699,9,BC-R205,1,9,244cede513841376c37dc856f2f5e7b9
15627,a189cc17a15cdb4e39e80dfcd8374c76,b0b2c17e5682f78d8fc262463fd0a4f3,SO58699,2384,BK-T79U-46,1,2384,244cede513841376c37dc856f2f5e7b9
15627,a189cc17a15cdb4e39e80dfcd8374c76,b0b2c17e5682f78d8fc262463fd0a4f3,SO58699,5,WB-H098,1,5,244cede513841376c37dc856f2f5e7b9
15627,ccf89c691dabb1412404274596922d90,b0241b451647f25db5f52074445d820c,SO65033,4640,BK-M68S-42,2,4640,7299e51cfc0d5174743a6701a8a96488
15627,ccf89c691dabb1412404274596922d90,b0241b451647f25db5f52074445d820c,SO65033,27,CA-1098,3,27,7299e51cfc0d5174743a6701a8a96488
15627,ccf89c691dabb1412404274596922d90,b0241b451647f25db5f52074445d820c,SO65033,105,HL-U509-B,3,105,7299e51cfc0d5174743a6701a8a96488
15628,66e56e10b0f528b66a45e307ecdf4774,691ad1b0dca3643b923973defd014d47,SO68580,105,HL-U509-R,3,105,8eb7a1b0dba9fdd5f4248b9cb6b9119b
15628,66e56e10b0f528b66a45e307ecdf4774,691ad1b0dca3643b923973defd014d47,SO68580,25,TI-R628,1,25,8eb7a1b0dba9fdd5f4248b9cb6b9119b
15628,66e56e10b0f528b66a45e307ecdf4774,691ad1b0dca3643b923973defd014d47,SO68580,4,TT-R982,1,4,8eb7a1b0dba9fdd5f4248b9cb6b9119b
15629,a1e59736d286765313b8212467dc64b2,43e2cc7ff261723f93f64f3f7e9faa8d,SO74235,105,HL-U509,3,105,ca5b8307fa5f2189fb98330a9d65927c
15629,a1e59736d286765313b8212467dc64b2,43e2cc7ff261723f93f64f3f7e9faa8d,SO74235,5,TT-M928,1,5,ca5b8307fa5f2189fb98330a9d65927c
15630,3dc63b2d6dcc8f0b6720b06b5439a0b1,8d1d4829b2e801ba4e41ba48f5a549d4,SO66301,742,BK-T18U-44,1,742,6ef7b4bb93d4e54234cf965ed2334682
15630,3dc63b2d6dcc8f0b6720b06b5439a0b1,8d1d4829b2e801ba4e41ba48f5a549d4,SO66301,27,CA-1098,3,27,6ef7b4bb93d4e54234cf965ed2334682
15630,bee2b842cd357511cf4c8e509f5af192,5dddb266d8c26eece51489fe90c9f47d,SO51639,769,BK-M38S-46,1,769,20b851db79828c985958154243411278
15630,bee2b842cd357511cf4c8e509f5af192,5dddb266d8c26eece51489fe90c9f47d,SO51639,2,PK-7098,1,2,20b851db79828c985958154243411278
15630,bee2b842cd357511cf4c8e509f5af192,5dddb266d8c26eece51489fe90c9f47d,SO51639,30,TI-M602,1,30,20b851db79828c985958154243411278
15630,bee2b842cd357511cf4c8e509f5af192,5dddb266d8c26eece51489fe90c9f47d,SO51639,5,TT-M928,1,5,20b851db79828c985958154243411278
15630,c662479358c8f228c7b04ddb926eb524,0a4b6bdfa942be79610a09d2da131410,SO45979,3578,BK-R93R-44,1,3578,f369f42c17ebb621a3f39d4f45bb3068
15631,9f1ff00ea8fd9fd8f2d421ba5ec45a18,f88b3743a9ce1f9455b6de69380b486a,SO67459,742,BK-T18Y-58,1,742,0001ffe4d82d0d8f9fec5ab0b4faa2db
15631,c662479358c8f228c7b04ddb926eb524,0a4b6bdfa942be79610a09d2da131410,SO45980,3578,BK-R93R-48,1,3578,f369f42c17ebb621a3f39d4f45bb3068
15631,f04e53711455521533f4c5ed7dcaa287,5e9b4970006d8f02ba0bc1763fa8b9a6,SO52533,769,BK-M38S-46,1,769,f799d104dd23bb828dcdaaefc4d25b61
15631,f04e53711455521533f4c5ed7dcaa287,5e9b4970006d8f02ba0bc1763fa8b9a6,SO52533,2,PK-7098,1,2,f799d104dd23bb828dcdaaefc4d25b61
15631,f04e53711455521533f4c5ed7dcaa287,5e9b4970006d8f02ba0bc1763fa8b9a6,SO52533,30,TI-M602,1,30,f799d104dd23bb828dcdaaefc4d25b61
15632,ab121e91b47aaffbbc247dca4687f0f0,cf4f13c16dae1f2408e65c290fefcbaa,SO46185,3578,BK-R93R-56,1,3578,dd323e11c7806b56c8b4104210bb4235
15632,ca38f30e56a72f4d0c8d2264322c5862,de5009f9bf3e9725d2381f4a5e913111,SO68189,742,BK-T18U-62,1,742,7e15f50bd26e439e6a22f5205a8064db
15632,ca38f30e56a72f4d0c8d2264322c5862,de5009f9bf3e9725d2381f4a5e913111,SO68189,105,HL-U509-R,3,105,7e15f50bd26e439e6a22f5205a8064db
15632,d34ba8f5d7fd7d5959a34c283fbec422,9c56075241a26f6fa77eb86b15411c6e,SO55042,769,BK-M38S-38,1,769,ac15b60491fe99190c0248790e690757
15632,d34ba8f5d7fd7d5959a34c283fbec422,9c56075241a26f6fa77eb86b15411c6e,SO55042,105,HL-U509,3,105,ac15b60491fe99190c0248790e690757
15632,d34ba8f5d7fd7d5959a34c283fbec422,9c56075241a26f6fa77eb86b15411c6e,SO55042,150,LJ-0192-L,3,150,ac15b60491fe99190c0248790e690757
15632,d34ba8f5d7fd7d5959a34c283fbec422,9c56075241a26f6fa77eb86b15411c6e,SO55042,30,TI-M602,1,30,ac15b60491fe99190c0248790e690757
15632,d34ba8f5d7fd7d5959a34c283fbec422,9c56075241a26f6fa77eb86b15411c6e,SO55042,5,TT-M928,1,5,ac15b60491fe99190c0248790e690757
15633,244cede513841376c37dc856f2f5e7b9,5e1b952a22eccca86f7f056a9efb42a4,SO58384,5,TT-M928,1,5,debbb2493c6588799fc787e1854bcda5
15633,244cede513841376c37dc856f2f5e7b9,5e1b952a22eccca86f7f056a9efb42a4,SO58384,64,VE-C304-M,1,64,debbb2493c6588799fc787e1854bcda5
15634,39ff8ac1e8a44088f96e17b846ec8baf,9a95fdf4e925d9cbd65f87b5aa4ac212,SO60403,22,FE-6654,1,22,c926349b55a58d87d7d5008c349fd1e9
15634,95a2a9aefc393f8630e934768cacf4cd,8f472ffe3ff3109f420ae91355ff8f3f,SO72158,105,HL-U509,3,105,38c9e5d1e366b4c5c36aae682bc960c4
15634,95a2a9aefc393f8630e934768cacf4cd,8f472ffe3ff3109f420ae91355ff8f3f,SO72158,5,TT-T092,1,5,38c9e5d1e366b4c5c36aae682bc960c4
15635,17520f5649fab40fb66771362888cb90,1faee5670542865e021595151379fe5c,SO70628,22,FE-6654,1,22,3f72b837978dcd042b73e7270f11a4ca
15635,17520f5649fab40fb66771362888cb90,1faee5670542865e021595151379fe5c,SO70628,55,HY-1023-70,1,55,3f72b837978dcd042b73e7270f11a4ca
15635,3fbd0407b55d3a3da21388a2ddbf881c,ab4946738415af86b5e3cee69b13301f,SO57932,105,HL-U509-R,3,105,5abaefcc8525a8f4cfd95cba9e926532
15635,3fbd0407b55d3a3da21388a2ddbf881c,ab4946738415af86b5e3cee69b13301f,SO57932,5,TT-T092,1,5,5abaefcc8525a8f4cfd95cba9e926532
15636,c660dc308b247ce08aeecd155306bae0,e7df1b3ee078bdcfc260a877f321287d,SO59940,27,CA-1098,3,27,9a95fdf4e925d9cbd65f87b5aa4ac212
15636,c660dc308b247ce08aeecd155306bae0,e7df1b3ee078bdcfc260a877f321287d,SO59940,105,HL-U509-R,3,105,9a95fdf4e925d9cbd65f87b5aa4ac212
15636,c660dc308b247ce08aeecd155306bae0,e7df1b3ee078bdcfc260a877f321287d,SO59940,30,TI-M602,1,30,9a95fdf4e925d9cbd65f87b5aa4ac212
15636,c660dc308b247ce08aeecd155306bae0,e7df1b3ee078bdcfc260a877f321287d,SO59940,5,TT-M928,1,5,9a95fdf4e925d9cbd65f87b5aa4ac212
15637,4a21ddebdfee548e65b62c2809afc1c0,f924afae9f4c724ae1a0a28c0959d2ed,SO49217,4364,BK-R89B-52,2,4364,00bfaeb585c87c9f5074d228abb4b8fb
15637,76918877cf6ce7011018cd9708723392,883b9b4170853b321c03290f64ba199f,SO61490,10,BC-M005,1,10,4ddc8821c34bceaf3dba4a18741acca3
15637,76918877cf6ce7011018cd9708723392,883b9b4170853b321c03290f64ba199f,SO61490,4590,BK-M68B-46,2,4590,4ddc8821c34bceaf3dba4a18741acca3
15637,76918877cf6ce7011018cd9708723392,883b9b4170853b321c03290f64ba199f,SO61490,27,CA-1098,3,27,4ddc8821c34bceaf3dba4a18741acca3
15637,76918877cf6ce7011018cd9708723392,883b9b4170853b321c03290f64ba199f,SO61490,105,HL-U509-R,3,105,4ddc8821c34bceaf3dba4a18741acca3
15637,76918877cf6ce7011018cd9708723392,883b9b4170853b321c03290f64ba199f,SO61490,150,LJ-0192-S,3,150,4ddc8821c34bceaf3dba4a18741acca3
15637,b34050290c25b0f7b52a2b8f767df87d,caa707f97407c07371136aaf471a91d4,SO68027,2384,BK-T79Y-46,1,2384,36ab6f1df21f3c9a169c8942e981959a
15637,b34050290c25b0f7b52a2b8f767df87d,caa707f97407c07371136aaf471a91d4,SO68027,105,HL-U509,3,105,36ab6f1df21f3c9a169c8942e981959a
15638,5691ac18f59a9af20f9d8703772afbba,d8a4ea0dc4237ee8690ee37b3902fd0e,SO55933,769,BK-M38S-46,1,769,bc761b2b7297029a695fbd6dd0470724
15638,5691ac18f59a9af20f9d8703772afbba,d8a4ea0dc4237ee8690ee37b3902fd0e,SO55933,2,PK-7098,1,2,bc761b2b7297029a695fbd6dd0470724
15638,5691ac18f59a9af20f9d8703772afbba,d8a4ea0dc4237ee8690ee37b3902fd0e,SO55933,30,TI-M602,1,30,bc761b2b7297029a695fbd6dd0470724
15638,5691ac18f59a9af20f9d8703772afbba,d8a4ea0dc4237ee8690ee37b3902fd0e,SO55933,5,TT-M928,1,5,bc761b2b7297029a695fbd6dd0470724
15638,a27fb9d8ace734e3b4395ec342ddb35c,f3cf78cac8ecb957d2c84eb7ec1a9c3c,SO46269,3578,BK-R93R-48,1,3578,4e6174091aa6704e09467a0839dac801
15638,ca38f30e56a72f4d0c8d2264322c5862,de5009f9bf3e9725d2381f4a5e913111,SO68190,742,BK-T18U-62,1,742,7e15f50bd26e439e6a22f5205a8064db
15638,ca38f30e56a72f4d0c8d2264322c5862,de5009f9bf3e9725d2381f4a5e913111,SO68190,105,HL-U509-B,3,105,7e15f50bd26e439e6a22f5205a8064db
15639,1678083e7ff90bd404baad3f60bffa37,7b0730955172ecda497d7cca6b1d87a1,SO55751,2,PK-7098,1,2,73a69a5c77a7d23172e54d7ce07a638e
15639,3fbd0407b55d3a3da21388a2ddbf881c,ab4946738415af86b5e3cee69b13301f,SO57905,2,PK-7098,1,2,5abaefcc8525a8f4cfd95cba9e926532
15639,3fbd0407b55d3a3da21388a2ddbf881c,ab4946738415af86b5e3cee69b13301f,SO57905,30,TI-M602,1,30,5abaefcc8525a8f4cfd95cba9e926532
15640,361e2c62255e0c1887ac2139911ca300,20b5e9ce0f87defd975a322149ec8cc6,SO51885,2,PK-7098,1,2,eedd9be5500334505ed9d4aef801ac3d
15640,ab4946738415af86b5e3cee69b13301f,ed268f8f3837888893f896b7240f1254,SO57245,2,PK-7098,1,2,fde67888c64f701b59876ec559099b3e
15640,ab4946738415af86b5e3cee69b13301f,ed268f8f3837888893f896b7240f1254,SO57245,30,TI-M602,1,30,fde67888c64f701b59876ec559099b3e
15641,cae5717327bee7d74e261c550aa5081f,18025e6a8791d350428f65c0783ebd99,SO56704,2,PK-7098,1,2,ed268f8f3837888893f896b7240f1254
15641,eba5233d2dd8ea5031e646882335ece0,629ffff971d10f275a79a70fae527fbc,SO56600,48,GL-H102-L,2,48,b988e88fd94a3b47434beeb650cff880
15641,eba5233d2dd8ea5031e646882335ece0,629ffff971d10f275a79a70fae527fbc,SO56600,105,HL-U509-B,3,105,b988e88fd94a3b47434beeb650cff880
15641,eba5233d2dd8ea5031e646882335ece0,629ffff971d10f275a79a70fae527fbc,SO56600,30,TI-M602,1,30,b988e88fd94a3b47434beeb650cff880
15641,eba5233d2dd8ea5031e646882335ece0,629ffff971d10f275a79a70fae527fbc,SO56600,5,TT-M928,1,5,b988e88fd94a3b47434beeb650cff880
15642,705fa39ab40831529471c768490339ab,63efdd3324df66c9965bd622cdebe06a,SO68865,1701,BK-R79Y-40,1,1701,4584ca349e0920f4436a3c2f36158b85
15642,b1ad26241c636eff92eee5bae93235ce,14cf1002d25f6005ecb94636b7f549b1,SO50369,4142,BK-M68S-38,2,4142,e8e793c69d6c0688e51cf9bd1abe03b3
15643,34ac3f5a318d1a93a8a4ad7dfac9fb98,74a9ea32186ec3a0b0657cef3f2b687f,SO50357,4142,BK-M68S-38,2,4142,e488a84b1e74148f72971289cb4e1be9
15643,962bae2fb03296a3b9cacabfa929322c,0da2bc000f1fe4ea8746f9aea0bb5879,SO69139,1701,BK-R79Y-44,1,1701,c4369eefdf9bb8a3f9115e96b40aaf17
15643,962bae2fb03296a3b9cacabfa929322c,0da2bc000f1fe4ea8746f9aea0bb5879,SO69139,105,HL-U509-R,3,105,c4369eefdf9bb8a3f9115e96b40aaf17
15644,2d3821c62d6665c47296272022e338e1,34ac3f5a318d1a93a8a4ad7dfac9fb98,SO50491,4142,BK-M68S-46,2,4142,5d8c6714b72d01c132804ea13b83dd02
15644,f544b472453b297a8b55709fbfd3746d,70951886788165a5e2439adfce4d0cce,SO70070,1701,BK-R79Y-40,1,1701,331afa0aff1b1cfbf3d24944ab38c9d2
15644,f544b472453b297a8b55709fbfd3746d,70951886788165a5e2439adfce4d0cce,SO70070,2,PK-7098,1,2,331afa0aff1b1cfbf3d24944ab38c9d2
15644,f544b472453b297a8b55709fbfd3746d,70951886788165a5e2439adfce4d0cce,SO70070,25,TI-R628,1,25,331afa0aff1b1cfbf3d24944ab38c9d2
15644,f544b472453b297a8b55709fbfd3746d,70951886788165a5e2439adfce4d0cce,SO70070,4,TT-R982,1,4,331afa0aff1b1cfbf3d24944ab38c9d2
15645,8242bea4faa7e8112c9c701d437fbe67,52bde41d0f4e244c3d741707e5f19618,SO50398,4098,BK-M68B-42,2,4098,18ed686c4efc5757b5c809cfcc456ce1
15645,ec24e4cf9fcc90f3bbe81b2fb3735c21,c4369eefdf9bb8a3f9115e96b40aaf17,SO69846,1701,BK-R79Y-40,1,1701,f06fd077b6afc2d69af6e1e548da266d
15645,ec24e4cf9fcc90f3bbe81b2fb3735c21,c4369eefdf9bb8a3f9115e96b40aaf17,SO69846,105,HL-U509,3,105,f06fd077b6afc2d69af6e1e548da266d
15646,7b6fb99e007535aabcd19741210af47d,086ede30a02aceddb0b53ef006935d73,SO50516,4098,BK-M68B-42,2,4098,7f480de9e8eb6071d108895ecf71651d
15646,e0cd1349b4c6e1b5f14ed427e358c2d0,f06fd077b6afc2d69af6e1e548da266d,SO70358,1701,BK-R79Y-48,1,1701,b95a9f47dd73bb9b799a31ae04ee7da1
15646,e0cd1349b4c6e1b5f14ed427e358c2d0,f06fd077b6afc2d69af6e1e548da266d,SO70358,54,SJ-0194-M,1,54,b95a9f47dd73bb9b799a31ae04ee7da1
15647,5d8c6714b72d01c132804ea13b83dd02,e488a84b1e74148f72971289cb4e1be9,SO50437,4098,BK-M68B-38,2,4098,cbb00636032a355ee463d321ac8ee9fb
15647,8728a5e296f39e49d2fa74c31820e99f,66e56e10b0f528b66a45e307ecdf4774,SO69630,9,BC-R205,1,9,3fe686907939d07097f6c87f08025422
15647,8728a5e296f39e49d2fa74c31820e99f,66e56e10b0f528b66a45e307ecdf4774,SO69630,1701,BK-R79Y-48,1,1701,3fe686907939d07097f6c87f08025422
15647,8728a5e296f39e49d2fa74c31820e99f,66e56e10b0f528b66a45e307ecdf4774,SO69630,5,WB-H098,1,5,3fe686907939d07097f6c87f08025422
15648,128ee9ff420de424a605a0ee4a6f7916,fee8e08233f3f00450bce31967abb0f1,SO71415,1701,BK-R79Y-44,1,1701,2797a91b25bc2aa85124c99bc574dc83
15648,128ee9ff420de424a605a0ee4a6f7916,fee8e08233f3f00450bce31967abb0f1,SO71415,105,HL-U509,3,105,2797a91b25bc2aa85124c99bc574dc83
15648,18ed686c4efc5757b5c809cfcc456ce1,c9e159941f9c2ce8daa7b4737e7f8552,SO50335,4142,BK-M68S-46,2,4142,decf9fc89a1038c423f1bef01a953ac9
15649,a9badca0a12d937b4dcb70fd1c65dc63,368bf74b3769bb91f49d30908786b862,SO47165,2443,BK-R89R-52,1,2443,41c97bac51d5ee4cfce0cfa86385fdbe
15649,c135545cc3f3a739132ffdbc8096f3d4,36ab6f1df21f3c9a169c8942e981959a,SO68409,540,BK-M18B-44,1,540,511572e8a25e86c2f48ae9e6d73a1e6a
15649,c135545cc3f3a739132ffdbc8096f3d4,36ab6f1df21f3c9a169c8942e981959a,SO68409,105,HL-U509,3,105,511572e8a25e86c2f48ae9e6d73a1e6a
15649,c135545cc3f3a739132ffdbc8096f3d4,36ab6f1df21f3c9a169c8942e981959a,SO68409,25,TI-M267,1,25,511572e8a25e86c2f48ae9e6d73a1e6a
15649,c135545cc3f3a739132ffdbc8096f3d4,36ab6f1df21f3c9a169c8942e981959a,SO68409,5,TT-M928,1,5,511572e8a25e86c2f48ae9e6d73a1e6a
15650,88077cf01a3e17831c2d0bcca5897c5b,95a2a9aefc393f8630e934768cacf4cd,SO73061,105,HL-U509-R,3,105,86e0fc464cbb08ae74bd039224afec9a
15650,88077cf01a3e17831c2d0bcca5897c5b,95a2a9aefc393f8630e934768cacf4cd,SO73061,150,LJ-0192-S,3,150,86e0fc464cbb08ae74bd039224afec9a
15650,88077cf01a3e17831c2d0bcca5897c5b,95a2a9aefc393f8630e934768cacf4cd,SO73061,25,TI-M267,1,25,86e0fc464cbb08ae74bd039224afec9a
15650,88077cf01a3e17831c2d0bcca5897c5b,95a2a9aefc393f8630e934768cacf4cd,SO73061,5,TT-M928,1,5,86e0fc464cbb08ae74bd039224afec9a
15651,d5985f40495ba672dff8a99620b879c8,a9adf65abbb865184bf924d14a93d0c4,SO71511,565,BK-M18S-42,1,565,8f472ffe3ff3109f420ae91355ff8f3f
15651,ff2bf25190a8fcdee3d17552f1914d11,d5cc3ca31a62986018db87cc11d7c3c0,SO49302,4364,BK-R89R-58,2,4364,01e9454335c45aa6cdee165f2c25b3c0
15652,3c8e2c51453f4d665f1050da871dead6,1f50dad3f1493a5cf408c4eb3987479e,SO55399,769,BK-M38S-46,1,769,d34ba8f5d7fd7d5959a34c283fbec422
15652,3c8e2c51453f4d665f1050da871dead6,1f50dad3f1493a5cf408c4eb3987479e,SO55399,30,TI-M602,1,30,d34ba8f5d7fd7d5959a34c283fbec422
15652,3c8e2c51453f4d665f1050da871dead6,1f50dad3f1493a5cf408c4eb3987479e,SO55399,5,TT-M928,1,5,d34ba8f5d7fd7d5959a34c283fbec422
15652,3fe686907939d07097f6c87f08025422,8eb7a1b0dba9fdd5f4248b9cb6b9119b,SO69063,742,BK-T18Y-62,1,742,e5114f65ece65e14e7b721dab1e674e0
15652,3fe686907939d07097f6c87f08025422,8eb7a1b0dba9fdd5f4248b9cb6b9119b,SO69063,105,HL-U509-R,3,105,e5114f65ece65e14e7b721dab1e674e0
15652,671cb8c9b19c0247af30375f5adaed12,0be9b4cec5bf5b809cc2e222c24ee42b,SO46256,3578,BK-R93R-56,1,3578,58fb574c0b80d76f62690df366352487
15653,2797a91b25bc2aa85124c99bc574dc83,86bfb8ffc7a79e52d833cedce4d275bf,SO71070,742,BK-T18U-62,1,742,a9adf65abbb865184bf924d14a93d0c4
15653,2797a91b25bc2aa85124c99bc574dc83,86bfb8ffc7a79e52d833cedce4d275bf,SO71070,105,HL-U509-B,3,105,a9adf65abbb865184bf924d14a93d0c4
15653,a9cefc49af6424b430612adfc69876ee,d34ba8f5d7fd7d5959a34c283fbec422,SO55825,769,BK-M38S-38,1,769,59c3d64cb01cd5ad7fd25246d81a55ff
15653,a9cefc49af6424b430612adfc69876ee,d34ba8f5d7fd7d5959a34c283fbec422,SO55825,27,CA-1098,3,27,59c3d64cb01cd5ad7fd25246d81a55ff
15653,a9cefc49af6424b430612adfc69876ee,d34ba8f5d7fd7d5959a34c283fbec422,SO55825,105,HL-U509-R,3,105,59c3d64cb01cd5ad7fd25246d81a55ff
15653,a9cefc49af6424b430612adfc69876ee,d34ba8f5d7fd7d5959a34c283fbec422,SO55825,30,TI-M602,1,30,59c3d64cb01cd5ad7fd25246d81a55ff
15653,a9cefc49af6424b430612adfc69876ee,d34ba8f5d7fd7d5959a34c283fbec422,SO55825,5,TT-M928,1,5,59c3d64cb01cd5ad7fd25246d81a55ff
15653,ab121e91b47aaffbbc247dca4687f0f0,cf4f13c16dae1f2408e65c290fefcbaa,SO46190,3578,BK-R93R-48,1,3578,dd323e11c7806b56c8b4104210bb4235
15654,412998e77ee121227580e3d363f75fa2,df595e3c678d4fae23ce174fe747165e,SO59860,25,TI-M267,1,25,254d832c83ccdb2c33eab65a4fd196ff
15655,c4369eefdf9bb8a3f9115e96b40aaf17,b34050290c25b0f7b52a2b8f767df87d,SO68750,540,BK-M18B-42,1,540,c135545cc3f3a739132ffdbc8096f3d4
15655,c4369eefdf9bb8a3f9115e96b40aaf17,b34050290c25b0f7b52a2b8f767df87d,SO68750,2,PK-7098,1,2,c135545cc3f3a739132ffdbc8096f3d4
15655,c4369eefdf9bb8a3f9115e96b40aaf17,b34050290c25b0f7b52a2b8f767df87d,SO68750,25,TI-M267,1,25,c135545cc3f3a739132ffdbc8096f3d4
15655,c4369eefdf9bb8a3f9115e96b40aaf17,b34050290c25b0f7b52a2b8f767df87d,SO68750,5,TT-M928,1,5,c135545cc3f3a739132ffdbc8096f3d4
15655,fdc720a8abaa222620409b00b4e00cc2,a9badca0a12d937b4dcb70fd1c65dc63,SO47283,4364,BK-R89B-44,2,4364,8bcf785b838fcdc4c1567a41e1906287
15656,0da2bc000f1fe4ea8746f9aea0bb5879,702a02712215141594ddf8e52b0a651c,SO68284,540,BK-M18B-40,1,540,b34050290c25b0f7b52a2b8f767df87d
15656,0da2bc000f1fe4ea8746f9aea0bb5879,702a02712215141594ddf8e52b0a651c,SO68284,27,CA-1098,3,27,b34050290c25b0f7b52a2b8f767df87d
15656,a9badca0a12d937b4dcb70fd1c65dc63,368bf74b3769bb91f49d30908786b862,SO47166,2443,BK-R89R-44,1,2443,41c97bac51d5ee4cfce0cfa86385fdbe
15657,0be9b4cec5bf5b809cc2e222c24ee42b,c662479358c8f228c7b04ddb926eb524,SO46166,3578,BK-R93R-52,1,3578,5740ddd9cc89a58039f5790a932ada9b
15657,38c9e5d1e366b4c5c36aae682bc960c4,8fa3bab223bec6501ad71f96bb1067b6,SO71673,742,BK-T18U-44,1,742,58c4ce5b9433e7b6d41793d5a76d5590
15657,38c9e5d1e366b4c5c36aae682bc960c4,8fa3bab223bec6501ad71f96bb1067b6,SO71673,55,HY-1023-70,1,55,58c4ce5b9433e7b6d41793d5a76d5590
15657,38c9e5d1e366b4c5c36aae682bc960c4,8fa3bab223bec6501ad71f96bb1067b6,SO71673,2,PK-7098,1,2,58c4ce5b9433e7b6d41793d5a76d5590
15657,38c9e5d1e366b4c5c36aae682bc960c4,8fa3bab223bec6501ad71f96bb1067b6,SO71673,29,TI-T723,1,29,58c4ce5b9433e7b6d41793d5a76d5590
15657,38c9e5d1e366b4c5c36aae682bc960c4,8fa3bab223bec6501ad71f96bb1067b6,SO71673,5,TT-T092,1,5,58c4ce5b9433e7b6d41793d5a76d5590
15657,ed268f8f3837888893f896b7240f1254,a9cefc49af6424b430612adfc69876ee,SO56446,769,BK-M38S-46,1,769,6353a8421ee460b64f2c988cc72a8391
15657,ed268f8f3837888893f896b7240f1254,a9cefc49af6424b430612adfc69876ee,SO56446,105,HL-U509,3,105,6353a8421ee460b64f2c988cc72a8391
15657,ed268f8f3837888893f896b7240f1254,a9cefc49af6424b430612adfc69876ee,SO56446,30,TI-M602,1,30,6353a8421ee460b64f2c988cc72a8391
15657,ed268f8f3837888893f896b7240f1254,a9cefc49af6424b430612adfc69876ee,SO56446,5,TT-M928,1,5,6353a8421ee460b64f2c988cc72a8391
15658,8d1d4829b2e801ba4e41ba48f5a549d4,a6d37e298c3042e300813f55a17e0875,SO65525,105,HL-U509,3,105,ccf89c691dabb1412404274596922d90
15658,8d1d4829b2e801ba4e41ba48f5a549d4,a6d37e298c3042e300813f55a17e0875,SO65525,25,TI-M267,1,25,ccf89c691dabb1412404274596922d90
15658,8d1d4829b2e801ba4e41ba48f5a549d4,a6d37e298c3042e300813f55a17e0875,SO65525,5,TT-M928,1,5,ccf89c691dabb1412404274596922d90
15659,c885741a5e3e55c84950327011b70289,7e15f50bd26e439e6a22f5205a8064db,SO68631,10,BC-M005,1,10,0da2bc000f1fe4ea8746f9aea0bb5879
15659,c885741a5e3e55c84950327011b70289,7e15f50bd26e439e6a22f5205a8064db,SO68631,565,BK-M18S-42,1,565,0da2bc000f1fe4ea8746f9aea0bb5879
15659,c885741a5e3e55c84950327011b70289,7e15f50bd26e439e6a22f5205a8064db,SO68631,48,GL-H102-L,2,48,0da2bc000f1fe4ea8746f9aea0bb5879
15659,c885741a5e3e55c84950327011b70289,7e15f50bd26e439e6a22f5205a8064db,SO68631,5,WB-H098,1,5,0da2bc000f1fe4ea8746f9aea0bb5879
15659,ff865f6f4949cd6d631d069a4268d9aa,021a9f9ff27cc992988201b84cae392f,SO47224,2443,BK-R89R-48,1,2443,b5bd60d2c998267a6b6a11a2521b0b65
15660,485ae69515bc4c60ef546ff289741f60,40ff348468b73116a7077c246985e0bf,SO57600,769,BK-M38S-42,1,769,375bde15092f45652b6398c1dff650d0
15660,485ae69515bc4c60ef546ff289741f60,40ff348468b73116a7077c246985e0bf,SO57600,105,HL-U509-R,3,105,375bde15092f45652b6398c1dff650d0
15660,485ae69515bc4c60ef546ff289741f60,40ff348468b73116a7077c246985e0bf,SO57600,30,TI-M602,1,30,375bde15092f45652b6398c1dff650d0
15660,485ae69515bc4c60ef546ff289741f60,40ff348468b73116a7077c246985e0bf,SO57600,5,TT-M928,1,5,375bde15092f45652b6398c1dff650d0
15660,8babade0595c11e14dd89058a850f2cd,a048b8d5f3f9178f163e2be055f0138b,SO73915,742,BK-T18U-44,1,742,501407dcfde5b685045ca3072168d5bb
15660,8babade0595c11e14dd89058a850f2cd,a048b8d5f3f9178f163e2be055f0138b,SO73915,9,SO-R809-M,1,9,501407dcfde5b685045ca3072168d5bb
15660,c79548466fdad0728a9aa092fbad03a7,8a5d7ee8a6750efd5364f3ccd8e7ea1b,SO46519,3578,BK-R93R-62,1,3578,d37ddfbd511aeb9a1d163babcb308cf0
15661,545a3d56d20b22e09aa85bfa5ed8738d,31c99d724c1f182c60edb82eb4740277,SO72245,9,BC-R205,1,9,a9cd7a99d71cca9cb644010050374ade
15661,545a3d56d20b22e09aa85bfa5ed8738d,31c99d724c1f182c60edb82eb4740277,SO72245,742,BK-T18Y-62,1,742,a9cd7a99d71cca9cb644010050374ade
15661,545a3d56d20b22e09aa85bfa5ed8738d,31c99d724c1f182c60edb82eb4740277,SO72245,29,TI-T723,1,29,a9cd7a99d71cca9cb644010050374ade
15661,545a3d56d20b22e09aa85bfa5ed8738d,31c99d724c1f182c60edb82eb4740277,SO72245,5,TT-T092,1,5,a9cd7a99d71cca9cb644010050374ade
15661,545a3d56d20b22e09aa85bfa5ed8738d,31c99d724c1f182c60edb82eb4740277,SO72245,5,WB-H098,1,5,a9cd7a99d71cca9cb644010050374ade
15661,7c3142db91e31857b37800499bf69b43,f87821540a577f1c9a7d3e6ff2e77222,SO46441,3578,BK-R93R-48,1,3578,901d3c97008878679a99b7d12df8ecda
15661,e0bcd0ff3072dfe15609d6be1529b0b8,c660dc308b247ce08aeecd155306bae0,SO60703,769,BK-M38S-38,1,769,39ff8ac1e8a44088f96e17b846ec8baf
15661,e0bcd0ff3072dfe15609d6be1529b0b8,c660dc308b247ce08aeecd155306bae0,SO60703,105,HL-U509-B,3,105,39ff8ac1e8a44088f96e17b846ec8baf
15661,e0bcd0ff3072dfe15609d6be1529b0b8,c660dc308b247ce08aeecd155306bae0,SO60703,30,TI-M602,1,30,39ff8ac1e8a44088f96e17b846ec8baf
15661,e0bcd0ff3072dfe15609d6be1529b0b8,c660dc308b247ce08aeecd155306bae0,SO60703,5,TT-M928,1,5,39ff8ac1e8a44088f96e17b846ec8baf
15662,0383d48e76cd8a3dfb9e2a890f2cac18,d6fb379288416774d139632beb88e26b,SO60970,769,BK-M38S-38,1,769,883b9b4170853b321c03290f64ba199f
15662,0383d48e76cd8a3dfb9e2a890f2cac18,d6fb379288416774d139632beb88e26b,SO60970,22,FE-6654,1,22,883b9b4170853b321c03290f64ba199f
15662,0383d48e76cd8a3dfb9e2a890f2cac18,d6fb379288416774d139632beb88e26b,SO60970,64,VE-C304-M,1,64,883b9b4170853b321c03290f64ba199f
15662,7c3142db91e31857b37800499bf69b43,f87821540a577f1c9a7d3e6ff2e77222,SO46443,3578,BK-R93R-56,1,3578,901d3c97008878679a99b7d12df8ecda
15662,c5ed53572c667b119dde2fc0f54de602,0d3057f268050d468f468434f8ec809a,SO72823,9,BC-R205,1,9,e366e24b8ad0b1107528f2f58cd15a81
15662,c5ed53572c667b119dde2fc0f54de602,0d3057f268050d468f468434f8ec809a,SO72823,742,BK-T18U-62,1,742,e366e24b8ad0b1107528f2f58cd15a81
15662,c5ed53572c667b119dde2fc0f54de602,0d3057f268050d468f468434f8ec809a,SO72823,64,VE-C304-L,1,64,e366e24b8ad0b1107528f2f58cd15a81
15662,c5ed53572c667b119dde2fc0f54de602,0d3057f268050d468f468434f8ec809a,SO72823,5,WB-H098,1,5,e366e24b8ad0b1107528f2f58cd15a81
15663,d5985f40495ba672dff8a99620b879c8,a9adf65abbb865184bf924d14a93d0c4,SO71512,565,BK-M18S-44,1,565,8f472ffe3ff3109f420ae91355ff8f3f
15663,d5985f40495ba672dff8a99620b879c8,a9adf65abbb865184bf924d14a93d0c4,SO71512,25,TI-M267,1,25,8f472ffe3ff3109f420ae91355ff8f3f
15663,efe1c5e6e4edb477ce15d36dad6bbea3,8a9e9eb9bf34bfb298138c0b091eaf0a,SO49361,4364,BK-R89B-44,2,4364,ff2bf25190a8fcdee3d17552f1914d11
15664,58c4ce5b9433e7b6d41793d5a76d5590,1556bafff387fc8f2f6fef64c1daa6bc,SO71292,10,BC-M005,1,10,fd5ba6fdeb81e07b2caf0b103489bd8d
15664,58c4ce5b9433e7b6d41793d5a76d5590,1556bafff387fc8f2f6fef64c1daa6bc,SO71292,565,BK-M18S-40,1,565,fd5ba6fdeb81e07b2caf0b103489bd8d
15664,58c4ce5b9433e7b6d41793d5a76d5590,1556bafff387fc8f2f6fef64c1daa6bc,SO71292,27,CA-1098,3,27,fd5ba6fdeb81e07b2caf0b103489bd8d
15664,58c4ce5b9433e7b6d41793d5a76d5590,1556bafff387fc8f2f6fef64c1daa6bc,SO71292,5,WB-H098,1,5,fd5ba6fdeb81e07b2caf0b103489bd8d
15664,84fa845331bd2bc65a54c460e17483e0,d1638c6e02871b5c4957d2fe848b551a,SO47094,4364,BK-R89B-52,2,4364,493ae116dff448cca13e0d6443b3c3c2
15665,8728a5e296f39e49d2fa74c31820e99f,66e56e10b0f528b66a45e307ecdf4774,SO69581,565,BK-M18S-40,1,565,3fe686907939d07097f6c87f08025422
15665,8728a5e296f39e49d2fa74c31820e99f,66e56e10b0f528b66a45e307ecdf4774,SO69581,22,FE-6654,1,22,3fe686907939d07097f6c87f08025422
15665,8728a5e296f39e49d2fa74c31820e99f,66e56e10b0f528b66a45e307ecdf4774,SO69581,105,HL-U509,3,105,3fe686907939d07097f6c87f08025422
15665,ff2bf25190a8fcdee3d17552f1914d11,d5cc3ca31a62986018db87cc11d7c3c0,SO49301,4364,BK-R89B-52,2,4364,01e9454335c45aa6cdee165f2c25b3c0
15666,59b3bce956067f996be5f0ddd87e18c7,01e9454335c45aa6cdee165f2c25b3c0,SO49372,2443,BK-R89R-48,1,2443,8dc681f418bc4515c72be4c903645815
15666,fee8e08233f3f00450bce31967abb0f1,331afa0aff1b1cfbf3d24944ab38c9d2,SO70530,565,BK-M18S-48,1,565,86bfb8ffc7a79e52d833cedce4d275bf
15666,fee8e08233f3f00450bce31967abb0f1,331afa0aff1b1cfbf3d24944ab38c9d2,SO70530,27,CA-1098,3,27,86bfb8ffc7a79e52d833cedce4d275bf
15666,fee8e08233f3f00450bce31967abb0f1,331afa0aff1b1cfbf3d24944ab38c9d2,SO70530,22,FE-6654,1,22,86bfb8ffc7a79e52d833cedce4d275bf
15666,fee8e08233f3f00450bce31967abb0f1,331afa0aff1b1cfbf3d24944ab38c9d2,SO70530,150,LJ-0192-L,3,150,86bfb8ffc7a79e52d833cedce4d275bf
15667,368bf74b3769bb91f49d30908786b862,100acb16459de9c5ebfc99be9a36afbe,SO47071,2443,BK-R89R-48,1,2443,7afee94d3e6bff4193546ca658f9d3bf
15667,49fce086a31f1cfcf16b54e462f7cbc0,99c8f306659fd98cbb9d7f03ec0c2a7a,SO70766,540,BK-M18B-48,1,540,e84848120190a8d0e696fbeb15647a74
15667,49fce086a31f1cfcf16b54e462f7cbc0,99c8f306659fd98cbb9d7f03ec0c2a7a,SO70766,22,FE-6654,1,22,e84848120190a8d0e696fbeb15647a74
15667,49fce086a31f1cfcf16b54e462f7cbc0,99c8f306659fd98cbb9d7f03ec0c2a7a,SO70766,120,RA-H123,1,120,e84848120190a8d0e696fbeb15647a74
15668,03e9c154083778a02a19e7d2c3dcd97d,d37ddfbd511aeb9a1d163babcb308cf0,SO46571,3578,BK-R93R-52,1,3578,700b2fdf8bbe790f020e8c6fb93a2d71
15668,1ba7e8cdf85da6cf5e11554703236b52,9592b44e2c3f304a9875f45537bec6eb,SO73660,10,BC-M005,1,10,4c6ed4daa82e7326b84c24f4c2ae7064
15668,1ba7e8cdf85da6cf5e11554703236b52,9592b44e2c3f304a9875f45537bec6eb,SO73660,4640,BK-M68S-38,2,4640,4c6ed4daa82e7326b84c24f4c2ae7064
15668,1ba7e8cdf85da6cf5e11554703236b52,9592b44e2c3f304a9875f45537bec6eb,SO73660,5,WB-H098,1,5,4c6ed4daa82e7326b84c24f4c2ae7064
15669,5432d51ee94799c0125bb158c8a8bd22,545a3d56d20b22e09aa85bfa5ed8738d,SO73112,4640,BK-M68S-38,2,4640,9592b44e2c3f304a9875f45537bec6eb
15669,eb89b77c8ab43407829a31ec1c84f649,33bb097d269ab64d47a26edc82a3fbb4,SO46455,3578,BK-R93R-56,1,3578,7fe55f4f2e51708bd160778e5ef08685
15670,4c6ed4daa82e7326b84c24f4c2ae7064,b2ce0ef2540789e8a6976165b6c917d8,SO73292,105,HL-U509,3,105,aa14ddbc43aa2d3be1e6ac019bb7b5bc
15670,4c6ed4daa82e7326b84c24f4c2ae7064,b2ce0ef2540789e8a6976165b6c917d8,SO73292,150,LJ-0192-S,3,150,aa14ddbc43aa2d3be1e6ac019bb7b5bc
15670,4c6ed4daa82e7326b84c24f4c2ae7064,b2ce0ef2540789e8a6976165b6c917d8,SO73292,25,TI-M267,1,25,aa14ddbc43aa2d3be1e6ac019bb7b5bc
15670,4c6ed4daa82e7326b84c24f4c2ae7064,b2ce0ef2540789e8a6976165b6c917d8,SO73292,5,TT-M928,1,5,aa14ddbc43aa2d3be1e6ac019bb7b5bc
15671,3f0c8308e4e2e5c4ddc1b7e19304f613,61e00b038efd34bdf9c747596273cbcf,SO64822,22,FE-6654,1,22,232e830f1ac667c081eaaca23cdf9b5f
15671,3f0c8308e4e2e5c4ddc1b7e19304f613,61e00b038efd34bdf9c747596273cbcf,SO64822,2,PK-7098,1,2,232e830f1ac667c081eaaca23cdf9b5f
15671,51c449e55b4a63a16fb45beb689150d5,18bea060239713ee5f865109f63f3a8a,SO53648,2,PK-7098,1,2,714597fe9448176d17876617114a65bc
15671,51c449e55b4a63a16fb45beb689150d5,18bea060239713ee5f865109f63f3a8a,SO53648,5,TT-T092,1,5,714597fe9448176d17876617114a65bc
15672,3e107cd1554225ea3056ed5010adce90,aa14ddbc43aa2d3be1e6ac019bb7b5bc,SO73825,105,HL-U509-B,3,105,43e2cc7ff261723f93f64f3f7e9faa8d
15672,3e107cd1554225ea3056ed5010adce90,aa14ddbc43aa2d3be1e6ac019bb7b5bc,SO73825,150,LJ-0192-S,3,150,43e2cc7ff261723f93f64f3f7e9faa8d
15672,3e107cd1554225ea3056ed5010adce90,aa14ddbc43aa2d3be1e6ac019bb7b5bc,SO73825,5,TT-M928,1,5,43e2cc7ff261723f93f64f3f7e9faa8d
15673,629ffff971d10f275a79a70fae527fbc,d6ab5a0eee939524352092b964d92b84,SO55997,105,HL-U509-B,3,105,3c1811b546060d91957cc446aabc4a3c
15673,629ffff971d10f275a79a70fae527fbc,d6ab5a0eee939524352092b964d92b84,SO55997,25,TI-M267,1,25,3c1811b546060d91957cc446aabc4a3c
15673,629ffff971d10f275a79a70fae527fbc,d6ab5a0eee939524352092b964d92b84,SO55997,5,TT-M928,1,5,3c1811b546060d91957cc446aabc4a3c
15674,4b07ddfa8857087c363c1402c6fbcaa1,85a7e482ebe05716e5f3929bdbe4147c,SO47555,2443,BK-R89R-44,1,2443,0810498037ca8f9a53af3803ab6317c8
15674,b95a9f47dd73bb9b799a31ae04ee7da1,175a5d217fad85df9f6639d7ced1e5d9,SO69957,10,BC-M005,1,10,8728a5e296f39e49d2fa74c31820e99f
15674,b95a9f47dd73bb9b799a31ae04ee7da1,175a5d217fad85df9f6639d7ced1e5d9,SO69957,565,BK-M18S-44,1,565,8728a5e296f39e49d2fa74c31820e99f
15674,b95a9f47dd73bb9b799a31ae04ee7da1,175a5d217fad85df9f6639d7ced1e5d9,SO69957,105,HL-U509,3,105,8728a5e296f39e49d2fa74c31820e99f
15675,8b9fe4b34e3c54f08bfcac3d9691e260,a946e75bc65318721cd1e01162d392dd,SO64187,4590,BK-M68B-42,2,4590,f75e5f8c15ca91ec5c869dc3881f574f
15675,8b9fe4b34e3c54f08bfcac3d9691e260,a946e75bc65318721cd1e01162d392dd,SO64187,35,TI-M823,1,35,f75e5f8c15ca91ec5c869dc3881f574f
15675,8b9fe4b34e3c54f08bfcac3d9691e260,a946e75bc65318721cd1e01162d392dd,SO64187,5,TT-M928,1,5,f75e5f8c15ca91ec5c869dc3881f574f
15675,abc0c3928eca59906d9e88433e5105be,9adbaac8d97fd446c4d97ce11625bd78,SO47513,2443,BK-R89R-44,1,2443,9a565a7d2e70265a68ce424b97f03cfe
15675,c660dc308b247ce08aeecd155306bae0,e7df1b3ee078bdcfc260a877f321287d,SO59979,2384,BK-T79U-50,1,2384,9a95fdf4e925d9cbd65f87b5aa4ac212
15675,c660dc308b247ce08aeecd155306bae0,e7df1b3ee078bdcfc260a877f321287d,SO59979,27,CA-1098,3,27,9a95fdf4e925d9cbd65f87b5aa4ac212
15675,c660dc308b247ce08aeecd155306bae0,e7df1b3ee078bdcfc260a877f321287d,SO59979,105,HL-U509-R,3,105,9a95fdf4e925d9cbd65f87b5aa4ac212
15676,03bf7d2a8718ee9aca4bd2f37e962fc4,290499d9b8e65db426ba9b842714eb6d,SO63562,4640,BK-M68S-38,2,4640,7130adfd843cdcb6d0bcd9d13792693a
15676,03bf7d2a8718ee9aca4bd2f37e962fc4,290499d9b8e65db426ba9b842714eb6d,SO63562,2,PK-7098,1,2,7130adfd843cdcb6d0bcd9d13792693a
15676,03bf7d2a8718ee9aca4bd2f37e962fc4,290499d9b8e65db426ba9b842714eb6d,SO63562,35,TI-M823,1,35,7130adfd843cdcb6d0bcd9d13792693a
15676,03bf7d2a8718ee9aca4bd2f37e962fc4,290499d9b8e65db426ba9b842714eb6d,SO63562,5,TT-M928,1,5,7130adfd843cdcb6d0bcd9d13792693a
15676,6e32728b966bb91cefefa1316da21ca8,b322422d9a721bbdefa133133dd407c1,SO67764,2384,BK-T79Y-60,1,2384,de5009f9bf3e9725d2381f4a5e913111
15676,6e32728b966bb91cefefa1316da21ca8,b322422d9a721bbdefa133133dd407c1,SO67764,105,HL-U509-B,3,105,de5009f9bf3e9725d2381f4a5e913111
15676,79e45486ec381a8d5022628ddaa21b8b,c6cff482661a9daa82c86dddcf00c0e4,SO49411,2443,BK-R89R-44,1,2443,30df06c098f61f2e78c2d0edb6e1b65a
15677,232e830f1ac667c081eaaca23cdf9b5f,4b5c3229e0725ef8d303f494db9faec8,SO64469,10,BC-M005,1,10,abe94c2111c58e9c9672602d41bce66e
15677,232e830f1ac667c081eaaca23cdf9b5f,4b5c3229e0725ef8d303f494db9faec8,SO64469,4640,BK-M68S-42,2,4640,abe94c2111c58e9c9672602d41bce66e
15677,232e830f1ac667c081eaaca23cdf9b5f,4b5c3229e0725ef8d303f494db9faec8,SO64469,5,WB-H098,1,5,abe94c2111c58e9c9672602d41bce66e
15677,4584ca349e0920f4436a3c2f36158b85,6e32728b966bb91cefefa1316da21ca8,SO68536,9,BC-R205,1,9,ca38f30e56a72f4d0c8d2264322c5862
15677,4584ca349e0920f4436a3c2f36158b85,6e32728b966bb91cefefa1316da21ca8,SO68536,2384,BK-T79U-46,1,2384,ca38f30e56a72f4d0c8d2264322c5862
15677,4584ca349e0920f4436a3c2f36158b85,6e32728b966bb91cefefa1316da21ca8,SO68536,48,GL-H102-M,2,48,ca38f30e56a72f4d0c8d2264322c5862
15677,4584ca349e0920f4436a3c2f36158b85,6e32728b966bb91cefefa1316da21ca8,SO68536,5,WB-H098,1,5,ca38f30e56a72f4d0c8d2264322c5862
15677,fd23826ef02908bf7404839a32ae44b4,3b2d50088b5462490d2079beeb91dc27,SO49812,2443,BK-R89R-44,1,2443,bfe24702a7cb81c4620880adb1bf9ffe
15678,38d32d96c9adb3ccccf0e286aa08123c,cc2547b3671a031a723a4e3e241d0eed,SO49645,2443,BK-R89R-52,1,2443,6f28d1f037e8b8040be9f35ba03516af
15678,7299e51cfc0d5174743a6701a8a96488,56d78836c9cf0de136c4d2d37aba2280,SO64733,10,BC-M005,1,10,58f0b42da53adeeccbfa693883fea672
15678,7299e51cfc0d5174743a6701a8a96488,56d78836c9cf0de136c4d2d37aba2280,SO64733,4590,BK-M68B-38,2,4590,58f0b42da53adeeccbfa693883fea672
15678,7299e51cfc0d5174743a6701a8a96488,56d78836c9cf0de136c4d2d37aba2280,SO64733,27,CA-1098,3,27,58f0b42da53adeeccbfa693883fea672
15678,7299e51cfc0d5174743a6701a8a96488,56d78836c9cf0de136c4d2d37aba2280,SO64733,5,WB-H098,1,5,58f0b42da53adeeccbfa693883fea672
15678,c7390752782466cfc9a3ed7d3a79e046,0001ffe4d82d0d8f9fec5ab0b4faa2db,SO67959,9,BC-R205,1,9,16e364d19895243407b256ec272d5394
15678,c7390752782466cfc9a3ed7d3a79e046,0001ffe4d82d0d8f9fec5ab0b4faa2db,SO67959,2384,BK-T79U-50,1,2384,16e364d19895243407b256ec272d5394
15678,c7390752782466cfc9a3ed7d3a79e046,0001ffe4d82d0d8f9fec5ab0b4faa2db,SO67959,27,CA-1098,3,27,16e364d19895243407b256ec272d5394
15678,c7390752782466cfc9a3ed7d3a79e046,0001ffe4d82d0d8f9fec5ab0b4faa2db,SO67959,54,SJ-0194-M,1,54,16e364d19895243407b256ec272d5394
15678,c7390752782466cfc9a3ed7d3a79e046,0001ffe4d82d0d8f9fec5ab0b4faa2db,SO67959,5,WB-H098,1,5,16e364d19895243407b256ec272d5394
15679,0814775cfc25da756a9b4197347ab771,d76e0ba1fa041675ae9af958c5b41ae4,SO57814,105,HL-U509-R,3,105,de22d232bbe84481579f6252f1e7091d
15679,0814775cfc25da756a9b4197347ab771,d76e0ba1fa041675ae9af958c5b41ae4,SO57814,25,TI-M267,1,25,de22d232bbe84481579f6252f1e7091d
15679,0814775cfc25da756a9b4197347ab771,d76e0ba1fa041675ae9af958c5b41ae4,SO57814,5,TT-M928,1,5,de22d232bbe84481579f6252f1e7091d
15680,d53f9d33cac0a297449a74a10d031570,e0bcd0ff3072dfe15609d6be1529b0b8,SO61564,5,TT-M928,1,5,4cc27df81afd686c0420394e090460cb
15681,72e75576254db1afef14ecdc050391c2,20b851db79828c985958154243411278,SO52099,29,TI-T723,1,29,0b80ce5eab877cae9997209e0bee6e60
15681,72e75576254db1afef14ecdc050391c2,20b851db79828c985958154243411278,SO52099,5,TT-T092,1,5,0b80ce5eab877cae9997209e0bee6e60
15681,e0bcd0ff3072dfe15609d6be1529b0b8,c660dc308b247ce08aeecd155306bae0,SO60718,105,HL-U509,3,105,39ff8ac1e8a44088f96e17b846ec8baf
15681,e0bcd0ff3072dfe15609d6be1529b0b8,c660dc308b247ce08aeecd155306bae0,SO60718,33,TI-R982,1,33,39ff8ac1e8a44088f96e17b846ec8baf
15681,e0bcd0ff3072dfe15609d6be1529b0b8,c660dc308b247ce08aeecd155306bae0,SO60718,4,TT-R982,1,4,39ff8ac1e8a44088f96e17b846ec8baf
15682,54d3ba66c5e71d3112695b882ca2030e,e4b40b4ba619c72ec5a69caad258d393,SO74575,70,SH-W890-S,1,70,40eee601514259a9632d510ca71226cc
15683,d3c54b4368c62c2ff11535bf2b677170,41464bd548f06ca845208f69df30ac82,SO54345,150,LJ-0192-M,3,150,da9c4ba6c9a1ae8725389bfd38b5763a
15683,d3c54b4368c62c2ff11535bf2b677170,41464bd548f06ca845208f69df30ac82,SO54345,35,TI-M823,1,35,da9c4ba6c9a1ae8725389bfd38b5763a
15683,d3c54b4368c62c2ff11535bf2b677170,41464bd548f06ca845208f69df30ac82,SO54345,5,TT-M928,1,5,da9c4ba6c9a1ae8725389bfd38b5763a
15684,830e779850b1d58733a7ad711bf6b83f,39fe373cdcb4534addde73890415b660,SO56539,2384,BK-T79Y-46,1,2384,427ed6396fba4ed8ead9ec3229517d2b
15684,830e779850b1d58733a7ad711bf6b83f,39fe373cdcb4534addde73890415b660,SO56539,48,GL-H102-L,2,48,427ed6396fba4ed8ead9ec3229517d2b
15684,830e779850b1d58733a7ad711bf6b83f,39fe373cdcb4534addde73890415b660,SO56539,29,TI-T723,1,29,427ed6396fba4ed8ead9ec3229517d2b
15684,830e779850b1d58733a7ad711bf6b83f,39fe373cdcb4534addde73890415b660,SO56539,5,TT-T092,1,5,427ed6396fba4ed8ead9ec3229517d2b
15684,abc0c3928eca59906d9e88433e5105be,9adbaac8d97fd446c4d97ce11625bd78,SO47514,4364,BK-R89B-52,2,4364,9a565a7d2e70265a68ce424b97f03cfe
15684,d945ec2aae74dbfb829453026b91c235,348f48807f500aeac729fb17d9bc97f1,SO61327,4590,BK-M68B-38,2,4590,eef21e68ecca703bb338920b950f203c
15684,d945ec2aae74dbfb829453026b91c235,348f48807f500aeac729fb17d9bc97f1,SO61327,27,CA-1098,3,27,eef21e68ecca703bb338920b950f203c
15684,d945ec2aae74dbfb829453026b91c235,348f48807f500aeac729fb17d9bc97f1,SO61327,105,HL-U509-R,3,105,eef21e68ecca703bb338920b950f203c
15685,2fe1a028f9398deb2efcd536c8246fae,9913e55755fcc4267a06c1e6adbbc7fb,SO62588,4590,BK-M68B-46,2,4590,8dd08d219271ec96c543f486de430703
15685,2fe1a028f9398deb2efcd536c8246fae,9913e55755fcc4267a06c1e6adbbc7fb,SO62588,22,FE-6654,1,22,8dd08d219271ec96c543f486de430703
15685,34fbf2f6480a253f5b18c3295860e4ca,4b07ddfa8857087c363c1402c6fbcaa1,SO47629,2443,BK-R89R-52,1,2443,feac3e52d8032301cde96120a3dfe0d4
15685,a9cefc49af6424b430612adfc69876ee,d34ba8f5d7fd7d5959a34c283fbec422,SO55866,2384,BK-T79Y-60,1,2384,59c3d64cb01cd5ad7fd25246d81a55ff
15685,a9cefc49af6424b430612adfc69876ee,d34ba8f5d7fd7d5959a34c283fbec422,SO55866,27,CA-1098,3,27,59c3d64cb01cd5ad7fd25246d81a55ff
15685,a9cefc49af6424b430612adfc69876ee,d34ba8f5d7fd7d5959a34c283fbec422,SO55866,105,HL-U509-R,3,105,59c3d64cb01cd5ad7fd25246d81a55ff
15686,14e4b13c27fb9bce9938ce35b6597eca,c375f33d72ca7161f341c2726e82d67a,SO53377,33,TI-R982,1,33,9b98d27287b27eeee9ebc06e1d5a9a8d
15686,8fa3bab223bec6501ad71f96bb1067b6,b95a9f47dd73bb9b799a31ae04ee7da1,SO70844,105,HL-U509,3,105,1556bafff387fc8f2f6fef64c1daa6bc
15686,8fa3bab223bec6501ad71f96bb1067b6,b95a9f47dd73bb9b799a31ae04ee7da1,SO70844,5,TT-T092,1,5,1556bafff387fc8f2f6fef64c1daa6bc
15687,013f173c58073e845f675d26fdde1918,ccb91034934bb047c5f6a32eb289b95b,SO60528,10,BC-M005,1,10,d6fb379288416774d139632beb88e26b
15687,013f173c58073e845f675d26fdde1918,ccb91034934bb047c5f6a32eb289b95b,SO60528,4590,BK-M68B-42,2,4590,d6fb379288416774d139632beb88e26b
15687,42c14d5c5a8f3096180b16977a1ea248,141947ecbe6170100396f0be43a07a37,SO49702,4364,BK-R89B-48,2,4364,2c9d527f6ea5c0d14748fcde2dc730c5
15687,ca5b8307fa5f2189fb98330a9d65927c,88077cf01a3e17831c2d0bcca5897c5b,SO73953,4886,BK-R89B-48,2,4886,5cbbe853aa1a5a1370f9a614904c4b15
15687,ca5b8307fa5f2189fb98330a9d65927c,88077cf01a3e17831c2d0bcca5897c5b,SO73953,27,CA-1098,3,27,5cbbe853aa1a5a1370f9a614904c4b15
15687,ca5b8307fa5f2189fb98330a9d65927c,88077cf01a3e17831c2d0bcca5897c5b,SO73953,105,HL-U509-R,3,105,5cbbe853aa1a5a1370f9a614904c4b15
15688,013f173c58073e845f675d26fdde1918,ccb91034934bb047c5f6a32eb289b95b,SO60519,4590,BK-M68B-38,2,4590,d6fb379288416774d139632beb88e26b
15688,013f173c58073e845f675d26fdde1918,ccb91034934bb047c5f6a32eb289b95b,SO60519,27,CA-1098,3,27,d6fb379288416774d139632beb88e26b
15688,013f173c58073e845f675d26fdde1918,ccb91034934bb047c5f6a32eb289b95b,SO60519,105,HL-U509-R,3,105,d6fb379288416774d139632beb88e26b
15688,38d32d96c9adb3ccccf0e286aa08123c,cc2547b3671a031a723a4e3e241d0eed,SO49646,4364,BK-R89B-58,2,4364,6f28d1f037e8b8040be9f35ba03516af
15688,41464bd548f06ca845208f69df30ac82,15aceb75d86814cb479f1b1a9487c3d4,SO53676,1701,BK-R79Y-44,1,1701,3e48b2167bd86ef570e46d0b286c4f74
15689,40883861f6e25a2e09e848a7891f4f38,eba5233d2dd8ea5031e646882335ece0,SO57453,35,TI-M823,1,35,d76e0ba1fa041675ae9af958c5b41ae4
15690,2fb09097185e604aaadbfde958fd6262,a1e59736d286765313b8212467dc64b2,SO74608,33,TI-R982,1,33,88d8e3ff674b1514a19b24621707f0d9
15690,2fb09097185e604aaadbfde958fd6262,a1e59736d286765313b8212467dc64b2,SO74608,4,TT-R982,1,4,88d8e3ff674b1514a19b24621707f0d9
15690,705fa39ab40831529471c768490339ab,63efdd3324df66c9965bd622cdebe06a,SO68852,105,HL-U509,3,105,4584ca349e0920f4436a3c2f36158b85
15690,705fa39ab40831529471c768490339ab,63efdd3324df66c9965bd622cdebe06a,SO68852,5,TT-T092,1,5,4584ca349e0920f4436a3c2f36158b85
15691,290499d9b8e65db426ba9b842714eb6d,606ed413481267c98754e3351f662859,SO62642,10,BC-M005,1,10,d1024973c3d10f08cb9fa1736e6ed8b7
15691,290499d9b8e65db426ba9b842714eb6d,606ed413481267c98754e3351f662859,SO62642,4640,BK-M68S-38,2,4640,d1024973c3d10f08cb9fa1736e6ed8b7
15691,290499d9b8e65db426ba9b842714eb6d,606ed413481267c98754e3351f662859,SO62642,27,CA-1098,3,27,d1024973c3d10f08cb9fa1736e6ed8b7
15691,290499d9b8e65db426ba9b842714eb6d,606ed413481267c98754e3351f662859,SO62642,105,HL-U509-R,3,105,d1024973c3d10f08cb9fa1736e6ed8b7
15691,290499d9b8e65db426ba9b842714eb6d,606ed413481267c98754e3351f662859,SO62642,5,WB-H098,1,5,d1024973c3d10f08cb9fa1736e6ed8b7
15691,4593d632f4e33a6fedc30d17cbdc0c29,c7ba73dc38a0064ac7ceeef22463d8d7,SO46595,3578,BK-R93R-48,1,3578,2f6f8a5ec1c6c4b60d2ceb4eb5ad9c78
15691,a946e75bc65318721cd1e01162d392dd,5efefff01843f5aa3f7d8a4d44b4bf2e,SO63496,2384,BK-T79Y-54,1,2384,3a23b248b732af434a45fce0302aa11f
15692,81a5d08c6beaeec9e42baae5d63dd780,95103530881768b5cfc7e33970db9cd7,SO63362,2384,BK-T79U-46,1,2384,b210069485754303767745919c328b97
15692,81a5d08c6beaeec9e42baae5d63dd780,95103530881768b5cfc7e33970db9cd7,SO63362,105,HL-U509-B,3,105,b210069485754303767745919c328b97
15692,95103530881768b5cfc7e33970db9cd7,2ed3972e38245b633ec6b146c2970148,SO62408,4640,BK-M68S-46,2,4640,305c66634c155cab2b5cc3ce00351eb1
15692,95103530881768b5cfc7e33970db9cd7,2ed3972e38245b633ec6b146c2970148,SO62408,105,HL-U509-B,3,105,305c66634c155cab2b5cc3ce00351eb1
15692,95103530881768b5cfc7e33970db9cd7,2ed3972e38245b633ec6b146c2970148,SO62408,35,TI-M823,1,35,305c66634c155cab2b5cc3ce00351eb1
15692,95103530881768b5cfc7e33970db9cd7,2ed3972e38245b633ec6b146c2970148,SO62408,5,TT-M928,1,5,305c66634c155cab2b5cc3ce00351eb1
15692,f2a989663bc8d65aa827c90de8522a12,9c1231676f7d0735ca17dcc3b53881c6,SO46404,3578,BK-R93R-48,1,3578,62876ffab17a368f47277b256f840157
15693,16918840d98f27ce45948fe73dd5592f,04dbdf67bb8714ba18c9c36d50d1f5dc,SO62703,4590,BK-M68B-46,2,4590,95103530881768b5cfc7e33970db9cd7
15693,29811b471c7da705b519bb457273565b,f7004f672150f926791b3547ca9837cb,SO47644,4364,BK-R89B-48,2,4364,51f131f5e73d6582c708dee703ea6d09
15693,40ff348468b73116a7077c246985e0bf,a2c49941411089cb2a9cbf78cb803c26,SO56794,2384,BK-T79Y-54,1,2384,830e779850b1d58733a7ad711bf6b83f
15693,40ff348468b73116a7077c246985e0bf,a2c49941411089cb2a9cbf78cb803c26,SO56794,27,CA-1098,3,27,830e779850b1d58733a7ad711bf6b83f
15693,40ff348468b73116a7077c246985e0bf,a2c49941411089cb2a9cbf78cb803c26,SO56794,105,HL-U509-R,3,105,830e779850b1d58733a7ad711bf6b83f
15694,0120f4004ede1143c3be6caa4227affe,93ddc10d6cf61153011df052aa76671f,SO66402,2,PK-7098,1,2,07b7d2aed13a63a16377587dcc0abbe8
15694,0120f4004ede1143c3be6caa4227affe,93ddc10d6cf61153011df052aa76671f,SO66402,5,TT-T092,1,5,07b7d2aed13a63a16377587dcc0abbe8
15694,838eec1f117f2cab9e9c306f7efbff28,13b7c2277967bc61802018c764b5b2a0,SO74900,33,TI-R982,1,33,9a027fc72b503940a96d5137762a263e
15694,838eec1f117f2cab9e9c306f7efbff28,13b7c2277967bc61802018c764b5b2a0,SO74900,4,TT-R982,1,4,9a027fc72b503940a96d5137762a263e
15694,838eec1f117f2cab9e9c306f7efbff28,13b7c2277967bc61802018c764b5b2a0,SO74900,64,VE-C304-M,1,64,9a027fc72b503940a96d5137762a263e
15695,18f358e551b5b85912bc952ab9894c0d,abe94c2111c58e9c9672602d41bce66e,SO64946,9,BC-R205,1,9,a6d37e298c3042e300813f55a17e0875
15695,18f358e551b5b85912bc952ab9894c0d,abe94c2111c58e9c9672602d41bce66e,SO64946,2384,BK-T79Y-50,1,2384,a6d37e298c3042e300813f55a17e0875
15695,18f358e551b5b85912bc952ab9894c0d,abe94c2111c58e9c9672602d41bce66e,SO64946,8,CL-9009,1,8,a6d37e298c3042e300813f55a17e0875
15695,18f358e551b5b85912bc952ab9894c0d,abe94c2111c58e9c9672602d41bce66e,SO64946,5,WB-H098,1,5,a6d37e298c3042e300813f55a17e0875
15695,305c66634c155cab2b5cc3ce00351eb1,2becb9647677a1a316b388bbad689580,SO62097,10,BC-M005,1,10,922d04aa1f67bbe0270bfad98508f43e
15695,305c66634c155cab2b5cc3ce00351eb1,2becb9647677a1a316b388bbad689580,SO62097,4590,BK-M68B-46,2,4590,922d04aa1f67bbe0270bfad98508f43e
15695,305c66634c155cab2b5cc3ce00351eb1,2becb9647677a1a316b388bbad689580,SO62097,105,HL-U509,3,105,922d04aa1f67bbe0270bfad98508f43e
15695,e0f48f5bd9667361697fd7895dbec731,671cb8c9b19c0247af30375f5adaed12,SO46393,3578,BK-R93R-56,1,3578,f87821540a577f1c9a7d3e6ff2e77222
15696,0383d48e76cd8a3dfb9e2a890f2cac18,d6fb379288416774d139632beb88e26b,SO60993,159,ST-1401,1,159,883b9b4170853b321c03290f64ba199f
15696,0383d48e76cd8a3dfb9e2a890f2cac18,d6fb379288416774d139632beb88e26b,SO60993,35,TI-M823,1,35,883b9b4170853b321c03290f64ba199f
15696,0383d48e76cd8a3dfb9e2a890f2cac18,d6fb379288416774d139632beb88e26b,SO60993,5,TT-M928,1,5,883b9b4170853b321c03290f64ba199f
15697,0814775cfc25da756a9b4197347ab771,d76e0ba1fa041675ae9af958c5b41ae4,SO57842,9,BC-R205,1,9,de22d232bbe84481579f6252f1e7091d
15697,0814775cfc25da756a9b4197347ab771,d76e0ba1fa041675ae9af958c5b41ae4,SO57842,2384,BK-T79Y-46,1,2384,de22d232bbe84481579f6252f1e7091d
15697,0814775cfc25da756a9b4197347ab771,d76e0ba1fa041675ae9af958c5b41ae4,SO57842,27,CA-1098,3,27,de22d232bbe84481579f6252f1e7091d
15697,0814775cfc25da756a9b4197347ab771,d76e0ba1fa041675ae9af958c5b41ae4,SO57842,54,SJ-0194-L,1,54,de22d232bbe84481579f6252f1e7091d
15697,0814775cfc25da756a9b4197347ab771,d76e0ba1fa041675ae9af958c5b41ae4,SO57842,5,WB-H098,1,5,de22d232bbe84481579f6252f1e7091d
15697,2becb9647677a1a316b388bbad689580,013f173c58073e845f675d26fdde1918,SO61382,10,BC-M005,1,10,0383d48e76cd8a3dfb9e2a890f2cac18
15697,2becb9647677a1a316b388bbad689580,013f173c58073e845f675d26fdde1918,SO61382,4590,BK-M68B-46,2,4590,0383d48e76cd8a3dfb9e2a890f2cac18
15697,2becb9647677a1a316b388bbad689580,013f173c58073e845f675d26fdde1918,SO61382,22,FE-6654,1,22,0383d48e76cd8a3dfb9e2a890f2cac18
15697,2becb9647677a1a316b388bbad689580,013f173c58073e845f675d26fdde1918,SO61382,5,WB-H098,1,5,0383d48e76cd8a3dfb9e2a890f2cac18
15697,f7004f672150f926791b3547ca9837cb,9a565a7d2e70265a68ce424b97f03cfe,SO47565,4364,BK-R89B-52,2,4364,09a92962b3b77384fb4671e2a6803a84
15698,fee8e08233f3f00450bce31967abb0f1,331afa0aff1b1cfbf3d24944ab38c9d2,SO70550,2,PK-7098,1,2,86bfb8ffc7a79e52d833cedce4d275bf
15698,fee8e08233f3f00450bce31967abb0f1,331afa0aff1b1cfbf3d24944ab38c9d2,SO70550,35,TI-M823,1,35,86bfb8ffc7a79e52d833cedce4d275bf
15698,fee8e08233f3f00450bce31967abb0f1,331afa0aff1b1cfbf3d24944ab38c9d2,SO70550,5,TT-M928,1,5,86bfb8ffc7a79e52d833cedce4d275bf
15699,61e00b038efd34bdf9c747596273cbcf,7130adfd843cdcb6d0bcd9d13792693a,SO64049,9,BC-R205,1,9,4b5c3229e0725ef8d303f494db9faec8
15699,61e00b038efd34bdf9c747596273cbcf,7130adfd843cdcb6d0bcd9d13792693a,SO64049,2384,BK-T79Y-50,1,2384,4b5c3229e0725ef8d303f494db9faec8
15699,61e00b038efd34bdf9c747596273cbcf,7130adfd843cdcb6d0bcd9d13792693a,SO64049,105,HL-U509-R,3,105,4b5c3229e0725ef8d303f494db9faec8
15699,61e00b038efd34bdf9c747596273cbcf,7130adfd843cdcb6d0bcd9d13792693a,SO64049,150,LJ-0192-L,3,150,4b5c3229e0725ef8d303f494db9faec8
15699,61e00b038efd34bdf9c747596273cbcf,7130adfd843cdcb6d0bcd9d13792693a,SO64049,5,WB-H098,1,5,4b5c3229e0725ef8d303f494db9faec8
15699,72171e6e7eab0887133ec8422525979d,03e9c154083778a02a19e7d2c3dcd97d,SO46739,4364,BK-R89B-44,2,4364,e348aa55d5b10dd2c23ab2b7ce7e1e5f
15699,d1024973c3d10f08cb9fa1736e6ed8b7,f8025d3776b5f7522a6120cb4e9e0783,SO62353,10,BC-M005,1,10,5c741aa8e0753be65314a304e7b39c14
15699,d1024973c3d10f08cb9fa1736e6ed8b7,f8025d3776b5f7522a6120cb4e9e0783,SO62353,4590,BK-M68B-46,2,4590,5c741aa8e0753be65314a304e7b39c14
15700,0d15ba5aa4c9ad0377b26e0cf7a86280,b21e833d3ead6056f1265f13fe1ff015,SO61442,4590,BK-M68B-46,2,4590,4a70a3ec50fd16032883bf6fc79c55dd
15700,0d15ba5aa4c9ad0377b26e0cf7a86280,b21e833d3ead6056f1265f13fe1ff015,SO61442,35,TI-M823,1,35,4a70a3ec50fd16032883bf6fc79c55dd
15700,3c8e2c51453f4d665f1050da871dead6,1f50dad3f1493a5cf408c4eb3987479e,SO55396,1701,BK-R79Y-42,1,1701,d34ba8f5d7fd7d5959a34c283fbec422
15700,3c8e2c51453f4d665f1050da871dead6,1f50dad3f1493a5cf408c4eb3987479e,SO55396,105,HL-U509-B,3,105,d34ba8f5d7fd7d5959a34c283fbec422
15700,fd23826ef02908bf7404839a32ae44b4,3b2d50088b5462490d2079beeb91dc27,SO49813,4364,BK-R89B-58,2,4364,bfe24702a7cb81c4620880adb1bf9ffe
15701,691ad1b0dca3643b923973defd014d47,6dd75c28a9a8a39e02bc0a175f82a9f3,SO67802,105,HL-U509-B,3,105,9f1ff00ea8fd9fd8f2d421ba5ec45a18
15701,691ad1b0dca3643b923973defd014d47,6dd75c28a9a8a39e02bc0a175f82a9f3,SO67802,33,TI-R982,1,33,9f1ff00ea8fd9fd8f2d421ba5ec45a18
15701,691ad1b0dca3643b923973defd014d47,6dd75c28a9a8a39e02bc0a175f82a9f3,SO67802,4,TT-R982,1,4,9f1ff00ea8fd9fd8f2d421ba5ec45a18
15701,d6ab5a0eee939524352092b964d92b84,106dfbaf552c07a1b08d065f2c343982,SO55214,2,PK-7098,1,2,3c4bf68562424c26986beae6ce13704a
15701,d6ab5a0eee939524352092b964d92b84,106dfbaf552c07a1b08d065f2c343982,SO55214,5,TT-T092,1,5,3c4bf68562424c26986beae6ce13704a
15702,8d1d4829b2e801ba4e41ba48f5a549d4,a6d37e298c3042e300813f55a17e0875,SO65558,9,BC-R205,1,9,ccf89c691dabb1412404274596922d90
15702,8d1d4829b2e801ba4e41ba48f5a549d4,a6d37e298c3042e300813f55a17e0875,SO65558,2384,BK-T79Y-46,1,2384,ccf89c691dabb1412404274596922d90
15702,8d1d4829b2e801ba4e41ba48f5a549d4,a6d37e298c3042e300813f55a17e0875,SO65558,8,CL-9009,1,8,ccf89c691dabb1412404274596922d90
15702,8d1d4829b2e801ba4e41ba48f5a549d4,a6d37e298c3042e300813f55a17e0875,SO65558,5,WB-H098,1,5,ccf89c691dabb1412404274596922d90
15702,94b225b5b1f09ecd5e8ecdfb681ff04c,03bf7d2a8718ee9aca4bd2f37e962fc4,SO64312,4590,BK-M68B-38,2,4590,61e00b038efd34bdf9c747596273cbcf
15702,94b225b5b1f09ecd5e8ecdfb681ff04c,03bf7d2a8718ee9aca4bd2f37e962fc4,SO64312,105,HL-U509-R,3,105,61e00b038efd34bdf9c747596273cbcf
15702,de3a4af731cd077daa2beb37e580c57f,4a318fb9cfbe73b094d25673d3ce9e38,SO46769,4364,BK-R89B-52,2,4364,3509cccaf2642efa12aab8da9ba03c1f
15703,361e2c62255e0c1887ac2139911ca300,20b5e9ce0f87defd975a322149ec8cc6,SO51901,105,HL-U509-B,3,105,eedd9be5500334505ed9d4aef801ac3d
15703,361e2c62255e0c1887ac2139911ca300,20b5e9ce0f87defd975a322149ec8cc6,SO51901,35,TI-M823,1,35,eedd9be5500334505ed9d4aef801ac3d
15703,361e2c62255e0c1887ac2139911ca300,20b5e9ce0f87defd975a322149ec8cc6,SO51901,5,TT-M928,1,5,eedd9be5500334505ed9d4aef801ac3d
15704,c87874400b9f907bdf9ea37d75a4b341,23bd9a9b90557e9da7babfb8e3d2df22,SO64561,35,TI-M823,1,35,8b9fe4b34e3c54f08bfcac3d9691e260
15705,174acf6ca4e9804d47a59a499422e621,5abaefcc8525a8f4cfd95cba9e926532,SO58314,105,HL-U509-B,3,105,eba6cab7267f82e3b2a063d5ea445bb9
15705,174acf6ca4e9804d47a59a499422e621,5abaefcc8525a8f4cfd95cba9e926532,SO58314,35,TI-M823,1,35,eba6cab7267f82e3b2a063d5ea445bb9
15706,dba3e44e23a1d2c2f299811e94db7fce,51c449e55b4a63a16fb45beb689150d5,SO54287,35,TI-M823,1,35,226d694fb4b7f71d62444f9528be8704
15707,05e7920e8caf0303dc01b77666952b75,eea5b3bd1bd5d5c62a1d22f78d3ba263,SO66234,35,TI-M823,1,35,3a2f313512bb520c43971e54ba834dec
15708,714597fe9448176d17876617114a65bc,d6ec5bff1a0809822c740ce35792fa7a,SO53216,105,HL-U509,3,105,3143ce3c6436ed5bd25398756b7b661d
15708,714597fe9448176d17876617114a65bc,d6ec5bff1a0809822c740ce35792fa7a,SO53216,35,TI-M823,1,35,3143ce3c6436ed5bd25398756b7b661d
15708,714597fe9448176d17876617114a65bc,d6ec5bff1a0809822c740ce35792fa7a,SO53216,5,TT-M928,1,5,3143ce3c6436ed5bd25398756b7b661d
15709,3c4bf68562424c26986beae6ce13704a,dba3e44e23a1d2c2f299811e94db7fce,SO54954,55,HY-1023-70,1,55,1f50dad3f1493a5cf408c4eb3987479e
15709,3c4bf68562424c26986beae6ce13704a,dba3e44e23a1d2c2f299811e94db7fce,SO54954,35,TI-M823,1,35,1f50dad3f1493a5cf408c4eb3987479e
15709,3c4bf68562424c26986beae6ce13704a,dba3e44e23a1d2c2f299811e94db7fce,SO54954,5,TT-M928,1,5,1f50dad3f1493a5cf408c4eb3987479e
15710,141947ecbe6170100396f0be43a07a37,f503064ebf1d6c48e58be9df2aa9a79b,SO49598,4364,BK-R89B-48,2,4364,f67641ca977673896f765fef2e0d4486
15710,2fe1a028f9398deb2efcd536c8246fae,9913e55755fcc4267a06c1e6adbbc7fb,SO62587,1701,BK-R79Y-48,1,1701,8dd08d219271ec96c543f486de430703
15710,2fe1a028f9398deb2efcd536c8246fae,9913e55755fcc4267a06c1e6adbbc7fb,SO62587,105,HL-U509-B,3,105,8dd08d219271ec96c543f486de430703
15710,2fe1a028f9398deb2efcd536c8246fae,9913e55755fcc4267a06c1e6adbbc7fb,SO62587,150,LJ-0192-S,3,150,8dd08d219271ec96c543f486de430703
15710,2fe1a028f9398deb2efcd536c8246fae,9913e55755fcc4267a06c1e6adbbc7fb,SO62587,25,TI-R628,1,25,8dd08d219271ec96c543f486de430703
15710,2fe1a028f9398deb2efcd536c8246fae,9913e55755fcc4267a06c1e6adbbc7fb,SO62587,4,TT-R982,1,4,8dd08d219271ec96c543f486de430703
15710,95103530881768b5cfc7e33970db9cd7,2ed3972e38245b633ec6b146c2970148,SO62411,4640,BK-M68S-42,2,4640,305c66634c155cab2b5cc3ce00351eb1
15711,244cede513841376c37dc856f2f5e7b9,5e1b952a22eccca86f7f056a9efb42a4,SO58389,150,LJ-0192-M,3,150,debbb2493c6588799fc787e1854bcda5
15711,244cede513841376c37dc856f2f5e7b9,5e1b952a22eccca86f7f056a9efb42a4,SO58389,5,TT-T092,1,5,debbb2493c6588799fc787e1854bcda5
15711,d53f9d33cac0a297449a74a10d031570,e0bcd0ff3072dfe15609d6be1529b0b8,SO61566,105,HL-U509,3,105,4cc27df81afd686c0420394e090460cb
15711,d53f9d33cac0a297449a74a10d031570,e0bcd0ff3072dfe15609d6be1529b0b8,SO61566,33,TI-R982,1,33,4cc27df81afd686c0420394e090460cb
15711,d53f9d33cac0a297449a74a10d031570,e0bcd0ff3072dfe15609d6be1529b0b8,SO61566,4,TT-R982,1,4,4cc27df81afd686c0420394e090460cb
15712,606ed413481267c98754e3351f662859,4ddc8821c34bceaf3dba4a18741acca3,SO61939,33,TI-R982,1,33,f8025d3776b5f7522a6120cb4e9e0783
15712,7e15f50bd26e439e6a22f5205a8064db,a1d0c0a14c6c8f8a8ef8220209c23a64,SO67877,9,BC-R205,1,9,702a02712215141594ddf8e52b0a651c
15712,7e15f50bd26e439e6a22f5205a8064db,a1d0c0a14c6c8f8a8ef8220209c23a64,SO67877,5,TT-T092,1,5,702a02712215141594ddf8e52b0a651c
15712,7e15f50bd26e439e6a22f5205a8064db,a1d0c0a14c6c8f8a8ef8220209c23a64,SO67877,5,WB-H098,1,5,702a02712215141594ddf8e52b0a651c
15713,a9cd7a99d71cca9cb644010050374ade,3db19f5f710f10e90ecc7154c649d60a,SO71730,5,TT-T092,1,5,128ee9ff420de424a605a0ee4a6f7916
15713,e0cd1349b4c6e1b5f14ed427e358c2d0,f06fd077b6afc2d69af6e1e548da266d,SO70341,33,TI-R982,1,33,b95a9f47dd73bb9b799a31ae04ee7da1
15714,63efdd3324df66c9965bd622cdebe06a,7acd252f45ad6fe668386456a673d543,SO68051,27,CA-1098,3,27,6e32728b966bb91cefefa1316da21ca8
15714,63efdd3324df66c9965bd622cdebe06a,7acd252f45ad6fe668386456a673d543,SO68051,105,HL-U509,3,105,6e32728b966bb91cefefa1316da21ca8
15714,63efdd3324df66c9965bd622cdebe06a,7acd252f45ad6fe668386456a673d543,SO68051,35,TI-M823,1,35,6e32728b966bb91cefefa1316da21ca8
15714,63efdd3324df66c9965bd622cdebe06a,7acd252f45ad6fe668386456a673d543,SO68051,5,TT-M928,1,5,6e32728b966bb91cefefa1316da21ca8
15715,ba19c22033aaecc6c5dad47f63e5858c,8dd08d219271ec96c543f486de430703,SO63007,25,TI-R628,1,25,16918840d98f27ce45948fe73dd5592f
15715,ec24e4cf9fcc90f3bbe81b2fb3735c21,c4369eefdf9bb8a3f9115e96b40aaf17,SO69798,10,BC-M005,1,10,f06fd077b6afc2d69af6e1e548da266d
15715,ec24e4cf9fcc90f3bbe81b2fb3735c21,c4369eefdf9bb8a3f9115e96b40aaf17,SO69798,5,WB-H098,1,5,f06fd077b6afc2d69af6e1e548da266d
15716,7e15f50bd26e439e6a22f5205a8064db,a1d0c0a14c6c8f8a8ef8220209c23a64,SO67894,4640,BK-M68S-46,2,4640,702a02712215141594ddf8e52b0a651c
15716,7e15f50bd26e439e6a22f5205a8064db,a1d0c0a14c6c8f8a8ef8220209c23a64,SO67894,27,CA-1098,3,27,702a02712215141594ddf8e52b0a651c
15716,7e15f50bd26e439e6a22f5205a8064db,a1d0c0a14c6c8f8a8ef8220209c23a64,SO67894,105,HL-U509-R,3,105,702a02712215141594ddf8e52b0a651c
15716,7e15f50bd26e439e6a22f5205a8064db,a1d0c0a14c6c8f8a8ef8220209c23a64,SO67894,54,SJ-0194-S,1,54,702a02712215141594ddf8e52b0a651c
15716,c8f4a6002944b338d50dcc7eb3b056c8,aa42aae45cd2488a20db2ff74ed044f7,SO50560,4098,BK-M68B-46,2,4098,90f30c53e79c8b6bcde12e74a091432c
15717,2d3821c62d6665c47296272022e338e1,34ac3f5a318d1a93a8a4ad7dfac9fb98,SO50489,4098,BK-M68B-46,2,4098,5d8c6714b72d01c132804ea13b83dd02
15717,e0cd1349b4c6e1b5f14ed427e358c2d0,f06fd077b6afc2d69af6e1e548da266d,SO70361,4640,BK-M68S-38,2,4640,b95a9f47dd73bb9b799a31ae04ee7da1
15717,e0cd1349b4c6e1b5f14ed427e358c2d0,f06fd077b6afc2d69af6e1e548da266d,SO70361,2,PK-7098,1,2,b95a9f47dd73bb9b799a31ae04ee7da1
15717,e0cd1349b4c6e1b5f14ed427e358c2d0,f06fd077b6afc2d69af6e1e548da266d,SO70361,35,TI-M823,1,35,b95a9f47dd73bb9b799a31ae04ee7da1
15717,e0cd1349b4c6e1b5f14ed427e358c2d0,f06fd077b6afc2d69af6e1e548da266d,SO70361,5,TT-M928,1,5,b95a9f47dd73bb9b799a31ae04ee7da1
15718,43e2cc7ff261723f93f64f3f7e9faa8d,a6f2945baeceeef4c8d541a22f6e99e9,SO73414,25,TI-R628,1,25,88077cf01a3e17831c2d0bcca5897c5b
15718,43e2cc7ff261723f93f64f3f7e9faa8d,a6f2945baeceeef4c8d541a22f6e99e9,SO73414,4,TT-R982,1,4,88077cf01a3e17831c2d0bcca5897c5b
15718,c507827aa5f4f6bbedf64058461c621b,6d1d8a1c7851eb5a946d45009cea6d9f,SO66441,105,HL-U509-R,3,105,dfcee565bb2da80a7b76451a5cd314a1
15719,331afa0aff1b1cfbf3d24944ab38c9d2,c885741a5e3e55c84950327011b70289,SO69710,4590,BK-M68B-46,2,4590,962bae2fb03296a3b9cacabfa929322c
15719,331afa0aff1b1cfbf3d24944ab38c9d2,c885741a5e3e55c84950327011b70289,SO69710,22,FE-6654,1,22,962bae2fb03296a3b9cacabfa929322c
15719,331afa0aff1b1cfbf3d24944ab38c9d2,c885741a5e3e55c84950327011b70289,SO69710,64,VE-C304-M,1,64,962bae2fb03296a3b9cacabfa929322c
15719,f5d822432c5ffbc58e8bd3ffc7607c1b,2d3821c62d6665c47296272022e338e1,SO50602,4098,BK-M68B-46,2,4098,9af1e473046ebbc43d1ad2aa50b49777
15720,d5985f40495ba672dff8a99620b879c8,a9adf65abbb865184bf924d14a93d0c4,SO71497,105,HL-U509-R,3,105,8f472ffe3ff3109f420ae91355ff8f3f
15720,f04e53711455521533f4c5ed7dcaa287,5e9b4970006d8f02ba0bc1763fa8b9a6,SO52527,8,CL-9009,1,8,f799d104dd23bb828dcdaaefc4d25b61
15720,f04e53711455521533f4c5ed7dcaa287,5e9b4970006d8f02ba0bc1763fa8b9a6,SO52527,2,PK-7098,1,2,f799d104dd23bb828dcdaaefc4d25b61
15720,f04e53711455521533f4c5ed7dcaa287,5e9b4970006d8f02ba0bc1763fa8b9a6,SO52527,25,TI-R628,1,25,f799d104dd23bb828dcdaaefc4d25b61
15721,7e15f50bd26e439e6a22f5205a8064db,a1d0c0a14c6c8f8a8ef8220209c23a64,SO67847,105,HL-U509-R,3,105,702a02712215141594ddf8e52b0a651c
15721,af1457846a79173ef71dd9d5dd69805a,254d832c83ccdb2c33eab65a4fd196ff,SO60325,55,HY-1023-70,1,55,ce08c22f7777768ce4197eab9727516c
15721,af1457846a79173ef71dd9d5dd69805a,254d832c83ccdb2c33eab65a4fd196ff,SO60325,25,TI-R628,1,25,ce08c22f7777768ce4197eab9727516c
15721,af1457846a79173ef71dd9d5dd69805a,254d832c83ccdb2c33eab65a4fd196ff,SO60325,4,TT-R982,1,4,ce08c22f7777768ce4197eab9727516c
15722,9af1e473046ebbc43d1ad2aa50b49777,5d8c6714b72d01c132804ea13b83dd02,SO50544,4098,BK-M68B-46,2,4098,e7474cc4160afe50284f7f7c3679b3c1
15722,e871b36e68b0b3d0af9c742d81fef27a,3fe686907939d07097f6c87f08025422,SO70153,4640,BK-M68S-46,2,4640,1faee5670542865e021595151379fe5c
15722,e871b36e68b0b3d0af9c742d81fef27a,3fe686907939d07097f6c87f08025422,SO70153,48,GL-H102-M,2,48,1faee5670542865e021595151379fe5c
15722,e871b36e68b0b3d0af9c742d81fef27a,3fe686907939d07097f6c87f08025422,SO70153,55,HY-1023-70,1,55,1faee5670542865e021595151379fe5c
15723,28ba281a58dae2613cc89f9d101be807,f1877c1756a68271d12db39ddc87dad7,SO50456,4098,BK-M68B-42,2,4098,086ede30a02aceddb0b53ef006935d73
15723,c4c454d69a39e60a6f5cf2f97148adad,49fce086a31f1cfcf16b54e462f7cbc0,SO71609,4640,BK-M68S-42,2,4640,31c99d724c1f182c60edb82eb4740277
15723,c4c454d69a39e60a6f5cf2f97148adad,49fce086a31f1cfcf16b54e462f7cbc0,SO71609,105,HL-U509-B,3,105,31c99d724c1f182c60edb82eb4740277
15723,c4c454d69a39e60a6f5cf2f97148adad,49fce086a31f1cfcf16b54e462f7cbc0,SO71609,35,TI-M823,1,35,31c99d724c1f182c60edb82eb4740277
15723,c4c454d69a39e60a6f5cf2f97148adad,49fce086a31f1cfcf16b54e462f7cbc0,SO71609,5,TT-M928,1,5,31c99d724c1f182c60edb82eb4740277
15724,10286aa18ba7fc1d175af14353ff81c6,decf9fc89a1038c423f1bef01a953ac9,SO50421,4098,BK-M68B-38,2,4098,34ac3f5a318d1a93a8a4ad7dfac9fb98
15724,58c4ce5b9433e7b6d41793d5a76d5590,1556bafff387fc8f2f6fef64c1daa6bc,SO71333,10,BC-M005,1,10,fd5ba6fdeb81e07b2caf0b103489bd8d
15724,58c4ce5b9433e7b6d41793d5a76d5590,1556bafff387fc8f2f6fef64c1daa6bc,SO71333,4590,BK-M68B-38,2,4590,fd5ba6fdeb81e07b2caf0b103489bd8d
15724,58c4ce5b9433e7b6d41793d5a76d5590,1556bafff387fc8f2f6fef64c1daa6bc,SO71333,5,WB-H098,1,5,fd5ba6fdeb81e07b2caf0b103489bd8d
15725,8d35d0f6487ae6100c95dad89a4a414f,6e3dbba03ae025e8c1552d05a28ddae3,SO50583,4142,BK-M68S-42,2,4142,650b814e9875ec60f087b34f3fe85282
15725,f544b472453b297a8b55709fbfd3746d,70951886788165a5e2439adfce4d0cce,SO70075,10,BC-M005,1,10,331afa0aff1b1cfbf3d24944ab38c9d2
15725,f544b472453b297a8b55709fbfd3746d,70951886788165a5e2439adfce4d0cce,SO70075,4590,BK-M68B-46,2,4590,331afa0aff1b1cfbf3d24944ab38c9d2
15725,f544b472453b297a8b55709fbfd3746d,70951886788165a5e2439adfce4d0cce,SO70075,105,HL-U509,3,105,331afa0aff1b1cfbf3d24944ab38c9d2
15725,f544b472453b297a8b55709fbfd3746d,70951886788165a5e2439adfce4d0cce,SO70075,5,WB-H098,1,5,331afa0aff1b1cfbf3d24944ab38c9d2
15726,2797a91b25bc2aa85124c99bc574dc83,86bfb8ffc7a79e52d833cedce4d275bf,SO71075,4640,BK-M68S-42,2,4640,a9adf65abbb865184bf924d14a93d0c4
15726,2797a91b25bc2aa85124c99bc574dc83,86bfb8ffc7a79e52d833cedce4d275bf,SO71075,22,FE-6654,1,22,a9adf65abbb865184bf924d14a93d0c4
15726,2797a91b25bc2aa85124c99bc574dc83,86bfb8ffc7a79e52d833cedce4d275bf,SO71075,2,PK-7098,1,2,a9adf65abbb865184bf924d14a93d0c4
15726,aa42aae45cd2488a20db2ff74ed044f7,e8e793c69d6c0688e51cf9bd1abe03b3,SO50447,4098,BK-M68B-46,2,4098,8242bea4faa7e8112c9c701d437fbe67
15727,5e1b952a22eccca86f7f056a9efb42a4,a8ef76a01442567fb64eb6f4408a9835,SO57694,48,GL-H102-S,2,48,40883861f6e25a2e09e848a7891f4f38
15727,5e1b952a22eccca86f7f056a9efb42a4,a8ef76a01442567fb64eb6f4408a9835,SO57694,150,LJ-0192-L,3,150,40883861f6e25a2e09e848a7891f4f38
15727,5e1b952a22eccca86f7f056a9efb42a4,a8ef76a01442567fb64eb6f4408a9835,SO57694,25,TI-R628,1,25,40883861f6e25a2e09e848a7891f4f38
15727,b2ce0ef2540789e8a6976165b6c917d8,128ee9ff420de424a605a0ee4a6f7916,SO72363,105,HL-U509,3,105,dcf73f840a50da0145f24e8e0169dc4b
15728,b95a9f47dd73bb9b799a31ae04ee7da1,175a5d217fad85df9f6639d7ced1e5d9,SO69952,105,HL-U509-B,3,105,8728a5e296f39e49d2fa74c31820e99f
15728,da9c4ba6c9a1ae8725389bfd38b5763a,3e48b2167bd86ef570e46d0b286c4f74,SO54041,25,TI-R628,1,25,9223b53f03a405f817e91392f0294f6a
15728,da9c4ba6c9a1ae8725389bfd38b5763a,3e48b2167bd86ef570e46d0b286c4f74,SO54041,4,TT-R982,1,4,9223b53f03a405f817e91392f0294f6a
15729,4c198b2e79c53a9853bfbc76e8e8ae1e,254f2678aa3e07c5a9451a18e28f2624,SO51077,4142,BK-M68S-42,2,4142,93963041729da5d8213c536f91ed9402
15729,921bc92a493b53f98f24e6a8a12801be,17520f5649fab40fb66771362888cb90,SO71472,4640,BK-M68S-38,2,4640,6a8d7e42bb852c45fbf8610361d391a0
15729,921bc92a493b53f98f24e6a8a12801be,17520f5649fab40fb66771362888cb90,SO71472,2,PK-7098,1,2,6a8d7e42bb852c45fbf8610361d391a0
15730,c87874400b9f907bdf9ea37d75a4b341,23bd9a9b90557e9da7babfb8e3d2df22,SO64525,27,CA-1098,3,27,8b9fe4b34e3c54f08bfcac3d9691e260
15730,c87874400b9f907bdf9ea37d75a4b341,23bd9a9b90557e9da7babfb8e3d2df22,SO64525,54,SJ-0194-L,1,54,8b9fe4b34e3c54f08bfcac3d9691e260
15730,c87874400b9f907bdf9ea37d75a4b341,23bd9a9b90557e9da7babfb8e3d2df22,SO64525,25,TI-R628,1,25,8b9fe4b34e3c54f08bfcac3d9691e260
15730,fff3c307c93eda1eb91d53ca588846fe,4584ca349e0920f4436a3c2f36158b85,SO69315,105,HL-U509-B,3,105,70951886788165a5e2439adfce4d0cce
15731,8e8847c1bdf012037ee13bb62da8a5c1,c507827aa5f4f6bbedf64058461c621b,SO67212,105,HL-U509-R,3,105,6dd75c28a9a8a39e02bc0a175f82a9f3
15731,d34ba8f5d7fd7d5959a34c283fbec422,9c56075241a26f6fa77eb86b15411c6e,SO55036,25,TI-R628,1,25,ac15b60491fe99190c0248790e690757
15732,4b32c1f268b5edfc6d7f486137468b29,5f8b10fd69342734dd36c905a170cf51,SO50924,4142,BK-M68S-46,2,4142,67c3c5a7bf20d113d8d96abf6cb5e85c
15732,8fa3bab223bec6501ad71f96bb1067b6,b95a9f47dd73bb9b799a31ae04ee7da1,SO70860,10,BC-M005,1,10,1556bafff387fc8f2f6fef64c1daa6bc
15732,8fa3bab223bec6501ad71f96bb1067b6,b95a9f47dd73bb9b799a31ae04ee7da1,SO70860,4590,BK-M68B-38,2,4590,1556bafff387fc8f2f6fef64c1daa6bc
15733,c045063ec789c07ddd7ad868b7789049,1022f3e1145b30057972239301ce3382,SO50878,4098,BK-M68B-38,2,4098,c164277d605c0bcbcd6b5749ac477b26
15733,fee8e08233f3f00450bce31967abb0f1,331afa0aff1b1cfbf3d24944ab38c9d2,SO70581,10,BC-M005,1,10,86bfb8ffc7a79e52d833cedce4d275bf
15733,fee8e08233f3f00450bce31967abb0f1,331afa0aff1b1cfbf3d24944ab38c9d2,SO70581,4640,BK-M68S-38,2,4640,86bfb8ffc7a79e52d833cedce4d275bf
15733,fee8e08233f3f00450bce31967abb0f1,331afa0aff1b1cfbf3d24944ab38c9d2,SO70581,48,GL-H102-S,2,48,86bfb8ffc7a79e52d833cedce4d275bf
15733,fee8e08233f3f00450bce31967abb0f1,331afa0aff1b1cfbf3d24944ab38c9d2,SO70581,105,HL-U509-R,3,105,86bfb8ffc7a79e52d833cedce4d275bf
15733,fee8e08233f3f00450bce31967abb0f1,331afa0aff1b1cfbf3d24944ab38c9d2,SO70581,5,WB-H098,1,5,86bfb8ffc7a79e52d833cedce4d275bf
15734,109423a52128e234487abcd717f01458,f4630495c408b1838e43e9291392dcdf,SO51059,4142,BK-M68S-38,2,4142,6ccfb4540d439b07eef79e9ec663aeee
15734,a9cd7a99d71cca9cb644010050374ade,3db19f5f710f10e90ecc7154c649d60a,SO71756,4640,BK-M68S-46,2,4640,128ee9ff420de424a605a0ee4a6f7916
15734,a9cd7a99d71cca9cb644010050374ade,3db19f5f710f10e90ecc7154c649d60a,SO71756,35,TI-M823,1,35,128ee9ff420de424a605a0ee4a6f7916
15735,3a2f313512bb520c43971e54ba834dec,a1fedb8f5f2e08543339a5f167bee6b7,SO65886,105,HL-U509-B,3,105,e2f0a420a4c1a9e8e292761f835e0489
15735,3a2f313512bb520c43971e54ba834dec,a1fedb8f5f2e08543339a5f167bee6b7,SO65886,150,LJ-0192-L,3,150,e2f0a420a4c1a9e8e292761f835e0489
15735,b21e833d3ead6056f1265f13fe1ff015,7983129d9883ebc3b9dce3311996b001,SO60567,2,PK-7098,1,2,4804ee33768b143d9706052696f7dfbd
15735,b21e833d3ead6056f1265f13fe1ff015,7983129d9883ebc3b9dce3311996b001,SO60567,25,TI-R628,1,25,4804ee33768b143d9706052696f7dfbd
15735,b21e833d3ead6056f1265f13fe1ff015,7983129d9883ebc3b9dce3311996b001,SO60567,4,TT-R982,1,4,4804ee33768b143d9706052696f7dfbd
15736,3f72b837978dcd042b73e7270f11a4ca,83d1ed00595e79ee5ea3797e97970fe8,SO70275,10,BC-M005,1,10,99c8f306659fd98cbb9d7f03ec0c2a7a
15736,3f72b837978dcd042b73e7270f11a4ca,83d1ed00595e79ee5ea3797e97970fe8,SO70275,22,FE-6654,1,22,99c8f306659fd98cbb9d7f03ec0c2a7a
15736,3f72b837978dcd042b73e7270f11a4ca,83d1ed00595e79ee5ea3797e97970fe8,SO70275,105,HL-U509,3,105,99c8f306659fd98cbb9d7f03ec0c2a7a
15736,3f72b837978dcd042b73e7270f11a4ca,83d1ed00595e79ee5ea3797e97970fe8,SO70275,5,TT-M928,1,5,99c8f306659fd98cbb9d7f03ec0c2a7a
15736,3f72b837978dcd042b73e7270f11a4ca,83d1ed00595e79ee5ea3797e97970fe8,SO70275,5,WB-H098,1,5,99c8f306659fd98cbb9d7f03ec0c2a7a
15737,02b96ab6e0935145589be4e1408a1675,58f0b42da53adeeccbfa693883fea672,SO65372,10,BC-M005,1,10,b68fd63ca41d49bfc1b18251202c053f
15737,02b96ab6e0935145589be4e1408a1675,58f0b42da53adeeccbfa693883fea672,SO65372,4590,BK-M68B-42,2,4590,b68fd63ca41d49bfc1b18251202c053f
15737,02b96ab6e0935145589be4e1408a1675,58f0b42da53adeeccbfa693883fea672,SO65372,22,FE-6654,1,22,b68fd63ca41d49bfc1b18251202c053f
15737,02b96ab6e0935145589be4e1408a1675,58f0b42da53adeeccbfa693883fea672,SO65372,2,PK-7098,1,2,b68fd63ca41d49bfc1b18251202c053f
15737,02b96ab6e0935145589be4e1408a1675,58f0b42da53adeeccbfa693883fea672,SO65372,5,WB-H098,1,5,b68fd63ca41d49bfc1b18251202c053f
15737,141947ecbe6170100396f0be43a07a37,f503064ebf1d6c48e58be9df2aa9a79b,SO49602,1566,BK-R50R-52,2,1566,f67641ca977673896f765fef2e0d4486
15738,47a161474962a6dcc03cfa64127a641f,8920fd63645007b243abb750709b1172,SO73210,2,PK-7098,1,2,c5ed53572c667b119dde2fc0f54de602
15738,47a161474962a6dcc03cfa64127a641f,8920fd63645007b243abb750709b1172,SO73210,159,ST-1401,1,159,c5ed53572c667b119dde2fc0f54de602
15738,47a161474962a6dcc03cfa64127a641f,8920fd63645007b243abb750709b1172,SO73210,5,TT-M928,1,5,c5ed53572c667b119dde2fc0f54de602
15739,6582aa26281b9a92ad60e6a03e274c00,232e830f1ac667c081eaaca23cdf9b5f,SO65431,4640,BK-M68S-42,2,4640,18f358e551b5b85912bc952ab9894c0d
15739,6582aa26281b9a92ad60e6a03e274c00,232e830f1ac667c081eaaca23cdf9b5f,SO65431,2,PK-7098,1,2,18f358e551b5b85912bc952ab9894c0d
15739,6582aa26281b9a92ad60e6a03e274c00,232e830f1ac667c081eaaca23cdf9b5f,SO65431,35,TI-M823,1,35,18f358e551b5b85912bc952ab9894c0d
15739,f67641ca977673896f765fef2e0d4486,043dc8381a880800c6904db9a2d6994e,SO49554,1566,BK-R50B-62,2,1566,6b775fbfe9534ff161531d4406ebb878
15740,f88b3743a9ce1f9455b6de69380b486a,64cadfde6f66bc25043d0d69f5ae5471,SO66602,105,HL-U509-R,3,105,3dc63b2d6dcc8f0b6720b06b5439a0b1
15740,f88b3743a9ce1f9455b6de69380b486a,64cadfde6f66bc25043d0d69f5ae5471,SO66602,5,TT-M928,1,5,3dc63b2d6dcc8f0b6720b06b5439a0b1
15741,c4369eefdf9bb8a3f9115e96b40aaf17,b34050290c25b0f7b52a2b8f767df87d,SO68766,105,HL-U509-R,3,105,c135545cc3f3a739132ffdbc8096f3d4
15741,c4369eefdf9bb8a3f9115e96b40aaf17,b34050290c25b0f7b52a2b8f767df87d,SO68766,150,LJ-0192-L,3,150,c135545cc3f3a739132ffdbc8096f3d4
15741,c4369eefdf9bb8a3f9115e96b40aaf17,b34050290c25b0f7b52a2b8f767df87d,SO68766,5,TT-M928,1,5,c135545cc3f3a739132ffdbc8096f3d4
15742,18bea060239713ee5f865109f63f3a8a,7f026edc73bd4602381834e9b850d6c2,SO52865,105,HL-U509-B,3,105,d6ec5bff1a0809822c740ce35792fa7a
15742,18bea060239713ee5f865109f63f3a8a,7f026edc73bd4602381834e9b850d6c2,SO52865,5,TT-M928,1,5,d6ec5bff1a0809822c740ce35792fa7a
15743,921bc92a493b53f98f24e6a8a12801be,17520f5649fab40fb66771362888cb90,SO71445,105,HL-U509-R,3,105,6a8d7e42bb852c45fbf8610361d391a0
15743,921bc92a493b53f98f24e6a8a12801be,17520f5649fab40fb66771362888cb90,SO71445,5,TT-M928,1,5,6a8d7e42bb852c45fbf8610361d391a0
15744,94b225b5b1f09ecd5e8ecdfb681ff04c,03bf7d2a8718ee9aca4bd2f37e962fc4,SO64332,8,CL-9009,1,8,61e00b038efd34bdf9c747596273cbcf
15744,94b225b5b1f09ecd5e8ecdfb681ff04c,03bf7d2a8718ee9aca4bd2f37e962fc4,SO64332,5,TT-M928,1,5,61e00b038efd34bdf9c747596273cbcf
15745,6582aa26281b9a92ad60e6a03e274c00,232e830f1ac667c081eaaca23cdf9b5f,SO65419,105,HL-U509-R,3,105,18f358e551b5b85912bc952ab9894c0d
15745,6582aa26281b9a92ad60e6a03e274c00,232e830f1ac667c081eaaca23cdf9b5f,SO65419,150,LJ-0192-S,3,150,18f358e551b5b85912bc952ab9894c0d
15745,6582aa26281b9a92ad60e6a03e274c00,232e830f1ac667c081eaaca23cdf9b5f,SO65419,5,TT-M928,1,5,18f358e551b5b85912bc952ab9894c0d
15746,545a3d56d20b22e09aa85bfa5ed8738d,31c99d724c1f182c60edb82eb4740277,SO72215,5,TT-M928,1,5,a9cd7a99d71cca9cb644010050374ade
15747,6866da5d40f1aad2d82129d5ffa25bda,b68fd63ca41d49bfc1b18251202c053f,SO65766,105,HL-U509-B,3,105,eea5b3bd1bd5d5c62a1d22f78d3ba263
15747,6866da5d40f1aad2d82129d5ffa25bda,b68fd63ca41d49bfc1b18251202c053f,SO65766,5,TT-M928,1,5,eea5b3bd1bd5d5c62a1d22f78d3ba263
15748,0383d48e76cd8a3dfb9e2a890f2cac18,d6fb379288416774d139632beb88e26b,SO60981,150,LJ-0192-L,3,150,883b9b4170853b321c03290f64ba199f
15748,0383d48e76cd8a3dfb9e2a890f2cac18,d6fb379288416774d139632beb88e26b,SO60981,70,SH-W890-M,1,70,883b9b4170853b321c03290f64ba199f
15748,d5985f40495ba672dff8a99620b879c8,a9adf65abbb865184bf924d14a93d0c4,SO71535,22,FE-6654,1,22,8f472ffe3ff3109f420ae91355ff8f3f
15748,d5985f40495ba672dff8a99620b879c8,a9adf65abbb865184bf924d14a93d0c4,SO71535,105,HL-U509-R,3,105,8f472ffe3ff3109f420ae91355ff8f3f
15748,df595e3c678d4fae23ce174fe747165e,07b31bae17c7890b17d79a654aa230cf,SO58859,105,HL-U509-R,3,105,75fe8d7dec9d2a51be64595ab37dc674
15748,df595e3c678d4fae23ce174fe747165e,07b31bae17c7890b17d79a654aa230cf,SO58859,150,LJ-0192-S,3,150,75fe8d7dec9d2a51be64595ab37dc674
15748,df595e3c678d4fae23ce174fe747165e,07b31bae17c7890b17d79a654aa230cf,SO58859,30,TI-M602,1,30,75fe8d7dec9d2a51be64595ab37dc674
15748,df595e3c678d4fae23ce174fe747165e,07b31bae17c7890b17d79a654aa230cf,SO58859,5,TT-M928,1,5,75fe8d7dec9d2a51be64595ab37dc674
15749,bb858b10001c01aea17b4e635d0662a2,d612b5fb3f6011688fb0c9927693365a,SO74769,2,PK-7098,1,2,2fb09097185e604aaadbfde958fd6262
15749,bb858b10001c01aea17b4e635d0662a2,d612b5fb3f6011688fb0c9927693365a,SO74769,5,TT-M928,1,5,2fb09097185e604aaadbfde958fd6262
15750,38d32d96c9adb3ccccf0e286aa08123c,cc2547b3671a031a723a4e3e241d0eed,SO49657,1566,BK-R50B-48,2,1566,6f28d1f037e8b8040be9f35ba03516af
15750,a1d0c0a14c6c8f8a8ef8220209c23a64,05e7920e8caf0303dc01b77666952b75,SO66996,10,BC-M005,1,10,cd15e5f80ff20dd345bfaa51400dd0d6
15750,a1d0c0a14c6c8f8a8ef8220209c23a64,05e7920e8caf0303dc01b77666952b75,SO66996,4590,BK-M68B-42,2,4590,cd15e5f80ff20dd345bfaa51400dd0d6
15751,921bc92a493b53f98f24e6a8a12801be,17520f5649fab40fb66771362888cb90,SO71473,4640,BK-M68S-46,2,4640,6a8d7e42bb852c45fbf8610361d391a0
15751,921bc92a493b53f98f24e6a8a12801be,17520f5649fab40fb66771362888cb90,SO71473,55,HY-1023-70,1,55,6a8d7e42bb852c45fbf8610361d391a0
15751,9cdb18f37bdd2084cec3f36c200212be,a0ab7eafc534bc4a8a48cd6e1cfc4d24,SO51018,4142,BK-M68S-38,2,4142,c96b659647361342a1bb035614c242b1
15752,921bc92a493b53f98f24e6a8a12801be,17520f5649fab40fb66771362888cb90,SO71474,4590,BK-M68B-46,2,4590,6a8d7e42bb852c45fbf8610361d391a0
15752,921bc92a493b53f98f24e6a8a12801be,17520f5649fab40fb66771362888cb90,SO71474,2,PK-7098,1,2,6a8d7e42bb852c45fbf8610361d391a0
15752,921bc92a493b53f98f24e6a8a12801be,17520f5649fab40fb66771362888cb90,SO71474,35,TI-M823,1,35,6a8d7e42bb852c45fbf8610361d391a0
15752,921bc92a493b53f98f24e6a8a12801be,17520f5649fab40fb66771362888cb90,SO71474,5,TT-M928,1,5,6a8d7e42bb852c45fbf8610361d391a0
15752,c045063ec789c07ddd7ad868b7789049,1022f3e1145b30057972239301ce3382,SO50879,4142,BK-M68S-46,2,4142,c164277d605c0bcbcd6b5749ac477b26
15753,a0ab7eafc534bc4a8a48cd6e1cfc4d24,7dc1c03103798a474aa763047623df54,SO50892,4098,BK-M68B-42,2,4098,5118f4d1a94c19a06818ba12904e26f0
15753,fd5ba6fdeb81e07b2caf0b103489bd8d,e871b36e68b0b3d0af9c742d81fef27a,SO71003,4590,BK-M68B-46,2,4590,17520f5649fab40fb66771362888cb90
15753,fd5ba6fdeb81e07b2caf0b103489bd8d,e871b36e68b0b3d0af9c742d81fef27a,SO71003,55,HY-1023-70,1,55,17520f5649fab40fb66771362888cb90
15754,2797a91b25bc2aa85124c99bc574dc83,86bfb8ffc7a79e52d833cedce4d275bf,SO71076,10,BC-M005,1,10,a9adf65abbb865184bf924d14a93d0c4
15754,2797a91b25bc2aa85124c99bc574dc83,86bfb8ffc7a79e52d833cedce4d275bf,SO71076,4590,BK-M68B-38,2,4590,a9adf65abbb865184bf924d14a93d0c4
15754,2797a91b25bc2aa85124c99bc574dc83,86bfb8ffc7a79e52d833cedce4d275bf,SO71076,105,HL-U509-R,3,105,a9adf65abbb865184bf924d14a93d0c4
15754,2797a91b25bc2aa85124c99bc574dc83,86bfb8ffc7a79e52d833cedce4d275bf,SO71076,5,WB-H098,1,5,a9adf65abbb865184bf924d14a93d0c4
15754,5118f4d1a94c19a06818ba12904e26f0,35a6fa1efa2ccca1297564c53a3633af,SO50833,4142,BK-M68S-42,2,4142,f51bd0753a33f206ae6eb82577c92f80
15755,5f827524a01a15af1043fdb581ce224b,4b32c1f268b5edfc6d7f486137468b29,SO51047,4098,BK-M68B-38,2,4098,2b53375239b19c31e4947cc1033443c0
15755,e0cd1349b4c6e1b5f14ed427e358c2d0,f06fd077b6afc2d69af6e1e548da266d,SO70360,4640,BK-M68S-42,2,4640,b95a9f47dd73bb9b799a31ae04ee7da1
15755,e0cd1349b4c6e1b5f14ed427e358c2d0,f06fd077b6afc2d69af6e1e548da266d,SO70360,105,HL-U509-R,3,105,b95a9f47dd73bb9b799a31ae04ee7da1
15756,109423a52128e234487abcd717f01458,f4630495c408b1838e43e9291392dcdf,SO51060,4142,BK-M68S-38,2,4142,6ccfb4540d439b07eef79e9ec663aeee
15756,86bfb8ffc7a79e52d833cedce4d275bf,962bae2fb03296a3b9cacabfa929322c,SO70227,4590,BK-M68B-42,2,4590,ec24e4cf9fcc90f3bbe81b2fb3735c21
15756,86bfb8ffc7a79e52d833cedce4d275bf,962bae2fb03296a3b9cacabfa929322c,SO70227,105,HL-U509-R,3,105,ec24e4cf9fcc90f3bbe81b2fb3735c21
15756,86bfb8ffc7a79e52d833cedce4d275bf,962bae2fb03296a3b9cacabfa929322c,SO70227,35,TI-M823,1,35,ec24e4cf9fcc90f3bbe81b2fb3735c21
15756,86bfb8ffc7a79e52d833cedce4d275bf,962bae2fb03296a3b9cacabfa929322c,SO70227,5,TT-M928,1,5,ec24e4cf9fcc90f3bbe81b2fb3735c21
15757,5f827524a01a15af1043fdb581ce224b,4b32c1f268b5edfc6d7f486137468b29,SO51048,4142,BK-M68S-42,2,4142,2b53375239b19c31e4947cc1033443c0
15757,a9cd7a99d71cca9cb644010050374ade,3db19f5f710f10e90ecc7154c649d60a,SO71757,4590,BK-M68B-46,2,4590,128ee9ff420de424a605a0ee4a6f7916
15758,6a373d2281ba1487d83680f65dd6e6d0,2fb09097185e604aaadbfde958fd6262,SO74974,105,HL-U509-R,3,105,8592725b85eec4822018b8728dd5b88d
15758,d612b5fb3f6011688fb0c9927693365a,3e107cd1554225ea3056ed5010adce90,SO74365,105,HL-U509-B,3,105,a1e59736d286765313b8212467dc64b2
15758,d612b5fb3f6011688fb0c9927693365a,3e107cd1554225ea3056ed5010adce90,SO74365,25,TI-R628,1,25,a1e59736d286765313b8212467dc64b2
15758,d612b5fb3f6011688fb0c9927693365a,3e107cd1554225ea3056ed5010adce90,SO74365,4,TT-R982,1,4,a1e59736d286765313b8212467dc64b2
15759,ac15b60491fe99190c0248790e690757,ab2e81a99745ffff6c06e2be93290d1b,SO54790,105,HL-U509-R,3,105,0c8ff735cb2b05718573c08173335fd4
15759,ac15b60491fe99190c0248790e690757,ab2e81a99745ffff6c06e2be93290d1b,SO54790,150,LJ-0192-L,3,150,0c8ff735cb2b05718573c08173335fd4
15759,ac15b60491fe99190c0248790e690757,ab2e81a99745ffff6c06e2be93290d1b,SO54790,5,TT-M928,1,5,0c8ff735cb2b05718573c08173335fd4
15760,12092303778fcfa88ed7d284b74c6a6a,40eee601514259a9632d510ca71226cc,SO74808,2,PK-7098,1,2,6cf9e035d2f1d8ffe1b9f2f96a9e7a3a
15760,12092303778fcfa88ed7d284b74c6a6a,40eee601514259a9632d510ca71226cc,SO74808,35,TI-M823,1,35,6cf9e035d2f1d8ffe1b9f2f96a9e7a3a
15760,4a800301260b2639fa1ec3efafb5f86c,23f22724b430320654759f8512440ebc,SO59155,2,PK-7098,1,2,a189cc17a15cdb4e39e80dfcd8374c76
15760,4a800301260b2639fa1ec3efafb5f86c,23f22724b430320654759f8512440ebc,SO59155,29,TI-T723,1,29,a189cc17a15cdb4e39e80dfcd8374c76
15760,4a800301260b2639fa1ec3efafb5f86c,23f22724b430320654759f8512440ebc,SO59155,5,TT-T092,1,5,a189cc17a15cdb4e39e80dfcd8374c76
15760,4cc27df81afd686c0420394e090460cb,39ff8ac1e8a44088f96e17b846ec8baf,SO61287,10,BC-M005,1,10,6477c205c5117a9448ba863e111acf32
15760,4cc27df81afd686c0420394e090460cb,39ff8ac1e8a44088f96e17b846ec8baf,SO61287,54,SJ-0194-M,1,54,6477c205c5117a9448ba863e111acf32
15760,4cc27df81afd686c0420394e090460cb,39ff8ac1e8a44088f96e17b846ec8baf,SO61287,5,WB-H098,1,5,6477c205c5117a9448ba863e111acf32
15760,fef3080ec197edd1a04bb18afd31d16d,b8d9d66529b0a1e91f6137abcdd065dd,SO54883,4,TT-R982,1,4,4310d0d92131e34ff2716d85e1953174
15761,36ab6f1df21f3c9a169c8942e981959a,058af5b2a408d57b708367e5bf4e9d9c,SO67664,10,BC-M005,1,10,8e8847c1bdf012037ee13bb62da8a5c1
15761,36ab6f1df21f3c9a169c8942e981959a,058af5b2a408d57b708367e5bf4e9d9c,SO67664,27,CA-1098,3,27,8e8847c1bdf012037ee13bb62da8a5c1
15761,36ab6f1df21f3c9a169c8942e981959a,058af5b2a408d57b708367e5bf4e9d9c,SO67664,5,WB-H098,1,5,8e8847c1bdf012037ee13bb62da8a5c1
15761,41ef6b06b63ba4f6a5234245a439b157,c4c454d69a39e60a6f5cf2f97148adad,SO72615,48,GL-H102-L,2,48,545a3d56d20b22e09aa85bfa5ed8738d
15761,41ef6b06b63ba4f6a5234245a439b157,c4c454d69a39e60a6f5cf2f97148adad,SO72615,105,HL-U509,3,105,545a3d56d20b22e09aa85bfa5ed8738d
15761,41ef6b06b63ba4f6a5234245a439b157,c4c454d69a39e60a6f5cf2f97148adad,SO72615,35,TI-M823,1,35,545a3d56d20b22e09aa85bfa5ed8738d
15761,41ef6b06b63ba4f6a5234245a439b157,c4c454d69a39e60a6f5cf2f97148adad,SO72615,5,TT-M928,1,5,545a3d56d20b22e09aa85bfa5ed8738d
15761,4c9ae581a14adbccc0bcd009c17b6cbe,56e52500a7f5ab963646137a401683cd,SO75037,4,TT-R982,1,4,838eec1f117f2cab9e9c306f7efbff28
15761,e871b36e68b0b3d0af9c742d81fef27a,3fe686907939d07097f6c87f08025422,SO70105,105,HL-U509-B,3,105,1faee5670542865e021595151379fe5c
15761,e871b36e68b0b3d0af9c742d81fef27a,3fe686907939d07097f6c87f08025422,SO70105,29,TI-T723,1,29,1faee5670542865e021595151379fe5c
15761,e871b36e68b0b3d0af9c742d81fef27a,3fe686907939d07097f6c87f08025422,SO70105,5,TT-T092,1,5,1faee5670542865e021595151379fe5c
15762,6477c205c5117a9448ba863e111acf32,c926349b55a58d87d7d5008c349fd1e9,SO60889,540,BK-R19B-52,1,540,013f173c58073e845f675d26fdde1918
15762,6477c205c5117a9448ba863e111acf32,c926349b55a58d87d7d5008c349fd1e9,SO60889,48,GL-H102-L,2,48,013f173c58073e845f675d26fdde1918
15763,38d32d96c9adb3ccccf0e286aa08123c,cc2547b3671a031a723a4e3e241d0eed,SO49658,1566,BK-R50B-62,2,1566,6f28d1f037e8b8040be9f35ba03516af
15763,fef3080ec197edd1a04bb18afd31d16d,b8d9d66529b0a1e91f6137abcdd065dd,SO54920,540,BK-M18B-48,1,540,4310d0d92131e34ff2716d85e1953174
15763,fef3080ec197edd1a04bb18afd31d16d,b8d9d66529b0a1e91f6137abcdd065dd,SO54920,105,HL-U509-R,3,105,4310d0d92131e34ff2716d85e1953174
15763,fef3080ec197edd1a04bb18afd31d16d,b8d9d66529b0a1e91f6137abcdd065dd,SO54920,25,TI-M267,1,25,4310d0d92131e34ff2716d85e1953174
15763,fef3080ec197edd1a04bb18afd31d16d,b8d9d66529b0a1e91f6137abcdd065dd,SO54920,5,TT-M928,1,5,4310d0d92131e34ff2716d85e1953174
15764,67c3c5a7bf20d113d8d96abf6cb5e85c,c93cdb5d286db70864b70951bb6b1219,SO50870,4142,BK-M68S-38,2,4142,ddc7146176eec240951e44da05d5f12b
15764,e84848120190a8d0e696fbeb15647a74,fff3c307c93eda1eb91d53ca588846fe,SO70437,4640,BK-M68S-46,2,4640,f544b472453b297a8b55709fbfd3746d
15764,e84848120190a8d0e696fbeb15647a74,fff3c307c93eda1eb91d53ca588846fe,SO70437,22,FE-6654,1,22,f544b472453b297a8b55709fbfd3746d
15765,49fce086a31f1cfcf16b54e462f7cbc0,99c8f306659fd98cbb9d7f03ec0c2a7a,SO70807,4640,BK-M68S-46,2,4640,e84848120190a8d0e696fbeb15647a74
15765,93963041729da5d8213c536f91ed9402,460e666a19398f97709b4a361d97ed76,SO51027,4098,BK-M68B-38,2,4098,048405fe051586c63978bfe6b3a8b733
15766,013f173c58073e845f675d26fdde1918,ccb91034934bb047c5f6a32eb289b95b,SO60523,2,PK-7098,1,2,d6fb379288416774d139632beb88e26b
15766,013f173c58073e845f675d26fdde1918,ccb91034934bb047c5f6a32eb289b95b,SO60523,25,TI-R628,1,25,d6fb379288416774d139632beb88e26b
15766,5e9b4970006d8f02ba0bc1763fa8b9a6,b2e85aa5f9c095607e638c7e6e2c694b,SO51930,105,HL-U509-R,3,105,ca510b577b53d588f80b4fc76030ea52
15767,9cdb18f37bdd2084cec3f36c200212be,a0ab7eafc534bc4a8a48cd6e1cfc4d24,SO51019,4098,BK-M68B-46,2,4098,c96b659647361342a1bb035614c242b1
15767,b95a9f47dd73bb9b799a31ae04ee7da1,175a5d217fad85df9f6639d7ced1e5d9,SO69990,4590,BK-M68B-38,2,4590,8728a5e296f39e49d2fa74c31820e99f
15767,b95a9f47dd73bb9b799a31ae04ee7da1,175a5d217fad85df9f6639d7ced1e5d9,SO69990,35,TI-M823,1,35,8728a5e296f39e49d2fa74c31820e99f
15768,4652a559216121874754c7ecfe692e94,9c36ef758665a17e1eeb69b7f8fce1c6,SO49969,1566,BK-R50R-44,2,1566,8dd3ccb09d6ab7dd754ab887e66e8652
15768,a1d0c0a14c6c8f8a8ef8220209c23a64,05e7920e8caf0303dc01b77666952b75,SO66997,4640,BK-M68S-46,2,4640,cd15e5f80ff20dd345bfaa51400dd0d6
15768,a1d0c0a14c6c8f8a8ef8220209c23a64,05e7920e8caf0303dc01b77666952b75,SO66997,22,FE-6654,1,22,cd15e5f80ff20dd345bfaa51400dd0d6
15769,4652a559216121874754c7ecfe692e94,9c36ef758665a17e1eeb69b7f8fce1c6,SO49970,1566,BK-R50R-44,2,1566,8dd3ccb09d6ab7dd754ab887e66e8652
15769,64cadfde6f66bc25043d0d69f5ae5471,18f358e551b5b85912bc952ab9894c0d,SO65850,4640,BK-M68S-38,2,4640,8d1d4829b2e801ba4e41ba48f5a549d4
15769,64cadfde6f66bc25043d0d69f5ae5471,18f358e551b5b85912bc952ab9894c0d,SO65850,22,FE-6654,1,22,8d1d4829b2e801ba4e41ba48f5a549d4
15769,64cadfde6f66bc25043d0d69f5ae5471,18f358e551b5b85912bc952ab9894c0d,SO65850,105,HL-U509-R,3,105,8d1d4829b2e801ba4e41ba48f5a549d4
15770,6ef7b4bb93d4e54234cf965ed2334682,ccf89c691dabb1412404274596922d90,SO66000,10,BC-M005,1,10,93ddc10d6cf61153011df052aa76671f
15770,6ef7b4bb93d4e54234cf965ed2334682,ccf89c691dabb1412404274596922d90,SO66000,4640,BK-M68S-38,2,4640,93ddc10d6cf61153011df052aa76671f
15770,6ef7b4bb93d4e54234cf965ed2334682,ccf89c691dabb1412404274596922d90,SO66000,22,FE-6654,1,22,93ddc10d6cf61153011df052aa76671f
15770,6ef7b4bb93d4e54234cf965ed2334682,ccf89c691dabb1412404274596922d90,SO66000,35,TI-M823,1,35,93ddc10d6cf61153011df052aa76671f
15770,6ef7b4bb93d4e54234cf965ed2334682,ccf89c691dabb1412404274596922d90,SO66000,5,TT-M928,1,5,93ddc10d6cf61153011df052aa76671f
15770,6ef7b4bb93d4e54234cf965ed2334682,ccf89c691dabb1412404274596922d90,SO66000,5,WB-H098,1,5,93ddc10d6cf61153011df052aa76671f
15770,ff9b4d639b22897f1c0256881eeb8643,8dd3ccb09d6ab7dd754ab887e66e8652,SO50042,1566,BK-R50R-44,2,1566,70dbbfe9e1fafe828bd88bd62f0de8f4
15771,0001ffe4d82d0d8f9fec5ab0b4faa2db,3dc63b2d6dcc8f0b6720b06b5439a0b1,SO67068,4640,BK-M68S-38,2,4640,4004a117f65dfd3221a9cce8fce5a45f
15771,0001ffe4d82d0d8f9fec5ab0b4faa2db,3dc63b2d6dcc8f0b6720b06b5439a0b1,SO67068,22,FE-6654,1,22,4004a117f65dfd3221a9cce8fce5a45f
15771,0001ffe4d82d0d8f9fec5ab0b4faa2db,3dc63b2d6dcc8f0b6720b06b5439a0b1,SO67068,150,LJ-0192-M,3,150,4004a117f65dfd3221a9cce8fce5a45f
15771,decf9fc89a1038c423f1bef01a953ac9,104cef6597ea499d4b3c31db81c466f6,SO50148,1566,BK-R50R-48,2,1566,74a9ea32186ec3a0b0657cef3f2b687f
15772,95103530881768b5cfc7e33970db9cd7,2ed3972e38245b633ec6b146c2970148,SO62424,105,HL-U509,3,105,305c66634c155cab2b5cc3ce00351eb1
15772,95103530881768b5cfc7e33970db9cd7,2ed3972e38245b633ec6b146c2970148,SO62424,5,TT-M928,1,5,305c66634c155cab2b5cc3ce00351eb1
15773,870bd4f3713260418e4f342f31dc7e33,94c60e0b5e2b0f78b919a5d4c67d70a2,SO62903,48,GL-H102-L,2,48,2fe1a028f9398deb2efcd536c8246fae
15773,870bd4f3713260418e4f342f31dc7e33,94c60e0b5e2b0f78b919a5d4c67d70a2,SO62903,105,HL-U509-R,3,105,2fe1a028f9398deb2efcd536c8246fae
15773,870bd4f3713260418e4f342f31dc7e33,94c60e0b5e2b0f78b919a5d4c67d70a2,SO62903,5,TT-M928,1,5,2fe1a028f9398deb2efcd536c8246fae
15774,39fe373cdcb4534addde73890415b660,41fc4cb27e0ee552c4c9247e1a476cc5,SO55893,120,RA-H123,1,120,3519c8eb4095dbc69d80eb61856d3435
15774,39fe373cdcb4534addde73890415b660,41fc4cb27e0ee552c4c9247e1a476cc5,SO55893,5,TT-M928,1,5,3519c8eb4095dbc69d80eb61856d3435
15775,58f0b42da53adeeccbfa693883fea672,8c9ec1be720ee75d56d0c250d10610fa,SO64403,8,CL-9009,1,8,d4746e41b619da57ee9f1a2e2cc254e8
15775,58f0b42da53adeeccbfa693883fea672,8c9ec1be720ee75d56d0c250d10610fa,SO64403,2,PK-7098,1,2,d4746e41b619da57ee9f1a2e2cc254e8
15775,58f0b42da53adeeccbfa693883fea672,8c9ec1be720ee75d56d0c250d10610fa,SO64403,5,TT-M928,1,5,d4746e41b619da57ee9f1a2e2cc254e8
15776,a189cc17a15cdb4e39e80dfcd8374c76,b0b2c17e5682f78d8fc262463fd0a4f3,SO58664,5,TT-M928,1,5,244cede513841376c37dc856f2f5e7b9
15777,830e779850b1d58733a7ad711bf6b83f,39fe373cdcb4534addde73890415b660,SO56509,105,HL-U509-B,3,105,427ed6396fba4ed8ead9ec3229517d2b
15777,830e779850b1d58733a7ad711bf6b83f,39fe373cdcb4534addde73890415b660,SO56509,5,TT-M928,1,5,427ed6396fba4ed8ead9ec3229517d2b
15778,058af5b2a408d57b708367e5bf4e9d9c,e82ca4c6beebe812f10fa1041b97a160,SO66813,4640,BK-M68S-38,2,4640,c507827aa5f4f6bbedf64058461c621b
15778,058af5b2a408d57b708367e5bf4e9d9c,e82ca4c6beebe812f10fa1041b97a160,SO66813,105,HL-U509,3,105,c507827aa5f4f6bbedf64058461c621b
15778,058af5b2a408d57b708367e5bf4e9d9c,e82ca4c6beebe812f10fa1041b97a160,SO66813,35,TI-M823,1,35,c507827aa5f4f6bbedf64058461c621b
15778,058af5b2a408d57b708367e5bf4e9d9c,e82ca4c6beebe812f10fa1041b97a160,SO66813,5,TT-M928,1,5,c507827aa5f4f6bbedf64058461c621b
15778,52bde41d0f4e244c3d741707e5f19618,ceda4a900d234638ff03b93b262b14e6,SO50123,1566,BK-R50R-52,2,1566,c9e159941f9c2ce8daa7b4737e7f8552
15779,244cede513841376c37dc856f2f5e7b9,5e1b952a22eccca86f7f056a9efb42a4,SO58381,22,FE-6654,1,22,debbb2493c6588799fc787e1854bcda5
15779,244cede513841376c37dc856f2f5e7b9,5e1b952a22eccca86f7f056a9efb42a4,SO58381,5,TT-M928,1,5,debbb2493c6588799fc787e1854bcda5
15779,244cede513841376c37dc856f2f5e7b9,5e1b952a22eccca86f7f056a9efb42a4,SO58381,64,VE-C304-S,1,64,debbb2493c6588799fc787e1854bcda5
15780,0120f4004ede1143c3be6caa4227affe,93ddc10d6cf61153011df052aa76671f,SO66408,4640,BK-M68S-46,2,4640,07b7d2aed13a63a16377587dcc0abbe8
15780,0120f4004ede1143c3be6caa4227affe,93ddc10d6cf61153011df052aa76671f,SO66408,22,FE-6654,1,22,07b7d2aed13a63a16377587dcc0abbe8
15780,0120f4004ede1143c3be6caa4227affe,93ddc10d6cf61153011df052aa76671f,SO66408,120,RA-H123,1,120,07b7d2aed13a63a16377587dcc0abbe8
15780,95ddec41f799217977c3384c83bfb0ca,f6a3074075f513ac39071601eaf0195a,SO50023,1566,BK-R50B-48,2,1566,4652a559216121874754c7ecfe692e94
15781,e82ca4c6beebe812f10fa1041b97a160,9d934f91c460e9947414d00048f2fa36,SO66050,4640,BK-M68S-42,2,4640,6d1d8a1c7851eb5a946d45009cea6d9f
15781,e82ca4c6beebe812f10fa1041b97a160,9d934f91c460e9947414d00048f2fa36,SO66050,22,FE-6654,1,22,6d1d8a1c7851eb5a946d45009cea6d9f
15781,e82ca4c6beebe812f10fa1041b97a160,9d934f91c460e9947414d00048f2fa36,SO66050,105,HL-U509,3,105,6d1d8a1c7851eb5a946d45009cea6d9f
15781,e82ca4c6beebe812f10fa1041b97a160,9d934f91c460e9947414d00048f2fa36,SO66050,150,LJ-0192-L,3,150,6d1d8a1c7851eb5a946d45009cea6d9f
15781,fcf706c3e0fe93da0b11cc32b98eb22b,4652a559216121874754c7ecfe692e94,SO50093,1566,BK-R50R-58,2,1566,ff9b4d639b22897f1c0256881eeb8643
15782,5432d51ee94799c0125bb158c8a8bd22,545a3d56d20b22e09aa85bfa5ed8738d,SO73138,2,PK-7098,1,2,9592b44e2c3f304a9875f45537bec6eb
15782,5432d51ee94799c0125bb158c8a8bd22,545a3d56d20b22e09aa85bfa5ed8738d,SO73138,5,TT-M928,1,5,9592b44e2c3f304a9875f45537bec6eb
15783,70951886788165a5e2439adfce4d0cce,ca38f30e56a72f4d0c8d2264322c5862,SO68957,105,HL-U509,3,105,c885741a5e3e55c84950327011b70289
15783,70951886788165a5e2439adfce4d0cce,ca38f30e56a72f4d0c8d2264322c5862,SO68957,25,TI-R628,1,25,c885741a5e3e55c84950327011b70289
15783,70951886788165a5e2439adfce4d0cce,ca38f30e56a72f4d0c8d2264322c5862,SO68957,4,TT-R982,1,4,c885741a5e3e55c84950327011b70289
15783,9913e55755fcc4267a06c1e6adbbc7fb,4a70a3ec50fd16032883bf6fc79c55dd,SO61857,105,HL-U509,3,105,d53f9d33cac0a297449a74a10d031570
15784,17520f5649fab40fb66771362888cb90,1faee5670542865e021595151379fe5c,SO70652,4590,BK-M68B-46,2,4590,3f72b837978dcd042b73e7270f11a4ca
15784,17520f5649fab40fb66771362888cb90,1faee5670542865e021595151379fe5c,SO70652,35,TI-M823,1,35,3f72b837978dcd042b73e7270f11a4ca
15784,e5fd8fa8e14be4aed936908e8f86dc7b,ddc7146176eec240951e44da05d5f12b,SO50943,4098,BK-M68B-38,2,4098,a0ab7eafc534bc4a8a48cd6e1cfc4d24
15785,331afa0aff1b1cfbf3d24944ab38c9d2,c885741a5e3e55c84950327011b70289,SO69709,4640,BK-M68S-46,2,4640,962bae2fb03296a3b9cacabfa929322c
15785,331afa0aff1b1cfbf3d24944ab38c9d2,c885741a5e3e55c84950327011b70289,SO69709,8,CL-9009,1,8,962bae2fb03296a3b9cacabfa929322c
15785,331afa0aff1b1cfbf3d24944ab38c9d2,c885741a5e3e55c84950327011b70289,SO69709,55,HY-1023-70,1,55,962bae2fb03296a3b9cacabfa929322c
15785,f51bd0753a33f206ae6eb82577c92f80,060e60684e6fb7ae3c79db1e8c889417,SO50785,4142,BK-M68S-46,2,4142,f7b0a9ecc2f6023330b7a948b9e76688
15786,17520f5649fab40fb66771362888cb90,1faee5670542865e021595151379fe5c,SO70653,4590,BK-M68B-46,2,4590,3f72b837978dcd042b73e7270f11a4ca
15786,17520f5649fab40fb66771362888cb90,1faee5670542865e021595151379fe5c,SO70653,22,FE-6654,1,22,3f72b837978dcd042b73e7270f11a4ca
15786,4c198b2e79c53a9853bfbc76e8e8ae1e,254f2678aa3e07c5a9451a18e28f2624,SO51078,4098,BK-M68B-38,2,4098,93963041729da5d8213c536f91ed9402
15787,aa14ddbc43aa2d3be1e6ac019bb7b5bc,dcf73f840a50da0145f24e8e0169dc4b,SO72854,105,HL-U509-R,3,105,a6f2945baeceeef4c8d541a22f6e99e9
15787,aa14ddbc43aa2d3be1e6ac019bb7b5bc,dcf73f840a50da0145f24e8e0169dc4b,SO72854,25,TI-R628,1,25,a6f2945baeceeef4c8d541a22f6e99e9
15787,aa14ddbc43aa2d3be1e6ac019bb7b5bc,dcf73f840a50da0145f24e8e0169dc4b,SO72854,4,TT-R982,1,4,a6f2945baeceeef4c8d541a22f6e99e9
15787,fde67888c64f701b59876ec559099b3e,6353a8421ee460b64f2c988cc72a8391,SO56804,10,BC-M005,1,10,4ceff7612cfa4420892fe23b23ca9265
15787,fde67888c64f701b59876ec559099b3e,6353a8421ee460b64f2c988cc72a8391,SO56804,105,HL-U509-B,3,105,4ceff7612cfa4420892fe23b23ca9265
15787,fde67888c64f701b59876ec559099b3e,6353a8421ee460b64f2c988cc72a8391,SO56804,54,SJ-0194-X,1,54,4ceff7612cfa4420892fe23b23ca9265
15787,fde67888c64f701b59876ec559099b3e,6353a8421ee460b64f2c988cc72a8391,SO56804,5,WB-H098,1,5,4ceff7612cfa4420892fe23b23ca9265
15788,048405fe051586c63978bfe6b3a8b733,853665fc08fe34bcd66df57da6a82a16,SO50975,4142,BK-M68S-46,2,4142,4b32c1f268b5edfc6d7f486137468b29
15788,99c8f306659fd98cbb9d7f03ec0c2a7a,705fa39ab40831529471c768490339ab,SO69927,4590,BK-M68B-46,2,4590,fff3c307c93eda1eb91d53ca588846fe
15788,99c8f306659fd98cbb9d7f03ec0c2a7a,705fa39ab40831529471c768490339ab,SO69927,22,FE-6654,1,22,fff3c307c93eda1eb91d53ca588846fe
15788,99c8f306659fd98cbb9d7f03ec0c2a7a,705fa39ab40831529471c768490339ab,SO69927,55,HY-1023-70,1,55,fff3c307c93eda1eb91d53ca588846fe
15789,31c99d724c1f182c60edb82eb4740277,e84848120190a8d0e696fbeb15647a74,SO71267,4590,BK-M68B-38,2,4590,3db19f5f710f10e90ecc7154c649d60a
15789,31c99d724c1f182c60edb82eb4740277,e84848120190a8d0e696fbeb15647a74,SO71267,22,FE-6654,1,22,3db19f5f710f10e90ecc7154c649d60a
15789,31c99d724c1f182c60edb82eb4740277,e84848120190a8d0e696fbeb15647a74,SO71267,120,RA-H123,1,120,3db19f5f710f10e90ecc7154c649d60a
15789,bcecb4362a7ad5f479ac9c9c0f6761bb,c8f4a6002944b338d50dcc7eb3b056c8,SO50803,4098,BK-M68B-46,2,4098,1022f3e1145b30057972239301ce3382
15790,4b32c1f268b5edfc6d7f486137468b29,5f8b10fd69342734dd36c905a170cf51,SO50925,4142,BK-M68S-46,2,4142,67c3c5a7bf20d113d8d96abf6cb5e85c
15790,6d44506d59926d8d13d35f75d97f2a64,deff8ad81a213d1110c1f409a7f40fcd,SO53442,540,BK-M18B-40,1,540,f476906875bc5d9abe836b4ea1f485c1
15790,6d44506d59926d8d13d35f75d97f2a64,deff8ad81a213d1110c1f409a7f40fcd,SO53442,22,FE-6654,1,22,f476906875bc5d9abe836b4ea1f485c1
15790,6d44506d59926d8d13d35f75d97f2a64,deff8ad81a213d1110c1f409a7f40fcd,SO53442,105,HL-U509,3,105,f476906875bc5d9abe836b4ea1f485c1
15791,95a2a9aefc393f8630e934768cacf4cd,8f472ffe3ff3109f420ae91355ff8f3f,SO72135,10,BC-M005,1,10,38c9e5d1e366b4c5c36aae682bc960c4
15791,95a2a9aefc393f8630e934768cacf4cd,8f472ffe3ff3109f420ae91355ff8f3f,SO72135,2,PK-7098,1,2,38c9e5d1e366b4c5c36aae682bc960c4
15791,95a2a9aefc393f8630e934768cacf4cd,8f472ffe3ff3109f420ae91355ff8f3f,SO72135,5,WB-H098,1,5,38c9e5d1e366b4c5c36aae682bc960c4
15791,b8d9d66529b0a1e91f6137abcdd065dd,6d44506d59926d8d13d35f75d97f2a64,SO54193,25,TI-R628,1,25,90c6314650a0d54fdcabe5cd5406f9af
15792,c164277d605c0bcbcd6b5749ac477b26,8d35d0f6487ae6100c95dad89a4a414f,SO50819,4142,BK-M68S-42,2,4142,4c63ccce8761a6546d90151419eeea06
15792,d34ba8f5d7fd7d5959a34c283fbec422,9c56075241a26f6fa77eb86b15411c6e,SO55082,565,BK-M18S-42,1,565,ac15b60491fe99190c0248790e690757
15792,d34ba8f5d7fd7d5959a34c283fbec422,9c56075241a26f6fa77eb86b15411c6e,SO55082,27,CA-1098,3,27,ac15b60491fe99190c0248790e690757
15793,048405fe051586c63978bfe6b3a8b733,853665fc08fe34bcd66df57da6a82a16,SO50976,4098,BK-M68B-42,2,4098,4b32c1f268b5edfc6d7f486137468b29
15793,a9cd7a99d71cca9cb644010050374ade,3db19f5f710f10e90ecc7154c649d60a,SO71755,4640,BK-M68S-42,2,4640,128ee9ff420de424a605a0ee4a6f7916
15794,d7f57f35d2bad1349ca24a67a2635eea,5432d51ee94799c0125bb158c8a8bd22,SO74033,25,TI-R628,1,25,1ba7e8cdf85da6cf5e11554703236b52
15794,fef3080ec197edd1a04bb18afd31d16d,b8d9d66529b0a1e91f6137abcdd065dd,SO54894,105,HL-U509-B,3,105,4310d0d92131e34ff2716d85e1953174
15794,fef3080ec197edd1a04bb18afd31d16d,b8d9d66529b0a1e91f6137abcdd065dd,SO54894,54,SJ-0194-X,1,54,4310d0d92131e34ff2716d85e1953174
15795,a2c49941411089cb2a9cbf78cb803c26,73a69a5c77a7d23172e54d7ce07a638e,SO56129,48,GL-H102-S,2,48,39fe373cdcb4534addde73890415b660
15795,a2c49941411089cb2a9cbf78cb803c26,73a69a5c77a7d23172e54d7ce07a638e,SO56129,105,HL-U509-R,3,105,39fe373cdcb4534addde73890415b660
15795,a2c49941411089cb2a9cbf78cb803c26,73a69a5c77a7d23172e54d7ce07a638e,SO56129,25,TI-R628,1,25,39fe373cdcb4534addde73890415b660
15795,a2c49941411089cb2a9cbf78cb803c26,73a69a5c77a7d23172e54d7ce07a638e,SO56129,4,TT-R982,1,4,39fe373cdcb4534addde73890415b660
15795,d76e0ba1fa041675ae9af958c5b41ae4,b988e88fd94a3b47434beeb650cff880,SO56967,105,HL-U509-R,3,105,cae5717327bee7d74e261c550aa5081f
15795,d76e0ba1fa041675ae9af958c5b41ae4,b988e88fd94a3b47434beeb650cff880,SO56967,9,SO-R809-L,1,9,cae5717327bee7d74e261c550aa5081f
15796,3e107cd1554225ea3056ed5010adce90,aa14ddbc43aa2d3be1e6ac019bb7b5bc,SO73799,105,HL-U509,3,105,43e2cc7ff261723f93f64f3f7e9faa8d
15796,6583882ca853d66524856501b27519f5,1ba7e8cdf85da6cf5e11554703236b52,SO74307,25,TI-R628,1,25,d27974ca95fd620ac92cf95bf8c1d1f2
15797,b95a9f47dd73bb9b799a31ae04ee7da1,175a5d217fad85df9f6639d7ced1e5d9,SO69991,4640,BK-M68S-38,2,4640,8728a5e296f39e49d2fa74c31820e99f
15797,b95a9f47dd73bb9b799a31ae04ee7da1,175a5d217fad85df9f6639d7ced1e5d9,SO69991,22,FE-6654,1,22,8728a5e296f39e49d2fa74c31820e99f
15797,b95a9f47dd73bb9b799a31ae04ee7da1,175a5d217fad85df9f6639d7ced1e5d9,SO69991,2,PK-7098,1,2,8728a5e296f39e49d2fa74c31820e99f
15797,f51bd0753a33f206ae6eb82577c92f80,060e60684e6fb7ae3c79db1e8c889417,SO50786,4142,BK-M68S-46,2,4142,f7b0a9ecc2f6023330b7a948b9e76688
15798,18025e6a8791d350428f65c0783ebd99,3c8e2c51453f4d665f1050da871dead6,SO56072,105,HL-U509-B,3,105,a9cefc49af6424b430612adfc69876ee
15798,412998e77ee121227580e3d363f75fa2,df595e3c678d4fae23ce174fe747165e,SO59840,105,HL-U509-R,3,105,254d832c83ccdb2c33eab65a4fd196ff
15798,412998e77ee121227580e3d363f75fa2,df595e3c678d4fae23ce174fe747165e,SO59840,25,TI-R628,1,25,254d832c83ccdb2c33eab65a4fd196ff
15798,412998e77ee121227580e3d363f75fa2,df595e3c678d4fae23ce174fe747165e,SO59840,4,TT-R982,1,4,254d832c83ccdb2c33eab65a4fd196ff
15799,4b32c1f268b5edfc6d7f486137468b29,5f8b10fd69342734dd36c905a170cf51,SO50926,4142,BK-M68S-42,2,4142,67c3c5a7bf20d113d8d96abf6cb5e85c
15799,a9adf65abbb865184bf924d14a93d0c4,ec24e4cf9fcc90f3bbe81b2fb3735c21,SO70731,10,BC-M005,1,10,e0cd1349b4c6e1b5f14ed427e358c2d0
15799,a9adf65abbb865184bf924d14a93d0c4,ec24e4cf9fcc90f3bbe81b2fb3735c21,SO70731,4640,BK-M68S-42,2,4640,e0cd1349b4c6e1b5f14ed427e358c2d0
15799,a9adf65abbb865184bf924d14a93d0c4,ec24e4cf9fcc90f3bbe81b2fb3735c21,SO70731,22,FE-6654,1,22,e0cd1349b4c6e1b5f14ed427e358c2d0
15800,38c9e5d1e366b4c5c36aae682bc960c4,8fa3bab223bec6501ad71f96bb1067b6,SO71676,4590,BK-M68B-38,2,4590,58c4ce5b9433e7b6d41793d5a76d5590
15800,38c9e5d1e366b4c5c36aae682bc960c4,8fa3bab223bec6501ad71f96bb1067b6,SO71676,55,HY-1023-70,1,55,58c4ce5b9433e7b6d41793d5a76d5590
15800,f51bd0753a33f206ae6eb82577c92f80,060e60684e6fb7ae3c79db1e8c889417,SO50787,4098,BK-M68B-38,2,4098,f7b0a9ecc2f6023330b7a948b9e76688
15801,38c9e5d1e366b4c5c36aae682bc960c4,8fa3bab223bec6501ad71f96bb1067b6,SO71677,4590,BK-M68B-46,2,4590,58c4ce5b9433e7b6d41793d5a76d5590
15801,38c9e5d1e366b4c5c36aae682bc960c4,8fa3bab223bec6501ad71f96bb1067b6,SO71677,2,PK-7098,1,2,58c4ce5b9433e7b6d41793d5a76d5590
15801,38c9e5d1e366b4c5c36aae682bc960c4,8fa3bab223bec6501ad71f96bb1067b6,SO71677,35,TI-M823,1,35,58c4ce5b9433e7b6d41793d5a76d5590
15801,e5cdc2e9be5ecca55f34ea2ebabb8670,e5fd8fa8e14be4aed936908e8f86dc7b,SO51068,4098,BK-M68B-42,2,4098,9cdb18f37bdd2084cec3f36c200212be
15802,5f827524a01a15af1043fdb581ce224b,4b32c1f268b5edfc6d7f486137468b29,SO51049,4098,BK-M68B-46,2,4098,2b53375239b19c31e4947cc1033443c0
15802,6a8d7e42bb852c45fbf8610361d391a0,3f72b837978dcd042b73e7270f11a4ca,SO71133,4640,BK-M68S-38,2,4640,49fce086a31f1cfcf16b54e462f7cbc0
15802,6a8d7e42bb852c45fbf8610361d391a0,3f72b837978dcd042b73e7270f11a4ca,SO71133,105,HL-U509,3,105,49fce086a31f1cfcf16b54e462f7cbc0
15802,6a8d7e42bb852c45fbf8610361d391a0,3f72b837978dcd042b73e7270f11a4ca,SO71133,35,TI-M823,1,35,49fce086a31f1cfcf16b54e462f7cbc0
15802,6a8d7e42bb852c45fbf8610361d391a0,3f72b837978dcd042b73e7270f11a4ca,SO71133,5,TT-M928,1,5,49fce086a31f1cfcf16b54e462f7cbc0
15803,3a23b248b732af434a45fce0302aa11f,db2f6a564b6f5f41253c68874b50962b,SO62948,105,HL-U509,3,105,290499d9b8e65db426ba9b842714eb6d
15803,6a8d7e42bb852c45fbf8610361d391a0,3f72b837978dcd042b73e7270f11a4ca,SO71095,2,PK-7098,1,2,49fce086a31f1cfcf16b54e462f7cbc0
15803,6a8d7e42bb852c45fbf8610361d391a0,3f72b837978dcd042b73e7270f11a4ca,SO71095,25,TI-R628,1,25,49fce086a31f1cfcf16b54e462f7cbc0
15803,6a8d7e42bb852c45fbf8610361d391a0,3f72b837978dcd042b73e7270f11a4ca,SO71095,4,TT-R982,1,4,49fce086a31f1cfcf16b54e462f7cbc0
15804,88077cf01a3e17831c2d0bcca5897c5b,95a2a9aefc393f8630e934768cacf4cd,SO73038,105,HL-U509,3,105,86e0fc464cbb08ae74bd039224afec9a
15804,aa14ddbc43aa2d3be1e6ac019bb7b5bc,dcf73f840a50da0145f24e8e0169dc4b,SO72853,105,HL-U509-R,3,105,a6f2945baeceeef4c8d541a22f6e99e9
15804,aa14ddbc43aa2d3be1e6ac019bb7b5bc,dcf73f840a50da0145f24e8e0169dc4b,SO72853,25,TI-R628,1,25,a6f2945baeceeef4c8d541a22f6e99e9
15804,aa14ddbc43aa2d3be1e6ac019bb7b5bc,dcf73f840a50da0145f24e8e0169dc4b,SO72853,4,TT-R982,1,4,a6f2945baeceeef4c8d541a22f6e99e9
15805,4c6ed4daa82e7326b84c24f4c2ae7064,b2ce0ef2540789e8a6976165b6c917d8,SO73262,105,HL-U509,3,105,aa14ddbc43aa2d3be1e6ac019bb7b5bc
15805,86e0fc464cbb08ae74bd039224afec9a,38c9e5d1e366b4c5c36aae682bc960c4,SO72642,25,TI-R628,1,25,8920fd63645007b243abb750709b1172
15805,86e0fc464cbb08ae74bd039224afec9a,38c9e5d1e366b4c5c36aae682bc960c4,SO72642,4,TT-R982,1,4,8920fd63645007b243abb750709b1172
15805,86e0fc464cbb08ae74bd039224afec9a,38c9e5d1e366b4c5c36aae682bc960c4,SO72642,64,VE-C304-M,1,64,8920fd63645007b243abb750709b1172
15806,14e4b13c27fb9bce9938ce35b6597eca,c375f33d72ca7161f341c2726e82d67a,SO53356,2,PK-7098,1,2,9b98d27287b27eeee9ebc06e1d5a9a8d
15806,14e4b13c27fb9bce9938ce35b6597eca,c375f33d72ca7161f341c2726e82d67a,SO53356,33,TI-R982,1,33,9b98d27287b27eeee9ebc06e1d5a9a8d
15806,14e4b13c27fb9bce9938ce35b6597eca,c375f33d72ca7161f341c2726e82d67a,SO53356,4,TT-R982,1,4,9b98d27287b27eeee9ebc06e1d5a9a8d
15806,de22d232bbe84481579f6252f1e7091d,cae5717327bee7d74e261c550aa5081f,SO57538,105,HL-U509-B,3,105,ab4946738415af86b5e3cee69b13301f
15806,de22d232bbe84481579f6252f1e7091d,cae5717327bee7d74e261c550aa5081f,SO57538,25,TI-R628,1,25,ab4946738415af86b5e3cee69b13301f
15806,de22d232bbe84481579f6252f1e7091d,cae5717327bee7d74e261c550aa5081f,SO57538,4,TT-R982,1,4,ab4946738415af86b5e3cee69b13301f
15807,3c8e2c51453f4d665f1050da871dead6,1f50dad3f1493a5cf408c4eb3987479e,SO55389,25,TI-R628,1,25,d34ba8f5d7fd7d5959a34c283fbec422
15807,a048b8d5f3f9178f163e2be055f0138b,c83e871e48c2716e0f28e60d166a5c98,SO72963,27,CA-1098,3,27,41ef6b06b63ba4f6a5234245a439b157
15807,a048b8d5f3f9178f163e2be055f0138b,c83e871e48c2716e0f28e60d166a5c98,SO72963,33,TI-R982,1,33,41ef6b06b63ba4f6a5234245a439b157
15807,a048b8d5f3f9178f163e2be055f0138b,c83e871e48c2716e0f28e60d166a5c98,SO72963,4,TT-R982,1,4,41ef6b06b63ba4f6a5234245a439b157
15808,2797a91b25bc2aa85124c99bc574dc83,86bfb8ffc7a79e52d833cedce4d275bf,SO71073,4640,BK-M68S-38,2,4640,a9adf65abbb865184bf924d14a93d0c4
15808,2797a91b25bc2aa85124c99bc574dc83,86bfb8ffc7a79e52d833cedce4d275bf,SO71073,55,HY-1023-70,1,55,a9adf65abbb865184bf924d14a93d0c4
15808,c164277d605c0bcbcd6b5749ac477b26,8d35d0f6487ae6100c95dad89a4a414f,SO50820,4098,BK-M68B-42,2,4098,4c63ccce8761a6546d90151419eeea06
15809,4555f65c4664801d78b9f5477f89d8fd,7ee641303ef8d8b10d0ed00a060c73cc,SO62473,30,TI-M602,1,30,94c60e0b5e2b0f78b919a5d4c67d70a2
15809,f476906875bc5d9abe836b4ea1f485c1,f04e53711455521533f4c5ed7dcaa287,SO53138,33,TI-R982,1,33,15aceb75d86814cb479f1b1a9487c3d4
15810,8eb7a1b0dba9fdd5f4248b9cb6b9119b,9f1ff00ea8fd9fd8f2d421ba5ec45a18,SO68200,2,PK-7098,1,2,c7390752782466cfc9a3ed7d3a79e046
15810,8eb7a1b0dba9fdd5f4248b9cb6b9119b,9f1ff00ea8fd9fd8f2d421ba5ec45a18,SO68200,30,TI-M602,1,30,c7390752782466cfc9a3ed7d3a79e046
15810,a9cefc49af6424b430612adfc69876ee,d34ba8f5d7fd7d5959a34c283fbec422,SO55820,2,PK-7098,1,2,59c3d64cb01cd5ad7fd25246d81a55ff
15810,a9cefc49af6424b430612adfc69876ee,d34ba8f5d7fd7d5959a34c283fbec422,SO55820,33,TI-R982,1,33,59c3d64cb01cd5ad7fd25246d81a55ff
15811,1678083e7ff90bd404baad3f60bffa37,7b0730955172ecda497d7cca6b1d87a1,SO55749,2,PK-7098,1,2,73a69a5c77a7d23172e54d7ce07a638e
15811,1678083e7ff90bd404baad3f60bffa37,7b0730955172ecda497d7cca6b1d87a1,SO55749,33,TI-R982,1,33,73a69a5c77a7d23172e54d7ce07a638e
15811,1678083e7ff90bd404baad3f60bffa37,7b0730955172ecda497d7cca6b1d87a1,SO55749,4,TT-R982,1,4,73a69a5c77a7d23172e54d7ce07a638e
15811,8dd08d219271ec96c543f486de430703,d53f9d33cac0a297449a74a10d031570,SO62287,2,PK-7098,1,2,04dbdf67bb8714ba18c9c36d50d1f5dc
15811,8dd08d219271ec96c543f486de430703,d53f9d33cac0a297449a74a10d031570,SO62287,30,TI-M602,1,30,04dbdf67bb8714ba18c9c36d50d1f5dc
15812,174acf6ca4e9804d47a59a499422e621,5abaefcc8525a8f4cfd95cba9e926532,SO58290,105,HL-U509-R,3,105,eba6cab7267f82e3b2a063d5ea445bb9
15812,174acf6ca4e9804d47a59a499422e621,5abaefcc8525a8f4cfd95cba9e926532,SO58290,9,SO-R809-L,1,9,eba6cab7267f82e3b2a063d5ea445bb9
15812,174acf6ca4e9804d47a59a499422e621,5abaefcc8525a8f4cfd95cba9e926532,SO58290,30,TI-M602,1,30,eba6cab7267f82e3b2a063d5ea445bb9
15812,174acf6ca4e9804d47a59a499422e621,5abaefcc8525a8f4cfd95cba9e926532,SO58290,5,TT-M928,1,5,eba6cab7267f82e3b2a063d5ea445bb9
15812,b95a9f47dd73bb9b799a31ae04ee7da1,175a5d217fad85df9f6639d7ced1e5d9,SO69954,2,PK-7098,1,2,8728a5e296f39e49d2fa74c31820e99f
15813,05e7920e8caf0303dc01b77666952b75,eea5b3bd1bd5d5c62a1d22f78d3ba263,SO66233,22,FE-6654,1,22,3a2f313512bb520c43971e54ba834dec
15813,05e7920e8caf0303dc01b77666952b75,eea5b3bd1bd5d5c62a1d22f78d3ba263,SO66233,9,SO-R809-L,1,9,3a2f313512bb520c43971e54ba834dec
15814,511572e8a25e86c2f48ae9e6d73a1e6a,8e8847c1bdf012037ee13bb62da8a5c1,SO68119,105,HL-U509-B,3,105,691ad1b0dca3643b923973defd014d47
15814,511572e8a25e86c2f48ae9e6d73a1e6a,8e8847c1bdf012037ee13bb62da8a5c1,SO68119,54,SJ-0194-M,1,54,691ad1b0dca3643b923973defd014d47
15814,511572e8a25e86c2f48ae9e6d73a1e6a,8e8847c1bdf012037ee13bb62da8a5c1,SO68119,5,TT-M928,1,5,691ad1b0dca3643b923973defd014d47
15815,0120f4004ede1143c3be6caa4227affe,93ddc10d6cf61153011df052aa76671f,SO66387,2,PK-7098,1,2,07b7d2aed13a63a16377587dcc0abbe8
15815,0120f4004ede1143c3be6caa4227affe,93ddc10d6cf61153011df052aa76671f,SO66387,33,TI-R982,1,33,07b7d2aed13a63a16377587dcc0abbe8
15815,8babade0595c11e14dd89058a850f2cd,a048b8d5f3f9178f163e2be055f0138b,SO73887,10,BC-M005,1,10,501407dcfde5b685045ca3072168d5bb
15815,8babade0595c11e14dd89058a850f2cd,a048b8d5f3f9178f163e2be055f0138b,SO73887,105,HL-U509-R,3,105,501407dcfde5b685045ca3072168d5bb
15815,8babade0595c11e14dd89058a850f2cd,a048b8d5f3f9178f163e2be055f0138b,SO73887,5,WB-H098,1,5,501407dcfde5b685045ca3072168d5bb
15815,ed268f8f3837888893f896b7240f1254,a9cefc49af6424b430612adfc69876ee,SO56467,22,FE-6654,1,22,6353a8421ee460b64f2c988cc72a8391
15815,ed268f8f3837888893f896b7240f1254,a9cefc49af6424b430612adfc69876ee,SO56467,105,HL-U509,3,105,6353a8421ee460b64f2c988cc72a8391
15816,9b98d27287b27eeee9ebc06e1d5a9a8d,0dc34ca2aaa8612cde077f1880b78b25,SO53117,22,FE-6654,1,22,18bea060239713ee5f865109f63f3a8a
15816,9b98d27287b27eeee9ebc06e1d5a9a8d,0dc34ca2aaa8612cde077f1880b78b25,SO53117,48,GL-H102-M,2,48,18bea060239713ee5f865109f63f3a8a
15816,9b98d27287b27eeee9ebc06e1d5a9a8d,0dc34ca2aaa8612cde077f1880b78b25,SO53117,105,HL-U509-B,3,105,18bea060239713ee5f865109f63f3a8a
15816,ad0b7f5ad35732646f1e5f67418d5995,244cede513841376c37dc856f2f5e7b9,SO59298,10,BC-M005,1,10,0df76889b3e31ccfd17b50cc73baef03
15816,ad0b7f5ad35732646f1e5f67418d5995,244cede513841376c37dc856f2f5e7b9,SO59298,55,HY-1023-70,1,55,0df76889b3e31ccfd17b50cc73baef03
15816,ad0b7f5ad35732646f1e5f67418d5995,244cede513841376c37dc856f2f5e7b9,SO59298,5,WB-H098,1,5,0df76889b3e31ccfd17b50cc73baef03
15816,d6ab5a0eee939524352092b964d92b84,106dfbaf552c07a1b08d065f2c343982,SO55194,33,TI-R982,1,33,3c4bf68562424c26986beae6ce13704a
15816,d6ab5a0eee939524352092b964d92b84,106dfbaf552c07a1b08d065f2c343982,SO55194,4,TT-R982,1,4,3c4bf68562424c26986beae6ce13704a
15817,3fbd0407b55d3a3da21388a2ddbf881c,ab4946738415af86b5e3cee69b13301f,SO57921,48,GL-H102-L,2,48,5abaefcc8525a8f4cfd95cba9e926532
15817,3fbd0407b55d3a3da21388a2ddbf881c,ab4946738415af86b5e3cee69b13301f,SO57921,105,HL-U509-B,3,105,5abaefcc8525a8f4cfd95cba9e926532
15817,3fbd0407b55d3a3da21388a2ddbf881c,ab4946738415af86b5e3cee69b13301f,SO57921,5,TT-M928,1,5,5abaefcc8525a8f4cfd95cba9e926532
15818,5432d51ee94799c0125bb158c8a8bd22,545a3d56d20b22e09aa85bfa5ed8738d,SO73139,5,TT-M928,1,5,9592b44e2c3f304a9875f45537bec6eb
15819,07b7d2aed13a63a16377587dcc0abbe8,02b96ab6e0935145589be4e1408a1675,SO66115,22,FE-6654,1,22,6866da5d40f1aad2d82129d5ffa25bda
15819,07b7d2aed13a63a16377587dcc0abbe8,02b96ab6e0935145589be4e1408a1675,SO66115,9,SO-R809-L,1,9,6866da5d40f1aad2d82129d5ffa25bda
15820,9f79f7706bc6a7654ef0b8977966f69a,e2f7ff887646789ea003d03bc2025325,SO52135,22,FE-6654,1,22,361e2c62255e0c1887ac2139911ca300
15820,9f79f7706bc6a7654ef0b8977966f69a,e2f7ff887646789ea003d03bc2025325,SO52135,150,LJ-0192-X,3,150,361e2c62255e0c1887ac2139911ca300
15821,b8cc77f0099ae7d3a20b9f0b74d70b12,70ad7386c1fe794c57fa3908ff22435d,SO52195,22,FE-6654,1,22,5e9b4970006d8f02ba0bc1763fa8b9a6
15821,b8cc77f0099ae7d3a20b9f0b74d70b12,70ad7386c1fe794c57fa3908ff22435d,SO52195,9,SO-R809-M,1,9,5e9b4970006d8f02ba0bc1763fa8b9a6
15822,883b9b4170853b321c03290f64ba199f,412998e77ee121227580e3d363f75fa2,SO60646,8,CL-9009,1,8,af1457846a79173ef71dd9d5dd69805a
15822,883b9b4170853b321c03290f64ba199f,412998e77ee121227580e3d363f75fa2,SO60646,2,PK-7098,1,2,af1457846a79173ef71dd9d5dd69805a
15822,883b9b4170853b321c03290f64ba199f,412998e77ee121227580e3d363f75fa2,SO60646,4,TT-R982,1,4,af1457846a79173ef71dd9d5dd69805a
15822,ca38f30e56a72f4d0c8d2264322c5862,de5009f9bf3e9725d2381f4a5e913111,SO68154,25,TI-R628,1,25,7e15f50bd26e439e6a22f5205a8064db
15822,ca38f30e56a72f4d0c8d2264322c5862,de5009f9bf3e9725d2381f4a5e913111,SO68154,4,TT-R982,1,4,7e15f50bd26e439e6a22f5205a8064db
15823,49fce086a31f1cfcf16b54e462f7cbc0,99c8f306659fd98cbb9d7f03ec0c2a7a,SO70758,105,HL-U509-R,3,105,e84848120190a8d0e696fbeb15647a74
15823,49fce086a31f1cfcf16b54e462f7cbc0,99c8f306659fd98cbb9d7f03ec0c2a7a,SO70758,4,TT-R982,1,4,e84848120190a8d0e696fbeb15647a74
15823,eba6cab7267f82e3b2a063d5ea445bb9,73b2264d673ee7b5b2e7e165020516ac,SO58021,25,TI-R628,1,25,02ad1a5ca18e58629b8c1d6a6401d071
15823,eba6cab7267f82e3b2a063d5ea445bb9,73b2264d673ee7b5b2e7e165020516ac,SO58021,4,TT-R982,1,4,02ad1a5ca18e58629b8c1d6a6401d071
15824,0c8ff735cb2b05718573c08173335fd4,1685ca8ff12ea83725a1c35e1d89c5cd,SO54498,22,FE-6654,1,22,b8d9d66529b0a1e91f6137abcdd065dd
15824,0c8ff735cb2b05718573c08173335fd4,1685ca8ff12ea83725a1c35e1d89c5cd,SO54498,54,SJ-0194-S,1,54,b8d9d66529b0a1e91f6137abcdd065dd
15825,56e52500a7f5ab963646137a401683cd,df09a3a727ac0f29208c5ef3bf7625e6,SO74669,105,HL-U509,3,105,13b7c2277967bc61802018c764b5b2a0
15825,56e52500a7f5ab963646137a401683cd,df09a3a727ac0f29208c5ef3bf7625e6,SO74669,5,TT-M928,1,5,13b7c2277967bc61802018c764b5b2a0
15826,18bea060239713ee5f865109f63f3a8a,7f026edc73bd4602381834e9b850d6c2,SO52873,22,FE-6654,1,22,d6ec5bff1a0809822c740ce35792fa7a
15826,18bea060239713ee5f865109f63f3a8a,7f026edc73bd4602381834e9b850d6c2,SO52873,35,TI-M823,1,35,d6ec5bff1a0809822c740ce35792fa7a
15826,18bea060239713ee5f865109f63f3a8a,7f026edc73bd4602381834e9b850d6c2,SO52873,64,VE-C304-M,1,64,d6ec5bff1a0809822c740ce35792fa7a
15826,838eec1f117f2cab9e9c306f7efbff28,13b7c2277967bc61802018c764b5b2a0,SO74892,10,BC-M005,1,10,9a027fc72b503940a96d5137762a263e
15826,838eec1f117f2cab9e9c306f7efbff28,13b7c2277967bc61802018c764b5b2a0,SO74892,27,CA-1098,3,27,9a027fc72b503940a96d5137762a263e
15826,838eec1f117f2cab9e9c306f7efbff28,13b7c2277967bc61802018c764b5b2a0,SO74892,5,WB-H098,1,5,9a027fc72b503940a96d5137762a263e
15826,94b225b5b1f09ecd5e8ecdfb681ff04c,03bf7d2a8718ee9aca4bd2f37e962fc4,SO64319,29,TI-T723,1,29,61e00b038efd34bdf9c747596273cbcf
15826,94b225b5b1f09ecd5e8ecdfb681ff04c,03bf7d2a8718ee9aca4bd2f37e962fc4,SO64319,5,TT-T092,1,5,61e00b038efd34bdf9c747596273cbcf
15826,b34050290c25b0f7b52a2b8f767df87d,caa707f97407c07371136aaf471a91d4,SO67979,2,PK-7098,1,2,36ab6f1df21f3c9a169c8942e981959a
15826,b34050290c25b0f7b52a2b8f767df87d,caa707f97407c07371136aaf471a91d4,SO67979,4,TT-R982,1,4,36ab6f1df21f3c9a169c8942e981959a
15827,14cf1002d25f6005ecb94636b7f549b1,70dbbfe9e1fafe828bd88bd62f0de8f4,SO50103,1566,BK-R50R-60,2,1566,d35624c3724a7f923a0dcae76c01cb28
15827,41fc4cb27e0ee552c4c9247e1a476cc5,6d338b8c41c717c4336ad0084a80dca4,SO55128,10,BC-M005,1,10,6e5c4b769f8f70f9fd01b24ba5be9695
15827,41fc4cb27e0ee552c4c9247e1a476cc5,6d338b8c41c717c4336ad0084a80dca4,SO55128,540,BK-M18B-42,1,540,6e5c4b769f8f70f9fd01b24ba5be9695
15827,41fc4cb27e0ee552c4c9247e1a476cc5,6d338b8c41c717c4336ad0084a80dca4,SO55128,22,FE-6654,1,22,6e5c4b769f8f70f9fd01b24ba5be9695
15827,41fc4cb27e0ee552c4c9247e1a476cc5,6d338b8c41c717c4336ad0084a80dca4,SO55128,150,LJ-0192-X,3,150,6e5c4b769f8f70f9fd01b24ba5be9695
15827,41fc4cb27e0ee552c4c9247e1a476cc5,6d338b8c41c717c4336ad0084a80dca4,SO55128,9,SO-R809-L,1,9,6e5c4b769f8f70f9fd01b24ba5be9695
15827,41fc4cb27e0ee552c4c9247e1a476cc5,6d338b8c41c717c4336ad0084a80dca4,SO55128,5,WB-H098,1,5,6e5c4b769f8f70f9fd01b24ba5be9695
15828,375bde15092f45652b6398c1dff650d0,830e779850b1d58733a7ad711bf6b83f,SO57310,10,BC-M005,1,10,a8ef76a01442567fb64eb6f4408a9835
15828,375bde15092f45652b6398c1dff650d0,830e779850b1d58733a7ad711bf6b83f,SO57310,30,TI-M602,1,30,a8ef76a01442567fb64eb6f4408a9835
15828,375bde15092f45652b6398c1dff650d0,830e779850b1d58733a7ad711bf6b83f,SO57310,5,TT-M928,1,5,a8ef76a01442567fb64eb6f4408a9835
15828,375bde15092f45652b6398c1dff650d0,830e779850b1d58733a7ad711bf6b83f,SO57310,5,WB-H098,1,5,a8ef76a01442567fb64eb6f4408a9835
15828,a9adf65abbb865184bf924d14a93d0c4,ec24e4cf9fcc90f3bbe81b2fb3735c21,SO70680,2,PK-7098,1,2,e0cd1349b4c6e1b5f14ed427e358c2d0
15828,a9adf65abbb865184bf924d14a93d0c4,ec24e4cf9fcc90f3bbe81b2fb3735c21,SO70680,120,RA-H123,1,120,e0cd1349b4c6e1b5f14ed427e358c2d0
15829,73b2264d673ee7b5b2e7e165020516ac,4ceff7612cfa4420892fe23b23ca9265,SO57372,25,TI-R628,1,25,8d71482745a6a1be4fbbc5562ade4657
15829,c660dc308b247ce08aeecd155306bae0,e7df1b3ee078bdcfc260a877f321287d,SO59916,159,ST-1401,1,159,9a95fdf4e925d9cbd65f87b5aa4ac212
15829,c660dc308b247ce08aeecd155306bae0,e7df1b3ee078bdcfc260a877f321287d,SO59916,4,TT-R982,1,4,9a95fdf4e925d9cbd65f87b5aa4ac212
15830,6ccfb4540d439b07eef79e9ec663aeee,c045063ec789c07ddd7ad868b7789049,SO51008,4142,BK-M68S-46,2,4142,254f2678aa3e07c5a9451a18e28f2624
15830,d6ab5a0eee939524352092b964d92b84,106dfbaf552c07a1b08d065f2c343982,SO55227,10,BC-M005,1,10,3c4bf68562424c26986beae6ce13704a
15830,d6ab5a0eee939524352092b964d92b84,106dfbaf552c07a1b08d065f2c343982,SO55227,540,BK-M18B-44,1,540,3c4bf68562424c26986beae6ce13704a
15830,d6ab5a0eee939524352092b964d92b84,106dfbaf552c07a1b08d065f2c343982,SO55227,54,SJ-0194-X,1,54,3c4bf68562424c26986beae6ce13704a
15830,d6ab5a0eee939524352092b964d92b84,106dfbaf552c07a1b08d065f2c343982,SO55227,5,WB-H098,1,5,3c4bf68562424c26986beae6ce13704a
15831,3f20f21c57e09a6c071e44d1fe74b58a,9b98d27287b27eeee9ebc06e1d5a9a8d,SO53913,565,BK-M18S-44,1,565,51c449e55b4a63a16fb45beb689150d5
15831,3f20f21c57e09a6c071e44d1fe74b58a,9b98d27287b27eeee9ebc06e1d5a9a8d,SO53913,2,PK-7098,1,2,51c449e55b4a63a16fb45beb689150d5
15831,3f20f21c57e09a6c071e44d1fe74b58a,9b98d27287b27eeee9ebc06e1d5a9a8d,SO53913,25,TI-M267,1,25,51c449e55b4a63a16fb45beb689150d5
15831,3f20f21c57e09a6c071e44d1fe74b58a,9b98d27287b27eeee9ebc06e1d5a9a8d,SO53913,5,TT-M928,1,5,51c449e55b4a63a16fb45beb689150d5
15831,853665fc08fe34bcd66df57da6a82a16,f5d822432c5ffbc58e8bd3ffc7607c1b,SO50852,4098,BK-M68B-46,2,4098,5f8b10fd69342734dd36c905a170cf51
15832,1678083e7ff90bd404baad3f60bffa37,7b0730955172ecda497d7cca6b1d87a1,SO55802,540,BK-M18B-52,1,540,73a69a5c77a7d23172e54d7ce07a638e
15832,5f827524a01a15af1043fdb581ce224b,4b32c1f268b5edfc6d7f486137468b29,SO51050,4142,BK-M68S-46,2,4142,2b53375239b19c31e4947cc1033443c0
15833,460e666a19398f97709b4a361d97ed76,4c63ccce8761a6546d90151419eeea06,SO50901,4142,BK-M68S-38,2,4142,853665fc08fe34bcd66df57da6a82a16
15833,73b2264d673ee7b5b2e7e165020516ac,4ceff7612cfa4420892fe23b23ca9265,SO57419,540,BK-M18B-48,1,540,8d71482745a6a1be4fbbc5562ade4657
15834,d35624c3724a7f923a0dcae76c01cb28,9ee2a0f409662e4664217b7e3b808428,SO50057,1566,BK-R50R-60,2,1566,ceda4a900d234638ff03b93b262b14e6
15834,da9c4ba6c9a1ae8725389bfd38b5763a,3e48b2167bd86ef570e46d0b286c4f74,SO54086,540,BK-M18B-48,1,540,9223b53f03a405f817e91392f0294f6a
15835,e366e24b8ad0b1107528f2f58cd15a81,921bc92a493b53f98f24e6a8a12801be,SO72463,105,HL-U509,3,105,c83e871e48c2716e0f28e60d166a5c98
15835,e366e24b8ad0b1107528f2f58cd15a81,921bc92a493b53f98f24e6a8a12801be,SO72463,54,SJ-0194-X,1,54,c83e871e48c2716e0f28e60d166a5c98
15835,e366e24b8ad0b1107528f2f58cd15a81,921bc92a493b53f98f24e6a8a12801be,SO72463,5,TT-M928,1,5,c83e871e48c2716e0f28e60d166a5c98
15836,fe1fd19c021e78ec395980c2e347865e,16e364d19895243407b256ec272d5394,SO68364,2,PK-7098,1,2,63efdd3324df66c9965bd622cdebe06a
15836,fe1fd19c021e78ec395980c2e347865e,16e364d19895243407b256ec272d5394,SO68364,5,TT-M928,1,5,63efdd3324df66c9965bd622cdebe06a
15837,94c60e0b5e2b0f78b919a5d4c67d70a2,0d15ba5aa4c9ad0377b26e0cf7a86280,SO62197,105,HL-U509,3,105,9913e55755fcc4267a06c1e6adbbc7fb
15837,94c60e0b5e2b0f78b919a5d4c67d70a2,0d15ba5aa4c9ad0377b26e0cf7a86280,SO62197,5,TT-M928,1,5,9913e55755fcc4267a06c1e6adbbc7fb
15838,d76e0ba1fa041675ae9af958c5b41ae4,b988e88fd94a3b47434beeb650cff880,SO56985,22,FE-6654,1,22,cae5717327bee7d74e261c550aa5081f
15838,d76e0ba1fa041675ae9af958c5b41ae4,b988e88fd94a3b47434beeb650cff880,SO56985,105,HL-U509-B,3,105,cae5717327bee7d74e261c550aa5081f
15839,de22d232bbe84481579f6252f1e7091d,cae5717327bee7d74e261c550aa5081f,SO57557,22,FE-6654,1,22,ab4946738415af86b5e3cee69b13301f
15839,de22d232bbe84481579f6252f1e7091d,cae5717327bee7d74e261c550aa5081f,SO57557,2,PK-7098,1,2,ab4946738415af86b5e3cee69b13301f
15840,3dc63b2d6dcc8f0b6720b06b5439a0b1,8d1d4829b2e801ba4e41ba48f5a549d4,SO66299,4590,BK-M68B-46,2,4590,6ef7b4bb93d4e54234cf965ed2334682
15840,3dc63b2d6dcc8f0b6720b06b5439a0b1,8d1d4829b2e801ba4e41ba48f5a549d4,SO66299,2,PK-7098,1,2,6ef7b4bb93d4e54234cf965ed2334682
15840,fab7b0e87ea51ac9c36bc8aa60ee05bb,bfe24702a7cb81c4620880adb1bf9ffe,SO49952,1566,BK-R50B-58,2,1566,5aec9d44b0ac5d0db100a243378111b3
15841,e2f0a420a4c1a9e8e292761f835e0489,4eec6eda382b9c44e240ad4b4b5e9cc0,SO65602,4640,BK-M68S-42,2,4640,9d934f91c460e9947414d00048f2fa36
15841,e2f0a420a4c1a9e8e292761f835e0489,4eec6eda382b9c44e240ad4b4b5e9cc0,SO65602,2,PK-7098,1,2,9d934f91c460e9947414d00048f2fa36
15841,ff9b4d639b22897f1c0256881eeb8643,8dd3ccb09d6ab7dd754ab887e66e8652,SO50041,1566,BK-R50B-48,2,1566,70dbbfe9e1fafe828bd88bd62f0de8f4
15842,4efe8b2ca156042f8a3d8dd6aba54520,e2f0a420a4c1a9e8e292761f835e0489,SO66353,4590,BK-M68B-38,2,4590,e82ca4c6beebe812f10fa1041b97a160
15842,4efe8b2ca156042f8a3d8dd6aba54520,e2f0a420a4c1a9e8e292761f835e0489,SO66353,105,HL-U509-B,3,105,e82ca4c6beebe812f10fa1041b97a160
15842,4efe8b2ca156042f8a3d8dd6aba54520,e2f0a420a4c1a9e8e292761f835e0489,SO66353,35,TI-M823,1,35,e82ca4c6beebe812f10fa1041b97a160
15842,4efe8b2ca156042f8a3d8dd6aba54520,e2f0a420a4c1a9e8e292761f835e0489,SO66353,5,TT-M928,1,5,e82ca4c6beebe812f10fa1041b97a160
15842,d35624c3724a7f923a0dcae76c01cb28,9ee2a0f409662e4664217b7e3b808428,SO50056,1566,BK-R50R-62,2,1566,ceda4a900d234638ff03b93b262b14e6
15843,0120f4004ede1143c3be6caa4227affe,93ddc10d6cf61153011df052aa76671f,SO66405,4640,BK-M68S-46,2,4640,07b7d2aed13a63a16377587dcc0abbe8
15843,0120f4004ede1143c3be6caa4227affe,93ddc10d6cf61153011df052aa76671f,SO66405,35,TI-M823,1,35,07b7d2aed13a63a16377587dcc0abbe8
15843,0120f4004ede1143c3be6caa4227affe,93ddc10d6cf61153011df052aa76671f,SO66405,5,TT-M928,1,5,07b7d2aed13a63a16377587dcc0abbe8
15843,74a9ea32186ec3a0b0657cef3f2b687f,968e9a4bab3af2e071a27db638e363e6,SO50098,1566,BK-R50R-52,2,1566,ce0250e4c407a28df088d59c0b77cc37
15844,52bde41d0f4e244c3d741707e5f19618,ceda4a900d234638ff03b93b262b14e6,SO50122,1566,BK-R50B-48,2,1566,c9e159941f9c2ce8daa7b4737e7f8552
15844,a1d0c0a14c6c8f8a8ef8220209c23a64,05e7920e8caf0303dc01b77666952b75,SO66994,4590,BK-M68B-42,2,4590,cd15e5f80ff20dd345bfaa51400dd0d6
15844,a1d0c0a14c6c8f8a8ef8220209c23a64,05e7920e8caf0303dc01b77666952b75,SO66994,22,FE-6654,1,22,cd15e5f80ff20dd345bfaa51400dd0d6
15844,a1d0c0a14c6c8f8a8ef8220209c23a64,05e7920e8caf0303dc01b77666952b75,SO66994,105,HL-U509-B,3,105,cd15e5f80ff20dd345bfaa51400dd0d6
15845,0120f4004ede1143c3be6caa4227affe,93ddc10d6cf61153011df052aa76671f,SO66406,4640,BK-M68S-46,2,4640,07b7d2aed13a63a16377587dcc0abbe8
15845,0120f4004ede1143c3be6caa4227affe,93ddc10d6cf61153011df052aa76671f,SO66406,22,FE-6654,1,22,07b7d2aed13a63a16377587dcc0abbe8
15845,0120f4004ede1143c3be6caa4227affe,93ddc10d6cf61153011df052aa76671f,SO66406,120,RA-H123,1,120,07b7d2aed13a63a16377587dcc0abbe8
15845,a37b3b8ed0bad1707ba2be514cc71f02,95ddec41f799217977c3384c83bfb0ca,SO50136,1566,BK-R50R-58,2,1566,fcf706c3e0fe93da0b11cc32b98eb22b
15846,5432d51ee94799c0125bb158c8a8bd22,545a3d56d20b22e09aa85bfa5ed8738d,SO73168,2384,BK-T79U-46,1,2384,9592b44e2c3f304a9875f45537bec6eb
15846,5432d51ee94799c0125bb158c8a8bd22,545a3d56d20b22e09aa85bfa5ed8738d,SO73168,27,CA-1098,3,27,9592b44e2c3f304a9875f45537bec6eb
15846,5432d51ee94799c0125bb158c8a8bd22,545a3d56d20b22e09aa85bfa5ed8738d,SO73168,54,SJ-0194-X,1,54,9592b44e2c3f304a9875f45537bec6eb
15846,606ed413481267c98754e3351f662859,4ddc8821c34bceaf3dba4a18741acca3,SO61953,4590,BK-M68B-46,2,4590,f8025d3776b5f7522a6120cb4e9e0783
15846,606ed413481267c98754e3351f662859,4ddc8821c34bceaf3dba4a18741acca3,SO61953,2,PK-7098,1,2,f8025d3776b5f7522a6120cb4e9e0783
15846,606ed413481267c98754e3351f662859,4ddc8821c34bceaf3dba4a18741acca3,SO61953,159,ST-1401,1,159,f8025d3776b5f7522a6120cb4e9e0783
15846,606ed413481267c98754e3351f662859,4ddc8821c34bceaf3dba4a18741acca3,SO61953,35,TI-M823,1,35,f8025d3776b5f7522a6120cb4e9e0783
15846,606ed413481267c98754e3351f662859,4ddc8821c34bceaf3dba4a18741acca3,SO61953,5,TT-M928,1,5,f8025d3776b5f7522a6120cb4e9e0783
15847,4b5c3229e0725ef8d303f494db9faec8,f46ace11e93788e473124f7be16a19d5,SO63726,22,FE-6654,1,22,0149f124a48640c62d90840ac5760331
15847,4b5c3229e0725ef8d303f494db9faec8,f46ace11e93788e473124f7be16a19d5,SO63726,64,VE-C304-S,1,64,0149f124a48640c62d90840ac5760331
15847,5728955fc583cbfd901d0ba25cb20f92,db10519e66d9a7b809b91935ad1a696d,SO74859,30,TI-M602,1,30,01e8942a5792053a553c4612bd6c06a6
15847,5728955fc583cbfd901d0ba25cb20f92,db10519e66d9a7b809b91935ad1a696d,SO74859,5,TT-M928,1,5,01e8942a5792053a553c4612bd6c06a6
15847,b0b2c17e5682f78d8fc262463fd0a4f3,375bde15092f45652b6398c1dff650d0,SO57980,150,LJ-0192-S,3,150,5e1b952a22eccca86f7f056a9efb42a4
15847,b0b2c17e5682f78d8fc262463fd0a4f3,375bde15092f45652b6398c1dff650d0,SO57980,70,SH-W890-M,1,70,5e1b952a22eccca86f7f056a9efb42a4
15848,d7f57f35d2bad1349ca24a67a2635eea,5432d51ee94799c0125bb158c8a8bd22,SO74052,105,HL-U509,3,105,1ba7e8cdf85da6cf5e11554703236b52
15848,d7f57f35d2bad1349ca24a67a2635eea,5432d51ee94799c0125bb158c8a8bd22,SO74052,5,TT-M928,1,5,1ba7e8cdf85da6cf5e11554703236b52
15849,c926349b55a58d87d7d5008c349fd1e9,9e8cbc3edbb5efb3f48d6afb260e4725,SO60071,2,PK-7098,1,2,ccb91034934bb047c5f6a32eb289b95b
15849,c926349b55a58d87d7d5008c349fd1e9,9e8cbc3edbb5efb3f48d6afb260e4725,SO60071,5,TT-M928,1,5,ccb91034934bb047c5f6a32eb289b95b
15850,c5ed53572c667b119dde2fc0f54de602,0d3057f268050d468f468434f8ec809a,SO72833,2384,BK-T79Y-46,1,2384,e366e24b8ad0b1107528f2f58cd15a81
15850,c5ed53572c667b119dde2fc0f54de602,0d3057f268050d468f468434f8ec809a,SO72833,54,SJ-0194-X,1,54,e366e24b8ad0b1107528f2f58cd15a81
15850,d53f9d33cac0a297449a74a10d031570,e0bcd0ff3072dfe15609d6be1529b0b8,SO61580,4640,BK-M68S-46,2,4640,4cc27df81afd686c0420394e090460cb
15850,d53f9d33cac0a297449a74a10d031570,e0bcd0ff3072dfe15609d6be1529b0b8,SO61580,55,HY-1023-70,1,55,4cc27df81afd686c0420394e090460cb
15851,6866da5d40f1aad2d82129d5ffa25bda,b68fd63ca41d49bfc1b18251202c053f,SO65773,4590,BK-M68B-42,2,4590,eea5b3bd1bd5d5c62a1d22f78d3ba263
15851,6866da5d40f1aad2d82129d5ffa25bda,b68fd63ca41d49bfc1b18251202c053f,SO65773,22,FE-6654,1,22,eea5b3bd1bd5d5c62a1d22f78d3ba263
15851,6866da5d40f1aad2d82129d5ffa25bda,b68fd63ca41d49bfc1b18251202c053f,SO65773,35,TI-M823,1,35,eea5b3bd1bd5d5c62a1d22f78d3ba263
15851,6866da5d40f1aad2d82129d5ffa25bda,b68fd63ca41d49bfc1b18251202c053f,SO65773,64,VE-C304-M,1,64,eea5b3bd1bd5d5c62a1d22f78d3ba263
15851,f6a3074075f513ac39071601eaf0195a,b60afd1ea0dbefb3614f3f57badc2959,SO49903,1566,BK-R50R-48,2,1566,9c36ef758665a17e1eeb69b7f8fce1c6
15852,07b7d2aed13a63a16377587dcc0abbe8,02b96ab6e0935145589be4e1408a1675,SO66131,4640,BK-M68S-38,2,4640,6866da5d40f1aad2d82129d5ffa25bda
15852,07b7d2aed13a63a16377587dcc0abbe8,02b96ab6e0935145589be4e1408a1675,SO66131,120,RA-H123,1,120,6866da5d40f1aad2d82129d5ffa25bda
15852,74a9ea32186ec3a0b0657cef3f2b687f,968e9a4bab3af2e071a27db638e363e6,SO50099,1566,BK-R50R-58,2,1566,ce0250e4c407a28df088d59c0b77cc37
15853,0383d48e76cd8a3dfb9e2a890f2cac18,d6fb379288416774d139632beb88e26b,SO60986,55,HY-1023-70,1,55,883b9b4170853b321c03290f64ba199f
15853,0383d48e76cd8a3dfb9e2a890f2cac18,d6fb379288416774d139632beb88e26b,SO60986,5,TT-M928,1,5,883b9b4170853b321c03290f64ba199f
15854,c926349b55a58d87d7d5008c349fd1e9,9e8cbc3edbb5efb3f48d6afb260e4725,SO60072,10,BC-M005,1,10,ccb91034934bb047c5f6a32eb289b95b
15854,c926349b55a58d87d7d5008c349fd1e9,9e8cbc3edbb5efb3f48d6afb260e4725,SO60072,22,FE-6654,1,22,ccb91034934bb047c5f6a32eb289b95b
15854,c926349b55a58d87d7d5008c349fd1e9,9e8cbc3edbb5efb3f48d6afb260e4725,SO60072,5,TT-M928,1,5,ccb91034934bb047c5f6a32eb289b95b
15854,c926349b55a58d87d7d5008c349fd1e9,9e8cbc3edbb5efb3f48d6afb260e4725,SO60072,5,WB-H098,1,5,ccb91034934bb047c5f6a32eb289b95b
15855,9f1ff00ea8fd9fd8f2d421ba5ec45a18,f88b3743a9ce1f9455b6de69380b486a,SO67441,22,FE-6654,1,22,0001ffe4d82d0d8f9fec5ab0b4faa2db
15855,9f1ff00ea8fd9fd8f2d421ba5ec45a18,f88b3743a9ce1f9455b6de69380b486a,SO67441,2,PK-7098,1,2,0001ffe4d82d0d8f9fec5ab0b4faa2db
15855,9f1ff00ea8fd9fd8f2d421ba5ec45a18,f88b3743a9ce1f9455b6de69380b486a,SO67441,5,TT-M928,1,5,0001ffe4d82d0d8f9fec5ab0b4faa2db
15856,089c2a426c196c5ca5facb20896c90bb,bc761b2b7297029a695fbd6dd0470724,SO56291,27,CA-1098,3,27,55f9f4cb5784581a517e59904e0d5e2f
15856,089c2a426c196c5ca5facb20896c90bb,bc761b2b7297029a695fbd6dd0470724,SO56291,70,SH-W890-L,1,70,55f9f4cb5784581a517e59904e0d5e2f
15856,361e2c62255e0c1887ac2139911ca300,20b5e9ce0f87defd975a322149ec8cc6,SO51896,2,PK-7098,1,2,eedd9be5500334505ed9d4aef801ac3d
15856,361e2c62255e0c1887ac2139911ca300,20b5e9ce0f87defd975a322149ec8cc6,SO51896,30,TI-M602,1,30,eedd9be5500334505ed9d4aef801ac3d
15856,361e2c62255e0c1887ac2139911ca300,20b5e9ce0f87defd975a322149ec8cc6,SO51896,5,TT-M928,1,5,eedd9be5500334505ed9d4aef801ac3d
15856,88d8e3ff674b1514a19b24621707f0d9,ca5b8307fa5f2189fb98330a9d65927c,SO74466,10,BC-M005,1,10,df09a3a727ac0f29208c5ef3bf7625e6
15856,88d8e3ff674b1514a19b24621707f0d9,ca5b8307fa5f2189fb98330a9d65927c,SO74466,22,FE-6654,1,22,df09a3a727ac0f29208c5ef3bf7625e6
15856,88d8e3ff674b1514a19b24621707f0d9,ca5b8307fa5f2189fb98330a9d65927c,SO74466,5,WB-H098,1,5,df09a3a727ac0f29208c5ef3bf7625e6
15857,70951886788165a5e2439adfce4d0cce,ca38f30e56a72f4d0c8d2264322c5862,SO68979,5,TT-M928,1,5,c885741a5e3e55c84950327011b70289
15858,2fe1a028f9398deb2efcd536c8246fae,9913e55755fcc4267a06c1e6adbbc7fb,SO62603,2,PK-7098,1,2,8dd08d219271ec96c543f486de430703
15858,2fe1a028f9398deb2efcd536c8246fae,9913e55755fcc4267a06c1e6adbbc7fb,SO62603,5,TT-M928,1,5,8dd08d219271ec96c543f486de430703
15859,7e15f50bd26e439e6a22f5205a8064db,a1d0c0a14c6c8f8a8ef8220209c23a64,SO67860,2,PK-7098,1,2,702a02712215141594ddf8e52b0a651c
15859,7e15f50bd26e439e6a22f5205a8064db,a1d0c0a14c6c8f8a8ef8220209c23a64,SO67860,33,TI-R982,1,33,702a02712215141594ddf8e52b0a651c
15859,db2f6a564b6f5f41253c68874b50962b,76918877cf6ce7011018cd9708723392,SO62255,10,BC-M005,1,10,606ed413481267c98754e3351f662859
15859,db2f6a564b6f5f41253c68874b50962b,76918877cf6ce7011018cd9708723392,SO62255,5,WB-H098,1,5,606ed413481267c98754e3351f662859
15859,eba5233d2dd8ea5031e646882335ece0,629ffff971d10f275a79a70fae527fbc,SO56636,22,FE-6654,1,22,b988e88fd94a3b47434beeb650cff880
15859,eba5233d2dd8ea5031e646882335ece0,629ffff971d10f275a79a70fae527fbc,SO56636,2,PK-7098,1,2,b988e88fd94a3b47434beeb650cff880
15860,106dfbaf552c07a1b08d065f2c343982,3f20f21c57e09a6c071e44d1fe74b58a,SO54571,540,BK-M18B-44,1,540,dba3e44e23a1d2c2f299811e94db7fce
15860,79f46ce61b754fc6c2eeda754a6354bc,287c323e0efa1c1148232e905c3f7d34,SO49931,1566,BK-R50R-52,2,1566,1bc9f4b5f1c56b7e2d5b17c27dad280f
15861,72e75576254db1afef14ecdc050391c2,20b851db79828c985958154243411278,SO52094,2,PK-7098,1,2,0b80ce5eab877cae9997209e0bee6e60
15861,72e75576254db1afef14ecdc050391c2,20b851db79828c985958154243411278,SO52094,5,TT-M928,1,5,0b80ce5eab877cae9997209e0bee6e60
15862,1685ca8ff12ea83725a1c35e1d89c5cd,15699e35c72c4036c71409f3f3d69528,SO53853,540,BK-M18B-40,1,540,6d44506d59926d8d13d35f75d97f2a64
15862,1685ca8ff12ea83725a1c35e1d89c5cd,15699e35c72c4036c71409f3f3d69528,SO53853,22,FE-6654,1,22,6d44506d59926d8d13d35f75d97f2a64
15862,1685ca8ff12ea83725a1c35e1d89c5cd,15699e35c72c4036c71409f3f3d69528,SO53853,105,HL-U509-R,3,105,6d44506d59926d8d13d35f75d97f2a64
15862,207f6c5125350a97b1a410dc655800f6,d9cd5832ac6226b16d8669df784e8c52,SO50073,1566,BK-R50B-44,2,1566,95ddec41f799217977c3384c83bfb0ca
15863,1678083e7ff90bd404baad3f60bffa37,7b0730955172ecda497d7cca6b1d87a1,SO55785,22,FE-6654,1,22,73a69a5c77a7d23172e54d7ce07a638e
15863,1678083e7ff90bd404baad3f60bffa37,7b0730955172ecda497d7cca6b1d87a1,SO55785,48,GL-H102-S,2,48,73a69a5c77a7d23172e54d7ce07a638e
15863,1678083e7ff90bd404baad3f60bffa37,7b0730955172ecda497d7cca6b1d87a1,SO55785,55,HY-1023-70,1,55,73a69a5c77a7d23172e54d7ce07a638e
15863,305c66634c155cab2b5cc3ce00351eb1,2becb9647677a1a316b388bbad689580,SO62105,105,HL-U509-R,3,105,922d04aa1f67bbe0270bfad98508f43e
15863,305c66634c155cab2b5cc3ce00351eb1,2becb9647677a1a316b388bbad689580,SO62105,33,TI-R982,1,33,922d04aa1f67bbe0270bfad98508f43e
15863,305c66634c155cab2b5cc3ce00351eb1,2becb9647677a1a316b388bbad689580,SO62105,4,TT-R982,1,4,922d04aa1f67bbe0270bfad98508f43e
15863,4a70a3ec50fd16032883bf6fc79c55dd,4804ee33768b143d9706052696f7dfbd,SO61054,10,BC-M005,1,10,e0bcd0ff3072dfe15609d6be1529b0b8
15863,4a70a3ec50fd16032883bf6fc79c55dd,4804ee33768b143d9706052696f7dfbd,SO61054,55,HY-1023-70,1,55,e0bcd0ff3072dfe15609d6be1529b0b8
15863,4a70a3ec50fd16032883bf6fc79c55dd,4804ee33768b143d9706052696f7dfbd,SO61054,5,WB-H098,1,5,e0bcd0ff3072dfe15609d6be1529b0b8
15864,5abaefcc8525a8f4cfd95cba9e926532,fde67888c64f701b59876ec559099b3e,SO57647,10,BC-M005,1,10,73b2264d673ee7b5b2e7e165020516ac
15864,9913e55755fcc4267a06c1e6adbbc7fb,4a70a3ec50fd16032883bf6fc79c55dd,SO61898,22,FE-6654,1,22,d53f9d33cac0a297449a74a10d031570
15864,b34050290c25b0f7b52a2b8f767df87d,caa707f97407c07371136aaf471a91d4,SO67986,105,HL-U509-B,3,105,36ab6f1df21f3c9a169c8942e981959a
15864,b34050290c25b0f7b52a2b8f767df87d,caa707f97407c07371136aaf471a91d4,SO67986,33,TI-R982,1,33,36ab6f1df21f3c9a169c8942e981959a
15864,b34050290c25b0f7b52a2b8f767df87d,caa707f97407c07371136aaf471a91d4,SO67986,4,TT-R982,1,4,36ab6f1df21f3c9a169c8942e981959a
15865,6353a8421ee460b64f2c988cc72a8391,59c3d64cb01cd5ad7fd25246d81a55ff,SO56213,10,BC-M005,1,10,5691ac18f59a9af20f9d8703772afbba
15865,6353a8421ee460b64f2c988cc72a8391,59c3d64cb01cd5ad7fd25246d81a55ff,SO56213,565,BK-M18S-42,1,565,5691ac18f59a9af20f9d8703772afbba
15865,6353a8421ee460b64f2c988cc72a8391,59c3d64cb01cd5ad7fd25246d81a55ff,SO56213,54,SJ-0194-X,1,54,5691ac18f59a9af20f9d8703772afbba
15865,6353a8421ee460b64f2c988cc72a8391,59c3d64cb01cd5ad7fd25246d81a55ff,SO56213,5,WB-H098,1,5,5691ac18f59a9af20f9d8703772afbba
15865,a37b3b8ed0bad1707ba2be514cc71f02,95ddec41f799217977c3384c83bfb0ca,SO50137,1566,BK-R50B-48,2,1566,fcf706c3e0fe93da0b11cc32b98eb22b
15866,6a8d7e42bb852c45fbf8610361d391a0,3f72b837978dcd042b73e7270f11a4ca,SO71123,22,FE-6654,1,22,49fce086a31f1cfcf16b54e462f7cbc0
15866,6a8d7e42bb852c45fbf8610361d391a0,3f72b837978dcd042b73e7270f11a4ca,SO71123,105,HL-U509,3,105,49fce086a31f1cfcf16b54e462f7cbc0
15866,83d1ed00595e79ee5ea3797e97970fe8,fe1fd19c021e78ec395980c2e347865e,SO69186,10,BC-M005,1,10,705fa39ab40831529471c768490339ab
15866,83d1ed00595e79ee5ea3797e97970fe8,fe1fd19c021e78ec395980c2e347865e,SO69186,105,HL-U509-R,3,105,705fa39ab40831529471c768490339ab
15866,83d1ed00595e79ee5ea3797e97970fe8,fe1fd19c021e78ec395980c2e347865e,SO69186,5,WB-H098,1,5,705fa39ab40831529471c768490339ab
15866,9c56075241a26f6fa77eb86b15411c6e,9444f850ff0c10a862b4a6a9c4ab0a74,SO54396,2,PK-7098,1,2,ab2e81a99745ffff6c06e2be93290d1b
15866,9c56075241a26f6fa77eb86b15411c6e,9444f850ff0c10a862b4a6a9c4ab0a74,SO54396,33,TI-R982,1,33,ab2e81a99745ffff6c06e2be93290d1b
15866,9c56075241a26f6fa77eb86b15411c6e,9444f850ff0c10a862b4a6a9c4ab0a74,SO54396,4,TT-R982,1,4,ab2e81a99745ffff6c06e2be93290d1b
15867,a048b8d5f3f9178f163e2be055f0138b,c83e871e48c2716e0f28e60d166a5c98,SO72988,2,PK-7098,1,2,41ef6b06b63ba4f6a5234245a439b157
15867,a048b8d5f3f9178f163e2be055f0138b,c83e871e48c2716e0f28e60d166a5c98,SO72988,5,TT-M928,1,5,41ef6b06b63ba4f6a5234245a439b157
15868,23f22724b430320654759f8512440ebc,485ae69515bc4c60ef546ff289741f60,SO58261,10,BC-M005,1,10,b0b2c17e5682f78d8fc262463fd0a4f3
15868,23f22724b430320654759f8512440ebc,485ae69515bc4c60ef546ff289741f60,SO58261,48,GL-H102-S,2,48,b0b2c17e5682f78d8fc262463fd0a4f3
15868,23f22724b430320654759f8512440ebc,485ae69515bc4c60ef546ff289741f60,SO58261,105,HL-U509,3,105,b0b2c17e5682f78d8fc262463fd0a4f3
15868,23f22724b430320654759f8512440ebc,485ae69515bc4c60ef546ff289741f60,SO58261,5,WB-H098,1,5,b0b2c17e5682f78d8fc262463fd0a4f3
15868,88d8e3ff674b1514a19b24621707f0d9,ca5b8307fa5f2189fb98330a9d65927c,SO74450,48,GL-H102-S,2,48,df09a3a727ac0f29208c5ef3bf7625e6
15868,88d8e3ff674b1514a19b24621707f0d9,ca5b8307fa5f2189fb98330a9d65927c,SO74450,33,TI-R982,1,33,df09a3a727ac0f29208c5ef3bf7625e6
15868,88d8e3ff674b1514a19b24621707f0d9,ca5b8307fa5f2189fb98330a9d65927c,SO74450,4,TT-R982,1,4,df09a3a727ac0f29208c5ef3bf7625e6
15868,d4ae40bdb21d7c1f4fee96082340d3a2,9a027fc72b503940a96d5137762a263e,SO75122,27,CA-1098,3,27,08ff55594d8ca57b756a1953f77ebc89
15868,d4ae40bdb21d7c1f4fee96082340d3a2,9a027fc72b503940a96d5137762a263e,SO75122,22,FE-6654,1,22,08ff55594d8ca57b756a1953f77ebc89
15869,3f20f21c57e09a6c071e44d1fe74b58a,9b98d27287b27eeee9ebc06e1d5a9a8d,SO53897,9,SO-R809-M,1,9,51c449e55b4a63a16fb45beb689150d5
15869,3f20f21c57e09a6c071e44d1fe74b58a,9b98d27287b27eeee9ebc06e1d5a9a8d,SO53897,5,TT-M928,1,5,51c449e55b4a63a16fb45beb689150d5
15870,4dbf892d41ae205f6e36838031cff786,de22d232bbe84481579f6252f1e7091d,SO58219,2,PK-7098,1,2,3fbd0407b55d3a3da21388a2ddbf881c
15870,4dbf892d41ae205f6e36838031cff786,de22d232bbe84481579f6252f1e7091d,SO58219,5,TT-M928,1,5,3fbd0407b55d3a3da21388a2ddbf881c
15871,d6ab5a0eee939524352092b964d92b84,106dfbaf552c07a1b08d065f2c343982,SO55203,105,HL-U509,3,105,3c4bf68562424c26986beae6ce13704a
15871,d6ab5a0eee939524352092b964d92b84,106dfbaf552c07a1b08d065f2c343982,SO55203,5,TT-M928,1,5,3c4bf68562424c26986beae6ce13704a
15872,5432d51ee94799c0125bb158c8a8bd22,545a3d56d20b22e09aa85bfa5ed8738d,SO73129,33,TI-R982,1,33,9592b44e2c3f304a9875f45537bec6eb
15872,5432d51ee94799c0125bb158c8a8bd22,545a3d56d20b22e09aa85bfa5ed8738d,SO73129,4,TT-R982,1,4,9592b44e2c3f304a9875f45537bec6eb
15872,5432d51ee94799c0125bb158c8a8bd22,545a3d56d20b22e09aa85bfa5ed8738d,SO73129,64,VE-C304-L,1,64,9592b44e2c3f304a9875f45537bec6eb
15872,99c8f306659fd98cbb9d7f03ec0c2a7a,705fa39ab40831529471c768490339ab,SO69886,10,BC-M005,1,10,fff3c307c93eda1eb91d53ca588846fe
15872,99c8f306659fd98cbb9d7f03ec0c2a7a,705fa39ab40831529471c768490339ab,SO69886,105,HL-U509-R,3,105,fff3c307c93eda1eb91d53ca588846fe
15872,99c8f306659fd98cbb9d7f03ec0c2a7a,705fa39ab40831529471c768490339ab,SO69886,5,WB-H098,1,5,fff3c307c93eda1eb91d53ca588846fe
15872,e0cd1349b4c6e1b5f14ed427e358c2d0,f06fd077b6afc2d69af6e1e548da266d,SO70348,22,FE-6654,1,22,b95a9f47dd73bb9b799a31ae04ee7da1
15872,e0cd1349b4c6e1b5f14ed427e358c2d0,f06fd077b6afc2d69af6e1e548da266d,SO70348,64,VE-C304-M,1,64,b95a9f47dd73bb9b799a31ae04ee7da1
15873,b60bd79b871d7c3345674370fa4dda03,ff9b4d639b22897f1c0256881eeb8643,SO50160,1566,BK-R50R-58,2,1566,14cf1002d25f6005ecb94636b7f549b1
15873,c507827aa5f4f6bbedf64058461c621b,6d1d8a1c7851eb5a946d45009cea6d9f,SO66478,10,BC-M005,1,10,dfcee565bb2da80a7b76451a5cd314a1
15873,c507827aa5f4f6bbedf64058461c621b,6d1d8a1c7851eb5a946d45009cea6d9f,SO66478,4590,BK-M68B-46,2,4590,dfcee565bb2da80a7b76451a5cd314a1
15873,c507827aa5f4f6bbedf64058461c621b,6d1d8a1c7851eb5a946d45009cea6d9f,SO66478,27,CA-1098,3,27,dfcee565bb2da80a7b76451a5cd314a1
15873,c507827aa5f4f6bbedf64058461c621b,6d1d8a1c7851eb5a946d45009cea6d9f,SO66478,22,FE-6654,1,22,dfcee565bb2da80a7b76451a5cd314a1
15873,c507827aa5f4f6bbedf64058461c621b,6d1d8a1c7851eb5a946d45009cea6d9f,SO66478,5,WB-H098,1,5,dfcee565bb2da80a7b76451a5cd314a1
15874,6d44506d59926d8d13d35f75d97f2a64,deff8ad81a213d1110c1f409a7f40fcd,SO53418,70,SH-W890-S,1,70,f476906875bc5d9abe836b4ea1f485c1
15874,a1fedb8f5f2e08543339a5f167bee6b7,8b9fe4b34e3c54f08bfcac3d9691e260,SO64975,105,HL-U509-R,3,105,4eec6eda382b9c44e240ad4b4b5e9cc0
15874,a1fedb8f5f2e08543339a5f167bee6b7,8b9fe4b34e3c54f08bfcac3d9691e260,SO64975,30,TI-M602,1,30,4eec6eda382b9c44e240ad4b4b5e9cc0
15874,a1fedb8f5f2e08543339a5f167bee6b7,8b9fe4b34e3c54f08bfcac3d9691e260,SO64975,5,TT-M928,1,5,4eec6eda382b9c44e240ad4b4b5e9cc0
15874,b95a9f47dd73bb9b799a31ae04ee7da1,175a5d217fad85df9f6639d7ced1e5d9,SO69979,22,FE-6654,1,22,8728a5e296f39e49d2fa74c31820e99f
15874,b95a9f47dd73bb9b799a31ae04ee7da1,175a5d217fad85df9f6639d7ced1e5d9,SO69979,64,VE-C304-S,1,64,8728a5e296f39e49d2fa74c31820e99f
15875,39fe373cdcb4534addde73890415b660,41fc4cb27e0ee552c4c9247e1a476cc5,SO55892,8,CL-9009,1,8,3519c8eb4095dbc69d80eb61856d3435
15875,39fe373cdcb4534addde73890415b660,41fc4cb27e0ee552c4c9247e1a476cc5,SO55892,2,PK-7098,1,2,3519c8eb4095dbc69d80eb61856d3435
15875,39fe373cdcb4534addde73890415b660,41fc4cb27e0ee552c4c9247e1a476cc5,SO55892,5,TT-M928,1,5,3519c8eb4095dbc69d80eb61856d3435
15876,9913e55755fcc4267a06c1e6adbbc7fb,4a70a3ec50fd16032883bf6fc79c55dd,SO61902,4640,BK-M68S-46,2,4640,d53f9d33cac0a297449a74a10d031570
15876,9913e55755fcc4267a06c1e6adbbc7fb,4a70a3ec50fd16032883bf6fc79c55dd,SO61902,22,FE-6654,1,22,d53f9d33cac0a297449a74a10d031570
15876,9913e55755fcc4267a06c1e6adbbc7fb,4a70a3ec50fd16032883bf6fc79c55dd,SO61902,9,SO-R809-M,1,9,d53f9d33cac0a297449a74a10d031570
15876,c83e871e48c2716e0f28e60d166a5c98,6a8d7e42bb852c45fbf8610361d391a0,SO72110,2384,BK-T79Y-46,1,2384,c4c454d69a39e60a6f5cf2f97148adad
15876,c83e871e48c2716e0f28e60d166a5c98,6a8d7e42bb852c45fbf8610361d391a0,SO72110,54,SJ-0194-S,1,54,c4c454d69a39e60a6f5cf2f97148adad
15877,ca5b8307fa5f2189fb98330a9d65927c,88077cf01a3e17831c2d0bcca5897c5b,SO73973,105,HL-U509,3,105,5cbbe853aa1a5a1370f9a614904c4b15
15877,ca5b8307fa5f2189fb98330a9d65927c,88077cf01a3e17831c2d0bcca5897c5b,SO73973,5,TT-M928,1,5,5cbbe853aa1a5a1370f9a614904c4b15
15878,02b96ab6e0935145589be4e1408a1675,58f0b42da53adeeccbfa693883fea672,SO65369,22,FE-6654,1,22,b68fd63ca41d49bfc1b18251202c053f
15878,02b96ab6e0935145589be4e1408a1675,58f0b42da53adeeccbfa693883fea672,SO65369,55,HY-1023-70,1,55,b68fd63ca41d49bfc1b18251202c053f
15878,3db19f5f710f10e90ecc7154c649d60a,f544b472453b297a8b55709fbfd3746d,SO70893,27,CA-1098,3,27,fee8e08233f3f00450bce31967abb0f1
15878,3db19f5f710f10e90ecc7154c649d60a,f544b472453b297a8b55709fbfd3746d,SO70893,70,SH-W890-S,1,70,fee8e08233f3f00450bce31967abb0f1
15878,b8d9d66529b0a1e91f6137abcdd065dd,6d44506d59926d8d13d35f75d97f2a64,SO54217,105,HL-U509-R,3,105,90c6314650a0d54fdcabe5cd5406f9af
15878,b8d9d66529b0a1e91f6137abcdd065dd,6d44506d59926d8d13d35f75d97f2a64,SO54217,30,TI-M602,1,30,90c6314650a0d54fdcabe5cd5406f9af
15878,b8d9d66529b0a1e91f6137abcdd065dd,6d44506d59926d8d13d35f75d97f2a64,SO54217,5,TT-M928,1,5,90c6314650a0d54fdcabe5cd5406f9af
15879,1678083e7ff90bd404baad3f60bffa37,7b0730955172ecda497d7cca6b1d87a1,SO55764,70,SH-W890-L,1,70,73a69a5c77a7d23172e54d7ce07a638e
15879,9a95fdf4e925d9cbd65f87b5aa4ac212,478ecc8cdaa127c33884d9f6c72c2cd5,SO59614,22,FE-6654,1,22,9e8cbc3edbb5efb3f48d6afb260e4725
15879,9a95fdf4e925d9cbd65f87b5aa4ac212,478ecc8cdaa127c33884d9f6c72c2cd5,SO59614,105,HL-U509-R,3,105,9e8cbc3edbb5efb3f48d6afb260e4725
15879,b0241b451647f25db5f52074445d820c,7a8e187aeb003f6e34c02a4d5b9b153e,SO64265,105,HL-U509,3,105,56d78836c9cf0de136c4d2d37aba2280
15879,b0241b451647f25db5f52074445d820c,7a8e187aeb003f6e34c02a4d5b9b153e,SO64265,30,TI-M602,1,30,56d78836c9cf0de136c4d2d37aba2280
15879,b0241b451647f25db5f52074445d820c,7a8e187aeb003f6e34c02a4d5b9b153e,SO64265,5,TT-M928,1,5,56d78836c9cf0de136c4d2d37aba2280
15880,0c8ff735cb2b05718573c08173335fd4,1685ca8ff12ea83725a1c35e1d89c5cd,SO54493,8,CL-9009,1,8,b8d9d66529b0a1e91f6137abcdd065dd
15880,0c8ff735cb2b05718573c08173335fd4,1685ca8ff12ea83725a1c35e1d89c5cd,SO54493,120,RA-H123,1,120,b8d9d66529b0a1e91f6137abcdd065dd
15880,0c8ff735cb2b05718573c08173335fd4,1685ca8ff12ea83725a1c35e1d89c5cd,SO54493,5,TT-M928,1,5,b8d9d66529b0a1e91f6137abcdd065dd
15881,da9c4ba6c9a1ae8725389bfd38b5763a,3e48b2167bd86ef570e46d0b286c4f74,SO54085,565,BK-M18S-52,1,565,9223b53f03a405f817e91392f0294f6a
15882,427ed6396fba4ed8ead9ec3229517d2b,3519c8eb4095dbc69d80eb61856d3435,SO56256,540,BK-M18B-52,1,540,629ffff971d10f275a79a70fae527fbc
15882,427ed6396fba4ed8ead9ec3229517d2b,3519c8eb4095dbc69d80eb61856d3435,SO56256,48,GL-H102-M,2,48,629ffff971d10f275a79a70fae527fbc
15882,427ed6396fba4ed8ead9ec3229517d2b,3519c8eb4095dbc69d80eb61856d3435,SO56256,25,TI-M267,1,25,629ffff971d10f275a79a70fae527fbc
15882,f6a3074075f513ac39071601eaf0195a,b60afd1ea0dbefb3614f3f57badc2959,SO49904,1566,BK-R50B-48,2,1566,9c36ef758665a17e1eeb69b7f8fce1c6
15883,bc761b2b7297029a695fbd6dd0470724,fef3080ec197edd1a04bb18afd31d16d,SO55635,27,CA-1098,3,27,9b6872ca1d80024637e967d1066bba0a
15883,bc761b2b7297029a695fbd6dd0470724,fef3080ec197edd1a04bb18afd31d16d,SO55635,22,FE-6654,1,22,9b6872ca1d80024637e967d1066bba0a
15883,bc761b2b7297029a695fbd6dd0470724,fef3080ec197edd1a04bb18afd31d16d,SO55635,54,SJ-0194-M,1,54,9b6872ca1d80024637e967d1066bba0a
15883,bc761b2b7297029a695fbd6dd0470724,fef3080ec197edd1a04bb18afd31d16d,SO55635,5,TT-M928,1,5,9b6872ca1d80024637e967d1066bba0a
15884,485ae69515bc4c60ef546ff289741f60,40ff348468b73116a7077c246985e0bf,SO57612,105,HL-U509-R,3,105,375bde15092f45652b6398c1dff650d0
15884,485ae69515bc4c60ef546ff289741f60,40ff348468b73116a7077c246985e0bf,SO57612,5,TT-M928,1,5,375bde15092f45652b6398c1dff650d0
15885,34ac3f5a318d1a93a8a4ad7dfac9fb98,74a9ea32186ec3a0b0657cef3f2b687f,SO50351,1566,BK-R50B-62,2,1566,e488a84b1e74148f72971289cb4e1be9
15885,a8ef76a01442567fb64eb6f4408a9835,427ed6396fba4ed8ead9ec3229517d2b,SO56894,10,BC-M005,1,10,eba5233d2dd8ea5031e646882335ece0
15885,a8ef76a01442567fb64eb6f4408a9835,427ed6396fba4ed8ead9ec3229517d2b,SO56894,565,BK-M18S-48,1,565,eba5233d2dd8ea5031e646882335ece0
15885,a8ef76a01442567fb64eb6f4408a9835,427ed6396fba4ed8ead9ec3229517d2b,SO56894,105,HL-U509,3,105,eba5233d2dd8ea5031e646882335ece0
15885,a8ef76a01442567fb64eb6f4408a9835,427ed6396fba4ed8ead9ec3229517d2b,SO56894,5,WB-H098,1,5,eba5233d2dd8ea5031e646882335ece0
15886,55f9f4cb5784581a517e59904e0d5e2f,9b6872ca1d80024637e967d1066bba0a,SO56055,565,BK-M18S-52,1,565,1678083e7ff90bd404baad3f60bffa37
15886,55f9f4cb5784581a517e59904e0d5e2f,9b6872ca1d80024637e967d1066bba0a,SO56055,48,GL-H102-M,2,48,1678083e7ff90bd404baad3f60bffa37
15886,55f9f4cb5784581a517e59904e0d5e2f,9b6872ca1d80024637e967d1066bba0a,SO56055,150,LJ-0192-S,3,150,1678083e7ff90bd404baad3f60bffa37
15886,f7b0a9ecc2f6023330b7a948b9e76688,8092e44fa2e2a2ee34e25210038fe274,SO50609,1566,BK-R50R-58,2,1566,c8f4a6002944b338d50dcc7eb3b056c8
15887,8babade0595c11e14dd89058a850f2cd,a048b8d5f3f9178f163e2be055f0138b,SO73896,105,HL-U509,3,105,501407dcfde5b685045ca3072168d5bb
15887,8babade0595c11e14dd89058a850f2cd,a048b8d5f3f9178f163e2be055f0138b,SO73896,5,TT-M928,1,5,501407dcfde5b685045ca3072168d5bb
15888,0120f4004ede1143c3be6caa4227affe,93ddc10d6cf61153011df052aa76671f,SO66407,4640,BK-M68S-46,2,4640,07b7d2aed13a63a16377587dcc0abbe8
15888,0120f4004ede1143c3be6caa4227affe,93ddc10d6cf61153011df052aa76671f,SO66407,22,FE-6654,1,22,07b7d2aed13a63a16377587dcc0abbe8
15888,0120f4004ede1143c3be6caa4227affe,93ddc10d6cf61153011df052aa76671f,SO66407,54,SJ-0194-L,1,54,07b7d2aed13a63a16377587dcc0abbe8
15888,7dc1c03103798a474aa763047623df54,7b6fb99e007535aabcd19741210af47d,SO50651,1566,BK-R50B-60,2,1566,35a6fa1efa2ccca1297564c53a3633af
15889,41ef6b06b63ba4f6a5234245a439b157,c4c454d69a39e60a6f5cf2f97148adad,SO72629,9,BC-R205,1,9,545a3d56d20b22e09aa85bfa5ed8738d
15889,41ef6b06b63ba4f6a5234245a439b157,c4c454d69a39e60a6f5cf2f97148adad,SO72629,2384,BK-T79U-54,1,2384,545a3d56d20b22e09aa85bfa5ed8738d
15889,41ef6b06b63ba4f6a5234245a439b157,c4c454d69a39e60a6f5cf2f97148adad,SO72629,105,HL-U509-B,3,105,545a3d56d20b22e09aa85bfa5ed8738d
15889,41ef6b06b63ba4f6a5234245a439b157,c4c454d69a39e60a6f5cf2f97148adad,SO72629,5,WB-H098,1,5,545a3d56d20b22e09aa85bfa5ed8738d
15889,95103530881768b5cfc7e33970db9cd7,2ed3972e38245b633ec6b146c2970148,SO62444,4590,BK-M68B-42,2,4590,305c66634c155cab2b5cc3ce00351eb1
15889,95103530881768b5cfc7e33970db9cd7,2ed3972e38245b633ec6b146c2970148,SO62444,120,RA-H123,1,120,305c66634c155cab2b5cc3ce00351eb1
15890,54e631e6ad5b9a63c134f0ca46d89658,28ba281a58dae2613cc89f9d101be807,SO50571,1566,BK-R50B-52,2,1566,7b6fb99e007535aabcd19741210af47d
15890,6eaadc1181f307997dc853d9ed40db36,0814775cfc25da756a9b4197347ab771,SO58522,565,BK-M18S-48,1,565,4dbf892d41ae205f6e36838031cff786
15890,6eaadc1181f307997dc853d9ed40db36,0814775cfc25da756a9b4197347ab771,SO58522,2,PK-7098,1,2,4dbf892d41ae205f6e36838031cff786
15890,6eaadc1181f307997dc853d9ed40db36,0814775cfc25da756a9b4197347ab771,SO58522,25,TI-M267,1,25,4dbf892d41ae205f6e36838031cff786
15891,ca5b8307fa5f2189fb98330a9d65927c,88077cf01a3e17831c2d0bcca5897c5b,SO73974,105,HL-U509-B,3,105,5cbbe853aa1a5a1370f9a614904c4b15
15891,ca5b8307fa5f2189fb98330a9d65927c,88077cf01a3e17831c2d0bcca5897c5b,SO73974,5,TT-M928,1,5,5cbbe853aa1a5a1370f9a614904c4b15
15892,0383d48e76cd8a3dfb9e2a890f2cac18,d6fb379288416774d139632beb88e26b,SO61012,10,BC-M005,1,10,883b9b4170853b321c03290f64ba199f
15892,0383d48e76cd8a3dfb9e2a890f2cac18,d6fb379288416774d139632beb88e26b,SO61012,540,BK-M18B-48,1,540,883b9b4170853b321c03290f64ba199f
15892,0383d48e76cd8a3dfb9e2a890f2cac18,d6fb379288416774d139632beb88e26b,SO61012,64,VE-C304-M,1,64,883b9b4170853b321c03290f64ba199f
15892,0383d48e76cd8a3dfb9e2a890f2cac18,d6fb379288416774d139632beb88e26b,SO61012,5,WB-H098,1,5,883b9b4170853b321c03290f64ba199f
15892,18ed686c4efc5757b5c809cfcc456ce1,c9e159941f9c2ce8daa7b4737e7f8552,SO50330,1566,BK-R50R-60,2,1566,decf9fc89a1038c423f1bef01a953ac9
15893,7f480de9e8eb6071d108895ecf71651d,af04e65ff21d922e75b51466fd45d408,SO50478,1566,BK-R50B-44,2,1566,727839743fd8ddb93101d7c79edd3f76
15893,e0bcd0ff3072dfe15609d6be1529b0b8,c660dc308b247ce08aeecd155306bae0,SO60732,565,BK-M18S-48,1,565,39ff8ac1e8a44088f96e17b846ec8baf
15893,e0bcd0ff3072dfe15609d6be1529b0b8,c660dc308b247ce08aeecd155306bae0,SO60732,27,CA-1098,3,27,39ff8ac1e8a44088f96e17b846ec8baf
15893,e0bcd0ff3072dfe15609d6be1529b0b8,c660dc308b247ce08aeecd155306bae0,SO60732,22,FE-6654,1,22,39ff8ac1e8a44088f96e17b846ec8baf
15893,e0bcd0ff3072dfe15609d6be1529b0b8,c660dc308b247ce08aeecd155306bae0,SO60732,150,LJ-0192-M,3,150,39ff8ac1e8a44088f96e17b846ec8baf
15894,3c1811b546060d91957cc446aabc4a3c,3c4bf68562424c26986beae6ce13704a,SO55707,105,HL-U509,3,105,3c8e2c51453f4d665f1050da871dead6
15894,3c1811b546060d91957cc446aabc4a3c,3c4bf68562424c26986beae6ce13704a,SO55707,150,LJ-0192-X,3,150,3c8e2c51453f4d665f1050da871dead6
15894,3c1811b546060d91957cc446aabc4a3c,3c4bf68562424c26986beae6ce13704a,SO55707,5,TT-M928,1,5,3c8e2c51453f4d665f1050da871dead6
15895,2d6e054ac82934d489c58cc8399a1628,ce08c22f7777768ce4197eab9727516c,SO60793,22,FE-6654,1,22,348f48807f500aeac729fb17d9bc97f1
15895,2d6e054ac82934d489c58cc8399a1628,ce08c22f7777768ce4197eab9727516c,SO60793,105,HL-U509,3,105,348f48807f500aeac729fb17d9bc97f1
15895,2d6e054ac82934d489c58cc8399a1628,ce08c22f7777768ce4197eab9727516c,SO60793,5,TT-M928,1,5,348f48807f500aeac729fb17d9bc97f1
15896,6d1d8a1c7851eb5a946d45009cea6d9f,3f0c8308e4e2e5c4ddc1b7e19304f613,SO65704,2,PK-7098,1,2,6582aa26281b9a92ad60e6a03e274c00
15896,6d1d8a1c7851eb5a946d45009cea6d9f,3f0c8308e4e2e5c4ddc1b7e19304f613,SO65704,5,TT-M928,1,5,6582aa26281b9a92ad60e6a03e274c00
15897,10286aa18ba7fc1d175af14353ff81c6,decf9fc89a1038c423f1bef01a953ac9,SO50418,1566,BK-R50R-52,2,1566,34ac3f5a318d1a93a8a4ad7dfac9fb98
15897,e2f0a420a4c1a9e8e292761f835e0489,4eec6eda382b9c44e240ad4b4b5e9cc0,SO65603,10,BC-M005,1,10,9d934f91c460e9947414d00048f2fa36
15897,e2f0a420a4c1a9e8e292761f835e0489,4eec6eda382b9c44e240ad4b4b5e9cc0,SO65603,4590,BK-M68B-42,2,4590,9d934f91c460e9947414d00048f2fa36
15897,e2f0a420a4c1a9e8e292761f835e0489,4eec6eda382b9c44e240ad4b4b5e9cc0,SO65603,22,FE-6654,1,22,9d934f91c460e9947414d00048f2fa36
15897,e2f0a420a4c1a9e8e292761f835e0489,4eec6eda382b9c44e240ad4b4b5e9cc0,SO65603,5,WB-H098,1,5,9d934f91c460e9947414d00048f2fa36
15898,e871b36e68b0b3d0af9c742d81fef27a,3fe686907939d07097f6c87f08025422,SO70120,2,PK-7098,1,2,1faee5670542865e021595151379fe5c
15898,e871b36e68b0b3d0af9c742d81fef27a,3fe686907939d07097f6c87f08025422,SO70120,5,TT-M928,1,5,1faee5670542865e021595151379fe5c
15899,02b96ab6e0935145589be4e1408a1675,58f0b42da53adeeccbfa693883fea672,SO65370,4640,BK-M68S-46,2,4640,b68fd63ca41d49bfc1b18251202c053f
15899,02b96ab6e0935145589be4e1408a1675,58f0b42da53adeeccbfa693883fea672,SO65370,22,FE-6654,1,22,b68fd63ca41d49bfc1b18251202c053f
15899,02b96ab6e0935145589be4e1408a1675,58f0b42da53adeeccbfa693883fea672,SO65370,9,SO-R809-M,1,9,b68fd63ca41d49bfc1b18251202c053f
15899,54e631e6ad5b9a63c134f0ca46d89658,28ba281a58dae2613cc89f9d101be807,SO50572,1566,BK-R50R-48,2,1566,7b6fb99e007535aabcd19741210af47d
15900,da9c4ba6c9a1ae8725389bfd38b5763a,3e48b2167bd86ef570e46d0b286c4f74,SO54087,10,BC-M005,1,10,9223b53f03a405f817e91392f0294f6a
15900,da9c4ba6c9a1ae8725389bfd38b5763a,3e48b2167bd86ef570e46d0b286c4f74,SO54087,565,BK-M18S-40,1,565,9223b53f03a405f817e91392f0294f6a
15900,da9c4ba6c9a1ae8725389bfd38b5763a,3e48b2167bd86ef570e46d0b286c4f74,SO54087,120,RA-H123,1,120,9223b53f03a405f817e91392f0294f6a
15900,da9c4ba6c9a1ae8725389bfd38b5763a,3e48b2167bd86ef570e46d0b286c4f74,SO54087,5,WB-H098,1,5,9223b53f03a405f817e91392f0294f6a
15901,8242bea4faa7e8112c9c701d437fbe67,52bde41d0f4e244c3d741707e5f19618,SO50391,1566,BK-R50B-62,2,1566,18ed686c4efc5757b5c809cfcc456ce1
15901,ad0b7f5ad35732646f1e5f67418d5995,244cede513841376c37dc856f2f5e7b9,SO59321,540,BK-M18B-48,1,540,0df76889b3e31ccfd17b50cc73baef03
15901,ad0b7f5ad35732646f1e5f67418d5995,244cede513841376c37dc856f2f5e7b9,SO59321,54,SJ-0194-L,1,54,0df76889b3e31ccfd17b50cc73baef03
15902,254d832c83ccdb2c33eab65a4fd196ff,75fe8d7dec9d2a51be64595ab37dc674,SO59545,10,BC-M005,1,10,4a800301260b2639fa1ec3efafb5f86c
15902,254d832c83ccdb2c33eab65a4fd196ff,75fe8d7dec9d2a51be64595ab37dc674,SO59545,565,BK-M18S-52,1,565,4a800301260b2639fa1ec3efafb5f86c
15902,254d832c83ccdb2c33eab65a4fd196ff,75fe8d7dec9d2a51be64595ab37dc674,SO59545,105,HL-U509-R,3,105,4a800301260b2639fa1ec3efafb5f86c
15902,254d832c83ccdb2c33eab65a4fd196ff,75fe8d7dec9d2a51be64595ab37dc674,SO59545,5,WB-H098,1,5,4a800301260b2639fa1ec3efafb5f86c
15902,8242bea4faa7e8112c9c701d437fbe67,52bde41d0f4e244c3d741707e5f19618,SO50392,1566,BK-R50R-48,2,1566,18ed686c4efc5757b5c809cfcc456ce1
15903,254d832c83ccdb2c33eab65a4fd196ff,75fe8d7dec9d2a51be64595ab37dc674,SO59546,10,BC-M005,1,10,4a800301260b2639fa1ec3efafb5f86c
15903,254d832c83ccdb2c33eab65a4fd196ff,75fe8d7dec9d2a51be64595ab37dc674,SO59546,540,BK-M18B-44,1,540,4a800301260b2639fa1ec3efafb5f86c
15903,254d832c83ccdb2c33eab65a4fd196ff,75fe8d7dec9d2a51be64595ab37dc674,SO59546,105,HL-U509-R,3,105,4a800301260b2639fa1ec3efafb5f86c
15903,254d832c83ccdb2c33eab65a4fd196ff,75fe8d7dec9d2a51be64595ab37dc674,SO59546,5,WB-H098,1,5,4a800301260b2639fa1ec3efafb5f86c
15903,7dc1c03103798a474aa763047623df54,7b6fb99e007535aabcd19741210af47d,SO50652,1566,BK-R50R-44,2,1566,35a6fa1efa2ccca1297564c53a3633af
15904,4a800301260b2639fa1ec3efafb5f86c,23f22724b430320654759f8512440ebc,SO59187,540,BK-M18B-40,1,540,a189cc17a15cdb4e39e80dfcd8374c76
15904,4a800301260b2639fa1ec3efafb5f86c,23f22724b430320654759f8512440ebc,SO59187,22,FE-6654,1,22,a189cc17a15cdb4e39e80dfcd8374c76
15904,4a800301260b2639fa1ec3efafb5f86c,23f22724b430320654759f8512440ebc,SO59187,150,LJ-0192-L,3,150,a189cc17a15cdb4e39e80dfcd8374c76
15904,7b6fb99e007535aabcd19741210af47d,086ede30a02aceddb0b53ef006935d73,SO50514,1566,BK-R50B-48,2,1566,7f480de9e8eb6071d108895ecf71651d
15905,04dbdf67bb8714ba18c9c36d50d1f5dc,4cc27df81afd686c0420394e090460cb,SO62004,4640,BK-M68S-38,2,4640,2ed3972e38245b633ec6b146c2970148
15905,04dbdf67bb8714ba18c9c36d50d1f5dc,4cc27df81afd686c0420394e090460cb,SO62004,22,FE-6654,1,22,2ed3972e38245b633ec6b146c2970148
15905,04dbdf67bb8714ba18c9c36d50d1f5dc,4cc27df81afd686c0420394e090460cb,SO62004,159,ST-1401,1,159,2ed3972e38245b633ec6b146c2970148
15905,8920fd63645007b243abb750709b1172,58c4ce5b9433e7b6d41793d5a76d5590,SO72338,9,BC-R205,1,9,0d3057f268050d468f468434f8ec809a
15905,8920fd63645007b243abb750709b1172,58c4ce5b9433e7b6d41793d5a76d5590,SO72338,2384,BK-T79Y-46,1,2384,0d3057f268050d468f468434f8ec809a
15905,8920fd63645007b243abb750709b1172,58c4ce5b9433e7b6d41793d5a76d5590,SO72338,5,WB-H098,1,5,0d3057f268050d468f468434f8ec809a
15906,606ed413481267c98754e3351f662859,4ddc8821c34bceaf3dba4a18741acca3,SO61949,4640,BK-M68S-42,2,4640,f8025d3776b5f7522a6120cb4e9e0783
15906,606ed413481267c98754e3351f662859,4ddc8821c34bceaf3dba4a18741acca3,SO61949,22,FE-6654,1,22,f8025d3776b5f7522a6120cb4e9e0783
15906,ca5b8307fa5f2189fb98330a9d65927c,88077cf01a3e17831c2d0bcca5897c5b,SO74006,2384,BK-T79Y-54,1,2384,5cbbe853aa1a5a1370f9a614904c4b15
15906,ca5b8307fa5f2189fb98330a9d65927c,88077cf01a3e17831c2d0bcca5897c5b,SO74006,105,HL-U509-B,3,105,5cbbe853aa1a5a1370f9a614904c4b15
15907,702a02712215141594ddf8e52b0a651c,cd15e5f80ff20dd345bfaa51400dd0d6,SO67519,5,TT-M928,1,5,caa707f97407c07371136aaf471a91d4
15908,04dbdf67bb8714ba18c9c36d50d1f5dc,4cc27df81afd686c0420394e090460cb,SO62002,10,BC-M005,1,10,2ed3972e38245b633ec6b146c2970148
15908,04dbdf67bb8714ba18c9c36d50d1f5dc,4cc27df81afd686c0420394e090460cb,SO62002,540,BK-M18B-40,1,540,2ed3972e38245b633ec6b146c2970148
15908,04dbdf67bb8714ba18c9c36d50d1f5dc,4cc27df81afd686c0420394e090460cb,SO62002,22,FE-6654,1,22,2ed3972e38245b633ec6b146c2970148
15908,04dbdf67bb8714ba18c9c36d50d1f5dc,4cc27df81afd686c0420394e090460cb,SO62002,54,SJ-0194-S,1,54,2ed3972e38245b633ec6b146c2970148
15908,04dbdf67bb8714ba18c9c36d50d1f5dc,4cc27df81afd686c0420394e090460cb,SO62002,5,WB-H098,1,5,2ed3972e38245b633ec6b146c2970148
15908,1022f3e1145b30057972239301ce3382,90f30c53e79c8b6bcde12e74a091432c,SO50632,1566,BK-R50B-58,2,1566,8d35d0f6487ae6100c95dad89a4a414f
15909,8d35d0f6487ae6100c95dad89a4a414f,6e3dbba03ae025e8c1552d05a28ddae3,SO50581,1566,BK-R50R-44,2,1566,650b814e9875ec60f087b34f3fe85282
15909,95103530881768b5cfc7e33970db9cd7,2ed3972e38245b633ec6b146c2970148,SO62442,565,BK-M18S-48,1,565,305c66634c155cab2b5cc3ce00351eb1
15909,95103530881768b5cfc7e33970db9cd7,2ed3972e38245b633ec6b146c2970148,SO62442,2,PK-7098,1,2,305c66634c155cab2b5cc3ce00351eb1
15909,95103530881768b5cfc7e33970db9cd7,2ed3972e38245b633ec6b146c2970148,SO62442,25,TI-M267,1,25,305c66634c155cab2b5cc3ce00351eb1
15909,95103530881768b5cfc7e33970db9cd7,2ed3972e38245b633ec6b146c2970148,SO62442,5,TT-M928,1,5,305c66634c155cab2b5cc3ce00351eb1
15910,6e5c4b769f8f70f9fd01b24ba5be9695,40e7dd73b09eac540e790daf6fac41af,SO54848,105,HL-U509-B,3,105,106dfbaf552c07a1b08d065f2c343982
15910,6e5c4b769f8f70f9fd01b24ba5be9695,40e7dd73b09eac540e790daf6fac41af,SO54848,5,TT-M928,1,5,106dfbaf552c07a1b08d065f2c343982
15911,c7390752782466cfc9a3ed7d3a79e046,0001ffe4d82d0d8f9fec5ab0b4faa2db,SO67927,22,FE-6654,1,22,16e364d19895243407b256ec272d5394
15911,c7390752782466cfc9a3ed7d3a79e046,0001ffe4d82d0d8f9fec5ab0b4faa2db,SO67927,5,TT-M928,1,5,16e364d19895243407b256ec272d5394
15912,9a95fdf4e925d9cbd65f87b5aa4ac212,478ecc8cdaa127c33884d9f6c72c2cd5,SO59603,105,HL-U509-R,3,105,9e8cbc3edbb5efb3f48d6afb260e4725
15912,9a95fdf4e925d9cbd65f87b5aa4ac212,478ecc8cdaa127c33884d9f6c72c2cd5,SO59603,54,SJ-0194-S,1,54,9e8cbc3edbb5efb3f48d6afb260e4725
15912,9a95fdf4e925d9cbd65f87b5aa4ac212,478ecc8cdaa127c33884d9f6c72c2cd5,SO59603,5,TT-M928,1,5,9e8cbc3edbb5efb3f48d6afb260e4725
15913,41fc4cb27e0ee552c4c9247e1a476cc5,6d338b8c41c717c4336ad0084a80dca4,SO55129,565,BK-M18S-42,1,565,6e5c4b769f8f70f9fd01b24ba5be9695
15913,41fc4cb27e0ee552c4c9247e1a476cc5,6d338b8c41c717c4336ad0084a80dca4,SO55129,2,PK-7098,1,2,6e5c4b769f8f70f9fd01b24ba5be9695
15913,41fc4cb27e0ee552c4c9247e1a476cc5,6d338b8c41c717c4336ad0084a80dca4,SO55129,120,RA-H123,1,120,6e5c4b769f8f70f9fd01b24ba5be9695
15913,41fc4cb27e0ee552c4c9247e1a476cc5,6d338b8c41c717c4336ad0084a80dca4,SO55129,25,TI-M267,1,25,6e5c4b769f8f70f9fd01b24ba5be9695
15914,3a2f313512bb520c43971e54ba834dec,a1fedb8f5f2e08543339a5f167bee6b7,SO65931,4590,BK-M68B-46,2,4590,e2f0a420a4c1a9e8e292761f835e0489
15914,3a2f313512bb520c43971e54ba834dec,a1fedb8f5f2e08543339a5f167bee6b7,SO65931,2,PK-7098,1,2,e2f0a420a4c1a9e8e292761f835e0489
15914,650b814e9875ec60f087b34f3fe85282,10286aa18ba7fc1d175af14353ff81c6,SO50524,1566,BK-R50R-58,2,1566,2d3821c62d6665c47296272022e338e1
15915,18ed686c4efc5757b5c809cfcc456ce1,c9e159941f9c2ce8daa7b4737e7f8552,SO50331,1566,BK-R50R-48,2,1566,decf9fc89a1038c423f1bef01a953ac9
15915,8e8847c1bdf012037ee13bb62da8a5c1,c507827aa5f4f6bbedf64058461c621b,SO67239,4640,BK-M68S-46,2,4640,6dd75c28a9a8a39e02bc0a175f82a9f3
15916,03bf7d2a8718ee9aca4bd2f37e962fc4,290499d9b8e65db426ba9b842714eb6d,SO63597,4590,BK-M68B-46,2,4590,7130adfd843cdcb6d0bcd9d13792693a
15916,03bf7d2a8718ee9aca4bd2f37e962fc4,290499d9b8e65db426ba9b842714eb6d,SO63597,2,PK-7098,1,2,7130adfd843cdcb6d0bcd9d13792693a
15916,03bf7d2a8718ee9aca4bd2f37e962fc4,290499d9b8e65db426ba9b842714eb6d,SO63597,35,TI-M823,1,35,7130adfd843cdcb6d0bcd9d13792693a
15916,b2ce0ef2540789e8a6976165b6c917d8,128ee9ff420de424a605a0ee4a6f7916,SO72425,9,BC-R205,1,9,dcf73f840a50da0145f24e8e0169dc4b
15916,b2ce0ef2540789e8a6976165b6c917d8,128ee9ff420de424a605a0ee4a6f7916,SO72425,2384,BK-T79U-50,1,2384,dcf73f840a50da0145f24e8e0169dc4b
15916,b2ce0ef2540789e8a6976165b6c917d8,128ee9ff420de424a605a0ee4a6f7916,SO72425,8,CL-9009,1,8,dcf73f840a50da0145f24e8e0169dc4b
15916,b2ce0ef2540789e8a6976165b6c917d8,128ee9ff420de424a605a0ee4a6f7916,SO72425,55,HY-1023-70,1,55,dcf73f840a50da0145f24e8e0169dc4b
15916,b2ce0ef2540789e8a6976165b6c917d8,128ee9ff420de424a605a0ee4a6f7916,SO72425,5,WB-H098,1,5,dcf73f840a50da0145f24e8e0169dc4b
15917,232e830f1ac667c081eaaca23cdf9b5f,4b5c3229e0725ef8d303f494db9faec8,SO64505,4590,BK-M68B-38,2,4590,abe94c2111c58e9c9672602d41bce66e
15917,3e107cd1554225ea3056ed5010adce90,aa14ddbc43aa2d3be1e6ac019bb7b5bc,SO73849,2384,BK-T79U-50,1,2384,43e2cc7ff261723f93f64f3f7e9faa8d
15918,0001ffe4d82d0d8f9fec5ab0b4faa2db,3dc63b2d6dcc8f0b6720b06b5439a0b1,SO67065,4590,BK-M68B-42,2,4590,4004a117f65dfd3221a9cce8fce5a45f
15918,0001ffe4d82d0d8f9fec5ab0b4faa2db,3dc63b2d6dcc8f0b6720b06b5439a0b1,SO67065,22,FE-6654,1,22,4004a117f65dfd3221a9cce8fce5a45f
15918,0001ffe4d82d0d8f9fec5ab0b4faa2db,3dc63b2d6dcc8f0b6720b06b5439a0b1,SO67065,150,LJ-0192-S,3,150,4004a117f65dfd3221a9cce8fce5a45f
15918,8242bea4faa7e8112c9c701d437fbe67,52bde41d0f4e244c3d741707e5f19618,SO50393,1566,BK-R50B-60,2,1566,18ed686c4efc5757b5c809cfcc456ce1
15919,3e107cd1554225ea3056ed5010adce90,aa14ddbc43aa2d3be1e6ac019bb7b5bc,SO73832,27,CA-1098,3,27,43e2cc7ff261723f93f64f3f7e9faa8d
15919,3e107cd1554225ea3056ed5010adce90,aa14ddbc43aa2d3be1e6ac019bb7b5bc,SO73832,5,TT-T092,1,5,43e2cc7ff261723f93f64f3f7e9faa8d
15919,7a8e187aeb003f6e34c02a4d5b9b153e,2fe1a028f9398deb2efcd536c8246fae,SO63523,70,SH-W890-S,1,70,ba19c22033aaecc6c5dad47f63e5858c
15920,1bc9f4b5f1c56b7e2d5b17c27dad280f,42c14d5c5a8f3096180b16977a1ea248,SO49801,4364,BK-R89B-48,2,4364,d194d40a2a86356fa1572b2ef8e36048
15920,4555f65c4664801d78b9f5477f89d8fd,7ee641303ef8d8b10d0ed00a060c73cc,SO62482,4590,BK-M68B-46,2,4590,94c60e0b5e2b0f78b919a5d4c67d70a2
15920,4555f65c4664801d78b9f5477f89d8fd,7ee641303ef8d8b10d0ed00a060c73cc,SO62482,105,HL-U509-B,3,105,94c60e0b5e2b0f78b919a5d4c67d70a2
15920,9913e55755fcc4267a06c1e6adbbc7fb,4a70a3ec50fd16032883bf6fc79c55dd,SO61859,1701,BK-R79Y-42,1,1701,d53f9d33cac0a297449a74a10d031570
15920,9913e55755fcc4267a06c1e6adbbc7fb,4a70a3ec50fd16032883bf6fc79c55dd,SO61859,105,HL-U509-B,3,105,d53f9d33cac0a297449a74a10d031570
15921,141947ecbe6170100396f0be43a07a37,f503064ebf1d6c48e58be9df2aa9a79b,SO49599,2443,BK-R89R-44,1,2443,f67641ca977673896f765fef2e0d4486
15921,7acd252f45ad6fe668386456a673d543,0120f4004ede1143c3be6caa4227affe,SO67141,1701,BK-R79Y-42,1,1701,b322422d9a721bbdefa133133dd407c1
15921,7acd252f45ad6fe668386456a673d543,0120f4004ede1143c3be6caa4227affe,SO67141,105,HL-U509-B,3,105,b322422d9a721bbdefa133133dd407c1
15921,8dd08d219271ec96c543f486de430703,d53f9d33cac0a297449a74a10d031570,SO62295,10,BC-M005,1,10,04dbdf67bb8714ba18c9c36d50d1f5dc
15921,8dd08d219271ec96c543f486de430703,d53f9d33cac0a297449a74a10d031570,SO62295,4640,BK-M68S-46,2,4640,04dbdf67bb8714ba18c9c36d50d1f5dc
15921,8dd08d219271ec96c543f486de430703,d53f9d33cac0a297449a74a10d031570,SO62295,105,HL-U509-R,3,105,04dbdf67bb8714ba18c9c36d50d1f5dc
15921,8dd08d219271ec96c543f486de430703,d53f9d33cac0a297449a74a10d031570,SO62295,5,WB-H098,1,5,04dbdf67bb8714ba18c9c36d50d1f5dc
15922,18bea060239713ee5f865109f63f3a8a,7f026edc73bd4602381834e9b850d6c2,SO52872,8,CL-9009,1,8,d6ec5bff1a0809822c740ce35792fa7a
15922,18bea060239713ee5f865109f63f3a8a,7f026edc73bd4602381834e9b850d6c2,SO52872,2,PK-7098,1,2,d6ec5bff1a0809822c740ce35792fa7a
15922,18bea060239713ee5f865109f63f3a8a,7f026edc73bd4602381834e9b850d6c2,SO52872,5,TT-T092,1,5,d6ec5bff1a0809822c740ce35792fa7a
15922,de5009f9bf3e9725d2381f4a5e913111,2296af5563b2061aa1d88124a37eecb7,SO67374,27,CA-1098,3,27,a1d0c0a14c6c8f8a8ef8220209c23a64
15922,de5009f9bf3e9725d2381f4a5e913111,2296af5563b2061aa1d88124a37eecb7,SO67374,70,SH-W890-M,1,70,a1d0c0a14c6c8f8a8ef8220209c23a64
15922,de5009f9bf3e9725d2381f4a5e913111,2296af5563b2061aa1d88124a37eecb7,SO67374,54,SJ-0194-X,1,54,a1d0c0a14c6c8f8a8ef8220209c23a64
15923,0d15ba5aa4c9ad0377b26e0cf7a86280,b21e833d3ead6056f1265f13fe1ff015,SO61441,10,BC-M005,1,10,4a70a3ec50fd16032883bf6fc79c55dd
15923,0d15ba5aa4c9ad0377b26e0cf7a86280,b21e833d3ead6056f1265f13fe1ff015,SO61441,4640,BK-M68S-42,2,4640,4a70a3ec50fd16032883bf6fc79c55dd
15923,0d15ba5aa4c9ad0377b26e0cf7a86280,b21e833d3ead6056f1265f13fe1ff015,SO61441,48,GL-H102-L,2,48,4a70a3ec50fd16032883bf6fc79c55dd
15923,0d15ba5aa4c9ad0377b26e0cf7a86280,b21e833d3ead6056f1265f13fe1ff015,SO61441,5,WB-H098,1,5,4a70a3ec50fd16032883bf6fc79c55dd
15923,7a881e823dfa2748a8124f4b46b643af,30df06c098f61f2e78c2d0edb6e1b65a,SO49575,2443,BK-R89R-52,1,2443,3604937fec9f63b2bfd6c01fb97f2c14
15923,aa14ddbc43aa2d3be1e6ac019bb7b5bc,dcf73f840a50da0145f24e8e0169dc4b,SO72942,1701,BK-R79Y-42,1,1701,a6f2945baeceeef4c8d541a22f6e99e9
15923,aa14ddbc43aa2d3be1e6ac019bb7b5bc,dcf73f840a50da0145f24e8e0169dc4b,SO72942,105,HL-U509-R,3,105,a6f2945baeceeef4c8d541a22f6e99e9
15923,aa14ddbc43aa2d3be1e6ac019bb7b5bc,dcf73f840a50da0145f24e8e0169dc4b,SO72942,54,SJ-0194-S,1,54,a6f2945baeceeef4c8d541a22f6e99e9
15924,42c14d5c5a8f3096180b16977a1ea248,141947ecbe6170100396f0be43a07a37,SO49703,4364,BK-R89B-44,2,4364,2c9d527f6ea5c0d14748fcde2dc730c5
15924,5072507e949a2c25948a591c4da194e1,a189cc17a15cdb4e39e80dfcd8374c76,SO59702,2240,BK-R64Y-42,2,2240,ad0b7f5ad35732646f1e5f67418d5995
15924,5072507e949a2c25948a591c4da194e1,a189cc17a15cdb4e39e80dfcd8374c76,SO59702,150,LJ-0192-L,3,150,ad0b7f5ad35732646f1e5f67418d5995
15924,81a5d08c6beaeec9e42baae5d63dd780,95103530881768b5cfc7e33970db9cd7,SO63301,4640,BK-M68S-42,2,4640,b210069485754303767745919c328b97
15924,81a5d08c6beaeec9e42baae5d63dd780,95103530881768b5cfc7e33970db9cd7,SO63301,22,FE-6654,1,22,b210069485754303767745919c328b97
15924,81a5d08c6beaeec9e42baae5d63dd780,95103530881768b5cfc7e33970db9cd7,SO63301,150,LJ-0192-M,3,150,b210069485754303767745919c328b97
15925,42c14d5c5a8f3096180b16977a1ea248,141947ecbe6170100396f0be43a07a37,SO49705,2443,BK-R89R-52,1,2443,2c9d527f6ea5c0d14748fcde2dc730c5
15925,4a800301260b2639fa1ec3efafb5f86c,23f22724b430320654759f8512440ebc,SO59202,2240,BK-R64Y-44,2,2240,a189cc17a15cdb4e39e80dfcd8374c76
15925,c87874400b9f907bdf9ea37d75a4b341,23bd9a9b90557e9da7babfb8e3d2df22,SO64547,4640,BK-M68S-46,2,4640,8b9fe4b34e3c54f08bfcac3d9691e260
15925,c87874400b9f907bdf9ea37d75a4b341,23bd9a9b90557e9da7babfb8e3d2df22,SO64547,22,FE-6654,1,22,8b9fe4b34e3c54f08bfcac3d9691e260
15926,85a7e482ebe05716e5f3929bdbe4147c,e4eb0466781b24d67b81f508aeab70b7,SO47462,4364,BK-R89B-48,2,4364,ad9d849aa74e54742c555c19900c6f1e
15926,922d04aa1f67bbe0270bfad98508f43e,0383d48e76cd8a3dfb9e2a890f2cac18,SO61795,10,BC-M005,1,10,76918877cf6ce7011018cd9708723392
15926,922d04aa1f67bbe0270bfad98508f43e,0383d48e76cd8a3dfb9e2a890f2cac18,SO61795,4640,BK-M68S-46,2,4640,76918877cf6ce7011018cd9708723392
15926,922d04aa1f67bbe0270bfad98508f43e,0383d48e76cd8a3dfb9e2a890f2cac18,SO61795,105,HL-U509-R,3,105,76918877cf6ce7011018cd9708723392
15926,922d04aa1f67bbe0270bfad98508f43e,0383d48e76cd8a3dfb9e2a890f2cac18,SO61795,5,WB-H098,1,5,76918877cf6ce7011018cd9708723392
15926,ab4946738415af86b5e3cee69b13301f,ed268f8f3837888893f896b7240f1254,SO57300,2384,BK-T79Y-60,1,2384,fde67888c64f701b59876ec559099b3e
15926,ab4946738415af86b5e3cee69b13301f,ed268f8f3837888893f896b7240f1254,SO57300,27,CA-1098,3,27,fde67888c64f701b59876ec559099b3e
15926,ab4946738415af86b5e3cee69b13301f,ed268f8f3837888893f896b7240f1254,SO57300,29,TI-T723,1,29,fde67888c64f701b59876ec559099b3e
15926,ab4946738415af86b5e3cee69b13301f,ed268f8f3837888893f896b7240f1254,SO57300,5,TT-T092,1,5,fde67888c64f701b59876ec559099b3e
15927,0fdc213a5f9c4a355f1240ee1160acdb,6e1ea8c2b90f9655373e732ea4445676,SO47494,4364,BK-R89B-44,2,4364,5206c46d068e66a8c5511d764ec58206
15927,2becb9647677a1a316b388bbad689580,013f173c58073e845f675d26fdde1918,SO61380,4590,BK-M68B-46,2,4590,0383d48e76cd8a3dfb9e2a890f2cac18
15927,2becb9647677a1a316b388bbad689580,013f173c58073e845f675d26fdde1918,SO61380,2,PK-7098,1,2,0383d48e76cd8a3dfb9e2a890f2cac18
15927,2becb9647677a1a316b388bbad689580,013f173c58073e845f675d26fdde1918,SO61380,35,TI-M823,1,35,0383d48e76cd8a3dfb9e2a890f2cac18
15927,640540d73b85c3ecd2e3bf5541686e87,eba6cab7267f82e3b2a063d5ea445bb9,SO58775,2384,BK-T79U-54,1,2384,d630b2db6e8046e30b4728ca862ba4e1
15927,640540d73b85c3ecd2e3bf5541686e87,eba6cab7267f82e3b2a063d5ea445bb9,SO58775,105,HL-U509-B,3,105,d630b2db6e8046e30b4728ca862ba4e1
15928,290499d9b8e65db426ba9b842714eb6d,606ed413481267c98754e3351f662859,SO62641,10,BC-M005,1,10,d1024973c3d10f08cb9fa1736e6ed8b7
15928,290499d9b8e65db426ba9b842714eb6d,606ed413481267c98754e3351f662859,SO62641,4640,BK-M68S-46,2,4640,d1024973c3d10f08cb9fa1736e6ed8b7
15928,290499d9b8e65db426ba9b842714eb6d,606ed413481267c98754e3351f662859,SO62641,48,GL-H102-L,2,48,d1024973c3d10f08cb9fa1736e6ed8b7
15928,290499d9b8e65db426ba9b842714eb6d,606ed413481267c98754e3351f662859,SO62641,5,WB-H098,1,5,d1024973c3d10f08cb9fa1736e6ed8b7
15928,7c6ed2fd0e84c7cd553d96c2aa5b74bf,f3a74234d20fe8b7fea9d1e61588ddde,SO47606,4364,BK-R89B-48,2,4364,9712d7a71de3e6d17935b90960bdaceb
15928,d630b2db6e8046e30b4728ca862ba4e1,02ad1a5ca18e58629b8c1d6a6401d071,SO58466,2384,BK-T79Y-54,1,2384,07b31bae17c7890b17d79a654aa230cf
15928,d630b2db6e8046e30b4728ca862ba4e1,02ad1a5ca18e58629b8c1d6a6401d071,SO58466,105,HL-U509-R,3,105,07b31bae17c7890b17d79a654aa230cf
15929,07b7d2aed13a63a16377587dcc0abbe8,02b96ab6e0935145589be4e1408a1675,SO66153,2384,BK-T79Y-46,1,2384,6866da5d40f1aad2d82129d5ffa25bda
15929,07b7d2aed13a63a16377587dcc0abbe8,02b96ab6e0935145589be4e1408a1675,SO66153,27,CA-1098,3,27,6866da5d40f1aad2d82129d5ffa25bda
15929,b0241b451647f25db5f52074445d820c,7a8e187aeb003f6e34c02a4d5b9b153e,SO64252,10,BC-M005,1,10,56d78836c9cf0de136c4d2d37aba2280
15929,b0241b451647f25db5f52074445d820c,7a8e187aeb003f6e34c02a4d5b9b153e,SO64252,4640,BK-M68S-42,2,4640,56d78836c9cf0de136c4d2d37aba2280
15929,b0241b451647f25db5f52074445d820c,7a8e187aeb003f6e34c02a4d5b9b153e,SO64252,105,HL-U509-R,3,105,56d78836c9cf0de136c4d2d37aba2280
15929,b0241b451647f25db5f52074445d820c,7a8e187aeb003f6e34c02a4d5b9b153e,SO64252,5,WB-H098,1,5,56d78836c9cf0de136c4d2d37aba2280
15929,c75ebcb138485ff2faa2ca7c6dda6bf5,ebce0865da088132946764a3527b5a4e,SO46779,4364,BK-R89B-52,2,4364,72171e6e7eab0887133ec8422525979d
15930,64cadfde6f66bc25043d0d69f5ae5471,18f358e551b5b85912bc952ab9894c0d,SO65832,27,CA-1098,3,27,8d1d4829b2e801ba4e41ba48f5a549d4
15930,64cadfde6f66bc25043d0d69f5ae5471,18f358e551b5b85912bc952ab9894c0d,SO65832,105,HL-U509-R,3,105,8d1d4829b2e801ba4e41ba48f5a549d4
15930,64cadfde6f66bc25043d0d69f5ae5471,18f358e551b5b85912bc952ab9894c0d,SO65832,35,TI-M823,1,35,8d1d4829b2e801ba4e41ba48f5a549d4
15930,64cadfde6f66bc25043d0d69f5ae5471,18f358e551b5b85912bc952ab9894c0d,SO65832,5,TT-M928,1,5,8d1d4829b2e801ba4e41ba48f5a549d4
15931,1bc9f4b5f1c56b7e2d5b17c27dad280f,42c14d5c5a8f3096180b16977a1ea248,SO49803,2443,BK-R89R-52,1,2443,d194d40a2a86356fa1572b2ef8e36048
15931,56d78836c9cf0de136c4d2d37aba2280,ba19c22033aaecc6c5dad47f63e5858c,SO63958,10,BC-M005,1,10,8c9ec1be720ee75d56d0c250d10610fa
15931,56d78836c9cf0de136c4d2d37aba2280,ba19c22033aaecc6c5dad47f63e5858c,SO63958,4640,BK-M68S-46,2,4640,8c9ec1be720ee75d56d0c250d10610fa
15931,56d78836c9cf0de136c4d2d37aba2280,ba19c22033aaecc6c5dad47f63e5858c,SO63958,27,CA-1098,3,27,8c9ec1be720ee75d56d0c250d10610fa
15931,56d78836c9cf0de136c4d2d37aba2280,ba19c22033aaecc6c5dad47f63e5858c,SO63958,5,WB-H098,1,5,8c9ec1be720ee75d56d0c250d10610fa
15931,6e5c4b769f8f70f9fd01b24ba5be9695,40e7dd73b09eac540e790daf6fac41af,SO54875,540,BK-R19B-52,1,540,106dfbaf552c07a1b08d065f2c343982
15931,6e5c4b769f8f70f9fd01b24ba5be9695,40e7dd73b09eac540e790daf6fac41af,SO54875,105,HL-U509,3,105,106dfbaf552c07a1b08d065f2c343982
15932,07b31bae17c7890b17d79a654aa230cf,a976f17830aceaaa93d5daef0bc209a3,SO58190,2384,BK-T79U-50,1,2384,ef5bad66aa19ccfb82cacb73584b83ea
15932,07b31bae17c7890b17d79a654aa230cf,a976f17830aceaaa93d5daef0bc209a3,SO58190,27,CA-1098,3,27,ef5bad66aa19ccfb82cacb73584b83ea
15932,4eec6eda382b9c44e240ad4b4b5e9cc0,f75e5f8c15ca91ec5c869dc3881f574f,SO64691,4590,BK-M68B-46,2,4590,94b225b5b1f09ecd5e8ecdfb681ff04c
15932,4eec6eda382b9c44e240ad4b4b5e9cc0,f75e5f8c15ca91ec5c869dc3881f574f,SO64691,55,HY-1023-70,1,55,94b225b5b1f09ecd5e8ecdfb681ff04c
15932,b243d2d1c866ff70a41839ea58d11fdb,fffd2144f47526eeb222541136a47d44,SO47491,2443,BK-R89R-48,1,2443,85a7e482ebe05716e5f3929bdbe4147c
15933,07b7d2aed13a63a16377587dcc0abbe8,02b96ab6e0935145589be4e1408a1675,SO66150,2384,BK-T79U-54,1,2384,6866da5d40f1aad2d82129d5ffa25bda
15933,07b7d2aed13a63a16377587dcc0abbe8,02b96ab6e0935145589be4e1408a1675,SO66150,105,HL-U509,3,105,6866da5d40f1aad2d82129d5ffa25bda
15933,07b7d2aed13a63a16377587dcc0abbe8,02b96ab6e0935145589be4e1408a1675,SO66150,29,TI-T723,1,29,6866da5d40f1aad2d82129d5ffa25bda
15933,07b7d2aed13a63a16377587dcc0abbe8,02b96ab6e0935145589be4e1408a1675,SO66150,5,TT-T092,1,5,6866da5d40f1aad2d82129d5ffa25bda
15933,56d78836c9cf0de136c4d2d37aba2280,ba19c22033aaecc6c5dad47f63e5858c,SO63959,4590,BK-M68B-42,2,4590,8c9ec1be720ee75d56d0c250d10610fa
15933,56d78836c9cf0de136c4d2d37aba2280,ba19c22033aaecc6c5dad47f63e5858c,SO63959,2,PK-7098,1,2,8c9ec1be720ee75d56d0c250d10610fa
15933,65b64297f0421f6e057524afb222b411,100feae0ab76bce714e9670fc87cdb42,SO46885,4364,BK-R89B-44,2,4364,c6dec085564ebca8c2e300f077425d2f
15934,54e631e6ad5b9a63c134f0ca46d89658,28ba281a58dae2613cc89f9d101be807,SO50573,1566,BK-R50R-48,2,1566,7b6fb99e007535aabcd19741210af47d
15934,6ef7b4bb93d4e54234cf965ed2334682,ccf89c691dabb1412404274596922d90,SO65999,10,BC-M005,1,10,93ddc10d6cf61153011df052aa76671f
15934,6ef7b4bb93d4e54234cf965ed2334682,ccf89c691dabb1412404274596922d90,SO65999,4590,BK-M68B-38,2,4590,93ddc10d6cf61153011df052aa76671f
15934,6ef7b4bb93d4e54234cf965ed2334682,ccf89c691dabb1412404274596922d90,SO65999,55,HY-1023-70,1,55,93ddc10d6cf61153011df052aa76671f
15934,6ef7b4bb93d4e54234cf965ed2334682,ccf89c691dabb1412404274596922d90,SO65999,5,WB-H098,1,5,93ddc10d6cf61153011df052aa76671f
15935,fda052162862bb845297063fd71a580c,1678083e7ff90bd404baad3f60bffa37,SO56402,2,PK-7098,1,2,a2c49941411089cb2a9cbf78cb803c26
15935,fda052162862bb845297063fd71a580c,1678083e7ff90bd404baad3f60bffa37,SO56402,5,TT-M928,1,5,a2c49941411089cb2a9cbf78cb803c26
15936,ec24e4cf9fcc90f3bbe81b2fb3735c21,c4369eefdf9bb8a3f9115e96b40aaf17,SO69820,105,HL-U509-R,3,105,f06fd077b6afc2d69af6e1e548da266d
15936,ec24e4cf9fcc90f3bbe81b2fb3735c21,c4369eefdf9bb8a3f9115e96b40aaf17,SO69820,5,TT-M928,1,5,f06fd077b6afc2d69af6e1e548da266d
15937,8e8847c1bdf012037ee13bb62da8a5c1,c507827aa5f4f6bbedf64058461c621b,SO67243,4640,BK-M68S-42,2,4640,6dd75c28a9a8a39e02bc0a175f82a9f3
15937,8e8847c1bdf012037ee13bb62da8a5c1,c507827aa5f4f6bbedf64058461c621b,SO67243,2,PK-7098,1,2,6dd75c28a9a8a39e02bc0a175f82a9f3
15937,8e8847c1bdf012037ee13bb62da8a5c1,c507827aa5f4f6bbedf64058461c621b,SO67243,35,TI-M823,1,35,6dd75c28a9a8a39e02bc0a175f82a9f3
15937,8e8847c1bdf012037ee13bb62da8a5c1,c507827aa5f4f6bbedf64058461c621b,SO67243,5,TT-M928,1,5,6dd75c28a9a8a39e02bc0a175f82a9f3
15937,af04e65ff21d922e75b51466fd45d408,fcf706c3e0fe93da0b11cc32b98eb22b,SO50344,1566,BK-R50B-62,2,1566,b60bd79b871d7c3345674370fa4dda03
15938,962bae2fb03296a3b9cacabfa929322c,0da2bc000f1fe4ea8746f9aea0bb5879,SO69115,2,PK-7098,1,2,c4369eefdf9bb8a3f9115e96b40aaf17
15938,962bae2fb03296a3b9cacabfa929322c,0da2bc000f1fe4ea8746f9aea0bb5879,SO69115,5,TT-M928,1,5,c4369eefdf9bb8a3f9115e96b40aaf17
15939,2becb9647677a1a316b388bbad689580,013f173c58073e845f675d26fdde1918,SO61399,105,HL-U509,3,105,0383d48e76cd8a3dfb9e2a890f2cac18
15939,2becb9647677a1a316b388bbad689580,013f173c58073e845f675d26fdde1918,SO61399,5,TT-M928,1,5,0383d48e76cd8a3dfb9e2a890f2cac18
15940,6d44506d59926d8d13d35f75d97f2a64,deff8ad81a213d1110c1f409a7f40fcd,SO53422,2,PK-7098,1,2,f476906875bc5d9abe836b4ea1f485c1
15940,6d44506d59926d8d13d35f75d97f2a64,deff8ad81a213d1110c1f409a7f40fcd,SO53422,5,TT-M928,1,5,f476906875bc5d9abe836b4ea1f485c1
15941,e82ca4c6beebe812f10fa1041b97a160,9d934f91c460e9947414d00048f2fa36,SO66054,4640,BK-M68S-42,2,4640,6d1d8a1c7851eb5a946d45009cea6d9f
15941,e82ca4c6beebe812f10fa1041b97a160,9d934f91c460e9947414d00048f2fa36,SO66054,2,PK-7098,1,2,6d1d8a1c7851eb5a946d45009cea6d9f
15941,f7b0a9ecc2f6023330b7a948b9e76688,8092e44fa2e2a2ee34e25210038fe274,SO50610,1566,BK-R50B-44,2,1566,c8f4a6002944b338d50dcc7eb3b056c8
15942,058af5b2a408d57b708367e5bf4e9d9c,e82ca4c6beebe812f10fa1041b97a160,SO66794,22,FE-6654,1,22,c507827aa5f4f6bbedf64058461c621b
15942,058af5b2a408d57b708367e5bf4e9d9c,e82ca4c6beebe812f10fa1041b97a160,SO66794,105,HL-U509-B,3,105,c507827aa5f4f6bbedf64058461c621b
15942,058af5b2a408d57b708367e5bf4e9d9c,e82ca4c6beebe812f10fa1041b97a160,SO66794,30,TI-M602,1,30,c507827aa5f4f6bbedf64058461c621b
15942,058af5b2a408d57b708367e5bf4e9d9c,e82ca4c6beebe812f10fa1041b97a160,SO66794,5,TT-M928,1,5,c507827aa5f4f6bbedf64058461c621b
15942,2fe1a028f9398deb2efcd536c8246fae,9913e55755fcc4267a06c1e6adbbc7fb,SO62612,8,CL-9009,1,8,8dd08d219271ec96c543f486de430703
15942,2fe1a028f9398deb2efcd536c8246fae,9913e55755fcc4267a06c1e6adbbc7fb,SO62612,22,FE-6654,1,22,8dd08d219271ec96c543f486de430703
15942,7ee641303ef8d8b10d0ed00a060c73cc,eef21e68ecca703bb338920b950f203c,SO61745,70,SH-W890-S,1,70,0d15ba5aa4c9ad0377b26e0cf7a86280
15943,5a06908cc28b799b04fc1c47664462e6,da9c4ba6c9a1ae8725389bfd38b5763a,SO54732,120,RA-H123,1,120,6d338b8c41c717c4336ad0084a80dca4
15943,5a06908cc28b799b04fc1c47664462e6,da9c4ba6c9a1ae8725389bfd38b5763a,SO54732,30,TI-M602,1,30,6d338b8c41c717c4336ad0084a80dca4
15943,5a06908cc28b799b04fc1c47664462e6,da9c4ba6c9a1ae8725389bfd38b5763a,SO54732,5,TT-M928,1,5,6d338b8c41c717c4336ad0084a80dca4
15943,640540d73b85c3ecd2e3bf5541686e87,eba6cab7267f82e3b2a063d5ea445bb9,SO58752,22,FE-6654,1,22,d630b2db6e8046e30b4728ca862ba4e1
15943,640540d73b85c3ecd2e3bf5541686e87,eba6cab7267f82e3b2a063d5ea445bb9,SO58752,48,GL-H102-L,2,48,d630b2db6e8046e30b4728ca862ba4e1
15943,640540d73b85c3ecd2e3bf5541686e87,eba6cab7267f82e3b2a063d5ea445bb9,SO58752,105,HL-U509-R,3,105,d630b2db6e8046e30b4728ca862ba4e1
15943,a1fedb8f5f2e08543339a5f167bee6b7,8b9fe4b34e3c54f08bfcac3d9691e260,SO64978,27,CA-1098,3,27,4eec6eda382b9c44e240ad4b4b5e9cc0
15943,a1fedb8f5f2e08543339a5f167bee6b7,8b9fe4b34e3c54f08bfcac3d9691e260,SO64978,150,LJ-0192-L,3,150,4eec6eda382b9c44e240ad4b4b5e9cc0
15943,a1fedb8f5f2e08543339a5f167bee6b7,8b9fe4b34e3c54f08bfcac3d9691e260,SO64978,70,SH-W890-L,1,70,4eec6eda382b9c44e240ad4b4b5e9cc0
15944,6582aa26281b9a92ad60e6a03e274c00,232e830f1ac667c081eaaca23cdf9b5f,SO65433,10,BC-M005,1,10,18f358e551b5b85912bc952ab9894c0d
15944,6582aa26281b9a92ad60e6a03e274c00,232e830f1ac667c081eaaca23cdf9b5f,SO65433,4590,BK-M68B-42,2,4590,18f358e551b5b85912bc952ab9894c0d
15944,6582aa26281b9a92ad60e6a03e274c00,232e830f1ac667c081eaaca23cdf9b5f,SO65433,22,FE-6654,1,22,18f358e551b5b85912bc952ab9894c0d
15944,6582aa26281b9a92ad60e6a03e274c00,232e830f1ac667c081eaaca23cdf9b5f,SO65433,120,RA-H123,1,120,18f358e551b5b85912bc952ab9894c0d
15944,6582aa26281b9a92ad60e6a03e274c00,232e830f1ac667c081eaaca23cdf9b5f,SO65433,5,WB-H098,1,5,18f358e551b5b85912bc952ab9894c0d
15944,727839743fd8ddb93101d7c79edd3f76,b60bd79b871d7c3345674370fa4dda03,SO50427,1566,BK-R50B-60,2,1566,b1ad26241c636eff92eee5bae93235ce
15945,81a5d08c6beaeec9e42baae5d63dd780,95103530881768b5cfc7e33970db9cd7,SO63314,2,PK-7098,1,2,b210069485754303767745919c328b97
15945,81a5d08c6beaeec9e42baae5d63dd780,95103530881768b5cfc7e33970db9cd7,SO63314,5,TT-M928,1,5,b210069485754303767745919c328b97
15946,eba5233d2dd8ea5031e646882335ece0,629ffff971d10f275a79a70fae527fbc,SO56624,105,HL-U509-R,3,105,b988e88fd94a3b47434beeb650cff880
15946,eba5233d2dd8ea5031e646882335ece0,629ffff971d10f275a79a70fae527fbc,SO56624,5,TT-M928,1,5,b988e88fd94a3b47434beeb650cff880
15946,eba5233d2dd8ea5031e646882335ece0,629ffff971d10f275a79a70fae527fbc,SO56624,64,VE-C304-M,1,64,b988e88fd94a3b47434beeb650cff880
15947,6582aa26281b9a92ad60e6a03e274c00,232e830f1ac667c081eaaca23cdf9b5f,SO65417,2,PK-7098,1,2,18f358e551b5b85912bc952ab9894c0d
15947,6582aa26281b9a92ad60e6a03e274c00,232e830f1ac667c081eaaca23cdf9b5f,SO65417,5,TT-M928,1,5,18f358e551b5b85912bc952ab9894c0d
15948,05e7920e8caf0303dc01b77666952b75,eea5b3bd1bd5d5c62a1d22f78d3ba263,SO66244,10,BC-M005,1,10,3a2f313512bb520c43971e54ba834dec
15948,05e7920e8caf0303dc01b77666952b75,eea5b3bd1bd5d5c62a1d22f78d3ba263,SO66244,4590,BK-M68B-42,2,4590,3a2f313512bb520c43971e54ba834dec
15948,05e7920e8caf0303dc01b77666952b75,eea5b3bd1bd5d5c62a1d22f78d3ba263,SO66244,5,WB-H098,1,5,3a2f313512bb520c43971e54ba834dec
15948,34ac3f5a318d1a93a8a4ad7dfac9fb98,74a9ea32186ec3a0b0657cef3f2b687f,SO50352,1566,BK-R50B-60,2,1566,e488a84b1e74148f72971289cb4e1be9
15949,02b96ab6e0935145589be4e1408a1675,58f0b42da53adeeccbfa693883fea672,SO65374,4640,BK-M68S-46,2,4640,b68fd63ca41d49bfc1b18251202c053f
15949,02b96ab6e0935145589be4e1408a1675,58f0b42da53adeeccbfa693883fea672,SO65374,55,HY-1023-70,1,55,b68fd63ca41d49bfc1b18251202c053f
15949,9f14679403a464909296961b7547fa87,186b0be01dd08ffcc5cb19cc226fb731,SO51032,1566,BK-R50R-48,2,1566,892aa61c5dad53571248cc492fa50176
15950,63efdd3324df66c9965bd622cdebe06a,7acd252f45ad6fe668386456a673d543,SO68046,2,PK-7098,1,2,6e32728b966bb91cefefa1316da21ca8
15950,63efdd3324df66c9965bd622cdebe06a,7acd252f45ad6fe668386456a673d543,SO68046,5,TT-M928,1,5,6e32728b966bb91cefefa1316da21ca8
15951,4ceff7612cfa4420892fe23b23ca9265,5691ac18f59a9af20f9d8703772afbba,SO56561,105,HL-U509-R,3,105,089c2a426c196c5ca5facb20896c90bb
15951,4ceff7612cfa4420892fe23b23ca9265,5691ac18f59a9af20f9d8703772afbba,SO56561,5,TT-M928,1,5,089c2a426c196c5ca5facb20896c90bb
15952,c96b659647361342a1bb035614c242b1,5118f4d1a94c19a06818ba12904e26f0,SO50965,1566,BK-R50R-48,2,1566,186b0be01dd08ffcc5cb19cc226fb731
15952,e82ca4c6beebe812f10fa1041b97a160,9d934f91c460e9947414d00048f2fa36,SO66055,4640,BK-M68S-42,2,4640,6d1d8a1c7851eb5a946d45009cea6d9f
15952,e82ca4c6beebe812f10fa1041b97a160,9d934f91c460e9947414d00048f2fa36,SO66055,22,FE-6654,1,22,6d1d8a1c7851eb5a946d45009cea6d9f
15952,e82ca4c6beebe812f10fa1041b97a160,9d934f91c460e9947414d00048f2fa36,SO66055,150,LJ-0192-X,3,150,6d1d8a1c7851eb5a946d45009cea6d9f
15953,7130adfd843cdcb6d0bcd9d13792693a,d1024973c3d10f08cb9fa1736e6ed8b7,SO63097,10,BC-M005,1,10,f46ace11e93788e473124f7be16a19d5
15953,7130adfd843cdcb6d0bcd9d13792693a,d1024973c3d10f08cb9fa1736e6ed8b7,SO63097,565,BK-M18S-52,1,565,f46ace11e93788e473124f7be16a19d5
15953,853665fc08fe34bcd66df57da6a82a16,f5d822432c5ffbc58e8bd3ffc7607c1b,SO50847,1566,BK-R50R-62,2,1566,5f8b10fd69342734dd36c905a170cf51
15954,4efe8b2ca156042f8a3d8dd6aba54520,e2f0a420a4c1a9e8e292761f835e0489,SO66354,10,BC-M005,1,10,e82ca4c6beebe812f10fa1041b97a160
15954,4efe8b2ca156042f8a3d8dd6aba54520,e2f0a420a4c1a9e8e292761f835e0489,SO66354,4640,BK-M68S-38,2,4640,e82ca4c6beebe812f10fa1041b97a160
15954,4efe8b2ca156042f8a3d8dd6aba54520,e2f0a420a4c1a9e8e292761f835e0489,SO66354,5,WB-H098,1,5,e82ca4c6beebe812f10fa1041b97a160
15954,c96b659647361342a1bb035614c242b1,5118f4d1a94c19a06818ba12904e26f0,SO50966,1566,BK-R50R-58,2,1566,186b0be01dd08ffcc5cb19cc226fb731
15955,7983129d9883ebc3b9dce3311996b001,0df76889b3e31ccfd17b50cc73baef03,SO59781,105,HL-U509-R,3,105,7254e54716fe52361e62aa16ea2e0797
15955,7983129d9883ebc3b9dce3311996b001,0df76889b3e31ccfd17b50cc73baef03,SO59781,5,TT-M928,1,5,7254e54716fe52361e62aa16ea2e0797
15956,38c9e5d1e366b4c5c36aae682bc960c4,8fa3bab223bec6501ad71f96bb1067b6,SO71648,5,TT-M928,1,5,58c4ce5b9433e7b6d41793d5a76d5590
15957,2fe1a028f9398deb2efcd536c8246fae,9913e55755fcc4267a06c1e6adbbc7fb,SO62601,159,ST-1401,1,159,8dd08d219271ec96c543f486de430703
15957,2fe1a028f9398deb2efcd536c8246fae,9913e55755fcc4267a06c1e6adbbc7fb,SO62601,5,TT-M928,1,5,8dd08d219271ec96c543f486de430703
15958,6eaadc1181f307997dc853d9ed40db36,0814775cfc25da756a9b4197347ab771,SO58504,5,TT-M928,1,5,4dbf892d41ae205f6e36838031cff786
15958,6eaadc1181f307997dc853d9ed40db36,0814775cfc25da756a9b4197347ab771,SO58504,64,VE-C304-M,1,64,4dbf892d41ae205f6e36838031cff786
15959,4c198b2e79c53a9853bfbc76e8e8ae1e,254f2678aa3e07c5a9451a18e28f2624,SO51076,1566,BK-R50R-48,2,1566,93963041729da5d8213c536f91ed9402
15959,e82ca4c6beebe812f10fa1041b97a160,9d934f91c460e9947414d00048f2fa36,SO66056,4590,BK-M68B-38,2,4590,6d1d8a1c7851eb5a946d45009cea6d9f
15959,e82ca4c6beebe812f10fa1041b97a160,9d934f91c460e9947414d00048f2fa36,SO66056,35,TI-M823,1,35,6d1d8a1c7851eb5a946d45009cea6d9f
15959,e82ca4c6beebe812f10fa1041b97a160,9d934f91c460e9947414d00048f2fa36,SO66056,5,TT-M928,1,5,6d1d8a1c7851eb5a946d45009cea6d9f
15960,8babade0595c11e14dd89058a850f2cd,a048b8d5f3f9178f163e2be055f0138b,SO73895,5,TT-M928,1,5,501407dcfde5b685045ca3072168d5bb
15961,4efe8b2ca156042f8a3d8dd6aba54520,e2f0a420a4c1a9e8e292761f835e0489,SO66355,4640,BK-M68S-42,2,4640,e82ca4c6beebe812f10fa1041b97a160
15961,4efe8b2ca156042f8a3d8dd6aba54520,e2f0a420a4c1a9e8e292761f835e0489,SO66355,22,FE-6654,1,22,e82ca4c6beebe812f10fa1041b97a160
15961,4efe8b2ca156042f8a3d8dd6aba54520,e2f0a420a4c1a9e8e292761f835e0489,SO66355,2,PK-7098,1,2,e82ca4c6beebe812f10fa1041b97a160
15961,5118f4d1a94c19a06818ba12904e26f0,35a6fa1efa2ccca1297564c53a3633af,SO50831,1566,BK-R50R-62,2,1566,f51bd0753a33f206ae6eb82577c92f80
15962,128ee9ff420de424a605a0ee4a6f7916,fee8e08233f3f00450bce31967abb0f1,SO71382,22,FE-6654,1,22,2797a91b25bc2aa85124c99bc574dc83
15962,128ee9ff420de424a605a0ee4a6f7916,fee8e08233f3f00450bce31967abb0f1,SO71382,105,HL-U509-B,3,105,2797a91b25bc2aa85124c99bc574dc83
15962,128ee9ff420de424a605a0ee4a6f7916,fee8e08233f3f00450bce31967abb0f1,SO71382,5,TT-M928,1,5,2797a91b25bc2aa85124c99bc574dc83
15963,3519c8eb4095dbc69d80eb61856d3435,6e5c4b769f8f70f9fd01b24ba5be9695,SO55579,105,HL-U509-R,3,105,d6ab5a0eee939524352092b964d92b84
15963,3519c8eb4095dbc69d80eb61856d3435,6e5c4b769f8f70f9fd01b24ba5be9695,SO55579,150,LJ-0192-X,3,150,d6ab5a0eee939524352092b964d92b84
15963,3519c8eb4095dbc69d80eb61856d3435,6e5c4b769f8f70f9fd01b24ba5be9695,SO55579,5,TT-M928,1,5,d6ab5a0eee939524352092b964d92b84
15964,058af5b2a408d57b708367e5bf4e9d9c,e82ca4c6beebe812f10fa1041b97a160,SO66814,10,BC-M005,1,10,c507827aa5f4f6bbedf64058461c621b
15964,058af5b2a408d57b708367e5bf4e9d9c,e82ca4c6beebe812f10fa1041b97a160,SO66814,4640,BK-M68S-38,2,4640,c507827aa5f4f6bbedf64058461c621b
15964,058af5b2a408d57b708367e5bf4e9d9c,e82ca4c6beebe812f10fa1041b97a160,SO66814,5,WB-H098,1,5,c507827aa5f4f6bbedf64058461c621b
15964,67c3c5a7bf20d113d8d96abf6cb5e85c,c93cdb5d286db70864b70951bb6b1219,SO50867,1566,BK-R50B-52,2,1566,ddc7146176eec240951e44da05d5f12b
15965,c507827aa5f4f6bbedf64058461c621b,6d1d8a1c7851eb5a946d45009cea6d9f,SO66481,4590,BK-M68B-46,2,4590,dfcee565bb2da80a7b76451a5cd314a1
15965,c507827aa5f4f6bbedf64058461c621b,6d1d8a1c7851eb5a946d45009cea6d9f,SO66481,22,FE-6654,1,22,dfcee565bb2da80a7b76451a5cd314a1
15965,c507827aa5f4f6bbedf64058461c621b,6d1d8a1c7851eb5a946d45009cea6d9f,SO66481,9,SO-R809-L,1,9,dfcee565bb2da80a7b76451a5cd314a1
15965,c96b659647361342a1bb035614c242b1,5118f4d1a94c19a06818ba12904e26f0,SO50967,1566,BK-R50R-58,2,1566,186b0be01dd08ffcc5cb19cc226fb731
15966,6582aa26281b9a92ad60e6a03e274c00,232e830f1ac667c081eaaca23cdf9b5f,SO65420,5,TT-M928,1,5,18f358e551b5b85912bc952ab9894c0d
15967,eba6cab7267f82e3b2a063d5ea445bb9,73b2264d673ee7b5b2e7e165020516ac,SO58045,5,TT-M928,1,5,02ad1a5ca18e58629b8c1d6a6401d071
15968,a1d0c0a14c6c8f8a8ef8220209c23a64,05e7920e8caf0303dc01b77666952b75,SO66998,4590,BK-M68B-46,2,4590,cd15e5f80ff20dd345bfaa51400dd0d6
15968,a1d0c0a14c6c8f8a8ef8220209c23a64,05e7920e8caf0303dc01b77666952b75,SO66998,22,FE-6654,1,22,cd15e5f80ff20dd345bfaa51400dd0d6
15968,c96b659647361342a1bb035614c242b1,5118f4d1a94c19a06818ba12904e26f0,SO50968,1566,BK-R50R-48,2,1566,186b0be01dd08ffcc5cb19cc226fb731
15969,5f8b10fd69342734dd36c905a170cf51,9af1e473046ebbc43d1ad2aa50b49777,SO50791,1566,BK-R50B-48,2,1566,c93cdb5d286db70864b70951bb6b1219
15969,dfcee565bb2da80a7b76451a5cd314a1,6582aa26281b9a92ad60e6a03e274c00,SO66190,10,BC-M005,1,10,64cadfde6f66bc25043d0d69f5ae5471
15969,dfcee565bb2da80a7b76451a5cd314a1,6582aa26281b9a92ad60e6a03e274c00,SO66190,4590,BK-M68B-46,2,4590,64cadfde6f66bc25043d0d69f5ae5471
15969,dfcee565bb2da80a7b76451a5cd314a1,6582aa26281b9a92ad60e6a03e274c00,SO66190,22,FE-6654,1,22,64cadfde6f66bc25043d0d69f5ae5471
15970,0df76889b3e31ccfd17b50cc73baef03,debbb2493c6588799fc787e1854bcda5,SO58796,105,HL-U509-B,3,105,6eaadc1181f307997dc853d9ed40db36
15970,0df76889b3e31ccfd17b50cc73baef03,debbb2493c6588799fc787e1854bcda5,SO58796,5,TT-M928,1,5,6eaadc1181f307997dc853d9ed40db36
15971,348f48807f500aeac729fb17d9bc97f1,5072507e949a2c25948a591c4da194e1,SO60481,105,HL-U509,3,105,f108e0cd2f96a0c22086f9d45ee08f19
15971,348f48807f500aeac729fb17d9bc97f1,5072507e949a2c25948a591c4da194e1,SO60481,5,TT-M928,1,5,f108e0cd2f96a0c22086f9d45ee08f19
15972,5f8b10fd69342734dd36c905a170cf51,9af1e473046ebbc43d1ad2aa50b49777,SO50792,1566,BK-R50R-60,2,1566,c93cdb5d286db70864b70951bb6b1219
15972,8e8847c1bdf012037ee13bb62da8a5c1,c507827aa5f4f6bbedf64058461c621b,SO67244,4590,BK-M68B-46,2,4590,6dd75c28a9a8a39e02bc0a175f82a9f3
15972,8e8847c1bdf012037ee13bb62da8a5c1,c507827aa5f4f6bbedf64058461c621b,SO67244,22,FE-6654,1,22,6dd75c28a9a8a39e02bc0a175f82a9f3
15972,8e8847c1bdf012037ee13bb62da8a5c1,c507827aa5f4f6bbedf64058461c621b,SO67244,9,SO-R809-L,1,9,6dd75c28a9a8a39e02bc0a175f82a9f3
15972,8e8847c1bdf012037ee13bb62da8a5c1,c507827aa5f4f6bbedf64058461c621b,SO67244,35,TI-M823,1,35,6dd75c28a9a8a39e02bc0a175f82a9f3
15972,8e8847c1bdf012037ee13bb62da8a5c1,c507827aa5f4f6bbedf64058461c621b,SO67244,5,TT-M928,1,5,6dd75c28a9a8a39e02bc0a175f82a9f3
15973,545a3d56d20b22e09aa85bfa5ed8738d,31c99d724c1f182c60edb82eb4740277,SO72214,105,HL-U509,3,105,a9cd7a99d71cca9cb644010050374ade
15973,545a3d56d20b22e09aa85bfa5ed8738d,31c99d724c1f182c60edb82eb4740277,SO72214,5,TT-M928,1,5,a9cd7a99d71cca9cb644010050374ade
15974,8f472ffe3ff3109f420ae91355ff8f3f,e0cd1349b4c6e1b5f14ed427e358c2d0,SO71166,70,SH-W890-L,1,70,8fa3bab223bec6501ad71f96bb1067b6
15974,94c60e0b5e2b0f78b919a5d4c67d70a2,0d15ba5aa4c9ad0377b26e0cf7a86280,SO62209,22,FE-6654,1,22,9913e55755fcc4267a06c1e6adbbc7fb
15974,94c60e0b5e2b0f78b919a5d4c67d70a2,0d15ba5aa4c9ad0377b26e0cf7a86280,SO62209,48,GL-H102-L,2,48,9913e55755fcc4267a06c1e6adbbc7fb
15974,9b98d27287b27eeee9ebc06e1d5a9a8d,0dc34ca2aaa8612cde077f1880b78b25,SO53097,22,FE-6654,1,22,18bea060239713ee5f865109f63f3a8a
15974,9b98d27287b27eeee9ebc06e1d5a9a8d,0dc34ca2aaa8612cde077f1880b78b25,SO53097,105,HL-U509-R,3,105,18bea060239713ee5f865109f63f3a8a
15974,9b98d27287b27eeee9ebc06e1d5a9a8d,0dc34ca2aaa8612cde077f1880b78b25,SO53097,30,TI-M602,1,30,18bea060239713ee5f865109f63f3a8a
15974,9b98d27287b27eeee9ebc06e1d5a9a8d,0dc34ca2aaa8612cde077f1880b78b25,SO53097,5,TT-M928,1,5,18bea060239713ee5f865109f63f3a8a
15975,f88b3743a9ce1f9455b6de69380b486a,64cadfde6f66bc25043d0d69f5ae5471,SO66600,2,PK-7098,1,2,3dc63b2d6dcc8f0b6720b06b5439a0b1
15975,f88b3743a9ce1f9455b6de69380b486a,64cadfde6f66bc25043d0d69f5ae5471,SO66600,159,ST-1401,1,159,3dc63b2d6dcc8f0b6720b06b5439a0b1
15975,f88b3743a9ce1f9455b6de69380b486a,64cadfde6f66bc25043d0d69f5ae5471,SO66600,5,TT-M928,1,5,3dc63b2d6dcc8f0b6720b06b5439a0b1
15976,4efe8b2ca156042f8a3d8dd6aba54520,e2f0a420a4c1a9e8e292761f835e0489,SO66356,4640,BK-M68S-38,2,4640,e82ca4c6beebe812f10fa1041b97a160
15976,4efe8b2ca156042f8a3d8dd6aba54520,e2f0a420a4c1a9e8e292761f835e0489,SO66356,55,HY-1023-70,1,55,e82ca4c6beebe812f10fa1041b97a160
15976,a0ab7eafc534bc4a8a48cd6e1cfc4d24,7dc1c03103798a474aa763047623df54,SO50891,1566,BK-R50B-44,2,1566,5118f4d1a94c19a06818ba12904e26f0
15977,fff3c307c93eda1eb91d53ca588846fe,4584ca349e0920f4436a3c2f36158b85,SO69338,105,HL-U509,3,105,70951886788165a5e2439adfce4d0cce
15977,fff3c307c93eda1eb91d53ca588846fe,4584ca349e0920f4436a3c2f36158b85,SO69338,5,TT-M928,1,5,70951886788165a5e2439adfce4d0cce
15978,128ee9ff420de424a605a0ee4a6f7916,fee8e08233f3f00450bce31967abb0f1,SO71381,2,PK-7098,1,2,2797a91b25bc2aa85124c99bc574dc83
15978,128ee9ff420de424a605a0ee4a6f7916,fee8e08233f3f00450bce31967abb0f1,SO71381,5,TT-M928,1,5,2797a91b25bc2aa85124c99bc574dc83
15979,eef21e68ecca703bb338920b950f203c,f108e0cd2f96a0c22086f9d45ee08f19,SO60911,5,TT-M928,1,5,b21e833d3ead6056f1265f13fe1ff015
15980,3dc63b2d6dcc8f0b6720b06b5439a0b1,8d1d4829b2e801ba4e41ba48f5a549d4,SO66300,4590,BK-M68B-38,2,4590,6ef7b4bb93d4e54234cf965ed2334682
15980,f4630495c408b1838e43e9291392dcdf,bcecb4362a7ad5f479ac9c9c0f6761bb,SO50935,1566,BK-R50R-58,2,1566,c045063ec789c07ddd7ad868b7789049
15981,40883861f6e25a2e09e848a7891f4f38,eba5233d2dd8ea5031e646882335ece0,SO57449,120,RA-H123,1,120,d76e0ba1fa041675ae9af958c5b41ae4
15981,40883861f6e25a2e09e848a7891f4f38,eba5233d2dd8ea5031e646882335ece0,SO57449,5,TT-M928,1,5,d76e0ba1fa041675ae9af958c5b41ae4
15982,702a02712215141594ddf8e52b0a651c,cd15e5f80ff20dd345bfaa51400dd0d6,SO67518,5,TT-M928,1,5,caa707f97407c07371136aaf471a91d4
15983,460e666a19398f97709b4a361d97ed76,4c63ccce8761a6546d90151419eeea06,SO50899,1566,BK-R50B-58,2,1566,853665fc08fe34bcd66df57da6a82a16
15983,6582aa26281b9a92ad60e6a03e274c00,232e830f1ac667c081eaaca23cdf9b5f,SO65432,4590,BK-M68B-46,2,4590,18f358e551b5b85912bc952ab9894c0d
15983,6582aa26281b9a92ad60e6a03e274c00,232e830f1ac667c081eaaca23cdf9b5f,SO65432,22,FE-6654,1,22,18f358e551b5b85912bc952ab9894c0d
15983,6582aa26281b9a92ad60e6a03e274c00,232e830f1ac667c081eaaca23cdf9b5f,SO65432,105,HL-U509-R,3,105,18f358e551b5b85912bc952ab9894c0d
15984,4b32c1f268b5edfc6d7f486137468b29,5f8b10fd69342734dd36c905a170cf51,SO50923,1566,BK-R50B-58,2,1566,67c3c5a7bf20d113d8d96abf6cb5e85c
15984,caa707f97407c07371136aaf471a91d4,4efe8b2ca156042f8a3d8dd6aba54520,SO67127,4640,BK-M68S-38,2,4640,058af5b2a408d57b708367e5bf4e9d9c
15984,caa707f97407c07371136aaf471a91d4,4efe8b2ca156042f8a3d8dd6aba54520,SO67127,22,FE-6654,1,22,058af5b2a408d57b708367e5bf4e9d9c
15985,109423a52128e234487abcd717f01458,f4630495c408b1838e43e9291392dcdf,SO51057,1566,BK-R50R-48,2,1566,6ccfb4540d439b07eef79e9ec663aeee
15985,e2f0a420a4c1a9e8e292761f835e0489,4eec6eda382b9c44e240ad4b4b5e9cc0,SO65605,4640,BK-M68S-42,2,4640,9d934f91c460e9947414d00048f2fa36
15985,e2f0a420a4c1a9e8e292761f835e0489,4eec6eda382b9c44e240ad4b4b5e9cc0,SO65605,22,FE-6654,1,22,9d934f91c460e9947414d00048f2fa36
15985,e2f0a420a4c1a9e8e292761f835e0489,4eec6eda382b9c44e240ad4b4b5e9cc0,SO65605,55,HY-1023-70,1,55,9d934f91c460e9947414d00048f2fa36
15986,305c66634c155cab2b5cc3ce00351eb1,2becb9647677a1a316b388bbad689580,SO62129,10,BC-M005,1,10,922d04aa1f67bbe0270bfad98508f43e
15986,305c66634c155cab2b5cc3ce00351eb1,2becb9647677a1a316b388bbad689580,SO62129,540,BK-M18B-52,1,540,922d04aa1f67bbe0270bfad98508f43e
15986,305c66634c155cab2b5cc3ce00351eb1,2becb9647677a1a316b388bbad689580,SO62129,105,HL-U509,3,105,922d04aa1f67bbe0270bfad98508f43e
15986,305c66634c155cab2b5cc3ce00351eb1,2becb9647677a1a316b388bbad689580,SO62129,150,LJ-0192-L,3,150,922d04aa1f67bbe0270bfad98508f43e
15986,305c66634c155cab2b5cc3ce00351eb1,2becb9647677a1a316b388bbad689580,SO62129,5,WB-H098,1,5,922d04aa1f67bbe0270bfad98508f43e
15986,853665fc08fe34bcd66df57da6a82a16,f5d822432c5ffbc58e8bd3ffc7607c1b,SO50848,1566,BK-R50B-60,2,1566,5f8b10fd69342734dd36c905a170cf51
15987,9cdb18f37bdd2084cec3f36c200212be,a0ab7eafc534bc4a8a48cd6e1cfc4d24,SO51017,1566,BK-R50R-48,2,1566,c96b659647361342a1bb035614c242b1
15987,b68fd63ca41d49bfc1b18251202c053f,d4746e41b619da57ee9f1a2e2cc254e8,SO64886,565,BK-M18S-48,1,565,c87874400b9f907bdf9ea37d75a4b341
15987,b68fd63ca41d49bfc1b18251202c053f,d4746e41b619da57ee9f1a2e2cc254e8,SO64886,22,FE-6654,1,22,c87874400b9f907bdf9ea37d75a4b341
15987,b68fd63ca41d49bfc1b18251202c053f,d4746e41b619da57ee9f1a2e2cc254e8,SO64886,105,HL-U509-R,3,105,c87874400b9f907bdf9ea37d75a4b341
15988,83d1ed00595e79ee5ea3797e97970fe8,fe1fd19c021e78ec395980c2e347865e,SO69194,8,CL-9009,1,8,705fa39ab40831529471c768490339ab
15988,83d1ed00595e79ee5ea3797e97970fe8,fe1fd19c021e78ec395980c2e347865e,SO69194,22,FE-6654,1,22,705fa39ab40831529471c768490339ab
15988,83d1ed00595e79ee5ea3797e97970fe8,fe1fd19c021e78ec395980c2e347865e,SO69194,55,HY-1023-70,1,55,705fa39ab40831529471c768490339ab
15988,83d1ed00595e79ee5ea3797e97970fe8,fe1fd19c021e78ec395980c2e347865e,SO69194,5,TT-M928,1,5,705fa39ab40831529471c768490339ab
15989,3a2f313512bb520c43971e54ba834dec,a1fedb8f5f2e08543339a5f167bee6b7,SO65932,4590,BK-M68B-46,2,4590,e2f0a420a4c1a9e8e292761f835e0489
15989,3a2f313512bb520c43971e54ba834dec,a1fedb8f5f2e08543339a5f167bee6b7,SO65932,8,CL-9009,1,8,e2f0a420a4c1a9e8e292761f835e0489
15989,3a2f313512bb520c43971e54ba834dec,a1fedb8f5f2e08543339a5f167bee6b7,SO65932,55,HY-1023-70,1,55,e2f0a420a4c1a9e8e292761f835e0489
15989,bcecb4362a7ad5f479ac9c9c0f6761bb,c8f4a6002944b338d50dcc7eb3b056c8,SO50801,1566,BK-R50B-60,2,1566,1022f3e1145b30057972239301ce3382
15990,4004a117f65dfd3221a9cce8fce5a45f,6ef7b4bb93d4e54234cf965ed2334682,SO66740,4590,BK-M68B-42,2,4590,0120f4004ede1143c3be6caa4227affe
15990,4004a117f65dfd3221a9cce8fce5a45f,6ef7b4bb93d4e54234cf965ed2334682,SO66740,22,FE-6654,1,22,0120f4004ede1143c3be6caa4227affe
15990,6ccfb4540d439b07eef79e9ec663aeee,c045063ec789c07ddd7ad868b7789049,SO51005,1566,BK-R50B-48,2,1566,254f2678aa3e07c5a9451a18e28f2624
15991,67c3c5a7bf20d113d8d96abf6cb5e85c,c93cdb5d286db70864b70951bb6b1219,SO50866,1566,BK-R50B-58,2,1566,ddc7146176eec240951e44da05d5f12b
15991,6d1d8a1c7851eb5a946d45009cea6d9f,3f0c8308e4e2e5c4ddc1b7e19304f613,SO65725,4640,BK-M68S-38,2,4640,6582aa26281b9a92ad60e6a03e274c00
15991,6d1d8a1c7851eb5a946d45009cea6d9f,3f0c8308e4e2e5c4ddc1b7e19304f613,SO65725,22,FE-6654,1,22,6582aa26281b9a92ad60e6a03e274c00
15991,6d1d8a1c7851eb5a946d45009cea6d9f,3f0c8308e4e2e5c4ddc1b7e19304f613,SO65725,2,PK-7098,1,2,6582aa26281b9a92ad60e6a03e274c00
15992,e5cdc2e9be5ecca55f34ea2ebabb8670,e5fd8fa8e14be4aed936908e8f86dc7b,SO51067,1566,BK-R50B-44,2,1566,9cdb18f37bdd2084cec3f36c200212be
15992,eea5b3bd1bd5d5c62a1d22f78d3ba263,c87874400b9f907bdf9ea37d75a4b341,SO65492,10,BC-M005,1,10,a1fedb8f5f2e08543339a5f167bee6b7
15992,eea5b3bd1bd5d5c62a1d22f78d3ba263,c87874400b9f907bdf9ea37d75a4b341,SO65492,4640,BK-M68S-38,2,4640,a1fedb8f5f2e08543339a5f167bee6b7
15992,eea5b3bd1bd5d5c62a1d22f78d3ba263,c87874400b9f907bdf9ea37d75a4b341,SO65492,22,FE-6654,1,22,a1fedb8f5f2e08543339a5f167bee6b7
15992,eea5b3bd1bd5d5c62a1d22f78d3ba263,c87874400b9f907bdf9ea37d75a4b341,SO65492,55,HY-1023-70,1,55,a1fedb8f5f2e08543339a5f167bee6b7
15992,eea5b3bd1bd5d5c62a1d22f78d3ba263,c87874400b9f907bdf9ea37d75a4b341,SO65492,5,WB-H098,1,5,a1fedb8f5f2e08543339a5f167bee6b7
15993,6eaadc1181f307997dc853d9ed40db36,0814775cfc25da756a9b4197347ab771,SO58521,565,BK-M18S-48,1,565,4dbf892d41ae205f6e36838031cff786
15993,6eaadc1181f307997dc853d9ed40db36,0814775cfc25da756a9b4197347ab771,SO58521,2,PK-7098,1,2,4dbf892d41ae205f6e36838031cff786
15993,6eaadc1181f307997dc853d9ed40db36,0814775cfc25da756a9b4197347ab771,SO58521,25,TI-M267,1,25,4dbf892d41ae205f6e36838031cff786
15993,6eaadc1181f307997dc853d9ed40db36,0814775cfc25da756a9b4197347ab771,SO58521,5,TT-M928,1,5,4dbf892d41ae205f6e36838031cff786
15994,254f2678aa3e07c5a9451a18e28f2624,c164277d605c0bcbcd6b5749ac477b26,SO50952,1566,BK-R50B-62,2,1566,460e666a19398f97709b4a361d97ed76
15994,81a5d08c6beaeec9e42baae5d63dd780,95103530881768b5cfc7e33970db9cd7,SO63337,10,BC-M005,1,10,b210069485754303767745919c328b97
15994,81a5d08c6beaeec9e42baae5d63dd780,95103530881768b5cfc7e33970db9cd7,SO63337,540,BK-M18B-52,1,540,b210069485754303767745919c328b97
15994,81a5d08c6beaeec9e42baae5d63dd780,95103530881768b5cfc7e33970db9cd7,SO63337,54,SJ-0194-X,1,54,b210069485754303767745919c328b97
15994,81a5d08c6beaeec9e42baae5d63dd780,95103530881768b5cfc7e33970db9cd7,SO63337,5,WB-H098,1,5,b210069485754303767745919c328b97
15995,8b9fe4b34e3c54f08bfcac3d9691e260,a946e75bc65318721cd1e01162d392dd,SO64214,10,BC-M005,1,10,f75e5f8c15ca91ec5c869dc3881f574f
15995,8b9fe4b34e3c54f08bfcac3d9691e260,a946e75bc65318721cd1e01162d392dd,SO64214,540,BK-M18B-48,1,540,f75e5f8c15ca91ec5c869dc3881f574f
15995,8b9fe4b34e3c54f08bfcac3d9691e260,a946e75bc65318721cd1e01162d392dd,SO64214,54,SJ-0194-S,1,54,f75e5f8c15ca91ec5c869dc3881f574f
15995,8b9fe4b34e3c54f08bfcac3d9691e260,a946e75bc65318721cd1e01162d392dd,SO64214,5,WB-H098,1,5,f75e5f8c15ca91ec5c869dc3881f574f
15996,eba6cab7267f82e3b2a063d5ea445bb9,73b2264d673ee7b5b2e7e165020516ac,SO58060,565,BK-M18S-40,1,565,02ad1a5ca18e58629b8c1d6a6401d071
15997,43e2cc7ff261723f93f64f3f7e9faa8d,a6f2945baeceeef4c8d541a22f6e99e9,SO73480,2384,BK-T79U-50,1,2384,88077cf01a3e17831c2d0bcca5897c5b
15997,f75e5f8c15ca91ec5c869dc3881f574f,3a23b248b732af434a45fce0302aa11f,SO63926,4640,BK-M68S-38,2,4640,03bf7d2a8718ee9aca4bd2f37e962fc4
15997,f75e5f8c15ca91ec5c869dc3881f574f,3a23b248b732af434a45fce0302aa11f,SO63926,2,PK-7098,1,2,03bf7d2a8718ee9aca4bd2f37e962fc4
15997,f75e5f8c15ca91ec5c869dc3881f574f,3a23b248b732af434a45fce0302aa11f,SO63926,35,TI-M823,1,35,03bf7d2a8718ee9aca4bd2f37e962fc4
15997,f75e5f8c15ca91ec5c869dc3881f574f,3a23b248b732af434a45fce0302aa11f,SO63926,5,TT-M928,1,5,03bf7d2a8718ee9aca4bd2f37e962fc4
15998,6ef7b4bb93d4e54234cf965ed2334682,ccf89c691dabb1412404274596922d90,SO66003,4590,BK-M68B-42,2,4590,93ddc10d6cf61153011df052aa76671f
15998,6ef7b4bb93d4e54234cf965ed2334682,ccf89c691dabb1412404274596922d90,SO66003,22,FE-6654,1,22,93ddc10d6cf61153011df052aa76671f
15998,6ef7b4bb93d4e54234cf965ed2334682,ccf89c691dabb1412404274596922d90,SO66003,55,HY-1023-70,1,55,93ddc10d6cf61153011df052aa76671f
15999,64cadfde6f66bc25043d0d69f5ae5471,18f358e551b5b85912bc952ab9894c0d,SO65852,4640,BK-M68S-38,2,4640,8d1d4829b2e801ba4e41ba48f5a549d4
15999,64cadfde6f66bc25043d0d69f5ae5471,18f358e551b5b85912bc952ab9894c0d,SO65852,105,HL-U509-R,3,105,8d1d4829b2e801ba4e41ba48f5a549d4
16000,b2ce0ef2540789e8a6976165b6c917d8,128ee9ff420de424a605a0ee4a6f7916,SO72420,2384,BK-T79U-50,1,2384,dcf73f840a50da0145f24e8e0169dc4b
16000,b2ce0ef2540789e8a6976165b6c917d8,128ee9ff420de424a605a0ee4a6f7916,SO72420,105,HL-U509-B,3,105,dcf73f840a50da0145f24e8e0169dc4b
16000,f75e5f8c15ca91ec5c869dc3881f574f,3a23b248b732af434a45fce0302aa11f,SO63927,10,BC-M005,1,10,03bf7d2a8718ee9aca4bd2f37e962fc4
16000,f75e5f8c15ca91ec5c869dc3881f574f,3a23b248b732af434a45fce0302aa11f,SO63927,4590,BK-M68B-38,2,4590,03bf7d2a8718ee9aca4bd2f37e962fc4
16000,f75e5f8c15ca91ec5c869dc3881f574f,3a23b248b732af434a45fce0302aa11f,SO63927,8,CL-9009,1,8,03bf7d2a8718ee9aca4bd2f37e962fc4
16000,f75e5f8c15ca91ec5c869dc3881f574f,3a23b248b732af434a45fce0302aa11f,SO63927,22,FE-6654,1,22,03bf7d2a8718ee9aca4bd2f37e962fc4
16000,f75e5f8c15ca91ec5c869dc3881f574f,3a23b248b732af434a45fce0302aa11f,SO63927,55,HY-1023-70,1,55,03bf7d2a8718ee9aca4bd2f37e962fc4
16000,f75e5f8c15ca91ec5c869dc3881f574f,3a23b248b732af434a45fce0302aa11f,SO63927,5,WB-H098,1,5,03bf7d2a8718ee9aca4bd2f37e962fc4
16001,da9c4ba6c9a1ae8725389bfd38b5763a,3e48b2167bd86ef570e46d0b286c4f74,SO54064,2,PK-7098,1,2,9223b53f03a405f817e91392f0294f6a
16001,da9c4ba6c9a1ae8725389bfd38b5763a,3e48b2167bd86ef570e46d0b286c4f74,SO54064,5,TT-M928,1,5,9223b53f03a405f817e91392f0294f6a
16002,9223b53f03a405f817e91392f0294f6a,3e07f09fb2edbdf0bf6a54c17634514b,SO53803,22,FE-6654,1,22,14e4b13c27fb9bce9938ce35b6597eca
16002,9223b53f03a405f817e91392f0294f6a,3e07f09fb2edbdf0bf6a54c17634514b,SO53803,105,HL-U509,3,105,14e4b13c27fb9bce9938ce35b6597eca
16002,9223b53f03a405f817e91392f0294f6a,3e07f09fb2edbdf0bf6a54c17634514b,SO53803,5,TT-M928,1,5,14e4b13c27fb9bce9938ce35b6597eca
16003,3519c8eb4095dbc69d80eb61856d3435,6e5c4b769f8f70f9fd01b24ba5be9695,SO55578,5,TT-M928,1,5,d6ab5a0eee939524352092b964d92b84
16004,dfcee565bb2da80a7b76451a5cd314a1,6582aa26281b9a92ad60e6a03e274c00,SO66188,4590,BK-M68B-38,2,4590,64cadfde6f66bc25043d0d69f5ae5471
16004,dfcee565bb2da80a7b76451a5cd314a1,6582aa26281b9a92ad60e6a03e274c00,SO66188,22,FE-6654,1,22,64cadfde6f66bc25043d0d69f5ae5471
16004,dfcee565bb2da80a7b76451a5cd314a1,6582aa26281b9a92ad60e6a03e274c00,SO66188,2,PK-7098,1,2,64cadfde6f66bc25043d0d69f5ae5471
16004,dfcee565bb2da80a7b76451a5cd314a1,6582aa26281b9a92ad60e6a03e274c00,SO66188,159,ST-1401,1,159,64cadfde6f66bc25043d0d69f5ae5471
16004,dfcee565bb2da80a7b76451a5cd314a1,6582aa26281b9a92ad60e6a03e274c00,SO66188,35,TI-M823,1,35,64cadfde6f66bc25043d0d69f5ae5471
16004,dfcee565bb2da80a7b76451a5cd314a1,6582aa26281b9a92ad60e6a03e274c00,SO66188,5,TT-M928,1,5,64cadfde6f66bc25043d0d69f5ae5471
16005,03bf7d2a8718ee9aca4bd2f37e962fc4,290499d9b8e65db426ba9b842714eb6d,SO63592,22,FE-6654,1,22,7130adfd843cdcb6d0bcd9d13792693a
16005,03bf7d2a8718ee9aca4bd2f37e962fc4,290499d9b8e65db426ba9b842714eb6d,SO63592,48,GL-H102-S,2,48,7130adfd843cdcb6d0bcd9d13792693a
16005,03bf7d2a8718ee9aca4bd2f37e962fc4,290499d9b8e65db426ba9b842714eb6d,SO63592,150,LJ-0192-M,3,150,7130adfd843cdcb6d0bcd9d13792693a
16005,0dc34ca2aaa8612cde077f1880b78b25,361e2c62255e0c1887ac2139911ca300,SO52493,70,SH-W890-S,1,70,7f026edc73bd4602381834e9b850d6c2
16005,5a06908cc28b799b04fc1c47664462e6,da9c4ba6c9a1ae8725389bfd38b5763a,SO54731,2,PK-7098,1,2,6d338b8c41c717c4336ad0084a80dca4
16005,5a06908cc28b799b04fc1c47664462e6,da9c4ba6c9a1ae8725389bfd38b5763a,SO54731,30,TI-M602,1,30,6d338b8c41c717c4336ad0084a80dca4
16006,640540d73b85c3ecd2e3bf5541686e87,eba6cab7267f82e3b2a063d5ea445bb9,SO58736,105,HL-U509-R,3,105,d630b2db6e8046e30b4728ca862ba4e1
16006,640540d73b85c3ecd2e3bf5541686e87,eba6cab7267f82e3b2a063d5ea445bb9,SO58736,5,TT-M928,1,5,d630b2db6e8046e30b4728ca862ba4e1
16007,02b96ab6e0935145589be4e1408a1675,58f0b42da53adeeccbfa693883fea672,SO65373,4590,BK-M68B-38,2,4590,b68fd63ca41d49bfc1b18251202c053f
16007,02b96ab6e0935145589be4e1408a1675,58f0b42da53adeeccbfa693883fea672,SO65373,35,TI-M823,1,35,b68fd63ca41d49bfc1b18251202c053f
16008,54d3ba66c5e71d3112695b882ca2030e,e4b40b4ba619c72ec5a69caad258d393,SO74569,5,TT-M928,1,5,40eee601514259a9632d510ca71226cc
16009,0149f124a48640c62d90840ac5760331,4555f65c4664801d78b9f5477f89d8fd,SO63379,48,GL-H102-S,2,48,870bd4f3713260418e4f342f31dc7e33
16009,0149f124a48640c62d90840ac5760331,4555f65c4664801d78b9f5477f89d8fd,SO63379,70,SH-W890-S,1,70,870bd4f3713260418e4f342f31dc7e33
16009,16e364d19895243407b256ec272d5394,4004a117f65dfd3221a9cce8fce5a45f,SO67617,22,FE-6654,1,22,7acd252f45ad6fe668386456a673d543
16009,16e364d19895243407b256ec272d5394,4004a117f65dfd3221a9cce8fce5a45f,SO67617,54,SJ-0194-X,1,54,7acd252f45ad6fe668386456a673d543
16010,ba19c22033aaecc6c5dad47f63e5858c,8dd08d219271ec96c543f486de430703,SO63025,2,PK-7098,1,2,16918840d98f27ce45948fe73dd5592f
16010,ba19c22033aaecc6c5dad47f63e5858c,8dd08d219271ec96c543f486de430703,SO63025,5,TT-M928,1,5,16918840d98f27ce45948fe73dd5592f
16011,9d934f91c460e9947414d00048f2fa36,94b225b5b1f09ecd5e8ecdfb681ff04c,SO65133,4640,BK-M68S-38,2,4640,3f0c8308e4e2e5c4ddc1b7e19304f613
16011,9d934f91c460e9947414d00048f2fa36,94b225b5b1f09ecd5e8ecdfb681ff04c,SO65133,8,CL-9009,1,8,3f0c8308e4e2e5c4ddc1b7e19304f613
16011,9d934f91c460e9947414d00048f2fa36,94b225b5b1f09ecd5e8ecdfb681ff04c,SO65133,48,GL-H102-L,2,48,3f0c8308e4e2e5c4ddc1b7e19304f613
16011,9d934f91c460e9947414d00048f2fa36,94b225b5b1f09ecd5e8ecdfb681ff04c,SO65133,55,HY-1023-70,1,55,3f0c8308e4e2e5c4ddc1b7e19304f613
16011,c135545cc3f3a739132ffdbc8096f3d4,36ab6f1df21f3c9a169c8942e981959a,SO68456,1215,BK-T44U-46,1,1215,511572e8a25e86c2f48ae9e6d73a1e6a
16011,c135545cc3f3a739132ffdbc8096f3d4,36ab6f1df21f3c9a169c8942e981959a,SO68456,105,HL-U509-B,3,105,511572e8a25e86c2f48ae9e6d73a1e6a
16012,883b9b4170853b321c03290f64ba199f,412998e77ee121227580e3d363f75fa2,SO60676,22,FE-6654,1,22,af1457846a79173ef71dd9d5dd69805a
16012,883b9b4170853b321c03290f64ba199f,412998e77ee121227580e3d363f75fa2,SO60676,2,PK-7098,1,2,af1457846a79173ef71dd9d5dd69805a
16012,a8ef76a01442567fb64eb6f4408a9835,427ed6396fba4ed8ead9ec3229517d2b,SO56873,70,SH-W890-M,1,70,eba5233d2dd8ea5031e646882335ece0
16013,15aceb75d86814cb479f1b1a9487c3d4,f799d104dd23bb828dcdaaefc4d25b61,SO52904,105,HL-U509,3,105,072bf847aeeee970f66483e596496cd9
16013,15aceb75d86814cb479f1b1a9487c3d4,f799d104dd23bb828dcdaaefc4d25b61,SO52904,150,LJ-0192-S,3,150,072bf847aeeee970f66483e596496cd9
16013,15aceb75d86814cb479f1b1a9487c3d4,f799d104dd23bb828dcdaaefc4d25b61,SO52904,5,TT-M928,1,5,072bf847aeeee970f66483e596496cd9
16014,a946e75bc65318721cd1e01162d392dd,5efefff01843f5aa3f7d8a4d44b4bf2e,SO63453,2,PK-7098,1,2,3a23b248b732af434a45fce0302aa11f
16014,a946e75bc65318721cd1e01162d392dd,5efefff01843f5aa3f7d8a4d44b4bf2e,SO63453,5,TT-M928,1,5,3a23b248b732af434a45fce0302aa11f
16015,e2f7ff887646789ea003d03bc2025325,0990769bd233255d308a2f2137e95214,SO51583,540,BK-R19B-44,1,540,20b5e9ce0f87defd975a322149ec8cc6
16015,e2f7ff887646789ea003d03bc2025325,0990769bd233255d308a2f2137e95214,SO51583,105,HL-U509,3,105,20b5e9ce0f87defd975a322149ec8cc6
16016,0d15ba5aa4c9ad0377b26e0cf7a86280,b21e833d3ead6056f1265f13fe1ff015,SO61436,9,BC-R205,1,9,4a70a3ec50fd16032883bf6fc79c55dd
16016,0d15ba5aa4c9ad0377b26e0cf7a86280,b21e833d3ead6056f1265f13fe1ff015,SO61436,29,TI-T723,1,29,4a70a3ec50fd16032883bf6fc79c55dd
16016,0d15ba5aa4c9ad0377b26e0cf7a86280,b21e833d3ead6056f1265f13fe1ff015,SO61436,5,TT-T092,1,5,4a70a3ec50fd16032883bf6fc79c55dd
16016,0d15ba5aa4c9ad0377b26e0cf7a86280,b21e833d3ead6056f1265f13fe1ff015,SO61436,5,WB-H098,1,5,4a70a3ec50fd16032883bf6fc79c55dd
16016,fe1fd19c021e78ec395980c2e347865e,16e364d19895243407b256ec272d5394,SO68344,105,HL-U509,3,105,63efdd3324df66c9965bd622cdebe06a
16016,fe1fd19c021e78ec395980c2e347865e,16e364d19895243407b256ec272d5394,SO68344,30,TI-M602,1,30,63efdd3324df66c9965bd622cdebe06a
16016,fe1fd19c021e78ec395980c2e347865e,16e364d19895243407b256ec272d5394,SO68344,5,TT-M928,1,5,63efdd3324df66c9965bd622cdebe06a
16017,81a5d08c6beaeec9e42baae5d63dd780,95103530881768b5cfc7e33970db9cd7,SO63317,55,HY-1023-70,1,55,b210069485754303767745919c328b97
16017,81a5d08c6beaeec9e42baae5d63dd780,95103530881768b5cfc7e33970db9cd7,SO63317,5,TT-M928,1,5,b210069485754303767745919c328b97
16018,7f026edc73bd4602381834e9b850d6c2,eedd9be5500334505ed9d4aef801ac3d,SO52245,105,HL-U509-B,3,105,db2b287636ac5ebda430de4f3f643b24
16018,7f026edc73bd4602381834e9b850d6c2,eedd9be5500334505ed9d4aef801ac3d,SO52245,150,LJ-0192-L,3,150,db2b287636ac5ebda430de4f3f643b24
16018,7f026edc73bd4602381834e9b850d6c2,eedd9be5500334505ed9d4aef801ac3d,SO52245,5,TT-M928,1,5,db2b287636ac5ebda430de4f3f643b24
16019,56d78836c9cf0de136c4d2d37aba2280,ba19c22033aaecc6c5dad47f63e5858c,SO63978,565,BK-M18S-40,1,565,8c9ec1be720ee75d56d0c250d10610fa
16019,56d78836c9cf0de136c4d2d37aba2280,ba19c22033aaecc6c5dad47f63e5858c,SO63978,27,CA-1098,3,27,8c9ec1be720ee75d56d0c250d10610fa
16020,de22d232bbe84481579f6252f1e7091d,cae5717327bee7d74e261c550aa5081f,SO57577,565,BK-M18S-44,1,565,ab4946738415af86b5e3cee69b13301f
16020,de22d232bbe84481579f6252f1e7091d,cae5717327bee7d74e261c550aa5081f,SO57577,27,CA-1098,3,27,ab4946738415af86b5e3cee69b13301f
16020,de22d232bbe84481579f6252f1e7091d,cae5717327bee7d74e261c550aa5081f,SO57577,22,FE-6654,1,22,ab4946738415af86b5e3cee69b13301f
16021,0383d48e76cd8a3dfb9e2a890f2cac18,d6fb379288416774d139632beb88e26b,SO61007,540,BK-M18B-52,1,540,883b9b4170853b321c03290f64ba199f
16022,4b5c3229e0725ef8d303f494db9faec8,f46ace11e93788e473124f7be16a19d5,SO63727,10,BC-M005,1,10,0149f124a48640c62d90840ac5760331
16022,4b5c3229e0725ef8d303f494db9faec8,f46ace11e93788e473124f7be16a19d5,SO63727,540,BK-M18B-42,1,540,0149f124a48640c62d90840ac5760331
16022,4b5c3229e0725ef8d303f494db9faec8,f46ace11e93788e473124f7be16a19d5,SO63727,105,HL-U509,3,105,0149f124a48640c62d90840ac5760331
16022,4b5c3229e0725ef8d303f494db9faec8,f46ace11e93788e473124f7be16a19d5,SO63727,5,WB-H098,1,5,0149f124a48640c62d90840ac5760331
16023,18025e6a8791d350428f65c0783ebd99,3c8e2c51453f4d665f1050da871dead6,SO56073,8,CL-9009,1,8,a9cefc49af6424b430612adfc69876ee
16023,18025e6a8791d350428f65c0783ebd99,3c8e2c51453f4d665f1050da871dead6,SO56073,55,HY-1023-70,1,55,a9cefc49af6424b430612adfc69876ee
16023,18025e6a8791d350428f65c0783ebd99,3c8e2c51453f4d665f1050da871dead6,SO56073,29,TI-T723,1,29,a9cefc49af6424b430612adfc69876ee
16023,18025e6a8791d350428f65c0783ebd99,3c8e2c51453f4d665f1050da871dead6,SO56073,5,TT-T092,1,5,a9cefc49af6424b430612adfc69876ee
16023,f75e5f8c15ca91ec5c869dc3881f574f,3a23b248b732af434a45fce0302aa11f,SO63885,105,HL-U509-R,3,105,03bf7d2a8718ee9aca4bd2f37e962fc4
16023,f75e5f8c15ca91ec5c869dc3881f574f,3a23b248b732af434a45fce0302aa11f,SO63885,30,TI-M602,1,30,03bf7d2a8718ee9aca4bd2f37e962fc4
16023,f75e5f8c15ca91ec5c869dc3881f574f,3a23b248b732af434a45fce0302aa11f,SO63885,5,TT-M928,1,5,03bf7d2a8718ee9aca4bd2f37e962fc4
16024,13b7c2277967bc61802018c764b5b2a0,9c55d6518880c1abf100a24da2546368,SO74523,5,TT-M928,1,5,0e000451f430d2e5b745a08b4ee7836c
16025,c164277d605c0bcbcd6b5749ac477b26,8d35d0f6487ae6100c95dad89a4a414f,SO50821,4142,BK-M68S-46,2,4142,4c63ccce8761a6546d90151419eeea06
16025,e366e24b8ad0b1107528f2f58cd15a81,921bc92a493b53f98f24e6a8a12801be,SO72489,1701,BK-R79Y-44,1,1701,c83e871e48c2716e0f28e60d166a5c98
16025,e366e24b8ad0b1107528f2f58cd15a81,921bc92a493b53f98f24e6a8a12801be,SO72489,48,GL-H102-M,2,48,c83e871e48c2716e0f28e60d166a5c98
16025,e366e24b8ad0b1107528f2f58cd15a81,921bc92a493b53f98f24e6a8a12801be,SO72489,105,HL-U509-B,3,105,c83e871e48c2716e0f28e60d166a5c98
16026,43e2cc7ff261723f93f64f3f7e9faa8d,a6f2945baeceeef4c8d541a22f6e99e9,SO73475,1701,BK-R79Y-42,1,1701,88077cf01a3e17831c2d0bcca5897c5b
16026,43e2cc7ff261723f93f64f3f7e9faa8d,a6f2945baeceeef4c8d541a22f6e99e9,SO73475,54,SJ-0194-L,1,54,88077cf01a3e17831c2d0bcca5897c5b
16026,853665fc08fe34bcd66df57da6a82a16,f5d822432c5ffbc58e8bd3ffc7607c1b,SO50849,4098,BK-M68B-38,2,4098,5f8b10fd69342734dd36c905a170cf51
16027,67c3c5a7bf20d113d8d96abf6cb5e85c,c93cdb5d286db70864b70951bb6b1219,SO50871,4142,BK-M68S-38,2,4142,ddc7146176eec240951e44da05d5f12b
16027,b2ce0ef2540789e8a6976165b6c917d8,128ee9ff420de424a605a0ee4a6f7916,SO72414,1701,BK-R79Y-40,1,1701,dcf73f840a50da0145f24e8e0169dc4b
16027,b2ce0ef2540789e8a6976165b6c917d8,128ee9ff420de424a605a0ee4a6f7916,SO72414,54,SJ-0194-L,1,54,dcf73f840a50da0145f24e8e0169dc4b
16028,5432d51ee94799c0125bb158c8a8bd22,545a3d56d20b22e09aa85bfa5ed8738d,SO73099,1701,BK-R79Y-42,1,1701,9592b44e2c3f304a9875f45537bec6eb
16028,5432d51ee94799c0125bb158c8a8bd22,545a3d56d20b22e09aa85bfa5ed8738d,SO73099,105,HL-U509-B,3,105,9592b44e2c3f304a9875f45537bec6eb
16028,a0ab7eafc534bc4a8a48cd6e1cfc4d24,7dc1c03103798a474aa763047623df54,SO50893,4142,BK-M68S-38,2,4142,5118f4d1a94c19a06818ba12904e26f0
16029,6ccfb4540d439b07eef79e9ec663aeee,c045063ec789c07ddd7ad868b7789049,SO51009,4142,BK-M68S-42,2,4142,254f2678aa3e07c5a9451a18e28f2624
16029,e366e24b8ad0b1107528f2f58cd15a81,921bc92a493b53f98f24e6a8a12801be,SO72485,1701,BK-R79Y-40,1,1701,c83e871e48c2716e0f28e60d166a5c98
16029,e366e24b8ad0b1107528f2f58cd15a81,921bc92a493b53f98f24e6a8a12801be,SO72485,105,HL-U509,3,105,c83e871e48c2716e0f28e60d166a5c98
16030,5728955fc583cbfd901d0ba25cb20f92,db10519e66d9a7b809b91935ad1a696d,SO74849,2,PK-7098,1,2,01e8942a5792053a553c4612bd6c06a6
16030,5728955fc583cbfd901d0ba25cb20f92,db10519e66d9a7b809b91935ad1a696d,SO74849,29,TI-T723,1,29,01e8942a5792053a553c4612bd6c06a6
16030,5728955fc583cbfd901d0ba25cb20f92,db10519e66d9a7b809b91935ad1a696d,SO74849,5,TT-T092,1,5,01e8942a5792053a553c4612bd6c06a6
16030,8728a5e296f39e49d2fa74c31820e99f,66e56e10b0f528b66a45e307ecdf4774,SO69569,2,PK-7098,1,2,3fe686907939d07097f6c87f08025422
16030,8728a5e296f39e49d2fa74c31820e99f,66e56e10b0f528b66a45e307ecdf4774,SO69569,30,TI-M602,1,30,3fe686907939d07097f6c87f08025422
16030,8728a5e296f39e49d2fa74c31820e99f,66e56e10b0f528b66a45e307ecdf4774,SO69569,5,TT-M928,1,5,3fe686907939d07097f6c87f08025422
16031,8920fd63645007b243abb750709b1172,58c4ce5b9433e7b6d41793d5a76d5590,SO72328,1701,BK-R79Y-42,1,1701,0d3057f268050d468f468434f8ec809a
16031,c164277d605c0bcbcd6b5749ac477b26,8d35d0f6487ae6100c95dad89a4a414f,SO50822,4098,BK-M68B-38,2,4098,4c63ccce8761a6546d90151419eeea06
16032,714597fe9448176d17876617114a65bc,d6ec5bff1a0809822c740ce35792fa7a,SO53187,22,FE-6654,1,22,3143ce3c6436ed5bd25398756b7b661d
16032,d9f7611cf8d29b48a1d3d8fddb8c5b2e,55f9f4cb5784581a517e59904e0d5e2f,SO56647,105,HL-U509-R,3,105,fda052162862bb845297063fd71a580c
16032,d9f7611cf8d29b48a1d3d8fddb8c5b2e,55f9f4cb5784581a517e59904e0d5e2f,SO56647,29,TI-T723,1,29,fda052162862bb845297063fd71a580c
16032,d9f7611cf8d29b48a1d3d8fddb8c5b2e,55f9f4cb5784581a517e59904e0d5e2f,SO56647,5,TT-T092,1,5,fda052162862bb845297063fd71a580c
16033,d3fa88b8a081356f91911e74ecf7e481,4593d632f4e33a6fedc30d17cbdc0c29,SO46759,4364,BK-R89B-44,2,4364,bea2034ab47ba6f72c2dea803bbc3328
16033,d7f57f35d2bad1349ca24a67a2635eea,5432d51ee94799c0125bb158c8a8bd22,SO74072,742,BK-T18Y-50,1,742,1ba7e8cdf85da6cf5e11554703236b52
16033,eef21e68ecca703bb338920b950f203c,f108e0cd2f96a0c22086f9d45ee08f19,SO60901,769,BK-M38S-40,1,769,b21e833d3ead6056f1265f13fe1ff015
16033,eef21e68ecca703bb338920b950f203c,f108e0cd2f96a0c22086f9d45ee08f19,SO60901,150,LJ-0192-X,3,150,b21e833d3ead6056f1265f13fe1ff015
16034,d5985f40495ba672dff8a99620b879c8,a9adf65abbb865184bf924d14a93d0c4,SO71525,2,PK-7098,1,2,8f472ffe3ff3109f420ae91355ff8f3f
16034,d5985f40495ba672dff8a99620b879c8,a9adf65abbb865184bf924d14a93d0c4,SO71525,5,TT-M928,1,5,8f472ffe3ff3109f420ae91355ff8f3f
16035,56e52500a7f5ab963646137a401683cd,df09a3a727ac0f29208c5ef3bf7625e6,SO74686,5,TT-T092,1,5,13b7c2277967bc61802018c764b5b2a0
16035,6a373d2281ba1487d83680f65dd6e6d0,2fb09097185e604aaadbfde958fd6262,SO74990,22,FE-6654,1,22,8592725b85eec4822018b8728dd5b88d
16035,6a373d2281ba1487d83680f65dd6e6d0,2fb09097185e604aaadbfde958fd6262,SO74990,48,GL-H102-M,2,48,8592725b85eec4822018b8728dd5b88d
16036,eef21e68ecca703bb338920b950f203c,f108e0cd2f96a0c22086f9d45ee08f19,SO60920,105,HL-U509-B,3,105,b21e833d3ead6056f1265f13fe1ff015
16036,eef21e68ecca703bb338920b950f203c,f108e0cd2f96a0c22086f9d45ee08f19,SO60920,5,TT-T092,1,5,b21e833d3ead6056f1265f13fe1ff015
16036,fda052162862bb845297063fd71a580c,1678083e7ff90bd404baad3f60bffa37,SO56405,22,FE-6654,1,22,a2c49941411089cb2a9cbf78cb803c26
16037,c926349b55a58d87d7d5008c349fd1e9,9e8cbc3edbb5efb3f48d6afb260e4725,SO60076,105,HL-U509-R,3,105,ccb91034934bb047c5f6a32eb289b95b
16037,c926349b55a58d87d7d5008c349fd1e9,9e8cbc3edbb5efb3f48d6afb260e4725,SO60076,5,TT-M928,1,5,ccb91034934bb047c5f6a32eb289b95b
16038,7299e51cfc0d5174743a6701a8a96488,56d78836c9cf0de136c4d2d37aba2280,SO64755,22,FE-6654,1,22,58f0b42da53adeeccbfa693883fea672
16038,7299e51cfc0d5174743a6701a8a96488,56d78836c9cf0de136c4d2d37aba2280,SO64755,2,PK-7098,1,2,58f0b42da53adeeccbfa693883fea672
16038,9592b44e2c3f304a9875f45537bec6eb,a9cd7a99d71cca9cb644010050374ade,SO72762,55,HY-1023-70,1,55,b2ce0ef2540789e8a6976165b6c917d8
16038,9592b44e2c3f304a9875f45537bec6eb,a9cd7a99d71cca9cb644010050374ade,SO72762,5,TT-T092,1,5,b2ce0ef2540789e8a6976165b6c917d8
16039,3143ce3c6436ed5bd25398756b7b661d,6be9692276a308e4b872323af1ad8fe2,SO52942,5,TT-M928,1,5,ad4fbe0c82c7e5968d4cf22c2ad19e28
16040,9223b53f03a405f817e91392f0294f6a,3e07f09fb2edbdf0bf6a54c17634514b,SO53811,105,HL-U509,3,105,14e4b13c27fb9bce9938ce35b6597eca
16040,9223b53f03a405f817e91392f0294f6a,3e07f09fb2edbdf0bf6a54c17634514b,SO53811,25,TI-M267,1,25,14e4b13c27fb9bce9938ce35b6597eca
16040,9223b53f03a405f817e91392f0294f6a,3e07f09fb2edbdf0bf6a54c17634514b,SO53811,5,TT-M928,1,5,14e4b13c27fb9bce9938ce35b6597eca
16041,5e9b4970006d8f02ba0bc1763fa8b9a6,b2e85aa5f9c095607e638c7e6e2c694b,SO51949,105,HL-U509-R,3,105,ca510b577b53d588f80b4fc76030ea52
16041,5e9b4970006d8f02ba0bc1763fa8b9a6,b2e85aa5f9c095607e638c7e6e2c694b,SO51949,25,TI-M267,1,25,ca510b577b53d588f80b4fc76030ea52
16041,5e9b4970006d8f02ba0bc1763fa8b9a6,b2e85aa5f9c095607e638c7e6e2c694b,SO51949,5,TT-M928,1,5,ca510b577b53d588f80b4fc76030ea52
16042,4ddc8821c34bceaf3dba4a18741acca3,af1457846a79173ef71dd9d5dd69805a,SO61140,25,TI-M267,1,25,2d6e054ac82934d489c58cc8399a1628
16043,3fbd0407b55d3a3da21388a2ddbf881c,ab4946738415af86b5e3cee69b13301f,SO57923,22,FE-6654,1,22,5abaefcc8525a8f4cfd95cba9e926532
16043,e366e24b8ad0b1107528f2f58cd15a81,921bc92a493b53f98f24e6a8a12801be,SO72474,105,HL-U509-B,3,105,c83e871e48c2716e0f28e60d166a5c98
16043,e366e24b8ad0b1107528f2f58cd15a81,921bc92a493b53f98f24e6a8a12801be,SO72474,5,TT-T092,1,5,c83e871e48c2716e0f28e60d166a5c98
16044,106dfbaf552c07a1b08d065f2c343982,3f20f21c57e09a6c071e44d1fe74b58a,SO54560,5,TT-M928,1,5,dba3e44e23a1d2c2f299811e94db7fce
16044,106dfbaf552c07a1b08d065f2c343982,3f20f21c57e09a6c071e44d1fe74b58a,SO54560,64,VE-C304-S,1,64,dba3e44e23a1d2c2f299811e94db7fce
16045,b0950d12c62d3aeda81b2e8d06f2aef4,e366e24b8ad0b1107528f2f58cd15a81,SO73382,742,BK-T18U-50,1,742,a048b8d5f3f9178f163e2be055f0138b
16045,b0950d12c62d3aeda81b2e8d06f2aef4,e366e24b8ad0b1107528f2f58cd15a81,SO73382,27,CA-1098,3,27,a048b8d5f3f9178f163e2be055f0138b
16045,b0950d12c62d3aeda81b2e8d06f2aef4,e366e24b8ad0b1107528f2f58cd15a81,SO73382,150,LJ-0192-X,3,150,a048b8d5f3f9178f163e2be055f0138b
16045,d1638c6e02871b5c4957d2fe848b551a,d3fa88b8a081356f91911e74ecf7e481,SO46864,4364,BK-R89B-44,2,4364,579ccf7535264274969f909add894a18
16045,e7df1b3ee078bdcfc260a877f321287d,4dbf892d41ae205f6e36838031cff786,SO59089,769,BK-M38S-46,1,769,478ecc8cdaa127c33884d9f6c72c2cd5
16045,e7df1b3ee078bdcfc260a877f321287d,4dbf892d41ae205f6e36838031cff786,SO59089,150,LJ-0192-M,3,150,478ecc8cdaa127c33884d9f6c72c2cd5
16046,bea2034ab47ba6f72c2dea803bbc3328,2f6f8a5ec1c6c4b60d2ceb4eb5ad9c78,SO46721,2443,BK-R89R-52,1,2443,ebce0865da088132946764a3527b5a4e
16046,dcf73f840a50da0145f24e8e0169dc4b,2797a91b25bc2aa85124c99bc574dc83,SO72046,742,BK-T18U-62,1,742,d5985f40495ba672dff8a99620b879c8
16046,f108e0cd2f96a0c22086f9d45ee08f19,ad0b7f5ad35732646f1e5f67418d5995,SO60128,769,BK-M38S-40,1,769,7983129d9883ebc3b9dce3311996b001
16046,f108e0cd2f96a0c22086f9d45ee08f19,ad0b7f5ad35732646f1e5f67418d5995,SO60128,8,CL-9009,1,8,7983129d9883ebc3b9dce3311996b001
16047,a9cd7a99d71cca9cb644010050374ade,3db19f5f710f10e90ecc7154c649d60a,SO71725,5,TT-M928,1,5,128ee9ff420de424a605a0ee4a6f7916
16048,089c2a426c196c5ca5facb20896c90bb,bc761b2b7297029a695fbd6dd0470724,SO56299,105,HL-U509,3,105,55f9f4cb5784581a517e59904e0d5e2f
16048,089c2a426c196c5ca5facb20896c90bb,bc761b2b7297029a695fbd6dd0470724,SO56299,5,TT-M928,1,5,55f9f4cb5784581a517e59904e0d5e2f
16049,d53f9d33cac0a297449a74a10d031570,e0bcd0ff3072dfe15609d6be1529b0b8,SO61563,105,HL-U509,3,105,4cc27df81afd686c0420394e090460cb
16049,d53f9d33cac0a297449a74a10d031570,e0bcd0ff3072dfe15609d6be1529b0b8,SO61563,5,TT-M928,1,5,4cc27df81afd686c0420394e090460cb
16050,226d694fb4b7f71d62444f9528be8704,714597fe9448176d17876617114a65bc,SO54013,105,HL-U509,3,105,9444f850ff0c10a862b4a6a9c4ab0a74
16050,226d694fb4b7f71d62444f9528be8704,714597fe9448176d17876617114a65bc,SO54013,5,TT-T092,1,5,9444f850ff0c10a862b4a6a9c4ab0a74
16050,66e56e10b0f528b66a45e307ecdf4774,691ad1b0dca3643b923973defd014d47,SO68578,10,BC-M005,1,10,8eb7a1b0dba9fdd5f4248b9cb6b9119b
16050,66e56e10b0f528b66a45e307ecdf4774,691ad1b0dca3643b923973defd014d47,SO68578,22,FE-6654,1,22,8eb7a1b0dba9fdd5f4248b9cb6b9119b
16050,66e56e10b0f528b66a45e307ecdf4774,691ad1b0dca3643b923973defd014d47,SO68578,5,WB-H098,1,5,8eb7a1b0dba9fdd5f4248b9cb6b9119b
16051,86e0fc464cbb08ae74bd039224afec9a,38c9e5d1e366b4c5c36aae682bc960c4,SO72661,565,BK-M18S-52,1,565,8920fd63645007b243abb750709b1172
16051,da59baff9b2091053d3cbde67efd84ca,7a881e823dfa2748a8124f4b46b643af,SO49686,4364,BK-R89B-52,2,4364,c00c38c95aa9544dce6852b834e4e8ab
16052,4d786e5d2e5c70a53e6895eb52019501,6b775fbfe9534ff161531d4406ebb878,SO49613,4364,BK-R89B-48,2,4364,785a283b263bd599ee5a0c2af80b43b0
16052,8babade0595c11e14dd89058a850f2cd,a048b8d5f3f9178f163e2be055f0138b,SO73876,10,BC-M005,1,10,501407dcfde5b685045ca3072168d5bb
16052,8babade0595c11e14dd89058a850f2cd,a048b8d5f3f9178f163e2be055f0138b,SO73876,540,BK-M18B-44,1,540,501407dcfde5b685045ca3072168d5bb
16053,254d832c83ccdb2c33eab65a4fd196ff,75fe8d7dec9d2a51be64595ab37dc674,SO59509,769,BK-M38S-40,1,769,4a800301260b2639fa1ec3efafb5f86c
16053,254d832c83ccdb2c33eab65a4fd196ff,75fe8d7dec9d2a51be64595ab37dc674,SO59509,150,LJ-0192-S,3,150,4a800301260b2639fa1ec3efafb5f86c
16053,254d832c83ccdb2c33eab65a4fd196ff,75fe8d7dec9d2a51be64595ab37dc674,SO59509,9,SO-R809-L,1,9,4a800301260b2639fa1ec3efafb5f86c
16053,663d11326de76cfa493cc577763c59ee,afdb67129022ab285264def615fa587a,SO46905,4364,BK-R89B-48,2,4364,b9836987c405fca6133a2969f25c7398
16053,9795c57676ee8b8b6ba9a6f9014a520b,c5ed53572c667b119dde2fc0f54de602,SO73759,742,BK-T18U-50,1,742,b0950d12c62d3aeda81b2e8d06f2aef4
16054,04dbdf67bb8714ba18c9c36d50d1f5dc,4cc27df81afd686c0420394e090460cb,SO61981,769,BK-M38S-40,1,769,2ed3972e38245b633ec6b146c2970148
16054,04dbdf67bb8714ba18c9c36d50d1f5dc,4cc27df81afd686c0420394e090460cb,SO61981,22,FE-6654,1,22,2ed3972e38245b633ec6b146c2970148
16054,04dbdf67bb8714ba18c9c36d50d1f5dc,4cc27df81afd686c0420394e090460cb,SO61981,105,HL-U509-B,3,105,2ed3972e38245b633ec6b146c2970148
16054,288d3167bf0dc7676963fa7998052f54,b9edfdebe9fb3fad4862841e57e559d8,SO46750,4364,BK-R89B-52,2,4364,d6cafebfd2db462e512bc5b597cf9232
16054,b0950d12c62d3aeda81b2e8d06f2aef4,e366e24b8ad0b1107528f2f58cd15a81,SO73381,742,BK-T18U-44,1,742,a048b8d5f3f9178f163e2be055f0138b
16054,b0950d12c62d3aeda81b2e8d06f2aef4,e366e24b8ad0b1107528f2f58cd15a81,SO73381,27,CA-1098,3,27,a048b8d5f3f9178f163e2be055f0138b
16055,a2c49941411089cb2a9cbf78cb803c26,73a69a5c77a7d23172e54d7ce07a638e,SO56159,10,BC-M005,1,10,39fe373cdcb4534addde73890415b660
16055,a2c49941411089cb2a9cbf78cb803c26,73a69a5c77a7d23172e54d7ce07a638e,SO56159,22,FE-6654,1,22,39fe373cdcb4534addde73890415b660
16055,a2c49941411089cb2a9cbf78cb803c26,73a69a5c77a7d23172e54d7ce07a638e,SO56159,48,GL-H102-L,2,48,39fe373cdcb4534addde73890415b660
16055,a2c49941411089cb2a9cbf78cb803c26,73a69a5c77a7d23172e54d7ce07a638e,SO56159,5,TT-M928,1,5,39fe373cdcb4534addde73890415b660
16055,a2c49941411089cb2a9cbf78cb803c26,73a69a5c77a7d23172e54d7ce07a638e,SO56159,5,WB-H098,1,5,39fe373cdcb4534addde73890415b660
16056,0001ffe4d82d0d8f9fec5ab0b4faa2db,3dc63b2d6dcc8f0b6720b06b5439a0b1,SO67050,2,PK-7098,1,2,4004a117f65dfd3221a9cce8fce5a45f
16056,0001ffe4d82d0d8f9fec5ab0b4faa2db,3dc63b2d6dcc8f0b6720b06b5439a0b1,SO67050,25,TI-M267,1,25,4004a117f65dfd3221a9cce8fce5a45f
16057,072bf847aeeee970f66483e596496cd9,cfceb7490eff6e660974507be7c579c6,SO52639,105,HL-U509,3,105,dca79d69a6b38e95c4b03bfab997796c
16057,072bf847aeeee970f66483e596496cd9,cfceb7490eff6e660974507be7c579c6,SO52639,5,TT-M928,1,5,dca79d69a6b38e95c4b03bfab997796c
16058,86bfb8ffc7a79e52d833cedce4d275bf,962bae2fb03296a3b9cacabfa929322c,SO70194,22,FE-6654,1,22,ec24e4cf9fcc90f3bbe81b2fb3735c21
16058,86bfb8ffc7a79e52d833cedce4d275bf,962bae2fb03296a3b9cacabfa929322c,SO70194,9,SO-R809-M,1,9,ec24e4cf9fcc90f3bbe81b2fb3735c21
16058,ab4946738415af86b5e3cee69b13301f,ed268f8f3837888893f896b7240f1254,SO57279,2,PK-7098,1,2,fde67888c64f701b59876ec559099b3e
16058,ab4946738415af86b5e3cee69b13301f,ed268f8f3837888893f896b7240f1254,SO57279,5,TT-T092,1,5,fde67888c64f701b59876ec559099b3e
16059,4310d0d92131e34ff2716d85e1953174,90c6314650a0d54fdcabe5cd5406f9af,SO54628,22,FE-6654,1,22,d3c54b4368c62c2ff11535bf2b677170
16059,4310d0d92131e34ff2716d85e1953174,90c6314650a0d54fdcabe5cd5406f9af,SO54628,120,RA-H123,1,120,d3c54b4368c62c2ff11535bf2b677170
16059,4310d0d92131e34ff2716d85e1953174,90c6314650a0d54fdcabe5cd5406f9af,SO54628,5,TT-M928,1,5,d3c54b4368c62c2ff11535bf2b677170
16060,08ff55594d8ca57b756a1953f77ebc89,54d3ba66c5e71d3112695b882ca2030e,SO74957,2,PK-7098,1,2,12092303778fcfa88ed7d284b74c6a6a
16060,08ff55594d8ca57b756a1953f77ebc89,54d3ba66c5e71d3112695b882ca2030e,SO74957,5,TT-M928,1,5,12092303778fcfa88ed7d284b74c6a6a
16061,d4746e41b619da57ee9f1a2e2cc254e8,81a5d08c6beaeec9e42baae5d63dd780,SO64101,565,BK-M18S-52,1,565,23bd9a9b90557e9da7babfb8e3d2df22
16061,d4746e41b619da57ee9f1a2e2cc254e8,81a5d08c6beaeec9e42baae5d63dd780,SO64101,2,PK-7098,1,2,23bd9a9b90557e9da7babfb8e3d2df22
16061,d4746e41b619da57ee9f1a2e2cc254e8,81a5d08c6beaeec9e42baae5d63dd780,SO64101,25,TI-M267,1,25,23bd9a9b90557e9da7babfb8e3d2df22
16062,4c6ed4daa82e7326b84c24f4c2ae7064,b2ce0ef2540789e8a6976165b6c917d8,SO73287,2,PK-7098,1,2,aa14ddbc43aa2d3be1e6ac019bb7b5bc
16062,4c6ed4daa82e7326b84c24f4c2ae7064,b2ce0ef2540789e8a6976165b6c917d8,SO73287,5,TT-M928,1,5,aa14ddbc43aa2d3be1e6ac019bb7b5bc
16063,95103530881768b5cfc7e33970db9cd7,2ed3972e38245b633ec6b146c2970148,SO62423,5,TT-M928,1,5,305c66634c155cab2b5cc3ce00351eb1
16064,9d934f91c460e9947414d00048f2fa36,94b225b5b1f09ecd5e8ecdfb681ff04c,SO65114,2,PK-7098,1,2,3f0c8308e4e2e5c4ddc1b7e19304f613
16064,9d934f91c460e9947414d00048f2fa36,94b225b5b1f09ecd5e8ecdfb681ff04c,SO65114,5,TT-M928,1,5,3f0c8308e4e2e5c4ddc1b7e19304f613
16065,07b7d2aed13a63a16377587dcc0abbe8,02b96ab6e0935145589be4e1408a1675,SO66129,540,BK-M18B-48,1,540,6866da5d40f1aad2d82129d5ffa25bda
16065,07b7d2aed13a63a16377587dcc0abbe8,02b96ab6e0935145589be4e1408a1675,SO66129,2,PK-7098,1,2,6866da5d40f1aad2d82129d5ffa25bda
16065,07b7d2aed13a63a16377587dcc0abbe8,02b96ab6e0935145589be4e1408a1675,SO66129,25,TI-M267,1,25,6866da5d40f1aad2d82129d5ffa25bda
16065,07b7d2aed13a63a16377587dcc0abbe8,02b96ab6e0935145589be4e1408a1675,SO66129,5,TT-M928,1,5,6866da5d40f1aad2d82129d5ffa25bda
16066,05e7920e8caf0303dc01b77666952b75,eea5b3bd1bd5d5c62a1d22f78d3ba263,SO66241,10,BC-M005,1,10,3a2f313512bb520c43971e54ba834dec
16066,05e7920e8caf0303dc01b77666952b75,eea5b3bd1bd5d5c62a1d22f78d3ba263,SO66241,540,BK-M18B-48,1,540,3a2f313512bb520c43971e54ba834dec
16066,05e7920e8caf0303dc01b77666952b75,eea5b3bd1bd5d5c62a1d22f78d3ba263,SO66241,22,FE-6654,1,22,3a2f313512bb520c43971e54ba834dec
16066,05e7920e8caf0303dc01b77666952b75,eea5b3bd1bd5d5c62a1d22f78d3ba263,SO66241,105,HL-U509-B,3,105,3a2f313512bb520c43971e54ba834dec
16066,05e7920e8caf0303dc01b77666952b75,eea5b3bd1bd5d5c62a1d22f78d3ba263,SO66241,5,WB-H098,1,5,3a2f313512bb520c43971e54ba834dec
16067,8d1d4829b2e801ba4e41ba48f5a549d4,a6d37e298c3042e300813f55a17e0875,SO65540,10,BC-M005,1,10,ccf89c691dabb1412404274596922d90
16067,8d1d4829b2e801ba4e41ba48f5a549d4,a6d37e298c3042e300813f55a17e0875,SO65540,565,BK-M18S-44,1,565,ccf89c691dabb1412404274596922d90
16067,8d1d4829b2e801ba4e41ba48f5a549d4,a6d37e298c3042e300813f55a17e0875,SO65540,8,CL-9009,1,8,ccf89c691dabb1412404274596922d90
16067,8d1d4829b2e801ba4e41ba48f5a549d4,a6d37e298c3042e300813f55a17e0875,SO65540,22,FE-6654,1,22,ccf89c691dabb1412404274596922d90
16067,8d1d4829b2e801ba4e41ba48f5a549d4,a6d37e298c3042e300813f55a17e0875,SO65540,55,HY-1023-70,1,55,ccf89c691dabb1412404274596922d90
16067,8d1d4829b2e801ba4e41ba48f5a549d4,a6d37e298c3042e300813f55a17e0875,SO65540,5,WB-H098,1,5,ccf89c691dabb1412404274596922d90
16068,f88b3743a9ce1f9455b6de69380b486a,64cadfde6f66bc25043d0d69f5ae5471,SO66616,10,BC-M005,1,10,3dc63b2d6dcc8f0b6720b06b5439a0b1
16068,f88b3743a9ce1f9455b6de69380b486a,64cadfde6f66bc25043d0d69f5ae5471,SO66616,540,BK-M18B-52,1,540,3dc63b2d6dcc8f0b6720b06b5439a0b1
16068,f88b3743a9ce1f9455b6de69380b486a,64cadfde6f66bc25043d0d69f5ae5471,SO66616,27,CA-1098,3,27,3dc63b2d6dcc8f0b6720b06b5439a0b1
16068,f88b3743a9ce1f9455b6de69380b486a,64cadfde6f66bc25043d0d69f5ae5471,SO66616,5,WB-H098,1,5,3dc63b2d6dcc8f0b6720b06b5439a0b1
16069,05e7920e8caf0303dc01b77666952b75,eea5b3bd1bd5d5c62a1d22f78d3ba263,SO66242,10,BC-M005,1,10,3a2f313512bb520c43971e54ba834dec
16069,05e7920e8caf0303dc01b77666952b75,eea5b3bd1bd5d5c62a1d22f78d3ba263,SO66242,565,BK-M18S-48,1,565,3a2f313512bb520c43971e54ba834dec
16069,05e7920e8caf0303dc01b77666952b75,eea5b3bd1bd5d5c62a1d22f78d3ba263,SO66242,5,WB-H098,1,5,3a2f313512bb520c43971e54ba834dec
16070,d612b5fb3f6011688fb0c9927693365a,3e107cd1554225ea3056ed5010adce90,SO74396,105,HL-U509,3,105,a1e59736d286765313b8212467dc64b2
16070,d612b5fb3f6011688fb0c9927693365a,3e107cd1554225ea3056ed5010adce90,SO74396,5,TT-M928,1,5,a1e59736d286765313b8212467dc64b2
16071,07b7d2aed13a63a16377587dcc0abbe8,02b96ab6e0935145589be4e1408a1675,SO66128,22,FE-6654,1,22,6866da5d40f1aad2d82129d5ffa25bda
16071,07b7d2aed13a63a16377587dcc0abbe8,02b96ab6e0935145589be4e1408a1675,SO66128,105,HL-U509,3,105,6866da5d40f1aad2d82129d5ffa25bda
16071,0e000451f430d2e5b745a08b4ee7836c,9795c57676ee8b8b6ba9a6f9014a520b,SO74350,33,TI-R982,1,33,e4b40b4ba619c72ec5a69caad258d393
16071,0e000451f430d2e5b745a08b4ee7836c,9795c57676ee8b8b6ba9a6f9014a520b,SO74350,4,TT-R982,1,4,e4b40b4ba619c72ec5a69caad258d393
16071,e84848120190a8d0e696fbeb15647a74,fff3c307c93eda1eb91d53ca588846fe,SO70395,10,BC-M005,1,10,f544b472453b297a8b55709fbfd3746d
16072,8eb7a1b0dba9fdd5f4248b9cb6b9119b,9f1ff00ea8fd9fd8f2d421ba5ec45a18,SO68219,2,PK-7098,1,2,c7390752782466cfc9a3ed7d3a79e046
16072,8eb7a1b0dba9fdd5f4248b9cb6b9119b,9f1ff00ea8fd9fd8f2d421ba5ec45a18,SO68219,159,ST-1401,1,159,c7390752782466cfc9a3ed7d3a79e046
16072,8eb7a1b0dba9fdd5f4248b9cb6b9119b,9f1ff00ea8fd9fd8f2d421ba5ec45a18,SO68219,5,TT-M928,1,5,c7390752782466cfc9a3ed7d3a79e046
16073,aa14ddbc43aa2d3be1e6ac019bb7b5bc,dcf73f840a50da0145f24e8e0169dc4b,SO72882,48,GL-H102-M,2,48,a6f2945baeceeef4c8d541a22f6e99e9
16073,aa14ddbc43aa2d3be1e6ac019bb7b5bc,dcf73f840a50da0145f24e8e0169dc4b,SO72882,105,HL-U509,3,105,a6f2945baeceeef4c8d541a22f6e99e9
16073,aa14ddbc43aa2d3be1e6ac019bb7b5bc,dcf73f840a50da0145f24e8e0169dc4b,SO72882,5,TT-M928,1,5,a6f2945baeceeef4c8d541a22f6e99e9
16074,debbb2493c6588799fc787e1854bcda5,40883861f6e25a2e09e848a7891f4f38,SO58096,105,HL-U509-R,3,105,0814775cfc25da756a9b4197347ab771
16074,debbb2493c6588799fc787e1854bcda5,40883861f6e25a2e09e848a7891f4f38,SO58096,5,TT-M928,1,5,0814775cfc25da756a9b4197347ab771
16075,83d1ed00595e79ee5ea3797e97970fe8,fe1fd19c021e78ec395980c2e347865e,SO69192,2,PK-7098,1,2,705fa39ab40831529471c768490339ab
16075,83d1ed00595e79ee5ea3797e97970fe8,fe1fd19c021e78ec395980c2e347865e,SO69192,5,TT-M928,1,5,705fa39ab40831529471c768490339ab
16076,01e8942a5792053a553c4612bd6c06a6,6583882ca853d66524856501b27519f5,SO74705,2,PK-7098,1,2,722dc621a1a56555843f574144bfcdf0
16076,01e8942a5792053a553c4612bd6c06a6,6583882ca853d66524856501b27519f5,SO74705,5,TT-M928,1,5,722dc621a1a56555843f574144bfcdf0
16077,cd15e5f80ff20dd345bfaa51400dd0d6,3a2f313512bb520c43971e54ba834dec,SO66686,4640,BK-M68S-42,2,4640,4efe8b2ca156042f8a3d8dd6aba54520
16077,cd15e5f80ff20dd345bfaa51400dd0d6,3a2f313512bb520c43971e54ba834dec,SO66686,22,FE-6654,1,22,4efe8b2ca156042f8a3d8dd6aba54520
16077,cd15e5f80ff20dd345bfaa51400dd0d6,3a2f313512bb520c43971e54ba834dec,SO66686,48,GL-H102-M,2,48,4efe8b2ca156042f8a3d8dd6aba54520
16077,cd15e5f80ff20dd345bfaa51400dd0d6,3a2f313512bb520c43971e54ba834dec,SO66686,105,HL-U509,3,105,4efe8b2ca156042f8a3d8dd6aba54520
16078,dfcee565bb2da80a7b76451a5cd314a1,6582aa26281b9a92ad60e6a03e274c00,SO66189,10,BC-M005,1,10,64cadfde6f66bc25043d0d69f5ae5471
16078,dfcee565bb2da80a7b76451a5cd314a1,6582aa26281b9a92ad60e6a03e274c00,SO66189,4640,BK-M68S-38,2,4640,64cadfde6f66bc25043d0d69f5ae5471
16078,dfcee565bb2da80a7b76451a5cd314a1,6582aa26281b9a92ad60e6a03e274c00,SO66189,27,CA-1098,3,27,64cadfde6f66bc25043d0d69f5ae5471
16078,dfcee565bb2da80a7b76451a5cd314a1,6582aa26281b9a92ad60e6a03e274c00,SO66189,35,TI-M823,1,35,64cadfde6f66bc25043d0d69f5ae5471
16078,dfcee565bb2da80a7b76451a5cd314a1,6582aa26281b9a92ad60e6a03e274c00,SO66189,5,TT-M928,1,5,64cadfde6f66bc25043d0d69f5ae5471
16078,dfcee565bb2da80a7b76451a5cd314a1,6582aa26281b9a92ad60e6a03e274c00,SO66189,5,WB-H098,1,5,64cadfde6f66bc25043d0d69f5ae5471
16079,e82ca4c6beebe812f10fa1041b97a160,9d934f91c460e9947414d00048f2fa36,SO66053,4590,BK-M68B-46,2,4590,6d1d8a1c7851eb5a946d45009cea6d9f
16079,e82ca4c6beebe812f10fa1041b97a160,9d934f91c460e9947414d00048f2fa36,SO66053,8,CL-9009,1,8,6d1d8a1c7851eb5a946d45009cea6d9f
16079,e82ca4c6beebe812f10fa1041b97a160,9d934f91c460e9947414d00048f2fa36,SO66053,22,FE-6654,1,22,6d1d8a1c7851eb5a946d45009cea6d9f
16080,6ef7b4bb93d4e54234cf965ed2334682,ccf89c691dabb1412404274596922d90,SO65996,540,BK-M18B-40,1,540,93ddc10d6cf61153011df052aa76671f
16080,6ef7b4bb93d4e54234cf965ed2334682,ccf89c691dabb1412404274596922d90,SO65996,2,PK-7098,1,2,93ddc10d6cf61153011df052aa76671f
16080,6ef7b4bb93d4e54234cf965ed2334682,ccf89c691dabb1412404274596922d90,SO65996,25,TI-M267,1,25,93ddc10d6cf61153011df052aa76671f
16081,83d1ed00595e79ee5ea3797e97970fe8,fe1fd19c021e78ec395980c2e347865e,SO69220,4640,BK-M68S-38,2,4640,705fa39ab40831529471c768490339ab
16082,0383d48e76cd8a3dfb9e2a890f2cac18,d6fb379288416774d139632beb88e26b,SO60984,105,HL-U509,3,105,883b9b4170853b321c03290f64ba199f
16082,0383d48e76cd8a3dfb9e2a890f2cac18,d6fb379288416774d139632beb88e26b,SO60984,5,TT-M928,1,5,883b9b4170853b321c03290f64ba199f
16083,39ff8ac1e8a44088f96e17b846ec8baf,9a95fdf4e925d9cbd65f87b5aa4ac212,SO60416,540,BK-M18B-42,1,540,c926349b55a58d87d7d5008c349fd1e9
16083,39ff8ac1e8a44088f96e17b846ec8baf,9a95fdf4e925d9cbd65f87b5aa4ac212,SO60416,22,FE-6654,1,22,c926349b55a58d87d7d5008c349fd1e9
16084,5432d51ee94799c0125bb158c8a8bd22,545a3d56d20b22e09aa85bfa5ed8738d,SO73137,5,TT-M928,1,5,9592b44e2c3f304a9875f45537bec6eb
16085,2becb9647677a1a316b388bbad689580,013f173c58073e845f675d26fdde1918,SO61393,105,HL-U509-R,3,105,0383d48e76cd8a3dfb9e2a890f2cac18
16085,2becb9647677a1a316b388bbad689580,013f173c58073e845f675d26fdde1918,SO61393,33,TI-R982,1,33,0383d48e76cd8a3dfb9e2a890f2cac18
16085,2becb9647677a1a316b388bbad689580,013f173c58073e845f675d26fdde1918,SO61393,4,TT-R982,1,4,0383d48e76cd8a3dfb9e2a890f2cac18
16085,3ebfce6ccd7540a632ae7e6ad8100c29,d630b2db6e8046e30b4728ca862ba4e1,SO59373,22,FE-6654,1,22,df595e3c678d4fae23ce174fe747165e
16085,3ebfce6ccd7540a632ae7e6ad8100c29,d630b2db6e8046e30b4728ca862ba4e1,SO59373,105,HL-U509-B,3,105,df595e3c678d4fae23ce174fe747165e
16085,dca79d69a6b38e95c4b03bfab997796c,e5bf4a4a03e320ed76cf2ca68fa5b4c0,SO52383,10,BC-M005,1,10,9f79f7706bc6a7654ef0b8977966f69a
16085,dca79d69a6b38e95c4b03bfab997796c,e5bf4a4a03e320ed76cf2ca68fa5b4c0,SO52383,5,WB-H098,1,5,9f79f7706bc6a7654ef0b8977966f69a
16086,fff3c307c93eda1eb91d53ca588846fe,4584ca349e0920f4436a3c2f36158b85,SO69369,10,BC-M005,1,10,70951886788165a5e2439adfce4d0cce
16086,fff3c307c93eda1eb91d53ca588846fe,4584ca349e0920f4436a3c2f36158b85,SO69369,4640,BK-M68S-38,2,4640,70951886788165a5e2439adfce4d0cce
16086,fff3c307c93eda1eb91d53ca588846fe,4584ca349e0920f4436a3c2f36158b85,SO69369,22,FE-6654,1,22,70951886788165a5e2439adfce4d0cce
16086,fff3c307c93eda1eb91d53ca588846fe,4584ca349e0920f4436a3c2f36158b85,SO69369,55,HY-1023-70,1,55,70951886788165a5e2439adfce4d0cce
16087,fe1fd19c021e78ec395980c2e347865e,16e364d19895243407b256ec272d5394,SO68380,4590,BK-M68B-42,2,4590,63efdd3324df66c9965bd622cdebe06a
16087,fe1fd19c021e78ec395980c2e347865e,16e364d19895243407b256ec272d5394,SO68380,105,HL-U509-R,3,105,63efdd3324df66c9965bd622cdebe06a
16087,fe1fd19c021e78ec395980c2e347865e,16e364d19895243407b256ec272d5394,SO68380,35,TI-M823,1,35,63efdd3324df66c9965bd622cdebe06a
16087,fe1fd19c021e78ec395980c2e347865e,16e364d19895243407b256ec272d5394,SO68380,5,TT-M928,1,5,63efdd3324df66c9965bd622cdebe06a
16088,244cede513841376c37dc856f2f5e7b9,5e1b952a22eccca86f7f056a9efb42a4,SO58380,2,PK-7098,1,2,debbb2493c6588799fc787e1854bcda5
16088,244cede513841376c37dc856f2f5e7b9,5e1b952a22eccca86f7f056a9efb42a4,SO58380,5,TT-M928,1,5,debbb2493c6588799fc787e1854bcda5
16089,174acf6ca4e9804d47a59a499422e621,5abaefcc8525a8f4cfd95cba9e926532,SO58328,22,FE-6654,1,22,eba6cab7267f82e3b2a063d5ea445bb9
16089,174acf6ca4e9804d47a59a499422e621,5abaefcc8525a8f4cfd95cba9e926532,SO58328,159,ST-1401,1,159,eba6cab7267f82e3b2a063d5ea445bb9
16089,962bae2fb03296a3b9cacabfa929322c,0da2bc000f1fe4ea8746f9aea0bb5879,SO69108,105,HL-U509-R,3,105,c4369eefdf9bb8a3f9115e96b40aaf17
16089,962bae2fb03296a3b9cacabfa929322c,0da2bc000f1fe4ea8746f9aea0bb5879,SO69108,33,TI-R982,1,33,c4369eefdf9bb8a3f9115e96b40aaf17
16089,99c8f306659fd98cbb9d7f03ec0c2a7a,705fa39ab40831529471c768490339ab,SO69884,10,BC-M005,1,10,fff3c307c93eda1eb91d53ca588846fe
16089,99c8f306659fd98cbb9d7f03ec0c2a7a,705fa39ab40831529471c768490339ab,SO69884,48,GL-H102-M,2,48,fff3c307c93eda1eb91d53ca588846fe
16089,99c8f306659fd98cbb9d7f03ec0c2a7a,705fa39ab40831529471c768490339ab,SO69884,54,SJ-0194-X,1,54,fff3c307c93eda1eb91d53ca588846fe
16089,99c8f306659fd98cbb9d7f03ec0c2a7a,705fa39ab40831529471c768490339ab,SO69884,5,WB-H098,1,5,fff3c307c93eda1eb91d53ca588846fe
16090,c135545cc3f3a739132ffdbc8096f3d4,36ab6f1df21f3c9a169c8942e981959a,SO68440,540,BK-M18B-52,1,540,511572e8a25e86c2f48ae9e6d73a1e6a
16090,c135545cc3f3a739132ffdbc8096f3d4,36ab6f1df21f3c9a169c8942e981959a,SO68440,105,HL-U509-R,3,105,511572e8a25e86c2f48ae9e6d73a1e6a
16090,c135545cc3f3a739132ffdbc8096f3d4,36ab6f1df21f3c9a169c8942e981959a,SO68440,25,TI-M267,1,25,511572e8a25e86c2f48ae9e6d73a1e6a
16090,c135545cc3f3a739132ffdbc8096f3d4,36ab6f1df21f3c9a169c8942e981959a,SO68440,5,TT-M928,1,5,511572e8a25e86c2f48ae9e6d73a1e6a
16091,eef21e68ecca703bb338920b950f203c,f108e0cd2f96a0c22086f9d45ee08f19,SO60912,105,HL-U509-R,3,105,b21e833d3ead6056f1265f13fe1ff015
16091,eef21e68ecca703bb338920b950f203c,f108e0cd2f96a0c22086f9d45ee08f19,SO60912,5,TT-M928,1,5,b21e833d3ead6056f1265f13fe1ff015
16092,a1d0c0a14c6c8f8a8ef8220209c23a64,05e7920e8caf0303dc01b77666952b75,SO66971,2,PK-7098,1,2,cd15e5f80ff20dd345bfaa51400dd0d6
16092,a1d0c0a14c6c8f8a8ef8220209c23a64,05e7920e8caf0303dc01b77666952b75,SO66971,5,TT-M928,1,5,cd15e5f80ff20dd345bfaa51400dd0d6
16093,8e8847c1bdf012037ee13bb62da8a5c1,c507827aa5f4f6bbedf64058461c621b,SO67237,10,BC-M005,1,10,6dd75c28a9a8a39e02bc0a175f82a9f3
16093,8e8847c1bdf012037ee13bb62da8a5c1,c507827aa5f4f6bbedf64058461c621b,SO67237,540,BK-M18B-44,1,540,6dd75c28a9a8a39e02bc0a175f82a9f3
16093,8e8847c1bdf012037ee13bb62da8a5c1,c507827aa5f4f6bbedf64058461c621b,SO67237,5,WB-H098,1,5,6dd75c28a9a8a39e02bc0a175f82a9f3
16094,4efe8b2ca156042f8a3d8dd6aba54520,e2f0a420a4c1a9e8e292761f835e0489,SO66351,540,BK-M18B-40,1,540,e82ca4c6beebe812f10fa1041b97a160
16094,4efe8b2ca156042f8a3d8dd6aba54520,e2f0a420a4c1a9e8e292761f835e0489,SO66351,2,PK-7098,1,2,e82ca4c6beebe812f10fa1041b97a160
16094,4efe8b2ca156042f8a3d8dd6aba54520,e2f0a420a4c1a9e8e292761f835e0489,SO66351,25,TI-M267,1,25,e82ca4c6beebe812f10fa1041b97a160
16095,c7390752782466cfc9a3ed7d3a79e046,0001ffe4d82d0d8f9fec5ab0b4faa2db,SO67941,4590,BK-M68B-46,2,4590,16e364d19895243407b256ec272d5394
16095,c7390752782466cfc9a3ed7d3a79e046,0001ffe4d82d0d8f9fec5ab0b4faa2db,SO67941,35,TI-M823,1,35,16e364d19895243407b256ec272d5394
16096,41464bd548f06ca845208f69df30ac82,15aceb75d86814cb479f1b1a9487c3d4,SO53704,22,FE-6654,1,22,3e48b2167bd86ef570e46d0b286c4f74
16096,41464bd548f06ca845208f69df30ac82,15aceb75d86814cb479f1b1a9487c3d4,SO53704,150,LJ-0192-L,3,150,3e48b2167bd86ef570e46d0b286c4f74
16096,41464bd548f06ca845208f69df30ac82,15aceb75d86814cb479f1b1a9487c3d4,SO53704,9,SO-R809-L,1,9,3e48b2167bd86ef570e46d0b286c4f74
16096,962bae2fb03296a3b9cacabfa929322c,0da2bc000f1fe4ea8746f9aea0bb5879,SO69109,10,BC-M005,1,10,c4369eefdf9bb8a3f9115e96b40aaf17
16096,962bae2fb03296a3b9cacabfa929322c,0da2bc000f1fe4ea8746f9aea0bb5879,SO69109,9,SO-R809-M,1,9,c4369eefdf9bb8a3f9115e96b40aaf17
16096,962bae2fb03296a3b9cacabfa929322c,0da2bc000f1fe4ea8746f9aea0bb5879,SO69109,5,WB-H098,1,5,c4369eefdf9bb8a3f9115e96b40aaf17
16096,a189cc17a15cdb4e39e80dfcd8374c76,b0b2c17e5682f78d8fc262463fd0a4f3,SO58656,48,GL-H102-M,2,48,244cede513841376c37dc856f2f5e7b9
16096,a189cc17a15cdb4e39e80dfcd8374c76,b0b2c17e5682f78d8fc262463fd0a4f3,SO58656,150,LJ-0192-X,3,150,244cede513841376c37dc856f2f5e7b9
16096,a189cc17a15cdb4e39e80dfcd8374c76,b0b2c17e5682f78d8fc262463fd0a4f3,SO58656,33,TI-R982,1,33,244cede513841376c37dc856f2f5e7b9
16097,0dc34ca2aaa8612cde077f1880b78b25,361e2c62255e0c1887ac2139911ca300,SO52489,33,TI-R982,1,33,7f026edc73bd4602381834e9b850d6c2
16097,0dc34ca2aaa8612cde077f1880b78b25,361e2c62255e0c1887ac2139911ca300,SO52489,4,TT-R982,1,4,7f026edc73bd4602381834e9b850d6c2
16097,8dd08d219271ec96c543f486de430703,d53f9d33cac0a297449a74a10d031570,SO62329,22,FE-6654,1,22,04dbdf67bb8714ba18c9c36d50d1f5dc
16097,8dd08d219271ec96c543f486de430703,d53f9d33cac0a297449a74a10d031570,SO62329,105,HL-U509-B,3,105,04dbdf67bb8714ba18c9c36d50d1f5dc
16097,db2b287636ac5ebda430de4f3f643b24,7af7abc5e37d5fa2e2334b4fec2584e2,SO51987,10,BC-M005,1,10,bee2b842cd357511cf4c8e509f5af192
16098,94b225b5b1f09ecd5e8ecdfb681ff04c,03bf7d2a8718ee9aca4bd2f37e962fc4,SO64355,10,BC-M005,1,10,61e00b038efd34bdf9c747596273cbcf
16098,94b225b5b1f09ecd5e8ecdfb681ff04c,03bf7d2a8718ee9aca4bd2f37e962fc4,SO64355,4590,BK-M68B-38,2,4590,61e00b038efd34bdf9c747596273cbcf
16098,94b225b5b1f09ecd5e8ecdfb681ff04c,03bf7d2a8718ee9aca4bd2f37e962fc4,SO64355,105,HL-U509-R,3,105,61e00b038efd34bdf9c747596273cbcf
16098,94b225b5b1f09ecd5e8ecdfb681ff04c,03bf7d2a8718ee9aca4bd2f37e962fc4,SO64355,5,WB-H098,1,5,61e00b038efd34bdf9c747596273cbcf
16098,eedd9be5500334505ed9d4aef801ac3d,679eed5d77e30211eb990c0c13145df3,SO51613,9,BC-R205,1,9,7af7abc5e37d5fa2e2334b4fec2584e2
16098,eedd9be5500334505ed9d4aef801ac3d,679eed5d77e30211eb990c0c13145df3,SO51613,742,BK-T18U-50,1,742,7af7abc5e37d5fa2e2334b4fec2584e2
16098,eedd9be5500334505ed9d4aef801ac3d,679eed5d77e30211eb990c0c13145df3,SO51613,5,WB-H098,1,5,7af7abc5e37d5fa2e2334b4fec2584e2
16099,0d3057f268050d468f468434f8ec809a,fd5ba6fdeb81e07b2caf0b103489bd8d,SO71972,105,HL-U509-B,3,105,921bc92a493b53f98f24e6a8a12801be
16099,0d3057f268050d468f468434f8ec809a,fd5ba6fdeb81e07b2caf0b103489bd8d,SO71972,150,LJ-0192-S,3,150,921bc92a493b53f98f24e6a8a12801be
16099,0d3057f268050d468f468434f8ec809a,fd5ba6fdeb81e07b2caf0b103489bd8d,SO71972,5,TT-M928,1,5,921bc92a493b53f98f24e6a8a12801be
16100,7e15f50bd26e439e6a22f5205a8064db,a1d0c0a14c6c8f8a8ef8220209c23a64,SO67885,10,BC-M005,1,10,702a02712215141594ddf8e52b0a651c
16100,7e15f50bd26e439e6a22f5205a8064db,a1d0c0a14c6c8f8a8ef8220209c23a64,SO67885,4640,BK-M68S-42,2,4640,702a02712215141594ddf8e52b0a651c
16100,7e15f50bd26e439e6a22f5205a8064db,a1d0c0a14c6c8f8a8ef8220209c23a64,SO67885,105,HL-U509-B,3,105,702a02712215141594ddf8e52b0a651c
16100,7e15f50bd26e439e6a22f5205a8064db,a1d0c0a14c6c8f8a8ef8220209c23a64,SO67885,5,WB-H098,1,5,702a02712215141594ddf8e52b0a651c
16101,fe1fd19c021e78ec395980c2e347865e,16e364d19895243407b256ec272d5394,SO68381,4640,BK-M68S-46,2,4640,63efdd3324df66c9965bd622cdebe06a
16101,fe1fd19c021e78ec395980c2e347865e,16e364d19895243407b256ec272d5394,SO68381,2,PK-7098,1,2,63efdd3324df66c9965bd622cdebe06a
16102,4004a117f65dfd3221a9cce8fce5a45f,6ef7b4bb93d4e54234cf965ed2334682,SO66736,10,BC-M005,1,10,0120f4004ede1143c3be6caa4227affe
16102,4004a117f65dfd3221a9cce8fce5a45f,6ef7b4bb93d4e54234cf965ed2334682,SO66736,540,BK-M18B-48,1,540,0120f4004ede1143c3be6caa4227affe
16102,4004a117f65dfd3221a9cce8fce5a45f,6ef7b4bb93d4e54234cf965ed2334682,SO66736,27,CA-1098,3,27,0120f4004ede1143c3be6caa4227affe
16102,4004a117f65dfd3221a9cce8fce5a45f,6ef7b4bb93d4e54234cf965ed2334682,SO66736,5,WB-H098,1,5,0120f4004ede1143c3be6caa4227affe
16103,6d44506d59926d8d13d35f75d97f2a64,deff8ad81a213d1110c1f409a7f40fcd,SO53443,742,BK-T18U-50,1,742,f476906875bc5d9abe836b4ea1f485c1
16103,6d44506d59926d8d13d35f75d97f2a64,deff8ad81a213d1110c1f409a7f40fcd,SO53443,150,LJ-0192-X,3,150,f476906875bc5d9abe836b4ea1f485c1
16103,8c9ec1be720ee75d56d0c250d10610fa,16918840d98f27ce45948fe73dd5592f,SO63668,4590,BK-M68B-42,2,4590,81a5d08c6beaeec9e42baae5d63dd780
16103,8c9ec1be720ee75d56d0c250d10610fa,16918840d98f27ce45948fe73dd5592f,SO63668,55,HY-1023-70,1,55,81a5d08c6beaeec9e42baae5d63dd780
16104,fff3c307c93eda1eb91d53ca588846fe,4584ca349e0920f4436a3c2f36158b85,SO69370,4640,BK-M68S-42,2,4640,70951886788165a5e2439adfce4d0cce
16104,fff3c307c93eda1eb91d53ca588846fe,4584ca349e0920f4436a3c2f36158b85,SO69370,55,HY-1023-70,1,55,70951886788165a5e2439adfce4d0cce
16104,fff3c307c93eda1eb91d53ca588846fe,4584ca349e0920f4436a3c2f36158b85,SO69370,35,TI-M823,1,35,70951886788165a5e2439adfce4d0cce
16104,fff3c307c93eda1eb91d53ca588846fe,4584ca349e0920f4436a3c2f36158b85,SO69370,5,TT-M928,1,5,70951886788165a5e2439adfce4d0cce
16105,de5009f9bf3e9725d2381f4a5e913111,2296af5563b2061aa1d88124a37eecb7,SO67388,10,BC-M005,1,10,a1d0c0a14c6c8f8a8ef8220209c23a64
16105,de5009f9bf3e9725d2381f4a5e913111,2296af5563b2061aa1d88124a37eecb7,SO67388,4590,BK-M68B-42,2,4590,a1d0c0a14c6c8f8a8ef8220209c23a64
16105,de5009f9bf3e9725d2381f4a5e913111,2296af5563b2061aa1d88124a37eecb7,SO67388,22,FE-6654,1,22,a1d0c0a14c6c8f8a8ef8220209c23a64
16105,de5009f9bf3e9725d2381f4a5e913111,2296af5563b2061aa1d88124a37eecb7,SO67388,105,HL-U509-R,3,105,a1d0c0a14c6c8f8a8ef8220209c23a64
16106,545a3d56d20b22e09aa85bfa5ed8738d,31c99d724c1f182c60edb82eb4740277,SO72205,33,TI-R982,1,33,a9cd7a99d71cca9cb644010050374ade
16106,6cf9e035d2f1d8ffe1b9f2f96a9e7a3a,982b3b4109cce5d4e5bf1fcbe0ae259b,SO74632,10,BC-M005,1,10,db10519e66d9a7b809b91935ad1a696d
16106,6cf9e035d2f1d8ffe1b9f2f96a9e7a3a,982b3b4109cce5d4e5bf1fcbe0ae259b,SO74632,27,CA-1098,3,27,db10519e66d9a7b809b91935ad1a696d
16106,6cf9e035d2f1d8ffe1b9f2f96a9e7a3a,982b3b4109cce5d4e5bf1fcbe0ae259b,SO74632,5,WB-H098,1,5,db10519e66d9a7b809b91935ad1a696d
16106,7254e54716fe52361e62aa16ea2e0797,6eaadc1181f307997dc853d9ed40db36,SO59446,10,BC-M005,1,10,e7df1b3ee078bdcfc260a877f321287d
16106,7254e54716fe52361e62aa16ea2e0797,6eaadc1181f307997dc853d9ed40db36,SO59446,27,CA-1098,3,27,e7df1b3ee078bdcfc260a877f321287d
16106,7254e54716fe52361e62aa16ea2e0797,6eaadc1181f307997dc853d9ed40db36,SO59446,22,FE-6654,1,22,e7df1b3ee078bdcfc260a877f321287d
16106,7254e54716fe52361e62aa16ea2e0797,6eaadc1181f307997dc853d9ed40db36,SO59446,55,HY-1023-70,1,55,e7df1b3ee078bdcfc260a877f321287d
16106,7254e54716fe52361e62aa16ea2e0797,6eaadc1181f307997dc853d9ed40db36,SO59446,5,WB-H098,1,5,e7df1b3ee078bdcfc260a877f321287d
16107,b0b2c17e5682f78d8fc262463fd0a4f3,375bde15092f45652b6398c1dff650d0,SO57985,105,HL-U509,3,105,5e1b952a22eccca86f7f056a9efb42a4
16107,b0b2c17e5682f78d8fc262463fd0a4f3,375bde15092f45652b6398c1dff650d0,SO57985,5,TT-M928,1,5,5e1b952a22eccca86f7f056a9efb42a4
16108,e5114f65ece65e14e7b721dab1e674e0,c7390752782466cfc9a3ed7d3a79e046,SO68715,10,BC-M005,1,10,fe1fd19c021e78ec395980c2e347865e
16108,e5114f65ece65e14e7b721dab1e674e0,c7390752782466cfc9a3ed7d3a79e046,SO68715,565,BK-M18S-42,1,565,fe1fd19c021e78ec395980c2e347865e
16108,e5114f65ece65e14e7b721dab1e674e0,c7390752782466cfc9a3ed7d3a79e046,SO68715,54,SJ-0194-S,1,54,fe1fd19c021e78ec395980c2e347865e
16108,e5114f65ece65e14e7b721dab1e674e0,c7390752782466cfc9a3ed7d3a79e046,SO68715,5,WB-H098,1,5,fe1fd19c021e78ec395980c2e347865e
16109,962bae2fb03296a3b9cacabfa929322c,0da2bc000f1fe4ea8746f9aea0bb5879,SO69128,540,BK-M18B-44,1,540,c4369eefdf9bb8a3f9115e96b40aaf17
16109,962bae2fb03296a3b9cacabfa929322c,0da2bc000f1fe4ea8746f9aea0bb5879,SO69128,27,CA-1098,3,27,c4369eefdf9bb8a3f9115e96b40aaf17
16110,3fe686907939d07097f6c87f08025422,8eb7a1b0dba9fdd5f4248b9cb6b9119b,SO69056,565,BK-M18S-40,1,565,e5114f65ece65e14e7b721dab1e674e0
16110,3fe686907939d07097f6c87f08025422,8eb7a1b0dba9fdd5f4248b9cb6b9119b,SO69056,22,FE-6654,1,22,e5114f65ece65e14e7b721dab1e674e0
16110,3fe686907939d07097f6c87f08025422,8eb7a1b0dba9fdd5f4248b9cb6b9119b,SO69056,64,VE-C304-M,1,64,e5114f65ece65e14e7b721dab1e674e0
16111,691ad1b0dca3643b923973defd014d47,6dd75c28a9a8a39e02bc0a175f82a9f3,SO67819,10,BC-M005,1,10,9f1ff00ea8fd9fd8f2d421ba5ec45a18
16111,691ad1b0dca3643b923973defd014d47,6dd75c28a9a8a39e02bc0a175f82a9f3,SO67819,4590,BK-M68B-42,2,4590,9f1ff00ea8fd9fd8f2d421ba5ec45a18
16111,691ad1b0dca3643b923973defd014d47,6dd75c28a9a8a39e02bc0a175f82a9f3,SO67819,22,FE-6654,1,22,9f1ff00ea8fd9fd8f2d421ba5ec45a18
16111,691ad1b0dca3643b923973defd014d47,6dd75c28a9a8a39e02bc0a175f82a9f3,SO67819,9,SO-R809-L,1,9,9f1ff00ea8fd9fd8f2d421ba5ec45a18
16111,691ad1b0dca3643b923973defd014d47,6dd75c28a9a8a39e02bc0a175f82a9f3,SO67819,5,WB-H098,1,5,9f1ff00ea8fd9fd8f2d421ba5ec45a18
16112,702a02712215141594ddf8e52b0a651c,cd15e5f80ff20dd345bfaa51400dd0d6,SO67546,10,BC-M005,1,10,caa707f97407c07371136aaf471a91d4
16112,702a02712215141594ddf8e52b0a651c,cd15e5f80ff20dd345bfaa51400dd0d6,SO67546,4590,BK-M68B-38,2,4590,caa707f97407c07371136aaf471a91d4
16112,702a02712215141594ddf8e52b0a651c,cd15e5f80ff20dd345bfaa51400dd0d6,SO67546,64,VE-C304-S,1,64,caa707f97407c07371136aaf471a91d4
16112,702a02712215141594ddf8e52b0a651c,cd15e5f80ff20dd345bfaa51400dd0d6,SO67546,5,WB-H098,1,5,caa707f97407c07371136aaf471a91d4
16113,8eb7a1b0dba9fdd5f4248b9cb6b9119b,9f1ff00ea8fd9fd8f2d421ba5ec45a18,SO68249,4590,BK-M68B-38,2,4590,c7390752782466cfc9a3ed7d3a79e046
16113,8eb7a1b0dba9fdd5f4248b9cb6b9119b,9f1ff00ea8fd9fd8f2d421ba5ec45a18,SO68249,22,FE-6654,1,22,c7390752782466cfc9a3ed7d3a79e046
16113,8eb7a1b0dba9fdd5f4248b9cb6b9119b,9f1ff00ea8fd9fd8f2d421ba5ec45a18,SO68249,105,HL-U509-B,3,105,c7390752782466cfc9a3ed7d3a79e046
16113,8eb7a1b0dba9fdd5f4248b9cb6b9119b,9f1ff00ea8fd9fd8f2d421ba5ec45a18,SO68249,35,TI-M823,1,35,c7390752782466cfc9a3ed7d3a79e046
16113,8eb7a1b0dba9fdd5f4248b9cb6b9119b,9f1ff00ea8fd9fd8f2d421ba5ec45a18,SO68249,5,TT-M928,1,5,c7390752782466cfc9a3ed7d3a79e046
16114,66e56e10b0f528b66a45e307ecdf4774,691ad1b0dca3643b923973defd014d47,SO68598,4640,BK-M68S-42,2,4640,8eb7a1b0dba9fdd5f4248b9cb6b9119b
16115,d8a4ea0dc4237ee8690ee37b3902fd0e,0c8ff735cb2b05718573c08173335fd4,SO55161,2,PK-7098,1,2,fef3080ec197edd1a04bb18afd31d16d
16115,d8a4ea0dc4237ee8690ee37b3902fd0e,0c8ff735cb2b05718573c08173335fd4,SO55161,5,TT-M928,1,5,fef3080ec197edd1a04bb18afd31d16d
16116,962bae2fb03296a3b9cacabfa929322c,0da2bc000f1fe4ea8746f9aea0bb5879,SO69133,4640,BK-M68S-38,2,4640,c4369eefdf9bb8a3f9115e96b40aaf17
16116,962bae2fb03296a3b9cacabfa929322c,0da2bc000f1fe4ea8746f9aea0bb5879,SO69133,22,FE-6654,1,22,c4369eefdf9bb8a3f9115e96b40aaf17
16117,31c99d724c1f182c60edb82eb4740277,e84848120190a8d0e696fbeb15647a74,SO71238,22,FE-6654,1,22,3db19f5f710f10e90ecc7154c649d60a
16117,31c99d724c1f182c60edb82eb4740277,e84848120190a8d0e696fbeb15647a74,SO71238,48,GL-H102-S,2,48,3db19f5f710f10e90ecc7154c649d60a
16117,31c99d724c1f182c60edb82eb4740277,e84848120190a8d0e696fbeb15647a74,SO71238,105,HL-U509-R,3,105,3db19f5f710f10e90ecc7154c649d60a
16117,31c99d724c1f182c60edb82eb4740277,e84848120190a8d0e696fbeb15647a74,SO71238,5,TT-M928,1,5,3db19f5f710f10e90ecc7154c649d60a
16118,705fa39ab40831529471c768490339ab,63efdd3324df66c9965bd622cdebe06a,SO68858,4640,BK-M68S-46,2,4640,4584ca349e0920f4436a3c2f36158b85
16118,705fa39ab40831529471c768490339ab,63efdd3324df66c9965bd622cdebe06a,SO68858,8,CL-9009,1,8,4584ca349e0920f4436a3c2f36158b85
16118,705fa39ab40831529471c768490339ab,63efdd3324df66c9965bd622cdebe06a,SO68858,22,FE-6654,1,22,4584ca349e0920f4436a3c2f36158b85
16118,705fa39ab40831529471c768490339ab,63efdd3324df66c9965bd622cdebe06a,SO68858,55,HY-1023-70,1,55,4584ca349e0920f4436a3c2f36158b85
16118,705fa39ab40831529471c768490339ab,63efdd3324df66c9965bd622cdebe06a,SO68858,159,ST-1401,1,159,4584ca349e0920f4436a3c2f36158b85
16119,f5933feadc49c253e4f0e77b236946e9,0b80ce5eab877cae9997209e0bee6e60,SO52435,9,SO-R809-L,1,9,b8cc77f0099ae7d3a20b9f0b74d70b12
16119,f5933feadc49c253e4f0e77b236946e9,0b80ce5eab877cae9997209e0bee6e60,SO52435,5,TT-M928,1,5,b8cc77f0099ae7d3a20b9f0b74d70b12
16120,331afa0aff1b1cfbf3d24944ab38c9d2,c885741a5e3e55c84950327011b70289,SO69686,2,PK-7098,1,2,962bae2fb03296a3b9cacabfa929322c
16120,331afa0aff1b1cfbf3d24944ab38c9d2,c885741a5e3e55c84950327011b70289,SO69686,5,TT-M928,1,5,962bae2fb03296a3b9cacabfa929322c
16121,128ee9ff420de424a605a0ee4a6f7916,fee8e08233f3f00450bce31967abb0f1,SO71405,565,BK-M18S-52,1,565,2797a91b25bc2aa85124c99bc574dc83
16121,128ee9ff420de424a605a0ee4a6f7916,fee8e08233f3f00450bce31967abb0f1,SO71405,48,GL-H102-M,2,48,2797a91b25bc2aa85124c99bc574dc83
16121,128ee9ff420de424a605a0ee4a6f7916,fee8e08233f3f00450bce31967abb0f1,SO71405,25,TI-M267,1,25,2797a91b25bc2aa85124c99bc574dc83
16122,7e15f50bd26e439e6a22f5205a8064db,a1d0c0a14c6c8f8a8ef8220209c23a64,SO67882,540,BK-M18B-48,1,540,702a02712215141594ddf8e52b0a651c
16122,7e15f50bd26e439e6a22f5205a8064db,a1d0c0a14c6c8f8a8ef8220209c23a64,SO67882,25,TI-M267,1,25,702a02712215141594ddf8e52b0a651c
16122,7e15f50bd26e439e6a22f5205a8064db,a1d0c0a14c6c8f8a8ef8220209c23a64,SO67882,5,TT-M928,1,5,702a02712215141594ddf8e52b0a651c
16123,e871b36e68b0b3d0af9c742d81fef27a,3fe686907939d07097f6c87f08025422,SO70132,10,BC-M005,1,10,1faee5670542865e021595151379fe5c
16123,e871b36e68b0b3d0af9c742d81fef27a,3fe686907939d07097f6c87f08025422,SO70132,565,BK-M18S-42,1,565,1faee5670542865e021595151379fe5c
16123,e871b36e68b0b3d0af9c742d81fef27a,3fe686907939d07097f6c87f08025422,SO70132,55,HY-1023-70,1,55,1faee5670542865e021595151379fe5c
16124,2797a91b25bc2aa85124c99bc574dc83,86bfb8ffc7a79e52d833cedce4d275bf,SO71058,10,BC-M005,1,10,a9adf65abbb865184bf924d14a93d0c4
16124,2797a91b25bc2aa85124c99bc574dc83,86bfb8ffc7a79e52d833cedce4d275bf,SO71058,540,BK-M18B-44,1,540,a9adf65abbb865184bf924d14a93d0c4
16124,2797a91b25bc2aa85124c99bc574dc83,86bfb8ffc7a79e52d833cedce4d275bf,SO71058,48,GL-H102-S,2,48,a9adf65abbb865184bf924d14a93d0c4
16124,2797a91b25bc2aa85124c99bc574dc83,86bfb8ffc7a79e52d833cedce4d275bf,SO71058,105,HL-U509-B,3,105,a9adf65abbb865184bf924d14a93d0c4
16124,2797a91b25bc2aa85124c99bc574dc83,86bfb8ffc7a79e52d833cedce4d275bf,SO71058,5,WB-H098,1,5,a9adf65abbb865184bf924d14a93d0c4
16125,545a3d56d20b22e09aa85bfa5ed8738d,31c99d724c1f182c60edb82eb4740277,SO72238,10,BC-M005,1,10,a9cd7a99d71cca9cb644010050374ade
16125,545a3d56d20b22e09aa85bfa5ed8738d,31c99d724c1f182c60edb82eb4740277,SO72238,565,BK-M18S-40,1,565,a9cd7a99d71cca9cb644010050374ade
16125,545a3d56d20b22e09aa85bfa5ed8738d,31c99d724c1f182c60edb82eb4740277,SO72238,27,CA-1098,3,27,a9cd7a99d71cca9cb644010050374ade
16125,545a3d56d20b22e09aa85bfa5ed8738d,31c99d724c1f182c60edb82eb4740277,SO72238,5,WB-H098,1,5,a9cd7a99d71cca9cb644010050374ade
16126,de5009f9bf3e9725d2381f4a5e913111,2296af5563b2061aa1d88124a37eecb7,SO67385,10,BC-M005,1,10,a1d0c0a14c6c8f8a8ef8220209c23a64
16126,de5009f9bf3e9725d2381f4a5e913111,2296af5563b2061aa1d88124a37eecb7,SO67385,565,BK-M18S-40,1,565,a1d0c0a14c6c8f8a8ef8220209c23a64
16126,de5009f9bf3e9725d2381f4a5e913111,2296af5563b2061aa1d88124a37eecb7,SO67385,5,WB-H098,1,5,a1d0c0a14c6c8f8a8ef8220209c23a64
16127,fe1fd19c021e78ec395980c2e347865e,16e364d19895243407b256ec272d5394,SO68376,10,BC-M005,1,10,63efdd3324df66c9965bd622cdebe06a
16127,fe1fd19c021e78ec395980c2e347865e,16e364d19895243407b256ec272d5394,SO68376,540,BK-M18B-52,1,540,63efdd3324df66c9965bd622cdebe06a
16127,fe1fd19c021e78ec395980c2e347865e,16e364d19895243407b256ec272d5394,SO68376,64,VE-C304-L,1,64,63efdd3324df66c9965bd622cdebe06a
16127,fe1fd19c021e78ec395980c2e347865e,16e364d19895243407b256ec272d5394,SO68376,5,WB-H098,1,5,63efdd3324df66c9965bd622cdebe06a
16128,a048b8d5f3f9178f163e2be055f0138b,c83e871e48c2716e0f28e60d166a5c98,SO73002,540,BK-M18B-40,1,540,41ef6b06b63ba4f6a5234245a439b157
16129,17520f5649fab40fb66771362888cb90,1faee5670542865e021595151379fe5c,SO70637,565,BK-M18S-52,1,565,3f72b837978dcd042b73e7270f11a4ca
16130,dfcee565bb2da80a7b76451a5cd314a1,6582aa26281b9a92ad60e6a03e274c00,SO66172,22,FE-6654,1,22,64cadfde6f66bc25043d0d69f5ae5471
16130,dfcee565bb2da80a7b76451a5cd314a1,6582aa26281b9a92ad60e6a03e274c00,SO66172,105,HL-U509-B,3,105,64cadfde6f66bc25043d0d69f5ae5471
16130,dfcee565bb2da80a7b76451a5cd314a1,6582aa26281b9a92ad60e6a03e274c00,SO66172,5,TT-M928,1,5,64cadfde6f66bc25043d0d69f5ae5471
16131,e871b36e68b0b3d0af9c742d81fef27a,3fe686907939d07097f6c87f08025422,SO70119,2,PK-7098,1,2,1faee5670542865e021595151379fe5c
16131,e871b36e68b0b3d0af9c742d81fef27a,3fe686907939d07097f6c87f08025422,SO70119,159,ST-1401,1,159,1faee5670542865e021595151379fe5c
16131,e871b36e68b0b3d0af9c742d81fef27a,3fe686907939d07097f6c87f08025422,SO70119,5,TT-M928,1,5,1faee5670542865e021595151379fe5c
16132,7af7abc5e37d5fa2e2334b4fec2584e2,5b07cd2a9dfb9437a07ea3012d6efbb7,SO51518,9,BC-R205,1,9,5dddb266d8c26eece51489fe90c9f47d
16132,7af7abc5e37d5fa2e2334b4fec2584e2,5b07cd2a9dfb9437a07ea3012d6efbb7,SO51518,4886,BK-R89B-58,2,4886,5dddb266d8c26eece51489fe90c9f47d
16132,7af7abc5e37d5fa2e2334b4fec2584e2,5b07cd2a9dfb9437a07ea3012d6efbb7,SO51518,2,PK-7098,1,2,5dddb266d8c26eece51489fe90c9f47d
16132,7af7abc5e37d5fa2e2334b4fec2584e2,5b07cd2a9dfb9437a07ea3012d6efbb7,SO51518,5,WB-H098,1,5,5dddb266d8c26eece51489fe90c9f47d
16133,0e000451f430d2e5b745a08b4ee7836c,9795c57676ee8b8b6ba9a6f9014a520b,SO74363,22,FE-6654,1,22,e4b40b4ba619c72ec5a69caad258d393
16133,0e000451f430d2e5b745a08b4ee7836c,9795c57676ee8b8b6ba9a6f9014a520b,SO74363,105,HL-U509,3,105,e4b40b4ba619c72ec5a69caad258d393
16133,9795c57676ee8b8b6ba9a6f9014a520b,c5ed53572c667b119dde2fc0f54de602,SO73737,10,BC-M005,1,10,b0950d12c62d3aeda81b2e8d06f2aef4
16133,9795c57676ee8b8b6ba9a6f9014a520b,c5ed53572c667b119dde2fc0f54de602,SO73737,54,SJ-0194-M,1,54,b0950d12c62d3aeda81b2e8d06f2aef4
16133,9795c57676ee8b8b6ba9a6f9014a520b,c5ed53572c667b119dde2fc0f54de602,SO73737,5,WB-H098,1,5,b0950d12c62d3aeda81b2e8d06f2aef4
16133,dca79d69a6b38e95c4b03bfab997796c,e5bf4a4a03e320ed76cf2ca68fa5b4c0,SO52378,2,PK-7098,1,2,9f79f7706bc6a7654ef0b8977966f69a
16133,dca79d69a6b38e95c4b03bfab997796c,e5bf4a4a03e320ed76cf2ca68fa5b4c0,SO52378,33,TI-R982,1,33,9f79f7706bc6a7654ef0b8977966f69a
16133,dca79d69a6b38e95c4b03bfab997796c,e5bf4a4a03e320ed76cf2ca68fa5b4c0,SO52378,4,TT-R982,1,4,9f79f7706bc6a7654ef0b8977966f69a
16134,fde67888c64f701b59876ec559099b3e,6353a8421ee460b64f2c988cc72a8391,SO56817,9,SO-R809-M,1,9,4ceff7612cfa4420892fe23b23ca9265
16134,fde67888c64f701b59876ec559099b3e,6353a8421ee460b64f2c988cc72a8391,SO56817,5,TT-M928,1,5,4ceff7612cfa4420892fe23b23ca9265
16135,f544b472453b297a8b55709fbfd3746d,70951886788165a5e2439adfce4d0cce,SO70060,10,BC-M005,1,10,331afa0aff1b1cfbf3d24944ab38c9d2
16135,f544b472453b297a8b55709fbfd3746d,70951886788165a5e2439adfce4d0cce,SO70060,565,BK-M18S-42,1,565,331afa0aff1b1cfbf3d24944ab38c9d2
16135,f544b472453b297a8b55709fbfd3746d,70951886788165a5e2439adfce4d0cce,SO70060,5,WB-H098,1,5,331afa0aff1b1cfbf3d24944ab38c9d2
16136,38c9e5d1e366b4c5c36aae682bc960c4,8fa3bab223bec6501ad71f96bb1067b6,SO71665,565,BK-M18S-44,1,565,58c4ce5b9433e7b6d41793d5a76d5590
16137,e84848120190a8d0e696fbeb15647a74,fff3c307c93eda1eb91d53ca588846fe,SO70422,10,BC-M005,1,10,f544b472453b297a8b55709fbfd3746d
16137,e84848120190a8d0e696fbeb15647a74,fff3c307c93eda1eb91d53ca588846fe,SO70422,540,BK-M18B-44,1,540,f544b472453b297a8b55709fbfd3746d
16137,e84848120190a8d0e696fbeb15647a74,fff3c307c93eda1eb91d53ca588846fe,SO70422,5,WB-H098,1,5,f544b472453b297a8b55709fbfd3746d
16138,e871b36e68b0b3d0af9c742d81fef27a,3fe686907939d07097f6c87f08025422,SO70131,565,BK-M18S-40,1,565,1faee5670542865e021595151379fe5c
16139,e84848120190a8d0e696fbeb15647a74,fff3c307c93eda1eb91d53ca588846fe,SO70423,540,BK-M18B-44,1,540,f544b472453b297a8b55709fbfd3746d
16139,e84848120190a8d0e696fbeb15647a74,fff3c307c93eda1eb91d53ca588846fe,SO70423,105,HL-U509-R,3,105,f544b472453b297a8b55709fbfd3746d
16139,e84848120190a8d0e696fbeb15647a74,fff3c307c93eda1eb91d53ca588846fe,SO70423,150,LJ-0192-M,3,150,f544b472453b297a8b55709fbfd3746d
16139,e84848120190a8d0e696fbeb15647a74,fff3c307c93eda1eb91d53ca588846fe,SO70423,25,TI-M267,1,25,f544b472453b297a8b55709fbfd3746d
16139,e84848120190a8d0e696fbeb15647a74,fff3c307c93eda1eb91d53ca588846fe,SO70423,5,TT-M928,1,5,f544b472453b297a8b55709fbfd3746d
16140,7b0730955172ecda497d7cca6b1d87a1,d3c54b4368c62c2ff11535bf2b677170,SO55017,4886,BK-R89B-44,2,4886,5a06908cc28b799b04fc1c47664462e6
16140,7b0730955172ecda497d7cca6b1d87a1,d3c54b4368c62c2ff11535bf2b677170,SO55017,105,HL-U509,3,105,5a06908cc28b799b04fc1c47664462e6
16140,7b0730955172ecda497d7cca6b1d87a1,d3c54b4368c62c2ff11535bf2b677170,SO55017,150,LJ-0192-X,3,150,5a06908cc28b799b04fc1c47664462e6
16141,331afa0aff1b1cfbf3d24944ab38c9d2,c885741a5e3e55c84950327011b70289,SO69701,10,BC-M005,1,10,962bae2fb03296a3b9cacabfa929322c
16141,331afa0aff1b1cfbf3d24944ab38c9d2,c885741a5e3e55c84950327011b70289,SO69701,540,BK-M18B-48,1,540,962bae2fb03296a3b9cacabfa929322c
16141,331afa0aff1b1cfbf3d24944ab38c9d2,c885741a5e3e55c84950327011b70289,SO69701,105,HL-U509-B,3,105,962bae2fb03296a3b9cacabfa929322c
16141,331afa0aff1b1cfbf3d24944ab38c9d2,c885741a5e3e55c84950327011b70289,SO69701,5,WB-H098,1,5,962bae2fb03296a3b9cacabfa929322c
16142,86bfb8ffc7a79e52d833cedce4d275bf,962bae2fb03296a3b9cacabfa929322c,SO70210,10,BC-M005,1,10,ec24e4cf9fcc90f3bbe81b2fb3735c21
16142,86bfb8ffc7a79e52d833cedce4d275bf,962bae2fb03296a3b9cacabfa929322c,SO70210,540,BK-M18B-52,1,540,ec24e4cf9fcc90f3bbe81b2fb3735c21
16142,86bfb8ffc7a79e52d833cedce4d275bf,962bae2fb03296a3b9cacabfa929322c,SO70210,27,CA-1098,3,27,ec24e4cf9fcc90f3bbe81b2fb3735c21
16142,86bfb8ffc7a79e52d833cedce4d275bf,962bae2fb03296a3b9cacabfa929322c,SO70210,5,WB-H098,1,5,ec24e4cf9fcc90f3bbe81b2fb3735c21
16143,427ed6396fba4ed8ead9ec3229517d2b,3519c8eb4095dbc69d80eb61856d3435,SO56247,22,FE-6654,1,22,629ffff971d10f275a79a70fae527fbc
16143,427ed6396fba4ed8ead9ec3229517d2b,3519c8eb4095dbc69d80eb61856d3435,SO56247,5,TT-M928,1,5,629ffff971d10f275a79a70fae527fbc
16144,c135545cc3f3a739132ffdbc8096f3d4,36ab6f1df21f3c9a169c8942e981959a,SO68444,4640,BK-M68S-42,2,4640,511572e8a25e86c2f48ae9e6d73a1e6a
16144,c135545cc3f3a739132ffdbc8096f3d4,36ab6f1df21f3c9a169c8942e981959a,SO68444,22,FE-6654,1,22,511572e8a25e86c2f48ae9e6d73a1e6a
16144,c135545cc3f3a739132ffdbc8096f3d4,36ab6f1df21f3c9a169c8942e981959a,SO68444,105,HL-U509,3,105,511572e8a25e86c2f48ae9e6d73a1e6a
16145,6e32728b966bb91cefefa1316da21ca8,b322422d9a721bbdefa133133dd407c1,SO67740,4640,BK-M68S-46,2,4640,de5009f9bf3e9725d2381f4a5e913111
16145,6e32728b966bb91cefefa1316da21ca8,b322422d9a721bbdefa133133dd407c1,SO67740,2,PK-7098,1,2,de5009f9bf3e9725d2381f4a5e913111
16146,66e56e10b0f528b66a45e307ecdf4774,691ad1b0dca3643b923973defd014d47,SO68599,4590,BK-M68B-42,2,4590,8eb7a1b0dba9fdd5f4248b9cb6b9119b
16146,66e56e10b0f528b66a45e307ecdf4774,691ad1b0dca3643b923973defd014d47,SO68599,105,HL-U509-B,3,105,8eb7a1b0dba9fdd5f4248b9cb6b9119b
16147,83d1ed00595e79ee5ea3797e97970fe8,fe1fd19c021e78ec395980c2e347865e,SO69217,4590,BK-M68B-42,2,4590,705fa39ab40831529471c768490339ab
16147,83d1ed00595e79ee5ea3797e97970fe8,fe1fd19c021e78ec395980c2e347865e,SO69217,8,CL-9009,1,8,705fa39ab40831529471c768490339ab
16147,83d1ed00595e79ee5ea3797e97970fe8,fe1fd19c021e78ec395980c2e347865e,SO69217,22,FE-6654,1,22,705fa39ab40831529471c768490339ab
16147,83d1ed00595e79ee5ea3797e97970fe8,fe1fd19c021e78ec395980c2e347865e,SO69217,2,PK-7098,1,2,705fa39ab40831529471c768490339ab
16147,83d1ed00595e79ee5ea3797e97970fe8,fe1fd19c021e78ec395980c2e347865e,SO69217,35,TI-M823,1,35,705fa39ab40831529471c768490339ab
16147,83d1ed00595e79ee5ea3797e97970fe8,fe1fd19c021e78ec395980c2e347865e,SO69217,5,TT-M928,1,5,705fa39ab40831529471c768490339ab
16148,de5009f9bf3e9725d2381f4a5e913111,2296af5563b2061aa1d88124a37eecb7,SO67387,4640,BK-M68S-42,2,4640,a1d0c0a14c6c8f8a8ef8220209c23a64
16149,4555f65c4664801d78b9f5477f89d8fd,7ee641303ef8d8b10d0ed00a060c73cc,SO62486,33,TI-R982,1,33,94c60e0b5e2b0f78b919a5d4c67d70a2
16149,4555f65c4664801d78b9f5477f89d8fd,7ee641303ef8d8b10d0ed00a060c73cc,SO62486,4,TT-R982,1,4,94c60e0b5e2b0f78b919a5d4c67d70a2
16149,6dd75c28a9a8a39e02bc0a175f82a9f3,dfcee565bb2da80a7b76451a5cd314a1,SO66902,10,BC-M005,1,10,f88b3743a9ce1f9455b6de69380b486a
16149,6dd75c28a9a8a39e02bc0a175f82a9f3,dfcee565bb2da80a7b76451a5cd314a1,SO66902,55,HY-1023-70,1,55,f88b3743a9ce1f9455b6de69380b486a
16149,6dd75c28a9a8a39e02bc0a175f82a9f3,dfcee565bb2da80a7b76451a5cd314a1,SO66902,5,WB-H098,1,5,f88b3743a9ce1f9455b6de69380b486a
16149,e7df1b3ee078bdcfc260a877f321287d,4dbf892d41ae205f6e36838031cff786,SO59109,22,FE-6654,1,22,478ecc8cdaa127c33884d9f6c72c2cd5
16149,e7df1b3ee078bdcfc260a877f321287d,4dbf892d41ae205f6e36838031cff786,SO59109,64,VE-C304-L,1,64,478ecc8cdaa127c33884d9f6c72c2cd5
16150,fee8e08233f3f00450bce31967abb0f1,331afa0aff1b1cfbf3d24944ab38c9d2,SO70566,10,BC-M005,1,10,86bfb8ffc7a79e52d833cedce4d275bf
16150,fee8e08233f3f00450bce31967abb0f1,331afa0aff1b1cfbf3d24944ab38c9d2,SO70566,565,BK-M18S-40,1,565,86bfb8ffc7a79e52d833cedce4d275bf
16150,fee8e08233f3f00450bce31967abb0f1,331afa0aff1b1cfbf3d24944ab38c9d2,SO70566,55,HY-1023-70,1,55,86bfb8ffc7a79e52d833cedce4d275bf
16151,ec24e4cf9fcc90f3bbe81b2fb3735c21,c4369eefdf9bb8a3f9115e96b40aaf17,SO69836,10,BC-M005,1,10,f06fd077b6afc2d69af6e1e548da266d
16151,ec24e4cf9fcc90f3bbe81b2fb3735c21,c4369eefdf9bb8a3f9115e96b40aaf17,SO69836,565,BK-M18S-48,1,565,f06fd077b6afc2d69af6e1e548da266d
16151,ec24e4cf9fcc90f3bbe81b2fb3735c21,c4369eefdf9bb8a3f9115e96b40aaf17,SO69836,48,GL-H102-L,2,48,f06fd077b6afc2d69af6e1e548da266d
16151,ec24e4cf9fcc90f3bbe81b2fb3735c21,c4369eefdf9bb8a3f9115e96b40aaf17,SO69836,105,HL-U509-B,3,105,f06fd077b6afc2d69af6e1e548da266d
16151,ec24e4cf9fcc90f3bbe81b2fb3735c21,c4369eefdf9bb8a3f9115e96b40aaf17,SO69836,5,WB-H098,1,5,f06fd077b6afc2d69af6e1e548da266d
16152,c4369eefdf9bb8a3f9115e96b40aaf17,b34050290c25b0f7b52a2b8f767df87d,SO68764,48,GL-H102-S,2,48,c135545cc3f3a739132ffdbc8096f3d4
16152,c4369eefdf9bb8a3f9115e96b40aaf17,b34050290c25b0f7b52a2b8f767df87d,SO68764,105,HL-U509,3,105,c135545cc3f3a739132ffdbc8096f3d4
16152,c4369eefdf9bb8a3f9115e96b40aaf17,b34050290c25b0f7b52a2b8f767df87d,SO68764,5,TT-M928,1,5,c135545cc3f3a739132ffdbc8096f3d4
16153,d4746e41b619da57ee9f1a2e2cc254e8,81a5d08c6beaeec9e42baae5d63dd780,SO64088,105,HL-U509-R,3,105,23bd9a9b90557e9da7babfb8e3d2df22
16153,d4746e41b619da57ee9f1a2e2cc254e8,81a5d08c6beaeec9e42baae5d63dd780,SO64088,5,WB-H098,1,5,23bd9a9b90557e9da7babfb8e3d2df22
16154,606ed413481267c98754e3351f662859,4ddc8821c34bceaf3dba4a18741acca3,SO61937,5,WB-H098,1,5,f8025d3776b5f7522a6120cb4e9e0783
16155,2797a91b25bc2aa85124c99bc574dc83,86bfb8ffc7a79e52d833cedce4d275bf,SO71074,4640,BK-M68S-46,2,4640,a9adf65abbb865184bf924d14a93d0c4
16155,2797a91b25bc2aa85124c99bc574dc83,86bfb8ffc7a79e52d833cedce4d275bf,SO71074,22,FE-6654,1,22,a9adf65abbb865184bf924d14a93d0c4
16155,2797a91b25bc2aa85124c99bc574dc83,86bfb8ffc7a79e52d833cedce4d275bf,SO71074,35,TI-M823,1,35,a9adf65abbb865184bf924d14a93d0c4
16155,2797a91b25bc2aa85124c99bc574dc83,86bfb8ffc7a79e52d833cedce4d275bf,SO71074,64,VE-C304-M,1,64,a9adf65abbb865184bf924d14a93d0c4
16155,853665fc08fe34bcd66df57da6a82a16,f5d822432c5ffbc58e8bd3ffc7607c1b,SO50850,4098,BK-M68B-42,2,4098,5f8b10fd69342734dd36c905a170cf51
16156,49fce086a31f1cfcf16b54e462f7cbc0,99c8f306659fd98cbb9d7f03ec0c2a7a,SO70806,4590,BK-M68B-46,2,4590,e84848120190a8d0e696fbeb15647a74
16156,4c198b2e79c53a9853bfbc76e8e8ae1e,254f2678aa3e07c5a9451a18e28f2624,SO51079,4098,BK-M68B-42,2,4098,93963041729da5d8213c536f91ed9402
16157,048405fe051586c63978bfe6b3a8b733,853665fc08fe34bcd66df57da6a82a16,SO50977,4142,BK-M68S-46,2,4142,4b32c1f268b5edfc6d7f486137468b29
16157,b95a9f47dd73bb9b799a31ae04ee7da1,175a5d217fad85df9f6639d7ced1e5d9,SO69992,4640,BK-M68S-38,2,4640,8728a5e296f39e49d2fa74c31820e99f
16158,e871b36e68b0b3d0af9c742d81fef27a,3fe686907939d07097f6c87f08025422,SO70152,4640,BK-M68S-38,2,4640,1faee5670542865e021595151379fe5c
16158,fdc1a11f11cd643200d6bfb5eb92100e,f7b0a9ecc2f6023330b7a948b9e76688,SO50857,4098,BK-M68B-42,2,4098,bcecb4362a7ad5f479ac9c9c0f6761bb
16159,9795c57676ee8b8b6ba9a6f9014a520b,c5ed53572c667b119dde2fc0f54de602,SO73767,4590,BK-M68B-46,2,4590,b0950d12c62d3aeda81b2e8d06f2aef4
16159,9795c57676ee8b8b6ba9a6f9014a520b,c5ed53572c667b119dde2fc0f54de602,SO73767,8,CL-9009,1,8,b0950d12c62d3aeda81b2e8d06f2aef4
16159,9795c57676ee8b8b6ba9a6f9014a520b,c5ed53572c667b119dde2fc0f54de602,SO73767,2,PK-7098,1,2,b0950d12c62d3aeda81b2e8d06f2aef4
16159,9795c57676ee8b8b6ba9a6f9014a520b,c5ed53572c667b119dde2fc0f54de602,SO73767,35,TI-M823,1,35,b0950d12c62d3aeda81b2e8d06f2aef4
16159,9cdb18f37bdd2084cec3f36c200212be,a0ab7eafc534bc4a8a48cd6e1cfc4d24,SO51020,4142,BK-M68S-42,2,4142,c96b659647361342a1bb035614c242b1
16160,39ff8ac1e8a44088f96e17b846ec8baf,9a95fdf4e925d9cbd65f87b5aa4ac212,SO60435,565,BK-M18S-44,1,565,c926349b55a58d87d7d5008c349fd1e9
16160,39ff8ac1e8a44088f96e17b846ec8baf,9a95fdf4e925d9cbd65f87b5aa4ac212,SO60435,25,TI-M267,1,25,c926349b55a58d87d7d5008c349fd1e9
16160,39ff8ac1e8a44088f96e17b846ec8baf,9a95fdf4e925d9cbd65f87b5aa4ac212,SO60435,5,TT-M928,1,5,c926349b55a58d87d7d5008c349fd1e9
16160,a0ab7eafc534bc4a8a48cd6e1cfc4d24,7dc1c03103798a474aa763047623df54,SO50894,4098,BK-M68B-38,2,4098,5118f4d1a94c19a06818ba12904e26f0
16161,254f2678aa3e07c5a9451a18e28f2624,c164277d605c0bcbcd6b5749ac477b26,SO50954,4098,BK-M68B-38,2,4098,460e666a19398f97709b4a361d97ed76
16161,b210069485754303767745919c328b97,305c66634c155cab2b5cc3ce00351eb1,SO62863,540,BK-M18B-40,1,540,5efefff01843f5aa3f7d8a4d44b4bf2e
16161,b210069485754303767745919c328b97,305c66634c155cab2b5cc3ce00351eb1,SO62863,22,FE-6654,1,22,5efefff01843f5aa3f7d8a4d44b4bf2e
16161,b210069485754303767745919c328b97,305c66634c155cab2b5cc3ce00351eb1,SO62863,105,HL-U509,3,105,5efefff01843f5aa3f7d8a4d44b4bf2e
16161,b210069485754303767745919c328b97,305c66634c155cab2b5cc3ce00351eb1,SO62863,54,SJ-0194-S,1,54,5efefff01843f5aa3f7d8a4d44b4bf2e
16162,4555f65c4664801d78b9f5477f89d8fd,7ee641303ef8d8b10d0ed00a060c73cc,SO62477,33,TI-R982,1,33,94c60e0b5e2b0f78b919a5d4c67d70a2
16162,4555f65c4664801d78b9f5477f89d8fd,7ee641303ef8d8b10d0ed00a060c73cc,SO62477,4,TT-R982,1,4,94c60e0b5e2b0f78b919a5d4c67d70a2
16162,8fa3bab223bec6501ad71f96bb1067b6,b95a9f47dd73bb9b799a31ae04ee7da1,SO70824,48,GL-H102-S,2,48,1556bafff387fc8f2f6fef64c1daa6bc
16162,8fa3bab223bec6501ad71f96bb1067b6,b95a9f47dd73bb9b799a31ae04ee7da1,SO70824,105,HL-U509,3,105,1556bafff387fc8f2f6fef64c1daa6bc
16162,8fa3bab223bec6501ad71f96bb1067b6,b95a9f47dd73bb9b799a31ae04ee7da1,SO70824,54,SJ-0194-S,1,54,1556bafff387fc8f2f6fef64c1daa6bc
16162,8fa3bab223bec6501ad71f96bb1067b6,b95a9f47dd73bb9b799a31ae04ee7da1,SO70824,30,TI-M602,1,30,1556bafff387fc8f2f6fef64c1daa6bc
16162,8fa3bab223bec6501ad71f96bb1067b6,b95a9f47dd73bb9b799a31ae04ee7da1,SO70824,5,TT-M928,1,5,1556bafff387fc8f2f6fef64c1daa6bc
16163,6d1d8a1c7851eb5a946d45009cea6d9f,3f0c8308e4e2e5c4ddc1b7e19304f613,SO65734,540,BK-M18B-48,1,540,6582aa26281b9a92ad60e6a03e274c00
16163,6d1d8a1c7851eb5a946d45009cea6d9f,3f0c8308e4e2e5c4ddc1b7e19304f613,SO65734,25,TI-M267,1,25,6582aa26281b9a92ad60e6a03e274c00
16163,6d1d8a1c7851eb5a946d45009cea6d9f,3f0c8308e4e2e5c4ddc1b7e19304f613,SO65734,5,TT-M928,1,5,6582aa26281b9a92ad60e6a03e274c00
16163,fdc1a11f11cd643200d6bfb5eb92100e,f7b0a9ecc2f6023330b7a948b9e76688,SO50858,4142,BK-M68S-46,2,4142,bcecb4362a7ad5f479ac9c9c0f6761bb
16164,4efe8b2ca156042f8a3d8dd6aba54520,e2f0a420a4c1a9e8e292761f835e0489,SO66360,565,BK-M18S-42,1,565,e82ca4c6beebe812f10fa1041b97a160
16164,4efe8b2ca156042f8a3d8dd6aba54520,e2f0a420a4c1a9e8e292761f835e0489,SO66360,25,TI-M267,1,25,e82ca4c6beebe812f10fa1041b97a160
16164,892aa61c5dad53571248cc492fa50176,fdc1a11f11cd643200d6bfb5eb92100e,SO50988,4098,BK-M68B-46,2,4098,f4630495c408b1838e43e9291392dcdf
16165,058af5b2a408d57b708367e5bf4e9d9c,e82ca4c6beebe812f10fa1041b97a160,SO66774,33,TI-R982,1,33,c507827aa5f4f6bbedf64058461c621b
16165,058af5b2a408d57b708367e5bf4e9d9c,e82ca4c6beebe812f10fa1041b97a160,SO66774,4,TT-R982,1,4,c507827aa5f4f6bbedf64058461c621b
16165,922d04aa1f67bbe0270bfad98508f43e,0383d48e76cd8a3dfb9e2a890f2cac18,SO61785,8,CL-9009,1,8,76918877cf6ce7011018cd9708723392
16165,922d04aa1f67bbe0270bfad98508f43e,0383d48e76cd8a3dfb9e2a890f2cac18,SO61785,2,PK-7098,1,2,76918877cf6ce7011018cd9708723392
16165,922d04aa1f67bbe0270bfad98508f43e,0383d48e76cd8a3dfb9e2a890f2cac18,SO61785,30,TI-M602,1,30,76918877cf6ce7011018cd9708723392
16165,922d04aa1f67bbe0270bfad98508f43e,0383d48e76cd8a3dfb9e2a890f2cac18,SO61785,5,TT-M928,1,5,76918877cf6ce7011018cd9708723392
16166,072bf847aeeee970f66483e596496cd9,cfceb7490eff6e660974507be7c579c6,SO52618,105,HL-U509,3,105,dca79d69a6b38e95c4b03bfab997796c
16166,072bf847aeeee970f66483e596496cd9,cfceb7490eff6e660974507be7c579c6,SO52618,30,TI-M602,1,30,dca79d69a6b38e95c4b03bfab997796c
16166,072bf847aeeee970f66483e596496cd9,cfceb7490eff6e660974507be7c579c6,SO52618,5,TT-M928,1,5,dca79d69a6b38e95c4b03bfab997796c
16166,0da2bc000f1fe4ea8746f9aea0bb5879,702a02712215141594ddf8e52b0a651c,SO68274,2,PK-7098,1,2,b34050290c25b0f7b52a2b8f767df87d
16166,0da2bc000f1fe4ea8746f9aea0bb5879,702a02712215141594ddf8e52b0a651c,SO68274,33,TI-R982,1,33,b34050290c25b0f7b52a2b8f767df87d
16166,0da2bc000f1fe4ea8746f9aea0bb5879,702a02712215141594ddf8e52b0a651c,SO68274,4,TT-R982,1,4,b34050290c25b0f7b52a2b8f767df87d
16167,94b225b5b1f09ecd5e8ecdfb681ff04c,03bf7d2a8718ee9aca4bd2f37e962fc4,SO64304,33,TI-R982,1,33,61e00b038efd34bdf9c747596273cbcf
16167,b0950d12c62d3aeda81b2e8d06f2aef4,e366e24b8ad0b1107528f2f58cd15a81,SO73339,105,HL-U509-B,3,105,a048b8d5f3f9178f163e2be055f0138b
16167,b0950d12c62d3aeda81b2e8d06f2aef4,e366e24b8ad0b1107528f2f58cd15a81,SO73339,30,TI-M602,1,30,a048b8d5f3f9178f163e2be055f0138b
16167,b0950d12c62d3aeda81b2e8d06f2aef4,e366e24b8ad0b1107528f2f58cd15a81,SO73339,5,TT-M928,1,5,a048b8d5f3f9178f163e2be055f0138b
16168,9b98d27287b27eeee9ebc06e1d5a9a8d,0dc34ca2aaa8612cde077f1880b78b25,SO53079,2,PK-7098,1,2,18bea060239713ee5f865109f63f3a8a
16168,9b98d27287b27eeee9ebc06e1d5a9a8d,0dc34ca2aaa8612cde077f1880b78b25,SO53079,33,TI-R982,1,33,18bea060239713ee5f865109f63f3a8a
16168,d6ab5a0eee939524352092b964d92b84,106dfbaf552c07a1b08d065f2c343982,SO55183,8,CL-9009,1,8,3c4bf68562424c26986beae6ce13704a
16168,d6ab5a0eee939524352092b964d92b84,106dfbaf552c07a1b08d065f2c343982,SO55183,2,PK-7098,1,2,3c4bf68562424c26986beae6ce13704a
16168,d6ab5a0eee939524352092b964d92b84,106dfbaf552c07a1b08d065f2c343982,SO55183,30,TI-M602,1,30,3c4bf68562424c26986beae6ce13704a
16168,d6ab5a0eee939524352092b964d92b84,106dfbaf552c07a1b08d065f2c343982,SO55183,5,TT-M928,1,5,3c4bf68562424c26986beae6ce13704a
16169,0d3057f268050d468f468434f8ec809a,fd5ba6fdeb81e07b2caf0b103489bd8d,SO71985,4640,BK-M68S-46,2,4640,921bc92a493b53f98f24e6a8a12801be
16169,0d3057f268050d468f468434f8ec809a,fd5ba6fdeb81e07b2caf0b103489bd8d,SO71985,105,HL-U509-B,3,105,921bc92a493b53f98f24e6a8a12801be
16169,e5fd8fa8e14be4aed936908e8f86dc7b,ddc7146176eec240951e44da05d5f12b,SO50944,4098,BK-M68B-42,2,4098,a0ab7eafc534bc4a8a48cd6e1cfc4d24
16170,232e830f1ac667c081eaaca23cdf9b5f,4b5c3229e0725ef8d303f494db9faec8,SO64459,2,PK-7098,1,2,abe94c2111c58e9c9672602d41bce66e
16170,232e830f1ac667c081eaaca23cdf9b5f,4b5c3229e0725ef8d303f494db9faec8,SO64459,30,TI-M602,1,30,abe94c2111c58e9c9672602d41bce66e
16170,d4ae40bdb21d7c1f4fee96082340d3a2,9a027fc72b503940a96d5137762a263e,SO75093,120,RA-H123,1,120,08ff55594d8ca57b756a1953f77ebc89
16170,d4ae40bdb21d7c1f4fee96082340d3a2,9a027fc72b503940a96d5137762a263e,SO75093,33,TI-R982,1,33,08ff55594d8ca57b756a1953f77ebc89
16170,d4ae40bdb21d7c1f4fee96082340d3a2,9a027fc72b503940a96d5137762a263e,SO75093,4,TT-R982,1,4,08ff55594d8ca57b756a1953f77ebc89
16171,02ad1a5ca18e58629b8c1d6a6401d071,8d71482745a6a1be4fbbc5562ade4657,SO57752,105,HL-U509-B,3,105,a976f17830aceaaa93d5daef0bc209a3
16171,02ad1a5ca18e58629b8c1d6a6401d071,8d71482745a6a1be4fbbc5562ade4657,SO57752,33,TI-R982,1,33,a976f17830aceaaa93d5daef0bc209a3
16171,02ad1a5ca18e58629b8c1d6a6401d071,8d71482745a6a1be4fbbc5562ade4657,SO57752,4,TT-R982,1,4,a976f17830aceaaa93d5daef0bc209a3
16171,1678083e7ff90bd404baad3f60bffa37,7b0730955172ecda497d7cca6b1d87a1,SO55745,2,PK-7098,1,2,73a69a5c77a7d23172e54d7ce07a638e
16171,1678083e7ff90bd404baad3f60bffa37,7b0730955172ecda497d7cca6b1d87a1,SO55745,30,TI-M602,1,30,73a69a5c77a7d23172e54d7ce07a638e
16172,70951886788165a5e2439adfce4d0cce,ca38f30e56a72f4d0c8d2264322c5862,SO68963,55,HY-1023-70,1,55,c885741a5e3e55c84950327011b70289
16172,70951886788165a5e2439adfce4d0cce,ca38f30e56a72f4d0c8d2264322c5862,SO68963,33,TI-R982,1,33,c885741a5e3e55c84950327011b70289
16172,70951886788165a5e2439adfce4d0cce,ca38f30e56a72f4d0c8d2264322c5862,SO68963,4,TT-R982,1,4,c885741a5e3e55c84950327011b70289
16172,a946e75bc65318721cd1e01162d392dd,5efefff01843f5aa3f7d8a4d44b4bf2e,SO63434,48,GL-H102-S,2,48,3a23b248b732af434a45fce0302aa11f
16172,a946e75bc65318721cd1e01162d392dd,5efefff01843f5aa3f7d8a4d44b4bf2e,SO63434,105,HL-U509-B,3,105,3a23b248b732af434a45fce0302aa11f
16172,a946e75bc65318721cd1e01162d392dd,5efefff01843f5aa3f7d8a4d44b4bf2e,SO63434,30,TI-M602,1,30,3a23b248b732af434a45fce0302aa11f
16172,a946e75bc65318721cd1e01162d392dd,5efefff01843f5aa3f7d8a4d44b4bf2e,SO63434,5,TT-M928,1,5,3a23b248b732af434a45fce0302aa11f
16173,3e48b2167bd86ef570e46d0b286c4f74,072bf847aeeee970f66483e596496cd9,SO53244,2,PK-7098,1,2,3e07f09fb2edbdf0bf6a54c17634514b
16173,3e48b2167bd86ef570e46d0b286c4f74,072bf847aeeee970f66483e596496cd9,SO53244,25,TI-R628,1,25,3e07f09fb2edbdf0bf6a54c17634514b
16173,3e48b2167bd86ef570e46d0b286c4f74,072bf847aeeee970f66483e596496cd9,SO53244,4,TT-R982,1,4,3e07f09fb2edbdf0bf6a54c17634514b
16173,ad0b7f5ad35732646f1e5f67418d5995,244cede513841376c37dc856f2f5e7b9,SO59277,8,CL-9009,1,8,0df76889b3e31ccfd17b50cc73baef03
16173,ad0b7f5ad35732646f1e5f67418d5995,244cede513841376c37dc856f2f5e7b9,SO59277,4,TT-R982,1,4,0df76889b3e31ccfd17b50cc73baef03
16174,3519c8eb4095dbc69d80eb61856d3435,6e5c4b769f8f70f9fd01b24ba5be9695,SO55558,25,TI-R628,1,25,d6ab5a0eee939524352092b964d92b84
16174,3519c8eb4095dbc69d80eb61856d3435,6e5c4b769f8f70f9fd01b24ba5be9695,SO55558,4,TT-R982,1,4,d6ab5a0eee939524352092b964d92b84
16174,3519c8eb4095dbc69d80eb61856d3435,6e5c4b769f8f70f9fd01b24ba5be9695,SO55558,64,VE-C304-M,1,64,d6ab5a0eee939524352092b964d92b84
16174,39ff8ac1e8a44088f96e17b846ec8baf,9a95fdf4e925d9cbd65f87b5aa4ac212,SO60387,105,HL-U509-R,3,105,c926349b55a58d87d7d5008c349fd1e9
16174,39ff8ac1e8a44088f96e17b846ec8baf,9a95fdf4e925d9cbd65f87b5aa4ac212,SO60387,9,SO-R809-M,1,9,c926349b55a58d87d7d5008c349fd1e9
16174,39ff8ac1e8a44088f96e17b846ec8baf,9a95fdf4e925d9cbd65f87b5aa4ac212,SO60387,4,TT-R982,1,4,c926349b55a58d87d7d5008c349fd1e9
16175,4c9ae581a14adbccc0bcd009c17b6cbe,56e52500a7f5ab963646137a401683cd,SO75033,105,HL-U509-R,3,105,838eec1f117f2cab9e9c306f7efbff28
16175,4c9ae581a14adbccc0bcd009c17b6cbe,56e52500a7f5ab963646137a401683cd,SO75033,4,TT-R982,1,4,838eec1f117f2cab9e9c306f7efbff28
16175,61e00b038efd34bdf9c747596273cbcf,7130adfd843cdcb6d0bcd9d13792693a,SO63999,2,PK-7098,1,2,4b5c3229e0725ef8d303f494db9faec8
16175,61e00b038efd34bdf9c747596273cbcf,7130adfd843cdcb6d0bcd9d13792693a,SO63999,25,TI-R628,1,25,4b5c3229e0725ef8d303f494db9faec8
16175,61e00b038efd34bdf9c747596273cbcf,7130adfd843cdcb6d0bcd9d13792693a,SO63999,4,TT-R982,1,4,4b5c3229e0725ef8d303f494db9faec8
16176,4c63ccce8761a6546d90151419eeea06,650b814e9875ec60f087b34f3fe85282,SO50768,4098,BK-M68B-42,2,4098,f5d822432c5ffbc58e8bd3ffc7607c1b
16176,8920fd63645007b243abb750709b1172,58c4ce5b9433e7b6d41793d5a76d5590,SO72333,4640,BK-M68S-38,2,4640,0d3057f268050d468f468434f8ec809a
16176,8920fd63645007b243abb750709b1172,58c4ce5b9433e7b6d41793d5a76d5590,SO72333,105,HL-U509-R,3,105,0d3057f268050d468f468434f8ec809a
16177,305c66634c155cab2b5cc3ce00351eb1,2becb9647677a1a316b388bbad689580,SO62092,48,GL-H102-M,2,48,922d04aa1f67bbe0270bfad98508f43e
16177,305c66634c155cab2b5cc3ce00351eb1,2becb9647677a1a316b388bbad689580,SO62092,105,HL-U509,3,105,922d04aa1f67bbe0270bfad98508f43e
16177,305c66634c155cab2b5cc3ce00351eb1,2becb9647677a1a316b388bbad689580,SO62092,30,TI-M602,1,30,922d04aa1f67bbe0270bfad98508f43e
16177,305c66634c155cab2b5cc3ce00351eb1,2becb9647677a1a316b388bbad689580,SO62092,5,TT-M928,1,5,922d04aa1f67bbe0270bfad98508f43e
16177,3ebfce6ccd7540a632ae7e6ad8100c29,d630b2db6e8046e30b4728ca862ba4e1,SO59346,2,PK-7098,1,2,df595e3c678d4fae23ce174fe747165e
16177,3ebfce6ccd7540a632ae7e6ad8100c29,d630b2db6e8046e30b4728ca862ba4e1,SO59346,33,TI-R982,1,33,df595e3c678d4fae23ce174fe747165e
16177,3ebfce6ccd7540a632ae7e6ad8100c29,d630b2db6e8046e30b4728ca862ba4e1,SO59346,4,TT-R982,1,4,df595e3c678d4fae23ce174fe747165e
16178,6a8d7e42bb852c45fbf8610361d391a0,3f72b837978dcd042b73e7270f11a4ca,SO71096,105,HL-U509,3,105,49fce086a31f1cfcf16b54e462f7cbc0
16178,6a8d7e42bb852c45fbf8610361d391a0,3f72b837978dcd042b73e7270f11a4ca,SO71096,30,TI-M602,1,30,49fce086a31f1cfcf16b54e462f7cbc0
16178,6a8d7e42bb852c45fbf8610361d391a0,3f72b837978dcd042b73e7270f11a4ca,SO71096,5,TT-M928,1,5,49fce086a31f1cfcf16b54e462f7cbc0
16178,ed268f8f3837888893f896b7240f1254,a9cefc49af6424b430612adfc69876ee,SO56439,2,PK-7098,1,2,6353a8421ee460b64f2c988cc72a8391
16178,ed268f8f3837888893f896b7240f1254,a9cefc49af6424b430612adfc69876ee,SO56439,33,TI-R982,1,33,6353a8421ee460b64f2c988cc72a8391
16178,ed268f8f3837888893f896b7240f1254,a9cefc49af6424b430612adfc69876ee,SO56439,4,TT-R982,1,4,6353a8421ee460b64f2c988cc72a8391
16179,0120f4004ede1143c3be6caa4227affe,93ddc10d6cf61153011df052aa76671f,SO66378,2,PK-7098,1,2,07b7d2aed13a63a16377587dcc0abbe8
16179,0120f4004ede1143c3be6caa4227affe,93ddc10d6cf61153011df052aa76671f,SO66378,33,TI-R982,1,33,07b7d2aed13a63a16377587dcc0abbe8
16179,31c99d724c1f182c60edb82eb4740277,e84848120190a8d0e696fbeb15647a74,SO71221,2,PK-7098,1,2,3db19f5f710f10e90ecc7154c649d60a
16179,31c99d724c1f182c60edb82eb4740277,e84848120190a8d0e696fbeb15647a74,SO71221,30,TI-M602,1,30,3db19f5f710f10e90ecc7154c649d60a
16179,31c99d724c1f182c60edb82eb4740277,e84848120190a8d0e696fbeb15647a74,SO71221,5,TT-M928,1,5,3db19f5f710f10e90ecc7154c649d60a
16180,8920fd63645007b243abb750709b1172,58c4ce5b9433e7b6d41793d5a76d5590,SO72334,4590,BK-M68B-42,2,4590,0d3057f268050d468f468434f8ec809a
16180,8920fd63645007b243abb750709b1172,58c4ce5b9433e7b6d41793d5a76d5590,SO72334,2,PK-7098,1,2,0d3057f268050d468f468434f8ec809a
16180,8920fd63645007b243abb750709b1172,58c4ce5b9433e7b6d41793d5a76d5590,SO72334,35,TI-M823,1,35,0d3057f268050d468f468434f8ec809a
16180,8920fd63645007b243abb750709b1172,58c4ce5b9433e7b6d41793d5a76d5590,SO72334,5,TT-M928,1,5,0d3057f268050d468f468434f8ec809a
16180,e5cdc2e9be5ecca55f34ea2ebabb8670,e5fd8fa8e14be4aed936908e8f86dc7b,SO51069,4098,BK-M68B-38,2,4098,9cdb18f37bdd2084cec3f36c200212be
16181,1ba7e8cdf85da6cf5e11554703236b52,9592b44e2c3f304a9875f45537bec6eb,SO73650,33,TI-R982,1,33,4c6ed4daa82e7326b84c24f4c2ae7064
16181,1ba7e8cdf85da6cf5e11554703236b52,9592b44e2c3f304a9875f45537bec6eb,SO73650,4,TT-R982,1,4,4c6ed4daa82e7326b84c24f4c2ae7064
16181,7e15f50bd26e439e6a22f5205a8064db,a1d0c0a14c6c8f8a8ef8220209c23a64,SO67842,105,HL-U509-B,3,105,702a02712215141594ddf8e52b0a651c
16181,7e15f50bd26e439e6a22f5205a8064db,a1d0c0a14c6c8f8a8ef8220209c23a64,SO67842,30,TI-M602,1,30,702a02712215141594ddf8e52b0a651c
16181,7e15f50bd26e439e6a22f5205a8064db,a1d0c0a14c6c8f8a8ef8220209c23a64,SO67842,5,TT-M928,1,5,702a02712215141594ddf8e52b0a651c
16181,7e15f50bd26e439e6a22f5205a8064db,a1d0c0a14c6c8f8a8ef8220209c23a64,SO67842,64,VE-C304-L,1,64,702a02712215141594ddf8e52b0a651c
16182,43e2cc7ff261723f93f64f3f7e9faa8d,a6f2945baeceeef4c8d541a22f6e99e9,SO73415,25,TI-R628,1,25,88077cf01a3e17831c2d0bcca5897c5b
16182,d630b2db6e8046e30b4728ca862ba4e1,02ad1a5ca18e58629b8c1d6a6401d071,SO58421,55,HY-1023-70,1,55,07b31bae17c7890b17d79a654aa230cf
16182,d630b2db6e8046e30b4728ca862ba4e1,02ad1a5ca18e58629b8c1d6a6401d071,SO58421,4,TT-R982,1,4,07b31bae17c7890b17d79a654aa230cf
16183,3fbd0407b55d3a3da21388a2ddbf881c,ab4946738415af86b5e3cee69b13301f,SO57904,25,TI-R628,1,25,5abaefcc8525a8f4cfd95cba9e926532
16183,5e1b952a22eccca86f7f056a9efb42a4,a8ef76a01442567fb64eb6f4408a9835,SO57697,2,PK-7098,1,2,40883861f6e25a2e09e848a7891f4f38
16183,5e1b952a22eccca86f7f056a9efb42a4,a8ef76a01442567fb64eb6f4408a9835,SO57697,4,TT-R982,1,4,40883861f6e25a2e09e848a7891f4f38
16184,8e8847c1bdf012037ee13bb62da8a5c1,c507827aa5f4f6bbedf64058461c621b,SO67209,8,CL-9009,1,8,6dd75c28a9a8a39e02bc0a175f82a9f3
16184,8e8847c1bdf012037ee13bb62da8a5c1,c507827aa5f4f6bbedf64058461c621b,SO67209,2,PK-7098,1,2,6dd75c28a9a8a39e02bc0a175f82a9f3
16184,8e8847c1bdf012037ee13bb62da8a5c1,c507827aa5f4f6bbedf64058461c621b,SO67209,25,TI-R628,1,25,6dd75c28a9a8a39e02bc0a175f82a9f3
16184,8e8847c1bdf012037ee13bb62da8a5c1,c507827aa5f4f6bbedf64058461c621b,SO67209,4,TT-R982,1,4,6dd75c28a9a8a39e02bc0a175f82a9f3
16184,b95a9f47dd73bb9b799a31ae04ee7da1,175a5d217fad85df9f6639d7ced1e5d9,SO69950,105,HL-U509,3,105,8728a5e296f39e49d2fa74c31820e99f
16184,b95a9f47dd73bb9b799a31ae04ee7da1,175a5d217fad85df9f6639d7ced1e5d9,SO69950,4,TT-R982,1,4,8728a5e296f39e49d2fa74c31820e99f
16185,174acf6ca4e9804d47a59a499422e621,5abaefcc8525a8f4cfd95cba9e926532,SO58289,25,TI-R628,1,25,eba6cab7267f82e3b2a063d5ea445bb9
16185,a8ef76a01442567fb64eb6f4408a9835,427ed6396fba4ed8ead9ec3229517d2b,SO56856,4,TT-R982,1,4,eba5233d2dd8ea5031e646882335ece0
16186,4ddc8821c34bceaf3dba4a18741acca3,af1457846a79173ef71dd9d5dd69805a,SO61136,105,HL-U509-R,3,105,2d6e054ac82934d489c58cc8399a1628
16186,4ddc8821c34bceaf3dba4a18741acca3,af1457846a79173ef71dd9d5dd69805a,SO61136,25,TI-M267,1,25,2d6e054ac82934d489c58cc8399a1628
16186,4ddc8821c34bceaf3dba4a18741acca3,af1457846a79173ef71dd9d5dd69805a,SO61136,5,TT-M928,1,5,2d6e054ac82934d489c58cc8399a1628
16187,128ee9ff420de424a605a0ee4a6f7916,fee8e08233f3f00450bce31967abb0f1,SO71394,5,TT-T092,1,5,2797a91b25bc2aa85124c99bc574dc83
16187,99b7e934795a93975a5e0c0b9b57d9ba,870bd4f3713260418e4f342f31dc7e33,SO63853,8,CL-9009,1,8,7a8e187aeb003f6e34c02a4d5b9b153e
16187,99b7e934795a93975a5e0c0b9b57d9ba,870bd4f3713260418e4f342f31dc7e33,SO63853,22,FE-6654,1,22,7a8e187aeb003f6e34c02a4d5b9b153e
16188,88d8e3ff674b1514a19b24621707f0d9,ca5b8307fa5f2189fb98330a9d65927c,SO74458,22,FE-6654,1,22,df09a3a727ac0f29208c5ef3bf7625e6
16188,88d8e3ff674b1514a19b24621707f0d9,ca5b8307fa5f2189fb98330a9d65927c,SO74458,105,HL-U509-B,3,105,df09a3a727ac0f29208c5ef3bf7625e6
16188,a9cd7a99d71cca9cb644010050374ade,3db19f5f710f10e90ecc7154c649d60a,SO71729,105,HL-U509-R,3,105,128ee9ff420de424a605a0ee4a6f7916
16188,a9cd7a99d71cca9cb644010050374ade,3db19f5f710f10e90ecc7154c649d60a,SO71729,5,TT-T092,1,5,128ee9ff420de424a605a0ee4a6f7916
16189,41ef6b06b63ba4f6a5234245a439b157,c4c454d69a39e60a6f5cf2f97148adad,SO72612,105,HL-U509-B,3,105,545a3d56d20b22e09aa85bfa5ed8738d
16189,41ef6b06b63ba4f6a5234245a439b157,c4c454d69a39e60a6f5cf2f97148adad,SO72612,5,TT-T092,1,5,545a3d56d20b22e09aa85bfa5ed8738d
16189,4804ee33768b143d9706052696f7dfbd,7254e54716fe52361e62aa16ea2e0797,SO60279,27,CA-1098,3,27,c660dc308b247ce08aeecd155306bae0
16189,4804ee33768b143d9706052696f7dfbd,7254e54716fe52361e62aa16ea2e0797,SO60279,22,FE-6654,1,22,c660dc308b247ce08aeecd155306bae0
16189,4804ee33768b143d9706052696f7dfbd,7254e54716fe52361e62aa16ea2e0797,SO60279,105,HL-U509-R,3,105,c660dc308b247ce08aeecd155306bae0
16190,4310d0d92131e34ff2716d85e1953174,90c6314650a0d54fdcabe5cd5406f9af,SO54634,2,PK-7098,1,2,d3c54b4368c62c2ff11535bf2b677170
16190,4310d0d92131e34ff2716d85e1953174,90c6314650a0d54fdcabe5cd5406f9af,SO54634,5,TT-T092,1,5,d3c54b4368c62c2ff11535bf2b677170
16190,545a3d56d20b22e09aa85bfa5ed8738d,31c99d724c1f182c60edb82eb4740277,SO72219,22,FE-6654,1,22,a9cd7a99d71cca9cb644010050374ade
16190,545a3d56d20b22e09aa85bfa5ed8738d,31c99d724c1f182c60edb82eb4740277,SO72219,150,LJ-0192-S,3,150,a9cd7a99d71cca9cb644010050374ade
16191,705fa39ab40831529471c768490339ab,63efdd3324df66c9965bd622cdebe06a,SO68849,5,TT-T092,1,5,4584ca349e0920f4436a3c2f36158b85
16191,d27974ca95fd620ac92cf95bf8c1d1f2,4c6ed4daa82e7326b84c24f4c2ae7064,SO74175,22,FE-6654,1,22,3e107cd1554225ea3056ed5010adce90
16192,361e2c62255e0c1887ac2139911ca300,20b5e9ce0f87defd975a322149ec8cc6,SO51907,48,GL-H102-S,2,48,eedd9be5500334505ed9d4aef801ac3d
16192,361e2c62255e0c1887ac2139911ca300,20b5e9ce0f87defd975a322149ec8cc6,SO51907,5,TT-T092,1,5,eedd9be5500334505ed9d4aef801ac3d
16192,8d71482745a6a1be4fbbc5562ade4657,089c2a426c196c5ca5facb20896c90bb,SO56932,22,FE-6654,1,22,d9f7611cf8d29b48a1d3d8fddb8c5b2e
16192,8d71482745a6a1be4fbbc5562ade4657,089c2a426c196c5ca5facb20896c90bb,SO56932,150,LJ-0192-L,3,150,d9f7611cf8d29b48a1d3d8fddb8c5b2e
16193,3e07f09fb2edbdf0bf6a54c17634514b,dca79d69a6b38e95c4b03bfab997796c,SO52994,5,TT-T092,1,5,c375f33d72ca7161f341c2726e82d67a
16193,fde67888c64f701b59876ec559099b3e,6353a8421ee460b64f2c988cc72a8391,SO56822,22,FE-6654,1,22,4ceff7612cfa4420892fe23b23ca9265
16193,fde67888c64f701b59876ec559099b3e,6353a8421ee460b64f2c988cc72a8391,SO56822,64,VE-C304-S,1,64,4ceff7612cfa4420892fe23b23ca9265
16194,3c4bf68562424c26986beae6ce13704a,dba3e44e23a1d2c2f299811e94db7fce,SO54953,48,GL-H102-S,2,48,1f50dad3f1493a5cf408c4eb3987479e
16194,3c4bf68562424c26986beae6ce13704a,dba3e44e23a1d2c2f299811e94db7fce,SO54953,25,TI-M267,1,25,1f50dad3f1493a5cf408c4eb3987479e
16195,d630b2db6e8046e30b4728ca862ba4e1,02ad1a5ca18e58629b8c1d6a6401d071,SO58444,25,TI-R628,1,25,07b31bae17c7890b17d79a654aa230cf
16195,d630b2db6e8046e30b4728ca862ba4e1,02ad1a5ca18e58629b8c1d6a6401d071,SO58444,4,TT-R982,1,4,07b31bae17c7890b17d79a654aa230cf
16195,d630b2db6e8046e30b4728ca862ba4e1,02ad1a5ca18e58629b8c1d6a6401d071,SO58444,64,VE-C304-L,1,64,07b31bae17c7890b17d79a654aa230cf
16196,0fdc213a5f9c4a355f1240ee1160acdb,6e1ea8c2b90f9655373e732ea4445676,SO47495,2443,BK-R89R-44,1,2443,5206c46d068e66a8c5511d764ec58206
16196,b21e833d3ead6056f1265f13fe1ff015,7983129d9883ebc3b9dce3311996b001,SO60624,9,BC-R205,1,9,4804ee33768b143d9706052696f7dfbd
16196,b21e833d3ead6056f1265f13fe1ff015,7983129d9883ebc3b9dce3311996b001,SO60624,2384,BK-T79Y-54,1,2384,4804ee33768b143d9706052696f7dfbd
16196,b21e833d3ead6056f1265f13fe1ff015,7983129d9883ebc3b9dce3311996b001,SO60624,54,SJ-0194-X,1,54,4804ee33768b143d9706052696f7dfbd
16196,b21e833d3ead6056f1265f13fe1ff015,7983129d9883ebc3b9dce3311996b001,SO60624,5,WB-H098,1,5,4804ee33768b143d9706052696f7dfbd
16196,ccf89c691dabb1412404274596922d90,b0241b451647f25db5f52074445d820c,SO65032,4640,BK-M68S-38,2,4640,7299e51cfc0d5174743a6701a8a96488
16196,ccf89c691dabb1412404274596922d90,b0241b451647f25db5f52074445d820c,SO65032,22,FE-6654,1,22,7299e51cfc0d5174743a6701a8a96488
16197,1faee5670542865e021595151379fe5c,e5114f65ece65e14e7b721dab1e674e0,SO69737,540,BK-M18B-48,1,540,83d1ed00595e79ee5ea3797e97970fe8
16197,1faee5670542865e021595151379fe5c,e5114f65ece65e14e7b721dab1e674e0,SO69737,105,HL-U509-B,3,105,83d1ed00595e79ee5ea3797e97970fe8
16197,83fd58ad8dee673cf915b18f70b86416,b243d2d1c866ff70a41839ea58d11fdb,SO47579,4364,BK-R89R-58,2,4364,4b07ddfa8857087c363c1402c6fbcaa1
16198,9913e55755fcc4267a06c1e6adbbc7fb,4a70a3ec50fd16032883bf6fc79c55dd,SO61885,22,FE-6654,1,22,d53f9d33cac0a297449a74a10d031570
16198,9913e55755fcc4267a06c1e6adbbc7fb,4a70a3ec50fd16032883bf6fc79c55dd,SO61885,64,VE-C304-L,1,64,d53f9d33cac0a297449a74a10d031570
16198,de22d232bbe84481579f6252f1e7091d,cae5717327bee7d74e261c550aa5081f,SO57563,48,GL-H102-S,2,48,ab4946738415af86b5e3cee69b13301f
16198,de22d232bbe84481579f6252f1e7091d,cae5717327bee7d74e261c550aa5081f,SO57563,5,TT-T092,1,5,ab4946738415af86b5e3cee69b13301f
16199,870bd4f3713260418e4f342f31dc7e33,94c60e0b5e2b0f78b919a5d4c67d70a2,SO62928,2384,BK-T79U-60,1,2384,2fe1a028f9398deb2efcd536c8246fae
16199,870bd4f3713260418e4f342f31dc7e33,94c60e0b5e2b0f78b919a5d4c67d70a2,SO62928,105,HL-U509-R,3,105,2fe1a028f9398deb2efcd536c8246fae
16199,c87874400b9f907bdf9ea37d75a4b341,23bd9a9b90557e9da7babfb8e3d2df22,SO64544,4590,BK-M68B-38,2,4590,8b9fe4b34e3c54f08bfcac3d9691e260
16199,c87874400b9f907bdf9ea37d75a4b341,23bd9a9b90557e9da7babfb8e3d2df22,SO64544,22,FE-6654,1,22,8b9fe4b34e3c54f08bfcac3d9691e260
16199,feac3e52d8032301cde96120a3dfe0d4,0810498037ca8f9a53af3803ab6317c8,SO47596,4364,BK-R89B-44,2,4364,85f14990e454433586410bd10a64d585
16200,cae5717327bee7d74e261c550aa5081f,18025e6a8791d350428f65c0783ebd99,SO56728,22,FE-6654,1,22,ed268f8f3837888893f896b7240f1254
16200,cae5717327bee7d74e261c550aa5081f,18025e6a8791d350428f65c0783ebd99,SO56728,105,HL-U509-B,3,105,ed268f8f3837888893f896b7240f1254
16200,fef3080ec197edd1a04bb18afd31d16d,b8d9d66529b0a1e91f6137abcdd065dd,SO54914,105,HL-U509,3,105,4310d0d92131e34ff2716d85e1953174
16200,fef3080ec197edd1a04bb18afd31d16d,b8d9d66529b0a1e91f6137abcdd065dd,SO54914,5,TT-T092,1,5,4310d0d92131e34ff2716d85e1953174
16201,5efefff01843f5aa3f7d8a4d44b4bf2e,922d04aa1f67bbe0270bfad98508f43e,SO62541,769,BK-M38S-46,1,769,db2f6a564b6f5f41253c68874b50962b
16201,5efefff01843f5aa3f7d8a4d44b4bf2e,922d04aa1f67bbe0270bfad98508f43e,SO62541,22,FE-6654,1,22,db2f6a564b6f5f41253c68874b50962b
16201,5efefff01843f5aa3f7d8a4d44b4bf2e,922d04aa1f67bbe0270bfad98508f43e,SO62541,55,HY-1023-70,1,55,db2f6a564b6f5f41253c68874b50962b
16201,5efefff01843f5aa3f7d8a4d44b4bf2e,922d04aa1f67bbe0270bfad98508f43e,SO62541,30,TI-M602,1,30,db2f6a564b6f5f41253c68874b50962b
16201,c6dec085564ebca8c2e300f077425d2f,fd2d4f3c923f907724bbdb60a26a944e,SO46848,4364,BK-R89R-58,2,4364,1786ecaa04cd18d45fa6519a0c4a5c4a
16202,63efdd3324df66c9965bd622cdebe06a,7acd252f45ad6fe668386456a673d543,SO68050,2,PK-7098,1,2,6e32728b966bb91cefefa1316da21ca8
16202,63efdd3324df66c9965bd622cdebe06a,7acd252f45ad6fe668386456a673d543,SO68050,25,TI-R628,1,25,6e32728b966bb91cefefa1316da21ca8
16202,63efdd3324df66c9965bd622cdebe06a,7acd252f45ad6fe668386456a673d543,SO68050,4,TT-R982,1,4,6e32728b966bb91cefefa1316da21ca8
16203,7c5572d8ea7717eb416a5478b1b0056f,59b3bce956067f996be5f0ddd87e18c7,SO49583,4364,BK-R89B-52,2,4364,cc2547b3671a031a723a4e3e241d0eed
16203,b68fd63ca41d49bfc1b18251202c053f,d4746e41b619da57ee9f1a2e2cc254e8,SO64865,4590,BK-M68B-46,2,4590,c87874400b9f907bdf9ea37d75a4b341
16203,b68fd63ca41d49bfc1b18251202c053f,d4746e41b619da57ee9f1a2e2cc254e8,SO64865,2,PK-7098,1,2,c87874400b9f907bdf9ea37d75a4b341
16203,c885741a5e3e55c84950327011b70289,7e15f50bd26e439e6a22f5205a8064db,SO68676,9,BC-R205,1,9,0da2bc000f1fe4ea8746f9aea0bb5879
16203,c885741a5e3e55c84950327011b70289,7e15f50bd26e439e6a22f5205a8064db,SO68676,2384,BK-T79U-60,1,2384,0da2bc000f1fe4ea8746f9aea0bb5879
16203,c885741a5e3e55c84950327011b70289,7e15f50bd26e439e6a22f5205a8064db,SO68676,27,CA-1098,3,27,0da2bc000f1fe4ea8746f9aea0bb5879
16203,c885741a5e3e55c84950327011b70289,7e15f50bd26e439e6a22f5205a8064db,SO68676,54,SJ-0194-S,1,54,0da2bc000f1fe4ea8746f9aea0bb5879
16203,c885741a5e3e55c84950327011b70289,7e15f50bd26e439e6a22f5205a8064db,SO68676,5,WB-H098,1,5,0da2bc000f1fe4ea8746f9aea0bb5879
16204,3b2d50088b5462490d2079beeb91dc27,6f28d1f037e8b8040be9f35ba03516af,SO49717,2443,BK-R89R-44,1,2443,ac203ebd768c37b8ea6931e800115ae2
16204,93ddc10d6cf61153011df052aa76671f,7299e51cfc0d5174743a6701a8a96488,SO65627,10,BC-M005,1,10,02b96ab6e0935145589be4e1408a1675
16204,93ddc10d6cf61153011df052aa76671f,7299e51cfc0d5174743a6701a8a96488,SO65627,4640,BK-M68S-46,2,4640,02b96ab6e0935145589be4e1408a1675
16204,93ddc10d6cf61153011df052aa76671f,7299e51cfc0d5174743a6701a8a96488,SO65627,5,WB-H098,1,5,02b96ab6e0935145589be4e1408a1675
16204,b95a9f47dd73bb9b799a31ae04ee7da1,175a5d217fad85df9f6639d7ced1e5d9,SO69987,2384,BK-T79U-50,1,2384,8728a5e296f39e49d2fa74c31820e99f
16205,da59baff9b2091053d3cbde67efd84ca,7a881e823dfa2748a8124f4b46b643af,SO49687,4364,BK-R89R-58,2,4364,c00c38c95aa9544dce6852b834e4e8ab
16205,e82ca4c6beebe812f10fa1041b97a160,9d934f91c460e9947414d00048f2fa36,SO66020,4590,BK-M68B-38,2,4590,6d1d8a1c7851eb5a946d45009cea6d9f
16205,e82ca4c6beebe812f10fa1041b97a160,9d934f91c460e9947414d00048f2fa36,SO66020,22,FE-6654,1,22,6d1d8a1c7851eb5a946d45009cea6d9f
16205,fee8e08233f3f00450bce31967abb0f1,331afa0aff1b1cfbf3d24944ab38c9d2,SO70574,9,BC-R205,1,9,86bfb8ffc7a79e52d833cedce4d275bf
16205,fee8e08233f3f00450bce31967abb0f1,331afa0aff1b1cfbf3d24944ab38c9d2,SO70574,2384,BK-T79Y-60,1,2384,86bfb8ffc7a79e52d833cedce4d275bf
16205,fee8e08233f3f00450bce31967abb0f1,331afa0aff1b1cfbf3d24944ab38c9d2,SO70574,54,SJ-0194-L,1,54,86bfb8ffc7a79e52d833cedce4d275bf
16205,fee8e08233f3f00450bce31967abb0f1,331afa0aff1b1cfbf3d24944ab38c9d2,SO70574,5,WB-H098,1,5,86bfb8ffc7a79e52d833cedce4d275bf
16206,18f358e551b5b85912bc952ab9894c0d,abe94c2111c58e9c9672602d41bce66e,SO64897,10,BC-M005,1,10,a6d37e298c3042e300813f55a17e0875
16206,18f358e551b5b85912bc952ab9894c0d,abe94c2111c58e9c9672602d41bce66e,SO64897,4590,BK-M68B-46,2,4590,a6d37e298c3042e300813f55a17e0875
16206,18f358e551b5b85912bc952ab9894c0d,abe94c2111c58e9c9672602d41bce66e,SO64897,27,CA-1098,3,27,a6d37e298c3042e300813f55a17e0875
16206,18f358e551b5b85912bc952ab9894c0d,abe94c2111c58e9c9672602d41bce66e,SO64897,22,FE-6654,1,22,a6d37e298c3042e300813f55a17e0875
16206,18f358e551b5b85912bc952ab9894c0d,abe94c2111c58e9c9672602d41bce66e,SO64897,5,WB-H098,1,5,a6d37e298c3042e300813f55a17e0875
16206,4b5c3229e0725ef8d303f494db9faec8,f46ace11e93788e473124f7be16a19d5,SO63749,2384,BK-T79Y-50,1,2384,0149f124a48640c62d90840ac5760331
16206,4b5c3229e0725ef8d303f494db9faec8,f46ace11e93788e473124f7be16a19d5,SO63749,105,HL-U509,3,105,0149f124a48640c62d90840ac5760331
16206,ca904a2445f5f72709798833a74ae7c3,dd10b03a406a44cb52e7d41971c2b941,SO47845,2443,BK-R89R-48,1,2443,9aa1878029541c8ed2422b8b536e6b87
16207,13554fafffaf23d93f17c1b353041e27,29811b471c7da705b519bb457273565b,SO47792,2443,BK-R89R-48,1,2443,c595f6cc53ad9db801808994a1189b6c
16207,4eec6eda382b9c44e240ad4b4b5e9cc0,f75e5f8c15ca91ec5c869dc3881f574f,SO64677,10,BC-M005,1,10,94b225b5b1f09ecd5e8ecdfb681ff04c
16207,4eec6eda382b9c44e240ad4b4b5e9cc0,f75e5f8c15ca91ec5c869dc3881f574f,SO64677,4590,BK-M68B-46,2,4590,94b225b5b1f09ecd5e8ecdfb681ff04c
16207,4eec6eda382b9c44e240ad4b4b5e9cc0,f75e5f8c15ca91ec5c869dc3881f574f,SO64677,105,HL-U509,3,105,94b225b5b1f09ecd5e8ecdfb681ff04c
16207,4eec6eda382b9c44e240ad4b4b5e9cc0,f75e5f8c15ca91ec5c869dc3881f574f,SO64677,150,LJ-0192-S,3,150,94b225b5b1f09ecd5e8ecdfb681ff04c
16207,e2f0a420a4c1a9e8e292761f835e0489,4eec6eda382b9c44e240ad4b4b5e9cc0,SO65624,9,BC-R205,1,9,9d934f91c460e9947414d00048f2fa36
16207,e2f0a420a4c1a9e8e292761f835e0489,4eec6eda382b9c44e240ad4b4b5e9cc0,SO65624,2384,BK-T79Y-46,1,2384,9d934f91c460e9947414d00048f2fa36
16208,1685ca8ff12ea83725a1c35e1d89c5cd,15699e35c72c4036c71409f3f3d69528,SO53851,105,HL-U509,3,105,6d44506d59926d8d13d35f75d97f2a64
16208,1685ca8ff12ea83725a1c35e1d89c5cd,15699e35c72c4036c71409f3f3d69528,SO53851,150,LJ-0192-L,3,150,6d44506d59926d8d13d35f75d97f2a64
16208,1685ca8ff12ea83725a1c35e1d89c5cd,15699e35c72c4036c71409f3f3d69528,SO53851,30,TI-M602,1,30,6d44506d59926d8d13d35f75d97f2a64
16208,1685ca8ff12ea83725a1c35e1d89c5cd,15699e35c72c4036c71409f3f3d69528,SO53851,5,TT-M928,1,5,6d44506d59926d8d13d35f75d97f2a64
16209,b8cc77f0099ae7d3a20b9f0b74d70b12,70ad7386c1fe794c57fa3908ff22435d,SO52194,22,FE-6654,1,22,5e9b4970006d8f02ba0bc1763fa8b9a6
16209,b8cc77f0099ae7d3a20b9f0b74d70b12,70ad7386c1fe794c57fa3908ff22435d,SO52194,9,SO-R809-M,1,9,5e9b4970006d8f02ba0bc1763fa8b9a6
16210,47a161474962a6dcc03cfa64127a641f,8920fd63645007b243abb750709b1172,SO73225,540,BK-M18B-44,1,540,c5ed53572c667b119dde2fc0f54de602
16210,47a161474962a6dcc03cfa64127a641f,8920fd63645007b243abb750709b1172,SO73225,22,FE-6654,1,22,c5ed53572c667b119dde2fc0f54de602
16210,47a161474962a6dcc03cfa64127a641f,8920fd63645007b243abb750709b1172,SO73225,54,SJ-0194-L,1,54,c5ed53572c667b119dde2fc0f54de602
16210,47a161474962a6dcc03cfa64127a641f,8920fd63645007b243abb750709b1172,SO73225,25,TI-M267,1,25,c5ed53572c667b119dde2fc0f54de602
16210,47a161474962a6dcc03cfa64127a641f,8920fd63645007b243abb750709b1172,SO73225,5,TT-M928,1,5,c5ed53572c667b119dde2fc0f54de602
16211,95a2a9aefc393f8630e934768cacf4cd,8f472ffe3ff3109f420ae91355ff8f3f,SO72163,565,BK-M18S-42,1,565,38c9e5d1e366b4c5c36aae682bc960c4
16211,95a2a9aefc393f8630e934768cacf4cd,8f472ffe3ff3109f420ae91355ff8f3f,SO72163,22,FE-6654,1,22,38c9e5d1e366b4c5c36aae682bc960c4
16212,47a161474962a6dcc03cfa64127a641f,8920fd63645007b243abb750709b1172,SO73209,105,HL-U509,3,105,c5ed53572c667b119dde2fc0f54de602
16212,47a161474962a6dcc03cfa64127a641f,8920fd63645007b243abb750709b1172,SO73209,5,TT-M928,1,5,c5ed53572c667b119dde2fc0f54de602
16213,02b96ab6e0935145589be4e1408a1675,58f0b42da53adeeccbfa693883fea672,SO65341,33,TI-R982,1,33,b68fd63ca41d49bfc1b18251202c053f
16213,8eb7a1b0dba9fdd5f4248b9cb6b9119b,9f1ff00ea8fd9fd8f2d421ba5ec45a18,SO68237,22,FE-6654,1,22,c7390752782466cfc9a3ed7d3a79e046
16213,8eb7a1b0dba9fdd5f4248b9cb6b9119b,9f1ff00ea8fd9fd8f2d421ba5ec45a18,SO68237,150,LJ-0192-L,3,150,c7390752782466cfc9a3ed7d3a79e046
16213,d53f9d33cac0a297449a74a10d031570,e0bcd0ff3072dfe15609d6be1529b0b8,SO61560,10,BC-M005,1,10,4cc27df81afd686c0420394e090460cb
16213,d53f9d33cac0a297449a74a10d031570,e0bcd0ff3072dfe15609d6be1529b0b8,SO61560,105,HL-U509,3,105,4cc27df81afd686c0420394e090460cb
16213,d53f9d33cac0a297449a74a10d031570,e0bcd0ff3072dfe15609d6be1529b0b8,SO61560,5,WB-H098,1,5,4cc27df81afd686c0420394e090460cb
16214,3c8e2c51453f4d665f1050da871dead6,1f50dad3f1493a5cf408c4eb3987479e,SO55415,8,CL-9009,1,8,d34ba8f5d7fd7d5959a34c283fbec422
16214,3c8e2c51453f4d665f1050da871dead6,1f50dad3f1493a5cf408c4eb3987479e,SO55415,2,PK-7098,1,2,d34ba8f5d7fd7d5959a34c283fbec422
16214,3c8e2c51453f4d665f1050da871dead6,1f50dad3f1493a5cf408c4eb3987479e,SO55415,5,TT-M928,1,5,d34ba8f5d7fd7d5959a34c283fbec422
16215,1ba7e8cdf85da6cf5e11554703236b52,9592b44e2c3f304a9875f45537bec6eb,SO73687,10,BC-M005,1,10,4c6ed4daa82e7326b84c24f4c2ae7064
16215,1ba7e8cdf85da6cf5e11554703236b52,9592b44e2c3f304a9875f45537bec6eb,SO73687,540,BK-M18B-48,1,540,4c6ed4daa82e7326b84c24f4c2ae7064
16215,1ba7e8cdf85da6cf5e11554703236b52,9592b44e2c3f304a9875f45537bec6eb,SO73687,8,CL-9009,1,8,4c6ed4daa82e7326b84c24f4c2ae7064
16215,1ba7e8cdf85da6cf5e11554703236b52,9592b44e2c3f304a9875f45537bec6eb,SO73687,55,HY-1023-70,1,55,4c6ed4daa82e7326b84c24f4c2ae7064
16215,1ba7e8cdf85da6cf5e11554703236b52,9592b44e2c3f304a9875f45537bec6eb,SO73687,5,WB-H098,1,5,4c6ed4daa82e7326b84c24f4c2ae7064
16216,b2ce0ef2540789e8a6976165b6c917d8,128ee9ff420de424a605a0ee4a6f7916,SO72396,565,BK-M18S-44,1,565,dcf73f840a50da0145f24e8e0169dc4b
16216,b2ce0ef2540789e8a6976165b6c917d8,128ee9ff420de424a605a0ee4a6f7916,SO72396,48,GL-H102-L,2,48,dcf73f840a50da0145f24e8e0169dc4b
16216,b2ce0ef2540789e8a6976165b6c917d8,128ee9ff420de424a605a0ee4a6f7916,SO72396,25,TI-M267,1,25,dcf73f840a50da0145f24e8e0169dc4b
16217,02b96ab6e0935145589be4e1408a1675,58f0b42da53adeeccbfa693883fea672,SO65354,120,RA-H123,1,120,b68fd63ca41d49bfc1b18251202c053f
16217,02b96ab6e0935145589be4e1408a1675,58f0b42da53adeeccbfa693883fea672,SO65354,5,TT-M928,1,5,b68fd63ca41d49bfc1b18251202c053f
16218,88f50aa0771fa4f938f7b54792e066c8,070e7bb8852d69e16952038e5532904f,SO51436,540,BK-R19B-48,1,540,e8c0bfc4371d81db0dacde1b8fa393ca
16218,88f50aa0771fa4f938f7b54792e066c8,070e7bb8852d69e16952038e5532904f,SO51436,105,HL-U509-R,3,105,e8c0bfc4371d81db0dacde1b8fa393ca
16219,7983129d9883ebc3b9dce3311996b001,0df76889b3e31ccfd17b50cc73baef03,SO59825,9,BC-R205,1,9,7254e54716fe52361e62aa16ea2e0797
16219,7983129d9883ebc3b9dce3311996b001,0df76889b3e31ccfd17b50cc73baef03,SO59825,540,BK-R19B-52,1,540,7254e54716fe52361e62aa16ea2e0797
16219,7983129d9883ebc3b9dce3311996b001,0df76889b3e31ccfd17b50cc73baef03,SO59825,5,WB-H098,1,5,7254e54716fe52361e62aa16ea2e0797
16220,16918840d98f27ce45948fe73dd5592f,04dbdf67bb8714ba18c9c36d50d1f5dc,SO62745,9,BC-R205,1,9,95103530881768b5cfc7e33970db9cd7
16220,16918840d98f27ce45948fe73dd5592f,04dbdf67bb8714ba18c9c36d50d1f5dc,SO62745,540,BK-R19B-44,1,540,95103530881768b5cfc7e33970db9cd7
16220,16918840d98f27ce45948fe73dd5592f,04dbdf67bb8714ba18c9c36d50d1f5dc,SO62745,27,CA-1098,3,27,95103530881768b5cfc7e33970db9cd7
16220,16918840d98f27ce45948fe73dd5592f,04dbdf67bb8714ba18c9c36d50d1f5dc,SO62745,5,WB-H098,1,5,95103530881768b5cfc7e33970db9cd7
16221,deff8ad81a213d1110c1f409a7f40fcd,b8cc77f0099ae7d3a20b9f0b74d70b12,SO52834,9,BC-R205,1,9,f04e53711455521533f4c5ed7dcaa287
16221,deff8ad81a213d1110c1f409a7f40fcd,b8cc77f0099ae7d3a20b9f0b74d70b12,SO52834,540,BK-R19B-52,1,540,f04e53711455521533f4c5ed7dcaa287
16221,deff8ad81a213d1110c1f409a7f40fcd,b8cc77f0099ae7d3a20b9f0b74d70b12,SO52834,105,HL-U509,3,105,f04e53711455521533f4c5ed7dcaa287
16221,deff8ad81a213d1110c1f409a7f40fcd,b8cc77f0099ae7d3a20b9f0b74d70b12,SO52834,5,WB-H098,1,5,f04e53711455521533f4c5ed7dcaa287
16222,c375f33d72ca7161f341c2726e82d67a,9f79f7706bc6a7654ef0b8977966f69a,SO52766,540,BK-R19B-48,1,540,0dc34ca2aaa8612cde077f1880b78b25
16222,c375f33d72ca7161f341c2726e82d67a,9f79f7706bc6a7654ef0b8977966f69a,SO52766,21,TI-R092,1,21,0dc34ca2aaa8612cde077f1880b78b25
16223,c375f33d72ca7161f341c2726e82d67a,9f79f7706bc6a7654ef0b8977966f69a,SO52767,9,BC-R205,1,9,0dc34ca2aaa8612cde077f1880b78b25
16223,c375f33d72ca7161f341c2726e82d67a,9f79f7706bc6a7654ef0b8977966f69a,SO52767,540,BK-R19B-44,1,540,0dc34ca2aaa8612cde077f1880b78b25
16223,c375f33d72ca7161f341c2726e82d67a,9f79f7706bc6a7654ef0b8977966f69a,SO52767,27,CA-1098,3,27,0dc34ca2aaa8612cde077f1880b78b25
16223,c375f33d72ca7161f341c2726e82d67a,9f79f7706bc6a7654ef0b8977966f69a,SO52767,5,WB-H098,1,5,0dc34ca2aaa8612cde077f1880b78b25
16224,14e4b13c27fb9bce9938ce35b6597eca,c375f33d72ca7161f341c2726e82d67a,SO53394,9,BC-R205,1,9,9b98d27287b27eeee9ebc06e1d5a9a8d
16224,14e4b13c27fb9bce9938ce35b6597eca,c375f33d72ca7161f341c2726e82d67a,SO53394,540,BK-R19B-48,1,540,9b98d27287b27eeee9ebc06e1d5a9a8d
16224,14e4b13c27fb9bce9938ce35b6597eca,c375f33d72ca7161f341c2726e82d67a,SO53394,2,PK-7098,1,2,9b98d27287b27eeee9ebc06e1d5a9a8d
16224,14e4b13c27fb9bce9938ce35b6597eca,c375f33d72ca7161f341c2726e82d67a,SO53394,5,WB-H098,1,5,9b98d27287b27eeee9ebc06e1d5a9a8d
16225,9223b53f03a405f817e91392f0294f6a,3e07f09fb2edbdf0bf6a54c17634514b,SO53825,9,BC-R205,1,9,14e4b13c27fb9bce9938ce35b6597eca
16225,9223b53f03a405f817e91392f0294f6a,3e07f09fb2edbdf0bf6a54c17634514b,SO53825,540,BK-R19B-48,1,540,14e4b13c27fb9bce9938ce35b6597eca
16225,9223b53f03a405f817e91392f0294f6a,3e07f09fb2edbdf0bf6a54c17634514b,SO53825,5,WB-H098,1,5,14e4b13c27fb9bce9938ce35b6597eca
16226,9223b53f03a405f817e91392f0294f6a,3e07f09fb2edbdf0bf6a54c17634514b,SO53826,9,BC-R205,1,9,14e4b13c27fb9bce9938ce35b6597eca
16226,9223b53f03a405f817e91392f0294f6a,3e07f09fb2edbdf0bf6a54c17634514b,SO53826,540,BK-R19B-58,1,540,14e4b13c27fb9bce9938ce35b6597eca
16226,9223b53f03a405f817e91392f0294f6a,3e07f09fb2edbdf0bf6a54c17634514b,SO53826,5,WB-H098,1,5,14e4b13c27fb9bce9938ce35b6597eca
16227,db2b287636ac5ebda430de4f3f643b24,7af7abc5e37d5fa2e2334b4fec2584e2,SO51995,27,CA-1098,3,27,bee2b842cd357511cf4c8e509f5af192
16227,db2b287636ac5ebda430de4f3f643b24,7af7abc5e37d5fa2e2334b4fec2584e2,SO51995,22,FE-6654,1,22,bee2b842cd357511cf4c8e509f5af192
16227,db2b287636ac5ebda430de4f3f643b24,7af7abc5e37d5fa2e2334b4fec2584e2,SO51995,150,LJ-0192-M,3,150,bee2b842cd357511cf4c8e509f5af192
16228,c5ed53572c667b119dde2fc0f54de602,0d3057f268050d468f468434f8ec809a,SO72819,540,BK-M18B-44,1,540,e366e24b8ad0b1107528f2f58cd15a81
16228,c5ed53572c667b119dde2fc0f54de602,0d3057f268050d468f468434f8ec809a,SO72819,25,TI-M267,1,25,e366e24b8ad0b1107528f2f58cd15a81
16228,c5ed53572c667b119dde2fc0f54de602,0d3057f268050d468f468434f8ec809a,SO72819,5,TT-M928,1,5,e366e24b8ad0b1107528f2f58cd15a81
16229,a6f2945baeceeef4c8d541a22f6e99e9,d5985f40495ba672dff8a99620b879c8,SO72545,540,BK-M18B-42,1,540,95a2a9aefc393f8630e934768cacf4cd
16229,a6f2945baeceeef4c8d541a22f6e99e9,d5985f40495ba672dff8a99620b879c8,SO72545,2,PK-7098,1,2,95a2a9aefc393f8630e934768cacf4cd
16229,a6f2945baeceeef4c8d541a22f6e99e9,d5985f40495ba672dff8a99620b879c8,SO72545,25,TI-M267,1,25,95a2a9aefc393f8630e934768cacf4cd
16229,a6f2945baeceeef4c8d541a22f6e99e9,d5985f40495ba672dff8a99620b879c8,SO72545,5,TT-M928,1,5,95a2a9aefc393f8630e934768cacf4cd
16230,b0950d12c62d3aeda81b2e8d06f2aef4,e366e24b8ad0b1107528f2f58cd15a81,SO73377,565,BK-M18S-52,1,565,a048b8d5f3f9178f163e2be055f0138b
16230,b0950d12c62d3aeda81b2e8d06f2aef4,e366e24b8ad0b1107528f2f58cd15a81,SO73377,54,SJ-0194-X,1,54,a048b8d5f3f9178f163e2be055f0138b
16231,679eed5d77e30211eb990c0c13145df3,78cee6501c10922e466c02f814c8627b,SO51414,4886,BK-R89B-58,2,4886,5b07cd2a9dfb9437a07ea3012d6efbb7
16231,679eed5d77e30211eb990c0c13145df3,78cee6501c10922e466c02f814c8627b,SO51414,150,LJ-0192-L,3,150,5b07cd2a9dfb9437a07ea3012d6efbb7
16231,679eed5d77e30211eb990c0c13145df3,78cee6501c10922e466c02f814c8627b,SO51414,33,TI-R982,1,33,5b07cd2a9dfb9437a07ea3012d6efbb7
16232,15aceb75d86814cb479f1b1a9487c3d4,f799d104dd23bb828dcdaaefc4d25b61,SO52919,4886,BK-R89B-48,2,4886,072bf847aeeee970f66483e596496cd9
16232,15aceb75d86814cb479f1b1a9487c3d4,f799d104dd23bb828dcdaaefc4d25b61,SO52919,33,TI-R982,1,33,072bf847aeeee970f66483e596496cd9
16233,56e52500a7f5ab963646137a401683cd,df09a3a727ac0f29208c5ef3bf7625e6,SO74670,48,GL-H102-M,2,48,13b7c2277967bc61802018c764b5b2a0
16233,56e52500a7f5ab963646137a401683cd,df09a3a727ac0f29208c5ef3bf7625e6,SO74670,105,HL-U509,3,105,13b7c2277967bc61802018c764b5b2a0
16233,56e52500a7f5ab963646137a401683cd,df09a3a727ac0f29208c5ef3bf7625e6,SO74670,150,LJ-0192-L,3,150,13b7c2277967bc61802018c764b5b2a0
16233,56e52500a7f5ab963646137a401683cd,df09a3a727ac0f29208c5ef3bf7625e6,SO74670,5,WB-H098,1,5,13b7c2277967bc61802018c764b5b2a0
16234,ad0b7f5ad35732646f1e5f67418d5995,244cede513841376c37dc856f2f5e7b9,SO59305,9,SO-R809-L,1,9,0df76889b3e31ccfd17b50cc73baef03
16234,ad0b7f5ad35732646f1e5f67418d5995,244cede513841376c37dc856f2f5e7b9,SO59305,5,TT-M928,1,5,0df76889b3e31ccfd17b50cc73baef03
16235,3143ce3c6436ed5bd25398756b7b661d,6be9692276a308e4b872323af1ad8fe2,SO52955,4886,BK-R89B-44,2,4886,ad4fbe0c82c7e5968d4cf22c2ad19e28
16236,0001ffe4d82d0d8f9fec5ab0b4faa2db,3dc63b2d6dcc8f0b6720b06b5439a0b1,SO67042,27,CA-1098,3,27,4004a117f65dfd3221a9cce8fce5a45f
16236,0001ffe4d82d0d8f9fec5ab0b4faa2db,3dc63b2d6dcc8f0b6720b06b5439a0b1,SO67042,105,HL-U509-B,3,105,4004a117f65dfd3221a9cce8fce5a45f
16236,0001ffe4d82d0d8f9fec5ab0b4faa2db,3dc63b2d6dcc8f0b6720b06b5439a0b1,SO67042,150,LJ-0192-M,3,150,4004a117f65dfd3221a9cce8fce5a45f
16236,0001ffe4d82d0d8f9fec5ab0b4faa2db,3dc63b2d6dcc8f0b6720b06b5439a0b1,SO67042,5,TT-M928,1,5,4004a117f65dfd3221a9cce8fce5a45f
16237,9444f850ff0c10a862b4a6a9c4ab0a74,3143ce3c6436ed5bd25398756b7b661d,SO53757,4886,BK-R89B-44,2,4886,76e3c19dbb0dadc4c6dc771d856e4676
16237,9444f850ff0c10a862b4a6a9c4ab0a74,3143ce3c6436ed5bd25398756b7b661d,SO53757,105,HL-U509-B,3,105,76e3c19dbb0dadc4c6dc771d856e4676
16237,9444f850ff0c10a862b4a6a9c4ab0a74,3143ce3c6436ed5bd25398756b7b661d,SO53757,33,TI-R982,1,33,76e3c19dbb0dadc4c6dc771d856e4676
16237,9444f850ff0c10a862b4a6a9c4ab0a74,3143ce3c6436ed5bd25398756b7b661d,SO53757,4,TT-R982,1,4,76e3c19dbb0dadc4c6dc771d856e4676
16238,5691ac18f59a9af20f9d8703772afbba,d8a4ea0dc4237ee8690ee37b3902fd0e,SO55943,8,CL-9009,1,8,bc761b2b7297029a695fbd6dd0470724
16238,5691ac18f59a9af20f9d8703772afbba,d8a4ea0dc4237ee8690ee37b3902fd0e,SO55943,5,TT-M928,1,5,bc761b2b7297029a695fbd6dd0470724
16239,d612b5fb3f6011688fb0c9927693365a,3e107cd1554225ea3056ed5010adce90,SO74395,105,HL-U509-R,3,105,a1e59736d286765313b8212467dc64b2
16239,d612b5fb3f6011688fb0c9927693365a,3e107cd1554225ea3056ed5010adce90,SO74395,5,TT-M928,1,5,a1e59736d286765313b8212467dc64b2
16240,df09a3a727ac0f29208c5ef3bf7625e6,5cbbe853aa1a5a1370f9a614904c4b15,SO74294,5,WB-H098,1,5,9c55d6518880c1abf100a24da2546368
16241,3dc63b2d6dcc8f0b6720b06b5439a0b1,8d1d4829b2e801ba4e41ba48f5a549d4,SO66284,70,SH-W890-M,1,70,6ef7b4bb93d4e54234cf965ed2334682
16241,fde67888c64f701b59876ec559099b3e,6353a8421ee460b64f2c988cc72a8391,SO56832,22,FE-6654,1,22,4ceff7612cfa4420892fe23b23ca9265
16241,fde67888c64f701b59876ec559099b3e,6353a8421ee460b64f2c988cc72a8391,SO56832,105,HL-U509,3,105,4ceff7612cfa4420892fe23b23ca9265
16242,e0bcd0ff3072dfe15609d6be1529b0b8,c660dc308b247ce08aeecd155306bae0,SO60717,2,PK-7098,1,2,39ff8ac1e8a44088f96e17b846ec8baf
16242,e0bcd0ff3072dfe15609d6be1529b0b8,c660dc308b247ce08aeecd155306bae0,SO60717,5,WB-H098,1,5,39ff8ac1e8a44088f96e17b846ec8baf
16243,6d44506d59926d8d13d35f75d97f2a64,deff8ad81a213d1110c1f409a7f40fcd,SO53419,70,SH-W890-S,1,70,f476906875bc5d9abe836b4ea1f485c1
16243,a1fedb8f5f2e08543339a5f167bee6b7,8b9fe4b34e3c54f08bfcac3d9691e260,SO64995,22,FE-6654,1,22,4eec6eda382b9c44e240ad4b4b5e9cc0
16244,fe1fd19c021e78ec395980c2e347865e,16e364d19895243407b256ec272d5394,SO68379,4590,BK-M68B-38,2,4590,63efdd3324df66c9965bd622cdebe06a
16244,fe1fd19c021e78ec395980c2e347865e,16e364d19895243407b256ec272d5394,SO68379,105,HL-U509-B,3,105,63efdd3324df66c9965bd622cdebe06a
16244,fe1fd19c021e78ec395980c2e347865e,16e364d19895243407b256ec272d5394,SO68379,35,TI-M823,1,35,63efdd3324df66c9965bd622cdebe06a
16244,fe1fd19c021e78ec395980c2e347865e,16e364d19895243407b256ec272d5394,SO68379,5,TT-M928,1,5,63efdd3324df66c9965bd622cdebe06a
16245,08ff55594d8ca57b756a1953f77ebc89,54d3ba66c5e71d3112695b882ca2030e,SO74958,5,WB-H098,1,5,12092303778fcfa88ed7d284b74c6a6a
16246,5072507e949a2c25948a591c4da194e1,a189cc17a15cdb4e39e80dfcd8374c76,SO59674,8,CL-9009,1,8,ad0b7f5ad35732646f1e5f67418d5995
16246,5072507e949a2c25948a591c4da194e1,a189cc17a15cdb4e39e80dfcd8374c76,SO59674,5,WB-H098,1,5,ad0b7f5ad35732646f1e5f67418d5995
16247,04dbdf67bb8714ba18c9c36d50d1f5dc,4cc27df81afd686c0420394e090460cb,SO61984,2,PK-7098,1,2,2ed3972e38245b633ec6b146c2970148
16247,04dbdf67bb8714ba18c9c36d50d1f5dc,4cc27df81afd686c0420394e090460cb,SO61984,33,TI-R982,1,33,2ed3972e38245b633ec6b146c2970148
16247,2fe1a028f9398deb2efcd536c8246fae,9913e55755fcc4267a06c1e6adbbc7fb,SO62609,10,BC-M005,1,10,8dd08d219271ec96c543f486de430703
16247,2fe1a028f9398deb2efcd536c8246fae,9913e55755fcc4267a06c1e6adbbc7fb,SO62609,27,CA-1098,3,27,8dd08d219271ec96c543f486de430703
16247,2fe1a028f9398deb2efcd536c8246fae,9913e55755fcc4267a06c1e6adbbc7fb,SO62609,22,FE-6654,1,22,8dd08d219271ec96c543f486de430703
16247,2fe1a028f9398deb2efcd536c8246fae,9913e55755fcc4267a06c1e6adbbc7fb,SO62609,5,WB-H098,1,5,8dd08d219271ec96c543f486de430703
16247,94c60e0b5e2b0f78b919a5d4c67d70a2,0d15ba5aa4c9ad0377b26e0cf7a86280,SO62190,10,BC-M005,1,10,9913e55755fcc4267a06c1e6adbbc7fb
16247,94c60e0b5e2b0f78b919a5d4c67d70a2,0d15ba5aa4c9ad0377b26e0cf7a86280,SO62190,5,WB-H098,1,5,9913e55755fcc4267a06c1e6adbbc7fb
16248,375bde15092f45652b6398c1dff650d0,830e779850b1d58733a7ad711bf6b83f,SO57334,105,HL-U509-B,3,105,a8ef76a01442567fb64eb6f4408a9835
16248,375bde15092f45652b6398c1dff650d0,830e779850b1d58733a7ad711bf6b83f,SO57334,5,TT-M928,1,5,a8ef76a01442567fb64eb6f4408a9835
16249,d76e0ba1fa041675ae9af958c5b41ae4,b988e88fd94a3b47434beeb650cff880,SO56981,9,SO-R809-M,1,9,cae5717327bee7d74e261c550aa5081f
16249,d76e0ba1fa041675ae9af958c5b41ae4,b988e88fd94a3b47434beeb650cff880,SO56981,5,TT-M928,1,5,cae5717327bee7d74e261c550aa5081f
16250,8bcf785b838fcdc4c1567a41e1906287,41c97bac51d5ee4cfce0cfa86385fdbe,SO47233,4364,BK-R89B-58,2,4364,be6c9b96c35f6d80642550df922ea69a
16250,9c55d6518880c1abf100a24da2546368,47a161474962a6dcc03cfa64127a641f,SO74106,4590,BK-M68B-42,2,4590,9795c57676ee8b8b6ba9a6f9014a520b
16250,9c55d6518880c1abf100a24da2546368,47a161474962a6dcc03cfa64127a641f,SO74106,105,HL-U509-B,3,105,9795c57676ee8b8b6ba9a6f9014a520b
16251,ab4946738415af86b5e3cee69b13301f,ed268f8f3837888893f896b7240f1254,SO57280,5,TT-T092,1,5,fde67888c64f701b59876ec559099b3e
16251,b0950d12c62d3aeda81b2e8d06f2aef4,e366e24b8ad0b1107528f2f58cd15a81,SO73365,22,FE-6654,1,22,a048b8d5f3f9178f163e2be055f0138b
16252,31fe4966a778432b46c41b3ae4fc9171,de0ec1db92da84eb75354f77c92b4831,SO47812,4364,BK-R89B-52,2,4364,b9e08b025ef074f1404952480e6fa92a
16252,99c8f306659fd98cbb9d7f03ec0c2a7a,705fa39ab40831529471c768490339ab,SO69880,565,BK-M18S-40,1,565,fff3c307c93eda1eb91d53ca588846fe
16252,99c8f306659fd98cbb9d7f03ec0c2a7a,705fa39ab40831529471c768490339ab,SO69880,105,HL-U509-B,3,105,fff3c307c93eda1eb91d53ca588846fe
16253,336a679e4b20d70ee4a230ccc5fd12f7,feac3e52d8032301cde96120a3dfe0d4,SO47747,4364,BK-R89R-58,2,4364,eca42dce13e2b8f5a7af58263fefeb0a
16253,fd5ba6fdeb81e07b2caf0b103489bd8d,e871b36e68b0b3d0af9c742d81fef27a,SO70956,540,BK-M18B-48,1,540,17520f5649fab40fb66771362888cb90
16254,9b98d27287b27eeee9ebc06e1d5a9a8d,0dc34ca2aaa8612cde077f1880b78b25,SO53106,25,TI-R628,1,25,18bea060239713ee5f865109f63f3a8a
16255,b988e88fd94a3b47434beeb650cff880,3c1811b546060d91957cc446aabc4a3c,SO56357,159,ST-1401,1,159,18025e6a8791d350428f65c0783ebd99
16255,b988e88fd94a3b47434beeb650cff880,3c1811b546060d91957cc446aabc4a3c,SO56357,25,TI-R628,1,25,18025e6a8791d350428f65c0783ebd99
16255,b988e88fd94a3b47434beeb650cff880,3c1811b546060d91957cc446aabc4a3c,SO56357,4,TT-R982,1,4,18025e6a8791d350428f65c0783ebd99
16256,412998e77ee121227580e3d363f75fa2,df595e3c678d4fae23ce174fe747165e,SO59858,22,FE-6654,1,22,254d832c83ccdb2c33eab65a4fd196ff
16256,412998e77ee121227580e3d363f75fa2,df595e3c678d4fae23ce174fe747165e,SO59858,55,HY-1023-70,1,55,254d832c83ccdb2c33eab65a4fd196ff
16256,6d1d8a1c7851eb5a946d45009cea6d9f,3f0c8308e4e2e5c4ddc1b7e19304f613,SO65716,5,TT-T092,1,5,6582aa26281b9a92ad60e6a03e274c00
16257,01e8942a5792053a553c4612bd6c06a6,6583882ca853d66524856501b27519f5,SO74709,27,CA-1098,3,27,722dc621a1a56555843f574144bfcdf0
16257,01e8942a5792053a553c4612bd6c06a6,6583882ca853d66524856501b27519f5,SO74709,105,HL-U509,3,105,722dc621a1a56555843f574144bfcdf0
16257,01e8942a5792053a553c4612bd6c06a6,6583882ca853d66524856501b27519f5,SO74709,25,TI-R628,1,25,722dc621a1a56555843f574144bfcdf0
16257,01e8942a5792053a553c4612bd6c06a6,6583882ca853d66524856501b27519f5,SO74709,4,TT-R982,1,4,722dc621a1a56555843f574144bfcdf0
16258,43e2cc7ff261723f93f64f3f7e9faa8d,a6f2945baeceeef4c8d541a22f6e99e9,SO73453,105,HL-U509,3,105,88077cf01a3e17831c2d0bcca5897c5b
16258,43e2cc7ff261723f93f64f3f7e9faa8d,a6f2945baeceeef4c8d541a22f6e99e9,SO73453,25,TI-R628,1,25,88077cf01a3e17831c2d0bcca5897c5b
16258,43e2cc7ff261723f93f64f3f7e9faa8d,a6f2945baeceeef4c8d541a22f6e99e9,SO73453,4,TT-R982,1,4,88077cf01a3e17831c2d0bcca5897c5b
16259,41ef6b06b63ba4f6a5234245a439b157,c4c454d69a39e60a6f5cf2f97148adad,SO72595,540,BK-M18B-52,1,540,545a3d56d20b22e09aa85bfa5ed8738d
16259,41ef6b06b63ba4f6a5234245a439b157,c4c454d69a39e60a6f5cf2f97148adad,SO72595,105,HL-U509-B,3,105,545a3d56d20b22e09aa85bfa5ed8738d
16259,ac203ebd768c37b8ea6931e800115ae2,2a8c7f899adb0e29724a30c7fb9e8618,SO49672,4364,BK-R89B-58,2,4364,1a957c2fc6360821c819775ff9ef6f7e
16260,23bd9a9b90557e9da7babfb8e3d2df22,b210069485754303767745919c328b97,SO63766,10,BC-M005,1,10,a946e75bc65318721cd1e01162d392dd
16260,23bd9a9b90557e9da7babfb8e3d2df22,b210069485754303767745919c328b97,SO63766,769,BK-M38S-38,1,769,a946e75bc65318721cd1e01162d392dd
16260,23bd9a9b90557e9da7babfb8e3d2df22,b210069485754303767745919c328b97,SO63766,105,HL-U509-R,3,105,a946e75bc65318721cd1e01162d392dd
16260,23bd9a9b90557e9da7babfb8e3d2df22,b210069485754303767745919c328b97,SO63766,5,WB-H098,1,5,a946e75bc65318721cd1e01162d392dd
16260,3e5c252ff13111aa6a12067ee19d69e6,b9836987c405fca6133a2969f25c7398,SO47101,4364,BK-R89R-58,2,4364,7f9d156e18f1be5abef55a22081e71ce
16261,17520f5649fab40fb66771362888cb90,1faee5670542865e021595151379fe5c,SO70646,9,BC-R205,1,9,3f72b837978dcd042b73e7270f11a4ca
16261,17520f5649fab40fb66771362888cb90,1faee5670542865e021595151379fe5c,SO70646,2384,BK-T79Y-54,1,2384,3f72b837978dcd042b73e7270f11a4ca
16261,17520f5649fab40fb66771362888cb90,1faee5670542865e021595151379fe5c,SO70646,48,GL-H102-M,2,48,3f72b837978dcd042b73e7270f11a4ca
16261,17520f5649fab40fb66771362888cb90,1faee5670542865e021595151379fe5c,SO70646,5,WB-H098,1,5,3f72b837978dcd042b73e7270f11a4ca
16261,2296af5563b2061aa1d88124a37eecb7,6866da5d40f1aad2d82129d5ffa25bda,SO66506,10,BC-M005,1,10,05e7920e8caf0303dc01b77666952b75
16261,2296af5563b2061aa1d88124a37eecb7,6866da5d40f1aad2d82129d5ffa25bda,SO66506,4590,BK-M68B-42,2,4590,05e7920e8caf0303dc01b77666952b75
16261,3f9a1152bc048e6eb1f01994b7cf5f9d,17a27272d9d53953cbf6d182310e95ec,SO49791,2443,BK-R89R-52,1,2443,19fce68d7871e14df67c5940bc0ca8ab
16262,6ef7b4bb93d4e54234cf965ed2334682,ccf89c691dabb1412404274596922d90,SO65961,10,BC-M005,1,10,93ddc10d6cf61153011df052aa76671f
16262,6ef7b4bb93d4e54234cf965ed2334682,ccf89c691dabb1412404274596922d90,SO65961,4640,BK-M68S-46,2,4640,93ddc10d6cf61153011df052aa76671f
16262,6ef7b4bb93d4e54234cf965ed2334682,ccf89c691dabb1412404274596922d90,SO65961,105,HL-U509-R,3,105,93ddc10d6cf61153011df052aa76671f
16262,6ef7b4bb93d4e54234cf965ed2334682,ccf89c691dabb1412404274596922d90,SO65961,5,WB-H098,1,5,93ddc10d6cf61153011df052aa76671f
16262,785a283b263bd599ee5a0c2af80b43b0,efe1c5e6e4edb477ce15d36dad6bbea3,SO49569,4364,BK-R89R-58,2,4364,cfcb9c0159ca1cf30a8521a2922136e4
16262,a048b8d5f3f9178f163e2be055f0138b,c83e871e48c2716e0f28e60d166a5c98,SO73012,9,BC-R205,1,9,41ef6b06b63ba4f6a5234245a439b157
16262,a048b8d5f3f9178f163e2be055f0138b,c83e871e48c2716e0f28e60d166a5c98,SO73012,2384,BK-T79U-46,1,2384,41ef6b06b63ba4f6a5234245a439b157
16262,a048b8d5f3f9178f163e2be055f0138b,c83e871e48c2716e0f28e60d166a5c98,SO73012,5,WB-H098,1,5,41ef6b06b63ba4f6a5234245a439b157
16263,07b7d2aed13a63a16377587dcc0abbe8,02b96ab6e0935145589be4e1408a1675,SO66151,2384,BK-T79Y-50,1,2384,6866da5d40f1aad2d82129d5ffa25bda
16263,0e193a421db30416d1fd10bcf77b3eda,e84927d3e6cb5062480084b8208ad296,SO47890,2443,BK-R89R-52,1,2443,ca904a2445f5f72709798833a74ae7c3
16263,cd15e5f80ff20dd345bfaa51400dd0d6,3a2f313512bb520c43971e54ba834dec,SO66641,10,BC-M005,1,10,4efe8b2ca156042f8a3d8dd6aba54520
16263,cd15e5f80ff20dd345bfaa51400dd0d6,3a2f313512bb520c43971e54ba834dec,SO66641,4590,BK-M68B-38,2,4590,4efe8b2ca156042f8a3d8dd6aba54520
16263,cd15e5f80ff20dd345bfaa51400dd0d6,3a2f313512bb520c43971e54ba834dec,SO66641,22,FE-6654,1,22,4efe8b2ca156042f8a3d8dd6aba54520
16263,cd15e5f80ff20dd345bfaa51400dd0d6,3a2f313512bb520c43971e54ba834dec,SO66641,105,HL-U509-R,3,105,4efe8b2ca156042f8a3d8dd6aba54520
16263,cd15e5f80ff20dd345bfaa51400dd0d6,3a2f313512bb520c43971e54ba834dec,SO66641,54,SJ-0194-M,1,54,4efe8b2ca156042f8a3d8dd6aba54520
16264,2797a91b25bc2aa85124c99bc574dc83,86bfb8ffc7a79e52d833cedce4d275bf,SO71052,105,HL-U509-B,3,105,a9adf65abbb865184bf924d14a93d0c4
16264,2797a91b25bc2aa85124c99bc574dc83,86bfb8ffc7a79e52d833cedce4d275bf,SO71052,5,TT-T092,1,5,a9adf65abbb865184bf924d14a93d0c4
16264,921bc92a493b53f98f24e6a8a12801be,17520f5649fab40fb66771362888cb90,SO71448,22,FE-6654,1,22,6a8d7e42bb852c45fbf8610361d391a0
16265,16e364d19895243407b256ec272d5394,4004a117f65dfd3221a9cce8fce5a45f,SO67607,2,PK-7098,1,2,7acd252f45ad6fe668386456a673d543
16265,16e364d19895243407b256ec272d5394,4004a117f65dfd3221a9cce8fce5a45f,SO67607,25,TI-R628,1,25,7acd252f45ad6fe668386456a673d543
16266,d53f9d33cac0a297449a74a10d031570,e0bcd0ff3072dfe15609d6be1529b0b8,SO61567,105,HL-U509,3,105,4cc27df81afd686c0420394e090460cb
16266,d53f9d33cac0a297449a74a10d031570,e0bcd0ff3072dfe15609d6be1529b0b8,SO61567,25,TI-R628,1,25,4cc27df81afd686c0420394e090460cb
16266,d53f9d33cac0a297449a74a10d031570,e0bcd0ff3072dfe15609d6be1529b0b8,SO61567,4,TT-R982,1,4,4cc27df81afd686c0420394e090460cb
16267,0901723b6b14e1720aa78a72eedad5f3,d10ad4e7451df9f235212ada0987c259,SO47824,2443,BK-R89R-44,1,2443,42c8d51c48328d79f09bd1db2203a02d
16267,58c4ce5b9433e7b6d41793d5a76d5590,1556bafff387fc8f2f6fef64c1daa6bc,SO71285,540,BK-M18B-52,1,540,fd5ba6fdeb81e07b2caf0b103489bd8d
16267,58c4ce5b9433e7b6d41793d5a76d5590,1556bafff387fc8f2f6fef64c1daa6bc,SO71285,54,SJ-0194-M,1,54,fd5ba6fdeb81e07b2caf0b103489bd8d
16268,5432d51ee94799c0125bb158c8a8bd22,545a3d56d20b22e09aa85bfa5ed8738d,SO73119,565,BK-M18S-40,1,565,9592b44e2c3f304a9875f45537bec6eb
16268,5432d51ee94799c0125bb158c8a8bd22,545a3d56d20b22e09aa85bfa5ed8738d,SO73119,2,PK-7098,1,2,9592b44e2c3f304a9875f45537bec6eb
16268,5432d51ee94799c0125bb158c8a8bd22,545a3d56d20b22e09aa85bfa5ed8738d,SO73119,25,TI-M267,1,25,9592b44e2c3f304a9875f45537bec6eb
16268,5432d51ee94799c0125bb158c8a8bd22,545a3d56d20b22e09aa85bfa5ed8738d,SO73119,5,TT-M928,1,5,9592b44e2c3f304a9875f45537bec6eb
16268,f8fc91862dc66c3aaaa0e65ff94d1479,456c7730e983cabeb11db57ec0801795,SO50109,4364,BK-R89B-44,2,4364,207f6c5125350a97b1a410dc655800f6
16269,b9e08b025ef074f1404952480e6fa92a,34fbf2f6480a253f5b18c3295860e4ca,SO47779,4364,BK-R89B-48,2,4364,336a679e4b20d70ee4a230ccc5fd12f7
16269,c5ed53572c667b119dde2fc0f54de602,0d3057f268050d468f468434f8ec809a,SO72797,565,BK-M18S-52,1,565,e366e24b8ad0b1107528f2f58cd15a81
16269,c5ed53572c667b119dde2fc0f54de602,0d3057f268050d468f468434f8ec809a,SO72797,2,PK-7098,1,2,e366e24b8ad0b1107528f2f58cd15a81
16269,c5ed53572c667b119dde2fc0f54de602,0d3057f268050d468f468434f8ec809a,SO72797,25,TI-M267,1,25,e366e24b8ad0b1107528f2f58cd15a81
16269,c5ed53572c667b119dde2fc0f54de602,0d3057f268050d468f468434f8ec809a,SO72797,5,TT-M928,1,5,e366e24b8ad0b1107528f2f58cd15a81
16270,95a2a9aefc393f8630e934768cacf4cd,8f472ffe3ff3109f420ae91355ff8f3f,SO72144,10,BC-M005,1,10,38c9e5d1e366b4c5c36aae682bc960c4
16270,95a2a9aefc393f8630e934768cacf4cd,8f472ffe3ff3109f420ae91355ff8f3f,SO72144,540,BK-M18B-42,1,540,38c9e5d1e366b4c5c36aae682bc960c4
16270,95a2a9aefc393f8630e934768cacf4cd,8f472ffe3ff3109f420ae91355ff8f3f,SO72144,105,HL-U509,3,105,38c9e5d1e366b4c5c36aae682bc960c4
16270,95a2a9aefc393f8630e934768cacf4cd,8f472ffe3ff3109f420ae91355ff8f3f,SO72144,5,WB-H098,1,5,38c9e5d1e366b4c5c36aae682bc960c4
16270,b626fc8d2e0883d1c28d00d94d2c599f,6222fb05a8551828f3607e483b652095,SO47933,4364,BK-R89B-44,2,4364,c677c7c135ec8863ce920e94467b93e3
16271,5432d51ee94799c0125bb158c8a8bd22,545a3d56d20b22e09aa85bfa5ed8738d,SO73118,540,BK-M18B-48,1,540,9592b44e2c3f304a9875f45537bec6eb
16271,5432d51ee94799c0125bb158c8a8bd22,545a3d56d20b22e09aa85bfa5ed8738d,SO73118,27,CA-1098,3,27,9592b44e2c3f304a9875f45537bec6eb
16271,5432d51ee94799c0125bb158c8a8bd22,545a3d56d20b22e09aa85bfa5ed8738d,SO73118,22,FE-6654,1,22,9592b44e2c3f304a9875f45537bec6eb
16271,9b2bcc77e799374ba0ba55212a17c6b3,1b9e9a1c42d997d68923258c60ed20d5,SO47956,2443,BK-R89R-48,1,2443,524fe547a612733b95c353e432357926
16272,6e1ea8c2b90f9655373e732ea4445676,be6c9b96c35f6d80642550df922ea69a,SO47304,4364,BK-R89B-58,2,4364,79c5eb49b683e206aa6d5b40f84c60eb
16272,8b9fe4b34e3c54f08bfcac3d9691e260,a946e75bc65318721cd1e01162d392dd,SO64185,769,BK-M38S-38,1,769,f75e5f8c15ca91ec5c869dc3881f574f
16272,8b9fe4b34e3c54f08bfcac3d9691e260,a946e75bc65318721cd1e01162d392dd,SO64185,70,SH-W890-L,1,70,f75e5f8c15ca91ec5c869dc3881f574f
16273,dcf73f840a50da0145f24e8e0169dc4b,2797a91b25bc2aa85124c99bc574dc83,SO72012,565,BK-M18S-40,1,565,d5985f40495ba672dff8a99620b879c8
16273,dcf73f840a50da0145f24e8e0169dc4b,2797a91b25bc2aa85124c99bc574dc83,SO72012,22,FE-6654,1,22,d5985f40495ba672dff8a99620b879c8
16273,dcf73f840a50da0145f24e8e0169dc4b,2797a91b25bc2aa85124c99bc574dc83,SO72012,105,HL-U509-B,3,105,d5985f40495ba672dff8a99620b879c8
16273,e8e793c69d6c0688e51cf9bd1abe03b3,d35624c3724a7f923a0dcae76c01cb28,SO50176,4364,BK-R89R-58,2,4364,52bde41d0f4e244c3d741707e5f19618
16274,df09a3a727ac0f29208c5ef3bf7625e6,5cbbe853aa1a5a1370f9a614904c4b15,SO74296,5,TT-M928,1,5,9c55d6518880c1abf100a24da2546368
16275,021a9f9ff27cc992988201b84cae392f,65b64297f0421f6e057524afb222b411,SO47119,2443,BK-R89R-44,1,2443,540c97e65b08aac734db0196254259fd
16275,56d78836c9cf0de136c4d2d37aba2280,ba19c22033aaecc6c5dad47f63e5858c,SO63957,769,BK-M38S-42,1,769,8c9ec1be720ee75d56d0c250d10610fa
16275,56d78836c9cf0de136c4d2d37aba2280,ba19c22033aaecc6c5dad47f63e5858c,SO63957,70,SH-W890-L,1,70,8c9ec1be720ee75d56d0c250d10610fa
16276,aa14ddbc43aa2d3be1e6ac019bb7b5bc,dcf73f840a50da0145f24e8e0169dc4b,SO72888,2,PK-7098,1,2,a6f2945baeceeef4c8d541a22f6e99e9
16276,aa14ddbc43aa2d3be1e6ac019bb7b5bc,dcf73f840a50da0145f24e8e0169dc4b,SO72888,5,TT-M928,1,5,a6f2945baeceeef4c8d541a22f6e99e9
16277,4b5c3229e0725ef8d303f494db9faec8,f46ace11e93788e473124f7be16a19d5,SO63700,769,BK-M38S-42,1,769,0149f124a48640c62d90840ac5760331
16277,4b5c3229e0725ef8d303f494db9faec8,f46ace11e93788e473124f7be16a19d5,SO63700,27,CA-1098,3,27,0149f124a48640c62d90840ac5760331
16277,4b5c3229e0725ef8d303f494db9faec8,f46ace11e93788e473124f7be16a19d5,SO63700,150,LJ-0192-X,3,150,0149f124a48640c62d90840ac5760331
16277,e61ec60837c3a7c01e31ad9b2d857e99,ff865f6f4949cd6d631d069a4268d9aa,SO47338,4364,BK-R89B-44,2,4364,fffd2144f47526eeb222541136a47d44
16278,ca904a2445f5f72709798833a74ae7c3,dd10b03a406a44cb52e7d41971c2b941,SO47847,2443,BK-R89R-44,1,2443,9aa1878029541c8ed2422b8b536e6b87
16278,e366e24b8ad0b1107528f2f58cd15a81,921bc92a493b53f98f24e6a8a12801be,SO72451,540,BK-M18B-48,1,540,c83e871e48c2716e0f28e60d166a5c98
16278,e366e24b8ad0b1107528f2f58cd15a81,921bc92a493b53f98f24e6a8a12801be,SO72451,27,CA-1098,3,27,c83e871e48c2716e0f28e60d166a5c98
16279,7acd252f45ad6fe668386456a673d543,0120f4004ede1143c3be6caa4227affe,SO67171,27,CA-1098,3,27,b322422d9a721bbdefa133133dd407c1
16279,7acd252f45ad6fe668386456a673d543,0120f4004ede1143c3be6caa4227affe,SO67171,105,HL-U509-B,3,105,b322422d9a721bbdefa133133dd407c1
16279,7acd252f45ad6fe668386456a673d543,0120f4004ede1143c3be6caa4227affe,SO67171,5,TT-M928,1,5,b322422d9a721bbdefa133133dd407c1
16280,f544b472453b297a8b55709fbfd3746d,70951886788165a5e2439adfce4d0cce,SO70052,8,CL-9009,1,8,331afa0aff1b1cfbf3d24944ab38c9d2
16280,f544b472453b297a8b55709fbfd3746d,70951886788165a5e2439adfce4d0cce,SO70052,5,TT-M928,1,5,331afa0aff1b1cfbf3d24944ab38c9d2
16281,0383d48e76cd8a3dfb9e2a890f2cac18,d6fb379288416774d139632beb88e26b,SO60991,105,HL-U509,3,105,883b9b4170853b321c03290f64ba199f
16281,0383d48e76cd8a3dfb9e2a890f2cac18,d6fb379288416774d139632beb88e26b,SO60991,25,TI-R628,1,25,883b9b4170853b321c03290f64ba199f
16281,0383d48e76cd8a3dfb9e2a890f2cac18,d6fb379288416774d139632beb88e26b,SO60991,4,TT-R982,1,4,883b9b4170853b321c03290f64ba199f
16282,3fbd0407b55d3a3da21388a2ddbf881c,ab4946738415af86b5e3cee69b13301f,SO57931,105,HL-U509,3,105,5abaefcc8525a8f4cfd95cba9e926532
16282,3fbd0407b55d3a3da21388a2ddbf881c,ab4946738415af86b5e3cee69b13301f,SO57931,5,TT-T092,1,5,5abaefcc8525a8f4cfd95cba9e926532
16282,4ddc8821c34bceaf3dba4a18741acca3,af1457846a79173ef71dd9d5dd69805a,SO61139,22,FE-6654,1,22,2d6e054ac82934d489c58cc8399a1628
16282,4ddc8821c34bceaf3dba4a18741acca3,af1457846a79173ef71dd9d5dd69805a,SO61139,2,PK-7098,1,2,2d6e054ac82934d489c58cc8399a1628
16283,36ab6f1df21f3c9a169c8942e981959a,058af5b2a408d57b708367e5bf4e9d9c,SO67674,105,HL-U509-R,3,105,8e8847c1bdf012037ee13bb62da8a5c1
16283,36ab6f1df21f3c9a169c8942e981959a,058af5b2a408d57b708367e5bf4e9d9c,SO67674,25,TI-R628,1,25,8e8847c1bdf012037ee13bb62da8a5c1
16283,36ab6f1df21f3c9a169c8942e981959a,058af5b2a408d57b708367e5bf4e9d9c,SO67674,4,TT-R982,1,4,8e8847c1bdf012037ee13bb62da8a5c1
16284,ce08c22f7777768ce4197eab9727516c,4a800301260b2639fa1ec3efafb5f86c,SO60010,2,PK-7098,1,2,5072507e949a2c25948a591c4da194e1
16284,ce08c22f7777768ce4197eab9727516c,4a800301260b2639fa1ec3efafb5f86c,SO60010,5,TT-M928,1,5,5072507e949a2c25948a591c4da194e1
16285,9a027fc72b503940a96d5137762a263e,0e000451f430d2e5b745a08b4ee7836c,SO74741,10,BC-M005,1,10,54d3ba66c5e71d3112695b882ca2030e
16285,9a027fc72b503940a96d5137762a263e,0e000451f430d2e5b745a08b4ee7836c,SO74741,22,FE-6654,1,22,54d3ba66c5e71d3112695b882ca2030e
16285,9a027fc72b503940a96d5137762a263e,0e000451f430d2e5b745a08b4ee7836c,SO74741,105,HL-U509-R,3,105,54d3ba66c5e71d3112695b882ca2030e
16285,9a027fc72b503940a96d5137762a263e,0e000451f430d2e5b745a08b4ee7836c,SO74741,5,TT-M928,1,5,54d3ba66c5e71d3112695b882ca2030e
16285,9a027fc72b503940a96d5137762a263e,0e000451f430d2e5b745a08b4ee7836c,SO74741,5,WB-H098,1,5,54d3ba66c5e71d3112695b882ca2030e
16286,6866da5d40f1aad2d82129d5ffa25bda,b68fd63ca41d49bfc1b18251202c053f,SO65754,4640,BK-M68S-46,2,4640,eea5b3bd1bd5d5c62a1d22f78d3ba263
16286,6866da5d40f1aad2d82129d5ffa25bda,b68fd63ca41d49bfc1b18251202c053f,SO65754,105,HL-U509-R,3,105,eea5b3bd1bd5d5c62a1d22f78d3ba263
16286,95a2a9aefc393f8630e934768cacf4cd,8f472ffe3ff3109f420ae91355ff8f3f,SO72183,2384,BK-T79Y-54,1,2384,38c9e5d1e366b4c5c36aae682bc960c4
16286,f6a3074075f513ac39071601eaf0195a,b60afd1ea0dbefb3614f3f57badc2959,SO49900,4364,BK-R89B-58,2,4364,9c36ef758665a17e1eeb69b7f8fce1c6
16287,d6e34f14e6924cef6c0e043d6ab84346,d0eb731ed0bf74b4a74041192f7b377e,SO47213,4364,BK-R89B-52,2,4364,a9badca0a12d937b4dcb70fd1c65dc63
16287,dcf73f840a50da0145f24e8e0169dc4b,2797a91b25bc2aa85124c99bc574dc83,SO72007,4640,BK-M68S-38,2,4640,d5985f40495ba672dff8a99620b879c8
16287,dcf73f840a50da0145f24e8e0169dc4b,2797a91b25bc2aa85124c99bc574dc83,SO72007,2,PK-7098,1,2,d5985f40495ba672dff8a99620b879c8
16287,dcf73f840a50da0145f24e8e0169dc4b,2797a91b25bc2aa85124c99bc574dc83,SO72007,35,TI-M823,1,35,d5985f40495ba672dff8a99620b879c8
16288,9592b44e2c3f304a9875f45537bec6eb,a9cd7a99d71cca9cb644010050374ade,SO72740,565,BK-M18S-44,1,565,b2ce0ef2540789e8a6976165b6c917d8
16288,9592b44e2c3f304a9875f45537bec6eb,a9cd7a99d71cca9cb644010050374ade,SO72740,22,FE-6654,1,22,b2ce0ef2540789e8a6976165b6c917d8
16288,e8e793c69d6c0688e51cf9bd1abe03b3,d35624c3724a7f923a0dcae76c01cb28,SO50171,4364,BK-R89B-48,2,4364,52bde41d0f4e244c3d741707e5f19618
16289,ca5b8307fa5f2189fb98330a9d65927c,88077cf01a3e17831c2d0bcca5897c5b,SO73958,10,BC-M005,1,10,5cbbe853aa1a5a1370f9a614904c4b15
16289,ca5b8307fa5f2189fb98330a9d65927c,88077cf01a3e17831c2d0bcca5897c5b,SO73958,565,BK-M18S-40,1,565,5cbbe853aa1a5a1370f9a614904c4b15
16289,ca5b8307fa5f2189fb98330a9d65927c,88077cf01a3e17831c2d0bcca5897c5b,SO73958,22,FE-6654,1,22,5cbbe853aa1a5a1370f9a614904c4b15
16289,ff9b4d639b22897f1c0256881eeb8643,8dd3ccb09d6ab7dd754ab887e66e8652,SO50037,4364,BK-R89B-58,2,4364,70dbbfe9e1fafe828bd88bd62f0de8f4
16290,0e193a421db30416d1fd10bcf77b3eda,e84927d3e6cb5062480084b8208ad296,SO47891,4364,BK-R89B-44,2,4364,ca904a2445f5f72709798833a74ae7c3
16290,dcf73f840a50da0145f24e8e0169dc4b,2797a91b25bc2aa85124c99bc574dc83,SO72011,10,BC-M005,1,10,d5985f40495ba672dff8a99620b879c8
16290,dcf73f840a50da0145f24e8e0169dc4b,2797a91b25bc2aa85124c99bc574dc83,SO72011,540,BK-M18B-48,1,540,d5985f40495ba672dff8a99620b879c8
16290,dcf73f840a50da0145f24e8e0169dc4b,2797a91b25bc2aa85124c99bc574dc83,SO72011,22,FE-6654,1,22,d5985f40495ba672dff8a99620b879c8
16290,dcf73f840a50da0145f24e8e0169dc4b,2797a91b25bc2aa85124c99bc574dc83,SO72011,64,VE-C304-S,1,64,d5985f40495ba672dff8a99620b879c8
16290,dcf73f840a50da0145f24e8e0169dc4b,2797a91b25bc2aa85124c99bc574dc83,SO72011,5,WB-H098,1,5,d5985f40495ba672dff8a99620b879c8
16291,968e9a4bab3af2e071a27db638e363e6,b7d5a5b8cc647eb5c041cfb92957acb2,SO49975,2443,BK-R89R-52,1,2443,79f46ce61b754fc6c2eeda754a6354bc
16291,e2f7ff887646789ea003d03bc2025325,0990769bd233255d308a2f2137e95214,SO51574,4886,BK-R89B-52,2,4886,20b5e9ce0f87defd975a322149ec8cc6
16291,e2f7ff887646789ea003d03bc2025325,0990769bd233255d308a2f2137e95214,SO51574,105,HL-U509,3,105,20b5e9ce0f87defd975a322149ec8cc6
16292,7b0730955172ecda497d7cca6b1d87a1,d3c54b4368c62c2ff11535bf2b677170,SO55005,2,PK-7098,1,2,5a06908cc28b799b04fc1c47664462e6
16292,7b0730955172ecda497d7cca6b1d87a1,d3c54b4368c62c2ff11535bf2b677170,SO55005,30,TI-M602,1,30,5a06908cc28b799b04fc1c47664462e6
16293,d945ec2aae74dbfb829453026b91c235,348f48807f500aeac729fb17d9bc97f1,SO61346,5,WB-H098,1,5,eef21e68ecca703bb338920b950f203c
16294,d53f9d33cac0a297449a74a10d031570,e0bcd0ff3072dfe15609d6be1529b0b8,SO61573,9,SO-R809-L,1,9,4cc27df81afd686c0420394e090460cb
16294,d53f9d33cac0a297449a74a10d031570,e0bcd0ff3072dfe15609d6be1529b0b8,SO61573,5,WB-H098,1,5,4cc27df81afd686c0420394e090460cb
16295,106dfbaf552c07a1b08d065f2c343982,3f20f21c57e09a6c071e44d1fe74b58a,SO54561,48,GL-H102-M,2,48,dba3e44e23a1d2c2f299811e94db7fce
16295,106dfbaf552c07a1b08d065f2c343982,3f20f21c57e09a6c071e44d1fe74b58a,SO54561,105,HL-U509,3,105,dba3e44e23a1d2c2f299811e94db7fce
16295,106dfbaf552c07a1b08d065f2c343982,3f20f21c57e09a6c071e44d1fe74b58a,SO54561,150,LJ-0192-S,3,150,dba3e44e23a1d2c2f299811e94db7fce
16295,106dfbaf552c07a1b08d065f2c343982,3f20f21c57e09a6c071e44d1fe74b58a,SO54561,25,TI-R628,1,25,dba3e44e23a1d2c2f299811e94db7fce
16295,106dfbaf552c07a1b08d065f2c343982,3f20f21c57e09a6c071e44d1fe74b58a,SO54561,4,TT-R982,1,4,dba3e44e23a1d2c2f299811e94db7fce
16296,95a2a9aefc393f8630e934768cacf4cd,8f472ffe3ff3109f420ae91355ff8f3f,SO72155,27,CA-1098,3,27,38c9e5d1e366b4c5c36aae682bc960c4
16296,95a2a9aefc393f8630e934768cacf4cd,8f472ffe3ff3109f420ae91355ff8f3f,SO72155,105,HL-U509-B,3,105,38c9e5d1e366b4c5c36aae682bc960c4
16296,95a2a9aefc393f8630e934768cacf4cd,8f472ffe3ff3109f420ae91355ff8f3f,SO72155,150,LJ-0192-L,3,150,38c9e5d1e366b4c5c36aae682bc960c4
16296,95a2a9aefc393f8630e934768cacf4cd,8f472ffe3ff3109f420ae91355ff8f3f,SO72155,25,TI-R628,1,25,38c9e5d1e366b4c5c36aae682bc960c4
16296,95a2a9aefc393f8630e934768cacf4cd,8f472ffe3ff3109f420ae91355ff8f3f,SO72155,4,TT-R982,1,4,38c9e5d1e366b4c5c36aae682bc960c4
16297,3fe686907939d07097f6c87f08025422,8eb7a1b0dba9fdd5f4248b9cb6b9119b,SO69086,2384,BK-T79Y-60,1,2384,e5114f65ece65e14e7b721dab1e674e0
16297,3fe686907939d07097f6c87f08025422,8eb7a1b0dba9fdd5f4248b9cb6b9119b,SO69086,29,TI-T723,1,29,e5114f65ece65e14e7b721dab1e674e0
16297,a1d0c0a14c6c8f8a8ef8220209c23a64,05e7920e8caf0303dc01b77666952b75,SO66946,4590,BK-M68B-38,2,4590,cd15e5f80ff20dd345bfaa51400dd0d6
16297,c82e990b1e68272a09ad5b81d90292bc,bdeaa4898e182be99121455d5c86cce1,SO48186,4364,BK-R89B-58,2,4364,f8018ae891e33dd2bfe3e20469c0de8f
16298,702a02712215141594ddf8e52b0a651c,cd15e5f80ff20dd345bfaa51400dd0d6,SO67571,2384,BK-T79U-50,1,2384,caa707f97407c07371136aaf471a91d4
16298,702a02712215141594ddf8e52b0a651c,cd15e5f80ff20dd345bfaa51400dd0d6,SO67571,2,PK-7098,1,2,caa707f97407c07371136aaf471a91d4
16298,702a02712215141594ddf8e52b0a651c,cd15e5f80ff20dd345bfaa51400dd0d6,SO67571,29,TI-T723,1,29,caa707f97407c07371136aaf471a91d4
16298,702a02712215141594ddf8e52b0a651c,cd15e5f80ff20dd345bfaa51400dd0d6,SO67571,5,TT-T092,1,5,caa707f97407c07371136aaf471a91d4
16298,c260b06ffc51ebc422646203046c8eda,4360a17b804bbfc81824d06174bd61a1,SO48149,4364,BK-R89R-58,2,4364,5fcf51a91997cecbc58d2bde1a28e1ec
16298,e2f0a420a4c1a9e8e292761f835e0489,4eec6eda382b9c44e240ad4b4b5e9cc0,SO65562,4640,BK-M68S-42,2,4640,9d934f91c460e9947414d00048f2fa36
16298,e2f0a420a4c1a9e8e292761f835e0489,4eec6eda382b9c44e240ad4b4b5e9cc0,SO65562,27,CA-1098,3,27,9d934f91c460e9947414d00048f2fa36
16298,e2f0a420a4c1a9e8e292761f835e0489,4eec6eda382b9c44e240ad4b4b5e9cc0,SO65562,105,HL-U509-B,3,105,9d934f91c460e9947414d00048f2fa36
16298,e2f0a420a4c1a9e8e292761f835e0489,4eec6eda382b9c44e240ad4b4b5e9cc0,SO65562,35,TI-M823,1,35,9d934f91c460e9947414d00048f2fa36
16299,cae5717327bee7d74e261c550aa5081f,18025e6a8791d350428f65c0783ebd99,SO56726,5,TT-M928,1,5,ed268f8f3837888893f896b7240f1254
16300,501407dcfde5b685045ca3072168d5bb,41ef6b06b63ba4f6a5234245a439b157,SO73550,105,HL-U509-B,3,105,5432d51ee94799c0125bb158c8a8bd22
16300,501407dcfde5b685045ca3072168d5bb,41ef6b06b63ba4f6a5234245a439b157,SO73550,5,TT-T092,1,5,5432d51ee94799c0125bb158c8a8bd22
16300,d945ec2aae74dbfb829453026b91c235,348f48807f500aeac729fb17d9bc97f1,SO61341,22,FE-6654,1,22,eef21e68ecca703bb338920b950f203c
16300,d945ec2aae74dbfb829453026b91c235,348f48807f500aeac729fb17d9bc97f1,SO61341,150,LJ-0192-M,3,150,eef21e68ecca703bb338920b950f203c
16301,0c8ff735cb2b05718573c08173335fd4,1685ca8ff12ea83725a1c35e1d89c5cd,SO54502,27,CA-1098,3,27,b8d9d66529b0a1e91f6137abcdd065dd
16301,0c8ff735cb2b05718573c08173335fd4,1685ca8ff12ea83725a1c35e1d89c5cd,SO54502,105,HL-U509-B,3,105,b8d9d66529b0a1e91f6137abcdd065dd
16301,0c8ff735cb2b05718573c08173335fd4,1685ca8ff12ea83725a1c35e1d89c5cd,SO54502,25,TI-R628,1,25,b8d9d66529b0a1e91f6137abcdd065dd
16301,0c8ff735cb2b05718573c08173335fd4,1685ca8ff12ea83725a1c35e1d89c5cd,SO54502,4,TT-R982,1,4,b8d9d66529b0a1e91f6137abcdd065dd
16302,d9f7611cf8d29b48a1d3d8fddb8c5b2e,55f9f4cb5784581a517e59904e0d5e2f,SO56665,25,TI-R628,1,25,fda052162862bb845297063fd71a580c
16303,4c9ae581a14adbccc0bcd009c17b6cbe,56e52500a7f5ab963646137a401683cd,SO75052,120,RA-H123,1,120,838eec1f117f2cab9e9c306f7efbff28
16303,4c9ae581a14adbccc0bcd009c17b6cbe,56e52500a7f5ab963646137a401683cd,SO75052,25,TI-M267,1,25,838eec1f117f2cab9e9c306f7efbff28
16303,4c9ae581a14adbccc0bcd009c17b6cbe,56e52500a7f5ab963646137a401683cd,SO75052,5,TT-M928,1,5,838eec1f117f2cab9e9c306f7efbff28
16304,0e23f371129aecc6b2033620b226f8d7,fda052162862bb845297063fd71a580c,SO57217,48,GL-H102-M,2,48,40ff348468b73116a7077c246985e0bf
16304,0e23f371129aecc6b2033620b226f8d7,fda052162862bb845297063fd71a580c,SO57217,25,TI-M267,1,25,40ff348468b73116a7077c246985e0bf
16305,694d75fcfc5bc50259336e29e881a36c,eef19d609e6d210600b55b2e51330be3,SO48278,2443,BK-R89R-44,1,2443,7e7a9bb13ad063eb81a70efff24ca60a
16305,88077cf01a3e17831c2d0bcca5897c5b,95a2a9aefc393f8630e934768cacf4cd,SO73047,540,BK-M18B-48,1,540,86e0fc464cbb08ae74bd039224afec9a
16306,70951886788165a5e2439adfce4d0cce,ca38f30e56a72f4d0c8d2264322c5862,SO68990,2,PK-7098,1,2,c885741a5e3e55c84950327011b70289
16306,70951886788165a5e2439adfce4d0cce,ca38f30e56a72f4d0c8d2264322c5862,SO68990,5,TT-T092,1,5,c885741a5e3e55c84950327011b70289
16306,d6ab5a0eee939524352092b964d92b84,106dfbaf552c07a1b08d065f2c343982,SO55206,22,FE-6654,1,22,3c4bf68562424c26986beae6ce13704a
16307,4004a117f65dfd3221a9cce8fce5a45f,6ef7b4bb93d4e54234cf965ed2334682,SO66701,4590,BK-M68B-42,2,4590,0120f4004ede1143c3be6caa4227affe
16307,4004a117f65dfd3221a9cce8fce5a45f,6ef7b4bb93d4e54234cf965ed2334682,SO66701,22,FE-6654,1,22,0120f4004ede1143c3be6caa4227affe
16307,4004a117f65dfd3221a9cce8fce5a45f,6ef7b4bb93d4e54234cf965ed2334682,SO66701,105,HL-U509,3,105,0120f4004ede1143c3be6caa4227affe
16307,705fa39ab40831529471c768490339ab,63efdd3324df66c9965bd622cdebe06a,SO68860,2384,BK-T79U-50,1,2384,4584ca349e0920f4436a3c2f36158b85
16307,bdeaa4898e182be99121455d5c86cce1,cb5cf2f8eca0fe257d74c13a785b98c3,SO48110,4364,BK-R89R-58,2,4364,9b2bcc77e799374ba0ba55212a17c6b3
16308,74b4466b347c60a98e00951770d7b9a2,6fc36aded95458634a0e8ab8b9ebc24a,SO47138,4364,BK-R89B-58,2,4364,84fa845331bd2bc65a54c460e17483e0
16308,9795c57676ee8b8b6ba9a6f9014a520b,c5ed53572c667b119dde2fc0f54de602,SO73726,10,BC-M005,1,10,b0950d12c62d3aeda81b2e8d06f2aef4
16308,9795c57676ee8b8b6ba9a6f9014a520b,c5ed53572c667b119dde2fc0f54de602,SO73726,4640,BK-M68S-46,2,4640,b0950d12c62d3aeda81b2e8d06f2aef4
16308,9795c57676ee8b8b6ba9a6f9014a520b,c5ed53572c667b119dde2fc0f54de602,SO73726,105,HL-U509-B,3,105,b0950d12c62d3aeda81b2e8d06f2aef4
16308,9795c57676ee8b8b6ba9a6f9014a520b,c5ed53572c667b119dde2fc0f54de602,SO73726,5,WB-H098,1,5,b0950d12c62d3aeda81b2e8d06f2aef4
16309,058af5b2a408d57b708367e5bf4e9d9c,e82ca4c6beebe812f10fa1041b97a160,SO66767,10,BC-M005,1,10,c507827aa5f4f6bbedf64058461c621b
16309,058af5b2a408d57b708367e5bf4e9d9c,e82ca4c6beebe812f10fa1041b97a160,SO66767,4590,BK-M68B-38,2,4590,c507827aa5f4f6bbedf64058461c621b
16309,058af5b2a408d57b708367e5bf4e9d9c,e82ca4c6beebe812f10fa1041b97a160,SO66767,5,WB-H098,1,5,c507827aa5f4f6bbedf64058461c621b
16309,5fcf51a91997cecbc58d2bde1a28e1ec,4dbaf4bdbce8284f0eb9870406ab7f04,SO48118,4364,BK-R89B-52,2,4364,5df3d5e6ab78e9109e9a80b7ac423282
16309,9f1ff00ea8fd9fd8f2d421ba5ec45a18,f88b3743a9ce1f9455b6de69380b486a,SO67477,2384,BK-T79Y-60,1,2384,0001ffe4d82d0d8f9fec5ab0b4faa2db
16309,9f1ff00ea8fd9fd8f2d421ba5ec45a18,f88b3743a9ce1f9455b6de69380b486a,SO67477,105,HL-U509-R,3,105,0001ffe4d82d0d8f9fec5ab0b4faa2db
16310,0b80ce5eab877cae9997209e0bee6e60,a7cb0a760406e2013c8442a429fed0ae,SO51688,1215,BK-T44U-60,1,1215,70ad7386c1fe794c57fa3908ff22435d
16310,0b80ce5eab877cae9997209e0bee6e60,a7cb0a760406e2013c8442a429fed0ae,SO51688,105,HL-U509-B,3,105,70ad7386c1fe794c57fa3908ff22435d
16310,14cf1002d25f6005ecb94636b7f549b1,70dbbfe9e1fafe828bd88bd62f0de8f4,SO50101,2443,BK-R89R-48,1,2443,d35624c3724a7f923a0dcae76c01cb28
16310,705fa39ab40831529471c768490339ab,63efdd3324df66c9965bd622cdebe06a,SO68825,4590,BK-M68B-46,2,4590,4584ca349e0920f4436a3c2f36158b85
16310,705fa39ab40831529471c768490339ab,63efdd3324df66c9965bd622cdebe06a,SO68825,22,FE-6654,1,22,4584ca349e0920f4436a3c2f36158b85
16311,8799729d3a89b836b7fb8096b7f545c8,a74d75778ebcaa9a01805f980ea906db,SO47085,4364,BK-R89B-58,2,4364,663d11326de76cfa493cc577763c59ee
16311,9bbc713be22755b8ea8e3b596e06edd2,9f14679403a464909296961b7547fa87,SO51286,769,BK-M38S-40,1,769,78cee6501c10922e466c02f814c8627b
16311,9bbc713be22755b8ea8e3b596e06edd2,9f14679403a464909296961b7547fa87,SO51286,2,PK-7098,1,2,78cee6501c10922e466c02f814c8627b
16311,9bbc713be22755b8ea8e3b596e06edd2,9f14679403a464909296961b7547fa87,SO51286,30,TI-M602,1,30,78cee6501c10922e466c02f814c8627b
16311,9bbc713be22755b8ea8e3b596e06edd2,9f14679403a464909296961b7547fa87,SO51286,5,TT-M928,1,5,78cee6501c10922e466c02f814c8627b
16312,58c4ce5b9433e7b6d41793d5a76d5590,1556bafff387fc8f2f6fef64c1daa6bc,SO71307,105,HL-U509,3,105,fd5ba6fdeb81e07b2caf0b103489bd8d
16312,58c4ce5b9433e7b6d41793d5a76d5590,1556bafff387fc8f2f6fef64c1daa6bc,SO71307,25,TI-R628,1,25,fd5ba6fdeb81e07b2caf0b103489bd8d
16312,58c4ce5b9433e7b6d41793d5a76d5590,1556bafff387fc8f2f6fef64c1daa6bc,SO71307,4,TT-R982,1,4,fd5ba6fdeb81e07b2caf0b103489bd8d
16313,07f0f4d1950116643ea4a45db1bc7999,7cfccbeb91431429b23b0e41a99488f0,SO48171,2443,BK-R89R-52,1,2443,efeeb9aa018e1010ee17c973765ea138
16313,4b74d4eac4c3a33d22d34af93569c011,c96b659647361342a1bb035614c242b1,SO51180,9,BC-R205,1,9,9f14679403a464909296961b7547fa87
16313,4b74d4eac4c3a33d22d34af93569c011,c96b659647361342a1bb035614c242b1,SO51180,4886,BK-R89B-44,2,4886,9f14679403a464909296961b7547fa87
16313,4b74d4eac4c3a33d22d34af93569c011,c96b659647361342a1bb035614c242b1,SO51180,105,HL-U509-R,3,105,9f14679403a464909296961b7547fa87
16313,4b74d4eac4c3a33d22d34af93569c011,c96b659647361342a1bb035614c242b1,SO51180,150,LJ-0192-M,3,150,9f14679403a464909296961b7547fa87
16313,4b74d4eac4c3a33d22d34af93569c011,c96b659647361342a1bb035614c242b1,SO51180,5,WB-H098,1,5,9f14679403a464909296961b7547fa87
16314,2becb9647677a1a316b388bbad689580,013f173c58073e845f675d26fdde1918,SO61404,22,FE-6654,1,22,0383d48e76cd8a3dfb9e2a890f2cac18
16314,2becb9647677a1a316b388bbad689580,013f173c58073e845f675d26fdde1918,SO61404,150,LJ-0192-L,3,150,0383d48e76cd8a3dfb9e2a890f2cac18
16314,40e7dd73b09eac540e790daf6fac41af,14e4b13c27fb9bce9938ce35b6597eca,SO54168,105,HL-U509-B,3,105,3f20f21c57e09a6c071e44d1fe74b58a
16314,40e7dd73b09eac540e790daf6fac41af,14e4b13c27fb9bce9938ce35b6597eca,SO54168,5,TT-T092,1,5,3f20f21c57e09a6c071e44d1fe74b58a
16315,175a5d217fad85df9f6639d7ced1e5d9,511572e8a25e86c2f48ae9e6d73a1e6a,SO68915,25,TI-R628,1,25,66e56e10b0f528b66a45e307ecdf4774
16315,175a5d217fad85df9f6639d7ced1e5d9,511572e8a25e86c2f48ae9e6d73a1e6a,SO68915,4,TT-R982,1,4,66e56e10b0f528b66a45e307ecdf4774
16316,20b5e9ce0f87defd975a322149ec8cc6,9bbc713be22755b8ea8e3b596e06edd2,SO51485,4886,BK-R89B-44,2,4886,679eed5d77e30211eb990c0c13145df3
16316,20b5e9ce0f87defd975a322149ec8cc6,9bbc713be22755b8ea8e3b596e06edd2,SO51485,2,PK-7098,1,2,679eed5d77e30211eb990c0c13145df3
16316,20b5e9ce0f87defd975a322149ec8cc6,9bbc713be22755b8ea8e3b596e06edd2,SO51485,33,TI-R982,1,33,679eed5d77e30211eb990c0c13145df3
16316,b34e643874d56f7909d7abbfa923fb5a,b2d2f5ceb10246b49d6ab4905e6f9753,SO48180,4364,BK-R89B-58,2,4364,c260b06ffc51ebc422646203046c8eda
16317,0120f4004ede1143c3be6caa4227affe,93ddc10d6cf61153011df052aa76671f,SO66382,769,BK-M38S-38,1,769,07b7d2aed13a63a16377587dcc0abbe8
16317,0120f4004ede1143c3be6caa4227affe,93ddc10d6cf61153011df052aa76671f,SO66382,150,LJ-0192-L,3,150,07b7d2aed13a63a16377587dcc0abbe8
16317,8bcf785b838fcdc4c1567a41e1906287,41c97bac51d5ee4cfce0cfa86385fdbe,SO47235,4364,BK-R89B-48,2,4364,be6c9b96c35f6d80642550df922ea69a
16318,e2f0a420a4c1a9e8e292761f835e0489,4eec6eda382b9c44e240ad4b4b5e9cc0,SO65569,769,BK-M38S-40,1,769,9d934f91c460e9947414d00048f2fa36
16318,e2f0a420a4c1a9e8e292761f835e0489,4eec6eda382b9c44e240ad4b4b5e9cc0,SO65569,105,HL-U509,3,105,9d934f91c460e9947414d00048f2fa36
16318,e2f0a420a4c1a9e8e292761f835e0489,4eec6eda382b9c44e240ad4b4b5e9cc0,SO65569,30,TI-M602,1,30,9d934f91c460e9947414d00048f2fa36
16318,e2f0a420a4c1a9e8e292761f835e0489,4eec6eda382b9c44e240ad4b4b5e9cc0,SO65569,5,TT-M928,1,5,9d934f91c460e9947414d00048f2fa36
16318,fffd2144f47526eeb222541136a47d44,b5bd60d2c998267a6b6a11a2521b0b65,SO47291,4364,BK-R89R-58,2,4364,e4eb0466781b24d67b81f508aeab70b7
16319,3c4bf68562424c26986beae6ce13704a,dba3e44e23a1d2c2f299811e94db7fce,SO54956,2,PK-7098,1,2,1f50dad3f1493a5cf408c4eb3987479e
16319,3c4bf68562424c26986beae6ce13704a,dba3e44e23a1d2c2f299811e94db7fce,SO54956,25,TI-R628,1,25,1f50dad3f1493a5cf408c4eb3987479e
16320,41464bd548f06ca845208f69df30ac82,15aceb75d86814cb479f1b1a9487c3d4,SO53697,48,GL-H102-L,2,48,3e48b2167bd86ef570e46d0b286c4f74
16320,41464bd548f06ca845208f69df30ac82,15aceb75d86814cb479f1b1a9487c3d4,SO53697,25,TI-R628,1,25,3e48b2167bd86ef570e46d0b286c4f74
16321,870bd4f3713260418e4f342f31dc7e33,94c60e0b5e2b0f78b919a5d4c67d70a2,SO62911,105,HL-U509,3,105,2fe1a028f9398deb2efcd536c8246fae
16321,870bd4f3713260418e4f342f31dc7e33,94c60e0b5e2b0f78b919a5d4c67d70a2,SO62911,150,LJ-0192-M,3,150,2fe1a028f9398deb2efcd536c8246fae
16321,870bd4f3713260418e4f342f31dc7e33,94c60e0b5e2b0f78b919a5d4c67d70a2,SO62911,5,TT-T092,1,5,2fe1a028f9398deb2efcd536c8246fae
16321,a1e59736d286765313b8212467dc64b2,43e2cc7ff261723f93f64f3f7e9faa8d,SO74236,2,PK-7098,1,2,ca5b8307fa5f2189fb98330a9d65927c
16321,a1e59736d286765313b8212467dc64b2,43e2cc7ff261723f93f64f3f7e9faa8d,SO74236,5,TT-M928,1,5,ca5b8307fa5f2189fb98330a9d65927c
16322,94b225b5b1f09ecd5e8ecdfb681ff04c,f75e5f8c15ca91ec5c869dc3881f574f,SO64339,25,TI-R628,1,25,61e00b038efd34bdf9c747596273cbcf
16322,94b225b5b1f09ecd5e8ecdfb681ff04c,f75e5f8c15ca91ec5c869dc3881f574f,SO64339,4,TT-R982,1,4,61e00b038efd34bdf9c747596273cbcf
16323,c87874400b9f907bdf9ea37d75a4b341,23bd9a9b90557e9da7babfb8e3d2df22,SO64568,25,TI-R628,1,25,8b9fe4b34e3c54f08bfcac3d9691e260
16324,0dc34ca2aaa8612cde077f1880b78b25,361e2c62255e0c1887ac2139911ca300,SO52482,769,BK-M38S-46,1,769,7f026edc73bd4602381834e9b850d6c2
16324,0dc34ca2aaa8612cde077f1880b78b25,361e2c62255e0c1887ac2139911ca300,SO52482,105,HL-U509,3,105,7f026edc73bd4602381834e9b850d6c2
16324,0dc34ca2aaa8612cde077f1880b78b25,361e2c62255e0c1887ac2139911ca300,SO52482,30,TI-M602,1,30,7f026edc73bd4602381834e9b850d6c2
16324,0dc34ca2aaa8612cde077f1880b78b25,361e2c62255e0c1887ac2139911ca300,SO52482,5,TT-M928,1,5,7f026edc73bd4602381834e9b850d6c2
16324,ff6b0fd180b0673e54be5105922418c2,d6e34f14e6924cef6c0e043d6ab84346,SO47330,2443,BK-R89R-48,1,2443,fdc720a8abaa222620409b00b4e00cc2
16325,511572e8a25e86c2f48ae9e6d73a1e6a,8e8847c1bdf012037ee13bb62da8a5c1,SO68120,5,TT-M928,1,5,691ad1b0dca3643b923973defd014d47
16325,58c4ce5b9433e7b6d41793d5a76d5590,1556bafff387fc8f2f6fef64c1daa6bc,SO71313,2,PK-7098,1,2,fd5ba6fdeb81e07b2caf0b103489bd8d
16325,58c4ce5b9433e7b6d41793d5a76d5590,1556bafff387fc8f2f6fef64c1daa6bc,SO71313,159,ST-1401,1,159,fd5ba6fdeb81e07b2caf0b103489bd8d
16325,58c4ce5b9433e7b6d41793d5a76d5590,1556bafff387fc8f2f6fef64c1daa6bc,SO71313,5,TT-T092,1,5,fd5ba6fdeb81e07b2caf0b103489bd8d
16326,5691ac18f59a9af20f9d8703772afbba,d8a4ea0dc4237ee8690ee37b3902fd0e,SO55945,25,TI-M267,1,25,bc761b2b7297029a695fbd6dd0470724
16327,236684fb5e7041b0bce387092d87c3ea,5df3d5e6ab78e9109e9a80b7ac423282,SO48165,4364,BK-R89B-44,2,4364,c23832fbf23a0e7899927ece4d109c94
16327,e5bf4a4a03e320ed76cf2ca68fa5b4c0,0a6c721efa4fbe33f8e9e76a63f5b591,SO51663,9,BC-R205,1,9,e2f7ff887646789ea003d03bc2025325
16327,e5bf4a4a03e320ed76cf2ca68fa5b4c0,0a6c721efa4fbe33f8e9e76a63f5b591,SO51663,4886,BK-R89B-44,2,4886,e2f7ff887646789ea003d03bc2025325
16327,e5bf4a4a03e320ed76cf2ca68fa5b4c0,0a6c721efa4fbe33f8e9e76a63f5b591,SO51663,27,CA-1098,3,27,e2f7ff887646789ea003d03bc2025325
16327,e5bf4a4a03e320ed76cf2ca68fa5b4c0,0a6c721efa4fbe33f8e9e76a63f5b591,SO51663,5,WB-H098,1,5,e2f7ff887646789ea003d03bc2025325
16328,be6c9b96c35f6d80642550df922ea69a,8799729d3a89b836b7fb8096b7f545c8,SO47192,4364,BK-R89R-58,2,4364,9b657dcbee0478c7d9be871266f00f1f
16328,f88b3743a9ce1f9455b6de69380b486a,64cadfde6f66bc25043d0d69f5ae5471,SO66579,769,BK-M38S-38,1,769,3dc63b2d6dcc8f0b6720b06b5439a0b1
16328,f88b3743a9ce1f9455b6de69380b486a,64cadfde6f66bc25043d0d69f5ae5471,SO66579,150,LJ-0192-S,3,150,3dc63b2d6dcc8f0b6720b06b5439a0b1
16329,540c97e65b08aac734db0196254259fd,c6dec085564ebca8c2e300f077425d2f,SO47077,2443,BK-R89R-48,1,2443,6fc36aded95458634a0e8ab8b9ebc24a
16329,cd15e5f80ff20dd345bfaa51400dd0d6,3a2f313512bb520c43971e54ba834dec,SO66652,769,BK-M38S-38,1,769,4efe8b2ca156042f8a3d8dd6aba54520
16329,cd15e5f80ff20dd345bfaa51400dd0d6,3a2f313512bb520c43971e54ba834dec,SO66652,22,FE-6654,1,22,4efe8b2ca156042f8a3d8dd6aba54520
16329,cd15e5f80ff20dd345bfaa51400dd0d6,3a2f313512bb520c43971e54ba834dec,SO66652,2,PK-7098,1,2,4efe8b2ca156042f8a3d8dd6aba54520
16329,cd15e5f80ff20dd345bfaa51400dd0d6,3a2f313512bb520c43971e54ba834dec,SO66652,30,TI-M602,1,30,4efe8b2ca156042f8a3d8dd6aba54520
16329,cd15e5f80ff20dd345bfaa51400dd0d6,3a2f313512bb520c43971e54ba834dec,SO66652,5,TT-M928,1,5,4efe8b2ca156042f8a3d8dd6aba54520
16330,174acf6ca4e9804d47a59a499422e621,5abaefcc8525a8f4cfd95cba9e926532,SO58318,2,PK-7098,1,2,eba6cab7267f82e3b2a063d5ea445bb9
16330,174acf6ca4e9804d47a59a499422e621,5abaefcc8525a8f4cfd95cba9e926532,SO58318,25,TI-R628,1,25,eba6cab7267f82e3b2a063d5ea445bb9
16330,174acf6ca4e9804d47a59a499422e621,5abaefcc8525a8f4cfd95cba9e926532,SO58318,4,TT-R982,1,4,eba6cab7267f82e3b2a063d5ea445bb9
16331,3c8e2c51453f4d665f1050da871dead6,1f50dad3f1493a5cf408c4eb3987479e,SO55413,10,BC-M005,1,10,d34ba8f5d7fd7d5959a34c283fbec422
16331,3c8e2c51453f4d665f1050da871dead6,1f50dad3f1493a5cf408c4eb3987479e,SO55413,105,HL-U509-R,3,105,d34ba8f5d7fd7d5959a34c283fbec422
16331,3c8e2c51453f4d665f1050da871dead6,1f50dad3f1493a5cf408c4eb3987479e,SO55413,5,WB-H098,1,5,d34ba8f5d7fd7d5959a34c283fbec422
16331,838eec1f117f2cab9e9c306f7efbff28,13b7c2277967bc61802018c764b5b2a0,SO74911,8,CL-9009,1,8,9a027fc72b503940a96d5137762a263e
16331,838eec1f117f2cab9e9c306f7efbff28,13b7c2277967bc61802018c764b5b2a0,SO74911,22,FE-6654,1,22,9a027fc72b503940a96d5137762a263e
16331,ab2e81a99745ffff6c06e2be93290d1b,76e3c19dbb0dadc4c6dc771d856e4676,SO54114,2,PK-7098,1,2,1685ca8ff12ea83725a1c35e1d89c5cd
16331,ab2e81a99745ffff6c06e2be93290d1b,76e3c19dbb0dadc4c6dc771d856e4676,SO54114,33,TI-R982,1,33,1685ca8ff12ea83725a1c35e1d89c5cd
16331,ab2e81a99745ffff6c06e2be93290d1b,76e3c19dbb0dadc4c6dc771d856e4676,SO54114,4,TT-R982,1,4,1685ca8ff12ea83725a1c35e1d89c5cd
16332,6dd75c28a9a8a39e02bc0a175f82a9f3,dfcee565bb2da80a7b76451a5cd314a1,SO66892,2,PK-7098,1,2,f88b3743a9ce1f9455b6de69380b486a
16332,6dd75c28a9a8a39e02bc0a175f82a9f3,dfcee565bb2da80a7b76451a5cd314a1,SO66892,29,TI-T723,1,29,f88b3743a9ce1f9455b6de69380b486a
16332,6dd75c28a9a8a39e02bc0a175f82a9f3,dfcee565bb2da80a7b76451a5cd314a1,SO66892,5,TT-T092,1,5,f88b3743a9ce1f9455b6de69380b486a
16332,9795c57676ee8b8b6ba9a6f9014a520b,c5ed53572c667b119dde2fc0f54de602,SO73718,22,FE-6654,1,22,b0950d12c62d3aeda81b2e8d06f2aef4
16332,9795c57676ee8b8b6ba9a6f9014a520b,c5ed53572c667b119dde2fc0f54de602,SO73718,105,HL-U509-B,3,105,b0950d12c62d3aeda81b2e8d06f2aef4
16332,9795c57676ee8b8b6ba9a6f9014a520b,c5ed53572c667b119dde2fc0f54de602,SO73718,54,SJ-0194-X,1,54,b0950d12c62d3aeda81b2e8d06f2aef4
16333,7254e54716fe52361e62aa16ea2e0797,6eaadc1181f307997dc853d9ed40db36,SO59436,22,FE-6654,1,22,e7df1b3ee078bdcfc260a877f321287d
16333,7254e54716fe52361e62aa16ea2e0797,6eaadc1181f307997dc853d9ed40db36,SO59436,105,HL-U509,3,105,e7df1b3ee078bdcfc260a877f321287d
16334,db2b287636ac5ebda430de4f3f643b24,7af7abc5e37d5fa2e2334b4fec2584e2,SO51994,8,CL-9009,1,8,bee2b842cd357511cf4c8e509f5af192
16334,db2b287636ac5ebda430de4f3f643b24,7af7abc5e37d5fa2e2334b4fec2584e2,SO51994,22,FE-6654,1,22,bee2b842cd357511cf4c8e509f5af192
16334,db2b287636ac5ebda430de4f3f643b24,7af7abc5e37d5fa2e2334b4fec2584e2,SO51994,55,HY-1023-70,1,55,bee2b842cd357511cf4c8e509f5af192
16335,6dd75c28a9a8a39e02bc0a175f82a9f3,dfcee565bb2da80a7b76451a5cd314a1,SO66908,10,BC-M005,1,10,f88b3743a9ce1f9455b6de69380b486a
16335,6dd75c28a9a8a39e02bc0a175f82a9f3,dfcee565bb2da80a7b76451a5cd314a1,SO66908,22,FE-6654,1,22,f88b3743a9ce1f9455b6de69380b486a
16335,6dd75c28a9a8a39e02bc0a175f82a9f3,dfcee565bb2da80a7b76451a5cd314a1,SO66908,5,WB-H098,1,5,f88b3743a9ce1f9455b6de69380b486a
16336,702a02712215141594ddf8e52b0a651c,cd15e5f80ff20dd345bfaa51400dd0d6,SO67517,48,GL-H102-L,2,48,caa707f97407c07371136aaf471a91d4
16336,702a02712215141594ddf8e52b0a651c,cd15e5f80ff20dd345bfaa51400dd0d6,SO67517,105,HL-U509-R,3,105,caa707f97407c07371136aaf471a91d4
16336,702a02712215141594ddf8e52b0a651c,cd15e5f80ff20dd345bfaa51400dd0d6,SO67517,5,TT-M928,1,5,caa707f97407c07371136aaf471a91d4
16337,c4c454d69a39e60a6f5cf2f97148adad,49fce086a31f1cfcf16b54e462f7cbc0,SO71584,2,PK-7098,1,2,31c99d724c1f182c60edb82eb4740277
16337,c4c454d69a39e60a6f5cf2f97148adad,49fce086a31f1cfcf16b54e462f7cbc0,SO71584,5,TT-M928,1,5,31c99d724c1f182c60edb82eb4740277
16338,0e23f371129aecc6b2033620b226f8d7,fda052162862bb845297063fd71a580c,SO57193,22,FE-6654,1,22,40ff348468b73116a7077c246985e0bf
16338,0e23f371129aecc6b2033620b226f8d7,fda052162862bb845297063fd71a580c,SO57193,105,HL-U509-R,3,105,40ff348468b73116a7077c246985e0bf
16338,0e23f371129aecc6b2033620b226f8d7,fda052162862bb845297063fd71a580c,SO57193,54,SJ-0194-L,1,54,40ff348468b73116a7077c246985e0bf
16338,361e2c62255e0c1887ac2139911ca300,20b5e9ce0f87defd975a322149ec8cc6,SO51884,48,GL-H102-L,2,48,eedd9be5500334505ed9d4aef801ac3d
16338,361e2c62255e0c1887ac2139911ca300,20b5e9ce0f87defd975a322149ec8cc6,SO51884,29,TI-T723,1,29,eedd9be5500334505ed9d4aef801ac3d
16338,361e2c62255e0c1887ac2139911ca300,20b5e9ce0f87defd975a322149ec8cc6,SO51884,5,TT-T092,1,5,eedd9be5500334505ed9d4aef801ac3d
16339,9f14679403a464909296961b7547fa87,186b0be01dd08ffcc5cb19cc226fb731,SO51033,4098,BK-M68B-38,2,4098,892aa61c5dad53571248cc492fa50176
16339,e8c0bfc4371d81db0dacde1b8fa393ca,e5cdc2e9be5ecca55f34ea2ebabb8670,SO51338,2240,BK-R64Y-38,2,2240,01070cf843f2ca45e3d4ec7c02c52551
16340,d8a4ea0dc4237ee8690ee37b3902fd0e,0c8ff735cb2b05718573c08173335fd4,SO55177,9,BC-R205,1,9,fef3080ec197edd1a04bb18afd31d16d
16340,d8a4ea0dc4237ee8690ee37b3902fd0e,0c8ff735cb2b05718573c08173335fd4,SO55177,540,BK-R19B-48,1,540,fef3080ec197edd1a04bb18afd31d16d
16340,d8a4ea0dc4237ee8690ee37b3902fd0e,0c8ff735cb2b05718573c08173335fd4,SO55177,55,HY-1023-70,1,55,fef3080ec197edd1a04bb18afd31d16d
16340,d8a4ea0dc4237ee8690ee37b3902fd0e,0c8ff735cb2b05718573c08173335fd4,SO55177,5,WB-H098,1,5,fef3080ec197edd1a04bb18afd31d16d
16341,2296af5563b2061aa1d88124a37eecb7,6866da5d40f1aad2d82129d5ffa25bda,SO66516,2,PK-7098,1,2,05e7920e8caf0303dc01b77666952b75
16341,2296af5563b2061aa1d88124a37eecb7,6866da5d40f1aad2d82129d5ffa25bda,SO66516,29,TI-T723,1,29,05e7920e8caf0303dc01b77666952b75
16341,b34050290c25b0f7b52a2b8f767df87d,caa707f97407c07371136aaf471a91d4,SO67966,22,FE-6654,1,22,36ab6f1df21f3c9a169c8942e981959a
16341,b34050290c25b0f7b52a2b8f767df87d,caa707f97407c07371136aaf471a91d4,SO67966,105,HL-U509-R,3,105,36ab6f1df21f3c9a169c8942e981959a
16342,c4c454d69a39e60a6f5cf2f97148adad,49fce086a31f1cfcf16b54e462f7cbc0,SO71564,22,FE-6654,1,22,31c99d724c1f182c60edb82eb4740277
16342,c4c454d69a39e60a6f5cf2f97148adad,49fce086a31f1cfcf16b54e462f7cbc0,SO71564,48,GL-H102-S,2,48,31c99d724c1f182c60edb82eb4740277
16342,e4b40b4ba619c72ec5a69caad258d393,b0950d12c62d3aeda81b2e8d06f2aef4,SO74190,8,CL-9009,1,8,8babade0595c11e14dd89058a850f2cd
16342,e4b40b4ba619c72ec5a69caad258d393,b0950d12c62d3aeda81b2e8d06f2aef4,SO74190,55,HY-1023-70,1,55,8babade0595c11e14dd89058a850f2cd
16342,e4b40b4ba619c72ec5a69caad258d393,b0950d12c62d3aeda81b2e8d06f2aef4,SO74190,29,TI-T723,1,29,8babade0595c11e14dd89058a850f2cd
16342,e4b40b4ba619c72ec5a69caad258d393,b0950d12c62d3aeda81b2e8d06f2aef4,SO74190,5,TT-T092,1,5,8babade0595c11e14dd89058a850f2cd
16343,1faee5670542865e021595151379fe5c,e5114f65ece65e14e7b721dab1e674e0,SO69723,22,FE-6654,1,22,83d1ed00595e79ee5ea3797e97970fe8
16343,5072507e949a2c25948a591c4da194e1,a189cc17a15cdb4e39e80dfcd8374c76,SO59657,2,PK-7098,1,2,ad0b7f5ad35732646f1e5f67418d5995
16343,5072507e949a2c25948a591c4da194e1,a189cc17a15cdb4e39e80dfcd8374c76,SO59657,29,TI-T723,1,29,ad0b7f5ad35732646f1e5f67418d5995
16343,5072507e949a2c25948a591c4da194e1,a189cc17a15cdb4e39e80dfcd8374c76,SO59657,5,TT-T092,1,5,ad0b7f5ad35732646f1e5f67418d5995
16344,705fa39ab40831529471c768490339ab,63efdd3324df66c9965bd622cdebe06a,SO68859,4590,BK-M68B-42,2,4590,4584ca349e0920f4436a3c2f36158b85
16345,66e56e10b0f528b66a45e307ecdf4774,691ad1b0dca3643b923973defd014d47,SO68608,565,BK-M18S-52,1,565,8eb7a1b0dba9fdd5f4248b9cb6b9119b
16345,66e56e10b0f528b66a45e307ecdf4774,691ad1b0dca3643b923973defd014d47,SO68608,25,TI-M267,1,25,8eb7a1b0dba9fdd5f4248b9cb6b9119b
16345,66e56e10b0f528b66a45e307ecdf4774,691ad1b0dca3643b923973defd014d47,SO68608,5,TT-M928,1,5,8eb7a1b0dba9fdd5f4248b9cb6b9119b
16345,b47e9c83e7be8d53bdb2baa76353f95d,8bb6e395a61f435871f799e706173295,SO43797,3578,BK-R93R-48,1,3578,c9c758d55bdf03ac0820bdda8c88e7f9
16346,089c2a426c196c5ca5facb20896c90bb,bc761b2b7297029a695fbd6dd0470724,SO56273,2,PK-7098,1,2,55f9f4cb5784581a517e59904e0d5e2f
16346,089c2a426c196c5ca5facb20896c90bb,bc761b2b7297029a695fbd6dd0470724,SO56273,4,TT-R982,1,4,55f9f4cb5784581a517e59904e0d5e2f
16346,9795c57676ee8b8b6ba9a6f9014a520b,c5ed53572c667b119dde2fc0f54de602,SO73717,2,PK-7098,1,2,b0950d12c62d3aeda81b2e8d06f2aef4
16346,9795c57676ee8b8b6ba9a6f9014a520b,c5ed53572c667b119dde2fc0f54de602,SO73717,25,TI-R628,1,25,b0950d12c62d3aeda81b2e8d06f2aef4
16346,9795c57676ee8b8b6ba9a6f9014a520b,c5ed53572c667b119dde2fc0f54de602,SO73717,4,TT-R982,1,4,b0950d12c62d3aeda81b2e8d06f2aef4
16347,1ba7e8cdf85da6cf5e11554703236b52,9592b44e2c3f304a9875f45537bec6eb,SO73693,4590,BK-M68B-42,2,4590,4c6ed4daa82e7326b84c24f4c2ae7064
16347,1ba7e8cdf85da6cf5e11554703236b52,9592b44e2c3f304a9875f45537bec6eb,SO73693,8,CL-9009,1,8,4c6ed4daa82e7326b84c24f4c2ae7064
16347,1ba7e8cdf85da6cf5e11554703236b52,9592b44e2c3f304a9875f45537bec6eb,SO73693,2,PK-7098,1,2,4c6ed4daa82e7326b84c24f4c2ae7064
16347,1ba7e8cdf85da6cf5e11554703236b52,9592b44e2c3f304a9875f45537bec6eb,SO73693,35,TI-M823,1,35,4c6ed4daa82e7326b84c24f4c2ae7064
16347,86088cdbc16fb0d5afd262a9b229fed2,9effb9136439084df69d3197f50eb040,SO43830,3578,BK-R93R-44,1,3578,b6bbe024fcbfd670a10e8dec3cd187f9
16348,9795c57676ee8b8b6ba9a6f9014a520b,c5ed53572c667b119dde2fc0f54de602,SO73764,10,BC-M005,1,10,b0950d12c62d3aeda81b2e8d06f2aef4
16348,9795c57676ee8b8b6ba9a6f9014a520b,c5ed53572c667b119dde2fc0f54de602,SO73764,4590,BK-M68B-46,2,4590,b0950d12c62d3aeda81b2e8d06f2aef4
16348,9795c57676ee8b8b6ba9a6f9014a520b,c5ed53572c667b119dde2fc0f54de602,SO73764,105,HL-U509,3,105,b0950d12c62d3aeda81b2e8d06f2aef4
16348,d8b441941a26e6828acf8cdaf0d6084e,8b2e1fff3ce3e2505a49fe7473894072,SO43774,3578,BK-R93R-52,1,3578,c694f825bbbc9515aa53a3169d7ebce9
16349,0215d13a3368541a5d2965db89d41de3,fdf68f0ae4edf12f9c0572d684f6fb6b,SO43825,3578,BK-R93R-52,1,3578,b47e9c83e7be8d53bdb2baa76353f95d
16349,b0950d12c62d3aeda81b2e8d06f2aef4,e366e24b8ad0b1107528f2f58cd15a81,SO73395,4640,BK-M68S-46,2,4640,a048b8d5f3f9178f163e2be055f0138b
16350,87553261d36dba5a0bbb0f1d4027c7b7,c694f825bbbc9515aa53a3169d7ebce9,SO43809,3578,BK-R93R-62,1,3578,e1177aa92fd6f143803910e5ee60d40a
16350,9795c57676ee8b8b6ba9a6f9014a520b,c5ed53572c667b119dde2fc0f54de602,SO73766,4590,BK-M68B-42,2,4590,b0950d12c62d3aeda81b2e8d06f2aef4
16350,9795c57676ee8b8b6ba9a6f9014a520b,c5ed53572c667b119dde2fc0f54de602,SO73766,8,CL-9009,1,8,b0950d12c62d3aeda81b2e8d06f2aef4
16350,9795c57676ee8b8b6ba9a6f9014a520b,c5ed53572c667b119dde2fc0f54de602,SO73766,22,FE-6654,1,22,b0950d12c62d3aeda81b2e8d06f2aef4
16351,545a3d56d20b22e09aa85bfa5ed8738d,31c99d724c1f182c60edb82eb4740277,SO72254,4590,BK-M68B-38,2,4590,a9cd7a99d71cca9cb644010050374ade
16351,54867044168b33be2be2e9550aae73b6,520747a2cb70e20ec6fe5d384cfadf79,SO43709,3578,BK-R93R-52,1,3578,9f3fe36539fdc61fea0c91c4694fd369
16352,c83e871e48c2716e0f28e60d166a5c98,6a8d7e42bb852c45fbf8610361d391a0,SO72108,4640,BK-M68S-38,2,4640,c4c454d69a39e60a6f5cf2f97148adad
16352,c83e871e48c2716e0f28e60d166a5c98,6a8d7e42bb852c45fbf8610361d391a0,SO72108,8,CL-9009,1,8,c4c454d69a39e60a6f5cf2f97148adad
16352,c83e871e48c2716e0f28e60d166a5c98,6a8d7e42bb852c45fbf8610361d391a0,SO72108,2,PK-7098,1,2,c4c454d69a39e60a6f5cf2f97148adad
16352,c83e871e48c2716e0f28e60d166a5c98,6a8d7e42bb852c45fbf8610361d391a0,SO72108,35,TI-M823,1,35,c4c454d69a39e60a6f5cf2f97148adad
16352,c83e871e48c2716e0f28e60d166a5c98,6a8d7e42bb852c45fbf8610361d391a0,SO72108,5,TT-M928,1,5,c4c454d69a39e60a6f5cf2f97148adad
16352,fdf68f0ae4edf12f9c0572d684f6fb6b,bd0ae680b4a62b8b5bdab83f032b2284,SO43760,3578,BK-R93R-56,1,3578,8bb6e395a61f435871f799e706173295
16353,7983129d9883ebc3b9dce3311996b001,0df76889b3e31ccfd17b50cc73baef03,SO59784,22,FE-6654,1,22,7254e54716fe52361e62aa16ea2e0797
16353,7983129d9883ebc3b9dce3311996b001,0df76889b3e31ccfd17b50cc73baef03,SO59784,105,HL-U509-B,3,105,7254e54716fe52361e62aa16ea2e0797
16353,7983129d9883ebc3b9dce3311996b001,0df76889b3e31ccfd17b50cc73baef03,SO59784,150,LJ-0192-M,3,150,7254e54716fe52361e62aa16ea2e0797
16354,ab2e81a99745ffff6c06e2be93290d1b,76e3c19dbb0dadc4c6dc771d856e4676,SO54142,540,BK-R19B-52,1,540,1685ca8ff12ea83725a1c35e1d89c5cd
16354,ab2e81a99745ffff6c06e2be93290d1b,76e3c19dbb0dadc4c6dc771d856e4676,SO54142,105,HL-U509-R,3,105,1685ca8ff12ea83725a1c35e1d89c5cd
16355,5a06908cc28b799b04fc1c47664462e6,da9c4ba6c9a1ae8725389bfd38b5763a,SO54741,105,HL-U509-R,3,105,6d338b8c41c717c4336ad0084a80dca4
16355,5a06908cc28b799b04fc1c47664462e6,da9c4ba6c9a1ae8725389bfd38b5763a,SO54741,150,LJ-0192-X,3,150,6d338b8c41c717c4336ad0084a80dca4
16355,5a06908cc28b799b04fc1c47664462e6,da9c4ba6c9a1ae8725389bfd38b5763a,SO54741,5,TT-M928,1,5,6d338b8c41c717c4336ad0084a80dca4
16356,94c60e0b5e2b0f78b919a5d4c67d70a2,0d15ba5aa4c9ad0377b26e0cf7a86280,SO62196,2,PK-7098,1,2,9913e55755fcc4267a06c1e6adbbc7fb
16356,94c60e0b5e2b0f78b919a5d4c67d70a2,0d15ba5aa4c9ad0377b26e0cf7a86280,SO62196,5,TT-M928,1,5,9913e55755fcc4267a06c1e6adbbc7fb
16357,a1fedb8f5f2e08543339a5f167bee6b7,8b9fe4b34e3c54f08bfcac3d9691e260,SO64986,5,TT-M928,1,5,4eec6eda382b9c44e240ad4b4b5e9cc0
16358,0001ffe4d82d0d8f9fec5ab0b4faa2db,3dc63b2d6dcc8f0b6720b06b5439a0b1,SO67030,4,TT-R982,1,4,4004a117f65dfd3221a9cce8fce5a45f
16358,75fe8d7dec9d2a51be64595ab37dc674,ef5bad66aa19ccfb82cacb73584b83ea,SO58559,10,BC-M005,1,10,23f22724b430320654759f8512440ebc
16358,a8ef76a01442567fb64eb6f4408a9835,427ed6396fba4ed8ead9ec3229517d2b,SO56868,29,TI-T723,1,29,eba5233d2dd8ea5031e646882335ece0
16358,a8ef76a01442567fb64eb6f4408a9835,427ed6396fba4ed8ead9ec3229517d2b,SO56868,5,TT-T092,1,5,eba5233d2dd8ea5031e646882335ece0
16358,da9c4ba6c9a1ae8725389bfd38b5763a,3e48b2167bd86ef570e46d0b286c4f74,SO54082,35,TI-M823,1,35,9223b53f03a405f817e91392f0294f6a
16358,da9c4ba6c9a1ae8725389bfd38b5763a,3e48b2167bd86ef570e46d0b286c4f74,SO54082,5,TT-M928,1,5,9223b53f03a405f817e91392f0294f6a
16359,abe94c2111c58e9c9672602d41bce66e,0149f124a48640c62d90840ac5760331,SO64141,2,PK-7098,1,2,99b7e934795a93975a5e0c0b9b57d9ba
16359,abe94c2111c58e9c9672602d41bce66e,0149f124a48640c62d90840ac5760331,SO64141,5,TT-M928,1,5,99b7e934795a93975a5e0c0b9b57d9ba
16360,41464bd548f06ca845208f69df30ac82,15aceb75d86814cb479f1b1a9487c3d4,SO53714,9,BC-R205,1,9,3e48b2167bd86ef570e46d0b286c4f74
16360,41464bd548f06ca845208f69df30ac82,15aceb75d86814cb479f1b1a9487c3d4,SO53714,540,BK-R19B-44,1,540,3e48b2167bd86ef570e46d0b286c4f74
16360,41464bd548f06ca845208f69df30ac82,15aceb75d86814cb479f1b1a9487c3d4,SO53714,5,WB-H098,1,5,3e48b2167bd86ef570e46d0b286c4f74
16361,b8d9d66529b0a1e91f6137abcdd065dd,6d44506d59926d8d13d35f75d97f2a64,SO54233,4886,BK-R89B-48,2,4886,90c6314650a0d54fdcabe5cd5406f9af
16361,b8d9d66529b0a1e91f6137abcdd065dd,6d44506d59926d8d13d35f75d97f2a64,SO54233,105,HL-U509-R,3,105,90c6314650a0d54fdcabe5cd5406f9af
16361,b8d9d66529b0a1e91f6137abcdd065dd,6d44506d59926d8d13d35f75d97f2a64,SO54233,33,TI-R982,1,33,90c6314650a0d54fdcabe5cd5406f9af
16361,b8d9d66529b0a1e91f6137abcdd065dd,6d44506d59926d8d13d35f75d97f2a64,SO54233,4,TT-R982,1,4,90c6314650a0d54fdcabe5cd5406f9af
16362,fda052162862bb845297063fd71a580c,1678083e7ff90bd404baad3f60bffa37,SO56421,4886,BK-R89B-58,2,4886,a2c49941411089cb2a9cbf78cb803c26
16362,fda052162862bb845297063fd71a580c,1678083e7ff90bd404baad3f60bffa37,SO56421,2,PK-7098,1,2,a2c49941411089cb2a9cbf78cb803c26
16362,fda052162862bb845297063fd71a580c,1678083e7ff90bd404baad3f60bffa37,SO56421,33,TI-R982,1,33,a2c49941411089cb2a9cbf78cb803c26
16362,fda052162862bb845297063fd71a580c,1678083e7ff90bd404baad3f60bffa37,SO56421,4,TT-R982,1,4,a2c49941411089cb2a9cbf78cb803c26
16363,1f50dad3f1493a5cf408c4eb3987479e,226d694fb4b7f71d62444f9528be8704,SO54701,9,BC-R205,1,9,9c56075241a26f6fa77eb86b15411c6e
16363,1f50dad3f1493a5cf408c4eb3987479e,226d694fb4b7f71d62444f9528be8704,SO54701,4886,BK-R89B-48,2,4886,9c56075241a26f6fa77eb86b15411c6e
16363,1f50dad3f1493a5cf408c4eb3987479e,226d694fb4b7f71d62444f9528be8704,SO54701,48,GL-H102-M,2,48,9c56075241a26f6fa77eb86b15411c6e
16363,1f50dad3f1493a5cf408c4eb3987479e,226d694fb4b7f71d62444f9528be8704,SO54701,5,WB-H098,1,5,9c56075241a26f6fa77eb86b15411c6e
16364,d9f7611cf8d29b48a1d3d8fddb8c5b2e,55f9f4cb5784581a517e59904e0d5e2f,SO56678,4886,BK-R89B-44,2,4886,fda052162862bb845297063fd71a580c
16364,d9f7611cf8d29b48a1d3d8fddb8c5b2e,55f9f4cb5784581a517e59904e0d5e2f,SO56678,2,PK-7098,1,2,fda052162862bb845297063fd71a580c
16364,d9f7611cf8d29b48a1d3d8fddb8c5b2e,55f9f4cb5784581a517e59904e0d5e2f,SO56678,33,TI-R982,1,33,fda052162862bb845297063fd71a580c
16364,d9f7611cf8d29b48a1d3d8fddb8c5b2e,55f9f4cb5784581a517e59904e0d5e2f,SO56678,4,TT-R982,1,4,fda052162862bb845297063fd71a580c
16365,3db19f5f710f10e90ecc7154c649d60a,f544b472453b297a8b55709fbfd3746d,SO70911,4886,BK-R89B-48,2,4886,fee8e08233f3f00450bce31967abb0f1
16365,3db19f5f710f10e90ecc7154c649d60a,f544b472453b297a8b55709fbfd3746d,SO70911,8,CL-9009,1,8,fee8e08233f3f00450bce31967abb0f1
16365,3db19f5f710f10e90ecc7154c649d60a,f544b472453b297a8b55709fbfd3746d,SO70911,2,PK-7098,1,2,fee8e08233f3f00450bce31967abb0f1
16365,3db19f5f710f10e90ecc7154c649d60a,f544b472453b297a8b55709fbfd3746d,SO70911,33,TI-R982,1,33,fee8e08233f3f00450bce31967abb0f1
16365,3db19f5f710f10e90ecc7154c649d60a,f544b472453b297a8b55709fbfd3746d,SO70911,4,TT-R982,1,4,fee8e08233f3f00450bce31967abb0f1
16366,fee8e08233f3f00450bce31967abb0f1,331afa0aff1b1cfbf3d24944ab38c9d2,SO70567,4886,BK-R89B-58,2,4886,86bfb8ffc7a79e52d833cedce4d275bf
16366,fee8e08233f3f00450bce31967abb0f1,331afa0aff1b1cfbf3d24944ab38c9d2,SO70567,120,RA-H123,1,120,86bfb8ffc7a79e52d833cedce4d275bf
16367,fff3c307c93eda1eb91d53ca588846fe,4584ca349e0920f4436a3c2f36158b85,SO69342,105,HL-U509-B,3,105,70951886788165a5e2439adfce4d0cce
16367,fff3c307c93eda1eb91d53ca588846fe,4584ca349e0920f4436a3c2f36158b85,SO69342,5,WB-H098,1,5,70951886788165a5e2439adfce4d0cce
16368,982b3b4109cce5d4e5bf1fcbe0ae259b,501407dcfde5b685045ca3072168d5bb,SO74267,27,CA-1098,3,27,d7f57f35d2bad1349ca24a67a2635eea
16368,982b3b4109cce5d4e5bf1fcbe0ae259b,501407dcfde5b685045ca3072168d5bb,SO74267,105,HL-U509,3,105,d7f57f35d2bad1349ca24a67a2635eea
16368,982b3b4109cce5d4e5bf1fcbe0ae259b,501407dcfde5b685045ca3072168d5bb,SO74267,150,LJ-0192-S,3,150,d7f57f35d2bad1349ca24a67a2635eea
16368,982b3b4109cce5d4e5bf1fcbe0ae259b,501407dcfde5b685045ca3072168d5bb,SO74267,5,WB-H098,1,5,d7f57f35d2bad1349ca24a67a2635eea
16369,e2f0a420a4c1a9e8e292761f835e0489,4eec6eda382b9c44e240ad4b4b5e9cc0,SO65584,22,FE-6654,1,22,9d934f91c460e9947414d00048f2fa36
16369,e2f0a420a4c1a9e8e292761f835e0489,4eec6eda382b9c44e240ad4b4b5e9cc0,SO65584,5,TT-M928,1,5,9d934f91c460e9947414d00048f2fa36
16370,40eee601514259a9632d510ca71226cc,8babade0595c11e14dd89058a850f2cd,SO74427,33,TI-R982,1,33,982b3b4109cce5d4e5bf1fcbe0ae259b
16370,60b901e6d879ccf3b3246e54133acee5,01e8942a5792053a553c4612bd6c06a6,SO75077,10,BC-M005,1,10,021d7f51f97fea2b23b069288066b34d
16370,60b901e6d879ccf3b3246e54133acee5,01e8942a5792053a553c4612bd6c06a6,SO75077,8,CL-9009,1,8,021d7f51f97fea2b23b069288066b34d
16370,60b901e6d879ccf3b3246e54133acee5,01e8942a5792053a553c4612bd6c06a6,SO75077,55,HY-1023-70,1,55,021d7f51f97fea2b23b069288066b34d
16370,60b901e6d879ccf3b3246e54133acee5,01e8942a5792053a553c4612bd6c06a6,SO75077,5,WB-H098,1,5,021d7f51f97fea2b23b069288066b34d
16370,86e0fc464cbb08ae74bd039224afec9a,38c9e5d1e366b4c5c36aae682bc960c4,SO72688,22,FE-6654,1,22,8920fd63645007b243abb750709b1172
16371,d6fb379288416774d139632beb88e26b,3ebfce6ccd7540a632ae7e6ad8100c29,SO60213,150,LJ-0192-S,3,150,412998e77ee121227580e3d363f75fa2
16371,d6fb379288416774d139632beb88e26b,3ebfce6ccd7540a632ae7e6ad8100c29,SO60213,5,TT-M928,1,5,412998e77ee121227580e3d363f75fa2
16372,bc761b2b7297029a695fbd6dd0470724,fef3080ec197edd1a04bb18afd31d16d,SO55659,4886,BK-R89B-44,2,4886,9b6872ca1d80024637e967d1066bba0a
16372,bc761b2b7297029a695fbd6dd0470724,fef3080ec197edd1a04bb18afd31d16d,SO55659,2,PK-7098,1,2,9b6872ca1d80024637e967d1066bba0a
16372,bc761b2b7297029a695fbd6dd0470724,fef3080ec197edd1a04bb18afd31d16d,SO55659,33,TI-R982,1,33,9b6872ca1d80024637e967d1066bba0a
16372,bc761b2b7297029a695fbd6dd0470724,fef3080ec197edd1a04bb18afd31d16d,SO55659,4,TT-R982,1,4,9b6872ca1d80024637e967d1066bba0a
16373,089c2a426c196c5ca5facb20896c90bb,bc761b2b7297029a695fbd6dd0470724,SO56314,4886,BK-R89B-48,2,4886,55f9f4cb5784581a517e59904e0d5e2f
16373,089c2a426c196c5ca5facb20896c90bb,bc761b2b7297029a695fbd6dd0470724,SO56314,105,HL-U509,3,105,55f9f4cb5784581a517e59904e0d5e2f
16373,089c2a426c196c5ca5facb20896c90bb,bc761b2b7297029a695fbd6dd0470724,SO56314,33,TI-R982,1,33,55f9f4cb5784581a517e59904e0d5e2f
16373,089c2a426c196c5ca5facb20896c90bb,bc761b2b7297029a695fbd6dd0470724,SO56314,4,TT-R982,1,4,55f9f4cb5784581a517e59904e0d5e2f
16373,089c2a426c196c5ca5facb20896c90bb,bc761b2b7297029a695fbd6dd0470724,SO56314,64,VE-C304-M,1,64,55f9f4cb5784581a517e59904e0d5e2f
16374,501407dcfde5b685045ca3072168d5bb,41ef6b06b63ba4f6a5234245a439b157,SO73534,8,CL-9009,1,8,5432d51ee94799c0125bb158c8a8bd22
16374,501407dcfde5b685045ca3072168d5bb,41ef6b06b63ba4f6a5234245a439b157,SO73534,2,PK-7098,1,2,5432d51ee94799c0125bb158c8a8bd22
16374,501407dcfde5b685045ca3072168d5bb,41ef6b06b63ba4f6a5234245a439b157,SO73534,5,TT-M928,1,5,5432d51ee94799c0125bb158c8a8bd22
16375,eba6cab7267f82e3b2a063d5ea445bb9,73b2264d673ee7b5b2e7e165020516ac,SO58057,4886,BK-R89B-58,2,4886,02ad1a5ca18e58629b8c1d6a6401d071
16375,eba6cab7267f82e3b2a063d5ea445bb9,73b2264d673ee7b5b2e7e165020516ac,SO58057,105,HL-U509-R,3,105,02ad1a5ca18e58629b8c1d6a6401d071
16376,99c8f306659fd98cbb9d7f03ec0c2a7a,705fa39ab40831529471c768490339ab,SO69891,2,PK-7098,1,2,fff3c307c93eda1eb91d53ca588846fe
16376,99c8f306659fd98cbb9d7f03ec0c2a7a,705fa39ab40831529471c768490339ab,SO69891,5,TT-M928,1,5,fff3c307c93eda1eb91d53ca588846fe
16377,714597fe9448176d17876617114a65bc,d6ec5bff1a0809822c740ce35792fa7a,SO53214,27,CA-1098,3,27,3143ce3c6436ed5bd25398756b7b661d
16377,714597fe9448176d17876617114a65bc,d6ec5bff1a0809822c740ce35792fa7a,SO53214,5,WB-H098,1,5,3143ce3c6436ed5bd25398756b7b661d
16378,88077cf01a3e17831c2d0bcca5897c5b,95a2a9aefc393f8630e934768cacf4cd,SO73058,27,CA-1098,3,27,86e0fc464cbb08ae74bd039224afec9a
16378,88077cf01a3e17831c2d0bcca5897c5b,95a2a9aefc393f8630e934768cacf4cd,SO73058,5,WB-H098,1,5,86e0fc464cbb08ae74bd039224afec9a
16379,545a3d56d20b22e09aa85bfa5ed8738d,31c99d724c1f182c60edb82eb4740277,SO72212,54,SJ-0194-S,1,54,a9cd7a99d71cca9cb644010050374ade
16379,545a3d56d20b22e09aa85bfa5ed8738d,31c99d724c1f182c60edb82eb4740277,SO72212,5,WB-H098,1,5,a9cd7a99d71cca9cb644010050374ade
16380,95a2a9aefc393f8630e934768cacf4cd,8f472ffe3ff3109f420ae91355ff8f3f,SO72153,70,SH-W890-L,1,70,38c9e5d1e366b4c5c36aae682bc960c4
16380,95a2a9aefc393f8630e934768cacf4cd,8f472ffe3ff3109f420ae91355ff8f3f,SO72153,54,SJ-0194-M,1,54,38c9e5d1e366b4c5c36aae682bc960c4
16380,f46ace11e93788e473124f7be16a19d5,5c741aa8e0753be65314a304e7b39c14,SO62800,22,FE-6654,1,22,4555f65c4664801d78b9f5477f89d8fd
16380,f46ace11e93788e473124f7be16a19d5,5c741aa8e0753be65314a304e7b39c14,SO62800,150,LJ-0192-S,3,150,4555f65c4664801d78b9f5477f89d8fd
16381,51c449e55b4a63a16fb45beb689150d5,18bea060239713ee5f865109f63f3a8a,SO53642,5,WB-H098,1,5,714597fe9448176d17876617114a65bc
16382,a9cefc49af6424b430612adfc69876ee,d34ba8f5d7fd7d5959a34c283fbec422,SO55842,55,HY-1023-70,1,55,59c3d64cb01cd5ad7fd25246d81a55ff
16382,a9cefc49af6424b430612adfc69876ee,d34ba8f5d7fd7d5959a34c283fbec422,SO55842,5,WB-H098,1,5,59c3d64cb01cd5ad7fd25246d81a55ff
16383,9223b53f03a405f817e91392f0294f6a,3e07f09fb2edbdf0bf6a54c17634514b,SO53802,54,SJ-0194-X,1,54,14e4b13c27fb9bce9938ce35b6597eca
16383,9223b53f03a405f817e91392f0294f6a,3e07f09fb2edbdf0bf6a54c17634514b,SO53802,5,WB-H098,1,5,14e4b13c27fb9bce9938ce35b6597eca
16384,cfceb7490eff6e660974507be7c579c6,01eb8a9956865747637639482336f5f8,SO52043,2,PK-7098,1,2,e5bf4a4a03e320ed76cf2ca68fa5b4c0
16384,cfceb7490eff6e660974507be7c579c6,01eb8a9956865747637639482336f5f8,SO52043,5,TT-M928,1,5,e5bf4a4a03e320ed76cf2ca68fa5b4c0
16385,254d832c83ccdb2c33eab65a4fd196ff,75fe8d7dec9d2a51be64595ab37dc674,SO59527,48,GL-H102-S,2,48,4a800301260b2639fa1ec3efafb5f86c
16385,254d832c83ccdb2c33eab65a4fd196ff,75fe8d7dec9d2a51be64595ab37dc674,SO59527,105,HL-U509,3,105,4a800301260b2639fa1ec3efafb5f86c
16385,254d832c83ccdb2c33eab65a4fd196ff,75fe8d7dec9d2a51be64595ab37dc674,SO59527,5,TT-M928,1,5,4a800301260b2639fa1ec3efafb5f86c
16386,18f358e551b5b85912bc952ab9894c0d,abe94c2111c58e9c9672602d41bce66e,SO64921,105,HL-U509-B,3,105,a6d37e298c3042e300813f55a17e0875
16386,18f358e551b5b85912bc952ab9894c0d,abe94c2111c58e9c9672602d41bce66e,SO64921,150,LJ-0192-L,3,150,a6d37e298c3042e300813f55a17e0875
16386,18f358e551b5b85912bc952ab9894c0d,abe94c2111c58e9c9672602d41bce66e,SO64921,5,TT-M928,1,5,a6d37e298c3042e300813f55a17e0875
16386,abe94c2111c58e9c9672602d41bce66e,0149f124a48640c62d90840ac5760331,SO64149,105,HL-U509,3,105,99b7e934795a93975a5e0c0b9b57d9ba
16386,abe94c2111c58e9c9672602d41bce66e,0149f124a48640c62d90840ac5760331,SO64149,5,TT-T092,1,5,99b7e934795a93975a5e0c0b9b57d9ba
16387,3dc63b2d6dcc8f0b6720b06b5439a0b1,8d1d4829b2e801ba4e41ba48f5a549d4,SO66295,150,LJ-0192-L,3,150,6ef7b4bb93d4e54234cf965ed2334682
16387,3dc63b2d6dcc8f0b6720b06b5439a0b1,8d1d4829b2e801ba4e41ba48f5a549d4,SO66295,5,TT-T092,1,5,6ef7b4bb93d4e54234cf965ed2334682
16387,43e2cc7ff261723f93f64f3f7e9faa8d,a6f2945baeceeef4c8d541a22f6e99e9,SO73450,105,HL-U509-B,3,105,88077cf01a3e17831c2d0bcca5897c5b
16387,43e2cc7ff261723f93f64f3f7e9faa8d,a6f2945baeceeef4c8d541a22f6e99e9,SO73450,5,TT-M928,1,5,88077cf01a3e17831c2d0bcca5897c5b
16388,bc58efba5e800fb688b34bfde89c24bf,acc20902004de8acdd3eee04bfe5f91a,SO51392,9,BC-R205,1,9,3500da16b6d3d0da611bc08c2b1e1c05
16388,bc58efba5e800fb688b34bfde89c24bf,acc20902004de8acdd3eee04bfe5f91a,SO51392,4886,BK-R89R-58,2,4886,3500da16b6d3d0da611bc08c2b1e1c05
16388,bc58efba5e800fb688b34bfde89c24bf,acc20902004de8acdd3eee04bfe5f91a,SO51392,105,HL-U509-B,3,105,3500da16b6d3d0da611bc08c2b1e1c05
16388,bc58efba5e800fb688b34bfde89c24bf,acc20902004de8acdd3eee04bfe5f91a,SO51392,5,WB-H098,1,5,3500da16b6d3d0da611bc08c2b1e1c05
16388,f6a3074075f513ac39071601eaf0195a,b60afd1ea0dbefb3614f3f57badc2959,SO49896,4364,BK-R89B-48,2,4364,9c36ef758665a17e1eeb69b7f8fce1c6
16389,427ed6396fba4ed8ead9ec3229517d2b,3519c8eb4095dbc69d80eb61856d3435,SO56232,9,BC-R205,1,9,629ffff971d10f275a79a70fae527fbc
16389,427ed6396fba4ed8ead9ec3229517d2b,3519c8eb4095dbc69d80eb61856d3435,SO56232,4886,BK-R89B-48,2,4886,629ffff971d10f275a79a70fae527fbc
16389,427ed6396fba4ed8ead9ec3229517d2b,3519c8eb4095dbc69d80eb61856d3435,SO56232,5,WB-H098,1,5,629ffff971d10f275a79a70fae527fbc
16389,4d73c32f6dcd1ffe87dd7575935d313e,0e193a421db30416d1fd10bcf77b3eda,SO48103,4364,BK-R89B-52,2,4364,7ae19b95cb229a2fdbd25f66c051d923
16390,629ffff971d10f275a79a70fae527fbc,d6ab5a0eee939524352092b964d92b84,SO55978,4886,BK-R89B-44,2,4886,3c1811b546060d91957cc446aabc4a3c
16390,629ffff971d10f275a79a70fae527fbc,d6ab5a0eee939524352092b964d92b84,SO55978,33,TI-R982,1,33,3c1811b546060d91957cc446aabc4a3c
16390,e56b89db4bdb2b3ba01ca1e3dbaf16ef,07f0f4d1950116643ea4a45db1bc7999,SO48247,4364,BK-R89B-44,2,4364,af0f2c97be3051a37eaf670bbd7408f8
16391,79f46ce61b754fc6c2eeda754a6354bc,287c323e0efa1c1148232e905c3f7d34,SO49925,4364,BK-R89B-52,2,4364,1bc9f4b5f1c56b7e2d5b17c27dad280f
16391,7af7abc5e37d5fa2e2334b4fec2584e2,5b07cd2a9dfb9437a07ea3012d6efbb7,SO51515,4886,BK-R89B-44,2,4886,5dddb266d8c26eece51489fe90c9f47d
16392,361e2c62255e0c1887ac2139911ca300,20b5e9ce0f87defd975a322149ec8cc6,SO51921,1215,BK-T44U-46,1,1215,eedd9be5500334505ed9d4aef801ac3d
16392,361e2c62255e0c1887ac2139911ca300,20b5e9ce0f87defd975a322149ec8cc6,SO51921,105,HL-U509-R,3,105,eedd9be5500334505ed9d4aef801ac3d
16392,702a02712215141594ddf8e52b0a651c,cd15e5f80ff20dd345bfaa51400dd0d6,SO67498,4640,BK-M68S-42,2,4640,caa707f97407c07371136aaf471a91d4
16392,702a02712215141594ddf8e52b0a651c,cd15e5f80ff20dd345bfaa51400dd0d6,SO67498,105,HL-U509-R,3,105,caa707f97407c07371136aaf471a91d4
16392,f6a3074075f513ac39071601eaf0195a,b60afd1ea0dbefb3614f3f57badc2959,SO49897,4364,BK-R89R-58,2,4364,9c36ef758665a17e1eeb69b7f8fce1c6
16393,7b0730955172ecda497d7cca6b1d87a1,d3c54b4368c62c2ff11535bf2b677170,SO55022,1215,BK-T44U-50,1,1215,5a06908cc28b799b04fc1c47664462e6
16393,7b0730955172ecda497d7cca6b1d87a1,d3c54b4368c62c2ff11535bf2b677170,SO55022,150,LJ-0192-L,3,150,5a06908cc28b799b04fc1c47664462e6
16393,c135545cc3f3a739132ffdbc8096f3d4,36ab6f1df21f3c9a169c8942e981959a,SO68408,4640,BK-M68S-38,2,4640,511572e8a25e86c2f48ae9e6d73a1e6a
16393,c135545cc3f3a739132ffdbc8096f3d4,36ab6f1df21f3c9a169c8942e981959a,SO68408,105,HL-U509-B,3,105,511572e8a25e86c2f48ae9e6d73a1e6a
16393,c135545cc3f3a739132ffdbc8096f3d4,36ab6f1df21f3c9a169c8942e981959a,SO68408,35,TI-M823,1,35,511572e8a25e86c2f48ae9e6d73a1e6a
16393,c135545cc3f3a739132ffdbc8096f3d4,36ab6f1df21f3c9a169c8942e981959a,SO68408,5,TT-M928,1,5,511572e8a25e86c2f48ae9e6d73a1e6a
16393,fcf706c3e0fe93da0b11cc32b98eb22b,4652a559216121874754c7ecfe692e94,SO50088,4364,BK-R89B-58,2,4364,ff9b4d639b22897f1c0256881eeb8643
16394,4652a559216121874754c7ecfe692e94,9c36ef758665a17e1eeb69b7f8fce1c6,SO49964,4364,BK-R89B-52,2,4364,8dd3ccb09d6ab7dd754ab887e66e8652
16394,bc58efba5e800fb688b34bfde89c24bf,acc20902004de8acdd3eee04bfe5f91a,SO51393,4886,BK-R89B-48,2,4886,3500da16b6d3d0da611bc08c2b1e1c05
16394,bc58efba5e800fb688b34bfde89c24bf,acc20902004de8acdd3eee04bfe5f91a,SO51393,105,HL-U509-R,3,105,3500da16b6d3d0da611bc08c2b1e1c05
16395,6d44506d59926d8d13d35f75d97f2a64,deff8ad81a213d1110c1f409a7f40fcd,SO53430,105,HL-U509-B,3,105,f476906875bc5d9abe836b4ea1f485c1
16395,6d44506d59926d8d13d35f75d97f2a64,deff8ad81a213d1110c1f409a7f40fcd,SO53430,25,TI-R628,1,25,f476906875bc5d9abe836b4ea1f485c1
16395,6d44506d59926d8d13d35f75d97f2a64,deff8ad81a213d1110c1f409a7f40fcd,SO53430,4,TT-R982,1,4,f476906875bc5d9abe836b4ea1f485c1
16396,bc761b2b7297029a695fbd6dd0470724,fef3080ec197edd1a04bb18afd31d16d,SO55641,2,PK-7098,1,2,9b6872ca1d80024637e967d1066bba0a
16396,bc761b2b7297029a695fbd6dd0470724,fef3080ec197edd1a04bb18afd31d16d,SO55641,25,TI-M267,1,25,9b6872ca1d80024637e967d1066bba0a
16396,bc761b2b7297029a695fbd6dd0470724,fef3080ec197edd1a04bb18afd31d16d,SO55641,5,TT-M928,1,5,9b6872ca1d80024637e967d1066bba0a
16397,81a5d08c6beaeec9e42baae5d63dd780,95103530881768b5cfc7e33970db9cd7,SO63320,105,HL-U509-R,3,105,b210069485754303767745919c328b97
16397,81a5d08c6beaeec9e42baae5d63dd780,95103530881768b5cfc7e33970db9cd7,SO63320,25,TI-M267,1,25,b210069485754303767745919c328b97
16397,81a5d08c6beaeec9e42baae5d63dd780,95103530881768b5cfc7e33970db9cd7,SO63320,5,TT-M928,1,5,b210069485754303767745919c328b97
16398,b8d9d66529b0a1e91f6137abcdd065dd,6d44506d59926d8d13d35f75d97f2a64,SO54227,48,GL-H102-S,2,48,90c6314650a0d54fdcabe5cd5406f9af
16398,b8d9d66529b0a1e91f6137abcdd065dd,6d44506d59926d8d13d35f75d97f2a64,SO54227,25,TI-R628,1,25,90c6314650a0d54fdcabe5cd5406f9af
16398,b8d9d66529b0a1e91f6137abcdd065dd,6d44506d59926d8d13d35f75d97f2a64,SO54227,4,TT-R982,1,4,90c6314650a0d54fdcabe5cd5406f9af
16399,0c8ff735cb2b05718573c08173335fd4,1685ca8ff12ea83725a1c35e1d89c5cd,SO54496,2,PK-7098,1,2,b8d9d66529b0a1e91f6137abcdd065dd
16399,0c8ff735cb2b05718573c08173335fd4,1685ca8ff12ea83725a1c35e1d89c5cd,SO54496,25,TI-M267,1,25,b8d9d66529b0a1e91f6137abcdd065dd
16399,0c8ff735cb2b05718573c08173335fd4,1685ca8ff12ea83725a1c35e1d89c5cd,SO54496,5,TT-M928,1,5,b8d9d66529b0a1e91f6137abcdd065dd
16400,0b80ce5eab877cae9997209e0bee6e60,a7cb0a760406e2013c8442a429fed0ae,SO51673,4886,BK-R89B-58,2,4886,70ad7386c1fe794c57fa3908ff22435d
16400,0b80ce5eab877cae9997209e0bee6e60,a7cb0a760406e2013c8442a429fed0ae,SO51673,105,HL-U509-B,3,105,70ad7386c1fe794c57fa3908ff22435d
16400,0b80ce5eab877cae9997209e0bee6e60,a7cb0a760406e2013c8442a429fed0ae,SO51673,33,TI-R982,1,33,70ad7386c1fe794c57fa3908ff22435d
16400,0b80ce5eab877cae9997209e0bee6e60,a7cb0a760406e2013c8442a429fed0ae,SO51673,4,TT-R982,1,4,70ad7386c1fe794c57fa3908ff22435d
16400,79f46ce61b754fc6c2eeda754a6354bc,287c323e0efa1c1148232e905c3f7d34,SO49926,2443,BK-R89R-52,1,2443,1bc9f4b5f1c56b7e2d5b17c27dad280f
16401,3fe686907939d07097f6c87f08025422,8eb7a1b0dba9fdd5f4248b9cb6b9119b,SO69048,105,HL-U509-B,3,105,e5114f65ece65e14e7b721dab1e674e0
16401,3fe686907939d07097f6c87f08025422,8eb7a1b0dba9fdd5f4248b9cb6b9119b,SO69048,55,HY-1023-70,1,55,e5114f65ece65e14e7b721dab1e674e0
16401,3fe686907939d07097f6c87f08025422,8eb7a1b0dba9fdd5f4248b9cb6b9119b,SO69048,5,TT-M928,1,5,e5114f65ece65e14e7b721dab1e674e0
16401,e0cd1349b4c6e1b5f14ed427e358c2d0,f06fd077b6afc2d69af6e1e548da266d,SO70347,2,PK-7098,1,2,b95a9f47dd73bb9b799a31ae04ee7da1
16401,e0cd1349b4c6e1b5f14ed427e358c2d0,f06fd077b6afc2d69af6e1e548da266d,SO70347,5,TT-T092,1,5,b95a9f47dd73bb9b799a31ae04ee7da1
16402,d4ae40bdb21d7c1f4fee96082340d3a2,9a027fc72b503940a96d5137762a263e,SO75116,5,TT-T092,1,5,08ff55594d8ca57b756a1953f77ebc89
16402,e366e24b8ad0b1107528f2f58cd15a81,921bc92a493b53f98f24e6a8a12801be,SO72466,5,TT-M928,1,5,c83e871e48c2716e0f28e60d166a5c98
16403,9592b44e2c3f304a9875f45537bec6eb,a9cd7a99d71cca9cb644010050374ade,SO72759,9,SO-R809-M,1,9,b2ce0ef2540789e8a6976165b6c917d8
16403,9592b44e2c3f304a9875f45537bec6eb,a9cd7a99d71cca9cb644010050374ade,SO72759,25,TI-R628,1,25,b2ce0ef2540789e8a6976165b6c917d8
16403,9592b44e2c3f304a9875f45537bec6eb,a9cd7a99d71cca9cb644010050374ade,SO72759,4,TT-R982,1,4,b2ce0ef2540789e8a6976165b6c917d8
16404,ce0250e4c407a28df088d59c0b77cc37,79f46ce61b754fc6c2eeda754a6354bc,SO50046,2443,BK-R89R-52,1,2443,456c7730e983cabeb11db57ec0801795
16404,f06fd077b6afc2d69af6e1e548da266d,c135545cc3f3a739132ffdbc8096f3d4,SO69251,10,BC-M005,1,10,175a5d217fad85df9f6639d7ced1e5d9
16404,f06fd077b6afc2d69af6e1e548da266d,c135545cc3f3a739132ffdbc8096f3d4,SO69251,4640,BK-M68S-42,2,4640,175a5d217fad85df9f6639d7ced1e5d9
16404,f06fd077b6afc2d69af6e1e548da266d,c135545cc3f3a739132ffdbc8096f3d4,SO69251,5,WB-H098,1,5,175a5d217fad85df9f6639d7ced1e5d9
16404,fde67888c64f701b59876ec559099b3e,6353a8421ee460b64f2c988cc72a8391,SO56838,1215,BK-T44U-46,1,1215,4ceff7612cfa4420892fe23b23ca9265
16404,fde67888c64f701b59876ec559099b3e,6353a8421ee460b64f2c988cc72a8391,SO56838,27,CA-1098,3,27,4ceff7612cfa4420892fe23b23ca9265
16405,8bcf785b838fcdc4c1567a41e1906287,41c97bac51d5ee4cfce0cfa86385fdbe,SO47238,2443,BK-R89R-52,1,2443,be6c9b96c35f6d80642550df922ea69a
16405,ad4fbe0c82c7e5968d4cf22c2ad19e28,72e75576254db1afef14ecdc050391c2,SO52680,769,BK-M38S-40,1,769,f5933feadc49c253e4f0e77b236946e9
16405,ad4fbe0c82c7e5968d4cf22c2ad19e28,72e75576254db1afef14ecdc050391c2,SO52680,150,LJ-0192-M,3,150,f5933feadc49c253e4f0e77b236946e9
16406,41c97bac51d5ee4cfce0cfa86385fdbe,7afee94d3e6bff4193546ca658f9d3bf,SO47130,4364,BK-R89B-48,2,4364,8799729d3a89b836b7fb8096b7f545c8
16406,cfceb7490eff6e660974507be7c579c6,01eb8a9956865747637639482336f5f8,SO52032,769,BK-M38S-40,1,769,e5bf4a4a03e320ed76cf2ca68fa5b4c0
16406,cfceb7490eff6e660974507be7c579c6,01eb8a9956865747637639482336f5f8,SO52032,159,ST-1401,1,159,e5bf4a4a03e320ed76cf2ca68fa5b4c0
16407,4584ca349e0920f4436a3c2f36158b85,6e32728b966bb91cefefa1316da21ca8,SO68482,769,BK-M38S-42,1,769,ca38f30e56a72f4d0c8d2264322c5862
16407,4584ca349e0920f4436a3c2f36158b85,6e32728b966bb91cefefa1316da21ca8,SO68482,2,PK-7098,1,2,ca38f30e56a72f4d0c8d2264322c5862
16407,4584ca349e0920f4436a3c2f36158b85,6e32728b966bb91cefefa1316da21ca8,SO68482,30,TI-M602,1,30,ca38f30e56a72f4d0c8d2264322c5862
16407,4584ca349e0920f4436a3c2f36158b85,6e32728b966bb91cefefa1316da21ca8,SO68482,5,TT-M928,1,5,ca38f30e56a72f4d0c8d2264322c5862
16407,aa06fa50828269965eade0f7422d1b9e,2766ca1bca285e813b134ddc2a2efa99,SO47274,2443,BK-R89R-52,1,2443,ff865f6f4949cd6d631d069a4268d9aa
16408,1f50dad3f1493a5cf408c4eb3987479e,226d694fb4b7f71d62444f9528be8704,SO54671,9,BC-R205,1,9,9c56075241a26f6fa77eb86b15411c6e
16408,1f50dad3f1493a5cf408c4eb3987479e,226d694fb4b7f71d62444f9528be8704,SO54671,4886,BK-R89B-48,2,4886,9c56075241a26f6fa77eb86b15411c6e
16408,1f50dad3f1493a5cf408c4eb3987479e,226d694fb4b7f71d62444f9528be8704,SO54671,54,SJ-0194-S,1,54,9c56075241a26f6fa77eb86b15411c6e
16408,1f50dad3f1493a5cf408c4eb3987479e,226d694fb4b7f71d62444f9528be8704,SO54671,5,WB-H098,1,5,9c56075241a26f6fa77eb86b15411c6e
16408,ce0250e4c407a28df088d59c0b77cc37,79f46ce61b754fc6c2eeda754a6354bc,SO50047,4364,BK-R89B-48,2,4364,456c7730e983cabeb11db57ec0801795
16409,0814775cfc25da756a9b4197347ab771,d76e0ba1fa041675ae9af958c5b41ae4,SO57803,9,BC-R205,1,9,de22d232bbe84481579f6252f1e7091d
16409,0814775cfc25da756a9b4197347ab771,d76e0ba1fa041675ae9af958c5b41ae4,SO57803,4886,BK-R89B-48,2,4886,de22d232bbe84481579f6252f1e7091d
16409,0814775cfc25da756a9b4197347ab771,d76e0ba1fa041675ae9af958c5b41ae4,SO57803,48,GL-H102-S,2,48,de22d232bbe84481579f6252f1e7091d
16409,0814775cfc25da756a9b4197347ab771,d76e0ba1fa041675ae9af958c5b41ae4,SO57803,5,WB-H098,1,5,de22d232bbe84481579f6252f1e7091d
16409,af0f2c97be3051a37eaf670bbd7408f8,efeeb9aa018e1010ee17c973765ea138,SO48214,2443,BK-R89R-44,1,2443,b34e643874d56f7909d7abbfa923fb5a
16410,511572e8a25e86c2f48ae9e6d73a1e6a,8e8847c1bdf012037ee13bb62da8a5c1,SO68096,769,BK-M38S-38,1,769,691ad1b0dca3643b923973defd014d47
16410,511572e8a25e86c2f48ae9e6d73a1e6a,8e8847c1bdf012037ee13bb62da8a5c1,SO68096,8,CL-9009,1,8,691ad1b0dca3643b923973defd014d47
16410,511572e8a25e86c2f48ae9e6d73a1e6a,8e8847c1bdf012037ee13bb62da8a5c1,SO68096,22,FE-6654,1,22,691ad1b0dca3643b923973defd014d47
16410,ee76080374845c1990834952499ba763,402c87e1893d53d9506b00bc7914b980,SO47264,2443,BK-R89R-44,1,2443,d6e34f14e6924cef6c0e043d6ab84346
16411,375bde15092f45652b6398c1dff650d0,830e779850b1d58733a7ad711bf6b83f,SO57314,4886,BK-R89B-48,2,4886,a8ef76a01442567fb64eb6f4408a9835
16411,375bde15092f45652b6398c1dff650d0,830e779850b1d58733a7ad711bf6b83f,SO57314,105,HL-U509,3,105,a8ef76a01442567fb64eb6f4408a9835
16411,c5f333101183a33b4b4d94a271add9fd,694d75fcfc5bc50259336e29e881a36c,SO48520,4364,BK-R89B-52,2,4364,a1be4f014e5b3c959503117fd1ee566a
16412,d35624c3724a7f923a0dcae76c01cb28,9ee2a0f409662e4664217b7e3b808428,SO50054,2443,BK-R89R-48,1,2443,ceda4a900d234638ff03b93b262b14e6
16412,ed268f8f3837888893f896b7240f1254,a9cefc49af6424b430612adfc69876ee,SO56445,4886,BK-R89B-44,2,4886,6353a8421ee460b64f2c988cc72a8391
16412,ed268f8f3837888893f896b7240f1254,a9cefc49af6424b430612adfc69876ee,SO56445,2,PK-7098,1,2,6353a8421ee460b64f2c988cc72a8391
16412,ed268f8f3837888893f896b7240f1254,a9cefc49af6424b430612adfc69876ee,SO56445,33,TI-R982,1,33,6353a8421ee460b64f2c988cc72a8391
16413,3f20f21c57e09a6c071e44d1fe74b58a,9b98d27287b27eeee9ebc06e1d5a9a8d,SO53901,8,CL-9009,1,8,51c449e55b4a63a16fb45beb689150d5
16413,3f20f21c57e09a6c071e44d1fe74b58a,9b98d27287b27eeee9ebc06e1d5a9a8d,SO53901,25,TI-M267,1,25,51c449e55b4a63a16fb45beb689150d5
16413,3f20f21c57e09a6c071e44d1fe74b58a,9b98d27287b27eeee9ebc06e1d5a9a8d,SO53901,5,TT-M928,1,5,51c449e55b4a63a16fb45beb689150d5
16414,0df76889b3e31ccfd17b50cc73baef03,debbb2493c6588799fc787e1854bcda5,SO58785,4886,BK-R89B-58,2,4886,6eaadc1181f307997dc853d9ed40db36
16414,0df76889b3e31ccfd17b50cc73baef03,debbb2493c6588799fc787e1854bcda5,SO58785,33,TI-R982,1,33,6eaadc1181f307997dc853d9ed40db36
16414,fc92d87f5fdfc4fdb58244cc592e3788,5cdbc8775008d87082e2d847e626b2f8,SO48548,2443,BK-R89R-52,1,2443,b398f9f9c5791f694aee052dae13609e
16415,90f30c53e79c8b6bcde12e74a091432c,8242bea4faa7e8112c9c701d437fbe67,SO50509,2443,BK-R89R-52,1,2443,6e3dbba03ae025e8c1552d05a28ddae3
16415,cae5717327bee7d74e261c550aa5081f,18025e6a8791d350428f65c0783ebd99,SO56705,4886,BK-R89B-58,2,4886,ed268f8f3837888893f896b7240f1254
16415,cae5717327bee7d74e261c550aa5081f,18025e6a8791d350428f65c0783ebd99,SO56705,27,CA-1098,3,27,ed268f8f3837888893f896b7240f1254
16415,cae5717327bee7d74e261c550aa5081f,18025e6a8791d350428f65c0783ebd99,SO56705,105,HL-U509-R,3,105,ed268f8f3837888893f896b7240f1254
16416,28ba281a58dae2613cc89f9d101be807,f1877c1756a68271d12db39ddc87dad7,SO50450,2443,BK-R89R-44,1,2443,086ede30a02aceddb0b53ef006935d73
16416,ed268f8f3837888893f896b7240f1254,a9cefc49af6424b430612adfc69876ee,SO56444,4886,BK-R89R-58,2,4886,6353a8421ee460b64f2c988cc72a8391
16416,ed268f8f3837888893f896b7240f1254,a9cefc49af6424b430612adfc69876ee,SO56444,105,HL-U509-B,3,105,6353a8421ee460b64f2c988cc72a8391
16416,ed268f8f3837888893f896b7240f1254,a9cefc49af6424b430612adfc69876ee,SO56444,150,LJ-0192-L,3,150,6353a8421ee460b64f2c988cc72a8391
16417,79c5eb49b683e206aa6d5b40f84c60eb,9b657dcbee0478c7d9be871266f00f1f,SO47256,4364,BK-R89B-44,2,4364,f459baa887e18a3fb6af0118506f75a6
16417,ca38f30e56a72f4d0c8d2264322c5862,de5009f9bf3e9725d2381f4a5e913111,SO68159,769,BK-M38S-42,1,769,7e15f50bd26e439e6a22f5205a8064db
16417,ca38f30e56a72f4d0c8d2264322c5862,de5009f9bf3e9725d2381f4a5e913111,SO68159,150,LJ-0192-L,3,150,7e15f50bd26e439e6a22f5205a8064db
16418,ad4fbe0c82c7e5968d4cf22c2ad19e28,72e75576254db1afef14ecdc050391c2,SO52704,2,PK-7098,1,2,f5933feadc49c253e4f0e77b236946e9
16418,ad4fbe0c82c7e5968d4cf22c2ad19e28,72e75576254db1afef14ecdc050391c2,SO52704,25,TI-R628,1,25,f5933feadc49c253e4f0e77b236946e9
16419,8728a5e296f39e49d2fa74c31820e99f,66e56e10b0f528b66a45e307ecdf4774,SO69606,2,PK-7098,1,2,3fe686907939d07097f6c87f08025422
16419,8728a5e296f39e49d2fa74c31820e99f,66e56e10b0f528b66a45e307ecdf4774,SO69606,25,TI-M267,1,25,3fe686907939d07097f6c87f08025422
16420,8eb7a1b0dba9fdd5f4248b9cb6b9119b,9f1ff00ea8fd9fd8f2d421ba5ec45a18,SO68202,769,BK-M38S-46,1,769,c7390752782466cfc9a3ed7d3a79e046
16420,8eb7a1b0dba9fdd5f4248b9cb6b9119b,9f1ff00ea8fd9fd8f2d421ba5ec45a18,SO68202,8,CL-9009,1,8,c7390752782466cfc9a3ed7d3a79e046
16420,e4eb0466781b24d67b81f508aeab70b7,74b4466b347c60a98e00951770d7b9a2,SO47245,4364,BK-R89B-48,2,4364,93292bf41ccb6542d121825f25cbf70b
16421,331afa0aff1b1cfbf3d24944ab38c9d2,c885741a5e3e55c84950327011b70289,SO69696,2,PK-7098,1,2,962bae2fb03296a3b9cacabfa929322c
16421,331afa0aff1b1cfbf3d24944ab38c9d2,c885741a5e3e55c84950327011b70289,SO69696,25,TI-R628,1,25,962bae2fb03296a3b9cacabfa929322c
16421,331afa0aff1b1cfbf3d24944ab38c9d2,c885741a5e3e55c84950327011b70289,SO69696,4,TT-R982,1,4,962bae2fb03296a3b9cacabfa929322c
16422,c5f333101183a33b4b4d94a271add9fd,694d75fcfc5bc50259336e29e881a36c,SO48521,4364,BK-R89R-58,2,4364,a1be4f014e5b3c959503117fd1ee566a
16422,d945ec2aae74dbfb829453026b91c235,348f48807f500aeac729fb17d9bc97f1,SO61326,4886,BK-R89B-52,2,4886,eef21e68ecca703bb338920b950f203c
16422,d945ec2aae74dbfb829453026b91c235,348f48807f500aeac729fb17d9bc97f1,SO61326,8,CL-9009,1,8,eef21e68ecca703bb338920b950f203c
16423,702a02712215141594ddf8e52b0a651c,cd15e5f80ff20dd345bfaa51400dd0d6,SO67529,55,HY-1023-70,1,55,caa707f97407c07371136aaf471a91d4
16423,702a02712215141594ddf8e52b0a651c,cd15e5f80ff20dd345bfaa51400dd0d6,SO67529,25,TI-R628,1,25,caa707f97407c07371136aaf471a91d4
16423,702a02712215141594ddf8e52b0a651c,cd15e5f80ff20dd345bfaa51400dd0d6,SO67529,4,TT-R982,1,4,caa707f97407c07371136aaf471a91d4
16424,0d15ba5aa4c9ad0377b26e0cf7a86280,b21e833d3ead6056f1265f13fe1ff015,SO61469,1215,BK-T44U-60,1,1215,4a70a3ec50fd16032883bf6fc79c55dd
16424,691ad1b0dca3643b923973defd014d47,6dd75c28a9a8a39e02bc0a175f82a9f3,SO67776,4640,BK-M68S-46,2,4640,9f1ff00ea8fd9fd8f2d421ba5ec45a18
16424,691ad1b0dca3643b923973defd014d47,6dd75c28a9a8a39e02bc0a175f82a9f3,SO67776,22,FE-6654,1,22,9f1ff00ea8fd9fd8f2d421ba5ec45a18
16424,af04e65ff21d922e75b51466fd45d408,fcf706c3e0fe93da0b11cc32b98eb22b,SO50340,4364,BK-R89B-58,2,4364,b60bd79b871d7c3345674370fa4dda03
16425,16e364d19895243407b256ec272d5394,4004a117f65dfd3221a9cce8fce5a45f,SO67581,4640,BK-M68S-42,2,4640,7acd252f45ad6fe668386456a673d543
16425,16e364d19895243407b256ec272d5394,4004a117f65dfd3221a9cce8fce5a45f,SO67581,2,PK-7098,1,2,7acd252f45ad6fe668386456a673d543
16425,232e830f1ac667c081eaaca23cdf9b5f,4b5c3229e0725ef8d303f494db9faec8,SO64506,1215,BK-T44U-50,1,1215,abe94c2111c58e9c9672602d41bce66e
16425,e7474cc4160afe50284f7f7c3679b3c1,cbb00636032a355ee463d321ac8ee9fb,SO50502,4364,BK-R89B-48,2,4364,28ba281a58dae2613cc89f9d101be807
16426,1022f3e1145b30057972239301ce3382,90f30c53e79c8b6bcde12e74a091432c,SO50629,4364,BK-R89B-52,2,4364,8d35d0f6487ae6100c95dad89a4a414f
16426,4efe8b2ca156042f8a3d8dd6aba54520,e2f0a420a4c1a9e8e292761f835e0489,SO66357,9,BC-R205,1,9,e82ca4c6beebe812f10fa1041b97a160
16426,4efe8b2ca156042f8a3d8dd6aba54520,e2f0a420a4c1a9e8e292761f835e0489,SO66357,1215,BK-T44U-54,1,1215,e82ca4c6beebe812f10fa1041b97a160
16426,4efe8b2ca156042f8a3d8dd6aba54520,e2f0a420a4c1a9e8e292761f835e0489,SO66357,27,CA-1098,3,27,e82ca4c6beebe812f10fa1041b97a160
16426,4efe8b2ca156042f8a3d8dd6aba54520,e2f0a420a4c1a9e8e292761f835e0489,SO66357,54,SJ-0194-M,1,54,e82ca4c6beebe812f10fa1041b97a160
16426,4efe8b2ca156042f8a3d8dd6aba54520,e2f0a420a4c1a9e8e292761f835e0489,SO66357,5,WB-H098,1,5,e82ca4c6beebe812f10fa1041b97a160
16426,99c8f306659fd98cbb9d7f03ec0c2a7a,705fa39ab40831529471c768490339ab,SO69875,4590,BK-M68B-42,2,4590,fff3c307c93eda1eb91d53ca588846fe
16427,8b2c1dc879653ef0a877850ef4a01f47,fdc720a8abaa222620409b00b4e00cc2,SO47487,4364,BK-R89B-52,2,4364,80f25c69c14ab1aa6fbbadcbd5eaeded
16427,cfceb7490eff6e660974507be7c579c6,01eb8a9956865747637639482336f5f8,SO52033,10,BC-M005,1,10,e5bf4a4a03e320ed76cf2ca68fa5b4c0
16427,cfceb7490eff6e660974507be7c579c6,01eb8a9956865747637639482336f5f8,SO52033,769,BK-M38S-42,1,769,e5bf4a4a03e320ed76cf2ca68fa5b4c0
16427,cfceb7490eff6e660974507be7c579c6,01eb8a9956865747637639482336f5f8,SO52033,27,CA-1098,3,27,e5bf4a4a03e320ed76cf2ca68fa5b4c0
16427,cfceb7490eff6e660974507be7c579c6,01eb8a9956865747637639482336f5f8,SO52033,5,WB-H098,1,5,e5bf4a4a03e320ed76cf2ca68fa5b4c0
16428,691ad1b0dca3643b923973defd014d47,6dd75c28a9a8a39e02bc0a175f82a9f3,SO67774,769,BK-M38S-40,1,769,9f1ff00ea8fd9fd8f2d421ba5ec45a18
16428,691ad1b0dca3643b923973defd014d47,6dd75c28a9a8a39e02bc0a175f82a9f3,SO67774,105,HL-U509,3,105,9f1ff00ea8fd9fd8f2d421ba5ec45a18
16428,691ad1b0dca3643b923973defd014d47,6dd75c28a9a8a39e02bc0a175f82a9f3,SO67774,30,TI-M602,1,30,9f1ff00ea8fd9fd8f2d421ba5ec45a18
16428,691ad1b0dca3643b923973defd014d47,6dd75c28a9a8a39e02bc0a175f82a9f3,SO67774,5,TT-M928,1,5,9f1ff00ea8fd9fd8f2d421ba5ec45a18
16428,c00aa7441b750e57533585b4ed172f85,0fdc213a5f9c4a355f1240ee1160acdb,SO47588,4364,BK-R89B-58,2,4364,ddf2a5b996051378e5e44109810f04c5
16429,43a48533e5870a15f120f16375636633,4bbde6a0c4076e78bc106bdc331a94c5,SO48704,2443,BK-R89R-48,1,2443,ba588be30dd16be47b9647a72fe81700
16429,5efefff01843f5aa3f7d8a4d44b4bf2e,922d04aa1f67bbe0270bfad98508f43e,SO62540,4886,BK-R89B-52,2,4886,db2f6a564b6f5f41253c68874b50962b
16429,5efefff01843f5aa3f7d8a4d44b4bf2e,922d04aa1f67bbe0270bfad98508f43e,SO62540,105,HL-U509-R,3,105,db2f6a564b6f5f41253c68874b50962b
16429,5efefff01843f5aa3f7d8a4d44b4bf2e,922d04aa1f67bbe0270bfad98508f43e,SO62540,33,TI-R982,1,33,db2f6a564b6f5f41253c68874b50962b
16429,5efefff01843f5aa3f7d8a4d44b4bf2e,922d04aa1f67bbe0270bfad98508f43e,SO62540,4,TT-R982,1,4,db2f6a564b6f5f41253c68874b50962b
16430,5e1b952a22eccca86f7f056a9efb42a4,a8ef76a01442567fb64eb6f4408a9835,SO57704,9,BC-R205,1,9,40883861f6e25a2e09e848a7891f4f38
16430,5e1b952a22eccca86f7f056a9efb42a4,a8ef76a01442567fb64eb6f4408a9835,SO57704,4886,BK-R89B-52,2,4886,40883861f6e25a2e09e848a7891f4f38
16430,5e1b952a22eccca86f7f056a9efb42a4,a8ef76a01442567fb64eb6f4408a9835,SO57704,5,WB-H098,1,5,40883861f6e25a2e09e848a7891f4f38
16430,c8f4a6002944b338d50dcc7eb3b056c8,aa42aae45cd2488a20db2ff74ed044f7,SO50552,4364,BK-R89B-48,2,4364,90f30c53e79c8b6bcde12e74a091432c
16431,485ae69515bc4c60ef546ff289741f60,40ff348468b73116a7077c246985e0bf,SO57599,4886,BK-R89B-58,2,4886,375bde15092f45652b6398c1dff650d0
16431,485ae69515bc4c60ef546ff289741f60,40ff348468b73116a7077c246985e0bf,SO57599,48,GL-H102-M,2,48,375bde15092f45652b6398c1dff650d0
16431,485ae69515bc4c60ef546ff289741f60,40ff348468b73116a7077c246985e0bf,SO57599,120,RA-H123,1,120,375bde15092f45652b6398c1dff650d0
16431,cbb00636032a355ee463d321ac8ee9fb,f8fc91862dc66c3aaaa0e65ff94d1479,SO50371,4364,BK-R89B-44,2,4364,f1877c1756a68271d12db39ddc87dad7
16432,39ff8ac1e8a44088f96e17b846ec8baf,9a95fdf4e925d9cbd65f87b5aa4ac212,SO60393,9,BC-R205,1,9,c926349b55a58d87d7d5008c349fd1e9
16432,39ff8ac1e8a44088f96e17b846ec8baf,9a95fdf4e925d9cbd65f87b5aa4ac212,SO60393,4886,BK-R89B-48,2,4886,c926349b55a58d87d7d5008c349fd1e9
16432,8092e44fa2e2a2ee34e25210038fe274,b1ad26241c636eff92eee5bae93235ce,SO50494,4364,BK-R89B-58,2,4364,aa42aae45cd2488a20db2ff74ed044f7
16433,727839743fd8ddb93101d7c79edd3f76,b60bd79b871d7c3345674370fa4dda03,SO50424,4364,BK-R89B-52,2,4364,b1ad26241c636eff92eee5bae93235ce
16433,ad0b7f5ad35732646f1e5f67418d5995,244cede513841376c37dc856f2f5e7b9,SO59288,4886,BK-R89R-58,2,4886,0df76889b3e31ccfd17b50cc73baef03
16433,ad0b7f5ad35732646f1e5f67418d5995,244cede513841376c37dc856f2f5e7b9,SO59288,105,HL-U509-R,3,105,0df76889b3e31ccfd17b50cc73baef03
16433,ad0b7f5ad35732646f1e5f67418d5995,244cede513841376c37dc856f2f5e7b9,SO59288,33,TI-R982,1,33,0df76889b3e31ccfd17b50cc73baef03
16433,ad0b7f5ad35732646f1e5f67418d5995,244cede513841376c37dc856f2f5e7b9,SO59288,4,TT-R982,1,4,0df76889b3e31ccfd17b50cc73baef03
16434,ad0b7f5ad35732646f1e5f67418d5995,244cede513841376c37dc856f2f5e7b9,SO59310,105,HL-U509,3,105,0df76889b3e31ccfd17b50cc73baef03
16434,ad0b7f5ad35732646f1e5f67418d5995,244cede513841376c37dc856f2f5e7b9,SO59310,30,TI-M602,1,30,0df76889b3e31ccfd17b50cc73baef03
16434,ad0b7f5ad35732646f1e5f67418d5995,244cede513841376c37dc856f2f5e7b9,SO59310,5,TT-M928,1,5,0df76889b3e31ccfd17b50cc73baef03
16435,4c6ed4daa82e7326b84c24f4c2ae7064,b2ce0ef2540789e8a6976165b6c917d8,SO73294,2,PK-7098,1,2,aa14ddbc43aa2d3be1e6ac019bb7b5bc
16435,4c6ed4daa82e7326b84c24f4c2ae7064,b2ce0ef2540789e8a6976165b6c917d8,SO73294,4,TT-R982,1,4,aa14ddbc43aa2d3be1e6ac019bb7b5bc
16436,2becb9647677a1a316b388bbad689580,013f173c58073e845f675d26fdde1918,SO61379,4886,BK-R89B-52,2,4886,0383d48e76cd8a3dfb9e2a890f2cac18
16436,2becb9647677a1a316b388bbad689580,013f173c58073e845f675d26fdde1918,SO61379,105,HL-U509-B,3,105,0383d48e76cd8a3dfb9e2a890f2cac18
16436,2becb9647677a1a316b388bbad689580,013f173c58073e845f675d26fdde1918,SO61379,33,TI-R982,1,33,0383d48e76cd8a3dfb9e2a890f2cac18
16436,2becb9647677a1a316b388bbad689580,013f173c58073e845f675d26fdde1918,SO61379,4,TT-R982,1,4,0383d48e76cd8a3dfb9e2a890f2cac18
16436,853665fc08fe34bcd66df57da6a82a16,f5d822432c5ffbc58e8bd3ffc7607c1b,SO50840,4364,BK-R89R-58,2,4364,5f8b10fd69342734dd36c905a170cf51
16437,5a06908cc28b799b04fc1c47664462e6,da9c4ba6c9a1ae8725389bfd38b5763a,SO54744,105,HL-U509,3,105,6d338b8c41c717c4336ad0084a80dca4
16437,5a06908cc28b799b04fc1c47664462e6,da9c4ba6c9a1ae8725389bfd38b5763a,SO54744,5,TT-M928,1,5,6d338b8c41c717c4336ad0084a80dca4
16437,ce08c22f7777768ce4197eab9727516c,4a800301260b2639fa1ec3efafb5f86c,SO60014,2,PK-7098,1,2,5072507e949a2c25948a591c4da194e1
16437,ce08c22f7777768ce4197eab9727516c,4a800301260b2639fa1ec3efafb5f86c,SO60014,5,TT-T092,1,5,5072507e949a2c25948a591c4da194e1
16438,fde67888c64f701b59876ec559099b3e,6353a8421ee460b64f2c988cc72a8391,SO56824,25,TI-R628,1,25,4ceff7612cfa4420892fe23b23ca9265
16439,02b96ab6e0935145589be4e1408a1675,58f0b42da53adeeccbfa693883fea672,SO65361,25,TI-R628,1,25,b68fd63ca41d49bfc1b18251202c053f
16440,14e4b13c27fb9bce9938ce35b6597eca,c375f33d72ca7161f341c2726e82d67a,SO53381,25,TI-R628,1,25,9b98d27287b27eeee9ebc06e1d5a9a8d
16440,14e4b13c27fb9bce9938ce35b6597eca,c375f33d72ca7161f341c2726e82d67a,SO53381,4,TT-R982,1,4,9b98d27287b27eeee9ebc06e1d5a9a8d
16441,deff8ad81a213d1110c1f409a7f40fcd,b8cc77f0099ae7d3a20b9f0b74d70b12,SO52810,25,TI-M267,1,25,f04e53711455521533f4c5ed7dcaa287
16442,b210069485754303767745919c328b97,305c66634c155cab2b5cc3ce00351eb1,SO62825,4886,BK-R89R-58,2,4886,5efefff01843f5aa3f7d8a4d44b4bf2e
16442,b210069485754303767745919c328b97,305c66634c155cab2b5cc3ce00351eb1,SO62825,33,TI-R982,1,33,5efefff01843f5aa3f7d8a4d44b4bf2e
16442,b210069485754303767745919c328b97,305c66634c155cab2b5cc3ce00351eb1,SO62825,4,TT-R982,1,4,5efefff01843f5aa3f7d8a4d44b4bf2e
16442,c5f333101183a33b4b4d94a271add9fd,694d75fcfc5bc50259336e29e881a36c,SO48517,2443,BK-R89R-44,1,2443,a1be4f014e5b3c959503117fd1ee566a
16443,08ff55594d8ca57b756a1953f77ebc89,54d3ba66c5e71d3112695b882ca2030e,SO74962,22,FE-6654,1,22,12092303778fcfa88ed7d284b74c6a6a
16443,08ff55594d8ca57b756a1953f77ebc89,54d3ba66c5e71d3112695b882ca2030e,SO74962,105,HL-U509-B,3,105,12092303778fcfa88ed7d284b74c6a6a
16443,08ff55594d8ca57b756a1953f77ebc89,54d3ba66c5e71d3112695b882ca2030e,SO74962,5,TT-M928,1,5,12092303778fcfa88ed7d284b74c6a6a
16443,6583882ca853d66524856501b27519f5,1ba7e8cdf85da6cf5e11554703236b52,SO74333,5,TT-T092,1,5,d27974ca95fd620ac92cf95bf8c1d1f2
16444,34fbf2f6480a253f5b18c3295860e4ca,4b07ddfa8857087c363c1402c6fbcaa1,SO47627,2443,BK-R89R-52,1,2443,feac3e52d8032301cde96120a3dfe0d4
16444,b8d9d66529b0a1e91f6137abcdd065dd,6d44506d59926d8d13d35f75d97f2a64,SO54204,769,BK-M38S-38,1,769,90c6314650a0d54fdcabe5cd5406f9af
16444,b8d9d66529b0a1e91f6137abcdd065dd,6d44506d59926d8d13d35f75d97f2a64,SO54204,150,LJ-0192-S,3,150,90c6314650a0d54fdcabe5cd5406f9af
16444,b8d9d66529b0a1e91f6137abcdd065dd,6d44506d59926d8d13d35f75d97f2a64,SO54204,9,SO-R809-L,1,9,90c6314650a0d54fdcabe5cd5406f9af
16445,3f72b837978dcd042b73e7270f11a4ca,83d1ed00595e79ee5ea3797e97970fe8,SO70255,769,BK-M38S-46,1,769,99c8f306659fd98cbb9d7f03ec0c2a7a
16445,3f72b837978dcd042b73e7270f11a4ca,83d1ed00595e79ee5ea3797e97970fe8,SO70255,30,TI-M602,1,30,99c8f306659fd98cbb9d7f03ec0c2a7a
16445,f3a74234d20fe8b7fea9d1e61588ddde,ff6b0fd180b0673e54be5105922418c2,SO47521,2443,BK-R89R-48,1,2443,8b2c1dc879653ef0a877850ef4a01f47
16446,abc0c3928eca59906d9e88433e5105be,9adbaac8d97fd446c4d97ce11625bd78,SO47512,4364,BK-R89B-44,2,4364,9a565a7d2e70265a68ce424b97f03cfe
16446,b95a9f47dd73bb9b799a31ae04ee7da1,175a5d217fad85df9f6639d7ced1e5d9,SO69956,769,BK-M38S-46,1,769,8728a5e296f39e49d2fa74c31820e99f
16446,b95a9f47dd73bb9b799a31ae04ee7da1,175a5d217fad85df9f6639d7ced1e5d9,SO69956,22,FE-6654,1,22,8728a5e296f39e49d2fa74c31820e99f
16446,b95a9f47dd73bb9b799a31ae04ee7da1,175a5d217fad85df9f6639d7ced1e5d9,SO69956,120,RA-H123,1,120,8728a5e296f39e49d2fa74c31820e99f
16447,df595e3c678d4fae23ce174fe747165e,07b31bae17c7890b17d79a654aa230cf,SO58846,10,BC-M005,1,10,75fe8d7dec9d2a51be64595ab37dc674
16447,df595e3c678d4fae23ce174fe747165e,07b31bae17c7890b17d79a654aa230cf,SO58846,769,BK-M38S-42,1,769,75fe8d7dec9d2a51be64595ab37dc674
16447,df595e3c678d4fae23ce174fe747165e,07b31bae17c7890b17d79a654aa230cf,SO58846,105,HL-U509,3,105,75fe8d7dec9d2a51be64595ab37dc674
16447,df595e3c678d4fae23ce174fe747165e,07b31bae17c7890b17d79a654aa230cf,SO58846,5,WB-H098,1,5,75fe8d7dec9d2a51be64595ab37dc674
16447,e65d2014d1516aff07ce4e23e98e0e1b,9712d7a71de3e6d17935b90960bdaceb,SO47649,4364,BK-R89B-52,2,4364,44d326c8c23112823a8152f26e4bb95b
16448,4584ca349e0920f4436a3c2f36158b85,6e32728b966bb91cefefa1316da21ca8,SO68534,2384,BK-T79Y-46,1,2384,ca38f30e56a72f4d0c8d2264322c5862
16448,4584ca349e0920f4436a3c2f36158b85,6e32728b966bb91cefefa1316da21ca8,SO68534,27,CA-1098,3,27,ca38f30e56a72f4d0c8d2264322c5862
16448,4584ca349e0920f4436a3c2f36158b85,6e32728b966bb91cefefa1316da21ca8,SO68534,105,HL-U509,3,105,ca38f30e56a72f4d0c8d2264322c5862
16448,5acc3f37654c9c360551251e81e6001c,8db869d79195e5e17fdcc7c203499b29,SO48534,4364,BK-R89R-58,2,4364,0cae3b8f778ef4612ed00352a284e421
16448,6ef7b4bb93d4e54234cf965ed2334682,ccf89c691dabb1412404274596922d90,SO65960,4590,BK-M68B-38,2,4590,93ddc10d6cf61153011df052aa76671f
16448,6ef7b4bb93d4e54234cf965ed2334682,ccf89c691dabb1412404274596922d90,SO65960,2,PK-7098,1,2,93ddc10d6cf61153011df052aa76671f
16449,478ecc8cdaa127c33884d9f6c72c2cd5,3fbd0407b55d3a3da21388a2ddbf881c,SO58615,2,PK-7098,1,2,174acf6ca4e9804d47a59a499422e621
16449,478ecc8cdaa127c33884d9f6c72c2cd5,3fbd0407b55d3a3da21388a2ddbf881c,SO58615,5,TT-T092,1,5,174acf6ca4e9804d47a59a499422e621
16449,7b0730955172ecda497d7cca6b1d87a1,d3c54b4368c62c2ff11535bf2b677170,SO55003,105,HL-U509-B,3,105,5a06908cc28b799b04fc1c47664462e6
16449,7b0730955172ecda497d7cca6b1d87a1,d3c54b4368c62c2ff11535bf2b677170,SO55003,5,TT-M928,1,5,5a06908cc28b799b04fc1c47664462e6
16450,8eb7a1b0dba9fdd5f4248b9cb6b9119b,9f1ff00ea8fd9fd8f2d421ba5ec45a18,SO68227,9,SO-R809-M,1,9,c7390752782466cfc9a3ed7d3a79e046
16450,8eb7a1b0dba9fdd5f4248b9cb6b9119b,9f1ff00ea8fd9fd8f2d421ba5ec45a18,SO68227,25,TI-R628,1,25,c7390752782466cfc9a3ed7d3a79e046
16450,8eb7a1b0dba9fdd5f4248b9cb6b9119b,9f1ff00ea8fd9fd8f2d421ba5ec45a18,SO68227,4,TT-R982,1,4,c7390752782466cfc9a3ed7d3a79e046
16451,18f358e551b5b85912bc952ab9894c0d,abe94c2111c58e9c9672602d41bce66e,SO64905,4886,BK-R89B-52,2,4886,a6d37e298c3042e300813f55a17e0875
16451,18f358e551b5b85912bc952ab9894c0d,abe94c2111c58e9c9672602d41bce66e,SO64905,8,CL-9009,1,8,a6d37e298c3042e300813f55a17e0875
16451,8db869d79195e5e17fdcc7c203499b29,79e02a49bb92138c3f331082fef97f2e,SO48401,4364,BK-R89B-48,2,4364,e56b89db4bdb2b3ba01ca1e3dbaf16ef
16452,9a565a7d2e70265a68ce424b97f03cfe,aa06fa50828269965eade0f7422d1b9e,SO47484,4364,BK-R89R-58,2,4364,e61ec60837c3a7c01e31ad9b2d857e99
16452,e0cd1349b4c6e1b5f14ed427e358c2d0,f06fd077b6afc2d69af6e1e548da266d,SO70319,769,BK-M38S-38,1,769,b95a9f47dd73bb9b799a31ae04ee7da1
16452,e0cd1349b4c6e1b5f14ed427e358c2d0,f06fd077b6afc2d69af6e1e548da266d,SO70319,105,HL-U509,3,105,b95a9f47dd73bb9b799a31ae04ee7da1
16452,e0cd1349b4c6e1b5f14ed427e358c2d0,f06fd077b6afc2d69af6e1e548da266d,SO70319,150,LJ-0192-S,3,150,b95a9f47dd73bb9b799a31ae04ee7da1
16452,e0cd1349b4c6e1b5f14ed427e358c2d0,f06fd077b6afc2d69af6e1e548da266d,SO70319,30,TI-M602,1,30,b95a9f47dd73bb9b799a31ae04ee7da1
16452,e0cd1349b4c6e1b5f14ed427e358c2d0,f06fd077b6afc2d69af6e1e548da266d,SO70319,5,TT-M928,1,5,b95a9f47dd73bb9b799a31ae04ee7da1
16453,629ffff971d10f275a79a70fae527fbc,d6ab5a0eee939524352092b964d92b84,SO56003,2,PK-7098,1,2,3c1811b546060d91957cc446aabc4a3c
16453,629ffff971d10f275a79a70fae527fbc,d6ab5a0eee939524352092b964d92b84,SO56003,5,TT-T092,1,5,3c1811b546060d91957cc446aabc4a3c
16453,962bae2fb03296a3b9cacabfa929322c,0da2bc000f1fe4ea8746f9aea0bb5879,SO69116,2,PK-7098,1,2,c4369eefdf9bb8a3f9115e96b40aaf17
16453,962bae2fb03296a3b9cacabfa929322c,0da2bc000f1fe4ea8746f9aea0bb5879,SO69116,5,TT-M928,1,5,c4369eefdf9bb8a3f9115e96b40aaf17
16454,072bf847aeeee970f66483e596496cd9,cfceb7490eff6e660974507be7c579c6,SO52640,105,HL-U509-R,3,105,dca79d69a6b38e95c4b03bfab997796c
16454,072bf847aeeee970f66483e596496cd9,cfceb7490eff6e660974507be7c579c6,SO52640,5,TT-M928,1,5,dca79d69a6b38e95c4b03bfab997796c
16454,d9f7611cf8d29b48a1d3d8fddb8c5b2e,55f9f4cb5784581a517e59904e0d5e2f,SO56672,2,PK-7098,1,2,fda052162862bb845297063fd71a580c
16454,d9f7611cf8d29b48a1d3d8fddb8c5b2e,55f9f4cb5784581a517e59904e0d5e2f,SO56672,5,TT-T092,1,5,fda052162862bb845297063fd71a580c
16455,41fc4cb27e0ee552c4c9247e1a476cc5,6d338b8c41c717c4336ad0084a80dca4,SO55119,25,TI-R628,1,25,6e5c4b769f8f70f9fd01b24ba5be9695
16455,41fc4cb27e0ee552c4c9247e1a476cc5,6d338b8c41c717c4336ad0084a80dca4,SO55119,4,TT-R982,1,4,6e5c4b769f8f70f9fd01b24ba5be9695
16456,64cadfde6f66bc25043d0d69f5ae5471,18f358e551b5b85912bc952ab9894c0d,SO65833,105,HL-U509-R,3,105,8d1d4829b2e801ba4e41ba48f5a549d4
16456,64cadfde6f66bc25043d0d69f5ae5471,18f358e551b5b85912bc952ab9894c0d,SO65833,25,TI-M267,1,25,8d1d4829b2e801ba4e41ba48f5a549d4
16456,64cadfde6f66bc25043d0d69f5ae5471,18f358e551b5b85912bc952ab9894c0d,SO65833,5,TT-M928,1,5,8d1d4829b2e801ba4e41ba48f5a549d4
16457,abe94c2111c58e9c9672602d41bce66e,0149f124a48640c62d90840ac5760331,SO64142,120,RA-H123,1,120,99b7e934795a93975a5e0c0b9b57d9ba
16457,abe94c2111c58e9c9672602d41bce66e,0149f124a48640c62d90840ac5760331,SO64142,25,TI-M267,1,25,99b7e934795a93975a5e0c0b9b57d9ba
16457,abe94c2111c58e9c9672602d41bce66e,0149f124a48640c62d90840ac5760331,SO64142,5,TT-M928,1,5,99b7e934795a93975a5e0c0b9b57d9ba
16458,41fc4cb27e0ee552c4c9247e1a476cc5,6d338b8c41c717c4336ad0084a80dca4,SO55116,25,TI-M267,1,25,6e5c4b769f8f70f9fd01b24ba5be9695
16459,bc761b2b7297029a695fbd6dd0470724,fef3080ec197edd1a04bb18afd31d16d,SO55642,105,HL-U509-B,3,105,9b6872ca1d80024637e967d1066bba0a
16459,bc761b2b7297029a695fbd6dd0470724,fef3080ec197edd1a04bb18afd31d16d,SO55642,5,TT-M928,1,5,9b6872ca1d80024637e967d1066bba0a
16459,c375f33d72ca7161f341c2726e82d67a,9f79f7706bc6a7654ef0b8977966f69a,SO52755,2,PK-7098,1,2,0dc34ca2aaa8612cde077f1880b78b25
16459,c375f33d72ca7161f341c2726e82d67a,9f79f7706bc6a7654ef0b8977966f69a,SO52755,5,TT-T092,1,5,0dc34ca2aaa8612cde077f1880b78b25
16460,128ee9ff420de424a605a0ee4a6f7916,fee8e08233f3f00450bce31967abb0f1,SO71397,105,HL-U509-B,3,105,2797a91b25bc2aa85124c99bc574dc83
16460,128ee9ff420de424a605a0ee4a6f7916,fee8e08233f3f00450bce31967abb0f1,SO71397,5,TT-T092,1,5,2797a91b25bc2aa85124c99bc574dc83
16460,d6fb379288416774d139632beb88e26b,3ebfce6ccd7540a632ae7e6ad8100c29,SO60215,2,PK-7098,1,2,412998e77ee121227580e3d363f75fa2
16460,d6fb379288416774d139632beb88e26b,3ebfce6ccd7540a632ae7e6ad8100c29,SO60215,5,TT-M928,1,5,412998e77ee121227580e3d363f75fa2
16461,128ee9ff420de424a605a0ee4a6f7916,fee8e08233f3f00450bce31967abb0f1,SO71364,769,BK-M38S-46,1,769,2797a91b25bc2aa85124c99bc574dc83
16461,128ee9ff420de424a605a0ee4a6f7916,fee8e08233f3f00450bce31967abb0f1,SO71364,48,GL-H102-L,2,48,2797a91b25bc2aa85124c99bc574dc83
16461,128ee9ff420de424a605a0ee4a6f7916,fee8e08233f3f00450bce31967abb0f1,SO71364,150,LJ-0192-M,3,150,2797a91b25bc2aa85124c99bc574dc83
16461,85a7e482ebe05716e5f3929bdbe4147c,e4eb0466781b24d67b81f508aeab70b7,SO47464,2443,BK-R89R-52,1,2443,ad9d849aa74e54742c555c19900c6f1e
16462,722dc621a1a56555843f574144bfcdf0,d27974ca95fd620ac92cf95bf8c1d1f2,SO74546,48,GL-H102-M,2,48,d612b5fb3f6011688fb0c9927693365a
16462,722dc621a1a56555843f574144bfcdf0,d27974ca95fd620ac92cf95bf8c1d1f2,SO74546,25,TI-M267,1,25,d612b5fb3f6011688fb0c9927693365a
16463,c660dc308b247ce08aeecd155306bae0,e7df1b3ee078bdcfc260a877f321287d,SO59941,8,CL-9009,1,8,9a95fdf4e925d9cbd65f87b5aa4ac212
16463,c660dc308b247ce08aeecd155306bae0,e7df1b3ee078bdcfc260a877f321287d,SO59941,22,FE-6654,1,22,9a95fdf4e925d9cbd65f87b5aa4ac212
16463,c660dc308b247ce08aeecd155306bae0,e7df1b3ee078bdcfc260a877f321287d,SO59941,25,TI-M267,1,25,9a95fdf4e925d9cbd65f87b5aa4ac212
16463,c660dc308b247ce08aeecd155306bae0,e7df1b3ee078bdcfc260a877f321287d,SO59941,5,TT-M928,1,5,9a95fdf4e925d9cbd65f87b5aa4ac212
16464,3a2f313512bb520c43971e54ba834dec,a1fedb8f5f2e08543339a5f167bee6b7,SO65919,105,HL-U509,3,105,e2f0a420a4c1a9e8e292761f835e0489
16464,3a2f313512bb520c43971e54ba834dec,a1fedb8f5f2e08543339a5f167bee6b7,SO65919,5,TT-T092,1,5,e2f0a420a4c1a9e8e292761f835e0489
16464,ab4946738415af86b5e3cee69b13301f,ed268f8f3837888893f896b7240f1254,SO57275,5,TT-M928,1,5,fde67888c64f701b59876ec559099b3e
16465,51f131f5e73d6582c708dee703ea6d09,09a92962b3b77384fb4671e2a6803a84,SO47612,2443,BK-R89R-48,1,2443,83fd58ad8dee673cf915b18f70b86416
16465,ec24e4cf9fcc90f3bbe81b2fb3735c21,c4369eefdf9bb8a3f9115e96b40aaf17,SO69801,10,BC-M005,1,10,f06fd077b6afc2d69af6e1e548da266d
16465,ec24e4cf9fcc90f3bbe81b2fb3735c21,c4369eefdf9bb8a3f9115e96b40aaf17,SO69801,769,BK-M38S-42,1,769,f06fd077b6afc2d69af6e1e548da266d
16465,ec24e4cf9fcc90f3bbe81b2fb3735c21,c4369eefdf9bb8a3f9115e96b40aaf17,SO69801,27,CA-1098,3,27,f06fd077b6afc2d69af6e1e548da266d
16465,ec24e4cf9fcc90f3bbe81b2fb3735c21,c4369eefdf9bb8a3f9115e96b40aaf17,SO69801,30,TI-M602,1,30,f06fd077b6afc2d69af6e1e548da266d
16465,ec24e4cf9fcc90f3bbe81b2fb3735c21,c4369eefdf9bb8a3f9115e96b40aaf17,SO69801,5,TT-M928,1,5,f06fd077b6afc2d69af6e1e548da266d
16465,ec24e4cf9fcc90f3bbe81b2fb3735c21,c4369eefdf9bb8a3f9115e96b40aaf17,SO69801,5,WB-H098,1,5,f06fd077b6afc2d69af6e1e548da266d
16466,43a48533e5870a15f120f16375636633,4bbde6a0c4076e78bc106bdc331a94c5,SO48708,4364,BK-R89B-52,2,4364,ba588be30dd16be47b9647a72fe81700
16466,7acd252f45ad6fe668386456a673d543,0120f4004ede1143c3be6caa4227affe,SO67157,4886,BK-R89B-44,2,4886,b322422d9a721bbdefa133133dd407c1
16467,01e8942a5792053a553c4612bd6c06a6,6583882ca853d66524856501b27519f5,SO74714,2,PK-7098,1,2,722dc621a1a56555843f574144bfcdf0
16467,01e8942a5792053a553c4612bd6c06a6,6583882ca853d66524856501b27519f5,SO74714,5,TT-T092,1,5,722dc621a1a56555843f574144bfcdf0
16467,fe1fd19c021e78ec395980c2e347865e,16e364d19895243407b256ec272d5394,SO68367,5,TT-M928,1,5,63efdd3324df66c9965bd622cdebe06a
16468,6ef7b4bb93d4e54234cf965ed2334682,ccf89c691dabb1412404274596922d90,SO65984,105,HL-U509-R,3,105,93ddc10d6cf61153011df052aa76671f
16468,6ef7b4bb93d4e54234cf965ed2334682,ccf89c691dabb1412404274596922d90,SO65984,25,TI-R628,1,25,93ddc10d6cf61153011df052aa76671f
16468,6ef7b4bb93d4e54234cf965ed2334682,ccf89c691dabb1412404274596922d90,SO65984,4,TT-R982,1,4,93ddc10d6cf61153011df052aa76671f
16469,089c2a426c196c5ca5facb20896c90bb,bc761b2b7297029a695fbd6dd0470724,SO56301,105,HL-U509-B,3,105,55f9f4cb5784581a517e59904e0d5e2f
16469,089c2a426c196c5ca5facb20896c90bb,bc761b2b7297029a695fbd6dd0470724,SO56301,25,TI-R628,1,25,55f9f4cb5784581a517e59904e0d5e2f
16469,089c2a426c196c5ca5facb20896c90bb,bc761b2b7297029a695fbd6dd0470724,SO56301,4,TT-R982,1,4,55f9f4cb5784581a517e59904e0d5e2f
16470,0814775cfc25da756a9b4197347ab771,d76e0ba1fa041675ae9af958c5b41ae4,SO57804,769,BK-M38S-40,1,769,de22d232bbe84481579f6252f1e7091d
16470,0814775cfc25da756a9b4197347ab771,d76e0ba1fa041675ae9af958c5b41ae4,SO57804,70,SH-W890-S,1,70,de22d232bbe84481579f6252f1e7091d
16470,0fdc213a5f9c4a355f1240ee1160acdb,6e1ea8c2b90f9655373e732ea4445676,SO47496,4364,BK-R89R-58,2,4364,5206c46d068e66a8c5511d764ec58206
16471,545a3d56d20b22e09aa85bfa5ed8738d,31c99d724c1f182c60edb82eb4740277,SO72221,48,GL-H102-M,2,48,a9cd7a99d71cca9cb644010050374ade
16471,545a3d56d20b22e09aa85bfa5ed8738d,31c99d724c1f182c60edb82eb4740277,SO72221,25,TI-R628,1,25,a9cd7a99d71cca9cb644010050374ade
16471,545a3d56d20b22e09aa85bfa5ed8738d,31c99d724c1f182c60edb82eb4740277,SO72221,4,TT-R982,1,4,a9cd7a99d71cca9cb644010050374ade
16472,ec24e4cf9fcc90f3bbe81b2fb3735c21,c4369eefdf9bb8a3f9115e96b40aaf17,SO69826,2,PK-7098,1,2,f06fd077b6afc2d69af6e1e548da266d
16472,ec24e4cf9fcc90f3bbe81b2fb3735c21,c4369eefdf9bb8a3f9115e96b40aaf17,SO69826,25,TI-R628,1,25,f06fd077b6afc2d69af6e1e548da266d
16473,691ad1b0dca3643b923973defd014d47,6dd75c28a9a8a39e02bc0a175f82a9f3,SO67804,25,TI-M267,1,25,9f1ff00ea8fd9fd8f2d421ba5ec45a18
16474,d8a4ea0dc4237ee8690ee37b3902fd0e,0c8ff735cb2b05718573c08173335fd4,SO55166,25,TI-M267,1,25,fef3080ec197edd1a04bb18afd31d16d
16475,53e3822e4ab7309bbe5f440fa5f4e7de,af0f2c97be3051a37eaf670bbd7408f8,SO48425,4364,BK-R89B-58,2,4364,2f58ddcb4c9f30e1ac2a6edb90189d95
16475,e82ca4c6beebe812f10fa1041b97a160,9d934f91c460e9947414d00048f2fa36,SO66031,9,BC-R205,1,9,6d1d8a1c7851eb5a946d45009cea6d9f
16475,e82ca4c6beebe812f10fa1041b97a160,9d934f91c460e9947414d00048f2fa36,SO66031,4886,BK-R89B-44,2,4886,6d1d8a1c7851eb5a946d45009cea6d9f
16475,e82ca4c6beebe812f10fa1041b97a160,9d934f91c460e9947414d00048f2fa36,SO66031,105,HL-U509,3,105,6d1d8a1c7851eb5a946d45009cea6d9f
16475,e82ca4c6beebe812f10fa1041b97a160,9d934f91c460e9947414d00048f2fa36,SO66031,5,WB-H098,1,5,6d1d8a1c7851eb5a946d45009cea6d9f
16476,5118f4d1a94c19a06818ba12904e26f0,35a6fa1efa2ccca1297564c53a3633af,SO50826,4364,BK-R89B-58,2,4364,f51bd0753a33f206ae6eb82577c92f80
16476,b0241b451647f25db5f52074445d820c,7a8e187aeb003f6e34c02a4d5b9b153e,SO64249,4886,BK-R89B-48,2,4886,56d78836c9cf0de136c4d2d37aba2280
16476,b0241b451647f25db5f52074445d820c,7a8e187aeb003f6e34c02a4d5b9b153e,SO64249,54,SJ-0194-L,1,54,56d78836c9cf0de136c4d2d37aba2280
16476,b0241b451647f25db5f52074445d820c,7a8e187aeb003f6e34c02a4d5b9b153e,SO64249,33,TI-R982,1,33,56d78836c9cf0de136c4d2d37aba2280
16476,b0241b451647f25db5f52074445d820c,7a8e187aeb003f6e34c02a4d5b9b153e,SO64249,4,TT-R982,1,4,56d78836c9cf0de136c4d2d37aba2280
16477,deff8ad81a213d1110c1f409a7f40fcd,b8cc77f0099ae7d3a20b9f0b74d70b12,SO52805,105,HL-U509,3,105,f04e53711455521533f4c5ed7dcaa287
16477,deff8ad81a213d1110c1f409a7f40fcd,b8cc77f0099ae7d3a20b9f0b74d70b12,SO52805,5,TT-M928,1,5,f04e53711455521533f4c5ed7dcaa287
16478,8eb7a1b0dba9fdd5f4248b9cb6b9119b,9f1ff00ea8fd9fd8f2d421ba5ec45a18,SO68248,10,BC-M005,1,10,c7390752782466cfc9a3ed7d3a79e046
16478,8eb7a1b0dba9fdd5f4248b9cb6b9119b,9f1ff00ea8fd9fd8f2d421ba5ec45a18,SO68248,4590,BK-M68B-42,2,4590,c7390752782466cfc9a3ed7d3a79e046
16478,8eb7a1b0dba9fdd5f4248b9cb6b9119b,9f1ff00ea8fd9fd8f2d421ba5ec45a18,SO68248,22,FE-6654,1,22,c7390752782466cfc9a3ed7d3a79e046
16478,8eb7a1b0dba9fdd5f4248b9cb6b9119b,9f1ff00ea8fd9fd8f2d421ba5ec45a18,SO68248,54,SJ-0194-X,1,54,c7390752782466cfc9a3ed7d3a79e046
16478,8eb7a1b0dba9fdd5f4248b9cb6b9119b,9f1ff00ea8fd9fd8f2d421ba5ec45a18,SO68248,5,WB-H098,1,5,c7390752782466cfc9a3ed7d3a79e046
16479,58c4ce5b9433e7b6d41793d5a76d5590,1556bafff387fc8f2f6fef64c1daa6bc,SO71297,105,HL-U509-B,3,105,fd5ba6fdeb81e07b2caf0b103489bd8d
16479,58c4ce5b9433e7b6d41793d5a76d5590,1556bafff387fc8f2f6fef64c1daa6bc,SO71297,33,TI-R982,1,33,fd5ba6fdeb81e07b2caf0b103489bd8d
16479,58c4ce5b9433e7b6d41793d5a76d5590,1556bafff387fc8f2f6fef64c1daa6bc,SO71297,4,TT-R982,1,4,fd5ba6fdeb81e07b2caf0b103489bd8d
16479,6e32728b966bb91cefefa1316da21ca8,b322422d9a721bbdefa133133dd407c1,SO67713,10,BC-M005,1,10,de5009f9bf3e9725d2381f4a5e913111
16479,6e32728b966bb91cefefa1316da21ca8,b322422d9a721bbdefa133133dd407c1,SO67713,105,HL-U509-R,3,105,de5009f9bf3e9725d2381f4a5e913111
16479,6e32728b966bb91cefefa1316da21ca8,b322422d9a721bbdefa133133dd407c1,SO67713,5,WB-H098,1,5,de5009f9bf3e9725d2381f4a5e913111
16479,a189cc17a15cdb4e39e80dfcd8374c76,b0b2c17e5682f78d8fc262463fd0a4f3,SO58676,10,BC-M005,1,10,244cede513841376c37dc856f2f5e7b9
16479,a189cc17a15cdb4e39e80dfcd8374c76,b0b2c17e5682f78d8fc262463fd0a4f3,SO58676,22,FE-6654,1,22,244cede513841376c37dc856f2f5e7b9
16479,a189cc17a15cdb4e39e80dfcd8374c76,b0b2c17e5682f78d8fc262463fd0a4f3,SO58676,5,WB-H098,1,5,244cede513841376c37dc856f2f5e7b9
16480,2fb09097185e604aaadbfde958fd6262,a1e59736d286765313b8212467dc64b2,SO74588,105,HL-U509-B,3,105,88d8e3ff674b1514a19b24621707f0d9
16480,2fb09097185e604aaadbfde958fd6262,a1e59736d286765313b8212467dc64b2,SO74588,29,TI-T723,1,29,88d8e3ff674b1514a19b24621707f0d9
16480,2fb09097185e604aaadbfde958fd6262,a1e59736d286765313b8212467dc64b2,SO74588,5,TT-T092,1,5,88d8e3ff674b1514a19b24621707f0d9
16480,4a70a3ec50fd16032883bf6fc79c55dd,4804ee33768b143d9706052696f7dfbd,SO61040,22,FE-6654,1,22,e0bcd0ff3072dfe15609d6be1529b0b8
16480,4a70a3ec50fd16032883bf6fc79c55dd,4804ee33768b143d9706052696f7dfbd,SO61040,54,SJ-0194-M,1,54,e0bcd0ff3072dfe15609d6be1529b0b8
16481,5cbbe853aa1a5a1370f9a614904c4b15,86e0fc464cbb08ae74bd039224afec9a,SO73586,105,HL-U509-R,3,105,47a161474962a6dcc03cfa64127a641f
16481,5cbbe853aa1a5a1370f9a614904c4b15,86e0fc464cbb08ae74bd039224afec9a,SO73586,54,SJ-0194-S,1,54,47a161474962a6dcc03cfa64127a641f
16481,5cbbe853aa1a5a1370f9a614904c4b15,86e0fc464cbb08ae74bd039224afec9a,SO73586,29,TI-T723,1,29,47a161474962a6dcc03cfa64127a641f
16481,5cbbe853aa1a5a1370f9a614904c4b15,86e0fc464cbb08ae74bd039224afec9a,SO73586,5,TT-T092,1,5,47a161474962a6dcc03cfa64127a641f
16481,9f1ff00ea8fd9fd8f2d421ba5ec45a18,f88b3743a9ce1f9455b6de69380b486a,SO67423,10,BC-M005,1,10,0001ffe4d82d0d8f9fec5ab0b4faa2db
16481,9f1ff00ea8fd9fd8f2d421ba5ec45a18,f88b3743a9ce1f9455b6de69380b486a,SO67423,22,FE-6654,1,22,0001ffe4d82d0d8f9fec5ab0b4faa2db
16481,9f1ff00ea8fd9fd8f2d421ba5ec45a18,f88b3743a9ce1f9455b6de69380b486a,SO67423,105,HL-U509-R,3,105,0001ffe4d82d0d8f9fec5ab0b4faa2db
16481,9f1ff00ea8fd9fd8f2d421ba5ec45a18,f88b3743a9ce1f9455b6de69380b486a,SO67423,5,WB-H098,1,5,0001ffe4d82d0d8f9fec5ab0b4faa2db
16482,15699e35c72c4036c71409f3f3d69528,f5933feadc49c253e4f0e77b236946e9,SO53004,2240,BK-R64Y-48,2,2240,deff8ad81a213d1110c1f409a7f40fcd
16482,15699e35c72c4036c71409f3f3d69528,f5933feadc49c253e4f0e77b236946e9,SO53004,105,HL-U509-B,3,105,deff8ad81a213d1110c1f409a7f40fcd
16482,15699e35c72c4036c71409f3f3d69528,f5933feadc49c253e4f0e77b236946e9,SO53004,150,LJ-0192-L,3,150,deff8ad81a213d1110c1f409a7f40fcd
16482,c694f825bbbc9515aa53a3169d7ebce9,1d0cd3f4d344a14526f6b36b1240748e,SO43753,3578,BK-R93R-62,1,3578,688f3e8d70a208f2fa540fbe4a53979e
16483,31c99d724c1f182c60edb82eb4740277,e84848120190a8d0e696fbeb15647a74,SO71266,540,BK-M18B-48,1,540,3db19f5f710f10e90ecc7154c649d60a
16483,4f0012e973c89ab113494955e064e478,8a2170b82ac0269686d99172f5ebc133,SO43715,3578,BK-R93R-56,1,3578,5d86cf50673484650827265c9f4ddfb2
16484,74f564dd4fda69d37ab2cd85932679fc,8f50e1ce468e1998aca6615f10c9f044,SO43791,3578,BK-R93R-56,1,3578,9effb9136439084df69d3197f50eb040
16484,99c8f306659fd98cbb9d7f03ec0c2a7a,705fa39ab40831529471c768490339ab,SO69926,565,BK-M18S-48,1,565,fff3c307c93eda1eb91d53ca588846fe
16484,99c8f306659fd98cbb9d7f03ec0c2a7a,705fa39ab40831529471c768490339ab,SO69926,2,PK-7098,1,2,fff3c307c93eda1eb91d53ca588846fe
16484,99c8f306659fd98cbb9d7f03ec0c2a7a,705fa39ab40831529471c768490339ab,SO69926,25,TI-M267,1,25,fff3c307c93eda1eb91d53ca588846fe
16484,99c8f306659fd98cbb9d7f03ec0c2a7a,705fa39ab40831529471c768490339ab,SO69926,5,TT-M928,1,5,fff3c307c93eda1eb91d53ca588846fe
16485,8eb7a1b0dba9fdd5f4248b9cb6b9119b,9f1ff00ea8fd9fd8f2d421ba5ec45a18,SO68223,105,HL-U509-R,3,105,c7390752782466cfc9a3ed7d3a79e046
16485,8eb7a1b0dba9fdd5f4248b9cb6b9119b,9f1ff00ea8fd9fd8f2d421ba5ec45a18,SO68223,5,TT-M928,1,5,c7390752782466cfc9a3ed7d3a79e046
16486,41464bd548f06ca845208f69df30ac82,15aceb75d86814cb479f1b1a9487c3d4,SO53669,22,FE-6654,1,22,3e48b2167bd86ef570e46d0b286c4f74
16486,41464bd548f06ca845208f69df30ac82,15aceb75d86814cb479f1b1a9487c3d4,SO53669,55,HY-1023-70,1,55,3e48b2167bd86ef570e46d0b286c4f74
16486,982b3b4109cce5d4e5bf1fcbe0ae259b,501407dcfde5b685045ca3072168d5bb,SO74260,2,PK-7098,1,2,d7f57f35d2bad1349ca24a67a2635eea
16486,982b3b4109cce5d4e5bf1fcbe0ae259b,501407dcfde5b685045ca3072168d5bb,SO74260,29,TI-T723,1,29,d7f57f35d2bad1349ca24a67a2635eea
16486,982b3b4109cce5d4e5bf1fcbe0ae259b,501407dcfde5b685045ca3072168d5bb,SO74260,5,TT-T092,1,5,d7f57f35d2bad1349ca24a67a2635eea
16487,8dd08d219271ec96c543f486de430703,d53f9d33cac0a297449a74a10d031570,SO62292,9,BC-R205,1,9,04dbdf67bb8714ba18c9c36d50d1f5dc
16487,8dd08d219271ec96c543f486de430703,d53f9d33cac0a297449a74a10d031570,SO62292,105,HL-U509,3,105,04dbdf67bb8714ba18c9c36d50d1f5dc
16487,8dd08d219271ec96c543f486de430703,d53f9d33cac0a297449a74a10d031570,SO62292,5,WB-H098,1,5,04dbdf67bb8714ba18c9c36d50d1f5dc
16487,ccb91034934bb047c5f6a32eb289b95b,640540d73b85c3ecd2e3bf5541686e87,SO59710,22,FE-6654,1,22,3ebfce6ccd7540a632ae7e6ad8100c29
16487,ccb91034934bb047c5f6a32eb289b95b,640540d73b85c3ecd2e3bf5541686e87,SO59710,2,PK-7098,1,2,3ebfce6ccd7540a632ae7e6ad8100c29
16488,1f50dad3f1493a5cf408c4eb3987479e,226d694fb4b7f71d62444f9528be8704,SO54665,27,CA-1098,3,27,9c56075241a26f6fa77eb86b15411c6e
16488,1f50dad3f1493a5cf408c4eb3987479e,226d694fb4b7f71d62444f9528be8704,SO54665,22,FE-6654,1,22,9c56075241a26f6fa77eb86b15411c6e
16488,1f50dad3f1493a5cf408c4eb3987479e,226d694fb4b7f71d62444f9528be8704,SO54665,105,HL-U509,3,105,9c56075241a26f6fa77eb86b15411c6e
16488,1f50dad3f1493a5cf408c4eb3987479e,226d694fb4b7f71d62444f9528be8704,SO54665,54,SJ-0194-M,1,54,9c56075241a26f6fa77eb86b15411c6e
16488,88d8e3ff674b1514a19b24621707f0d9,ca5b8307fa5f2189fb98330a9d65927c,SO74443,9,BC-R205,1,9,df09a3a727ac0f29208c5ef3bf7625e6
16488,88d8e3ff674b1514a19b24621707f0d9,ca5b8307fa5f2189fb98330a9d65927c,SO74443,105,HL-U509,3,105,df09a3a727ac0f29208c5ef3bf7625e6
16488,88d8e3ff674b1514a19b24621707f0d9,ca5b8307fa5f2189fb98330a9d65927c,SO74443,64,VE-C304-L,1,64,df09a3a727ac0f29208c5ef3bf7625e6
16488,88d8e3ff674b1514a19b24621707f0d9,ca5b8307fa5f2189fb98330a9d65927c,SO74443,5,WB-H098,1,5,df09a3a727ac0f29208c5ef3bf7625e6
16489,0c8ff735cb2b05718573c08173335fd4,1685ca8ff12ea83725a1c35e1d89c5cd,SO54484,9,BC-R205,1,9,b8d9d66529b0a1e91f6137abcdd065dd
16489,0c8ff735cb2b05718573c08173335fd4,1685ca8ff12ea83725a1c35e1d89c5cd,SO54484,48,GL-H102-M,2,48,b8d9d66529b0a1e91f6137abcdd065dd
16489,0c8ff735cb2b05718573c08173335fd4,1685ca8ff12ea83725a1c35e1d89c5cd,SO54484,150,LJ-0192-L,3,150,b8d9d66529b0a1e91f6137abcdd065dd
16489,0c8ff735cb2b05718573c08173335fd4,1685ca8ff12ea83725a1c35e1d89c5cd,SO54484,5,WB-H098,1,5,b8d9d66529b0a1e91f6137abcdd065dd
16489,5e1b952a22eccca86f7f056a9efb42a4,a8ef76a01442567fb64eb6f4408a9835,SO57695,22,FE-6654,1,22,40883861f6e25a2e09e848a7891f4f38
16489,5e1b952a22eccca86f7f056a9efb42a4,a8ef76a01442567fb64eb6f4408a9835,SO57695,2,PK-7098,1,2,40883861f6e25a2e09e848a7891f4f38
16490,23f22724b430320654759f8512440ebc,485ae69515bc4c60ef546ff289741f60,SO58274,4886,BK-R89R-58,2,4886,b0b2c17e5682f78d8fc262463fd0a4f3
16490,23f22724b430320654759f8512440ebc,485ae69515bc4c60ef546ff289741f60,SO58274,105,HL-U509-B,3,105,b0b2c17e5682f78d8fc262463fd0a4f3
16491,5e9b4970006d8f02ba0bc1763fa8b9a6,b2e85aa5f9c095607e638c7e6e2c694b,SO51962,742,BK-T18Y-54,1,742,ca510b577b53d588f80b4fc76030ea52
16491,5e9b4970006d8f02ba0bc1763fa8b9a6,b2e85aa5f9c095607e638c7e6e2c694b,SO51962,27,CA-1098,3,27,ca510b577b53d588f80b4fc76030ea52
16491,94b225b5b1f09ecd5e8ecdfb681ff04c,03bf7d2a8718ee9aca4bd2f37e962fc4,SO64352,4640,BK-M68S-42,2,4640,61e00b038efd34bdf9c747596273cbcf
16491,94b225b5b1f09ecd5e8ecdfb681ff04c,03bf7d2a8718ee9aca4bd2f37e962fc4,SO64352,35,TI-M823,1,35,61e00b038efd34bdf9c747596273cbcf
16492,021d7f51f97fea2b23b069288066b34d,722dc621a1a56555843f574144bfcdf0,SO74914,27,CA-1098,3,27,bb858b10001c01aea17b4e635d0662a2
16492,021d7f51f97fea2b23b069288066b34d,722dc621a1a56555843f574144bfcdf0,SO74914,54,SJ-0194-S,1,54,bb858b10001c01aea17b4e635d0662a2
16492,021d7f51f97fea2b23b069288066b34d,722dc621a1a56555843f574144bfcdf0,SO74914,25,TI-R628,1,25,bb858b10001c01aea17b4e635d0662a2
16492,021d7f51f97fea2b23b069288066b34d,722dc621a1a56555843f574144bfcdf0,SO74914,4,TT-R982,1,4,bb858b10001c01aea17b4e635d0662a2
16492,331afa0aff1b1cfbf3d24944ab38c9d2,c885741a5e3e55c84950327011b70289,SO69665,105,HL-U509-B,3,105,962bae2fb03296a3b9cacabfa929322c
16492,331afa0aff1b1cfbf3d24944ab38c9d2,c885741a5e3e55c84950327011b70289,SO69665,4,TT-R982,1,4,962bae2fb03296a3b9cacabfa929322c
16493,501407dcfde5b685045ca3072168d5bb,41ef6b06b63ba4f6a5234245a439b157,SO73504,565,BK-M18S-48,1,565,5432d51ee94799c0125bb158c8a8bd22
16493,501407dcfde5b685045ca3072168d5bb,41ef6b06b63ba4f6a5234245a439b157,SO73504,54,SJ-0194-M,1,54,5432d51ee94799c0125bb158c8a8bd22
16493,fdf68f0ae4edf12f9c0572d684f6fb6b,bd0ae680b4a62b8b5bdab83f032b2284,SO43761,3578,BK-R93R-62,1,3578,8bb6e395a61f435871f799e706173295
16494,47a161474962a6dcc03cfa64127a641f,8920fd63645007b243abb750709b1172,SO73241,4640,BK-M68S-46,2,4640,c5ed53572c667b119dde2fc0f54de602
16494,47a161474962a6dcc03cfa64127a641f,8920fd63645007b243abb750709b1172,SO73241,8,CL-9009,1,8,c5ed53572c667b119dde2fc0f54de602
16494,47a161474962a6dcc03cfa64127a641f,8920fd63645007b243abb750709b1172,SO73241,55,HY-1023-70,1,55,c5ed53572c667b119dde2fc0f54de602
16494,cd9e79fd7a43f48acc7de09fefb697d8,f5a02f7bc48083e48175f972314af8be,SO43815,3578,BK-R93R-44,1,3578,74f564dd4fda69d37ab2cd85932679fc
16495,b2ce0ef2540789e8a6976165b6c917d8,128ee9ff420de424a605a0ee4a6f7916,SO72417,4590,BK-M68B-38,2,4590,dcf73f840a50da0145f24e8e0169dc4b
16495,b2ce0ef2540789e8a6976165b6c917d8,128ee9ff420de424a605a0ee4a6f7916,SO72417,105,HL-U509,3,105,dcf73f840a50da0145f24e8e0169dc4b
16495,b2ce0ef2540789e8a6976165b6c917d8,128ee9ff420de424a605a0ee4a6f7916,SO72417,54,SJ-0194-L,1,54,dcf73f840a50da0145f24e8e0169dc4b
16495,b2ce0ef2540789e8a6976165b6c917d8,128ee9ff420de424a605a0ee4a6f7916,SO72417,35,TI-M823,1,35,dcf73f840a50da0145f24e8e0169dc4b
16495,b2ce0ef2540789e8a6976165b6c917d8,128ee9ff420de424a605a0ee4a6f7916,SO72417,5,TT-M928,1,5,dcf73f840a50da0145f24e8e0169dc4b
16495,e1177aa92fd6f143803910e5ee60d40a,688f3e8d70a208f2fa540fbe4a53979e,SO43781,3578,BK-R93R-48,1,3578,fdf68f0ae4edf12f9c0572d684f6fb6b
16496,8babade0595c11e14dd89058a850f2cd,a048b8d5f3f9178f163e2be055f0138b,SO73923,4640,BK-M68S-42,2,4640,501407dcfde5b685045ca3072168d5bb
16496,8babade0595c11e14dd89058a850f2cd,a048b8d5f3f9178f163e2be055f0138b,SO73923,22,FE-6654,1,22,501407dcfde5b685045ca3072168d5bb
16496,8babade0595c11e14dd89058a850f2cd,a048b8d5f3f9178f163e2be055f0138b,SO73923,35,TI-M823,1,35,501407dcfde5b685045ca3072168d5bb
16496,8babade0595c11e14dd89058a850f2cd,a048b8d5f3f9178f163e2be055f0138b,SO73923,5,TT-M928,1,5,501407dcfde5b685045ca3072168d5bb
16496,cd9e79fd7a43f48acc7de09fefb697d8,f5a02f7bc48083e48175f972314af8be,SO43816,3578,BK-R93R-56,1,3578,74f564dd4fda69d37ab2cd85932679fc
16497,2becb9647677a1a316b388bbad689580,013f173c58073e845f675d26fdde1918,SO61391,29,TI-T723,1,29,0383d48e76cd8a3dfb9e2a890f2cac18
16497,2becb9647677a1a316b388bbad689580,013f173c58073e845f675d26fdde1918,SO61391,5,TT-T092,1,5,0383d48e76cd8a3dfb9e2a890f2cac18
16497,4a800301260b2639fa1ec3efafb5f86c,23f22724b430320654759f8512440ebc,SO59160,10,BC-M005,1,10,a189cc17a15cdb4e39e80dfcd8374c76
16497,4a800301260b2639fa1ec3efafb5f86c,23f22724b430320654759f8512440ebc,SO59160,5,WB-H098,1,5,a189cc17a15cdb4e39e80dfcd8374c76
16497,9592b44e2c3f304a9875f45537bec6eb,a9cd7a99d71cca9cb644010050374ade,SO72764,22,FE-6654,1,22,b2ce0ef2540789e8a6976165b6c917d8
16497,9592b44e2c3f304a9875f45537bec6eb,a9cd7a99d71cca9cb644010050374ade,SO72764,48,GL-H102-S,2,48,b2ce0ef2540789e8a6976165b6c917d8
16497,9592b44e2c3f304a9875f45537bec6eb,a9cd7a99d71cca9cb644010050374ade,SO72764,105,HL-U509-B,3,105,b2ce0ef2540789e8a6976165b6c917d8
16497,fd5ba6fdeb81e07b2caf0b103489bd8d,e871b36e68b0b3d0af9c742d81fef27a,SO70958,2,PK-7098,1,2,17520f5649fab40fb66771362888cb90
16498,3a2f313512bb520c43971e54ba834dec,a1fedb8f5f2e08543339a5f167bee6b7,SO65910,105,HL-U509-R,3,105,e2f0a420a4c1a9e8e292761f835e0489
16498,3a2f313512bb520c43971e54ba834dec,a1fedb8f5f2e08543339a5f167bee6b7,SO65910,5,TT-M928,1,5,e2f0a420a4c1a9e8e292761f835e0489
16499,9795c57676ee8b8b6ba9a6f9014a520b,c5ed53572c667b119dde2fc0f54de602,SO73745,5,TT-M928,1,5,b0950d12c62d3aeda81b2e8d06f2aef4
16500,830e779850b1d58733a7ad711bf6b83f,39fe373cdcb4534addde73890415b660,SO56536,9,BC-R205,1,9,427ed6396fba4ed8ead9ec3229517d2b
16500,830e779850b1d58733a7ad711bf6b83f,39fe373cdcb4534addde73890415b660,SO56536,540,BK-R19B-58,1,540,427ed6396fba4ed8ead9ec3229517d2b
16500,830e779850b1d58733a7ad711bf6b83f,39fe373cdcb4534addde73890415b660,SO56536,105,HL-U509-B,3,105,427ed6396fba4ed8ead9ec3229517d2b
16500,830e779850b1d58733a7ad711bf6b83f,39fe373cdcb4534addde73890415b660,SO56536,5,WB-H098,1,5,427ed6396fba4ed8ead9ec3229517d2b
16501,e2f0a420a4c1a9e8e292761f835e0489,4eec6eda382b9c44e240ad4b4b5e9cc0,SO65585,5,TT-M928,1,5,9d934f91c460e9947414d00048f2fa36
16502,2fb09097185e604aaadbfde958fd6262,a1e59736d286765313b8212467dc64b2,SO74606,105,HL-U509-R,3,105,88d8e3ff674b1514a19b24621707f0d9
16502,2fb09097185e604aaadbfde958fd6262,a1e59736d286765313b8212467dc64b2,SO74606,5,TT-M928,1,5,88d8e3ff674b1514a19b24621707f0d9
16503,07b31bae17c7890b17d79a654aa230cf,a976f17830aceaaa93d5daef0bc209a3,SO58157,5,TT-M928,1,5,ef5bad66aa19ccfb82cacb73584b83ea
16504,3c1811b546060d91957cc446aabc4a3c,3c4bf68562424c26986beae6ce13704a,SO55731,9,BC-R205,1,9,3c8e2c51453f4d665f1050da871dead6
16504,3c1811b546060d91957cc446aabc4a3c,3c4bf68562424c26986beae6ce13704a,SO55731,540,BK-R19B-44,1,540,3c8e2c51453f4d665f1050da871dead6
16504,3c1811b546060d91957cc446aabc4a3c,3c4bf68562424c26986beae6ce13704a,SO55731,105,HL-U509-R,3,105,3c8e2c51453f4d665f1050da871dead6
16504,3c1811b546060d91957cc446aabc4a3c,3c4bf68562424c26986beae6ce13704a,SO55731,5,WB-H098,1,5,3c8e2c51453f4d665f1050da871dead6
16505,c5ed53572c667b119dde2fc0f54de602,0d3057f268050d468f468434f8ec809a,SO72812,105,HL-U509-B,3,105,e366e24b8ad0b1107528f2f58cd15a81
16505,c5ed53572c667b119dde2fc0f54de602,0d3057f268050d468f468434f8ec809a,SO72812,5,TT-M928,1,5,e366e24b8ad0b1107528f2f58cd15a81
16506,08ff55594d8ca57b756a1953f77ebc89,54d3ba66c5e71d3112695b882ca2030e,SO74952,10,BC-M005,1,10,12092303778fcfa88ed7d284b74c6a6a
16506,0d15ba5aa4c9ad0377b26e0cf7a86280,b21e833d3ead6056f1265f13fe1ff015,SO61446,48,GL-H102-S,2,48,4a70a3ec50fd16032883bf6fc79c55dd
16506,0d15ba5aa4c9ad0377b26e0cf7a86280,b21e833d3ead6056f1265f13fe1ff015,SO61446,33,TI-R982,1,33,4a70a3ec50fd16032883bf6fc79c55dd
16506,0d15ba5aa4c9ad0377b26e0cf7a86280,b21e833d3ead6056f1265f13fe1ff015,SO61446,4,TT-R982,1,4,4a70a3ec50fd16032883bf6fc79c55dd
16506,1678083e7ff90bd404baad3f60bffa37,7b0730955172ecda497d7cca6b1d87a1,SO55784,22,FE-6654,1,22,73a69a5c77a7d23172e54d7ce07a638e
16506,1678083e7ff90bd404baad3f60bffa37,7b0730955172ecda497d7cca6b1d87a1,SO55784,9,SO-R809-L,1,9,73a69a5c77a7d23172e54d7ce07a638e
16507,305c66634c155cab2b5cc3ce00351eb1,2becb9647677a1a316b388bbad689580,SO62119,8,CL-9009,1,8,922d04aa1f67bbe0270bfad98508f43e
16507,305c66634c155cab2b5cc3ce00351eb1,2becb9647677a1a316b388bbad689580,SO62119,2,PK-7098,1,2,922d04aa1f67bbe0270bfad98508f43e
16507,305c66634c155cab2b5cc3ce00351eb1,2becb9647677a1a316b388bbad689580,SO62119,25,TI-R628,1,25,922d04aa1f67bbe0270bfad98508f43e
16508,3f0c8308e4e2e5c4ddc1b7e19304f613,61e00b038efd34bdf9c747596273cbcf,SO64824,55,HY-1023-70,1,55,232e830f1ac667c081eaaca23cdf9b5f
16508,3f0c8308e4e2e5c4ddc1b7e19304f613,61e00b038efd34bdf9c747596273cbcf,SO64824,25,TI-R628,1,25,232e830f1ac667c081eaaca23cdf9b5f
16508,3f0c8308e4e2e5c4ddc1b7e19304f613,61e00b038efd34bdf9c747596273cbcf,SO64824,4,TT-R982,1,4,232e830f1ac667c081eaaca23cdf9b5f
16509,34fbf2f6480a253f5b18c3295860e4ca,4b07ddfa8857087c363c1402c6fbcaa1,SO47628,2443,BK-R89R-48,1,2443,feac3e52d8032301cde96120a3dfe0d4
16509,3f72b837978dcd042b73e7270f11a4ca,83d1ed00595e79ee5ea3797e97970fe8,SO70256,10,BC-M005,1,10,99c8f306659fd98cbb9d7f03ec0c2a7a
16509,3f72b837978dcd042b73e7270f11a4ca,83d1ed00595e79ee5ea3797e97970fe8,SO70256,769,BK-M38S-46,1,769,99c8f306659fd98cbb9d7f03ec0c2a7a
16509,3f72b837978dcd042b73e7270f11a4ca,83d1ed00595e79ee5ea3797e97970fe8,SO70256,22,FE-6654,1,22,99c8f306659fd98cbb9d7f03ec0c2a7a
16509,3f72b837978dcd042b73e7270f11a4ca,83d1ed00595e79ee5ea3797e97970fe8,SO70256,9,SO-R809-M,1,9,99c8f306659fd98cbb9d7f03ec0c2a7a
16509,3f72b837978dcd042b73e7270f11a4ca,83d1ed00595e79ee5ea3797e97970fe8,SO70256,5,WB-H098,1,5,99c8f306659fd98cbb9d7f03ec0c2a7a
16510,39fe373cdcb4534addde73890415b660,41fc4cb27e0ee552c4c9247e1a476cc5,SO55899,2,PK-7098,1,2,3519c8eb4095dbc69d80eb61856d3435
16510,39fe373cdcb4534addde73890415b660,41fc4cb27e0ee552c4c9247e1a476cc5,SO55899,25,TI-R628,1,25,3519c8eb4095dbc69d80eb61856d3435
16511,94c60e0b5e2b0f78b919a5d4c67d70a2,0d15ba5aa4c9ad0377b26e0cf7a86280,SO62205,2,PK-7098,1,2,9913e55755fcc4267a06c1e6adbbc7fb
16511,94c60e0b5e2b0f78b919a5d4c67d70a2,0d15ba5aa4c9ad0377b26e0cf7a86280,SO62205,5,TT-T092,1,5,9913e55755fcc4267a06c1e6adbbc7fb
16511,9f79f7706bc6a7654ef0b8977966f69a,e2f7ff887646789ea003d03bc2025325,SO52134,105,HL-U509-B,3,105,361e2c62255e0c1887ac2139911ca300
16511,9f79f7706bc6a7654ef0b8977966f69a,e2f7ff887646789ea003d03bc2025325,SO52134,5,TT-M928,1,5,361e2c62255e0c1887ac2139911ca300
16512,b0b2c17e5682f78d8fc262463fd0a4f3,375bde15092f45652b6398c1dff650d0,SO57965,769,BK-M38S-46,1,769,5e1b952a22eccca86f7f056a9efb42a4
16512,b0b2c17e5682f78d8fc262463fd0a4f3,375bde15092f45652b6398c1dff650d0,SO57965,150,LJ-0192-M,3,150,5e1b952a22eccca86f7f056a9efb42a4
16512,e65d2014d1516aff07ce4e23e98e0e1b,9712d7a71de3e6d17935b90960bdaceb,SO47650,2443,BK-R89R-52,1,2443,44d326c8c23112823a8152f26e4bb95b
16513,23bd9a9b90557e9da7babfb8e3d2df22,b210069485754303767745919c328b97,SO63765,4886,BK-R89B-58,2,4886,a946e75bc65318721cd1e01162d392dd
16513,23bd9a9b90557e9da7babfb8e3d2df22,b210069485754303767745919c328b97,SO63765,8,CL-9009,1,8,a946e75bc65318721cd1e01162d392dd
16513,23bd9a9b90557e9da7babfb8e3d2df22,b210069485754303767745919c328b97,SO63765,33,TI-R982,1,33,a946e75bc65318721cd1e01162d392dd
16513,23bd9a9b90557e9da7babfb8e3d2df22,b210069485754303767745919c328b97,SO63765,4,TT-R982,1,4,a946e75bc65318721cd1e01162d392dd
16513,4c63ccce8761a6546d90151419eeea06,650b814e9875ec60f087b34f3fe85282,SO50763,4364,BK-R89B-44,2,4364,f5d822432c5ffbc58e8bd3ffc7607c1b
16514,8a35f63c875d260642a69f75d4eee5b8,7de904cde4fa8a64f25573759fca404f,SO43745,3578,BK-R93R-44,1,3578,512b6608a6cfdf1555c0fafeb6022830
16514,f04e53711455521533f4c5ed7dcaa287,5e9b4970006d8f02ba0bc1763fa8b9a6,SO52522,2240,BK-R64Y-44,2,2240,f799d104dd23bb828dcdaaefc4d25b61
16514,f04e53711455521533f4c5ed7dcaa287,5e9b4970006d8f02ba0bc1763fa8b9a6,SO52522,27,CA-1098,3,27,f799d104dd23bb828dcdaaefc4d25b61
16514,f04e53711455521533f4c5ed7dcaa287,5e9b4970006d8f02ba0bc1763fa8b9a6,SO52522,54,SJ-0194-L,1,54,f799d104dd23bb828dcdaaefc4d25b61
16515,07b38747fb1cdad01d7ff97006ca5ccb,512b6608a6cfdf1555c0fafeb6022830,SO43777,3578,BK-R93R-44,1,3578,f5a02f7bc48083e48175f972314af8be
16515,4310d0d92131e34ff2716d85e1953174,90c6314650a0d54fdcabe5cd5406f9af,SO54587,2240,BK-R64Y-44,2,2240,d3c54b4368c62c2ff11535bf2b677170
16515,4310d0d92131e34ff2716d85e1953174,90c6314650a0d54fdcabe5cd5406f9af,SO54587,105,HL-U509-R,3,105,d3c54b4368c62c2ff11535bf2b677170
16516,d3c54b4368c62c2ff11535bf2b677170,41464bd548f06ca845208f69df30ac82,SO54316,2240,BK-R64Y-40,2,2240,da9c4ba6c9a1ae8725389bfd38b5763a
16516,d3c54b4368c62c2ff11535bf2b677170,41464bd548f06ca845208f69df30ac82,SO54316,105,HL-U509,3,105,da9c4ba6c9a1ae8725389bfd38b5763a
16516,e1177aa92fd6f143803910e5ee60d40a,688f3e8d70a208f2fa540fbe4a53979e,SO43782,3578,BK-R93R-48,1,3578,fdf68f0ae4edf12f9c0572d684f6fb6b
16517,54867044168b33be2be2e9550aae73b6,520747a2cb70e20ec6fe5d384cfadf79,SO43710,3578,BK-R93R-56,1,3578,9f3fe36539fdc61fea0c91c4694fd369
16517,6e5c4b769f8f70f9fd01b24ba5be9695,40e7dd73b09eac540e790daf6fac41af,SO54821,2240,BK-R64Y-48,2,2240,106dfbaf552c07a1b08d065f2c343982
16518,c9c758d55bdf03ac0820bdda8c88e7f9,14353ec5f8684711ecb09fb3893b126c,SO43766,3578,BK-R93R-52,1,3578,8a35f63c875d260642a69f75d4eee5b8
16518,d34ba8f5d7fd7d5959a34c283fbec422,9c56075241a26f6fa77eb86b15411c6e,SO55032,2240,BK-R64Y-48,2,2240,ac15b60491fe99190c0248790e690757
16519,5691ac18f59a9af20f9d8703772afbba,d8a4ea0dc4237ee8690ee37b3902fd0e,SO55922,2240,BK-R64Y-44,2,2240,bc761b2b7297029a695fbd6dd0470724
16519,5691ac18f59a9af20f9d8703772afbba,d8a4ea0dc4237ee8690ee37b3902fd0e,SO55922,54,SJ-0194-S,1,54,bc761b2b7297029a695fbd6dd0470724
16519,cd9e79fd7a43f48acc7de09fefb697d8,f5a02f7bc48083e48175f972314af8be,SO43817,3578,BK-R93R-62,1,3578,74f564dd4fda69d37ab2cd85932679fc
16520,1678083e7ff90bd404baad3f60bffa37,7b0730955172ecda497d7cca6b1d87a1,SO55736,2240,BK-R64Y-48,2,2240,73a69a5c77a7d23172e54d7ce07a638e
16520,1678083e7ff90bd404baad3f60bffa37,7b0730955172ecda497d7cca6b1d87a1,SO55736,25,TI-R628,1,25,73a69a5c77a7d23172e54d7ce07a638e
16520,1678083e7ff90bd404baad3f60bffa37,7b0730955172ecda497d7cca6b1d87a1,SO55736,4,TT-R982,1,4,73a69a5c77a7d23172e54d7ce07a638e
16520,8b2e1fff3ce3e2505a49fe7473894072,e9e022777a166797321214171f83507a,SO43724,3578,BK-R93R-44,1,3578,1d0cd3f4d344a14526f6b36b1240748e
16521,73a69a5c77a7d23172e54d7ce07a638e,5a06908cc28b799b04fc1c47664462e6,SO55452,2240,BK-R64Y-44,2,2240,41fc4cb27e0ee552c4c9247e1a476cc5
16521,b47e9c83e7be8d53bdb2baa76353f95d,8bb6e395a61f435871f799e706173295,SO43798,3578,BK-R93R-62,1,3578,c9c758d55bdf03ac0820bdda8c88e7f9
16522,39fe373cdcb4534addde73890415b660,41fc4cb27e0ee552c4c9247e1a476cc5,SO55867,2240,BK-R64Y-40,2,2240,3519c8eb4095dbc69d80eb61856d3435
16522,8f50e1ce468e1998aca6615f10c9f044,9f3fe36539fdc61fea0c91c4694fd369,SO43735,3578,BK-R93R-62,1,3578,4f0012e973c89ab113494955e064e478
16523,1678083e7ff90bd404baad3f60bffa37,7b0730955172ecda497d7cca6b1d87a1,SO55738,2240,BK-R64Y-44,2,2240,73a69a5c77a7d23172e54d7ce07a638e
16523,63deedb09952ba4161e5d9ab30ea4d41,8a35f63c875d260642a69f75d4eee5b8,SO43806,3578,BK-R93R-48,1,3578,07b38747fb1cdad01d7ff97006ca5ccb
16524,8d71482745a6a1be4fbbc5562ade4657,089c2a426c196c5ca5facb20896c90bb,SO56907,2240,BK-R64Y-38,2,2240,d9f7611cf8d29b48a1d3d8fddb8c5b2e
16524,8d71482745a6a1be4fbbc5562ade4657,089c2a426c196c5ca5facb20896c90bb,SO56907,105,HL-U509-R,3,105,d9f7611cf8d29b48a1d3d8fddb8c5b2e
16524,d8b441941a26e6828acf8cdaf0d6084e,8b2e1fff3ce3e2505a49fe7473894072,SO43772,3578,BK-R93R-48,1,3578,c694f825bbbc9515aa53a3169d7ebce9
16525,9effb9136439084df69d3197f50eb040,4f0012e973c89ab113494955e064e478,SO43763,3578,BK-R93R-52,1,3578,5fe5d9c2e4271c97cde82ca667158d56
16525,de22d232bbe84481579f6252f1e7091d,cae5717327bee7d74e261c550aa5081f,SO57533,2240,BK-R64Y-40,2,2240,ab4946738415af86b5e3cee69b13301f
16525,de22d232bbe84481579f6252f1e7091d,cae5717327bee7d74e261c550aa5081f,SO57533,54,SJ-0194-M,1,54,ab4946738415af86b5e3cee69b13301f
16526,c660dc308b247ce08aeecd155306bae0,e7df1b3ee078bdcfc260a877f321287d,SO59961,2240,BK-R64Y-40,2,2240,9a95fdf4e925d9cbd65f87b5aa4ac212
16526,c660dc308b247ce08aeecd155306bae0,e7df1b3ee078bdcfc260a877f321287d,SO59961,48,GL-H102-M,2,48,9a95fdf4e925d9cbd65f87b5aa4ac212
16526,c660dc308b247ce08aeecd155306bae0,e7df1b3ee078bdcfc260a877f321287d,SO59961,105,HL-U509-B,3,105,9a95fdf4e925d9cbd65f87b5aa4ac212
16526,d8b441941a26e6828acf8cdaf0d6084e,8b2e1fff3ce3e2505a49fe7473894072,SO43773,3578,BK-R93R-56,1,3578,c694f825bbbc9515aa53a3169d7ebce9
16527,6477c205c5117a9448ba863e111acf32,c926349b55a58d87d7d5008c349fd1e9,SO60883,2240,BK-R64Y-44,2,2240,013f173c58073e845f675d26fdde1918
16527,6477c205c5117a9448ba863e111acf32,c926349b55a58d87d7d5008c349fd1e9,SO60883,54,SJ-0194-X,1,54,013f173c58073e845f675d26fdde1918
16527,8bb6e395a61f435871f799e706173295,121689451d0e65a4fc6c180cbe0d452f,SO43740,3578,BK-R93R-48,1,3578,14353ec5f8684711ecb09fb3893b126c
16528,b21e833d3ead6056f1265f13fe1ff015,7983129d9883ebc3b9dce3311996b001,SO60610,2240,BK-R64Y-48,2,2240,4804ee33768b143d9706052696f7dfbd
16528,cd9e79fd7a43f48acc7de09fefb697d8,f5a02f7bc48083e48175f972314af8be,SO43818,3578,BK-R93R-48,1,3578,74f564dd4fda69d37ab2cd85932679fc
16529,39ff8ac1e8a44088f96e17b846ec8baf,9a95fdf4e925d9cbd65f87b5aa4ac212,SO60430,2240,BK-R64Y-42,2,2240,c926349b55a58d87d7d5008c349fd1e9
16529,39ff8ac1e8a44088f96e17b846ec8baf,9a95fdf4e925d9cbd65f87b5aa4ac212,SO60430,54,SJ-0194-L,1,54,c926349b55a58d87d7d5008c349fd1e9
16529,4f0012e973c89ab113494955e064e478,8a2170b82ac0269686d99172f5ebc133,SO43716,3578,BK-R93R-44,1,3578,5d86cf50673484650827265c9f4ddfb2
16530,427e6053bc13a556e37f64ff8e1619fb,7b70c83cb5595922297dfb93de1549d3,SO47757,4364,BK-R89B-58,2,4364,29811b471c7da705b519bb457273565b
16530,c83e871e48c2716e0f28e60d166a5c98,6a8d7e42bb852c45fbf8610361d391a0,SO72070,769,BK-M38S-42,1,769,c4c454d69a39e60a6f5cf2f97148adad
16530,c83e871e48c2716e0f28e60d166a5c98,6a8d7e42bb852c45fbf8610361d391a0,SO72070,150,LJ-0192-S,3,150,c4c454d69a39e60a6f5cf2f97148adad
16531,9592b44e2c3f304a9875f45537bec6eb,a9cd7a99d71cca9cb644010050374ade,SO72738,769,BK-M38S-40,1,769,b2ce0ef2540789e8a6976165b6c917d8
16531,9592b44e2c3f304a9875f45537bec6eb,a9cd7a99d71cca9cb644010050374ade,SO72738,27,CA-1098,3,27,b2ce0ef2540789e8a6976165b6c917d8
16531,9592b44e2c3f304a9875f45537bec6eb,a9cd7a99d71cca9cb644010050374ade,SO72738,105,HL-U509-R,3,105,b2ce0ef2540789e8a6976165b6c917d8
16531,9592b44e2c3f304a9875f45537bec6eb,a9cd7a99d71cca9cb644010050374ade,SO72738,30,TI-M602,1,30,b2ce0ef2540789e8a6976165b6c917d8
16531,9592b44e2c3f304a9875f45537bec6eb,a9cd7a99d71cca9cb644010050374ade,SO72738,5,TT-M928,1,5,b2ce0ef2540789e8a6976165b6c917d8
16531,b626fc8d2e0883d1c28d00d94d2c599f,6222fb05a8551828f3607e483b652095,SO47931,2443,BK-R89R-52,1,2443,c677c7c135ec8863ce920e94467b93e3
16532,058af5b2a408d57b708367e5bf4e9d9c,e82ca4c6beebe812f10fa1041b97a160,SO66779,4886,BK-R89B-52,2,4886,c507827aa5f4f6bbedf64058461c621b
16532,058af5b2a408d57b708367e5bf4e9d9c,e82ca4c6beebe812f10fa1041b97a160,SO66779,105,HL-U509-B,3,105,c507827aa5f4f6bbedf64058461c621b
16532,93963041729da5d8213c536f91ed9402,460e666a19398f97709b4a361d97ed76,SO51021,2443,BK-R89R-48,1,2443,048405fe051586c63978bfe6b3a8b733
16533,4b32c1f268b5edfc6d7f486137468b29,5f8b10fd69342734dd36c905a170cf51,SO50917,4364,BK-R89B-58,2,4364,67c3c5a7bf20d113d8d96abf6cb5e85c
16533,a1d0c0a14c6c8f8a8ef8220209c23a64,05e7920e8caf0303dc01b77666952b75,SO66953,9,BC-R205,1,9,cd15e5f80ff20dd345bfaa51400dd0d6
16533,a1d0c0a14c6c8f8a8ef8220209c23a64,05e7920e8caf0303dc01b77666952b75,SO66953,4886,BK-R89B-58,2,4886,cd15e5f80ff20dd345bfaa51400dd0d6
16533,a1d0c0a14c6c8f8a8ef8220209c23a64,05e7920e8caf0303dc01b77666952b75,SO66953,64,VE-C304-M,1,64,cd15e5f80ff20dd345bfaa51400dd0d6
16533,a1d0c0a14c6c8f8a8ef8220209c23a64,05e7920e8caf0303dc01b77666952b75,SO66953,5,WB-H098,1,5,cd15e5f80ff20dd345bfaa51400dd0d6
16534,12b1840e7453d3f4221dc0d69006ef40,2f1c6881a8aee249301a33785404cd23,SO48684,4364,BK-R89B-58,2,4364,f3393c2fcf78ad71519178f1876f05b3
16534,175a5d217fad85df9f6639d7ced1e5d9,511572e8a25e86c2f48ae9e6d73a1e6a,SO68897,4886,BK-R89B-48,2,4886,66e56e10b0f528b66a45e307ecdf4774
16534,175a5d217fad85df9f6639d7ced1e5d9,511572e8a25e86c2f48ae9e6d73a1e6a,SO68897,159,ST-1401,1,159,66e56e10b0f528b66a45e307ecdf4774
16534,175a5d217fad85df9f6639d7ced1e5d9,511572e8a25e86c2f48ae9e6d73a1e6a,SO68897,33,TI-R982,1,33,66e56e10b0f528b66a45e307ecdf4774
16534,175a5d217fad85df9f6639d7ced1e5d9,511572e8a25e86c2f48ae9e6d73a1e6a,SO68897,4,TT-R982,1,4,66e56e10b0f528b66a45e307ecdf4774
16535,3ebfce6ccd7540a632ae7e6ad8100c29,d630b2db6e8046e30b4728ca862ba4e1,SO59365,27,CA-1098,3,27,df595e3c678d4fae23ce174fe747165e
16535,3ebfce6ccd7540a632ae7e6ad8100c29,d630b2db6e8046e30b4728ca862ba4e1,SO59365,25,TI-R628,1,25,df595e3c678d4fae23ce174fe747165e
16535,3ebfce6ccd7540a632ae7e6ad8100c29,d630b2db6e8046e30b4728ca862ba4e1,SO59365,4,TT-R982,1,4,df595e3c678d4fae23ce174fe747165e
16536,4a800301260b2639fa1ec3efafb5f86c,23f22724b430320654759f8512440ebc,SO59174,2,PK-7098,1,2,a189cc17a15cdb4e39e80dfcd8374c76
16536,4a800301260b2639fa1ec3efafb5f86c,23f22724b430320654759f8512440ebc,SO59174,25,TI-R628,1,25,a189cc17a15cdb4e39e80dfcd8374c76
16537,a189cc17a15cdb4e39e80dfcd8374c76,b0b2c17e5682f78d8fc262463fd0a4f3,SO58668,25,TI-M267,1,25,244cede513841376c37dc856f2f5e7b9
16538,c7390752782466cfc9a3ed7d3a79e046,0001ffe4d82d0d8f9fec5ab0b4faa2db,SO67908,4886,BK-R89R-58,2,4886,16e364d19895243407b256ec272d5394
16538,c7390752782466cfc9a3ed7d3a79e046,0001ffe4d82d0d8f9fec5ab0b4faa2db,SO67908,105,HL-U509-R,3,105,16e364d19895243407b256ec272d5394
16538,f990b5152ee42d12906765f468f9e605,dc4e871b1fb11890821e8f8192f25df1,SO48795,4364,BK-R89B-48,2,4364,12b1840e7453d3f4221dc0d69006ef40
16539,6be9692276a308e4b872323af1ad8fe2,bee2b842cd357511cf4c8e509f5af192,SO52353,54,SJ-0194-X,1,54,72e75576254db1afef14ecdc050391c2
16539,6be9692276a308e4b872323af1ad8fe2,bee2b842cd357511cf4c8e509f5af192,SO52353,25,TI-M267,1,25,72e75576254db1afef14ecdc050391c2
16539,6be9692276a308e4b872323af1ad8fe2,bee2b842cd357511cf4c8e509f5af192,SO52353,5,WB-H098,1,5,72e75576254db1afef14ecdc050391c2
16540,58c4ce5b9433e7b6d41793d5a76d5590,1556bafff387fc8f2f6fef64c1daa6bc,SO71291,4886,BK-R89B-44,2,4886,fd5ba6fdeb81e07b2caf0b103489bd8d
16540,58c4ce5b9433e7b6d41793d5a76d5590,1556bafff387fc8f2f6fef64c1daa6bc,SO71291,105,HL-U509,3,105,fd5ba6fdeb81e07b2caf0b103489bd8d
16540,58c4ce5b9433e7b6d41793d5a76d5590,1556bafff387fc8f2f6fef64c1daa6bc,SO71291,33,TI-R982,1,33,fd5ba6fdeb81e07b2caf0b103489bd8d
16540,58c4ce5b9433e7b6d41793d5a76d5590,1556bafff387fc8f2f6fef64c1daa6bc,SO71291,4,TT-R982,1,4,fd5ba6fdeb81e07b2caf0b103489bd8d
16540,d9ca82639ba070f97bdfe96c9e85b4c4,f990b5152ee42d12906765f468f9e605,SO48897,4364,BK-R89B-52,2,4364,a426a338561351b3011d85cfc86bf781
16541,0e193a421db30416d1fd10bcf77b3eda,e84927d3e6cb5062480084b8208ad296,SO47889,4364,BK-R89B-52,2,4364,ca904a2445f5f72709798833a74ae7c3
16541,9592b44e2c3f304a9875f45537bec6eb,a9cd7a99d71cca9cb644010050374ade,SO72739,769,BK-M38S-38,1,769,b2ce0ef2540789e8a6976165b6c917d8
16541,9592b44e2c3f304a9875f45537bec6eb,a9cd7a99d71cca9cb644010050374ade,SO72739,22,FE-6654,1,22,b2ce0ef2540789e8a6976165b6c917d8
16541,9592b44e2c3f304a9875f45537bec6eb,a9cd7a99d71cca9cb644010050374ade,SO72739,55,HY-1023-70,1,55,b2ce0ef2540789e8a6976165b6c917d8
16542,922d04aa1f67bbe0270bfad98508f43e,0383d48e76cd8a3dfb9e2a890f2cac18,SO61816,105,HL-U509,3,105,76918877cf6ce7011018cd9708723392
16542,922d04aa1f67bbe0270bfad98508f43e,0383d48e76cd8a3dfb9e2a890f2cac18,SO61816,5,TT-M928,1,5,76918877cf6ce7011018cd9708723392
16542,ca5b8307fa5f2189fb98330a9d65927c,88077cf01a3e17831c2d0bcca5897c5b,SO73983,5,TT-T092,1,5,5cbbe853aa1a5a1370f9a614904c4b15
16543,6ef7b4bb93d4e54234cf965ed2334682,ccf89c691dabb1412404274596922d90,SO65990,27,CA-1098,3,27,93ddc10d6cf61153011df052aa76671f
16543,6ef7b4bb93d4e54234cf965ed2334682,ccf89c691dabb1412404274596922d90,SO65990,5,TT-T092,1,5,93ddc10d6cf61153011df052aa76671f
16543,8dd08d219271ec96c543f486de430703,d53f9d33cac0a297449a74a10d031570,SO62317,105,HL-U509-B,3,105,04dbdf67bb8714ba18c9c36d50d1f5dc
16543,8dd08d219271ec96c543f486de430703,d53f9d33cac0a297449a74a10d031570,SO62317,5,TT-M928,1,5,04dbdf67bb8714ba18c9c36d50d1f5dc
16544,0149f124a48640c62d90840ac5760331,4555f65c4664801d78b9f5477f89d8fd,SO63389,25,TI-R628,1,25,870bd4f3713260418e4f342f31dc7e33
16544,0149f124a48640c62d90840ac5760331,4555f65c4664801d78b9f5477f89d8fd,SO63389,4,TT-R982,1,4,870bd4f3713260418e4f342f31dc7e33
16545,8eb7a1b0dba9fdd5f4248b9cb6b9119b,9f1ff00ea8fd9fd8f2d421ba5ec45a18,SO68226,2,PK-7098,1,2,c7390752782466cfc9a3ed7d3a79e046
16545,8eb7a1b0dba9fdd5f4248b9cb6b9119b,9f1ff00ea8fd9fd8f2d421ba5ec45a18,SO68226,25,TI-R628,1,25,c7390752782466cfc9a3ed7d3a79e046
16545,8eb7a1b0dba9fdd5f4248b9cb6b9119b,9f1ff00ea8fd9fd8f2d421ba5ec45a18,SO68226,4,TT-R982,1,4,c7390752782466cfc9a3ed7d3a79e046
16546,a048b8d5f3f9178f163e2be055f0138b,c83e871e48c2716e0f28e60d166a5c98,SO72967,769,BK-M38S-40,1,769,41ef6b06b63ba4f6a5234245a439b157
16546,a048b8d5f3f9178f163e2be055f0138b,c83e871e48c2716e0f28e60d166a5c98,SO72967,22,FE-6654,1,22,41ef6b06b63ba4f6a5234245a439b157
16546,a048b8d5f3f9178f163e2be055f0138b,c83e871e48c2716e0f28e60d166a5c98,SO72967,64,VE-C304-M,1,64,41ef6b06b63ba4f6a5234245a439b157
16546,e84927d3e6cb5062480084b8208ad296,eca42dce13e2b8f5a7af58263fefeb0a,SO47788,4364,BK-R89B-58,2,4364,dd10b03a406a44cb52e7d41971c2b941
16547,4b32c1f268b5edfc6d7f486137468b29,5f8b10fd69342734dd36c905a170cf51,SO50918,2443,BK-R89R-44,1,2443,67c3c5a7bf20d113d8d96abf6cb5e85c
16547,702a02712215141594ddf8e52b0a651c,cd15e5f80ff20dd345bfaa51400dd0d6,SO67496,9,BC-R205,1,9,caa707f97407c07371136aaf471a91d4
16547,702a02712215141594ddf8e52b0a651c,cd15e5f80ff20dd345bfaa51400dd0d6,SO67496,4886,BK-R89B-52,2,4886,caa707f97407c07371136aaf471a91d4
16547,702a02712215141594ddf8e52b0a651c,cd15e5f80ff20dd345bfaa51400dd0d6,SO67496,5,WB-H098,1,5,caa707f97407c07371136aaf471a91d4
16548,8f472ffe3ff3109f420ae91355ff8f3f,e0cd1349b4c6e1b5f14ed427e358c2d0,SO71160,4886,BK-R89B-52,2,4886,8fa3bab223bec6501ad71f96bb1067b6
16548,c96b659647361342a1bb035614c242b1,5118f4d1a94c19a06818ba12904e26f0,SO50958,4364,BK-R89B-48,2,4364,186b0be01dd08ffcc5cb19cc226fb731
16549,99c8f306659fd98cbb9d7f03ec0c2a7a,705fa39ab40831529471c768490339ab,SO69874,4886,BK-R89B-58,2,4886,fff3c307c93eda1eb91d53ca588846fe
16549,99c8f306659fd98cbb9d7f03ec0c2a7a,705fa39ab40831529471c768490339ab,SO69874,27,CA-1098,3,27,fff3c307c93eda1eb91d53ca588846fe
16549,99c8f306659fd98cbb9d7f03ec0c2a7a,705fa39ab40831529471c768490339ab,SO69874,105,HL-U509,3,105,fff3c307c93eda1eb91d53ca588846fe
16549,dbfd88fff205d4dd875043cc0852f905,74245d8f0073f388c4be6464c8e2f29f,SO49026,2443,BK-R89R-52,1,2443,1d94ce9f1e285f2d6cb6680691aed781
16550,427e6053bc13a556e37f64ff8e1619fb,7b70c83cb5595922297dfb93de1549d3,SO47758,4364,BK-R89R-58,2,4364,29811b471c7da705b519bb457273565b
16550,88077cf01a3e17831c2d0bcca5897c5b,95a2a9aefc393f8630e934768cacf4cd,SO73044,769,BK-M38S-42,1,769,86e0fc464cbb08ae74bd039224afec9a
16550,88077cf01a3e17831c2d0bcca5897c5b,95a2a9aefc393f8630e934768cacf4cd,SO73044,150,LJ-0192-S,3,150,86e0fc464cbb08ae74bd039224afec9a
16551,9cdb18f37bdd2084cec3f36c200212be,a0ab7eafc534bc4a8a48cd6e1cfc4d24,SO51011,2443,BK-R89R-48,1,2443,c96b659647361342a1bb035614c242b1
16551,d5985f40495ba672dff8a99620b879c8,a9adf65abbb865184bf924d14a93d0c4,SO71504,4886,BK-R89R-58,2,4886,8f472ffe3ff3109f420ae91355ff8f3f
16551,d5985f40495ba672dff8a99620b879c8,a9adf65abbb865184bf924d14a93d0c4,SO71504,48,GL-H102-M,2,48,8f472ffe3ff3109f420ae91355ff8f3f
16551,d5985f40495ba672dff8a99620b879c8,a9adf65abbb865184bf924d14a93d0c4,SO71504,105,HL-U509-R,3,105,8f472ffe3ff3109f420ae91355ff8f3f
16551,d5985f40495ba672dff8a99620b879c8,a9adf65abbb865184bf924d14a93d0c4,SO71504,150,LJ-0192-M,3,150,8f472ffe3ff3109f420ae91355ff8f3f
16551,d5985f40495ba672dff8a99620b879c8,a9adf65abbb865184bf924d14a93d0c4,SO71504,33,TI-R982,1,33,8f472ffe3ff3109f420ae91355ff8f3f
16551,d5985f40495ba672dff8a99620b879c8,a9adf65abbb865184bf924d14a93d0c4,SO71504,4,TT-R982,1,4,8f472ffe3ff3109f420ae91355ff8f3f
16552,3db19f5f710f10e90ecc7154c649d60a,f544b472453b297a8b55709fbfd3746d,SO70878,4886,BK-R89B-58,2,4886,fee8e08233f3f00450bce31967abb0f1
16552,3db19f5f710f10e90ecc7154c649d60a,f544b472453b297a8b55709fbfd3746d,SO70878,33,TI-R982,1,33,fee8e08233f3f00450bce31967abb0f1
16552,3db19f5f710f10e90ecc7154c649d60a,f544b472453b297a8b55709fbfd3746d,SO70878,4,TT-R982,1,4,fee8e08233f3f00450bce31967abb0f1
16552,3db19f5f710f10e90ecc7154c649d60a,f544b472453b297a8b55709fbfd3746d,SO70878,64,VE-C304-L,1,64,fee8e08233f3f00450bce31967abb0f1
16552,6c1f25b149f7224c4de256ef6e37c951,4d547de074f47405ab655adca639c8c2,SO48808,2443,BK-R89R-44,1,2443,e41e8ee2e2795c7c1363a9f5054d57d7
16553,cef496a29639a0ba3d5ad94ef759770a,42c8d51c48328d79f09bd1db2203a02d,SO47881,4364,BK-R89B-58,2,4364,6222fb05a8551828f3607e483b652095
16553,e7df1b3ee078bdcfc260a877f321287d,4dbf892d41ae205f6e36838031cff786,SO59080,769,BK-M38S-40,1,769,478ecc8cdaa127c33884d9f6c72c2cd5
16553,e7df1b3ee078bdcfc260a877f321287d,4dbf892d41ae205f6e36838031cff786,SO59080,150,LJ-0192-M,3,150,478ecc8cdaa127c33884d9f6c72c2cd5
16554,5432d51ee94799c0125bb158c8a8bd22,545a3d56d20b22e09aa85bfa5ed8738d,SO73111,10,BC-M005,1,10,9592b44e2c3f304a9875f45537bec6eb
16554,5432d51ee94799c0125bb158c8a8bd22,545a3d56d20b22e09aa85bfa5ed8738d,SO73111,769,BK-M38S-40,1,769,9592b44e2c3f304a9875f45537bec6eb
16554,5432d51ee94799c0125bb158c8a8bd22,545a3d56d20b22e09aa85bfa5ed8738d,SO73111,48,GL-H102-S,2,48,9592b44e2c3f304a9875f45537bec6eb
16554,5432d51ee94799c0125bb158c8a8bd22,545a3d56d20b22e09aa85bfa5ed8738d,SO73111,5,WB-H098,1,5,9592b44e2c3f304a9875f45537bec6eb
16554,9b2bcc77e799374ba0ba55212a17c6b3,1b9e9a1c42d997d68923258c60ed20d5,SO47955,4364,BK-R89B-52,2,4364,524fe547a612733b95c353e432357926
16555,cd15e5f80ff20dd345bfaa51400dd0d6,3a2f313512bb520c43971e54ba834dec,SO66673,2,PK-7098,1,2,4efe8b2ca156042f8a3d8dd6aba54520
16555,cd15e5f80ff20dd345bfaa51400dd0d6,3a2f313512bb520c43971e54ba834dec,SO66673,25,TI-R628,1,25,4efe8b2ca156042f8a3d8dd6aba54520
16555,cd15e5f80ff20dd345bfaa51400dd0d6,3a2f313512bb520c43971e54ba834dec,SO66673,4,TT-R982,1,4,4efe8b2ca156042f8a3d8dd6aba54520
16556,b21e833d3ead6056f1265f13fe1ff015,7983129d9883ebc3b9dce3311996b001,SO60596,22,FE-6654,1,22,4804ee33768b143d9706052696f7dfbd
16556,b21e833d3ead6056f1265f13fe1ff015,7983129d9883ebc3b9dce3311996b001,SO60596,105,HL-U509-R,3,105,4804ee33768b143d9706052696f7dfbd
16556,b21e833d3ead6056f1265f13fe1ff015,7983129d9883ebc3b9dce3311996b001,SO60596,25,TI-M267,1,25,4804ee33768b143d9706052696f7dfbd
16556,b21e833d3ead6056f1265f13fe1ff015,7983129d9883ebc3b9dce3311996b001,SO60596,5,TT-M928,1,5,4804ee33768b143d9706052696f7dfbd
16557,d34ba8f5d7fd7d5959a34c283fbec422,9c56075241a26f6fa77eb86b15411c6e,SO55066,2,PK-7098,1,2,ac15b60491fe99190c0248790e690757
16557,d34ba8f5d7fd7d5959a34c283fbec422,9c56075241a26f6fa77eb86b15411c6e,SO55066,25,TI-R628,1,25,ac15b60491fe99190c0248790e690757
16557,d34ba8f5d7fd7d5959a34c283fbec422,9c56075241a26f6fa77eb86b15411c6e,SO55066,4,TT-R982,1,4,ac15b60491fe99190c0248790e690757
16558,3c4bf68562424c26986beae6ce13704a,dba3e44e23a1d2c2f299811e94db7fce,SO54955,25,TI-M267,1,25,1f50dad3f1493a5cf408c4eb3987479e
16559,5f827524a01a15af1043fdb581ce224b,4b32c1f268b5edfc6d7f486137468b29,SO51041,4364,BK-R89B-44,2,4364,2b53375239b19c31e4947cc1033443c0
16559,9795c57676ee8b8b6ba9a6f9014a520b,c5ed53572c667b119dde2fc0f54de602,SO73724,4886,BK-R89R-58,2,4886,b0950d12c62d3aeda81b2e8d06f2aef4
16559,9795c57676ee8b8b6ba9a6f9014a520b,c5ed53572c667b119dde2fc0f54de602,SO73724,27,CA-1098,3,27,b0950d12c62d3aeda81b2e8d06f2aef4
16559,9795c57676ee8b8b6ba9a6f9014a520b,c5ed53572c667b119dde2fc0f54de602,SO73724,105,HL-U509-B,3,105,b0950d12c62d3aeda81b2e8d06f2aef4
16559,9795c57676ee8b8b6ba9a6f9014a520b,c5ed53572c667b119dde2fc0f54de602,SO73724,33,TI-R982,1,33,b0950d12c62d3aeda81b2e8d06f2aef4
16559,9795c57676ee8b8b6ba9a6f9014a520b,c5ed53572c667b119dde2fc0f54de602,SO73724,4,TT-R982,1,4,b0950d12c62d3aeda81b2e8d06f2aef4
16560,3e107cd1554225ea3056ed5010adce90,aa14ddbc43aa2d3be1e6ac019bb7b5bc,SO73802,9,BC-R205,1,9,43e2cc7ff261723f93f64f3f7e9faa8d
16560,3e107cd1554225ea3056ed5010adce90,aa14ddbc43aa2d3be1e6ac019bb7b5bc,SO73802,4886,BK-R89B-48,2,4886,43e2cc7ff261723f93f64f3f7e9faa8d
16560,c96b659647361342a1bb035614c242b1,5118f4d1a94c19a06818ba12904e26f0,SO50959,4364,BK-R89B-58,2,4364,186b0be01dd08ffcc5cb19cc226fb731
16561,5cbbe853aa1a5a1370f9a614904c4b15,86e0fc464cbb08ae74bd039224afec9a,SO73588,769,BK-M38S-42,1,769,47a161474962a6dcc03cfa64127a641f
16561,5cbbe853aa1a5a1370f9a614904c4b15,86e0fc464cbb08ae74bd039224afec9a,SO73588,27,CA-1098,3,27,47a161474962a6dcc03cfa64127a641f
16561,5cbbe853aa1a5a1370f9a614904c4b15,86e0fc464cbb08ae74bd039224afec9a,SO73588,70,SH-W890-M,1,70,47a161474962a6dcc03cfa64127a641f
16561,b626fc8d2e0883d1c28d00d94d2c599f,6222fb05a8551828f3607e483b652095,SO47932,4364,BK-R89B-44,2,4364,c677c7c135ec8863ce920e94467b93e3
16562,2d6e054ac82934d489c58cc8399a1628,ce08c22f7777768ce4197eab9727516c,SO60777,769,BK-M38S-42,1,769,348f48807f500aeac729fb17d9bc97f1
16562,2d6e054ac82934d489c58cc8399a1628,ce08c22f7777768ce4197eab9727516c,SO60777,150,LJ-0192-L,3,150,348f48807f500aeac729fb17d9bc97f1
16562,cb5cf2f8eca0fe257d74c13a785b98c3,9aa1878029541c8ed2422b8b536e6b87,SO47904,4364,BK-R89B-52,2,4364,1b9e9a1c42d997d68923258c60ed20d5
16563,7ee641303ef8d8b10d0ed00a060c73cc,eef21e68ecca703bb338920b950f203c,SO61763,27,CA-1098,3,27,0d15ba5aa4c9ad0377b26e0cf7a86280
16563,7ee641303ef8d8b10d0ed00a060c73cc,eef21e68ecca703bb338920b950f203c,SO61763,105,HL-U509-R,3,105,0d15ba5aa4c9ad0377b26e0cf7a86280
16563,7ee641303ef8d8b10d0ed00a060c73cc,eef21e68ecca703bb338920b950f203c,SO61763,5,TT-T092,1,5,0d15ba5aa4c9ad0377b26e0cf7a86280
16563,d6ec5bff1a0809822c740ce35792fa7a,db2b287636ac5ebda430de4f3f643b24,SO52597,9,SO-R809-M,1,9,6be9692276a308e4b872323af1ad8fe2
16563,d6ec5bff1a0809822c740ce35792fa7a,db2b287636ac5ebda430de4f3f643b24,SO52597,5,TT-M928,1,5,6be9692276a308e4b872323af1ad8fe2
16564,18f358e551b5b85912bc952ab9894c0d,abe94c2111c58e9c9672602d41bce66e,SO64926,2,PK-7098,1,2,a6d37e298c3042e300813f55a17e0875
16564,18f358e551b5b85912bc952ab9894c0d,abe94c2111c58e9c9672602d41bce66e,SO64926,5,TT-T092,1,5,a6d37e298c3042e300813f55a17e0875
16564,244cede513841376c37dc856f2f5e7b9,5e1b952a22eccca86f7f056a9efb42a4,SO58383,120,RA-H123,1,120,debbb2493c6588799fc787e1854bcda5
16564,244cede513841376c37dc856f2f5e7b9,5e1b952a22eccca86f7f056a9efb42a4,SO58383,5,TT-M928,1,5,debbb2493c6588799fc787e1854bcda5
16565,058af5b2a408d57b708367e5bf4e9d9c,e82ca4c6beebe812f10fa1041b97a160,SO66777,10,BC-M005,1,10,c507827aa5f4f6bbedf64058461c621b
16565,058af5b2a408d57b708367e5bf4e9d9c,e82ca4c6beebe812f10fa1041b97a160,SO66777,4590,BK-M68B-42,2,4590,c507827aa5f4f6bbedf64058461c621b
16565,058af5b2a408d57b708367e5bf4e9d9c,e82ca4c6beebe812f10fa1041b97a160,SO66777,105,HL-U509-B,3,105,c507827aa5f4f6bbedf64058461c621b
16565,e871b36e68b0b3d0af9c742d81fef27a,3fe686907939d07097f6c87f08025422,SO70162,2384,BK-T79U-54,1,2384,1faee5670542865e021595151379fe5c
16565,e871b36e68b0b3d0af9c742d81fef27a,3fe686907939d07097f6c87f08025422,SO70162,2,PK-7098,1,2,1faee5670542865e021595151379fe5c
16565,e871b36e68b0b3d0af9c742d81fef27a,3fe686907939d07097f6c87f08025422,SO70162,29,TI-T723,1,29,1faee5670542865e021595151379fe5c
16565,e871b36e68b0b3d0af9c742d81fef27a,3fe686907939d07097f6c87f08025422,SO70162,5,TT-T092,1,5,1faee5670542865e021595151379fe5c
16565,f924afae9f4c724ae1a0a28c0959d2ed,3d2f1a711567258a8d30dab6a6dbd8f6,SO48988,2443,BK-R89R-52,1,2443,609dcf12bb3687c6856be712159d7032
16566,5f827524a01a15af1043fdb581ce224b,4b32c1f268b5edfc6d7f486137468b29,SO51042,4364,BK-R89R-58,2,4364,2b53375239b19c31e4947cc1033443c0
16566,a9cd7a99d71cca9cb644010050374ade,3db19f5f710f10e90ecc7154c649d60a,SO71705,4640,BK-M68S-38,2,4640,128ee9ff420de424a605a0ee4a6f7916
16566,a9cd7a99d71cca9cb644010050374ade,3db19f5f710f10e90ecc7154c649d60a,SO71705,22,FE-6654,1,22,128ee9ff420de424a605a0ee4a6f7916
16566,a9cd7a99d71cca9cb644010050374ade,3db19f5f710f10e90ecc7154c649d60a,SO71705,54,SJ-0194-S,1,54,128ee9ff420de424a605a0ee4a6f7916
16566,c4369eefdf9bb8a3f9115e96b40aaf17,b34050290c25b0f7b52a2b8f767df87d,SO68784,9,BC-R205,1,9,c135545cc3f3a739132ffdbc8096f3d4
16566,c4369eefdf9bb8a3f9115e96b40aaf17,b34050290c25b0f7b52a2b8f767df87d,SO68784,1215,BK-T44U-54,1,1215,c135545cc3f3a739132ffdbc8096f3d4
16566,c4369eefdf9bb8a3f9115e96b40aaf17,b34050290c25b0f7b52a2b8f767df87d,SO68784,5,WB-H098,1,5,c135545cc3f3a739132ffdbc8096f3d4
16567,05e7920e8caf0303dc01b77666952b75,eea5b3bd1bd5d5c62a1d22f78d3ba263,SO66211,4590,BK-M68B-42,2,4590,3a2f313512bb520c43971e54ba834dec
16567,05e7920e8caf0303dc01b77666952b75,eea5b3bd1bd5d5c62a1d22f78d3ba263,SO66211,2,PK-7098,1,2,3a2f313512bb520c43971e54ba834dec
16567,05e7920e8caf0303dc01b77666952b75,eea5b3bd1bd5d5c62a1d22f78d3ba263,SO66211,35,TI-M823,1,35,3a2f313512bb520c43971e54ba834dec
16567,99ceae0afd3bddfab39f9341c7fd7a90,5881f2ec92a43470fcbe3d3477a2a1fe,SO48839,2443,BK-R89R-44,1,2443,6c1f25b149f7224c4de256ef6e37c951
16567,f544b472453b297a8b55709fbfd3746d,70951886788165a5e2439adfce4d0cce,SO70085,2384,BK-T79Y-50,1,2384,331afa0aff1b1cfbf3d24944ab38c9d2
16568,d6ec5bff1a0809822c740ce35792fa7a,db2b287636ac5ebda430de4f3f643b24,SO52600,105,HL-U509-R,3,105,6be9692276a308e4b872323af1ad8fe2
16568,d6ec5bff1a0809822c740ce35792fa7a,db2b287636ac5ebda430de4f3f643b24,SO52600,30,TI-M602,1,30,6be9692276a308e4b872323af1ad8fe2
16568,d6ec5bff1a0809822c740ce35792fa7a,db2b287636ac5ebda430de4f3f643b24,SO52600,5,TT-M928,1,5,6be9692276a308e4b872323af1ad8fe2
16569,3500da16b6d3d0da611bc08c2b1e1c05,5f827524a01a15af1043fdb581ce224b,SO51302,1701,BK-R79Y-40,1,1701,070e7bb8852d69e16952038e5532904f
16569,3500da16b6d3d0da611bc08c2b1e1c05,5f827524a01a15af1043fdb581ce224b,SO51302,54,SJ-0194-S,1,54,070e7bb8852d69e16952038e5532904f
16569,f4630495c408b1838e43e9291392dcdf,bcecb4362a7ad5f479ac9c9c0f6761bb,SO50931,4364,BK-R89B-58,2,4364,c045063ec789c07ddd7ad868b7789049
16570,7af7abc5e37d5fa2e2334b4fec2584e2,5b07cd2a9dfb9437a07ea3012d6efbb7,SO51513,1701,BK-R79Y-44,1,1701,5dddb266d8c26eece51489fe90c9f47d
16570,7af7abc5e37d5fa2e2334b4fec2584e2,5b07cd2a9dfb9437a07ea3012d6efbb7,SO51513,150,LJ-0192-X,3,150,5dddb266d8c26eece51489fe90c9f47d
16570,7af7abc5e37d5fa2e2334b4fec2584e2,5b07cd2a9dfb9437a07ea3012d6efbb7,SO51513,25,TI-R628,1,25,5dddb266d8c26eece51489fe90c9f47d
16570,c045063ec789c07ddd7ad868b7789049,1022f3e1145b30057972239301ce3382,SO50874,2443,BK-R89R-44,1,2443,c164277d605c0bcbcd6b5749ac477b26
16571,7983129d9883ebc3b9dce3311996b001,0df76889b3e31ccfd17b50cc73baef03,SO59795,105,HL-U509-R,3,105,7254e54716fe52361e62aa16ea2e0797
16571,7983129d9883ebc3b9dce3311996b001,0df76889b3e31ccfd17b50cc73baef03,SO59795,5,TT-T092,1,5,7254e54716fe52361e62aa16ea2e0797
16571,88077cf01a3e17831c2d0bcca5897c5b,95a2a9aefc393f8630e934768cacf4cd,SO73060,8,CL-9009,1,8,86e0fc464cbb08ae74bd039224afec9a
16571,88077cf01a3e17831c2d0bcca5897c5b,95a2a9aefc393f8630e934768cacf4cd,SO73060,5,TT-M928,1,5,86e0fc464cbb08ae74bd039224afec9a
16572,47a161474962a6dcc03cfa64127a641f,8920fd63645007b243abb750709b1172,SO73190,4886,BK-R89R-58,2,4886,c5ed53572c667b119dde2fc0f54de602
16572,b841e6f2f1d20f20ca7bd238dfd4c300,cfa82f31e4639f537cf9d0fe9050f93b,SO49012,2443,BK-R89R-44,1,2443,86e8658344547a7d34cd2bcd4750bd8f
16573,4c6ed4daa82e7326b84c24f4c2ae7064,b2ce0ef2540789e8a6976165b6c917d8,SO73266,769,BK-M38S-46,1,769,aa14ddbc43aa2d3be1e6ac019bb7b5bc
16573,4c6ed4daa82e7326b84c24f4c2ae7064,b2ce0ef2540789e8a6976165b6c917d8,SO73266,150,LJ-0192-S,3,150,aa14ddbc43aa2d3be1e6ac019bb7b5bc
16573,c677c7c135ec8863ce920e94467b93e3,13554fafffaf23d93f17c1b353041e27,SO47897,4364,BK-R89B-52,2,4364,6d4d5745fb8f7f5dbaff1d157cfd66e0
16574,3f20f21c57e09a6c071e44d1fe74b58a,9b98d27287b27eeee9ebc06e1d5a9a8d,SO53902,5,TT-M928,1,5,51c449e55b4a63a16fb45beb689150d5
16574,c4c454d69a39e60a6f5cf2f97148adad,49fce086a31f1cfcf16b54e462f7cbc0,SO71593,105,HL-U509-B,3,105,31c99d724c1f182c60edb82eb4740277
16574,c4c454d69a39e60a6f5cf2f97148adad,49fce086a31f1cfcf16b54e462f7cbc0,SO71593,5,TT-T092,1,5,31c99d724c1f182c60edb82eb4740277
16575,56d78836c9cf0de136c4d2d37aba2280,ba19c22033aaecc6c5dad47f63e5858c,SO63960,10,BC-M005,1,10,8c9ec1be720ee75d56d0c250d10610fa
16575,56d78836c9cf0de136c4d2d37aba2280,ba19c22033aaecc6c5dad47f63e5858c,SO63960,4640,BK-M68S-42,2,4640,8c9ec1be720ee75d56d0c250d10610fa
16575,56d78836c9cf0de136c4d2d37aba2280,ba19c22033aaecc6c5dad47f63e5858c,SO63960,27,CA-1098,3,27,8c9ec1be720ee75d56d0c250d10610fa
16575,56d78836c9cf0de136c4d2d37aba2280,ba19c22033aaecc6c5dad47f63e5858c,SO63960,5,WB-H098,1,5,8c9ec1be720ee75d56d0c250d10610fa
16575,9aa1878029541c8ed2422b8b536e6b87,e65d2014d1516aff07ce4e23e98e0e1b,SO47807,4364,BK-R89B-58,2,4364,97a385eedf715bd7450079b92de22ba2
16575,e2f0a420a4c1a9e8e292761f835e0489,4eec6eda382b9c44e240ad4b4b5e9cc0,SO65623,2384,BK-T79U-50,1,2384,9d934f91c460e9947414d00048f2fa36
16575,e2f0a420a4c1a9e8e292761f835e0489,4eec6eda382b9c44e240ad4b4b5e9cc0,SO65623,105,HL-U509-R,3,105,9d934f91c460e9947414d00048f2fa36
16575,e2f0a420a4c1a9e8e292761f835e0489,4eec6eda382b9c44e240ad4b4b5e9cc0,SO65623,150,LJ-0192-M,3,150,9d934f91c460e9947414d00048f2fa36
16576,40eee601514259a9632d510ca71226cc,8babade0595c11e14dd89058a850f2cd,SO74435,48,GL-H102-S,2,48,982b3b4109cce5d4e5bf1fcbe0ae259b
16576,40eee601514259a9632d510ca71226cc,8babade0595c11e14dd89058a850f2cd,SO74435,105,HL-U509-B,3,105,982b3b4109cce5d4e5bf1fcbe0ae259b
16576,40eee601514259a9632d510ca71226cc,8babade0595c11e14dd89058a850f2cd,SO74435,150,LJ-0192-M,3,150,982b3b4109cce5d4e5bf1fcbe0ae259b
16576,40eee601514259a9632d510ca71226cc,8babade0595c11e14dd89058a850f2cd,SO74435,35,TI-M823,1,35,982b3b4109cce5d4e5bf1fcbe0ae259b
16576,40eee601514259a9632d510ca71226cc,8babade0595c11e14dd89058a850f2cd,SO74435,5,TT-M928,1,5,982b3b4109cce5d4e5bf1fcbe0ae259b
16577,a946e75bc65318721cd1e01162d392dd,5efefff01843f5aa3f7d8a4d44b4bf2e,SO63456,105,HL-U509-R,3,105,3a23b248b732af434a45fce0302aa11f
16577,a946e75bc65318721cd1e01162d392dd,5efefff01843f5aa3f7d8a4d44b4bf2e,SO63456,35,TI-M823,1,35,3a23b248b732af434a45fce0302aa11f
16577,a946e75bc65318721cd1e01162d392dd,5efefff01843f5aa3f7d8a4d44b4bf2e,SO63456,5,TT-M928,1,5,3a23b248b732af434a45fce0302aa11f
16578,e871b36e68b0b3d0af9c742d81fef27a,3fe686907939d07097f6c87f08025422,SO70122,105,HL-U509-R,3,105,1faee5670542865e021595151379fe5c
16578,e871b36e68b0b3d0af9c742d81fef27a,3fe686907939d07097f6c87f08025422,SO70122,35,TI-M823,1,35,1faee5670542865e021595151379fe5c
16578,e871b36e68b0b3d0af9c742d81fef27a,3fe686907939d07097f6c87f08025422,SO70122,5,TT-M928,1,5,1faee5670542865e021595151379fe5c
16579,9913e55755fcc4267a06c1e6adbbc7fb,4a70a3ec50fd16032883bf6fc79c55dd,SO61893,9,BC-R205,1,9,d53f9d33cac0a297449a74a10d031570
16579,9913e55755fcc4267a06c1e6adbbc7fb,4a70a3ec50fd16032883bf6fc79c55dd,SO61893,27,CA-1098,3,27,d53f9d33cac0a297449a74a10d031570
16579,9913e55755fcc4267a06c1e6adbbc7fb,4a70a3ec50fd16032883bf6fc79c55dd,SO61893,5,TT-T092,1,5,d53f9d33cac0a297449a74a10d031570
16579,9913e55755fcc4267a06c1e6adbbc7fb,4a70a3ec50fd16032883bf6fc79c55dd,SO61893,5,WB-H098,1,5,d53f9d33cac0a297449a74a10d031570
16579,f544b472453b297a8b55709fbfd3746d,70951886788165a5e2439adfce4d0cce,SO70054,70,SH-W890-M,1,70,331afa0aff1b1cfbf3d24944ab38c9d2
16580,03bf7d2a8718ee9aca4bd2f37e962fc4,290499d9b8e65db426ba9b842714eb6d,SO63561,4640,BK-M68S-46,2,4640,7130adfd843cdcb6d0bcd9d13792693a
16580,03bf7d2a8718ee9aca4bd2f37e962fc4,290499d9b8e65db426ba9b842714eb6d,SO63561,27,CA-1098,3,27,7130adfd843cdcb6d0bcd9d13792693a
16580,03bf7d2a8718ee9aca4bd2f37e962fc4,290499d9b8e65db426ba9b842714eb6d,SO63561,22,FE-6654,1,22,7130adfd843cdcb6d0bcd9d13792693a
16580,03bf7d2a8718ee9aca4bd2f37e962fc4,290499d9b8e65db426ba9b842714eb6d,SO63561,105,HL-U509-B,3,105,7130adfd843cdcb6d0bcd9d13792693a
16580,07b31bae17c7890b17d79a654aa230cf,a976f17830aceaaa93d5daef0bc209a3,SO58189,540,BK-R19B-52,1,540,ef5bad66aa19ccfb82cacb73584b83ea
16580,07b31bae17c7890b17d79a654aa230cf,a976f17830aceaaa93d5daef0bc209a3,SO58189,105,HL-U509,3,105,ef5bad66aa19ccfb82cacb73584b83ea
16580,07b31bae17c7890b17d79a654aa230cf,a976f17830aceaaa93d5daef0bc209a3,SO58189,21,TI-R092,1,21,ef5bad66aa19ccfb82cacb73584b83ea
16580,07b31bae17c7890b17d79a654aa230cf,a976f17830aceaaa93d5daef0bc209a3,SO58189,4,TT-R982,1,4,ef5bad66aa19ccfb82cacb73584b83ea
16580,c96b659647361342a1bb035614c242b1,5118f4d1a94c19a06818ba12904e26f0,SO50961,2443,BK-R89R-44,1,2443,186b0be01dd08ffcc5cb19cc226fb731
16581,962bae2fb03296a3b9cacabfa929322c,0da2bc000f1fe4ea8746f9aea0bb5879,SO69119,8,CL-9009,1,8,c4369eefdf9bb8a3f9115e96b40aaf17
16581,962bae2fb03296a3b9cacabfa929322c,0da2bc000f1fe4ea8746f9aea0bb5879,SO69119,2,PK-7098,1,2,c4369eefdf9bb8a3f9115e96b40aaf17
16581,962bae2fb03296a3b9cacabfa929322c,0da2bc000f1fe4ea8746f9aea0bb5879,SO69119,35,TI-M823,1,35,c4369eefdf9bb8a3f9115e96b40aaf17
16581,962bae2fb03296a3b9cacabfa929322c,0da2bc000f1fe4ea8746f9aea0bb5879,SO69119,5,TT-M928,1,5,c4369eefdf9bb8a3f9115e96b40aaf17
16582,f476906875bc5d9abe836b4ea1f485c1,f04e53711455521533f4c5ed7dcaa287,SO53156,35,TI-M823,1,35,15aceb75d86814cb479f1b1a9487c3d4
16583,db10519e66d9a7b809b91935ad1a696d,d7f57f35d2bad1349ca24a67a2635eea,SO74495,2,PK-7098,1,2,6583882ca853d66524856501b27519f5
16583,db10519e66d9a7b809b91935ad1a696d,d7f57f35d2bad1349ca24a67a2635eea,SO74495,35,TI-M823,1,35,6583882ca853d66524856501b27519f5
16583,db10519e66d9a7b809b91935ad1a696d,d7f57f35d2bad1349ca24a67a2635eea,SO74495,5,TT-M928,1,5,6583882ca853d66524856501b27519f5
16584,5c741aa8e0753be65314a304e7b39c14,d945ec2aae74dbfb829453026b91c235,SO62053,27,CA-1098,3,27,7ee641303ef8d8b10d0ed00a060c73cc
16584,5c741aa8e0753be65314a304e7b39c14,d945ec2aae74dbfb829453026b91c235,SO62053,70,SH-W890-S,1,70,7ee641303ef8d8b10d0ed00a060c73cc
16584,5c741aa8e0753be65314a304e7b39c14,d945ec2aae74dbfb829453026b91c235,SO62053,54,SJ-0194-M,1,54,7ee641303ef8d8b10d0ed00a060c73cc
16584,dca79d69a6b38e95c4b03bfab997796c,e5bf4a4a03e320ed76cf2ca68fa5b4c0,SO52393,105,HL-U509-R,3,105,9f79f7706bc6a7654ef0b8977966f69a
16584,dca79d69a6b38e95c4b03bfab997796c,e5bf4a4a03e320ed76cf2ca68fa5b4c0,SO52393,5,TT-T092,1,5,9f79f7706bc6a7654ef0b8977966f69a
16585,058af5b2a408d57b708367e5bf4e9d9c,e82ca4c6beebe812f10fa1041b97a160,SO66826,2384,BK-T79U-46,1,2384,c507827aa5f4f6bbedf64058461c621b
16585,058af5b2a408d57b708367e5bf4e9d9c,e82ca4c6beebe812f10fa1041b97a160,SO66826,105,HL-U509-R,3,105,c507827aa5f4f6bbedf64058461c621b
16585,42c8d51c48328d79f09bd1db2203a02d,7db2c3979b26317fc94657585dda1256,SO47787,2443,BK-R89R-44,1,2443,427e6053bc13a556e37f64ff8e1619fb
16585,7a8e187aeb003f6e34c02a4d5b9b153e,2fe1a028f9398deb2efcd536c8246fae,SO63506,4590,BK-M68B-42,2,4590,ba19c22033aaecc6c5dad47f63e5858c
16585,7a8e187aeb003f6e34c02a4d5b9b153e,2fe1a028f9398deb2efcd536c8246fae,SO63506,105,HL-U509-B,3,105,ba19c22033aaecc6c5dad47f63e5858c
16586,f46ace11e93788e473124f7be16a19d5,5c741aa8e0753be65314a304e7b39c14,SO62787,105,HL-U509-R,3,105,4555f65c4664801d78b9f5477f89d8fd
16586,f46ace11e93788e473124f7be16a19d5,5c741aa8e0753be65314a304e7b39c14,SO62787,35,TI-M823,1,35,4555f65c4664801d78b9f5477f89d8fd
16587,59802186a17f07a81aa34b5b19aea33d,ceed546c67e37bbf1b77e495913e2f57,SO48910,4364,BK-R89B-52,2,4364,83e0911c7df633c9fad72d0a891f5e14
16587,5e1b952a22eccca86f7f056a9efb42a4,a8ef76a01442567fb64eb6f4408a9835,SO57745,9,BC-R205,1,9,40883861f6e25a2e09e848a7891f4f38
16587,5e1b952a22eccca86f7f056a9efb42a4,a8ef76a01442567fb64eb6f4408a9835,SO57745,2384,BK-T79U-60,1,2384,40883861f6e25a2e09e848a7891f4f38
16587,5e1b952a22eccca86f7f056a9efb42a4,a8ef76a01442567fb64eb6f4408a9835,SO57745,105,HL-U509-R,3,105,40883861f6e25a2e09e848a7891f4f38
16587,5e1b952a22eccca86f7f056a9efb42a4,a8ef76a01442567fb64eb6f4408a9835,SO57745,150,LJ-0192-X,3,150,40883861f6e25a2e09e848a7891f4f38
16587,5e1b952a22eccca86f7f056a9efb42a4,a8ef76a01442567fb64eb6f4408a9835,SO57745,5,WB-H098,1,5,40883861f6e25a2e09e848a7891f4f38
16587,ccf89c691dabb1412404274596922d90,b0241b451647f25db5f52074445d820c,SO65034,4640,BK-M68S-42,2,4640,7299e51cfc0d5174743a6701a8a96488
16587,ccf89c691dabb1412404274596922d90,b0241b451647f25db5f52074445d820c,SO65034,27,CA-1098,3,27,7299e51cfc0d5174743a6701a8a96488
16587,ccf89c691dabb1412404274596922d90,b0241b451647f25db5f52074445d820c,SO65034,105,HL-U509-B,3,105,7299e51cfc0d5174743a6701a8a96488
16587,ccf89c691dabb1412404274596922d90,b0241b451647f25db5f52074445d820c,SO65034,35,TI-M823,1,35,7299e51cfc0d5174743a6701a8a96488
16588,5df3d5e6ab78e9109e9a80b7ac423282,f1f6939ed2d920fdfc3de31d6a3d32ac,SO48093,4364,BK-R89B-52,2,4364,a1b2320235143a40a1ff4226b58f48d0
16588,6866da5d40f1aad2d82129d5ffa25bda,b68fd63ca41d49bfc1b18251202c053f,SO65800,2384,BK-T79U-60,1,2384,eea5b3bd1bd5d5c62a1d22f78d3ba263
16588,6866da5d40f1aad2d82129d5ffa25bda,b68fd63ca41d49bfc1b18251202c053f,SO65800,105,HL-U509,3,105,eea5b3bd1bd5d5c62a1d22f78d3ba263
16588,6866da5d40f1aad2d82129d5ffa25bda,b68fd63ca41d49bfc1b18251202c053f,SO65800,29,TI-T723,1,29,eea5b3bd1bd5d5c62a1d22f78d3ba263
16588,6866da5d40f1aad2d82129d5ffa25bda,b68fd63ca41d49bfc1b18251202c053f,SO65800,5,TT-T092,1,5,eea5b3bd1bd5d5c62a1d22f78d3ba263
16588,c87874400b9f907bdf9ea37d75a4b341,23bd9a9b90557e9da7babfb8e3d2df22,SO64545,4640,BK-M68S-46,2,4640,8b9fe4b34e3c54f08bfcac3d9691e260
16588,c87874400b9f907bdf9ea37d75a4b341,23bd9a9b90557e9da7babfb8e3d2df22,SO64545,35,TI-M823,1,35,8b9fe4b34e3c54f08bfcac3d9691e260
16588,c87874400b9f907bdf9ea37d75a4b341,23bd9a9b90557e9da7babfb8e3d2df22,SO64545,5,TT-M928,1,5,8b9fe4b34e3c54f08bfcac3d9691e260
16589,2296af5563b2061aa1d88124a37eecb7,6866da5d40f1aad2d82129d5ffa25bda,SO66545,2384,BK-T79Y-60,1,2384,05e7920e8caf0303dc01b77666952b75
16589,2296af5563b2061aa1d88124a37eecb7,6866da5d40f1aad2d82129d5ffa25bda,SO66545,105,HL-U509,3,105,05e7920e8caf0303dc01b77666952b75
16589,3fce335517b518d0723258ab9aab91d5,c82e990b1e68272a09ad5b81d90292bc,SO48273,2443,BK-R89R-48,1,2443,4d8769725b0b7f33aebf747e80c5c4e0
16589,8b9fe4b34e3c54f08bfcac3d9691e260,a946e75bc65318721cd1e01162d392dd,SO64183,4640,BK-M68S-46,2,4640,f75e5f8c15ca91ec5c869dc3881f574f
16589,8b9fe4b34e3c54f08bfcac3d9691e260,a946e75bc65318721cd1e01162d392dd,SO64183,2,PK-7098,1,2,f75e5f8c15ca91ec5c869dc3881f574f
16589,8b9fe4b34e3c54f08bfcac3d9691e260,a946e75bc65318721cd1e01162d392dd,SO64183,159,ST-1401,1,159,f75e5f8c15ca91ec5c869dc3881f574f
16590,4a800301260b2639fa1ec3efafb5f86c,23f22724b430320654759f8512440ebc,SO59170,150,LJ-0192-L,3,150,a189cc17a15cdb4e39e80dfcd8374c76
16590,4a800301260b2639fa1ec3efafb5f86c,23f22724b430320654759f8512440ebc,SO59170,70,SH-W890-L,1,70,a189cc17a15cdb4e39e80dfcd8374c76
16590,58f0b42da53adeeccbfa693883fea672,8c9ec1be720ee75d56d0c250d10610fa,SO64415,27,CA-1098,3,27,d4746e41b619da57ee9f1a2e2cc254e8
16590,58f0b42da53adeeccbfa693883fea672,8c9ec1be720ee75d56d0c250d10610fa,SO64415,105,HL-U509-B,3,105,d4746e41b619da57ee9f1a2e2cc254e8
16590,58f0b42da53adeeccbfa693883fea672,8c9ec1be720ee75d56d0c250d10610fa,SO64415,5,TT-T092,1,5,d4746e41b619da57ee9f1a2e2cc254e8
16591,e0bcd0ff3072dfe15609d6be1529b0b8,c660dc308b247ce08aeecd155306bae0,SO60724,5,TT-T092,1,5,39ff8ac1e8a44088f96e17b846ec8baf
16591,e871b36e68b0b3d0af9c742d81fef27a,3fe686907939d07097f6c87f08025422,SO70121,27,CA-1098,3,27,1faee5670542865e021595151379fe5c
16591,e871b36e68b0b3d0af9c742d81fef27a,3fe686907939d07097f6c87f08025422,SO70121,70,SH-W890-S,1,70,1faee5670542865e021595151379fe5c
16591,e871b36e68b0b3d0af9c742d81fef27a,3fe686907939d07097f6c87f08025422,SO70121,54,SJ-0194-X,1,54,1faee5670542865e021595151379fe5c
16592,9c56075241a26f6fa77eb86b15411c6e,9444f850ff0c10a862b4a6a9c4ab0a74,SO54403,105,HL-U509-B,3,105,ab2e81a99745ffff6c06e2be93290d1b
16592,9c56075241a26f6fa77eb86b15411c6e,9444f850ff0c10a862b4a6a9c4ab0a74,SO54403,35,TI-M823,1,35,ab2e81a99745ffff6c06e2be93290d1b
16592,9c56075241a26f6fa77eb86b15411c6e,9444f850ff0c10a862b4a6a9c4ab0a74,SO54403,5,TT-M928,1,5,ab2e81a99745ffff6c06e2be93290d1b
16593,23f22724b430320654759f8512440ebc,485ae69515bc4c60ef546ff289741f60,SO58269,48,GL-H102-M,2,48,b0b2c17e5682f78d8fc262463fd0a4f3
16593,23f22724b430320654759f8512440ebc,485ae69515bc4c60ef546ff289741f60,SO58269,70,SH-W890-M,1,70,b0b2c17e5682f78d8fc262463fd0a4f3
16593,deff8ad81a213d1110c1f409a7f40fcd,b8cc77f0099ae7d3a20b9f0b74d70b12,SO52821,2,PK-7098,1,2,f04e53711455521533f4c5ed7dcaa287
16593,deff8ad81a213d1110c1f409a7f40fcd,b8cc77f0099ae7d3a20b9f0b74d70b12,SO52821,5,TT-T092,1,5,f04e53711455521533f4c5ed7dcaa287
16594,813f26755901d08d11203eb467615b65,7ef7447fc083981d7d520e8df45ac789,SO48218,2443,BK-R89R-44,1,2443,c82e990b1e68272a09ad5b81d90292bc
16594,8c9ec1be720ee75d56d0c250d10610fa,16918840d98f27ce45948fe73dd5592f,SO63631,4640,BK-M68S-38,2,4640,81a5d08c6beaeec9e42baae5d63dd780
16594,8c9ec1be720ee75d56d0c250d10610fa,16918840d98f27ce45948fe73dd5592f,SO63631,105,HL-U509,3,105,81a5d08c6beaeec9e42baae5d63dd780
16594,e2f0a420a4c1a9e8e292761f835e0489,4eec6eda382b9c44e240ad4b4b5e9cc0,SO65609,9,BC-R205,1,9,9d934f91c460e9947414d00048f2fa36
16594,e2f0a420a4c1a9e8e292761f835e0489,4eec6eda382b9c44e240ad4b4b5e9cc0,SO65609,2384,BK-T79U-60,1,2384,9d934f91c460e9947414d00048f2fa36
16594,e2f0a420a4c1a9e8e292761f835e0489,4eec6eda382b9c44e240ad4b4b5e9cc0,SO65609,105,HL-U509-R,3,105,9d934f91c460e9947414d00048f2fa36
16594,e2f0a420a4c1a9e8e292761f835e0489,4eec6eda382b9c44e240ad4b4b5e9cc0,SO65609,5,WB-H098,1,5,9d934f91c460e9947414d00048f2fa36
16595,0149f124a48640c62d90840ac5760331,4555f65c4664801d78b9f5477f89d8fd,SO63371,4590,BK-M68B-46,2,4590,870bd4f3713260418e4f342f31dc7e33
16595,0149f124a48640c62d90840ac5760331,4555f65c4664801d78b9f5477f89d8fd,SO63371,2,PK-7098,1,2,870bd4f3713260418e4f342f31dc7e33
16595,3a2f313512bb520c43971e54ba834dec,a1fedb8f5f2e08543339a5f167bee6b7,SO65935,9,BC-R205,1,9,e2f0a420a4c1a9e8e292761f835e0489
16595,3a2f313512bb520c43971e54ba834dec,a1fedb8f5f2e08543339a5f167bee6b7,SO65935,2384,BK-T79Y-60,1,2384,e2f0a420a4c1a9e8e292761f835e0489
16595,3a2f313512bb520c43971e54ba834dec,a1fedb8f5f2e08543339a5f167bee6b7,SO65935,48,GL-H102-M,2,48,e2f0a420a4c1a9e8e292761f835e0489
16595,3a2f313512bb520c43971e54ba834dec,a1fedb8f5f2e08543339a5f167bee6b7,SO65935,5,WB-H098,1,5,e2f0a420a4c1a9e8e292761f835e0489
16595,79e02a49bb92138c3f331082fef97f2e,bc6a999cadc90ecb33e51eb0f9009145,SO48199,4364,BK-R89B-44,2,4364,07f0f4d1950116643ea4a45db1bc7999
16596,a0ab7eafc534bc4a8a48cd6e1cfc4d24,7dc1c03103798a474aa763047623df54,SO50887,4364,BK-R89B-48,2,4364,5118f4d1a94c19a06818ba12904e26f0
16596,a6d37e298c3042e300813f55a17e0875,99b7e934795a93975a5e0c0b9b57d9ba,SO64618,10,BC-M005,1,10,b0241b451647f25db5f52074445d820c
16596,a6d37e298c3042e300813f55a17e0875,99b7e934795a93975a5e0c0b9b57d9ba,SO64618,4590,BK-M68B-46,2,4590,b0241b451647f25db5f52074445d820c
16597,9444f850ff0c10a862b4a6a9c4ab0a74,3143ce3c6436ed5bd25398756b7b661d,SO53747,35,TI-M823,1,35,76e3c19dbb0dadc4c6dc771d856e4676
16597,9444f850ff0c10a862b4a6a9c4ab0a74,3143ce3c6436ed5bd25398756b7b661d,SO53747,5,TT-M928,1,5,76e3c19dbb0dadc4c6dc771d856e4676
16597,9444f850ff0c10a862b4a6a9c4ab0a74,3143ce3c6436ed5bd25398756b7b661d,SO53747,64,VE-C304-L,1,64,76e3c19dbb0dadc4c6dc771d856e4676
16598,4d8769725b0b7f33aebf747e80c5c4e0,f8018ae891e33dd2bfe3e20469c0de8f,SO48228,2443,BK-R89R-44,1,2443,79e02a49bb92138c3f331082fef97f2e
16598,7299e51cfc0d5174743a6701a8a96488,56d78836c9cf0de136c4d2d37aba2280,SO64734,4590,BK-M68B-38,2,4590,58f0b42da53adeeccbfa693883fea672
16598,caa707f97407c07371136aaf471a91d4,4efe8b2ca156042f8a3d8dd6aba54520,SO67129,2384,BK-T79Y-50,1,2384,058af5b2a408d57b708367e5bf4e9d9c
16598,caa707f97407c07371136aaf471a91d4,4efe8b2ca156042f8a3d8dd6aba54520,SO67129,9,SO-R809-L,1,9,058af5b2a408d57b708367e5bf4e9d9c
16599,39ff8ac1e8a44088f96e17b846ec8baf,9a95fdf4e925d9cbd65f87b5aa4ac212,SO60407,48,GL-H102-S,2,48,c926349b55a58d87d7d5008c349fd1e9
16599,39ff8ac1e8a44088f96e17b846ec8baf,9a95fdf4e925d9cbd65f87b5aa4ac212,SO60407,150,LJ-0192-X,3,150,c926349b55a58d87d7d5008c349fd1e9
16599,39ff8ac1e8a44088f96e17b846ec8baf,9a95fdf4e925d9cbd65f87b5aa4ac212,SO60407,70,SH-W890-L,1,70,c926349b55a58d87d7d5008c349fd1e9
16599,43e2cc7ff261723f93f64f3f7e9faa8d,a6f2945baeceeef4c8d541a22f6e99e9,SO73462,5,TT-T092,1,5,88077cf01a3e17831c2d0bcca5897c5b
16600,debbb2493c6588799fc787e1854bcda5,40883861f6e25a2e09e848a7891f4f38,SO58099,105,HL-U509,3,105,0814775cfc25da756a9b4197347ab771
16600,debbb2493c6588799fc787e1854bcda5,40883861f6e25a2e09e848a7891f4f38,SO58099,150,LJ-0192-L,3,150,0814775cfc25da756a9b4197347ab771
16600,debbb2493c6588799fc787e1854bcda5,40883861f6e25a2e09e848a7891f4f38,SO58099,35,TI-M823,1,35,0814775cfc25da756a9b4197347ab771
16600,debbb2493c6588799fc787e1854bcda5,40883861f6e25a2e09e848a7891f4f38,SO58099,5,TT-M928,1,5,0814775cfc25da756a9b4197347ab771
16601,3db19f5f710f10e90ecc7154c649d60a,f544b472453b297a8b55709fbfd3746d,SO70905,2,PK-7098,1,2,fee8e08233f3f00450bce31967abb0f1
16601,3db19f5f710f10e90ecc7154c649d60a,f544b472453b297a8b55709fbfd3746d,SO70905,5,TT-T092,1,5,fee8e08233f3f00450bce31967abb0f1
16601,ef5bad66aa19ccfb82cacb73584b83ea,0e23f371129aecc6b2033620b226f8d7,SO57875,27,CA-1098,3,27,485ae69515bc4c60ef546ff289741f60
16601,ef5bad66aa19ccfb82cacb73584b83ea,0e23f371129aecc6b2033620b226f8d7,SO57875,70,SH-W890-L,1,70,485ae69515bc4c60ef546ff289741f60
16602,7299e51cfc0d5174743a6701a8a96488,56d78836c9cf0de136c4d2d37aba2280,SO64757,70,SH-W890-M,1,70,58f0b42da53adeeccbfa693883fea672
16602,93ddc10d6cf61153011df052aa76671f,7299e51cfc0d5174743a6701a8a96488,SO65663,2,PK-7098,1,2,02b96ab6e0935145589be4e1408a1675
16602,93ddc10d6cf61153011df052aa76671f,7299e51cfc0d5174743a6701a8a96488,SO65663,5,TT-T092,1,5,02b96ab6e0935145589be4e1408a1675
16603,76b32549988cdcac2435e968471f4954,e41e8ee2e2795c7c1363a9f5054d57d7,SO48859,4364,BK-R89B-44,2,4364,782652638a2153c2b28e4a4522354d0f
16603,9e8cbc3edbb5efb3f48d6afb260e4725,174acf6ca4e9804d47a59a499422e621,SO59269,9,BC-R205,1,9,640540d73b85c3ecd2e3bf5541686e87
16603,9e8cbc3edbb5efb3f48d6afb260e4725,174acf6ca4e9804d47a59a499422e621,SO59269,2384,BK-T79Y-60,1,2384,640540d73b85c3ecd2e3bf5541686e87
16603,9e8cbc3edbb5efb3f48d6afb260e4725,174acf6ca4e9804d47a59a499422e621,SO59269,105,HL-U509-B,3,105,640540d73b85c3ecd2e3bf5541686e87
16603,9e8cbc3edbb5efb3f48d6afb260e4725,174acf6ca4e9804d47a59a499422e621,SO59269,5,WB-H098,1,5,640540d73b85c3ecd2e3bf5541686e87
16603,d4746e41b619da57ee9f1a2e2cc254e8,81a5d08c6beaeec9e42baae5d63dd780,SO64072,4640,BK-M68S-38,2,4640,23bd9a9b90557e9da7babfb8e3d2df22
16603,d4746e41b619da57ee9f1a2e2cc254e8,81a5d08c6beaeec9e42baae5d63dd780,SO64072,27,CA-1098,3,27,23bd9a9b90557e9da7babfb8e3d2df22
16603,d4746e41b619da57ee9f1a2e2cc254e8,81a5d08c6beaeec9e42baae5d63dd780,SO64072,22,FE-6654,1,22,23bd9a9b90557e9da7babfb8e3d2df22
16603,d4746e41b619da57ee9f1a2e2cc254e8,81a5d08c6beaeec9e42baae5d63dd780,SO64072,105,HL-U509,3,105,23bd9a9b90557e9da7babfb8e3d2df22
16604,962bae2fb03296a3b9cacabfa929322c,0da2bc000f1fe4ea8746f9aea0bb5879,SO69118,22,FE-6654,1,22,c4369eefdf9bb8a3f9115e96b40aaf17
16604,962bae2fb03296a3b9cacabfa929322c,0da2bc000f1fe4ea8746f9aea0bb5879,SO69118,105,HL-U509,3,105,c4369eefdf9bb8a3f9115e96b40aaf17
16605,9795c57676ee8b8b6ba9a6f9014a520b,c5ed53572c667b119dde2fc0f54de602,SO73720,105,HL-U509-R,3,105,b0950d12c62d3aeda81b2e8d06f2aef4
16605,9795c57676ee8b8b6ba9a6f9014a520b,c5ed53572c667b119dde2fc0f54de602,SO73720,4,TT-R982,1,4,b0950d12c62d3aeda81b2e8d06f2aef4
16605,b8d9d66529b0a1e91f6137abcdd065dd,6d44506d59926d8d13d35f75d97f2a64,SO54192,2,PK-7098,1,2,90c6314650a0d54fdcabe5cd5406f9af
16605,b8d9d66529b0a1e91f6137abcdd065dd,6d44506d59926d8d13d35f75d97f2a64,SO54192,25,TI-R628,1,25,90c6314650a0d54fdcabe5cd5406f9af
16606,23bd9a9b90557e9da7babfb8e3d2df22,b210069485754303767745919c328b97,SO63760,2,PK-7098,1,2,a946e75bc65318721cd1e01162d392dd
16606,23bd9a9b90557e9da7babfb8e3d2df22,b210069485754303767745919c328b97,SO63760,30,TI-M602,1,30,a946e75bc65318721cd1e01162d392dd
16606,94b225b5b1f09ecd5e8ecdfb681ff04c,03bf7d2a8718ee9aca4bd2f37e962fc4,SO64303,2,PK-7098,1,2,61e00b038efd34bdf9c747596273cbcf
16606,94b225b5b1f09ecd5e8ecdfb681ff04c,03bf7d2a8718ee9aca4bd2f37e962fc4,SO64303,33,TI-R982,1,33,61e00b038efd34bdf9c747596273cbcf
16607,512b6608a6cfdf1555c0fafeb6022830,17044eafedd2e32a8a67b6b194bb83d3,SO43727,3578,BK-R93R-44,1,3578,54867044168b33be2be2e9550aae73b6
16607,a6f2945baeceeef4c8d541a22f6e99e9,d5985f40495ba672dff8a99620b879c8,SO72561,4590,BK-M68B-42,2,4590,95a2a9aefc393f8630e934768cacf4cd
16607,a6f2945baeceeef4c8d541a22f6e99e9,d5985f40495ba672dff8a99620b879c8,SO72561,22,FE-6654,1,22,95a2a9aefc393f8630e934768cacf4cd
16607,a6f2945baeceeef4c8d541a22f6e99e9,d5985f40495ba672dff8a99620b879c8,SO72561,2,PK-7098,1,2,95a2a9aefc393f8630e934768cacf4cd
16608,58c4ce5b9433e7b6d41793d5a76d5590,1556bafff387fc8f2f6fef64c1daa6bc,SO71286,30,TI-M602,1,30,fd5ba6fdeb81e07b2caf0b103489bd8d
16608,f5933feadc49c253e4f0e77b236946e9,0b80ce5eab877cae9997209e0bee6e60,SO52414,105,HL-U509-B,3,105,b8cc77f0099ae7d3a20b9f0b74d70b12
16608,f5933feadc49c253e4f0e77b236946e9,0b80ce5eab877cae9997209e0bee6e60,SO52414,33,TI-R982,1,33,b8cc77f0099ae7d3a20b9f0b74d70b12
16608,f5933feadc49c253e4f0e77b236946e9,0b80ce5eab877cae9997209e0bee6e60,SO52414,4,TT-R982,1,4,b8cc77f0099ae7d3a20b9f0b74d70b12
16609,3519c8eb4095dbc69d80eb61856d3435,6e5c4b769f8f70f9fd01b24ba5be9695,SO55560,159,ST-1401,1,159,d6ab5a0eee939524352092b964d92b84
16609,3519c8eb4095dbc69d80eb61856d3435,6e5c4b769f8f70f9fd01b24ba5be9695,SO55560,33,TI-R982,1,33,d6ab5a0eee939524352092b964d92b84
16609,3519c8eb4095dbc69d80eb61856d3435,6e5c4b769f8f70f9fd01b24ba5be9695,SO55560,4,TT-R982,1,4,d6ab5a0eee939524352092b964d92b84
16609,3519c8eb4095dbc69d80eb61856d3435,6e5c4b769f8f70f9fd01b24ba5be9695,SO55560,64,VE-C304-M,1,64,d6ab5a0eee939524352092b964d92b84
16609,db2b287636ac5ebda430de4f3f643b24,7af7abc5e37d5fa2e2334b4fec2584e2,SO51971,10,BC-M005,1,10,bee2b842cd357511cf4c8e509f5af192
16609,db2b287636ac5ebda430de4f3f643b24,7af7abc5e37d5fa2e2334b4fec2584e2,SO51971,105,HL-U509-R,3,105,bee2b842cd357511cf4c8e509f5af192
16609,db2b287636ac5ebda430de4f3f643b24,7af7abc5e37d5fa2e2334b4fec2584e2,SO51971,30,TI-M602,1,30,bee2b842cd357511cf4c8e509f5af192
16609,db2b287636ac5ebda430de4f3f643b24,7af7abc5e37d5fa2e2334b4fec2584e2,SO51971,5,TT-M928,1,5,bee2b842cd357511cf4c8e509f5af192
16609,db2b287636ac5ebda430de4f3f643b24,7af7abc5e37d5fa2e2334b4fec2584e2,SO51971,5,WB-H098,1,5,bee2b842cd357511cf4c8e509f5af192
16610,1678083e7ff90bd404baad3f60bffa37,7b0730955172ecda497d7cca6b1d87a1,SO55744,30,TI-M602,1,30,73a69a5c77a7d23172e54d7ce07a638e
16610,1678083e7ff90bd404baad3f60bffa37,7b0730955172ecda497d7cca6b1d87a1,SO55744,5,TT-M928,1,5,73a69a5c77a7d23172e54d7ce07a638e
16610,dba3e44e23a1d2c2f299811e94db7fce,51c449e55b4a63a16fb45beb689150d5,SO54262,33,TI-R982,1,33,226d694fb4b7f71d62444f9528be8704
16611,15aceb75d86814cb479f1b1a9487c3d4,f799d104dd23bb828dcdaaefc4d25b61,SO52885,8,CL-9009,1,8,072bf847aeeee970f66483e596496cd9
16611,15aceb75d86814cb479f1b1a9487c3d4,f799d104dd23bb828dcdaaefc4d25b61,SO52885,30,TI-M602,1,30,072bf847aeeee970f66483e596496cd9
16611,15aceb75d86814cb479f1b1a9487c3d4,f799d104dd23bb828dcdaaefc4d25b61,SO52885,5,TT-M928,1,5,072bf847aeeee970f66483e596496cd9
16611,a9cd7a99d71cca9cb644010050374ade,3db19f5f710f10e90ecc7154c649d60a,SO71699,33,TI-R982,1,33,128ee9ff420de424a605a0ee4a6f7916
16612,9effb9136439084df69d3197f50eb040,4f0012e973c89ab113494955e064e478,SO43764,3578,BK-R93R-62,1,3578,5fe5d9c2e4271c97cde82ca667158d56
16612,d7f57f35d2bad1349ca24a67a2635eea,5432d51ee94799c0125bb158c8a8bd22,SO74077,4640,BK-M68S-42,2,4640,1ba7e8cdf85da6cf5e11554703236b52
16613,a6d37e298c3042e300813f55a17e0875,99b7e934795a93975a5e0c0b9b57d9ba,SO64613,48,GL-H102-M,2,48,b0241b451647f25db5f52074445d820c
16613,a6d37e298c3042e300813f55a17e0875,99b7e934795a93975a5e0c0b9b57d9ba,SO64613,105,HL-U509-B,3,105,b0241b451647f25db5f52074445d820c
16613,a6d37e298c3042e300813f55a17e0875,99b7e934795a93975a5e0c0b9b57d9ba,SO64613,30,TI-M602,1,30,b0241b451647f25db5f52074445d820c
16613,a6d37e298c3042e300813f55a17e0875,99b7e934795a93975a5e0c0b9b57d9ba,SO64613,5,TT-M928,1,5,b0241b451647f25db5f52074445d820c
16613,ac15b60491fe99190c0248790e690757,ab2e81a99745ffff6c06e2be93290d1b,SO54772,2,PK-7098,1,2,0c8ff735cb2b05718573c08173335fd4
16613,ac15b60491fe99190c0248790e690757,ab2e81a99745ffff6c06e2be93290d1b,SO54772,33,TI-R982,1,33,0c8ff735cb2b05718573c08173335fd4
16614,a1fedb8f5f2e08543339a5f167bee6b7,8b9fe4b34e3c54f08bfcac3d9691e260,SO64960,2,PK-7098,1,2,4eec6eda382b9c44e240ad4b4b5e9cc0
16614,a1fedb8f5f2e08543339a5f167bee6b7,8b9fe4b34e3c54f08bfcac3d9691e260,SO64960,33,TI-R982,1,33,4eec6eda382b9c44e240ad4b4b5e9cc0
16614,a1fedb8f5f2e08543339a5f167bee6b7,8b9fe4b34e3c54f08bfcac3d9691e260,SO64960,4,TT-R982,1,4,4eec6eda382b9c44e240ad4b4b5e9cc0
16614,fd5ba6fdeb81e07b2caf0b103489bd8d,e871b36e68b0b3d0af9c742d81fef27a,SO70947,2,PK-7098,1,2,17520f5649fab40fb66771362888cb90
16614,fd5ba6fdeb81e07b2caf0b103489bd8d,e871b36e68b0b3d0af9c742d81fef27a,SO70947,30,TI-M602,1,30,17520f5649fab40fb66771362888cb90
16615,39fe373cdcb4534addde73890415b660,41fc4cb27e0ee552c4c9247e1a476cc5,SO55874,2,PK-7098,1,2,3519c8eb4095dbc69d80eb61856d3435
16615,39fe373cdcb4534addde73890415b660,41fc4cb27e0ee552c4c9247e1a476cc5,SO55874,33,TI-R982,1,33,3519c8eb4095dbc69d80eb61856d3435
16615,39fe373cdcb4534addde73890415b660,41fc4cb27e0ee552c4c9247e1a476cc5,SO55874,4,TT-R982,1,4,3519c8eb4095dbc69d80eb61856d3435
16615,4ddc8821c34bceaf3dba4a18741acca3,af1457846a79173ef71dd9d5dd69805a,SO61099,22,FE-6654,1,22,2d6e054ac82934d489c58cc8399a1628
16615,4ddc8821c34bceaf3dba4a18741acca3,af1457846a79173ef71dd9d5dd69805a,SO61099,30,TI-M602,1,30,2d6e054ac82934d489c58cc8399a1628
16615,4ddc8821c34bceaf3dba4a18741acca3,af1457846a79173ef71dd9d5dd69805a,SO61099,5,TT-M928,1,5,2d6e054ac82934d489c58cc8399a1628
16616,8a35f63c875d260642a69f75d4eee5b8,7de904cde4fa8a64f25573759fca404f,SO43746,3578,BK-R93R-48,1,3578,512b6608a6cfdf1555c0fafeb6022830
16616,b2ce0ef2540789e8a6976165b6c917d8,128ee9ff420de424a605a0ee4a6f7916,SO72415,4590,BK-M68B-38,2,4590,dcf73f840a50da0145f24e8e0169dc4b
16616,b2ce0ef2540789e8a6976165b6c917d8,128ee9ff420de424a605a0ee4a6f7916,SO72415,2,PK-7098,1,2,dcf73f840a50da0145f24e8e0169dc4b
16616,b2ce0ef2540789e8a6976165b6c917d8,128ee9ff420de424a605a0ee4a6f7916,SO72415,35,TI-M823,1,35,dcf73f840a50da0145f24e8e0169dc4b
16616,b2ce0ef2540789e8a6976165b6c917d8,128ee9ff420de424a605a0ee4a6f7916,SO72415,5,TT-M928,1,5,dcf73f840a50da0145f24e8e0169dc4b
16617,4efe8b2ca156042f8a3d8dd6aba54520,e2f0a420a4c1a9e8e292761f835e0489,SO66324,54,SJ-0194-M,1,54,e82ca4c6beebe812f10fa1041b97a160
16617,4efe8b2ca156042f8a3d8dd6aba54520,e2f0a420a4c1a9e8e292761f835e0489,SO66324,33,TI-R982,1,33,e82ca4c6beebe812f10fa1041b97a160
16617,4efe8b2ca156042f8a3d8dd6aba54520,e2f0a420a4c1a9e8e292761f835e0489,SO66324,4,TT-R982,1,4,e82ca4c6beebe812f10fa1041b97a160
16617,b8cc77f0099ae7d3a20b9f0b74d70b12,70ad7386c1fe794c57fa3908ff22435d,SO52165,105,HL-U509-R,3,105,5e9b4970006d8f02ba0bc1763fa8b9a6
16617,b8cc77f0099ae7d3a20b9f0b74d70b12,70ad7386c1fe794c57fa3908ff22435d,SO52165,30,TI-M602,1,30,5e9b4970006d8f02ba0bc1763fa8b9a6
16617,b8cc77f0099ae7d3a20b9f0b74d70b12,70ad7386c1fe794c57fa3908ff22435d,SO52165,5,TT-M928,1,5,5e9b4970006d8f02ba0bc1763fa8b9a6
16618,4eec6eda382b9c44e240ad4b4b5e9cc0,f75e5f8c15ca91ec5c869dc3881f574f,SO64682,2,PK-7098,1,2,94b225b5b1f09ecd5e8ecdfb681ff04c
16618,4eec6eda382b9c44e240ad4b4b5e9cc0,f75e5f8c15ca91ec5c869dc3881f574f,SO64682,33,TI-R982,1,33,94b225b5b1f09ecd5e8ecdfb681ff04c
16618,4eec6eda382b9c44e240ad4b4b5e9cc0,f75e5f8c15ca91ec5c869dc3881f574f,SO64682,4,TT-R982,1,4,94b225b5b1f09ecd5e8ecdfb681ff04c
16618,c83e871e48c2716e0f28e60d166a5c98,6a8d7e42bb852c45fbf8610361d391a0,SO72065,2,PK-7098,1,2,c4c454d69a39e60a6f5cf2f97148adad
16618,c83e871e48c2716e0f28e60d166a5c98,6a8d7e42bb852c45fbf8610361d391a0,SO72065,30,TI-M602,1,30,c4c454d69a39e60a6f5cf2f97148adad
16618,c83e871e48c2716e0f28e60d166a5c98,6a8d7e42bb852c45fbf8610361d391a0,SO72065,5,TT-M928,1,5,c4c454d69a39e60a6f5cf2f97148adad
16619,5efefff01843f5aa3f7d8a4d44b4bf2e,922d04aa1f67bbe0270bfad98508f43e,SO62532,30,TI-M602,1,30,db2f6a564b6f5f41253c68874b50962b
16619,ab2e81a99745ffff6c06e2be93290d1b,76e3c19dbb0dadc4c6dc771d856e4676,SO54108,105,HL-U509,3,105,1685ca8ff12ea83725a1c35e1d89c5cd
16619,ab2e81a99745ffff6c06e2be93290d1b,76e3c19dbb0dadc4c6dc771d856e4676,SO54108,33,TI-R982,1,33,1685ca8ff12ea83725a1c35e1d89c5cd
16620,545a3d56d20b22e09aa85bfa5ed8738d,31c99d724c1f182c60edb82eb4740277,SO72253,4590,BK-M68B-42,2,4590,a9cd7a99d71cca9cb644010050374ade
16620,545a3d56d20b22e09aa85bfa5ed8738d,31c99d724c1f182c60edb82eb4740277,SO72253,22,FE-6654,1,22,a9cd7a99d71cca9cb644010050374ade
16620,e1177aa92fd6f143803910e5ee60d40a,688f3e8d70a208f2fa540fbe4a53979e,SO43783,3578,BK-R93R-48,1,3578,fdf68f0ae4edf12f9c0572d684f6fb6b
16621,05e7920e8caf0303dc01b77666952b75,eea5b3bd1bd5d5c62a1d22f78d3ba263,SO66207,2,PK-7098,1,2,3a2f313512bb520c43971e54ba834dec
16621,05e7920e8caf0303dc01b77666952b75,eea5b3bd1bd5d5c62a1d22f78d3ba263,SO66207,30,TI-M602,1,30,3a2f313512bb520c43971e54ba834dec
16621,05e7920e8caf0303dc01b77666952b75,eea5b3bd1bd5d5c62a1d22f78d3ba263,SO66207,5,TT-M928,1,5,3a2f313512bb520c43971e54ba834dec
16621,eea5b3bd1bd5d5c62a1d22f78d3ba263,c87874400b9f907bdf9ea37d75a4b341,SO65461,33,TI-R982,1,33,a1fedb8f5f2e08543339a5f167bee6b7
16621,eea5b3bd1bd5d5c62a1d22f78d3ba263,c87874400b9f907bdf9ea37d75a4b341,SO65461,4,TT-R982,1,4,a1fedb8f5f2e08543339a5f167bee6b7
16622,6a373d2281ba1487d83680f65dd6e6d0,2fb09097185e604aaadbfde958fd6262,SO74969,105,HL-U509,3,105,8592725b85eec4822018b8728dd5b88d
16622,6a373d2281ba1487d83680f65dd6e6d0,2fb09097185e604aaadbfde958fd6262,SO74969,30,TI-M602,1,30,8592725b85eec4822018b8728dd5b88d
16622,6a373d2281ba1487d83680f65dd6e6d0,2fb09097185e604aaadbfde958fd6262,SO74969,5,TT-M928,1,5,8592725b85eec4822018b8728dd5b88d
16622,abe94c2111c58e9c9672602d41bce66e,0149f124a48640c62d90840ac5760331,SO64121,33,TI-R982,1,33,99b7e934795a93975a5e0c0b9b57d9ba
16622,abe94c2111c58e9c9672602d41bce66e,0149f124a48640c62d90840ac5760331,SO64121,4,TT-R982,1,4,99b7e934795a93975a5e0c0b9b57d9ba
16623,41ef6b06b63ba4f6a5234245a439b157,c4c454d69a39e60a6f5cf2f97148adad,SO72624,4640,BK-M68S-46,2,4640,545a3d56d20b22e09aa85bfa5ed8738d
16623,41ef6b06b63ba4f6a5234245a439b157,c4c454d69a39e60a6f5cf2f97148adad,SO72624,105,HL-U509,3,105,545a3d56d20b22e09aa85bfa5ed8738d
16623,41ef6b06b63ba4f6a5234245a439b157,c4c454d69a39e60a6f5cf2f97148adad,SO72624,35,TI-M823,1,35,545a3d56d20b22e09aa85bfa5ed8738d
16623,41ef6b06b63ba4f6a5234245a439b157,c4c454d69a39e60a6f5cf2f97148adad,SO72624,5,TT-M928,1,5,545a3d56d20b22e09aa85bfa5ed8738d
16623,74f564dd4fda69d37ab2cd85932679fc,8f50e1ce468e1998aca6615f10c9f044,SO43792,3578,BK-R93R-48,1,3578,9effb9136439084df69d3197f50eb040
16624,1d0cd3f4d344a14526f6b36b1240748e,d52ca0bab7dda5183154411910401691,SO43703,3578,BK-R93R-62,1,3578,20c1dd9f3b9a28a0588112859bcaf3dd
16624,9795c57676ee8b8b6ba9a6f9014a520b,c5ed53572c667b119dde2fc0f54de602,SO73763,4640,BK-M68S-46,2,4640,b0950d12c62d3aeda81b2e8d06f2aef4
16624,9795c57676ee8b8b6ba9a6f9014a520b,c5ed53572c667b119dde2fc0f54de602,SO73763,35,TI-M823,1,35,b0950d12c62d3aeda81b2e8d06f2aef4
16624,9795c57676ee8b8b6ba9a6f9014a520b,c5ed53572c667b119dde2fc0f54de602,SO73763,5,TT-M928,1,5,b0950d12c62d3aeda81b2e8d06f2aef4
16625,0d15ba5aa4c9ad0377b26e0cf7a86280,b21e833d3ead6056f1265f13fe1ff015,SO61433,8,CL-9009,1,8,4a70a3ec50fd16032883bf6fc79c55dd
16625,0d15ba5aa4c9ad0377b26e0cf7a86280,b21e833d3ead6056f1265f13fe1ff015,SO61433,2,PK-7098,1,2,4a70a3ec50fd16032883bf6fc79c55dd
16625,0d15ba5aa4c9ad0377b26e0cf7a86280,b21e833d3ead6056f1265f13fe1ff015,SO61433,30,TI-M602,1,30,4a70a3ec50fd16032883bf6fc79c55dd
16625,0d15ba5aa4c9ad0377b26e0cf7a86280,b21e833d3ead6056f1265f13fe1ff015,SO61433,5,TT-M928,1,5,4a70a3ec50fd16032883bf6fc79c55dd
16625,4ceff7612cfa4420892fe23b23ca9265,5691ac18f59a9af20f9d8703772afbba,SO56551,33,TI-R982,1,33,089c2a426c196c5ca5facb20896c90bb
16625,4ceff7612cfa4420892fe23b23ca9265,5691ac18f59a9af20f9d8703772afbba,SO56551,4,TT-R982,1,4,089c2a426c196c5ca5facb20896c90bb
16626,174acf6ca4e9804d47a59a499422e621,5abaefcc8525a8f4cfd95cba9e926532,SO58291,30,TI-M602,1,30,eba6cab7267f82e3b2a063d5ea445bb9
16626,174acf6ca4e9804d47a59a499422e621,5abaefcc8525a8f4cfd95cba9e926532,SO58291,5,TT-M928,1,5,eba6cab7267f82e3b2a063d5ea445bb9
16626,51c449e55b4a63a16fb45beb689150d5,18bea060239713ee5f865109f63f3a8a,SO53627,33,TI-R982,1,33,714597fe9448176d17876617114a65bc
16626,51c449e55b4a63a16fb45beb689150d5,18bea060239713ee5f865109f63f3a8a,SO53627,4,TT-R982,1,4,714597fe9448176d17876617114a65bc
16627,4ddc8821c34bceaf3dba4a18741acca3,af1457846a79173ef71dd9d5dd69805a,SO61109,2,PK-7098,1,2,2d6e054ac82934d489c58cc8399a1628
16627,4ddc8821c34bceaf3dba4a18741acca3,af1457846a79173ef71dd9d5dd69805a,SO61109,33,TI-R982,1,33,2d6e054ac82934d489c58cc8399a1628
16627,deff8ad81a213d1110c1f409a7f40fcd,b8cc77f0099ae7d3a20b9f0b74d70b12,SO52781,30,TI-M602,1,30,f04e53711455521533f4c5ed7dcaa287
16628,07b7d2aed13a63a16377587dcc0abbe8,02b96ab6e0935145589be4e1408a1675,SO66089,120,RA-H123,1,120,6866da5d40f1aad2d82129d5ffa25bda
16628,07b7d2aed13a63a16377587dcc0abbe8,02b96ab6e0935145589be4e1408a1675,SO66089,33,TI-R982,1,33,6866da5d40f1aad2d82129d5ffa25bda
16628,1ba7e8cdf85da6cf5e11554703236b52,9592b44e2c3f304a9875f45537bec6eb,SO73644,30,TI-M602,1,30,4c6ed4daa82e7326b84c24f4c2ae7064
16628,1ba7e8cdf85da6cf5e11554703236b52,9592b44e2c3f304a9875f45537bec6eb,SO73644,5,TT-M928,1,5,4c6ed4daa82e7326b84c24f4c2ae7064
16629,688f3e8d70a208f2fa540fbe4a53979e,20c1dd9f3b9a28a0588112859bcaf3dd,SO43731,3578,BK-R93R-56,1,3578,bd0ae680b4a62b8b5bdab83f032b2284
16629,9592b44e2c3f304a9875f45537bec6eb,a9cd7a99d71cca9cb644010050374ade,SO72774,4640,BK-M68S-38,2,4640,b2ce0ef2540789e8a6976165b6c917d8
16629,9592b44e2c3f304a9875f45537bec6eb,a9cd7a99d71cca9cb644010050374ade,SO72774,35,TI-M823,1,35,b2ce0ef2540789e8a6976165b6c917d8
16630,0d1574b7622bdd9b2ec0b9869608d4cb,d8b441941a26e6828acf8cdaf0d6084e,SO43842,3578,BK-R93R-48,1,3578,87553261d36dba5a0bbb0f1d4027c7b7
16630,b2ce0ef2540789e8a6976165b6c917d8,128ee9ff420de424a605a0ee4a6f7916,SO72416,4640,BK-M68S-42,2,4640,dcf73f840a50da0145f24e8e0169dc4b
16630,b2ce0ef2540789e8a6976165b6c917d8,128ee9ff420de424a605a0ee4a6f7916,SO72416,105,HL-U509-B,3,105,dcf73f840a50da0145f24e8e0169dc4b
16630,b2ce0ef2540789e8a6976165b6c917d8,128ee9ff420de424a605a0ee4a6f7916,SO72416,35,TI-M823,1,35,dcf73f840a50da0145f24e8e0169dc4b
16630,b2ce0ef2540789e8a6976165b6c917d8,128ee9ff420de424a605a0ee4a6f7916,SO72416,5,TT-M928,1,5,dcf73f840a50da0145f24e8e0169dc4b
16631,1ba7e8cdf85da6cf5e11554703236b52,9592b44e2c3f304a9875f45537bec6eb,SO73692,4640,BK-M68S-42,2,4640,4c6ed4daa82e7326b84c24f4c2ae7064
16631,1ba7e8cdf85da6cf5e11554703236b52,9592b44e2c3f304a9875f45537bec6eb,SO73692,2,PK-7098,1,2,4c6ed4daa82e7326b84c24f4c2ae7064
16631,5fe5d9c2e4271c97cde82ca667158d56,5d86cf50673484650827265c9f4ddfb2,SO43744,3578,BK-R93R-52,1,3578,8b2e1fff3ce3e2505a49fe7473894072
16632,f46ace11e93788e473124f7be16a19d5,5c741aa8e0753be65314a304e7b39c14,SO62754,30,TI-M602,1,30,4555f65c4664801d78b9f5477f89d8fd
16632,fe1fd19c021e78ec395980c2e347865e,16e364d19895243407b256ec272d5394,SO68347,2,PK-7098,1,2,63efdd3324df66c9965bd622cdebe06a
16632,fe1fd19c021e78ec395980c2e347865e,16e364d19895243407b256ec272d5394,SO68347,33,TI-R982,1,33,63efdd3324df66c9965bd622cdebe06a
16632,fe1fd19c021e78ec395980c2e347865e,16e364d19895243407b256ec272d5394,SO68347,4,TT-R982,1,4,63efdd3324df66c9965bd622cdebe06a
16633,4555f65c4664801d78b9f5477f89d8fd,7ee641303ef8d8b10d0ed00a060c73cc,SO62479,105,HL-U509-B,3,105,94c60e0b5e2b0f78b919a5d4c67d70a2
16633,4555f65c4664801d78b9f5477f89d8fd,7ee641303ef8d8b10d0ed00a060c73cc,SO62479,33,TI-R982,1,33,94c60e0b5e2b0f78b919a5d4c67d70a2
16633,4555f65c4664801d78b9f5477f89d8fd,7ee641303ef8d8b10d0ed00a060c73cc,SO62479,4,TT-R982,1,4,94c60e0b5e2b0f78b919a5d4c67d70a2
16633,d612b5fb3f6011688fb0c9927693365a,3e107cd1554225ea3056ed5010adce90,SO74368,30,TI-M602,1,30,a1e59736d286765313b8212467dc64b2
16634,175a5d217fad85df9f6639d7ced1e5d9,511572e8a25e86c2f48ae9e6d73a1e6a,SO68896,105,HL-U509,3,105,66e56e10b0f528b66a45e307ecdf4774
16634,175a5d217fad85df9f6639d7ced1e5d9,511572e8a25e86c2f48ae9e6d73a1e6a,SO68896,33,TI-R982,1,33,66e56e10b0f528b66a45e307ecdf4774
16634,175a5d217fad85df9f6639d7ced1e5d9,511572e8a25e86c2f48ae9e6d73a1e6a,SO68896,4,TT-R982,1,4,66e56e10b0f528b66a45e307ecdf4774
16634,e2f0a420a4c1a9e8e292761f835e0489,4eec6eda382b9c44e240ad4b4b5e9cc0,SO65565,30,TI-M602,1,30,9d934f91c460e9947414d00048f2fa36
16634,e2f0a420a4c1a9e8e292761f835e0489,4eec6eda382b9c44e240ad4b4b5e9cc0,SO65565,5,TT-M928,1,5,9d934f91c460e9947414d00048f2fa36
16635,838eec1f117f2cab9e9c306f7efbff28,13b7c2277967bc61802018c764b5b2a0,SO74874,8,CL-9009,1,8,9a027fc72b503940a96d5137762a263e
16635,838eec1f117f2cab9e9c306f7efbff28,13b7c2277967bc61802018c764b5b2a0,SO74874,48,GL-H102-L,2,48,9a027fc72b503940a96d5137762a263e
16635,838eec1f117f2cab9e9c306f7efbff28,13b7c2277967bc61802018c764b5b2a0,SO74874,55,HY-1023-70,1,55,9a027fc72b503940a96d5137762a263e
16635,838eec1f117f2cab9e9c306f7efbff28,13b7c2277967bc61802018c764b5b2a0,SO74874,30,TI-M602,1,30,9a027fc72b503940a96d5137762a263e
16635,838eec1f117f2cab9e9c306f7efbff28,13b7c2277967bc61802018c764b5b2a0,SO74874,5,TT-M928,1,5,9a027fc72b503940a96d5137762a263e
16635,fda052162862bb845297063fd71a580c,1678083e7ff90bd404baad3f60bffa37,SO56387,2,PK-7098,1,2,a2c49941411089cb2a9cbf78cb803c26
16635,fda052162862bb845297063fd71a580c,1678083e7ff90bd404baad3f60bffa37,SO56387,33,TI-R982,1,33,a2c49941411089cb2a9cbf78cb803c26
16635,fda052162862bb845297063fd71a580c,1678083e7ff90bd404baad3f60bffa37,SO56387,4,TT-R982,1,4,a2c49941411089cb2a9cbf78cb803c26
16636,9592b44e2c3f304a9875f45537bec6eb,a9cd7a99d71cca9cb644010050374ade,SO72775,4590,BK-M68B-38,2,4590,b2ce0ef2540789e8a6976165b6c917d8
16636,9592b44e2c3f304a9875f45537bec6eb,a9cd7a99d71cca9cb644010050374ade,SO72775,48,GL-H102-M,2,48,b2ce0ef2540789e8a6976165b6c917d8
16636,9592b44e2c3f304a9875f45537bec6eb,a9cd7a99d71cca9cb644010050374ade,SO72775,105,HL-U509-R,3,105,b2ce0ef2540789e8a6976165b6c917d8
16636,b47e9c83e7be8d53bdb2baa76353f95d,8bb6e395a61f435871f799e706173295,SO43799,3578,BK-R93R-48,1,3578,c9c758d55bdf03ac0820bdda8c88e7f9
16637,86e0fc464cbb08ae74bd039224afec9a,38c9e5d1e366b4c5c36aae682bc960c4,SO72708,4640,BK-M68S-38,2,4640,8920fd63645007b243abb750709b1172
16637,86e0fc464cbb08ae74bd039224afec9a,38c9e5d1e366b4c5c36aae682bc960c4,SO72708,2,PK-7098,1,2,8920fd63645007b243abb750709b1172
16637,aa23a148fd157c87970b5fa9079424f9,431cc1626e28e1bbd4e7b7eb7efcecec,SO44052,3578,BK-R93R-56,1,3578,98c729ba235458f3bd79313db6be8db6
16638,22db51e448053c41a0b54d56c61806bc,c5b6ac945db87cf50d20426452434c3a,SO43992,3578,BK-R93R-44,1,3578,ed14ee5e1bd1ca02f415796fc3f09c6a
16638,88077cf01a3e17831c2d0bcca5897c5b,95a2a9aefc393f8630e934768cacf4cd,SO73075,4640,BK-M68S-42,2,4640,86e0fc464cbb08ae74bd039224afec9a
16638,88077cf01a3e17831c2d0bcca5897c5b,95a2a9aefc393f8630e934768cacf4cd,SO73075,22,FE-6654,1,22,86e0fc464cbb08ae74bd039224afec9a
16638,88077cf01a3e17831c2d0bcca5897c5b,95a2a9aefc393f8630e934768cacf4cd,SO73075,54,SJ-0194-M,1,54,86e0fc464cbb08ae74bd039224afec9a
16639,43e2cc7ff261723f93f64f3f7e9faa8d,a6f2945baeceeef4c8d541a22f6e99e9,SO73470,10,BC-M005,1,10,88077cf01a3e17831c2d0bcca5897c5b
16639,43e2cc7ff261723f93f64f3f7e9faa8d,a6f2945baeceeef4c8d541a22f6e99e9,SO73470,4640,BK-M68S-42,2,4640,88077cf01a3e17831c2d0bcca5897c5b
16639,93eed705e4cb42d159d4aadc9a0a8461,87553261d36dba5a0bbb0f1d4027c7b7,SO43952,3578,BK-R93R-48,1,3578,d42ff2e8dfbd670b0e4f7cdb4eb2a548
16640,60b901e6d879ccf3b3246e54133acee5,01e8942a5792053a553c4612bd6c06a6,SO75065,33,TI-R982,1,33,021d7f51f97fea2b23b069288066b34d
16640,fda052162862bb845297063fd71a580c,1678083e7ff90bd404baad3f60bffa37,SO56381,105,HL-U509-R,3,105,a2c49941411089cb2a9cbf78cb803c26
16640,fda052162862bb845297063fd71a580c,1678083e7ff90bd404baad3f60bffa37,SO56381,30,TI-M602,1,30,a2c49941411089cb2a9cbf78cb803c26
16640,fda052162862bb845297063fd71a580c,1678083e7ff90bd404baad3f60bffa37,SO56381,5,TT-M928,1,5,a2c49941411089cb2a9cbf78cb803c26
16641,83d1ed00595e79ee5ea3797e97970fe8,fe1fd19c021e78ec395980c2e347865e,SO69218,10,BC-M005,1,10,705fa39ab40831529471c768490339ab
16641,83d1ed00595e79ee5ea3797e97970fe8,fe1fd19c021e78ec395980c2e347865e,SO69218,4590,BK-M68B-38,2,4590,705fa39ab40831529471c768490339ab
16641,83d1ed00595e79ee5ea3797e97970fe8,fe1fd19c021e78ec395980c2e347865e,SO69218,22,FE-6654,1,22,705fa39ab40831529471c768490339ab
16641,83d1ed00595e79ee5ea3797e97970fe8,fe1fd19c021e78ec395980c2e347865e,SO69218,48,GL-H102-S,2,48,705fa39ab40831529471c768490339ab
16641,83d1ed00595e79ee5ea3797e97970fe8,fe1fd19c021e78ec395980c2e347865e,SO69218,105,HL-U509-R,3,105,705fa39ab40831529471c768490339ab
16641,83d1ed00595e79ee5ea3797e97970fe8,fe1fd19c021e78ec395980c2e347865e,SO69218,5,WB-H098,1,5,705fa39ab40831529471c768490339ab
16642,c4c454d69a39e60a6f5cf2f97148adad,49fce086a31f1cfcf16b54e462f7cbc0,SO71583,105,HL-U509,3,105,31c99d724c1f182c60edb82eb4740277
16642,c4c454d69a39e60a6f5cf2f97148adad,49fce086a31f1cfcf16b54e462f7cbc0,SO71583,5,WB-H098,1,5,31c99d724c1f182c60edb82eb4740277
16643,1678083e7ff90bd404baad3f60bffa37,7b0730955172ecda497d7cca6b1d87a1,SO55783,22,FE-6654,1,22,73a69a5c77a7d23172e54d7ce07a638e
16643,1678083e7ff90bd404baad3f60bffa37,7b0730955172ecda497d7cca6b1d87a1,SO55783,105,HL-U509-B,3,105,73a69a5c77a7d23172e54d7ce07a638e
16643,3fbd0407b55d3a3da21388a2ddbf881c,ab4946738415af86b5e3cee69b13301f,SO57919,70,SH-W890-M,1,70,5abaefcc8525a8f4cfd95cba9e926532
16644,870bd4f3713260418e4f342f31dc7e33,94c60e0b5e2b0f78b919a5d4c67d70a2,SO62902,5,WB-H098,1,5,2fe1a028f9398deb2efcd536c8246fae
16645,511572e8a25e86c2f48ae9e6d73a1e6a,8e8847c1bdf012037ee13bb62da8a5c1,SO68132,4640,BK-M68S-42,2,4640,691ad1b0dca3643b923973defd014d47
16645,511572e8a25e86c2f48ae9e6d73a1e6a,8e8847c1bdf012037ee13bb62da8a5c1,SO68132,2,PK-7098,1,2,691ad1b0dca3643b923973defd014d47
16645,511572e8a25e86c2f48ae9e6d73a1e6a,8e8847c1bdf012037ee13bb62da8a5c1,SO68132,35,TI-M823,1,35,691ad1b0dca3643b923973defd014d47
16646,9795c57676ee8b8b6ba9a6f9014a520b,c5ed53572c667b119dde2fc0f54de602,SO73742,27,CA-1098,3,27,b0950d12c62d3aeda81b2e8d06f2aef4
16646,9795c57676ee8b8b6ba9a6f9014a520b,c5ed53572c667b119dde2fc0f54de602,SO73742,150,LJ-0192-S,3,150,b0950d12c62d3aeda81b2e8d06f2aef4
16646,9795c57676ee8b8b6ba9a6f9014a520b,c5ed53572c667b119dde2fc0f54de602,SO73742,70,SH-W890-M,1,70,b0950d12c62d3aeda81b2e8d06f2aef4
16646,99c8f306659fd98cbb9d7f03ec0c2a7a,705fa39ab40831529471c768490339ab,SO69908,10,BC-M005,1,10,fff3c307c93eda1eb91d53ca588846fe
16646,99c8f306659fd98cbb9d7f03ec0c2a7a,705fa39ab40831529471c768490339ab,SO69908,22,FE-6654,1,22,fff3c307c93eda1eb91d53ca588846fe
16646,99c8f306659fd98cbb9d7f03ec0c2a7a,705fa39ab40831529471c768490339ab,SO69908,105,HL-U509-R,3,105,fff3c307c93eda1eb91d53ca588846fe
16646,99c8f306659fd98cbb9d7f03ec0c2a7a,705fa39ab40831529471c768490339ab,SO69908,150,LJ-0192-L,3,150,fff3c307c93eda1eb91d53ca588846fe
16646,99c8f306659fd98cbb9d7f03ec0c2a7a,705fa39ab40831529471c768490339ab,SO69908,5,WB-H098,1,5,fff3c307c93eda1eb91d53ca588846fe
16647,f88b3743a9ce1f9455b6de69380b486a,64cadfde6f66bc25043d0d69f5ae5471,SO66599,150,LJ-0192-X,3,150,3dc63b2d6dcc8f0b6720b06b5439a0b1
16647,f88b3743a9ce1f9455b6de69380b486a,64cadfde6f66bc25043d0d69f5ae5471,SO66599,5,WB-H098,1,5,3dc63b2d6dcc8f0b6720b06b5439a0b1
16648,9592b44e2c3f304a9875f45537bec6eb,a9cd7a99d71cca9cb644010050374ade,SO72750,2,PK-7098,1,2,b2ce0ef2540789e8a6976165b6c917d8
16648,9592b44e2c3f304a9875f45537bec6eb,a9cd7a99d71cca9cb644010050374ade,SO72750,5,WB-H098,1,5,b2ce0ef2540789e8a6976165b6c917d8
16649,16e364d19895243407b256ec272d5394,4004a117f65dfd3221a9cce8fce5a45f,SO67614,10,BC-M005,1,10,7acd252f45ad6fe668386456a673d543
16649,16e364d19895243407b256ec272d5394,4004a117f65dfd3221a9cce8fce5a45f,SO67614,27,CA-1098,3,27,7acd252f45ad6fe668386456a673d543
16649,16e364d19895243407b256ec272d5394,4004a117f65dfd3221a9cce8fce5a45f,SO67614,22,FE-6654,1,22,7acd252f45ad6fe668386456a673d543
16649,16e364d19895243407b256ec272d5394,4004a117f65dfd3221a9cce8fce5a45f,SO67614,5,WB-H098,1,5,7acd252f45ad6fe668386456a673d543
16649,9795c57676ee8b8b6ba9a6f9014a520b,c5ed53572c667b119dde2fc0f54de602,SO73741,70,SH-W890-M,1,70,b0950d12c62d3aeda81b2e8d06f2aef4
16650,86bfb8ffc7a79e52d833cedce4d275bf,962bae2fb03296a3b9cacabfa929322c,SO70189,5,WB-H098,1,5,ec24e4cf9fcc90f3bbe81b2fb3735c21
16651,128ee9ff420de424a605a0ee4a6f7916,fee8e08233f3f00450bce31967abb0f1,SO71379,27,CA-1098,3,27,2797a91b25bc2aa85124c99bc574dc83
16651,128ee9ff420de424a605a0ee4a6f7916,fee8e08233f3f00450bce31967abb0f1,SO71379,5,WB-H098,1,5,2797a91b25bc2aa85124c99bc574dc83
16652,16918840d98f27ce45948fe73dd5592f,04dbdf67bb8714ba18c9c36d50d1f5dc,SO62718,105,HL-U509-R,3,105,95103530881768b5cfc7e33970db9cd7
16652,16918840d98f27ce45948fe73dd5592f,04dbdf67bb8714ba18c9c36d50d1f5dc,SO62718,9,SO-R809-L,1,9,95103530881768b5cfc7e33970db9cd7
16652,16918840d98f27ce45948fe73dd5592f,04dbdf67bb8714ba18c9c36d50d1f5dc,SO62718,5,TT-M928,1,5,95103530881768b5cfc7e33970db9cd7
16653,63efdd3324df66c9965bd622cdebe06a,7acd252f45ad6fe668386456a673d543,SO68063,4590,BK-M68B-46,2,4590,6e32728b966bb91cefefa1316da21ca8
16653,63efdd3324df66c9965bd622cdebe06a,7acd252f45ad6fe668386456a673d543,SO68063,22,FE-6654,1,22,6e32728b966bb91cefefa1316da21ca8
16653,63efdd3324df66c9965bd622cdebe06a,7acd252f45ad6fe668386456a673d543,SO68063,55,HY-1023-70,1,55,6e32728b966bb91cefefa1316da21ca8
16653,63efdd3324df66c9965bd622cdebe06a,7acd252f45ad6fe668386456a673d543,SO68063,35,TI-M823,1,35,6e32728b966bb91cefefa1316da21ca8
16653,63efdd3324df66c9965bd622cdebe06a,7acd252f45ad6fe668386456a673d543,SO68063,5,TT-M928,1,5,6e32728b966bb91cefefa1316da21ca8
16654,23bd9a9b90557e9da7babfb8e3d2df22,b210069485754303767745919c328b97,SO63793,10,BC-M005,1,10,a946e75bc65318721cd1e01162d392dd
16654,23bd9a9b90557e9da7babfb8e3d2df22,b210069485754303767745919c328b97,SO63793,4590,BK-M68B-42,2,4590,a946e75bc65318721cd1e01162d392dd
16654,41464bd548f06ca845208f69df30ac82,15aceb75d86814cb479f1b1a9487c3d4,SO53711,742,BK-T18U-50,1,742,3e48b2167bd86ef570e46d0b286c4f74
16654,41464bd548f06ca845208f69df30ac82,15aceb75d86814cb479f1b1a9487c3d4,SO53711,27,CA-1098,3,27,3e48b2167bd86ef570e46d0b286c4f74
16655,3dc63b2d6dcc8f0b6720b06b5439a0b1,8d1d4829b2e801ba4e41ba48f5a549d4,SO66287,105,HL-U509-B,3,105,6ef7b4bb93d4e54234cf965ed2334682
16655,3dc63b2d6dcc8f0b6720b06b5439a0b1,8d1d4829b2e801ba4e41ba48f5a549d4,SO66287,5,WB-H098,1,5,6ef7b4bb93d4e54234cf965ed2334682
16656,5b2e258a90271b858fa32867ebccdae6,85e7a76ab1d6d23e87ea418480d5ffe2,SO44072,3578,BK-R93R-44,1,3578,07074f83c23833dcaa105e1acf3c3b98
16656,b0950d12c62d3aeda81b2e8d06f2aef4,e366e24b8ad0b1107528f2f58cd15a81,SO73384,4590,BK-M68B-38,2,4590,a048b8d5f3f9178f163e2be055f0138b
16656,b0950d12c62d3aeda81b2e8d06f2aef4,e366e24b8ad0b1107528f2f58cd15a81,SO73384,22,FE-6654,1,22,a048b8d5f3f9178f163e2be055f0138b
16656,b0950d12c62d3aeda81b2e8d06f2aef4,e366e24b8ad0b1107528f2f58cd15a81,SO73384,105,HL-U509,3,105,a048b8d5f3f9178f163e2be055f0138b
16657,7b6f06e56a619445069388ba47da6fd8,052bef40cf5de65502f816e08746e64c,SO43971,3578,BK-R93R-56,1,3578,d7c0b05cc309d4516231ccf0d3417744
16657,e366e24b8ad0b1107528f2f58cd15a81,921bc92a493b53f98f24e6a8a12801be,SO72484,4640,BK-M68S-38,2,4640,c83e871e48c2716e0f28e60d166a5c98
16657,e366e24b8ad0b1107528f2f58cd15a81,921bc92a493b53f98f24e6a8a12801be,SO72484,2,PK-7098,1,2,c83e871e48c2716e0f28e60d166a5c98
16658,595e2f03af2122e9bce5fe0fff67d39e,0215d13a3368541a5d2965db89d41de3,SO43958,3578,BK-R93R-48,1,3578,07d38a7203ab5925667e754d788a14f6
16658,88077cf01a3e17831c2d0bcca5897c5b,95a2a9aefc393f8630e934768cacf4cd,SO73074,4590,BK-M68B-46,2,4590,86e0fc464cbb08ae74bd039224afec9a
16659,86e0fc464cbb08ae74bd039224afec9a,38c9e5d1e366b4c5c36aae682bc960c4,SO72700,4590,BK-M68B-42,2,4590,8920fd63645007b243abb750709b1172
16659,c0ac3608147bb8f049e395b41577e2e4,b6bbe024fcbfd670a10e8dec3cd187f9,SO43939,3578,BK-R93R-48,1,3578,0d1574b7622bdd9b2ec0b9869608d4cb
16660,22db51e448053c41a0b54d56c61806bc,c5b6ac945db87cf50d20426452434c3a,SO43991,3578,BK-R93R-62,1,3578,ed14ee5e1bd1ca02f415796fc3f09c6a
16660,aa14ddbc43aa2d3be1e6ac019bb7b5bc,dcf73f840a50da0145f24e8e0169dc4b,SO72914,4640,BK-M68S-46,2,4640,a6f2945baeceeef4c8d541a22f6e99e9
16661,86e0fc464cbb08ae74bd039224afec9a,38c9e5d1e366b4c5c36aae682bc960c4,SO72701,4590,BK-M68B-38,2,4590,8920fd63645007b243abb750709b1172
16661,86e0fc464cbb08ae74bd039224afec9a,38c9e5d1e366b4c5c36aae682bc960c4,SO72701,105,HL-U509-R,3,105,8920fd63645007b243abb750709b1172
16661,d42ff2e8dfbd670b0e4f7cdb4eb2a548,e1177aa92fd6f143803910e5ee60d40a,SO43925,3578,BK-R93R-56,1,3578,0215d13a3368541a5d2965db89d41de3
16662,b2e85aa5f9c095607e638c7e6e2c694b,3500da16b6d3d0da611bc08c2b1e1c05,SO51507,769,BK-M38S-46,1,769,88f50aa0771fa4f938f7b54792e066c8
16662,b2e85aa5f9c095607e638c7e6e2c694b,3500da16b6d3d0da611bc08c2b1e1c05,SO51507,8,CL-9009,1,8,88f50aa0771fa4f938f7b54792e066c8
16662,c5b6ac945db87cf50d20426452434c3a,74f564dd4fda69d37ab2cd85932679fc,SO43927,3578,BK-R93R-56,1,3578,86088cdbc16fb0d5afd262a9b229fed2
16663,072bf847aeeee970f66483e596496cd9,cfceb7490eff6e660974507be7c579c6,SO52660,769,BK-M38S-46,1,769,dca79d69a6b38e95c4b03bfab997796c
16663,072bf847aeeee970f66483e596496cd9,cfceb7490eff6e660974507be7c579c6,SO52660,70,SH-W890-M,1,70,dca79d69a6b38e95c4b03bfab997796c
16663,072bf847aeeee970f66483e596496cd9,cfceb7490eff6e660974507be7c579c6,SO52660,54,SJ-0194-X,1,54,dca79d69a6b38e95c4b03bfab997796c
16663,aa79d369c30c2b1258b3d47e8c10d56a,ed14ee5e1bd1ca02f415796fc3f09c6a,SO44024,3578,BK-R93R-56,1,3578,72571bd90824be952816cc46cf59d536
16664,855bbdd661d21a89b7ae61eaea270f2c,0605970f0e23f47a1e2af81a5f9bc913,SO43981,3578,BK-R93R-56,1,3578,bc711710f4e4dd1cfeafbccb182790a0
16664,db2b287636ac5ebda430de4f3f643b24,7af7abc5e37d5fa2e2334b4fec2584e2,SO52014,769,BK-M38S-40,1,769,bee2b842cd357511cf4c8e509f5af192
16664,db2b287636ac5ebda430de4f3f643b24,7af7abc5e37d5fa2e2334b4fec2584e2,SO52014,30,TI-M602,1,30,bee2b842cd357511cf4c8e509f5af192
16665,331afa0aff1b1cfbf3d24944ab38c9d2,c885741a5e3e55c84950327011b70289,SO69668,2,PK-7098,1,2,962bae2fb03296a3b9cacabfa929322c
16665,331afa0aff1b1cfbf3d24944ab38c9d2,c885741a5e3e55c84950327011b70289,SO69668,33,TI-R982,1,33,962bae2fb03296a3b9cacabfa929322c
16665,331afa0aff1b1cfbf3d24944ab38c9d2,c885741a5e3e55c84950327011b70289,SO69668,4,TT-R982,1,4,962bae2fb03296a3b9cacabfa929322c
16665,cd15e5f80ff20dd345bfaa51400dd0d6,3a2f313512bb520c43971e54ba834dec,SO66645,8,CL-9009,1,8,4efe8b2ca156042f8a3d8dd6aba54520
16665,cd15e5f80ff20dd345bfaa51400dd0d6,3a2f313512bb520c43971e54ba834dec,SO66645,30,TI-M602,1,30,4efe8b2ca156042f8a3d8dd6aba54520
16665,cd15e5f80ff20dd345bfaa51400dd0d6,3a2f313512bb520c43971e54ba834dec,SO66645,5,TT-M928,1,5,4efe8b2ca156042f8a3d8dd6aba54520
16666,b210069485754303767745919c328b97,305c66634c155cab2b5cc3ce00351eb1,SO62847,22,FE-6654,1,22,5efefff01843f5aa3f7d8a4d44b4bf2e
16666,b210069485754303767745919c328b97,305c66634c155cab2b5cc3ce00351eb1,SO62847,48,GL-H102-M,2,48,5efefff01843f5aa3f7d8a4d44b4bf2e
16666,b210069485754303767745919c328b97,305c66634c155cab2b5cc3ce00351eb1,SO62847,105,HL-U509-B,3,105,5efefff01843f5aa3f7d8a4d44b4bf2e
16666,dca79d69a6b38e95c4b03bfab997796c,e5bf4a4a03e320ed76cf2ca68fa5b4c0,SO52385,70,SH-W890-S,1,70,9f79f7706bc6a7654ef0b8977966f69a
16666,dca79d69a6b38e95c4b03bfab997796c,e5bf4a4a03e320ed76cf2ca68fa5b4c0,SO52385,54,SJ-0194-S,1,54,9f79f7706bc6a7654ef0b8977966f69a
16667,348f48807f500aeac729fb17d9bc97f1,5072507e949a2c25948a591c4da194e1,SO60475,10,BC-M005,1,10,f108e0cd2f96a0c22086f9d45ee08f19
16667,36ab6f1df21f3c9a169c8942e981959a,058af5b2a408d57b708367e5bf4e9d9c,SO67653,8,CL-9009,1,8,8e8847c1bdf012037ee13bb62da8a5c1
16667,36ab6f1df21f3c9a169c8942e981959a,058af5b2a408d57b708367e5bf4e9d9c,SO67653,2,PK-7098,1,2,8e8847c1bdf012037ee13bb62da8a5c1
16667,838eec1f117f2cab9e9c306f7efbff28,13b7c2277967bc61802018c764b5b2a0,SO74912,22,FE-6654,1,22,9a027fc72b503940a96d5137762a263e
16667,838eec1f117f2cab9e9c306f7efbff28,13b7c2277967bc61802018c764b5b2a0,SO74912,2,PK-7098,1,2,9a027fc72b503940a96d5137762a263e
16667,fff3c307c93eda1eb91d53ca588846fe,4584ca349e0920f4436a3c2f36158b85,SO69328,21,TI-R092,1,21,70951886788165a5e2439adfce4d0cce
16668,4ceff7612cfa4420892fe23b23ca9265,5691ac18f59a9af20f9d8703772afbba,SO56590,9,BC-R205,1,9,089c2a426c196c5ca5facb20896c90bb
16668,4ceff7612cfa4420892fe23b23ca9265,5691ac18f59a9af20f9d8703772afbba,SO56590,540,BK-R19B-52,1,540,089c2a426c196c5ca5facb20896c90bb
16668,4ceff7612cfa4420892fe23b23ca9265,5691ac18f59a9af20f9d8703772afbba,SO56590,54,SJ-0194-S,1,54,089c2a426c196c5ca5facb20896c90bb
16668,4ceff7612cfa4420892fe23b23ca9265,5691ac18f59a9af20f9d8703772afbba,SO56590,5,WB-H098,1,5,089c2a426c196c5ca5facb20896c90bb
16669,99c8f306659fd98cbb9d7f03ec0c2a7a,705fa39ab40831529471c768490339ab,SO69892,5,WB-H098,1,5,fff3c307c93eda1eb91d53ca588846fe
16670,6eaadc1181f307997dc853d9ed40db36,0814775cfc25da756a9b4197347ab771,SO58518,4886,BK-R89R-58,2,4886,4dbf892d41ae205f6e36838031cff786
16670,6eaadc1181f307997dc853d9ed40db36,0814775cfc25da756a9b4197347ab771,SO58518,105,HL-U509,3,105,4dbf892d41ae205f6e36838031cff786
16671,a048b8d5f3f9178f163e2be055f0138b,c83e871e48c2716e0f28e60d166a5c98,SO72987,5,WB-H098,1,5,41ef6b06b63ba4f6a5234245a439b157
16672,39ff8ac1e8a44088f96e17b846ec8baf,9a95fdf4e925d9cbd65f87b5aa4ac212,SO60400,2,PK-7098,1,2,c926349b55a58d87d7d5008c349fd1e9
16672,39ff8ac1e8a44088f96e17b846ec8baf,9a95fdf4e925d9cbd65f87b5aa4ac212,SO60400,5,WB-H098,1,5,c926349b55a58d87d7d5008c349fd1e9
16673,4ddc8821c34bceaf3dba4a18741acca3,af1457846a79173ef71dd9d5dd69805a,SO61150,9,BC-R205,1,9,2d6e054ac82934d489c58cc8399a1628
16673,4ddc8821c34bceaf3dba4a18741acca3,af1457846a79173ef71dd9d5dd69805a,SO61150,4886,BK-R89B-52,2,4886,2d6e054ac82934d489c58cc8399a1628
16673,4ddc8821c34bceaf3dba4a18741acca3,af1457846a79173ef71dd9d5dd69805a,SO61150,27,CA-1098,3,27,2d6e054ac82934d489c58cc8399a1628
16673,4ddc8821c34bceaf3dba4a18741acca3,af1457846a79173ef71dd9d5dd69805a,SO61150,5,WB-H098,1,5,2d6e054ac82934d489c58cc8399a1628
16674,02b96ab6e0935145589be4e1408a1675,58f0b42da53adeeccbfa693883fea672,SO65336,2,PK-7098,1,2,b68fd63ca41d49bfc1b18251202c053f
16674,02b96ab6e0935145589be4e1408a1675,58f0b42da53adeeccbfa693883fea672,SO65336,33,TI-R982,1,33,b68fd63ca41d49bfc1b18251202c053f
16674,02b96ab6e0935145589be4e1408a1675,58f0b42da53adeeccbfa693883fea672,SO65336,4,TT-R982,1,4,b68fd63ca41d49bfc1b18251202c053f
16674,fde67888c64f701b59876ec559099b3e,6353a8421ee460b64f2c988cc72a8391,SO56799,2,PK-7098,1,2,4ceff7612cfa4420892fe23b23ca9265
16674,fde67888c64f701b59876ec559099b3e,6353a8421ee460b64f2c988cc72a8391,SO56799,30,TI-M602,1,30,4ceff7612cfa4420892fe23b23ca9265
16674,fde67888c64f701b59876ec559099b3e,6353a8421ee460b64f2c988cc72a8391,SO56799,5,TT-M928,1,5,4ceff7612cfa4420892fe23b23ca9265
16675,18bea060239713ee5f865109f63f3a8a,7f026edc73bd4602381834e9b850d6c2,SO52877,769,BK-M38S-46,1,769,d6ec5bff1a0809822c740ce35792fa7a
16675,18bea060239713ee5f865109f63f3a8a,7f026edc73bd4602381834e9b850d6c2,SO52877,2,PK-7098,1,2,d6ec5bff1a0809822c740ce35792fa7a
16675,18bea060239713ee5f865109f63f3a8a,7f026edc73bd4602381834e9b850d6c2,SO52877,30,TI-M602,1,30,d6ec5bff1a0809822c740ce35792fa7a
16675,18bea060239713ee5f865109f63f3a8a,7f026edc73bd4602381834e9b850d6c2,SO52877,5,TT-M928,1,5,d6ec5bff1a0809822c740ce35792fa7a
16675,d7c0b05cc309d4516231ccf0d3417744,63deedb09952ba4161e5d9ab30ea4d41,SO43945,3578,BK-R93R-62,1,3578,0605970f0e23f47a1e2af81a5f9bc913
16676,cd15e5f80ff20dd345bfaa51400dd0d6,3a2f313512bb520c43971e54ba834dec,SO66664,27,CA-1098,3,27,4efe8b2ca156042f8a3d8dd6aba54520
16676,cd15e5f80ff20dd345bfaa51400dd0d6,3a2f313512bb520c43971e54ba834dec,SO66664,5,WB-H098,1,5,4efe8b2ca156042f8a3d8dd6aba54520
16677,81a5d08c6beaeec9e42baae5d63dd780,95103530881768b5cfc7e33970db9cd7,SO63313,27,CA-1098,3,27,b210069485754303767745919c328b97
16677,81a5d08c6beaeec9e42baae5d63dd780,95103530881768b5cfc7e33970db9cd7,SO63313,5,WB-H098,1,5,b210069485754303767745919c328b97
16678,226d694fb4b7f71d62444f9528be8704,714597fe9448176d17876617114a65bc,SO54030,742,BK-T18U-62,1,742,9444f850ff0c10a862b4a6a9c4ab0a74
16678,a1fedb8f5f2e08543339a5f167bee6b7,8b9fe4b34e3c54f08bfcac3d9691e260,SO65000,4590,BK-M68B-38,2,4590,4eec6eda382b9c44e240ad4b4b5e9cc0
16678,a1fedb8f5f2e08543339a5f167bee6b7,8b9fe4b34e3c54f08bfcac3d9691e260,SO65000,105,HL-U509-B,3,105,4eec6eda382b9c44e240ad4b4b5e9cc0
16678,a1fedb8f5f2e08543339a5f167bee6b7,8b9fe4b34e3c54f08bfcac3d9691e260,SO65000,150,LJ-0192-L,3,150,4eec6eda382b9c44e240ad4b4b5e9cc0
16678,a1fedb8f5f2e08543339a5f167bee6b7,8b9fe4b34e3c54f08bfcac3d9691e260,SO65000,35,TI-M823,1,35,4eec6eda382b9c44e240ad4b4b5e9cc0
16678,a1fedb8f5f2e08543339a5f167bee6b7,8b9fe4b34e3c54f08bfcac3d9691e260,SO65000,5,TT-M928,1,5,4eec6eda382b9c44e240ad4b4b5e9cc0
16679,3c8e2c51453f4d665f1050da871dead6,1f50dad3f1493a5cf408c4eb3987479e,SO55388,30,TI-M602,1,30,d34ba8f5d7fd7d5959a34c283fbec422
16679,3c8e2c51453f4d665f1050da871dead6,1f50dad3f1493a5cf408c4eb3987479e,SO55388,5,TT-M928,1,5,d34ba8f5d7fd7d5959a34c283fbec422
16679,d6ec5bff1a0809822c740ce35792fa7a,db2b287636ac5ebda430de4f3f643b24,SO52586,105,HL-U509-B,3,105,6be9692276a308e4b872323af1ad8fe2
16679,d6ec5bff1a0809822c740ce35792fa7a,db2b287636ac5ebda430de4f3f643b24,SO52586,33,TI-R982,1,33,6be9692276a308e4b872323af1ad8fe2
16679,d6ec5bff1a0809822c740ce35792fa7a,db2b287636ac5ebda430de4f3f643b24,SO52586,4,TT-R982,1,4,6be9692276a308e4b872323af1ad8fe2
16680,66e56e10b0f528b66a45e307ecdf4774,691ad1b0dca3643b923973defd014d47,SO68545,2,PK-7098,1,2,8eb7a1b0dba9fdd5f4248b9cb6b9119b
16680,66e56e10b0f528b66a45e307ecdf4774,691ad1b0dca3643b923973defd014d47,SO68545,33,TI-R982,1,33,8eb7a1b0dba9fdd5f4248b9cb6b9119b
16680,f75e5f8c15ca91ec5c869dc3881f574f,3a23b248b732af434a45fce0302aa11f,SO63886,105,HL-U509,3,105,03bf7d2a8718ee9aca4bd2f37e962fc4
16680,f75e5f8c15ca91ec5c869dc3881f574f,3a23b248b732af434a45fce0302aa11f,SO63886,30,TI-M602,1,30,03bf7d2a8718ee9aca4bd2f37e962fc4
16680,f75e5f8c15ca91ec5c869dc3881f574f,3a23b248b732af434a45fce0302aa11f,SO63886,5,TT-M928,1,5,03bf7d2a8718ee9aca4bd2f37e962fc4
16681,4ddc8821c34bceaf3dba4a18741acca3,af1457846a79173ef71dd9d5dd69805a,SO61098,2,PK-7098,1,2,2d6e054ac82934d489c58cc8399a1628
16681,4ddc8821c34bceaf3dba4a18741acca3,af1457846a79173ef71dd9d5dd69805a,SO61098,30,TI-M602,1,30,2d6e054ac82934d489c58cc8399a1628
16681,922d04aa1f67bbe0270bfad98508f43e,0383d48e76cd8a3dfb9e2a890f2cac18,SO61790,33,TI-R982,1,33,76918877cf6ce7011018cd9708723392
16681,922d04aa1f67bbe0270bfad98508f43e,0383d48e76cd8a3dfb9e2a890f2cac18,SO61790,4,TT-R982,1,4,76918877cf6ce7011018cd9708723392
16682,39ff8ac1e8a44088f96e17b846ec8baf,9a95fdf4e925d9cbd65f87b5aa4ac212,SO60390,33,TI-R982,1,33,c926349b55a58d87d7d5008c349fd1e9
16682,39ff8ac1e8a44088f96e17b846ec8baf,9a95fdf4e925d9cbd65f87b5aa4ac212,SO60390,4,TT-R982,1,4,c926349b55a58d87d7d5008c349fd1e9
16682,e84848120190a8d0e696fbeb15647a74,fff3c307c93eda1eb91d53ca588846fe,SO70379,30,TI-M602,1,30,f544b472453b297a8b55709fbfd3746d
16683,7a8e187aeb003f6e34c02a4d5b9b153e,2fe1a028f9398deb2efcd536c8246fae,SO63502,33,TI-R982,1,33,ba19c22033aaecc6c5dad47f63e5858c
16683,df595e3c678d4fae23ce174fe747165e,07b31bae17c7890b17d79a654aa230cf,SO58841,2,PK-7098,1,2,75fe8d7dec9d2a51be64595ab37dc674
16683,df595e3c678d4fae23ce174fe747165e,07b31bae17c7890b17d79a654aa230cf,SO58841,30,TI-M602,1,30,75fe8d7dec9d2a51be64595ab37dc674
16683,df595e3c678d4fae23ce174fe747165e,07b31bae17c7890b17d79a654aa230cf,SO58841,5,TT-M928,1,5,75fe8d7dec9d2a51be64595ab37dc674
16684,7b6f06e56a619445069388ba47da6fd8,052bef40cf5de65502f816e08746e64c,SO43970,3578,BK-R93R-44,1,3578,d7c0b05cc309d4516231ccf0d3417744
16684,c83e871e48c2716e0f28e60d166a5c98,6a8d7e42bb852c45fbf8610361d391a0,SO72062,10,BC-M005,1,10,c4c454d69a39e60a6f5cf2f97148adad
16684,c83e871e48c2716e0f28e60d166a5c98,6a8d7e42bb852c45fbf8610361d391a0,SO72062,565,BK-M18S-42,1,565,c4c454d69a39e60a6f5cf2f97148adad
16684,c83e871e48c2716e0f28e60d166a5c98,6a8d7e42bb852c45fbf8610361d391a0,SO72062,5,WB-H098,1,5,c4c454d69a39e60a6f5cf2f97148adad
16685,9592b44e2c3f304a9875f45537bec6eb,a9cd7a99d71cca9cb644010050374ade,SO72727,540,BK-M18B-52,1,540,b2ce0ef2540789e8a6976165b6c917d8
16685,9592b44e2c3f304a9875f45537bec6eb,a9cd7a99d71cca9cb644010050374ade,SO72727,105,HL-U509-R,3,105,b2ce0ef2540789e8a6976165b6c917d8
16685,9592b44e2c3f304a9875f45537bec6eb,a9cd7a99d71cca9cb644010050374ade,SO72727,25,TI-M267,1,25,b2ce0ef2540789e8a6976165b6c917d8
16685,9592b44e2c3f304a9875f45537bec6eb,a9cd7a99d71cca9cb644010050374ade,SO72727,5,TT-M928,1,5,b2ce0ef2540789e8a6976165b6c917d8
16685,ed14ee5e1bd1ca02f415796fc3f09c6a,86088cdbc16fb0d5afd262a9b229fed2,SO43963,3578,BK-R93R-56,1,3578,c0ac3608147bb8f049e395b41577e2e4
16686,3e107cd1554225ea3056ed5010adce90,aa14ddbc43aa2d3be1e6ac019bb7b5bc,SO73788,10,BC-M005,1,10,43e2cc7ff261723f93f64f3f7e9faa8d
16686,3e107cd1554225ea3056ed5010adce90,aa14ddbc43aa2d3be1e6ac019bb7b5bc,SO73788,540,BK-M18B-52,1,540,43e2cc7ff261723f93f64f3f7e9faa8d
16686,3e107cd1554225ea3056ed5010adce90,aa14ddbc43aa2d3be1e6ac019bb7b5bc,SO73788,48,GL-H102-S,2,48,43e2cc7ff261723f93f64f3f7e9faa8d
16686,3e107cd1554225ea3056ed5010adce90,aa14ddbc43aa2d3be1e6ac019bb7b5bc,SO73788,5,WB-H098,1,5,43e2cc7ff261723f93f64f3f7e9faa8d
16686,c0ac3608147bb8f049e395b41577e2e4,b6bbe024fcbfd670a10e8dec3cd187f9,SO43938,3578,BK-R93R-62,1,3578,0d1574b7622bdd9b2ec0b9869608d4cb
16687,20b5e9ce0f87defd975a322149ec8cc6,9bbc713be22755b8ea8e3b596e06edd2,SO51479,9,BC-R205,1,9,679eed5d77e30211eb990c0c13145df3
16687,20b5e9ce0f87defd975a322149ec8cc6,9bbc713be22755b8ea8e3b596e06edd2,SO51479,4886,BK-R89R-58,2,4886,679eed5d77e30211eb990c0c13145df3
16687,20b5e9ce0f87defd975a322149ec8cc6,9bbc713be22755b8ea8e3b596e06edd2,SO51479,105,HL-U509,3,105,679eed5d77e30211eb990c0c13145df3
16687,20b5e9ce0f87defd975a322149ec8cc6,9bbc713be22755b8ea8e3b596e06edd2,SO51479,5,WB-H098,1,5,679eed5d77e30211eb990c0c13145df3
16687,d7c0b05cc309d4516231ccf0d3417744,63deedb09952ba4161e5d9ab30ea4d41,SO43946,3578,BK-R93R-52,1,3578,0605970f0e23f47a1e2af81a5f9bc913
16688,6d4278f55ab037dfce90690af7b0158a,72571bd90824be952816cc46cf59d536,SO44059,3578,BK-R93R-52,1,3578,f96fbbcf63b1b65747983976e60d5967
16688,acc20902004de8acdd3eee04bfe5f91a,048405fe051586c63978bfe6b3a8b733,SO51189,4886,BK-R89B-48,2,4886,5f827524a01a15af1043fdb581ce224b
16688,acc20902004de8acdd3eee04bfe5f91a,048405fe051586c63978bfe6b3a8b733,SO51189,48,GL-H102-L,2,48,5f827524a01a15af1043fdb581ce224b
16688,acc20902004de8acdd3eee04bfe5f91a,048405fe051586c63978bfe6b3a8b733,SO51189,105,HL-U509,3,105,5f827524a01a15af1043fdb581ce224b
16689,232e830f1ac667c081eaaca23cdf9b5f,4b5c3229e0725ef8d303f494db9faec8,SO64464,159,ST-1401,1,159,abe94c2111c58e9c9672602d41bce66e
16689,232e830f1ac667c081eaaca23cdf9b5f,4b5c3229e0725ef8d303f494db9faec8,SO64464,4,TT-R982,1,4,abe94c2111c58e9c9672602d41bce66e
16689,232e830f1ac667c081eaaca23cdf9b5f,4b5c3229e0725ef8d303f494db9faec8,SO64464,64,VE-C304-L,1,64,abe94c2111c58e9c9672602d41bce66e
16689,a6d37e298c3042e300813f55a17e0875,99b7e934795a93975a5e0c0b9b57d9ba,SO64612,105,HL-U509,3,105,b0241b451647f25db5f52074445d820c
16689,a6d37e298c3042e300813f55a17e0875,99b7e934795a93975a5e0c0b9b57d9ba,SO64612,25,TI-R628,1,25,b0241b451647f25db5f52074445d820c
16689,a6d37e298c3042e300813f55a17e0875,99b7e934795a93975a5e0c0b9b57d9ba,SO64612,4,TT-R982,1,4,b0241b451647f25db5f52074445d820c
16690,05e7920e8caf0303dc01b77666952b75,eea5b3bd1bd5d5c62a1d22f78d3ba263,SO66210,105,HL-U509-B,3,105,3a2f313512bb520c43971e54ba834dec
16690,05e7920e8caf0303dc01b77666952b75,eea5b3bd1bd5d5c62a1d22f78d3ba263,SO66210,33,TI-R982,1,33,3a2f313512bb520c43971e54ba834dec
16690,05e7920e8caf0303dc01b77666952b75,eea5b3bd1bd5d5c62a1d22f78d3ba263,SO66210,4,TT-R982,1,4,3a2f313512bb520c43971e54ba834dec
16690,702a02712215141594ddf8e52b0a651c,cd15e5f80ff20dd345bfaa51400dd0d6,SO67487,30,TI-M602,1,30,caa707f97407c07371136aaf471a91d4
16690,702a02712215141594ddf8e52b0a651c,cd15e5f80ff20dd345bfaa51400dd0d6,SO67487,64,VE-C304-M,1,64,caa707f97407c07371136aaf471a91d4
16691,5b2e258a90271b858fa32867ebccdae6,85e7a76ab1d6d23e87ea418480d5ffe2,SO44071,3578,BK-R93R-52,1,3578,07074f83c23833dcaa105e1acf3c3b98
16691,d3c54b4368c62c2ff11535bf2b677170,41464bd548f06ca845208f69df30ac82,SO54361,769,BK-M38S-46,1,769,da9c4ba6c9a1ae8725389bfd38b5763a
16691,d3c54b4368c62c2ff11535bf2b677170,41464bd548f06ca845208f69df30ac82,SO54361,70,SH-W890-M,1,70,da9c4ba6c9a1ae8725389bfd38b5763a
16691,d3c54b4368c62c2ff11535bf2b677170,41464bd548f06ca845208f69df30ac82,SO54361,54,SJ-0194-S,1,54,da9c4ba6c9a1ae8725389bfd38b5763a
16692,629ffff971d10f275a79a70fae527fbc,d6ab5a0eee939524352092b964d92b84,SO55974,25,TI-R628,1,25,3c1811b546060d91957cc446aabc4a3c
16692,94b225b5b1f09ecd5e8ecdfb681ff04c,03bf7d2a8718ee9aca4bd2f37e962fc4,SO64305,2,PK-7098,1,2,61e00b038efd34bdf9c747596273cbcf
16692,94b225b5b1f09ecd5e8ecdfb681ff04c,03bf7d2a8718ee9aca4bd2f37e962fc4,SO64305,4,TT-R982,1,4,61e00b038efd34bdf9c747596273cbcf
16693,07713adfd12a8cd9d376671631f3bc02,93963041729da5d8213c536f91ed9402,SO51269,4886,BK-R89B-44,2,4886,acc20902004de8acdd3eee04bfe5f91a
16693,07713adfd12a8cd9d376671631f3bc02,93963041729da5d8213c536f91ed9402,SO51269,2,PK-7098,1,2,acc20902004de8acdd3eee04bfe5f91a
16693,07713adfd12a8cd9d376671631f3bc02,93963041729da5d8213c536f91ed9402,SO51269,33,TI-R982,1,33,acc20902004de8acdd3eee04bfe5f91a
16693,07713adfd12a8cd9d376671631f3bc02,93963041729da5d8213c536f91ed9402,SO51269,4,TT-R982,1,4,acc20902004de8acdd3eee04bfe5f91a
16693,f96fbbcf63b1b65747983976e60d5967,1aaafc415cabd13fe410504154a58757,SO44033,3578,BK-R93R-56,1,3578,85e7a76ab1d6d23e87ea418480d5ffe2
16694,7acd252f45ad6fe668386456a673d543,0120f4004ede1143c3be6caa4227affe,SO67155,105,HL-U509-R,3,105,b322422d9a721bbdefa133133dd407c1
16694,7acd252f45ad6fe668386456a673d543,0120f4004ede1143c3be6caa4227affe,SO67155,4,TT-R982,1,4,b322422d9a721bbdefa133133dd407c1
16694,9b98d27287b27eeee9ebc06e1d5a9a8d,0dc34ca2aaa8612cde077f1880b78b25,SO53071,8,CL-9009,1,8,18bea060239713ee5f865109f63f3a8a
16694,9b98d27287b27eeee9ebc06e1d5a9a8d,0dc34ca2aaa8612cde077f1880b78b25,SO53071,2,PK-7098,1,2,18bea060239713ee5f865109f63f3a8a
16694,9b98d27287b27eeee9ebc06e1d5a9a8d,0dc34ca2aaa8612cde077f1880b78b25,SO53071,25,TI-R628,1,25,18bea060239713ee5f865109f63f3a8a
16694,9b98d27287b27eeee9ebc06e1d5a9a8d,0dc34ca2aaa8612cde077f1880b78b25,SO53071,4,TT-R982,1,4,18bea060239713ee5f865109f63f3a8a
16695,331afa0aff1b1cfbf3d24944ab38c9d2,c885741a5e3e55c84950327011b70289,SO69667,2,PK-7098,1,2,962bae2fb03296a3b9cacabfa929322c
16695,331afa0aff1b1cfbf3d24944ab38c9d2,c885741a5e3e55c84950327011b70289,SO69667,33,TI-R982,1,33,962bae2fb03296a3b9cacabfa929322c
16695,331afa0aff1b1cfbf3d24944ab38c9d2,c885741a5e3e55c84950327011b70289,SO69667,4,TT-R982,1,4,962bae2fb03296a3b9cacabfa929322c
16695,93ddc10d6cf61153011df052aa76671f,7299e51cfc0d5174743a6701a8a96488,SO65634,2,PK-7098,1,2,02b96ab6e0935145589be4e1408a1675
16695,93ddc10d6cf61153011df052aa76671f,7299e51cfc0d5174743a6701a8a96488,SO65634,30,TI-M602,1,30,02b96ab6e0935145589be4e1408a1675
16695,93ddc10d6cf61153011df052aa76671f,7299e51cfc0d5174743a6701a8a96488,SO65634,5,TT-M928,1,5,02b96ab6e0935145589be4e1408a1675
16696,226d694fb4b7f71d62444f9528be8704,714597fe9448176d17876617114a65bc,SO54028,769,BK-M38S-38,1,769,9444f850ff0c10a862b4a6a9c4ab0a74
16696,226d694fb4b7f71d62444f9528be8704,714597fe9448176d17876617114a65bc,SO54028,159,ST-1401,1,159,9444f850ff0c10a862b4a6a9c4ab0a74
16696,93eed705e4cb42d159d4aadc9a0a8461,87553261d36dba5a0bbb0f1d4027c7b7,SO43951,3578,BK-R93R-44,1,3578,d42ff2e8dfbd670b0e4f7cdb4eb2a548
16697,691ad1b0dca3643b923973defd014d47,6dd75c28a9a8a39e02bc0a175f82a9f3,SO67768,30,TI-M602,1,30,9f1ff00ea8fd9fd8f2d421ba5ec45a18
16697,76e3c19dbb0dadc4c6dc771d856e4676,ad4fbe0c82c7e5968d4cf22c2ad19e28,SO53296,48,GL-H102-S,2,48,15699e35c72c4036c71409f3f3d69528
16697,76e3c19dbb0dadc4c6dc771d856e4676,ad4fbe0c82c7e5968d4cf22c2ad19e28,SO53296,33,TI-R982,1,33,15699e35c72c4036c71409f3f3d69528
16698,07b31bae17c7890b17d79a654aa230cf,a976f17830aceaaa93d5daef0bc209a3,SO58138,2,PK-7098,1,2,ef5bad66aa19ccfb82cacb73584b83ea
16698,07b31bae17c7890b17d79a654aa230cf,a976f17830aceaaa93d5daef0bc209a3,SO58138,159,ST-1401,1,159,ef5bad66aa19ccfb82cacb73584b83ea
16698,07b31bae17c7890b17d79a654aa230cf,a976f17830aceaaa93d5daef0bc209a3,SO58138,33,TI-R982,1,33,ef5bad66aa19ccfb82cacb73584b83ea
16698,07b31bae17c7890b17d79a654aa230cf,a976f17830aceaaa93d5daef0bc209a3,SO58138,4,TT-R982,1,4,ef5bad66aa19ccfb82cacb73584b83ea
16698,722dc621a1a56555843f574144bfcdf0,d27974ca95fd620ac92cf95bf8c1d1f2,SO74533,2,PK-7098,1,2,d612b5fb3f6011688fb0c9927693365a
16698,722dc621a1a56555843f574144bfcdf0,d27974ca95fd620ac92cf95bf8c1d1f2,SO74533,30,TI-M602,1,30,d612b5fb3f6011688fb0c9927693365a
16699,5e1b952a22eccca86f7f056a9efb42a4,a8ef76a01442567fb64eb6f4408a9835,SO57699,33,TI-R982,1,33,40883861f6e25a2e09e848a7891f4f38
16699,7acd252f45ad6fe668386456a673d543,0120f4004ede1143c3be6caa4227affe,SO67150,30,TI-M602,1,30,b322422d9a721bbdefa133133dd407c1
16699,7acd252f45ad6fe668386456a673d543,0120f4004ede1143c3be6caa4227affe,SO67150,5,TT-M928,1,5,b322422d9a721bbdefa133133dd407c1
16700,39ff8ac1e8a44088f96e17b846ec8baf,9a95fdf4e925d9cbd65f87b5aa4ac212,SO60383,9,SO-R809-M,1,9,c926349b55a58d87d7d5008c349fd1e9
16700,39ff8ac1e8a44088f96e17b846ec8baf,9a95fdf4e925d9cbd65f87b5aa4ac212,SO60383,30,TI-M602,1,30,c926349b55a58d87d7d5008c349fd1e9
16700,6477c205c5117a9448ba863e111acf32,c926349b55a58d87d7d5008c349fd1e9,SO60847,54,SJ-0194-M,1,54,013f173c58073e845f675d26fdde1918
16701,13c2439a16b8e0eab906d0cd09c97dbc,595e2f03af2122e9bce5fe0fff67d39e,SO44019,3578,BK-R93R-62,1,3578,431cc1626e28e1bbd4e7b7eb7efcecec
16701,5a06908cc28b799b04fc1c47664462e6,da9c4ba6c9a1ae8725389bfd38b5763a,SO54759,769,BK-M38S-42,1,769,6d338b8c41c717c4336ad0084a80dca4
16701,5a06908cc28b799b04fc1c47664462e6,da9c4ba6c9a1ae8725389bfd38b5763a,SO54759,70,SH-W890-M,1,70,6d338b8c41c717c4336ad0084a80dca4
16701,5a06908cc28b799b04fc1c47664462e6,da9c4ba6c9a1ae8725389bfd38b5763a,SO54759,9,SO-R809-M,1,9,6d338b8c41c717c4336ad0084a80dca4
16702,3500da16b6d3d0da611bc08c2b1e1c05,5f827524a01a15af1043fdb581ce224b,SO51300,4886,BK-R89B-48,2,4886,070e7bb8852d69e16952038e5532904f
16702,f96fbbcf63b1b65747983976e60d5967,1aaafc415cabd13fe410504154a58757,SO44034,3578,BK-R93R-52,1,3578,85e7a76ab1d6d23e87ea418480d5ffe2
16703,1aaafc415cabd13fe410504154a58757,0d1574b7622bdd9b2ec0b9869608d4cb,SO43977,3578,BK-R93R-48,1,3578,93eed705e4cb42d159d4aadc9a0a8461
16703,b8cc77f0099ae7d3a20b9f0b74d70b12,70ad7386c1fe794c57fa3908ff22435d,SO52156,9,BC-R205,1,9,5e9b4970006d8f02ba0bc1763fa8b9a6
16703,b8cc77f0099ae7d3a20b9f0b74d70b12,70ad7386c1fe794c57fa3908ff22435d,SO52156,4886,BK-R89B-44,2,4886,5e9b4970006d8f02ba0bc1763fa8b9a6
16703,b8cc77f0099ae7d3a20b9f0b74d70b12,70ad7386c1fe794c57fa3908ff22435d,SO52156,55,HY-1023-70,1,55,5e9b4970006d8f02ba0bc1763fa8b9a6
16703,b8cc77f0099ae7d3a20b9f0b74d70b12,70ad7386c1fe794c57fa3908ff22435d,SO52156,5,WB-H098,1,5,5e9b4970006d8f02ba0bc1763fa8b9a6
16704,04dbdf67bb8714ba18c9c36d50d1f5dc,4cc27df81afd686c0420394e090460cb,SO61973,2,PK-7098,1,2,2ed3972e38245b633ec6b146c2970148
16704,04dbdf67bb8714ba18c9c36d50d1f5dc,4cc27df81afd686c0420394e090460cb,SO61973,30,TI-M602,1,30,2ed3972e38245b633ec6b146c2970148
16704,04dbdf67bb8714ba18c9c36d50d1f5dc,4cc27df81afd686c0420394e090460cb,SO61973,5,TT-M928,1,5,2ed3972e38245b633ec6b146c2970148
16704,6477c205c5117a9448ba863e111acf32,c926349b55a58d87d7d5008c349fd1e9,SO60848,54,SJ-0194-X,1,54,013f173c58073e845f675d26fdde1918
16705,1556bafff387fc8f2f6fef64c1daa6bc,8728a5e296f39e49d2fa74c31820e99f,SO70463,27,CA-1098,3,27,e871b36e68b0b3d0af9c742d81fef27a
16705,1556bafff387fc8f2f6fef64c1daa6bc,8728a5e296f39e49d2fa74c31820e99f,SO70463,54,SJ-0194-L,1,54,e871b36e68b0b3d0af9c742d81fef27a
16705,56d78836c9cf0de136c4d2d37aba2280,ba19c22033aaecc6c5dad47f63e5858c,SO63948,30,TI-M602,1,30,8c9ec1be720ee75d56d0c250d10610fa
16705,56d78836c9cf0de136c4d2d37aba2280,ba19c22033aaecc6c5dad47f63e5858c,SO63948,5,TT-M928,1,5,8c9ec1be720ee75d56d0c250d10610fa
16706,9f1ff00ea8fd9fd8f2d421ba5ec45a18,f88b3743a9ce1f9455b6de69380b486a,SO67421,30,TI-M602,1,30,0001ffe4d82d0d8f9fec5ab0b4faa2db
16706,b322422d9a721bbdefa133133dd407c1,07b7d2aed13a63a16377587dcc0abbe8,SO66837,27,CA-1098,3,27,2296af5563b2061aa1d88124a37eecb7
16706,b322422d9a721bbdefa133133dd407c1,07b7d2aed13a63a16377587dcc0abbe8,SO66837,54,SJ-0194-L,1,54,2296af5563b2061aa1d88124a37eecb7
16707,1678083e7ff90bd404baad3f60bffa37,7b0730955172ecda497d7cca6b1d87a1,SO55796,769,BK-M38S-40,1,769,73a69a5c77a7d23172e54d7ce07a638e
16707,1678083e7ff90bd404baad3f60bffa37,7b0730955172ecda497d7cca6b1d87a1,SO55796,30,TI-M602,1,30,73a69a5c77a7d23172e54d7ce07a638e
16707,f96fbbcf63b1b65747983976e60d5967,1aaafc415cabd13fe410504154a58757,SO44035,3578,BK-R93R-48,1,3578,85e7a76ab1d6d23e87ea418480d5ffe2
16708,40ff348468b73116a7077c246985e0bf,a2c49941411089cb2a9cbf78cb803c26,SO56785,769,BK-M38S-38,1,769,830e779850b1d58733a7ad711bf6b83f
16708,40ff348468b73116a7077c246985e0bf,a2c49941411089cb2a9cbf78cb803c26,SO56785,54,SJ-0194-M,1,54,830e779850b1d58733a7ad711bf6b83f
16708,40ff348468b73116a7077c246985e0bf,a2c49941411089cb2a9cbf78cb803c26,SO56785,5,WB-H098,1,5,830e779850b1d58733a7ad711bf6b83f
16708,aa79d369c30c2b1258b3d47e8c10d56a,ed14ee5e1bd1ca02f415796fc3f09c6a,SO44025,3578,BK-R93R-56,1,3578,72571bd90824be952816cc46cf59d536
16709,5efefff01843f5aa3f7d8a4d44b4bf2e,922d04aa1f67bbe0270bfad98508f43e,SO62535,9,BC-R205,1,9,db2f6a564b6f5f41253c68874b50962b
16709,5efefff01843f5aa3f7d8a4d44b4bf2e,922d04aa1f67bbe0270bfad98508f43e,SO62535,54,SJ-0194-X,1,54,db2f6a564b6f5f41253c68874b50962b
16709,5efefff01843f5aa3f7d8a4d44b4bf2e,922d04aa1f67bbe0270bfad98508f43e,SO62535,5,WB-H098,1,5,db2f6a564b6f5f41253c68874b50962b
16709,f46ace11e93788e473124f7be16a19d5,5c741aa8e0753be65314a304e7b39c14,SO62756,22,FE-6654,1,22,4555f65c4664801d78b9f5477f89d8fd
16709,f46ace11e93788e473124f7be16a19d5,5c741aa8e0753be65314a304e7b39c14,SO62756,54,SJ-0194-L,1,54,4555f65c4664801d78b9f5477f89d8fd
16710,0d15ba5aa4c9ad0377b26e0cf7a86280,b21e833d3ead6056f1265f13fe1ff015,SO61432,2,PK-7098,1,2,4a70a3ec50fd16032883bf6fc79c55dd
16710,0d15ba5aa4c9ad0377b26e0cf7a86280,b21e833d3ead6056f1265f13fe1ff015,SO61432,30,TI-M602,1,30,4a70a3ec50fd16032883bf6fc79c55dd
16710,0d15ba5aa4c9ad0377b26e0cf7a86280,b21e833d3ead6056f1265f13fe1ff015,SO61432,5,TT-M928,1,5,4a70a3ec50fd16032883bf6fc79c55dd
16710,d7f57f35d2bad1349ca24a67a2635eea,5432d51ee94799c0125bb158c8a8bd22,SO74035,54,SJ-0194-X,1,54,1ba7e8cdf85da6cf5e11554703236b52
16711,04dbdf67bb8714ba18c9c36d50d1f5dc,4cc27df81afd686c0420394e090460cb,SO61974,105,HL-U509-B,3,105,2ed3972e38245b633ec6b146c2970148
16711,04dbdf67bb8714ba18c9c36d50d1f5dc,4cc27df81afd686c0420394e090460cb,SO61974,30,TI-M602,1,30,2ed3972e38245b633ec6b146c2970148
16711,04dbdf67bb8714ba18c9c36d50d1f5dc,4cc27df81afd686c0420394e090460cb,SO61974,5,TT-M928,1,5,2ed3972e38245b633ec6b146c2970148
16711,226d694fb4b7f71d62444f9528be8704,714597fe9448176d17876617114a65bc,SO53990,27,CA-1098,3,27,9444f850ff0c10a862b4a6a9c4ab0a74
16711,226d694fb4b7f71d62444f9528be8704,714597fe9448176d17876617114a65bc,SO53990,54,SJ-0194-L,1,54,9444f850ff0c10a862b4a6a9c4ab0a74
16712,427ed6396fba4ed8ead9ec3229517d2b,3519c8eb4095dbc69d80eb61856d3435,SO56258,769,BK-M38S-46,1,769,629ffff971d10f275a79a70fae527fbc
16712,427ed6396fba4ed8ead9ec3229517d2b,3519c8eb4095dbc69d80eb61856d3435,SO56258,70,SH-W890-L,1,70,629ffff971d10f275a79a70fae527fbc
16712,d7c0b05cc309d4516231ccf0d3417744,63deedb09952ba4161e5d9ab30ea4d41,SO43947,3578,BK-R93R-62,1,3578,0605970f0e23f47a1e2af81a5f9bc913
16713,07074f83c23833dcaa105e1acf3c3b98,4d477da2cac19595261e2755bb0750f4,SO44048,3578,BK-R93R-56,1,3578,13c2439a16b8e0eab906d0cd09c97dbc
16713,f5933feadc49c253e4f0e77b236946e9,0b80ce5eab877cae9997209e0bee6e60,SO52468,9,BC-R205,1,9,b8cc77f0099ae7d3a20b9f0b74d70b12
16713,f5933feadc49c253e4f0e77b236946e9,0b80ce5eab877cae9997209e0bee6e60,SO52468,4886,BK-R89B-48,2,4886,b8cc77f0099ae7d3a20b9f0b74d70b12
16713,f5933feadc49c253e4f0e77b236946e9,0b80ce5eab877cae9997209e0bee6e60,SO52468,55,HY-1023-70,1,55,b8cc77f0099ae7d3a20b9f0b74d70b12
16713,f5933feadc49c253e4f0e77b236946e9,0b80ce5eab877cae9997209e0bee6e60,SO52468,5,WB-H098,1,5,b8cc77f0099ae7d3a20b9f0b74d70b12
16714,03bf7d2a8718ee9aca4bd2f37e962fc4,290499d9b8e65db426ba9b842714eb6d,SO63580,48,GL-H102-M,2,48,7130adfd843cdcb6d0bcd9d13792693a
16714,03bf7d2a8718ee9aca4bd2f37e962fc4,290499d9b8e65db426ba9b842714eb6d,SO63580,105,HL-U509,3,105,7130adfd843cdcb6d0bcd9d13792693a
16714,03bf7d2a8718ee9aca4bd2f37e962fc4,290499d9b8e65db426ba9b842714eb6d,SO63580,5,TT-M928,1,5,7130adfd843cdcb6d0bcd9d13792693a
16715,b68fd63ca41d49bfc1b18251202c053f,d4746e41b619da57ee9f1a2e2cc254e8,SO64877,2,PK-7098,1,2,c87874400b9f907bdf9ea37d75a4b341
16715,b68fd63ca41d49bfc1b18251202c053f,d4746e41b619da57ee9f1a2e2cc254e8,SO64877,5,TT-M928,1,5,c87874400b9f907bdf9ea37d75a4b341
16716,39fe373cdcb4534addde73890415b660,41fc4cb27e0ee552c4c9247e1a476cc5,SO55894,10,BC-M005,1,10,3519c8eb4095dbc69d80eb61856d3435
16716,39fe373cdcb4534addde73890415b660,41fc4cb27e0ee552c4c9247e1a476cc5,SO55894,8,CL-9009,1,8,3519c8eb4095dbc69d80eb61856d3435
16716,39fe373cdcb4534addde73890415b660,41fc4cb27e0ee552c4c9247e1a476cc5,SO55894,5,TT-M928,1,5,3519c8eb4095dbc69d80eb61856d3435
16716,39fe373cdcb4534addde73890415b660,41fc4cb27e0ee552c4c9247e1a476cc5,SO55894,5,WB-H098,1,5,3519c8eb4095dbc69d80eb61856d3435
16717,2296af5563b2061aa1d88124a37eecb7,6866da5d40f1aad2d82129d5ffa25bda,SO66526,10,BC-M005,1,10,05e7920e8caf0303dc01b77666952b75
16717,2296af5563b2061aa1d88124a37eecb7,6866da5d40f1aad2d82129d5ffa25bda,SO66526,48,GL-H102-S,2,48,05e7920e8caf0303dc01b77666952b75
16717,2296af5563b2061aa1d88124a37eecb7,6866da5d40f1aad2d82129d5ffa25bda,SO66526,105,HL-U509-B,3,105,05e7920e8caf0303dc01b77666952b75
16717,2296af5563b2061aa1d88124a37eecb7,6866da5d40f1aad2d82129d5ffa25bda,SO66526,5,WB-H098,1,5,05e7920e8caf0303dc01b77666952b75
16717,55f9f4cb5784581a517e59904e0d5e2f,9b6872ca1d80024637e967d1066bba0a,SO56033,2,PK-7098,1,2,1678083e7ff90bd404baad3f60bffa37
16717,55f9f4cb5784581a517e59904e0d5e2f,9b6872ca1d80024637e967d1066bba0a,SO56033,33,TI-R982,1,33,1678083e7ff90bd404baad3f60bffa37
16717,55f9f4cb5784581a517e59904e0d5e2f,9b6872ca1d80024637e967d1066bba0a,SO56033,4,TT-R982,1,4,1678083e7ff90bd404baad3f60bffa37
16717,d945ec2aae74dbfb829453026b91c235,348f48807f500aeac729fb17d9bc97f1,SO61353,22,FE-6654,1,22,eef21e68ecca703bb338920b950f203c
16717,d945ec2aae74dbfb829453026b91c235,348f48807f500aeac729fb17d9bc97f1,SO61353,105,HL-U509-R,3,105,eef21e68ecca703bb338920b950f203c
16717,d945ec2aae74dbfb829453026b91c235,348f48807f500aeac729fb17d9bc97f1,SO61353,64,VE-C304-S,1,64,eef21e68ecca703bb338920b950f203c
16718,2797a91b25bc2aa85124c99bc574dc83,86bfb8ffc7a79e52d833cedce4d275bf,SO71045,9,SO-R809-L,1,9,a9adf65abbb865184bf924d14a93d0c4
16718,2797a91b25bc2aa85124c99bc574dc83,86bfb8ffc7a79e52d833cedce4d275bf,SO71045,5,WB-H098,1,5,a9adf65abbb865184bf924d14a93d0c4
16719,e5114f65ece65e14e7b721dab1e674e0,c7390752782466cfc9a3ed7d3a79e046,SO68708,105,HL-U509,3,105,fe1fd19c021e78ec395980c2e347865e
16719,e5114f65ece65e14e7b721dab1e674e0,c7390752782466cfc9a3ed7d3a79e046,SO68708,5,WB-H098,1,5,fe1fd19c021e78ec395980c2e347865e
16720,d945ec2aae74dbfb829453026b91c235,348f48807f500aeac729fb17d9bc97f1,SO61338,105,HL-U509,3,105,eef21e68ecca703bb338920b950f203c
16720,d945ec2aae74dbfb829453026b91c235,348f48807f500aeac729fb17d9bc97f1,SO61338,5,TT-M928,1,5,eef21e68ecca703bb338920b950f203c
16721,021d7f51f97fea2b23b069288066b34d,722dc621a1a56555843f574144bfcdf0,SO74936,22,FE-6654,1,22,bb858b10001c01aea17b4e635d0662a2
16721,021d7f51f97fea2b23b069288066b34d,722dc621a1a56555843f574144bfcdf0,SO74936,105,HL-U509,3,105,bb858b10001c01aea17b4e635d0662a2
16721,021d7f51f97fea2b23b069288066b34d,722dc621a1a56555843f574144bfcdf0,SO74936,150,LJ-0192-S,3,150,bb858b10001c01aea17b4e635d0662a2
16721,39fe373cdcb4534addde73890415b660,41fc4cb27e0ee552c4c9247e1a476cc5,SO55883,2,PK-7098,1,2,3519c8eb4095dbc69d80eb61856d3435
16721,39fe373cdcb4534addde73890415b660,41fc4cb27e0ee552c4c9247e1a476cc5,SO55883,21,TI-R092,1,21,3519c8eb4095dbc69d80eb61856d3435
16721,d27974ca95fd620ac92cf95bf8c1d1f2,4c6ed4daa82e7326b84c24f4c2ae7064,SO74166,10,BC-M005,1,10,3e107cd1554225ea3056ed5010adce90
16721,d27974ca95fd620ac92cf95bf8c1d1f2,4c6ed4daa82e7326b84c24f4c2ae7064,SO74166,105,HL-U509,3,105,3e107cd1554225ea3056ed5010adce90
16721,d27974ca95fd620ac92cf95bf8c1d1f2,4c6ed4daa82e7326b84c24f4c2ae7064,SO74166,5,WB-H098,1,5,3e107cd1554225ea3056ed5010adce90
16722,a9cd7a99d71cca9cb644010050374ade,3db19f5f710f10e90ecc7154c649d60a,SO71723,5,TT-M928,1,5,128ee9ff420de424a605a0ee4a6f7916
16723,838eec1f117f2cab9e9c306f7efbff28,13b7c2277967bc61802018c764b5b2a0,SO74899,2,PK-7098,1,2,9a027fc72b503940a96d5137762a263e
16723,838eec1f117f2cab9e9c306f7efbff28,13b7c2277967bc61802018c764b5b2a0,SO74899,5,TT-M928,1,5,9a027fc72b503940a96d5137762a263e
16724,99c8f306659fd98cbb9d7f03ec0c2a7a,705fa39ab40831529471c768490339ab,SO69895,105,HL-U509-R,3,105,fff3c307c93eda1eb91d53ca588846fe
16724,99c8f306659fd98cbb9d7f03ec0c2a7a,705fa39ab40831529471c768490339ab,SO69895,5,TT-M928,1,5,fff3c307c93eda1eb91d53ca588846fe
16725,86e0fc464cbb08ae74bd039224afec9a,38c9e5d1e366b4c5c36aae682bc960c4,SO72673,9,SO-R809-L,1,9,8920fd63645007b243abb750709b1172
16725,86e0fc464cbb08ae74bd039224afec9a,38c9e5d1e366b4c5c36aae682bc960c4,SO72673,5,TT-M928,1,5,8920fd63645007b243abb750709b1172
16726,ca5b8307fa5f2189fb98330a9d65927c,88077cf01a3e17831c2d0bcca5897c5b,SO73976,2,PK-7098,1,2,5cbbe853aa1a5a1370f9a614904c4b15
16726,ca5b8307fa5f2189fb98330a9d65927c,88077cf01a3e17831c2d0bcca5897c5b,SO73976,5,TT-M928,1,5,5cbbe853aa1a5a1370f9a614904c4b15
16727,4a800301260b2639fa1ec3efafb5f86c,23f22724b430320654759f8512440ebc,SO59185,4886,BK-R89B-44,2,4886,a189cc17a15cdb4e39e80dfcd8374c76
16727,4a800301260b2639fa1ec3efafb5f86c,23f22724b430320654759f8512440ebc,SO59185,8,CL-9009,1,8,a189cc17a15cdb4e39e80dfcd8374c76
16728,7983129d9883ebc3b9dce3311996b001,0df76889b3e31ccfd17b50cc73baef03,SO59800,4886,BK-R89R-58,2,4886,7254e54716fe52361e62aa16ea2e0797
16729,94b225b5b1f09ecd5e8ecdfb681ff04c,03bf7d2a8718ee9aca4bd2f37e962fc4,SO64301,8,CL-9009,1,8,61e00b038efd34bdf9c747596273cbcf
16729,94b225b5b1f09ecd5e8ecdfb681ff04c,03bf7d2a8718ee9aca4bd2f37e962fc4,SO64301,22,FE-6654,1,22,61e00b038efd34bdf9c747596273cbcf
16729,c135545cc3f3a739132ffdbc8096f3d4,36ab6f1df21f3c9a169c8942e981959a,SO68406,9,BC-R205,1,9,511572e8a25e86c2f48ae9e6d73a1e6a
16730,838eec1f117f2cab9e9c306f7efbff28,13b7c2277967bc61802018c764b5b2a0,SO74875,22,FE-6654,1,22,9a027fc72b503940a96d5137762a263e
16730,838eec1f117f2cab9e9c306f7efbff28,13b7c2277967bc61802018c764b5b2a0,SO74875,150,LJ-0192-S,3,150,9a027fc72b503940a96d5137762a263e
16730,95a2a9aefc393f8630e934768cacf4cd,8f472ffe3ff3109f420ae91355ff8f3f,SO72138,9,BC-R205,1,9,38c9e5d1e366b4c5c36aae682bc960c4
16730,95a2a9aefc393f8630e934768cacf4cd,8f472ffe3ff3109f420ae91355ff8f3f,SO72138,55,HY-1023-70,1,55,38c9e5d1e366b4c5c36aae682bc960c4
16730,95a2a9aefc393f8630e934768cacf4cd,8f472ffe3ff3109f420ae91355ff8f3f,SO72138,5,WB-H098,1,5,38c9e5d1e366b4c5c36aae682bc960c4
16731,49fce086a31f1cfcf16b54e462f7cbc0,99c8f306659fd98cbb9d7f03ec0c2a7a,SO70773,9,SO-R809-L,1,9,e84848120190a8d0e696fbeb15647a74
16731,49fce086a31f1cfcf16b54e462f7cbc0,99c8f306659fd98cbb9d7f03ec0c2a7a,SO70773,30,TI-M602,1,30,e84848120190a8d0e696fbeb15647a74
16731,5c741aa8e0753be65314a304e7b39c14,d945ec2aae74dbfb829453026b91c235,SO62063,10,BC-M005,1,10,7ee641303ef8d8b10d0ed00a060c73cc
16731,5c741aa8e0753be65314a304e7b39c14,d945ec2aae74dbfb829453026b91c235,SO62063,22,FE-6654,1,22,7ee641303ef8d8b10d0ed00a060c73cc
16731,9223b53f03a405f817e91392f0294f6a,3e07f09fb2edbdf0bf6a54c17634514b,SO53788,48,GL-H102-L,2,48,14e4b13c27fb9bce9938ce35b6597eca
16731,9223b53f03a405f817e91392f0294f6a,3e07f09fb2edbdf0bf6a54c17634514b,SO53788,105,HL-U509-R,3,105,14e4b13c27fb9bce9938ce35b6597eca
16731,9223b53f03a405f817e91392f0294f6a,3e07f09fb2edbdf0bf6a54c17634514b,SO53788,21,TI-R092,1,21,14e4b13c27fb9bce9938ce35b6597eca
16731,9223b53f03a405f817e91392f0294f6a,3e07f09fb2edbdf0bf6a54c17634514b,SO53788,4,TT-R982,1,4,14e4b13c27fb9bce9938ce35b6597eca
16732,95103530881768b5cfc7e33970db9cd7,2ed3972e38245b633ec6b146c2970148,SO62441,4886,BK-R89R-58,2,4886,305c66634c155cab2b5cc3ce00351eb1
16732,95103530881768b5cfc7e33970db9cd7,2ed3972e38245b633ec6b146c2970148,SO62441,8,CL-9009,1,8,305c66634c155cab2b5cc3ce00351eb1
16733,03bf7d2a8718ee9aca4bd2f37e962fc4,290499d9b8e65db426ba9b842714eb6d,SO63552,2,PK-7098,1,2,7130adfd843cdcb6d0bcd9d13792693a
16733,03bf7d2a8718ee9aca4bd2f37e962fc4,290499d9b8e65db426ba9b842714eb6d,SO63552,25,TI-R628,1,25,7130adfd843cdcb6d0bcd9d13792693a
16733,03bf7d2a8718ee9aca4bd2f37e962fc4,290499d9b8e65db426ba9b842714eb6d,SO63552,4,TT-R982,1,4,7130adfd843cdcb6d0bcd9d13792693a
16733,4b5c3229e0725ef8d303f494db9faec8,f46ace11e93788e473124f7be16a19d5,SO63693,4,TT-R982,1,4,0149f124a48640c62d90840ac5760331
16734,c660dc308b247ce08aeecd155306bae0,e7df1b3ee078bdcfc260a877f321287d,SO59907,54,SJ-0194-L,1,54,9a95fdf4e925d9cbd65f87b5aa4ac212
16734,c660dc308b247ce08aeecd155306bae0,e7df1b3ee078bdcfc260a877f321287d,SO59907,25,TI-R628,1,25,9a95fdf4e925d9cbd65f87b5aa4ac212
16734,d76e0ba1fa041675ae9af958c5b41ae4,b988e88fd94a3b47434beeb650cff880,SO56966,150,LJ-0192-L,3,150,cae5717327bee7d74e261c550aa5081f
16735,4eec6eda382b9c44e240ad4b4b5e9cc0,f75e5f8c15ca91ec5c869dc3881f574f,SO64703,54,SJ-0194-X,1,54,94b225b5b1f09ecd5e8ecdfb681ff04c
16735,4eec6eda382b9c44e240ad4b4b5e9cc0,f75e5f8c15ca91ec5c869dc3881f574f,SO64703,5,WB-H098,1,5,94b225b5b1f09ecd5e8ecdfb681ff04c
16736,d6fb379288416774d139632beb88e26b,3ebfce6ccd7540a632ae7e6ad8100c29,SO60214,55,HY-1023-70,1,55,412998e77ee121227580e3d363f75fa2
16736,d6fb379288416774d139632beb88e26b,3ebfce6ccd7540a632ae7e6ad8100c29,SO60214,5,WB-H098,1,5,412998e77ee121227580e3d363f75fa2
16737,2296af5563b2061aa1d88124a37eecb7,6866da5d40f1aad2d82129d5ffa25bda,SO66530,5,WB-H098,1,5,05e7920e8caf0303dc01b77666952b75
16738,174acf6ca4e9804d47a59a499422e621,5abaefcc8525a8f4cfd95cba9e926532,SO58294,27,CA-1098,3,27,eba6cab7267f82e3b2a063d5ea445bb9
16738,174acf6ca4e9804d47a59a499422e621,5abaefcc8525a8f4cfd95cba9e926532,SO58294,22,FE-6654,1,22,eba6cab7267f82e3b2a063d5ea445bb9
16738,d3c54b4368c62c2ff11535bf2b677170,41464bd548f06ca845208f69df30ac82,SO54329,9,BC-R205,1,9,da9c4ba6c9a1ae8725389bfd38b5763a
16738,d3c54b4368c62c2ff11535bf2b677170,41464bd548f06ca845208f69df30ac82,SO54329,5,WB-H098,1,5,da9c4ba6c9a1ae8725389bfd38b5763a
16739,226d694fb4b7f71d62444f9528be8704,714597fe9448176d17876617114a65bc,SO53982,2,PK-7098,1,2,9444f850ff0c10a862b4a6a9c4ab0a74
16739,226d694fb4b7f71d62444f9528be8704,714597fe9448176d17876617114a65bc,SO53982,25,TI-R628,1,25,9444f850ff0c10a862b4a6a9c4ab0a74
16739,226d694fb4b7f71d62444f9528be8704,714597fe9448176d17876617114a65bc,SO53982,4,TT-R982,1,4,9444f850ff0c10a862b4a6a9c4ab0a74
16739,83d1ed00595e79ee5ea3797e97970fe8,fe1fd19c021e78ec395980c2e347865e,SO69170,150,LJ-0192-M,3,150,705fa39ab40831529471c768490339ab
16740,c375f33d72ca7161f341c2726e82d67a,9f79f7706bc6a7654ef0b8977966f69a,SO52726,9,BC-R205,1,9,0dc34ca2aaa8612cde077f1880b78b25
16740,c375f33d72ca7161f341c2726e82d67a,9f79f7706bc6a7654ef0b8977966f69a,SO52726,4886,BK-R89B-44,2,4886,0dc34ca2aaa8612cde077f1880b78b25
16740,c375f33d72ca7161f341c2726e82d67a,9f79f7706bc6a7654ef0b8977966f69a,SO52726,64,VE-C304-M,1,64,0dc34ca2aaa8612cde077f1880b78b25
16740,c375f33d72ca7161f341c2726e82d67a,9f79f7706bc6a7654ef0b8977966f69a,SO52726,5,WB-H098,1,5,0dc34ca2aaa8612cde077f1880b78b25
16740,c5b6ac945db87cf50d20426452434c3a,74f564dd4fda69d37ab2cd85932679fc,SO43928,3578,BK-R93R-52,1,3578,86088cdbc16fb0d5afd262a9b229fed2
16741,07d38a7203ab5925667e754d788a14f6,b47e9c83e7be8d53bdb2baa76353f95d,SO43932,3578,BK-R93R-56,1,3578,052bef40cf5de65502f816e08746e64c
16741,5a06908cc28b799b04fc1c47664462e6,da9c4ba6c9a1ae8725389bfd38b5763a,SO54760,4886,BK-R89B-58,2,4886,6d338b8c41c717c4336ad0084a80dca4
16741,5a06908cc28b799b04fc1c47664462e6,da9c4ba6c9a1ae8725389bfd38b5763a,SO54760,105,HL-U509,3,105,6d338b8c41c717c4336ad0084a80dca4
16742,9c56075241a26f6fa77eb86b15411c6e,9444f850ff0c10a862b4a6a9c4ab0a74,SO54422,9,BC-R205,1,9,ab2e81a99745ffff6c06e2be93290d1b
16742,9c56075241a26f6fa77eb86b15411c6e,9444f850ff0c10a862b4a6a9c4ab0a74,SO54422,4886,BK-R89B-58,2,4886,ab2e81a99745ffff6c06e2be93290d1b
16742,9c56075241a26f6fa77eb86b15411c6e,9444f850ff0c10a862b4a6a9c4ab0a74,SO54422,9,SO-R809-M,1,9,ab2e81a99745ffff6c06e2be93290d1b
16742,9c56075241a26f6fa77eb86b15411c6e,9444f850ff0c10a862b4a6a9c4ab0a74,SO54422,5,WB-H098,1,5,ab2e81a99745ffff6c06e2be93290d1b
16742,9fa48dc8d46636bab53020640f0d42b9,855bbdd661d21a89b7ae61eaea270f2c,SO44041,3578,BK-R93R-52,1,3578,ba5216f340c430ae833596806650eed2
16743,0605970f0e23f47a1e2af81a5f9bc913,07b38747fb1cdad01d7ff97006ca5ccb,SO43921,3578,BK-R93R-52,1,3578,cd9e79fd7a43f48acc7de09fefb697d8
16743,d6ab5a0eee939524352092b964d92b84,106dfbaf552c07a1b08d065f2c343982,SO55225,9,BC-R205,1,9,3c4bf68562424c26986beae6ce13704a
16743,d6ab5a0eee939524352092b964d92b84,106dfbaf552c07a1b08d065f2c343982,SO55225,4886,BK-R89B-58,2,4886,3c4bf68562424c26986beae6ce13704a
16743,d6ab5a0eee939524352092b964d92b84,106dfbaf552c07a1b08d065f2c343982,SO55225,105,HL-U509-B,3,105,3c4bf68562424c26986beae6ce13704a
16743,d6ab5a0eee939524352092b964d92b84,106dfbaf552c07a1b08d065f2c343982,SO55225,5,WB-H098,1,5,3c4bf68562424c26986beae6ce13704a
16744,85e7a76ab1d6d23e87ea418480d5ffe2,93eed705e4cb42d159d4aadc9a0a8461,SO44006,3578,BK-R93R-62,1,3578,4d477da2cac19595261e2755bb0750f4
16744,da9c4ba6c9a1ae8725389bfd38b5763a,3e48b2167bd86ef570e46d0b286c4f74,SO54096,9,BC-R205,1,9,9223b53f03a405f817e91392f0294f6a
16744,da9c4ba6c9a1ae8725389bfd38b5763a,3e48b2167bd86ef570e46d0b286c4f74,SO54096,4886,BK-R89B-48,2,4886,9223b53f03a405f817e91392f0294f6a
16744,da9c4ba6c9a1ae8725389bfd38b5763a,3e48b2167bd86ef570e46d0b286c4f74,SO54096,105,HL-U509-B,3,105,9223b53f03a405f817e91392f0294f6a
16744,da9c4ba6c9a1ae8725389bfd38b5763a,3e48b2167bd86ef570e46d0b286c4f74,SO54096,5,WB-H098,1,5,9223b53f03a405f817e91392f0294f6a
16745,ac15b60491fe99190c0248790e690757,ab2e81a99745ffff6c06e2be93290d1b,SO54808,4886,BK-R89R-58,2,4886,0c8ff735cb2b05718573c08173335fd4
16745,ed14ee5e1bd1ca02f415796fc3f09c6a,86088cdbc16fb0d5afd262a9b229fed2,SO43964,3578,BK-R93R-48,1,3578,c0ac3608147bb8f049e395b41577e2e4
16746,51c449e55b4a63a16fb45beb689150d5,18bea060239713ee5f865109f63f3a8a,SO53643,48,GL-H102-S,2,48,714597fe9448176d17876617114a65bc
16746,51c449e55b4a63a16fb45beb689150d5,18bea060239713ee5f865109f63f3a8a,SO53643,105,HL-U509-B,3,105,714597fe9448176d17876617114a65bc
16746,51c449e55b4a63a16fb45beb689150d5,18bea060239713ee5f865109f63f3a8a,SO53643,5,WB-H098,1,5,714597fe9448176d17876617114a65bc
16747,4cc27df81afd686c0420394e090460cb,39ff8ac1e8a44088f96e17b846ec8baf,SO61301,4886,BK-R89B-52,2,4886,6477c205c5117a9448ba863e111acf32
16747,4cc27df81afd686c0420394e090460cb,39ff8ac1e8a44088f96e17b846ec8baf,SO61301,33,TI-R982,1,33,6477c205c5117a9448ba863e111acf32
16747,4cc27df81afd686c0420394e090460cb,39ff8ac1e8a44088f96e17b846ec8baf,SO61301,4,TT-R982,1,4,6477c205c5117a9448ba863e111acf32
16748,41ef6b06b63ba4f6a5234245a439b157,c4c454d69a39e60a6f5cf2f97148adad,SO72608,54,SJ-0194-X,1,54,545a3d56d20b22e09aa85bfa5ed8738d
16748,41ef6b06b63ba4f6a5234245a439b157,c4c454d69a39e60a6f5cf2f97148adad,SO72608,5,WB-H098,1,5,545a3d56d20b22e09aa85bfa5ed8738d
16749,b2ce0ef2540789e8a6976165b6c917d8,128ee9ff420de424a605a0ee4a6f7916,SO72377,22,FE-6654,1,22,dcf73f840a50da0145f24e8e0169dc4b
16749,b2ce0ef2540789e8a6976165b6c917d8,128ee9ff420de424a605a0ee4a6f7916,SO72377,105,HL-U509,3,105,dcf73f840a50da0145f24e8e0169dc4b
16749,b2ce0ef2540789e8a6976165b6c917d8,128ee9ff420de424a605a0ee4a6f7916,SO72377,5,TT-M928,1,5,dcf73f840a50da0145f24e8e0169dc4b
16750,ac15b60491fe99190c0248790e690757,ab2e81a99745ffff6c06e2be93290d1b,SO54788,2,PK-7098,1,2,0c8ff735cb2b05718573c08173335fd4
16750,ac15b60491fe99190c0248790e690757,ab2e81a99745ffff6c06e2be93290d1b,SO54788,5,TT-M928,1,5,0c8ff735cb2b05718573c08173335fd4
16751,4555f65c4664801d78b9f5477f89d8fd,7ee641303ef8d8b10d0ed00a060c73cc,SO62510,9,BC-R205,1,9,94c60e0b5e2b0f78b919a5d4c67d70a2
16751,4555f65c4664801d78b9f5477f89d8fd,7ee641303ef8d8b10d0ed00a060c73cc,SO62510,4886,BK-R89B-44,2,4886,94c60e0b5e2b0f78b919a5d4c67d70a2
16751,4555f65c4664801d78b9f5477f89d8fd,7ee641303ef8d8b10d0ed00a060c73cc,SO62510,105,HL-U509-R,3,105,94c60e0b5e2b0f78b919a5d4c67d70a2
16751,4555f65c4664801d78b9f5477f89d8fd,7ee641303ef8d8b10d0ed00a060c73cc,SO62510,5,WB-H098,1,5,94c60e0b5e2b0f78b919a5d4c67d70a2
16752,58f0b42da53adeeccbfa693883fea672,8c9ec1be720ee75d56d0c250d10610fa,SO64422,9,BC-R205,1,9,d4746e41b619da57ee9f1a2e2cc254e8
16752,58f0b42da53adeeccbfa693883fea672,8c9ec1be720ee75d56d0c250d10610fa,SO64422,4886,BK-R89B-58,2,4886,d4746e41b619da57ee9f1a2e2cc254e8
16752,58f0b42da53adeeccbfa693883fea672,8c9ec1be720ee75d56d0c250d10610fa,SO64422,55,HY-1023-70,1,55,d4746e41b619da57ee9f1a2e2cc254e8
16752,58f0b42da53adeeccbfa693883fea672,8c9ec1be720ee75d56d0c250d10610fa,SO64422,5,WB-H098,1,5,d4746e41b619da57ee9f1a2e2cc254e8
16753,e5114f65ece65e14e7b721dab1e674e0,c7390752782466cfc9a3ed7d3a79e046,SO68718,4640,BK-M68S-46,2,4640,fe1fd19c021e78ec395980c2e347865e
16754,106dfbaf552c07a1b08d065f2c343982,3f20f21c57e09a6c071e44d1fe74b58a,SO54581,9,BC-R205,1,9,dba3e44e23a1d2c2f299811e94db7fce
16754,106dfbaf552c07a1b08d065f2c343982,3f20f21c57e09a6c071e44d1fe74b58a,SO54581,742,BK-T18Y-50,1,742,dba3e44e23a1d2c2f299811e94db7fce
16754,106dfbaf552c07a1b08d065f2c343982,3f20f21c57e09a6c071e44d1fe74b58a,SO54581,5,WB-H098,1,5,dba3e44e23a1d2c2f299811e94db7fce
16754,a946e75bc65318721cd1e01162d392dd,5efefff01843f5aa3f7d8a4d44b4bf2e,SO63474,4640,BK-M68S-46,2,4640,3a23b248b732af434a45fce0302aa11f
16754,a946e75bc65318721cd1e01162d392dd,5efefff01843f5aa3f7d8a4d44b4bf2e,SO63474,2,PK-7098,1,2,3a23b248b732af434a45fce0302aa11f
16754,a946e75bc65318721cd1e01162d392dd,5efefff01843f5aa3f7d8a4d44b4bf2e,SO63474,35,TI-M823,1,35,3a23b248b732af434a45fce0302aa11f
16754,a946e75bc65318721cd1e01162d392dd,5efefff01843f5aa3f7d8a4d44b4bf2e,SO63474,5,TT-M928,1,5,3a23b248b732af434a45fce0302aa11f
16755,e5114f65ece65e14e7b721dab1e674e0,c7390752782466cfc9a3ed7d3a79e046,SO68719,4590,BK-M68B-46,2,4590,fe1fd19c021e78ec395980c2e347865e
16755,e5114f65ece65e14e7b721dab1e674e0,c7390752782466cfc9a3ed7d3a79e046,SO68719,22,FE-6654,1,22,fe1fd19c021e78ec395980c2e347865e
16756,4584ca349e0920f4436a3c2f36158b85,6e32728b966bb91cefefa1316da21ca8,SO68511,4640,BK-M68S-38,2,4640,ca38f30e56a72f4d0c8d2264322c5862
16756,4584ca349e0920f4436a3c2f36158b85,6e32728b966bb91cefefa1316da21ca8,SO68511,22,FE-6654,1,22,ca38f30e56a72f4d0c8d2264322c5862
16756,4584ca349e0920f4436a3c2f36158b85,6e32728b966bb91cefefa1316da21ca8,SO68511,54,SJ-0194-X,1,54,ca38f30e56a72f4d0c8d2264322c5862
16757,a1e59736d286765313b8212467dc64b2,43e2cc7ff261723f93f64f3f7e9faa8d,SO74230,5,WB-H098,1,5,ca5b8307fa5f2189fb98330a9d65927c
16758,7254e54716fe52361e62aa16ea2e0797,6eaadc1181f307997dc853d9ed40db36,SO59467,742,BK-T18Y-58,1,742,e7df1b3ee078bdcfc260a877f321287d
16758,7299e51cfc0d5174743a6701a8a96488,56d78836c9cf0de136c4d2d37aba2280,SO64768,4640,BK-M68S-38,2,4640,58f0b42da53adeeccbfa693883fea672
16759,70951886788165a5e2439adfce4d0cce,ca38f30e56a72f4d0c8d2264322c5862,SO68977,2,PK-7098,1,2,c885741a5e3e55c84950327011b70289
16759,70951886788165a5e2439adfce4d0cce,ca38f30e56a72f4d0c8d2264322c5862,SO68977,5,WB-H098,1,5,c885741a5e3e55c84950327011b70289
16760,40e7dd73b09eac540e790daf6fac41af,14e4b13c27fb9bce9938ce35b6597eca,SO54160,27,CA-1098,3,27,3f20f21c57e09a6c071e44d1fe74b58a
16760,40e7dd73b09eac540e790daf6fac41af,14e4b13c27fb9bce9938ce35b6597eca,SO54160,54,SJ-0194-S,1,54,3f20f21c57e09a6c071e44d1fe74b58a
16760,40e7dd73b09eac540e790daf6fac41af,14e4b13c27fb9bce9938ce35b6597eca,SO54160,5,WB-H098,1,5,3f20f21c57e09a6c071e44d1fe74b58a
16761,058af5b2a408d57b708367e5bf4e9d9c,e82ca4c6beebe812f10fa1041b97a160,SO66811,4886,BK-R89R-58,2,4886,c507827aa5f4f6bbedf64058461c621b
16761,058af5b2a408d57b708367e5bf4e9d9c,e82ca4c6beebe812f10fa1041b97a160,SO66811,33,TI-R982,1,33,c507827aa5f4f6bbedf64058461c621b
16762,b322422d9a721bbdefa133133dd407c1,07b7d2aed13a63a16377587dcc0abbe8,SO66863,4886,BK-R89B-44,2,4886,2296af5563b2061aa1d88124a37eecb7
16762,b322422d9a721bbdefa133133dd407c1,07b7d2aed13a63a16377587dcc0abbe8,SO66863,33,TI-R982,1,33,2296af5563b2061aa1d88124a37eecb7
16762,b322422d9a721bbdefa133133dd407c1,07b7d2aed13a63a16377587dcc0abbe8,SO66863,4,TT-R982,1,4,2296af5563b2061aa1d88124a37eecb7
16763,55f9f4cb5784581a517e59904e0d5e2f,9b6872ca1d80024637e967d1066bba0a,SO56053,1701,BK-R79Y-48,1,1701,1678083e7ff90bd404baad3f60bffa37
16764,244cede513841376c37dc856f2f5e7b9,5e1b952a22eccca86f7f056a9efb42a4,SO58393,1701,BK-R79Y-44,1,1701,debbb2493c6588799fc787e1854bcda5
16764,244cede513841376c37dc856f2f5e7b9,5e1b952a22eccca86f7f056a9efb42a4,SO58393,48,GL-H102-M,2,48,debbb2493c6588799fc787e1854bcda5
16764,244cede513841376c37dc856f2f5e7b9,5e1b952a22eccca86f7f056a9efb42a4,SO58393,105,HL-U509-B,3,105,debbb2493c6588799fc787e1854bcda5
16765,3a23b248b732af434a45fce0302aa11f,db2f6a564b6f5f41253c68874b50962b,SO62969,5,WB-H098,1,5,290499d9b8e65db426ba9b842714eb6d
16766,f544b472453b297a8b55709fbfd3746d,70951886788165a5e2439adfce4d0cce,SO70049,5,WB-H098,1,5,331afa0aff1b1cfbf3d24944ab38c9d2
16767,9c56075241a26f6fa77eb86b15411c6e,9444f850ff0c10a862b4a6a9c4ab0a74,SO54400,55,HY-1023-70,1,55,ab2e81a99745ffff6c06e2be93290d1b
16767,9c56075241a26f6fa77eb86b15411c6e,9444f850ff0c10a862b4a6a9c4ab0a74,SO54400,5,WB-H098,1,5,ab2e81a99745ffff6c06e2be93290d1b
16768,5728955fc583cbfd901d0ba25cb20f92,db10519e66d9a7b809b91935ad1a696d,SO74866,5,WB-H098,1,5,01e8942a5792053a553c4612bd6c06a6
16769,66e56e10b0f528b66a45e307ecdf4774,691ad1b0dca3643b923973defd014d47,SO68574,5,WB-H098,1,5,8eb7a1b0dba9fdd5f4248b9cb6b9119b
16770,3a2f313512bb520c43971e54ba834dec,a1fedb8f5f2e08543339a5f167bee6b7,SO65928,4886,BK-R89B-44,2,4886,e2f0a420a4c1a9e8e292761f835e0489
16770,3a2f313512bb520c43971e54ba834dec,a1fedb8f5f2e08543339a5f167bee6b7,SO65928,105,HL-U509-R,3,105,e2f0a420a4c1a9e8e292761f835e0489
16771,058af5b2a408d57b708367e5bf4e9d9c,e82ca4c6beebe812f10fa1041b97a160,SO66795,10,BC-M005,1,10,c507827aa5f4f6bbedf64058461c621b
16771,058af5b2a408d57b708367e5bf4e9d9c,e82ca4c6beebe812f10fa1041b97a160,SO66795,105,HL-U509-B,3,105,c507827aa5f4f6bbedf64058461c621b
16771,058af5b2a408d57b708367e5bf4e9d9c,e82ca4c6beebe812f10fa1041b97a160,SO66795,5,WB-H098,1,5,c507827aa5f4f6bbedf64058461c621b
16771,41464bd548f06ca845208f69df30ac82,15aceb75d86814cb479f1b1a9487c3d4,SO53703,22,FE-6654,1,22,3e48b2167bd86ef570e46d0b286c4f74
16771,714597fe9448176d17876617114a65bc,d6ec5bff1a0809822c740ce35792fa7a,SO53201,33,TI-R982,1,33,3143ce3c6436ed5bd25398756b7b661d
16772,13b7c2277967bc61802018c764b5b2a0,9c55d6518880c1abf100a24da2546368,SO74513,105,HL-U509-B,3,105,0e000451f430d2e5b745a08b4ee7836c
16772,13b7c2277967bc61802018c764b5b2a0,9c55d6518880c1abf100a24da2546368,SO74513,150,LJ-0192-M,3,150,0e000451f430d2e5b745a08b4ee7836c
16772,13b7c2277967bc61802018c764b5b2a0,9c55d6518880c1abf100a24da2546368,SO74513,33,TI-R982,1,33,0e000451f430d2e5b745a08b4ee7836c
16772,13b7c2277967bc61802018c764b5b2a0,9c55d6518880c1abf100a24da2546368,SO74513,4,TT-R982,1,4,0e000451f430d2e5b745a08b4ee7836c
16772,6d338b8c41c717c4336ad0084a80dca4,9223b53f03a405f817e91392f0294f6a,SO54446,10,BC-M005,1,10,40e7dd73b09eac540e790daf6fac41af
16772,6d338b8c41c717c4336ad0084a80dca4,9223b53f03a405f817e91392f0294f6a,SO54446,5,WB-H098,1,5,40e7dd73b09eac540e790daf6fac41af
16772,962bae2fb03296a3b9cacabfa929322c,0da2bc000f1fe4ea8746f9aea0bb5879,SO69125,22,FE-6654,1,22,c4369eefdf9bb8a3f9115e96b40aaf17
16773,7ee641303ef8d8b10d0ed00a060c73cc,eef21e68ecca703bb338920b950f203c,SO61751,27,CA-1098,3,27,0d15ba5aa4c9ad0377b26e0cf7a86280
16773,7ee641303ef8d8b10d0ed00a060c73cc,eef21e68ecca703bb338920b950f203c,SO61751,5,WB-H098,1,5,0d15ba5aa4c9ad0377b26e0cf7a86280
16774,d6fb379288416774d139632beb88e26b,3ebfce6ccd7540a632ae7e6ad8100c29,SO60212,150,LJ-0192-L,3,150,412998e77ee121227580e3d363f75fa2
16774,d6fb379288416774d139632beb88e26b,3ebfce6ccd7540a632ae7e6ad8100c29,SO60212,5,WB-H098,1,5,412998e77ee121227580e3d363f75fa2
16775,cd15e5f80ff20dd345bfaa51400dd0d6,3a2f313512bb520c43971e54ba834dec,SO66663,5,WB-H098,1,5,4efe8b2ca156042f8a3d8dd6aba54520
16776,8e8847c1bdf012037ee13bb62da8a5c1,c507827aa5f4f6bbedf64058461c621b,SO67235,4886,BK-R89B-44,2,4886,6dd75c28a9a8a39e02bc0a175f82a9f3
16777,3e48b2167bd86ef570e46d0b286c4f74,072bf847aeeee970f66483e596496cd9,SO53262,120,RA-H123,1,120,3e07f09fb2edbdf0bf6a54c17634514b
16777,3e48b2167bd86ef570e46d0b286c4f74,072bf847aeeee970f66483e596496cd9,SO53262,5,WB-H098,1,5,3e07f09fb2edbdf0bf6a54c17634514b
16778,f06fd077b6afc2d69af6e1e548da266d,c135545cc3f3a739132ffdbc8096f3d4,SO69286,4886,BK-R89B-58,2,4886,175a5d217fad85df9f6639d7ced1e5d9
16778,f06fd077b6afc2d69af6e1e548da266d,c135545cc3f3a739132ffdbc8096f3d4,SO69286,27,CA-1098,3,27,175a5d217fad85df9f6639d7ced1e5d9
16778,f06fd077b6afc2d69af6e1e548da266d,c135545cc3f3a739132ffdbc8096f3d4,SO69286,105,HL-U509-R,3,105,175a5d217fad85df9f6639d7ced1e5d9
16778,f06fd077b6afc2d69af6e1e548da266d,c135545cc3f3a739132ffdbc8096f3d4,SO69286,54,SJ-0194-L,1,54,175a5d217fad85df9f6639d7ced1e5d9
16779,3fe686907939d07097f6c87f08025422,8eb7a1b0dba9fdd5f4248b9cb6b9119b,SO69060,4590,BK-M68B-42,2,4590,e5114f65ece65e14e7b721dab1e674e0
16779,3fe686907939d07097f6c87f08025422,8eb7a1b0dba9fdd5f4248b9cb6b9119b,SO69060,2,PK-7098,1,2,e5114f65ece65e14e7b721dab1e674e0
16780,6866da5d40f1aad2d82129d5ffa25bda,b68fd63ca41d49bfc1b18251202c053f,SO65764,150,LJ-0192-M,3,150,eea5b3bd1bd5d5c62a1d22f78d3ba263
16780,6866da5d40f1aad2d82129d5ffa25bda,b68fd63ca41d49bfc1b18251202c053f,SO65764,5,WB-H098,1,5,eea5b3bd1bd5d5c62a1d22f78d3ba263
16781,5e9b4970006d8f02ba0bc1763fa8b9a6,b2e85aa5f9c095607e638c7e6e2c694b,SO51947,48,GL-H102-S,2,48,ca510b577b53d588f80b4fc76030ea52
16781,5e9b4970006d8f02ba0bc1763fa8b9a6,b2e85aa5f9c095607e638c7e6e2c694b,SO51947,105,HL-U509,3,105,ca510b577b53d588f80b4fc76030ea52
16781,5e9b4970006d8f02ba0bc1763fa8b9a6,b2e85aa5f9c095607e638c7e6e2c694b,SO51947,5,WB-H098,1,5,ca510b577b53d588f80b4fc76030ea52
16782,b34050290c25b0f7b52a2b8f767df87d,caa707f97407c07371136aaf471a91d4,SO68005,4886,BK-R89R-58,2,4886,36ab6f1df21f3c9a169c8942e981959a
16782,b34050290c25b0f7b52a2b8f767df87d,caa707f97407c07371136aaf471a91d4,SO68005,2,PK-7098,1,2,36ab6f1df21f3c9a169c8942e981959a
16782,b34050290c25b0f7b52a2b8f767df87d,caa707f97407c07371136aaf471a91d4,SO68005,33,TI-R982,1,33,36ab6f1df21f3c9a169c8942e981959a
16782,b34050290c25b0f7b52a2b8f767df87d,caa707f97407c07371136aaf471a91d4,SO68005,4,TT-R982,1,4,36ab6f1df21f3c9a169c8942e981959a
16783,58c4ce5b9433e7b6d41793d5a76d5590,1556bafff387fc8f2f6fef64c1daa6bc,SO71320,9,BC-R205,1,9,fd5ba6fdeb81e07b2caf0b103489bd8d
16783,58c4ce5b9433e7b6d41793d5a76d5590,1556bafff387fc8f2f6fef64c1daa6bc,SO71320,4886,BK-R89B-58,2,4886,fd5ba6fdeb81e07b2caf0b103489bd8d
16783,58c4ce5b9433e7b6d41793d5a76d5590,1556bafff387fc8f2f6fef64c1daa6bc,SO71320,5,WB-H098,1,5,fd5ba6fdeb81e07b2caf0b103489bd8d
16784,375bde15092f45652b6398c1dff650d0,830e779850b1d58733a7ad711bf6b83f,SO57350,1701,BK-R79Y-42,1,1701,a8ef76a01442567fb64eb6f4408a9835
16784,375bde15092f45652b6398c1dff650d0,830e779850b1d58733a7ad711bf6b83f,SO57350,105,HL-U509-B,3,105,a8ef76a01442567fb64eb6f4408a9835
16785,9f1ff00ea8fd9fd8f2d421ba5ec45a18,f88b3743a9ce1f9455b6de69380b486a,SO67458,10,BC-M005,1,10,0001ffe4d82d0d8f9fec5ab0b4faa2db
16785,9f1ff00ea8fd9fd8f2d421ba5ec45a18,f88b3743a9ce1f9455b6de69380b486a,SO67458,4640,BK-M68S-38,2,4640,0001ffe4d82d0d8f9fec5ab0b4faa2db
16785,9f1ff00ea8fd9fd8f2d421ba5ec45a18,f88b3743a9ce1f9455b6de69380b486a,SO67458,8,CL-9009,1,8,0001ffe4d82d0d8f9fec5ab0b4faa2db
16785,9f1ff00ea8fd9fd8f2d421ba5ec45a18,f88b3743a9ce1f9455b6de69380b486a,SO67458,5,WB-H098,1,5,0001ffe4d82d0d8f9fec5ab0b4faa2db
16786,83d1ed00595e79ee5ea3797e97970fe8,fe1fd19c021e78ec395980c2e347865e,SO69216,4590,BK-M68B-42,2,4590,705fa39ab40831529471c768490339ab
16787,d5985f40495ba672dff8a99620b879c8,a9adf65abbb865184bf924d14a93d0c4,SO71518,105,HL-U509-R,3,105,8f472ffe3ff3109f420ae91355ff8f3f
16787,d5985f40495ba672dff8a99620b879c8,a9adf65abbb865184bf924d14a93d0c4,SO71518,5,WB-H098,1,5,8f472ffe3ff3109f420ae91355ff8f3f
16788,427ed6396fba4ed8ead9ec3229517d2b,3519c8eb4095dbc69d80eb61856d3435,SO56246,105,HL-U509-R,3,105,629ffff971d10f275a79a70fae527fbc
16788,427ed6396fba4ed8ead9ec3229517d2b,3519c8eb4095dbc69d80eb61856d3435,SO56246,5,WB-H098,1,5,629ffff971d10f275a79a70fae527fbc
16789,43e2cc7ff261723f93f64f3f7e9faa8d,a6f2945baeceeef4c8d541a22f6e99e9,SO73464,4886,BK-R89B-52,2,4886,88077cf01a3e17831c2d0bcca5897c5b
16790,8babade0595c11e14dd89058a850f2cd,a048b8d5f3f9178f163e2be055f0138b,SO73910,4886,BK-R89R-58,2,4886,501407dcfde5b685045ca3072168d5bb
16790,8babade0595c11e14dd89058a850f2cd,a048b8d5f3f9178f163e2be055f0138b,SO73910,105,HL-U509-B,3,105,501407dcfde5b685045ca3072168d5bb
16790,8babade0595c11e14dd89058a850f2cd,a048b8d5f3f9178f163e2be055f0138b,SO73910,150,LJ-0192-M,3,150,501407dcfde5b685045ca3072168d5bb
16790,8babade0595c11e14dd89058a850f2cd,a048b8d5f3f9178f163e2be055f0138b,SO73910,33,TI-R982,1,33,501407dcfde5b685045ca3072168d5bb
16790,8babade0595c11e14dd89058a850f2cd,a048b8d5f3f9178f163e2be055f0138b,SO73910,4,TT-R982,1,4,501407dcfde5b685045ca3072168d5bb
16791,6eaadc1181f307997dc853d9ed40db36,0814775cfc25da756a9b4197347ab771,SO58520,1701,BK-R79Y-42,1,1701,4dbf892d41ae205f6e36838031cff786
16791,6eaadc1181f307997dc853d9ed40db36,0814775cfc25da756a9b4197347ab771,SO58520,25,TI-R628,1,25,4dbf892d41ae205f6e36838031cff786
16791,6eaadc1181f307997dc853d9ed40db36,0814775cfc25da756a9b4197347ab771,SO58520,4,TT-R982,1,4,4dbf892d41ae205f6e36838031cff786
16792,b2e85aa5f9c095607e638c7e6e2c694b,3500da16b6d3d0da611bc08c2b1e1c05,SO51504,1701,BK-R79Y-40,1,1701,88f50aa0771fa4f938f7b54792e066c8
16792,b2e85aa5f9c095607e638c7e6e2c694b,3500da16b6d3d0da611bc08c2b1e1c05,SO51504,105,HL-U509,3,105,88f50aa0771fa4f938f7b54792e066c8
16793,e8c0bfc4371d81db0dacde1b8fa393ca,e5cdc2e9be5ecca55f34ea2ebabb8670,SO51344,1701,BK-R79Y-42,1,1701,01070cf843f2ca45e3d4ec7c02c52551
16793,e8c0bfc4371d81db0dacde1b8fa393ca,e5cdc2e9be5ecca55f34ea2ebabb8670,SO51344,27,CA-1098,3,27,01070cf843f2ca45e3d4ec7c02c52551
16793,e8c0bfc4371d81db0dacde1b8fa393ca,e5cdc2e9be5ecca55f34ea2ebabb8670,SO51344,150,LJ-0192-X,3,150,01070cf843f2ca45e3d4ec7c02c52551
16793,e8c0bfc4371d81db0dacde1b8fa393ca,e5cdc2e9be5ecca55f34ea2ebabb8670,SO51344,25,TI-R628,1,25,01070cf843f2ca45e3d4ec7c02c52551
16793,e8c0bfc4371d81db0dacde1b8fa393ca,e5cdc2e9be5ecca55f34ea2ebabb8670,SO51344,4,TT-R982,1,4,01070cf843f2ca45e3d4ec7c02c52551
16794,a7cb0a760406e2013c8442a429fed0ae,07713adfd12a8cd9d376671631f3bc02,SO51465,1701,BK-R79Y-42,1,1701,bc58efba5e800fb688b34bfde89c24bf
16794,a7cb0a760406e2013c8442a429fed0ae,07713adfd12a8cd9d376671631f3bc02,SO51465,105,HL-U509-B,3,105,bc58efba5e800fb688b34bfde89c24bf
16794,a7cb0a760406e2013c8442a429fed0ae,07713adfd12a8cd9d376671631f3bc02,SO51465,150,LJ-0192-L,3,150,bc58efba5e800fb688b34bfde89c24bf
16795,921bc92a493b53f98f24e6a8a12801be,17520f5649fab40fb66771362888cb90,SO71440,8,CL-9009,1,8,6a8d7e42bb852c45fbf8610361d391a0
16795,921bc92a493b53f98f24e6a8a12801be,17520f5649fab40fb66771362888cb90,SO71440,55,HY-1023-70,1,55,6a8d7e42bb852c45fbf8610361d391a0
16795,921bc92a493b53f98f24e6a8a12801be,17520f5649fab40fb66771362888cb90,SO71440,5,WB-H098,1,5,6a8d7e42bb852c45fbf8610361d391a0
16796,07b31bae17c7890b17d79a654aa230cf,a976f17830aceaaa93d5daef0bc209a3,SO58155,150,LJ-0192-M,3,150,ef5bad66aa19ccfb82cacb73584b83ea
16796,07b31bae17c7890b17d79a654aa230cf,a976f17830aceaaa93d5daef0bc209a3,SO58155,5,WB-H098,1,5,ef5bad66aa19ccfb82cacb73584b83ea
16797,96a3262695f10a59b726f3dfd4782c4d,4c198b2e79c53a9853bfbc76e8e8ae1e,SO51362,1701,BK-R79Y-42,1,1701,07713adfd12a8cd9d376671631f3bc02
16797,96a3262695f10a59b726f3dfd4782c4d,4c198b2e79c53a9853bfbc76e8e8ae1e,SO51362,2,PK-7098,1,2,07713adfd12a8cd9d376671631f3bc02
16797,96a3262695f10a59b726f3dfd4782c4d,4c198b2e79c53a9853bfbc76e8e8ae1e,SO51362,25,TI-R628,1,25,07713adfd12a8cd9d376671631f3bc02
16797,96a3262695f10a59b726f3dfd4782c4d,4c198b2e79c53a9853bfbc76e8e8ae1e,SO51362,4,TT-R982,1,4,07713adfd12a8cd9d376671631f3bc02
16798,20b5e9ce0f87defd975a322149ec8cc6,9bbc713be22755b8ea8e3b596e06edd2,SO51486,1701,BK-R79Y-44,1,1701,679eed5d77e30211eb990c0c13145df3
16798,20b5e9ce0f87defd975a322149ec8cc6,9bbc713be22755b8ea8e3b596e06edd2,SO51486,105,HL-U509-B,3,105,679eed5d77e30211eb990c0c13145df3
16798,20b5e9ce0f87defd975a322149ec8cc6,9bbc713be22755b8ea8e3b596e06edd2,SO51486,25,TI-R628,1,25,679eed5d77e30211eb990c0c13145df3
16798,20b5e9ce0f87defd975a322149ec8cc6,9bbc713be22755b8ea8e3b596e06edd2,SO51486,4,TT-R982,1,4,679eed5d77e30211eb990c0c13145df3
16799,eedd9be5500334505ed9d4aef801ac3d,679eed5d77e30211eb990c0c13145df3,SO51607,1701,BK-R79Y-40,1,1701,7af7abc5e37d5fa2e2334b4fec2584e2
16800,af1457846a79173ef71dd9d5dd69805a,254d832c83ccdb2c33eab65a4fd196ff,SO60343,10,BC-M005,1,10,ce08c22f7777768ce4197eab9727516c
16800,af1457846a79173ef71dd9d5dd69805a,254d832c83ccdb2c33eab65a4fd196ff,SO60343,5,WB-H098,1,5,ce08c22f7777768ce4197eab9727516c
16800,d612b5fb3f6011688fb0c9927693365a,3e107cd1554225ea3056ed5010adce90,SO74383,33,TI-R982,1,33,a1e59736d286765313b8212467dc64b2
16800,d612b5fb3f6011688fb0c9927693365a,3e107cd1554225ea3056ed5010adce90,SO74383,4,TT-R982,1,4,a1e59736d286765313b8212467dc64b2
16800,dcf73f840a50da0145f24e8e0169dc4b,2797a91b25bc2aa85124c99bc574dc83,SO72038,22,FE-6654,1,22,d5985f40495ba672dff8a99620b879c8
16800,dcf73f840a50da0145f24e8e0169dc4b,2797a91b25bc2aa85124c99bc574dc83,SO72038,2,PK-7098,1,2,d5985f40495ba672dff8a99620b879c8
16801,07b7d2aed13a63a16377587dcc0abbe8,02b96ab6e0935145589be4e1408a1675,SO66110,150,LJ-0192-S,3,150,6866da5d40f1aad2d82129d5ffa25bda
16801,07b7d2aed13a63a16377587dcc0abbe8,02b96ab6e0935145589be4e1408a1675,SO66110,5,WB-H098,1,5,6866da5d40f1aad2d82129d5ffa25bda
16802,15aceb75d86814cb479f1b1a9487c3d4,f799d104dd23bb828dcdaaefc4d25b61,SO52903,9,SO-R809-L,1,9,072bf847aeeee970f66483e596496cd9
16802,15aceb75d86814cb479f1b1a9487c3d4,f799d104dd23bb828dcdaaefc4d25b61,SO52903,5,WB-H098,1,5,072bf847aeeee970f66483e596496cd9
16803,0a6c721efa4fbe33f8e9e76a63f5b591,01070cf843f2ca45e3d4ec7c02c52551,SO51458,1701,BK-R79Y-44,1,1701,0990769bd233255d308a2f2137e95214
16803,0a6c721efa4fbe33f8e9e76a63f5b591,01070cf843f2ca45e3d4ec7c02c52551,SO51458,27,CA-1098,3,27,0990769bd233255d308a2f2137e95214
16803,0a6c721efa4fbe33f8e9e76a63f5b591,01070cf843f2ca45e3d4ec7c02c52551,SO51458,150,LJ-0192-S,3,150,0990769bd233255d308a2f2137e95214
16804,a7cb0a760406e2013c8442a429fed0ae,07713adfd12a8cd9d376671631f3bc02,SO51466,1701,BK-R79Y-48,1,1701,bc58efba5e800fb688b34bfde89c24bf
16804,a7cb0a760406e2013c8442a429fed0ae,07713adfd12a8cd9d376671631f3bc02,SO51466,2,PK-7098,1,2,bc58efba5e800fb688b34bfde89c24bf
16804,a7cb0a760406e2013c8442a429fed0ae,07713adfd12a8cd9d376671631f3bc02,SO51466,25,TI-R628,1,25,bc58efba5e800fb688b34bfde89c24bf
16805,a7cb0a760406e2013c8442a429fed0ae,07713adfd12a8cd9d376671631f3bc02,SO51467,9,BC-R205,1,9,bc58efba5e800fb688b34bfde89c24bf
16805,a7cb0a760406e2013c8442a429fed0ae,07713adfd12a8cd9d376671631f3bc02,SO51467,1701,BK-R79Y-42,1,1701,bc58efba5e800fb688b34bfde89c24bf
16805,a7cb0a760406e2013c8442a429fed0ae,07713adfd12a8cd9d376671631f3bc02,SO51467,54,SJ-0194-M,1,54,bc58efba5e800fb688b34bfde89c24bf
16805,a7cb0a760406e2013c8442a429fed0ae,07713adfd12a8cd9d376671631f3bc02,SO51467,5,WB-H098,1,5,bc58efba5e800fb688b34bfde89c24bf
16806,a6f2945baeceeef4c8d541a22f6e99e9,d5985f40495ba672dff8a99620b879c8,SO72532,150,LJ-0192-X,3,150,95a2a9aefc393f8630e934768cacf4cd
16806,a6f2945baeceeef4c8d541a22f6e99e9,d5985f40495ba672dff8a99620b879c8,SO72532,5,WB-H098,1,5,95a2a9aefc393f8630e934768cacf4cd
16807,0a6c721efa4fbe33f8e9e76a63f5b591,01070cf843f2ca45e3d4ec7c02c52551,SO51459,1701,BK-R79Y-40,1,1701,0990769bd233255d308a2f2137e95214
16807,0a6c721efa4fbe33f8e9e76a63f5b591,01070cf843f2ca45e3d4ec7c02c52551,SO51459,2,PK-7098,1,2,0990769bd233255d308a2f2137e95214
16807,0a6c721efa4fbe33f8e9e76a63f5b591,01070cf843f2ca45e3d4ec7c02c52551,SO51459,25,TI-R628,1,25,0990769bd233255d308a2f2137e95214
16808,c507827aa5f4f6bbedf64058461c621b,6d1d8a1c7851eb5a946d45009cea6d9f,SO66462,27,CA-1098,3,27,dfcee565bb2da80a7b76451a5cd314a1
16808,c507827aa5f4f6bbedf64058461c621b,6d1d8a1c7851eb5a946d45009cea6d9f,SO66462,5,WB-H098,1,5,dfcee565bb2da80a7b76451a5cd314a1
16809,4584ca349e0920f4436a3c2f36158b85,6e32728b966bb91cefefa1316da21ca8,SO68495,27,CA-1098,3,27,ca38f30e56a72f4d0c8d2264322c5862
16809,4584ca349e0920f4436a3c2f36158b85,6e32728b966bb91cefefa1316da21ca8,SO68495,5,WB-H098,1,5,ca38f30e56a72f4d0c8d2264322c5862
16810,8728a5e296f39e49d2fa74c31820e99f,66e56e10b0f528b66a45e307ecdf4774,SO69635,742,BK-T18U-44,1,742,3fe686907939d07097f6c87f08025422
16810,f75e5f8c15ca91ec5c869dc3881f574f,3a23b248b732af434a45fce0302aa11f,SO63931,4640,BK-M68S-42,2,4640,03bf7d2a8718ee9aca4bd2f37e962fc4
16810,f75e5f8c15ca91ec5c869dc3881f574f,3a23b248b732af434a45fce0302aa11f,SO63931,2,PK-7098,1,2,03bf7d2a8718ee9aca4bd2f37e962fc4
16811,6d44506d59926d8d13d35f75d97f2a64,deff8ad81a213d1110c1f409a7f40fcd,SO53435,1701,BK-R79Y-40,1,1701,f476906875bc5d9abe836b4ea1f485c1
16812,18bea060239713ee5f865109f63f3a8a,7f026edc73bd4602381834e9b850d6c2,SO52875,1701,BK-R79Y-44,1,1701,d6ec5bff1a0809822c740ce35792fa7a
16812,18bea060239713ee5f865109f63f3a8a,7f026edc73bd4602381834e9b850d6c2,SO52875,105,HL-U509-R,3,105,d6ec5bff1a0809822c740ce35792fa7a
16813,921bc92a493b53f98f24e6a8a12801be,17520f5649fab40fb66771362888cb90,SO71441,27,CA-1098,3,27,6a8d7e42bb852c45fbf8610361d391a0
16813,921bc92a493b53f98f24e6a8a12801be,17520f5649fab40fb66771362888cb90,SO71441,5,WB-H098,1,5,6a8d7e42bb852c45fbf8610361d391a0
16814,b8cc77f0099ae7d3a20b9f0b74d70b12,70ad7386c1fe794c57fa3908ff22435d,SO52186,105,HL-U509-R,3,105,5e9b4970006d8f02ba0bc1763fa8b9a6
16814,b8cc77f0099ae7d3a20b9f0b74d70b12,70ad7386c1fe794c57fa3908ff22435d,SO52186,5,WB-H098,1,5,5e9b4970006d8f02ba0bc1763fa8b9a6
16815,722dc621a1a56555843f574144bfcdf0,d27974ca95fd620ac92cf95bf8c1d1f2,SO74543,5,WB-H098,1,5,d612b5fb3f6011688fb0c9927693365a
16816,0e000451f430d2e5b745a08b4ee7836c,9795c57676ee8b8b6ba9a6f9014a520b,SO74351,5,WB-H098,1,5,e4b40b4ba619c72ec5a69caad258d393
16817,0da2bc000f1fe4ea8746f9aea0bb5879,702a02712215141594ddf8e52b0a651c,SO68303,5,WB-H098,1,5,b34050290c25b0f7b52a2b8f767df87d
16818,c7390752782466cfc9a3ed7d3a79e046,0001ffe4d82d0d8f9fec5ab0b4faa2db,SO67940,10,BC-M005,1,10,16e364d19895243407b256ec272d5394
16818,c7390752782466cfc9a3ed7d3a79e046,0001ffe4d82d0d8f9fec5ab0b4faa2db,SO67940,4640,BK-M68S-42,2,4640,16e364d19895243407b256ec272d5394
16818,c7390752782466cfc9a3ed7d3a79e046,0001ffe4d82d0d8f9fec5ab0b4faa2db,SO67940,22,FE-6654,1,22,16e364d19895243407b256ec272d5394
16818,c7390752782466cfc9a3ed7d3a79e046,0001ffe4d82d0d8f9fec5ab0b4faa2db,SO67940,105,HL-U509-B,3,105,16e364d19895243407b256ec272d5394
16818,c7390752782466cfc9a3ed7d3a79e046,0001ffe4d82d0d8f9fec5ab0b4faa2db,SO67940,5,WB-H098,1,5,16e364d19895243407b256ec272d5394
16819,0da2bc000f1fe4ea8746f9aea0bb5879,702a02712215141594ddf8e52b0a651c,SO68325,4590,BK-M68B-46,2,4590,b34050290c25b0f7b52a2b8f767df87d
16819,0da2bc000f1fe4ea8746f9aea0bb5879,702a02712215141594ddf8e52b0a651c,SO68325,22,FE-6654,1,22,b34050290c25b0f7b52a2b8f767df87d
16820,4eec6eda382b9c44e240ad4b4b5e9cc0,f75e5f8c15ca91ec5c869dc3881f574f,SO64712,4590,BK-M68B-38,2,4590,94b225b5b1f09ecd5e8ecdfb681ff04c
16820,4eec6eda382b9c44e240ad4b4b5e9cc0,f75e5f8c15ca91ec5c869dc3881f574f,SO64712,22,FE-6654,1,22,94b225b5b1f09ecd5e8ecdfb681ff04c
16820,4eec6eda382b9c44e240ad4b4b5e9cc0,f75e5f8c15ca91ec5c869dc3881f574f,SO64712,48,GL-H102-L,2,48,94b225b5b1f09ecd5e8ecdfb681ff04c
16820,86e0fc464cbb08ae74bd039224afec9a,38c9e5d1e366b4c5c36aae682bc960c4,SO72711,9,BC-R205,1,9,8920fd63645007b243abb750709b1172
16820,86e0fc464cbb08ae74bd039224afec9a,38c9e5d1e366b4c5c36aae682bc960c4,SO72711,742,BK-T18U-58,1,742,8920fd63645007b243abb750709b1172
16820,86e0fc464cbb08ae74bd039224afec9a,38c9e5d1e366b4c5c36aae682bc960c4,SO72711,120,RA-H123,1,120,8920fd63645007b243abb750709b1172
16820,86e0fc464cbb08ae74bd039224afec9a,38c9e5d1e366b4c5c36aae682bc960c4,SO72711,5,WB-H098,1,5,8920fd63645007b243abb750709b1172
16821,5072507e949a2c25948a591c4da194e1,a189cc17a15cdb4e39e80dfcd8374c76,SO59706,9,BC-R205,1,9,ad0b7f5ad35732646f1e5f67418d5995
16821,5072507e949a2c25948a591c4da194e1,a189cc17a15cdb4e39e80dfcd8374c76,SO59706,2384,BK-T79U-54,1,2384,ad0b7f5ad35732646f1e5f67418d5995
16821,5072507e949a2c25948a591c4da194e1,a189cc17a15cdb4e39e80dfcd8374c76,SO59706,105,HL-U509,3,105,ad0b7f5ad35732646f1e5f67418d5995
16821,5072507e949a2c25948a591c4da194e1,a189cc17a15cdb4e39e80dfcd8374c76,SO59706,5,WB-H098,1,5,ad0b7f5ad35732646f1e5f67418d5995
16821,782652638a2153c2b28e4a4522354d0f,fee42f8d62443b64a7e92c5e13c2fffe,SO48823,2443,BK-R89R-48,1,2443,ef6f862d87544c63e2c3dbb4d95a25a1
16821,c87874400b9f907bdf9ea37d75a4b341,23bd9a9b90557e9da7babfb8e3d2df22,SO64548,10,BC-M005,1,10,8b9fe4b34e3c54f08bfcac3d9691e260
16821,c87874400b9f907bdf9ea37d75a4b341,23bd9a9b90557e9da7babfb8e3d2df22,SO64548,4590,BK-M68B-46,2,4590,8b9fe4b34e3c54f08bfcac3d9691e260
16821,c87874400b9f907bdf9ea37d75a4b341,23bd9a9b90557e9da7babfb8e3d2df22,SO64548,105,HL-U509,3,105,8b9fe4b34e3c54f08bfcac3d9691e260
16821,c87874400b9f907bdf9ea37d75a4b341,23bd9a9b90557e9da7babfb8e3d2df22,SO64548,5,WB-H098,1,5,8b9fe4b34e3c54f08bfcac3d9691e260
16822,c260b06ffc51ebc422646203046c8eda,4360a17b804bbfc81824d06174bd61a1,SO48150,2443,BK-R89R-48,1,2443,5fcf51a91997cecbc58d2bde1a28e1ec
16822,c507827aa5f4f6bbedf64058461c621b,6d1d8a1c7851eb5a946d45009cea6d9f,SO66501,2384,BK-T79U-46,1,2384,dfcee565bb2da80a7b76451a5cd314a1
16822,c507827aa5f4f6bbedf64058461c621b,6d1d8a1c7851eb5a946d45009cea6d9f,SO66501,27,CA-1098,3,27,dfcee565bb2da80a7b76451a5cd314a1
16822,c507827aa5f4f6bbedf64058461c621b,6d1d8a1c7851eb5a946d45009cea6d9f,SO66501,105,HL-U509,3,105,dfcee565bb2da80a7b76451a5cd314a1
16822,d4746e41b619da57ee9f1a2e2cc254e8,81a5d08c6beaeec9e42baae5d63dd780,SO64071,10,BC-M005,1,10,23bd9a9b90557e9da7babfb8e3d2df22
16822,d4746e41b619da57ee9f1a2e2cc254e8,81a5d08c6beaeec9e42baae5d63dd780,SO64071,4590,BK-M68B-38,2,4590,23bd9a9b90557e9da7babfb8e3d2df22
16823,232e830f1ac667c081eaaca23cdf9b5f,4b5c3229e0725ef8d303f494db9faec8,SO64468,4590,BK-M68B-42,2,4590,abe94c2111c58e9c9672602d41bce66e
16823,232e830f1ac667c081eaaca23cdf9b5f,4b5c3229e0725ef8d303f494db9faec8,SO64468,22,FE-6654,1,22,abe94c2111c58e9c9672602d41bce66e
16823,232e830f1ac667c081eaaca23cdf9b5f,4b5c3229e0725ef8d303f494db9faec8,SO64468,9,SO-R809-L,1,9,abe94c2111c58e9c9672602d41bce66e
16823,7ef7447fc083981d7d520e8df45ac789,7ae19b95cb229a2fdbd25f66c051d923,SO48144,2443,BK-R89R-52,1,2443,bdeaa4898e182be99121455d5c86cce1
16823,a1d0c0a14c6c8f8a8ef8220209c23a64,05e7920e8caf0303dc01b77666952b75,SO67014,2384,BK-T79Y-54,1,2384,cd15e5f80ff20dd345bfaa51400dd0d6
16823,a1d0c0a14c6c8f8a8ef8220209c23a64,05e7920e8caf0303dc01b77666952b75,SO67014,55,HY-1023-70,1,55,cd15e5f80ff20dd345bfaa51400dd0d6
16823,a1d0c0a14c6c8f8a8ef8220209c23a64,05e7920e8caf0303dc01b77666952b75,SO67014,29,TI-T723,1,29,cd15e5f80ff20dd345bfaa51400dd0d6
16823,a1d0c0a14c6c8f8a8ef8220209c23a64,05e7920e8caf0303dc01b77666952b75,SO67014,5,TT-T092,1,5,cd15e5f80ff20dd345bfaa51400dd0d6
16824,0383d48e76cd8a3dfb9e2a890f2cac18,d6fb379288416774d139632beb88e26b,SO61028,9,BC-R205,1,9,883b9b4170853b321c03290f64ba199f
16824,0383d48e76cd8a3dfb9e2a890f2cac18,d6fb379288416774d139632beb88e26b,SO61028,2384,BK-T79U-54,1,2384,883b9b4170853b321c03290f64ba199f
16824,81a5d08c6beaeec9e42baae5d63dd780,95103530881768b5cfc7e33970db9cd7,SO63302,4640,BK-M68S-46,2,4640,b210069485754303767745919c328b97
16824,81a5d08c6beaeec9e42baae5d63dd780,95103530881768b5cfc7e33970db9cd7,SO63302,27,CA-1098,3,27,b210069485754303767745919c328b97
16824,81a5d08c6beaeec9e42baae5d63dd780,95103530881768b5cfc7e33970db9cd7,SO63302,105,HL-U509,3,105,b210069485754303767745919c328b97
16824,b0a28b9424a894b803da41df596f0291,83e0911c7df633c9fad72d0a891f5e14,SO48964,4364,BK-R89R-58,2,4364,dbd014c6041b3624cb17ead892c37e4d
16825,fd5ba6fdeb81e07b2caf0b103489bd8d,e871b36e68b0b3d0af9c742d81fef27a,SO70968,10,BC-M005,1,10,17520f5649fab40fb66771362888cb90
16825,fd5ba6fdeb81e07b2caf0b103489bd8d,e871b36e68b0b3d0af9c742d81fef27a,SO70968,22,FE-6654,1,22,17520f5649fab40fb66771362888cb90
16825,fd5ba6fdeb81e07b2caf0b103489bd8d,e871b36e68b0b3d0af9c742d81fef27a,SO70968,48,GL-H102-L,2,48,17520f5649fab40fb66771362888cb90
16825,fd5ba6fdeb81e07b2caf0b103489bd8d,e871b36e68b0b3d0af9c742d81fef27a,SO70968,5,WB-H098,1,5,17520f5649fab40fb66771362888cb90
16826,2d6e054ac82934d489c58cc8399a1628,ce08c22f7777768ce4197eab9727516c,SO60830,9,BC-R205,1,9,348f48807f500aeac729fb17d9bc97f1
16826,2d6e054ac82934d489c58cc8399a1628,ce08c22f7777768ce4197eab9727516c,SO60830,2384,BK-T79U-54,1,2384,348f48807f500aeac729fb17d9bc97f1
16826,2d6e054ac82934d489c58cc8399a1628,ce08c22f7777768ce4197eab9727516c,SO60830,27,CA-1098,3,27,348f48807f500aeac729fb17d9bc97f1
16826,2d6e054ac82934d489c58cc8399a1628,ce08c22f7777768ce4197eab9727516c,SO60830,105,HL-U509-R,3,105,348f48807f500aeac729fb17d9bc97f1
16826,2d6e054ac82934d489c58cc8399a1628,ce08c22f7777768ce4197eab9727516c,SO60830,5,WB-H098,1,5,348f48807f500aeac729fb17d9bc97f1
16826,3f0c8308e4e2e5c4ddc1b7e19304f613,61e00b038efd34bdf9c747596273cbcf,SO64790,4590,BK-M68B-46,2,4590,232e830f1ac667c081eaaca23cdf9b5f
16826,3f0c8308e4e2e5c4ddc1b7e19304f613,61e00b038efd34bdf9c747596273cbcf,SO64790,35,TI-M823,1,35,232e830f1ac667c081eaaca23cdf9b5f
16826,79e45486ec381a8d5022628ddaa21b8b,c6cff482661a9daa82c86dddcf00c0e4,SO49412,4364,BK-R89B-44,2,4364,30df06c098f61f2e78c2d0edb6e1b65a
16827,175a5d217fad85df9f6639d7ced1e5d9,511572e8a25e86c2f48ae9e6d73a1e6a,SO68930,9,BC-R205,1,9,66e56e10b0f528b66a45e307ecdf4774
16827,175a5d217fad85df9f6639d7ced1e5d9,511572e8a25e86c2f48ae9e6d73a1e6a,SO68930,2384,BK-T79Y-46,1,2384,66e56e10b0f528b66a45e307ecdf4774
16827,175a5d217fad85df9f6639d7ced1e5d9,511572e8a25e86c2f48ae9e6d73a1e6a,SO68930,5,WB-H098,1,5,66e56e10b0f528b66a45e307ecdf4774
16827,9818ca9856d3cf7b357612ed1c1f59a2,4d73c32f6dcd1ffe87dd7575935d313e,SO48174,2443,BK-R89R-52,1,2443,7ef7447fc083981d7d520e8df45ac789
16827,99b7e934795a93975a5e0c0b9b57d9ba,870bd4f3713260418e4f342f31dc7e33,SO63833,10,BC-M005,1,10,7a8e187aeb003f6e34c02a4d5b9b153e
16827,99b7e934795a93975a5e0c0b9b57d9ba,870bd4f3713260418e4f342f31dc7e33,SO63833,4590,BK-M68B-38,2,4590,7a8e187aeb003f6e34c02a4d5b9b153e
16827,99b7e934795a93975a5e0c0b9b57d9ba,870bd4f3713260418e4f342f31dc7e33,SO63833,54,SJ-0194-L,1,54,7a8e187aeb003f6e34c02a4d5b9b153e
16827,99b7e934795a93975a5e0c0b9b57d9ba,870bd4f3713260418e4f342f31dc7e33,SO63833,5,WB-H098,1,5,7a8e187aeb003f6e34c02a4d5b9b153e
16828,3f0c8308e4e2e5c4ddc1b7e19304f613,61e00b038efd34bdf9c747596273cbcf,SO64802,4590,BK-M68B-38,2,4590,232e830f1ac667c081eaaca23cdf9b5f
16828,3f0c8308e4e2e5c4ddc1b7e19304f613,61e00b038efd34bdf9c747596273cbcf,SO64802,2,PK-7098,1,2,232e830f1ac667c081eaaca23cdf9b5f
16828,4584ca349e0920f4436a3c2f36158b85,6e32728b966bb91cefefa1316da21ca8,SO68514,9,BC-R205,1,9,ca38f30e56a72f4d0c8d2264322c5862
16828,4584ca349e0920f4436a3c2f36158b85,6e32728b966bb91cefefa1316da21ca8,SO68514,2384,BK-T79Y-50,1,2384,ca38f30e56a72f4d0c8d2264322c5862
16828,4584ca349e0920f4436a3c2f36158b85,6e32728b966bb91cefefa1316da21ca8,SO68514,27,CA-1098,3,27,ca38f30e56a72f4d0c8d2264322c5862
16828,4584ca349e0920f4436a3c2f36158b85,6e32728b966bb91cefefa1316da21ca8,SO68514,105,HL-U509-R,3,105,ca38f30e56a72f4d0c8d2264322c5862
16828,4584ca349e0920f4436a3c2f36158b85,6e32728b966bb91cefefa1316da21ca8,SO68514,5,WB-H098,1,5,ca38f30e56a72f4d0c8d2264322c5862
16828,b34e643874d56f7909d7abbfa923fb5a,b2d2f5ceb10246b49d6ab4905e6f9753,SO48179,2443,BK-R89R-48,1,2443,c260b06ffc51ebc422646203046c8eda
16829,6e32728b966bb91cefefa1316da21ca8,b322422d9a721bbdefa133133dd407c1,SO67741,2384,BK-T79Y-54,1,2384,de5009f9bf3e9725d2381f4a5e913111
16829,6e32728b966bb91cefefa1316da21ca8,b322422d9a721bbdefa133133dd407c1,SO67741,9,SO-R809-M,1,9,de5009f9bf3e9725d2381f4a5e913111
16829,c23832fbf23a0e7899927ece4d109c94,a1b2320235143a40a1ff4226b58f48d0,SO48130,2443,BK-R89R-44,1,2443,4d73c32f6dcd1ffe87dd7575935d313e
16829,d4746e41b619da57ee9f1a2e2cc254e8,81a5d08c6beaeec9e42baae5d63dd780,SO64070,10,BC-M005,1,10,23bd9a9b90557e9da7babfb8e3d2df22
16829,d4746e41b619da57ee9f1a2e2cc254e8,81a5d08c6beaeec9e42baae5d63dd780,SO64070,4590,BK-M68B-42,2,4590,23bd9a9b90557e9da7babfb8e3d2df22
16829,d4746e41b619da57ee9f1a2e2cc254e8,81a5d08c6beaeec9e42baae5d63dd780,SO64070,27,CA-1098,3,27,23bd9a9b90557e9da7babfb8e3d2df22
16829,d4746e41b619da57ee9f1a2e2cc254e8,81a5d08c6beaeec9e42baae5d63dd780,SO64070,105,HL-U509-B,3,105,23bd9a9b90557e9da7babfb8e3d2df22
16830,3f0c8308e4e2e5c4ddc1b7e19304f613,61e00b038efd34bdf9c747596273cbcf,SO64803,4590,BK-M68B-42,2,4590,232e830f1ac667c081eaaca23cdf9b5f
16830,3f0c8308e4e2e5c4ddc1b7e19304f613,61e00b038efd34bdf9c747596273cbcf,SO64803,2,PK-7098,1,2,232e830f1ac667c081eaaca23cdf9b5f
16830,d5cc3ca31a62986018db87cc11d7c3c0,5621f5e25d40f729483fc0a25664bcc3,SO49182,2443,BK-R89R-48,1,2443,b841e6f2f1d20f20ca7bd238dfd4c300
16830,e7df1b3ee078bdcfc260a877f321287d,4dbf892d41ae205f6e36838031cff786,SO59138,9,BC-R205,1,9,478ecc8cdaa127c33884d9f6c72c2cd5
16830,e7df1b3ee078bdcfc260a877f321287d,4dbf892d41ae205f6e36838031cff786,SO59138,2384,BK-T79Y-54,1,2384,478ecc8cdaa127c33884d9f6c72c2cd5
16830,e7df1b3ee078bdcfc260a877f321287d,4dbf892d41ae205f6e36838031cff786,SO59138,5,WB-H098,1,5,478ecc8cdaa127c33884d9f6c72c2cd5
16831,58f0b42da53adeeccbfa693883fea672,8c9ec1be720ee75d56d0c250d10610fa,SO64391,4590,BK-M68B-42,2,4590,d4746e41b619da57ee9f1a2e2cc254e8
16831,58f0b42da53adeeccbfa693883fea672,8c9ec1be720ee75d56d0c250d10610fa,SO64391,105,HL-U509-R,3,105,d4746e41b619da57ee9f1a2e2cc254e8
16831,66e56e10b0f528b66a45e307ecdf4774,691ad1b0dca3643b923973defd014d47,SO68619,9,BC-R205,1,9,8eb7a1b0dba9fdd5f4248b9cb6b9119b
16831,66e56e10b0f528b66a45e307ecdf4774,691ad1b0dca3643b923973defd014d47,SO68619,2384,BK-T79Y-54,1,2384,8eb7a1b0dba9fdd5f4248b9cb6b9119b
16831,66e56e10b0f528b66a45e307ecdf4774,691ad1b0dca3643b923973defd014d47,SO68619,105,HL-U509-R,3,105,8eb7a1b0dba9fdd5f4248b9cb6b9119b
16831,66e56e10b0f528b66a45e307ecdf4774,691ad1b0dca3643b923973defd014d47,SO68619,5,WB-H098,1,5,8eb7a1b0dba9fdd5f4248b9cb6b9119b
16831,7e7a9bb13ad063eb81a70efff24ca60a,236684fb5e7041b0bce387092d87c3ea,SO48238,2443,BK-R89R-44,1,2443,4bd94d77610f3faab529dc08576e03ab
16832,175a5d217fad85df9f6639d7ced1e5d9,511572e8a25e86c2f48ae9e6d73a1e6a,SO68929,10,BC-M005,1,10,66e56e10b0f528b66a45e307ecdf4774
16832,175a5d217fad85df9f6639d7ced1e5d9,511572e8a25e86c2f48ae9e6d73a1e6a,SO68929,4640,BK-M68S-38,2,4640,66e56e10b0f528b66a45e307ecdf4774
16832,175a5d217fad85df9f6639d7ced1e5d9,511572e8a25e86c2f48ae9e6d73a1e6a,SO68929,105,HL-U509-R,3,105,66e56e10b0f528b66a45e307ecdf4774
16832,175a5d217fad85df9f6639d7ced1e5d9,511572e8a25e86c2f48ae9e6d73a1e6a,SO68929,5,WB-H098,1,5,66e56e10b0f528b66a45e307ecdf4774
16833,fff3c307c93eda1eb91d53ca588846fe,4584ca349e0920f4436a3c2f36158b85,SO69368,10,BC-M005,1,10,70951886788165a5e2439adfce4d0cce
16833,fff3c307c93eda1eb91d53ca588846fe,4584ca349e0920f4436a3c2f36158b85,SO69368,4640,BK-M68S-46,2,4640,70951886788165a5e2439adfce4d0cce
16833,fff3c307c93eda1eb91d53ca588846fe,4584ca349e0920f4436a3c2f36158b85,SO69368,27,CA-1098,3,27,70951886788165a5e2439adfce4d0cce
16833,fff3c307c93eda1eb91d53ca588846fe,4584ca349e0920f4436a3c2f36158b85,SO69368,5,WB-H098,1,5,70951886788165a5e2439adfce4d0cce
16834,a189cc17a15cdb4e39e80dfcd8374c76,b0b2c17e5682f78d8fc262463fd0a4f3,SO58680,1701,BK-R79Y-42,1,1701,244cede513841376c37dc856f2f5e7b9
16834,a189cc17a15cdb4e39e80dfcd8374c76,b0b2c17e5682f78d8fc262463fd0a4f3,SO58680,150,LJ-0192-S,3,150,244cede513841376c37dc856f2f5e7b9
16835,8eb7a1b0dba9fdd5f4248b9cb6b9119b,9f1ff00ea8fd9fd8f2d421ba5ec45a18,SO68242,4590,BK-M68B-38,2,4590,c7390752782466cfc9a3ed7d3a79e046
16836,94b225b5b1f09ecd5e8ecdfb681ff04c,03bf7d2a8718ee9aca4bd2f37e962fc4,SO64351,4640,BK-M68S-42,2,4640,61e00b038efd34bdf9c747596273cbcf
16836,94b225b5b1f09ecd5e8ecdfb681ff04c,03bf7d2a8718ee9aca4bd2f37e962fc4,SO64351,22,FE-6654,1,22,61e00b038efd34bdf9c747596273cbcf
16836,94b225b5b1f09ecd5e8ecdfb681ff04c,03bf7d2a8718ee9aca4bd2f37e962fc4,SO64351,48,GL-H102-S,2,48,61e00b038efd34bdf9c747596273cbcf
16836,94b225b5b1f09ecd5e8ecdfb681ff04c,03bf7d2a8718ee9aca4bd2f37e962fc4,SO64351,150,LJ-0192-M,3,150,61e00b038efd34bdf9c747596273cbcf
16836,b0950d12c62d3aeda81b2e8d06f2aef4,e366e24b8ad0b1107528f2f58cd15a81,SO73398,742,BK-T18U-50,1,742,a048b8d5f3f9178f163e2be055f0138b
16836,b0950d12c62d3aeda81b2e8d06f2aef4,e366e24b8ad0b1107528f2f58cd15a81,SO73398,105,HL-U509-B,3,105,a048b8d5f3f9178f163e2be055f0138b
16837,03bf7d2a8718ee9aca4bd2f37e962fc4,290499d9b8e65db426ba9b842714eb6d,SO63589,22,FE-6654,1,22,7130adfd843cdcb6d0bcd9d13792693a
16837,03bf7d2a8718ee9aca4bd2f37e962fc4,290499d9b8e65db426ba9b842714eb6d,SO63589,64,VE-C304-S,1,64,7130adfd843cdcb6d0bcd9d13792693a
16837,4c6ed4daa82e7326b84c24f4c2ae7064,b2ce0ef2540789e8a6976165b6c917d8,SO73284,70,SH-W890-L,1,70,aa14ddbc43aa2d3be1e6ac019bb7b5bc
16838,9f1ff00ea8fd9fd8f2d421ba5ec45a18,f88b3743a9ce1f9455b6de69380b486a,SO67440,9,SO-R809-L,1,9,0001ffe4d82d0d8f9fec5ab0b4faa2db
16838,9f1ff00ea8fd9fd8f2d421ba5ec45a18,f88b3743a9ce1f9455b6de69380b486a,SO67440,5,WB-H098,1,5,0001ffe4d82d0d8f9fec5ab0b4faa2db
16839,511572e8a25e86c2f48ae9e6d73a1e6a,8e8847c1bdf012037ee13bb62da8a5c1,SO68130,4590,BK-M68B-42,2,4590,691ad1b0dca3643b923973defd014d47
16840,0383d48e76cd8a3dfb9e2a890f2cac18,d6fb379288416774d139632beb88e26b,SO61001,22,FE-6654,1,22,883b9b4170853b321c03290f64ba199f
16840,0383d48e76cd8a3dfb9e2a890f2cac18,d6fb379288416774d139632beb88e26b,SO61001,105,HL-U509,3,105,883b9b4170853b321c03290f64ba199f
16840,75fe8d7dec9d2a51be64595ab37dc674,ef5bad66aa19ccfb82cacb73584b83ea,SO58560,150,LJ-0192-X,3,150,23f22724b430320654759f8512440ebc
16840,75fe8d7dec9d2a51be64595ab37dc674,ef5bad66aa19ccfb82cacb73584b83ea,SO58560,70,SH-W890-L,1,70,23f22724b430320654759f8512440ebc
16841,76e3c19dbb0dadc4c6dc771d856e4676,ad4fbe0c82c7e5968d4cf22c2ad19e28,SO53310,70,SH-W890-M,1,70,15699e35c72c4036c71409f3f3d69528
16841,df595e3c678d4fae23ce174fe747165e,07b31bae17c7890b17d79a654aa230cf,SO58879,22,FE-6654,1,22,75fe8d7dec9d2a51be64595ab37dc674
16841,df595e3c678d4fae23ce174fe747165e,07b31bae17c7890b17d79a654aa230cf,SO58879,105,HL-U509,3,105,75fe8d7dec9d2a51be64595ab37dc674
16842,962bae2fb03296a3b9cacabfa929322c,0da2bc000f1fe4ea8746f9aea0bb5879,SO69113,5,WB-H098,1,5,c4369eefdf9bb8a3f9115e96b40aaf17
16843,f06fd077b6afc2d69af6e1e548da266d,c135545cc3f3a739132ffdbc8096f3d4,SO69274,105,HL-U509-R,3,105,175a5d217fad85df9f6639d7ced1e5d9
16843,f06fd077b6afc2d69af6e1e548da266d,c135545cc3f3a739132ffdbc8096f3d4,SO69274,150,LJ-0192-S,3,150,175a5d217fad85df9f6639d7ced1e5d9
16843,f06fd077b6afc2d69af6e1e548da266d,c135545cc3f3a739132ffdbc8096f3d4,SO69274,5,WB-H098,1,5,175a5d217fad85df9f6639d7ced1e5d9
16844,175a5d217fad85df9f6639d7ced1e5d9,511572e8a25e86c2f48ae9e6d73a1e6a,SO68926,4590,BK-M68B-38,2,4590,66e56e10b0f528b66a45e307ecdf4774
16844,175a5d217fad85df9f6639d7ced1e5d9,511572e8a25e86c2f48ae9e6d73a1e6a,SO68926,105,HL-U509-B,3,105,66e56e10b0f528b66a45e307ecdf4774
16844,175a5d217fad85df9f6639d7ced1e5d9,511572e8a25e86c2f48ae9e6d73a1e6a,SO68926,35,TI-M823,1,35,66e56e10b0f528b66a45e307ecdf4774
16844,175a5d217fad85df9f6639d7ced1e5d9,511572e8a25e86c2f48ae9e6d73a1e6a,SO68926,5,TT-M928,1,5,66e56e10b0f528b66a45e307ecdf4774
16845,691ad1b0dca3643b923973defd014d47,6dd75c28a9a8a39e02bc0a175f82a9f3,SO67818,4590,BK-M68B-46,2,4590,9f1ff00ea8fd9fd8f2d421ba5ec45a18
16845,691ad1b0dca3643b923973defd014d47,6dd75c28a9a8a39e02bc0a175f82a9f3,SO67818,22,FE-6654,1,22,9f1ff00ea8fd9fd8f2d421ba5ec45a18
16845,691ad1b0dca3643b923973defd014d47,6dd75c28a9a8a39e02bc0a175f82a9f3,SO67818,64,VE-C304-M,1,64,9f1ff00ea8fd9fd8f2d421ba5ec45a18
16846,9b98d27287b27eeee9ebc06e1d5a9a8d,0dc34ca2aaa8612cde077f1880b78b25,SO53099,70,SH-W890-M,1,70,18bea060239713ee5f865109f63f3a8a
16846,9b98d27287b27eeee9ebc06e1d5a9a8d,0dc34ca2aaa8612cde077f1880b78b25,SO53099,54,SJ-0194-X,1,54,18bea060239713ee5f865109f63f3a8a
16846,ed268f8f3837888893f896b7240f1254,a9cefc49af6424b430612adfc69876ee,SO56466,22,FE-6654,1,22,6353a8421ee460b64f2c988cc72a8391
16846,ed268f8f3837888893f896b7240f1254,a9cefc49af6424b430612adfc69876ee,SO56466,105,HL-U509,3,105,6353a8421ee460b64f2c988cc72a8391
16847,58c4ce5b9433e7b6d41793d5a76d5590,1556bafff387fc8f2f6fef64c1daa6bc,SO71316,22,FE-6654,1,22,fd5ba6fdeb81e07b2caf0b103489bd8d
16847,58c4ce5b9433e7b6d41793d5a76d5590,1556bafff387fc8f2f6fef64c1daa6bc,SO71316,105,HL-U509-B,3,105,fd5ba6fdeb81e07b2caf0b103489bd8d
16847,f108e0cd2f96a0c22086f9d45ee08f19,ad0b7f5ad35732646f1e5f67418d5995,SO60144,27,CA-1098,3,27,7983129d9883ebc3b9dce3311996b001
16847,f108e0cd2f96a0c22086f9d45ee08f19,ad0b7f5ad35732646f1e5f67418d5995,SO60144,70,SH-W890-L,1,70,7983129d9883ebc3b9dce3311996b001
16847,f108e0cd2f96a0c22086f9d45ee08f19,ad0b7f5ad35732646f1e5f67418d5995,SO60144,54,SJ-0194-X,1,54,7983129d9883ebc3b9dce3311996b001
16848,8592725b85eec4822018b8728dd5b88d,88d8e3ff674b1514a19b24621707f0d9,SO74840,22,FE-6654,1,22,56e52500a7f5ab963646137a401683cd
16848,8592725b85eec4822018b8728dd5b88d,88d8e3ff674b1514a19b24621707f0d9,SO74840,9,SO-R809-M,1,9,56e52500a7f5ab963646137a401683cd
16848,cfceb7490eff6e660974507be7c579c6,01eb8a9956865747637639482336f5f8,SO52040,48,GL-H102-L,2,48,e5bf4a4a03e320ed76cf2ca68fa5b4c0
16848,cfceb7490eff6e660974507be7c579c6,01eb8a9956865747637639482336f5f8,SO52040,70,SH-W890-M,1,70,e5bf4a4a03e320ed76cf2ca68fa5b4c0
16849,8920fd63645007b243abb750709b1172,58c4ce5b9433e7b6d41793d5a76d5590,SO72295,150,LJ-0192-S,3,150,0d3057f268050d468f468434f8ec809a
16849,8920fd63645007b243abb750709b1172,58c4ce5b9433e7b6d41793d5a76d5590,SO72295,70,SH-W890-M,1,70,0d3057f268050d468f468434f8ec809a
16849,d612b5fb3f6011688fb0c9927693365a,3e107cd1554225ea3056ed5010adce90,SO74414,22,FE-6654,1,22,a1e59736d286765313b8212467dc64b2
16849,d612b5fb3f6011688fb0c9927693365a,3e107cd1554225ea3056ed5010adce90,SO74414,105,HL-U509-R,3,105,a1e59736d286765313b8212467dc64b2
16850,6e32728b966bb91cefefa1316da21ca8,b322422d9a721bbdefa133133dd407c1,SO67736,4640,BK-M68S-46,2,4640,de5009f9bf3e9725d2381f4a5e913111
16850,6e32728b966bb91cefefa1316da21ca8,b322422d9a721bbdefa133133dd407c1,SO67736,105,HL-U509,3,105,de5009f9bf3e9725d2381f4a5e913111
16851,70951886788165a5e2439adfce4d0cce,ca38f30e56a72f4d0c8d2264322c5862,SO68996,10,BC-M005,1,10,c885741a5e3e55c84950327011b70289
16851,70951886788165a5e2439adfce4d0cce,ca38f30e56a72f4d0c8d2264322c5862,SO68996,4640,BK-M68S-38,2,4640,c885741a5e3e55c84950327011b70289
16851,70951886788165a5e2439adfce4d0cce,ca38f30e56a72f4d0c8d2264322c5862,SO68996,105,HL-U509-R,3,105,c885741a5e3e55c84950327011b70289
16851,70951886788165a5e2439adfce4d0cce,ca38f30e56a72f4d0c8d2264322c5862,SO68996,5,WB-H098,1,5,c885741a5e3e55c84950327011b70289
16852,c135545cc3f3a739132ffdbc8096f3d4,36ab6f1df21f3c9a169c8942e981959a,SO68441,4640,BK-M68S-38,2,4640,511572e8a25e86c2f48ae9e6d73a1e6a
16852,c135545cc3f3a739132ffdbc8096f3d4,36ab6f1df21f3c9a169c8942e981959a,SO68441,22,FE-6654,1,22,511572e8a25e86c2f48ae9e6d73a1e6a
16852,c135545cc3f3a739132ffdbc8096f3d4,36ab6f1df21f3c9a169c8942e981959a,SO68441,64,VE-C304-L,1,64,511572e8a25e86c2f48ae9e6d73a1e6a
16853,501407dcfde5b685045ca3072168d5bb,41ef6b06b63ba4f6a5234245a439b157,SO73533,5,WB-H098,1,5,5432d51ee94799c0125bb158c8a8bd22
16854,6e32728b966bb91cefefa1316da21ca8,b322422d9a721bbdefa133133dd407c1,SO67737,4590,BK-M68B-42,2,4590,de5009f9bf3e9725d2381f4a5e913111
16854,6e32728b966bb91cefefa1316da21ca8,b322422d9a721bbdefa133133dd407c1,SO67737,8,CL-9009,1,8,de5009f9bf3e9725d2381f4a5e913111
16854,6e32728b966bb91cefefa1316da21ca8,b322422d9a721bbdefa133133dd407c1,SO67737,35,TI-M823,1,35,de5009f9bf3e9725d2381f4a5e913111
16854,6e32728b966bb91cefefa1316da21ca8,b322422d9a721bbdefa133133dd407c1,SO67737,5,TT-M928,1,5,de5009f9bf3e9725d2381f4a5e913111
16855,4584ca349e0920f4436a3c2f36158b85,6e32728b966bb91cefefa1316da21ca8,SO68507,22,FE-6654,1,22,ca38f30e56a72f4d0c8d2264322c5862
16855,4584ca349e0920f4436a3c2f36158b85,6e32728b966bb91cefefa1316da21ca8,SO68507,150,LJ-0192-S,3,150,ca38f30e56a72f4d0c8d2264322c5862
16855,4c6ed4daa82e7326b84c24f4c2ae7064,b2ce0ef2540789e8a6976165b6c917d8,SO73281,27,CA-1098,3,27,aa14ddbc43aa2d3be1e6ac019bb7b5bc
16855,4c6ed4daa82e7326b84c24f4c2ae7064,b2ce0ef2540789e8a6976165b6c917d8,SO73281,70,SH-W890-M,1,70,aa14ddbc43aa2d3be1e6ac019bb7b5bc
16856,9d934f91c460e9947414d00048f2fa36,94b225b5b1f09ecd5e8ecdfb681ff04c,SO65113,27,CA-1098,3,27,3f0c8308e4e2e5c4ddc1b7e19304f613
16856,9d934f91c460e9947414d00048f2fa36,94b225b5b1f09ecd5e8ecdfb681ff04c,SO65113,5,WB-H098,1,5,3f0c8308e4e2e5c4ddc1b7e19304f613
16857,40883861f6e25a2e09e848a7891f4f38,eba5233d2dd8ea5031e646882335ece0,SO57448,150,LJ-0192-L,3,150,d76e0ba1fa041675ae9af958c5b41ae4
16857,40883861f6e25a2e09e848a7891f4f38,eba5233d2dd8ea5031e646882335ece0,SO57448,5,WB-H098,1,5,d76e0ba1fa041675ae9af958c5b41ae4
16858,a6f2945baeceeef4c8d541a22f6e99e9,d5985f40495ba672dff8a99620b879c8,SO72531,5,WB-H098,1,5,95a2a9aefc393f8630e934768cacf4cd
16859,66e56e10b0f528b66a45e307ecdf4774,691ad1b0dca3643b923973defd014d47,SO68597,4590,BK-M68B-46,2,4590,8eb7a1b0dba9fdd5f4248b9cb6b9119b
16859,66e56e10b0f528b66a45e307ecdf4774,691ad1b0dca3643b923973defd014d47,SO68597,22,FE-6654,1,22,8eb7a1b0dba9fdd5f4248b9cb6b9119b
16859,66e56e10b0f528b66a45e307ecdf4774,691ad1b0dca3643b923973defd014d47,SO68597,64,VE-C304-S,1,64,8eb7a1b0dba9fdd5f4248b9cb6b9119b
16860,dba3e44e23a1d2c2f299811e94db7fce,51c449e55b4a63a16fb45beb689150d5,SO54281,5,WB-H098,1,5,226d694fb4b7f71d62444f9528be8704
16861,6cf9e035d2f1d8ffe1b9f2f96a9e7a3a,982b3b4109cce5d4e5bf1fcbe0ae259b,SO74639,27,CA-1098,3,27,db10519e66d9a7b809b91935ad1a696d
16861,6cf9e035d2f1d8ffe1b9f2f96a9e7a3a,982b3b4109cce5d4e5bf1fcbe0ae259b,SO74639,5,WB-H098,1,5,db10519e66d9a7b809b91935ad1a696d
16862,6cf9e035d2f1d8ffe1b9f2f96a9e7a3a,982b3b4109cce5d4e5bf1fcbe0ae259b,SO74640,105,HL-U509,3,105,db10519e66d9a7b809b91935ad1a696d
16862,6cf9e035d2f1d8ffe1b9f2f96a9e7a3a,982b3b4109cce5d4e5bf1fcbe0ae259b,SO74640,5,WB-H098,1,5,db10519e66d9a7b809b91935ad1a696d
16863,3f20f21c57e09a6c071e44d1fe74b58a,9b98d27287b27eeee9ebc06e1d5a9a8d,SO53893,48,GL-H102-M,2,48,51c449e55b4a63a16fb45beb689150d5
16863,3f20f21c57e09a6c071e44d1fe74b58a,9b98d27287b27eeee9ebc06e1d5a9a8d,SO53893,105,HL-U509,3,105,51c449e55b4a63a16fb45beb689150d5
16863,3f20f21c57e09a6c071e44d1fe74b58a,9b98d27287b27eeee9ebc06e1d5a9a8d,SO53893,5,WB-H098,1,5,51c449e55b4a63a16fb45beb689150d5
16864,83d1ed00595e79ee5ea3797e97970fe8,e5114f65ece65e14e7b721dab1e674e0,SO69215,35,TI-M823,1,35,705fa39ab40831529471c768490339ab
16864,83d1ed00595e79ee5ea3797e97970fe8,e5114f65ece65e14e7b721dab1e674e0,SO69215,5,TT-M928,1,5,705fa39ab40831529471c768490339ab
16864,83d1ed00595e79ee5ea3797e97970fe8,fe1fd19c021e78ec395980c2e347865e,SO69215,4590,BK-M68B-46,2,4590,705fa39ab40831529471c768490339ab
16864,83d1ed00595e79ee5ea3797e97970fe8,fe1fd19c021e78ec395980c2e347865e,SO69215,105,HL-U509,3,105,705fa39ab40831529471c768490339ab
16865,175a5d217fad85df9f6639d7ced1e5d9,511572e8a25e86c2f48ae9e6d73a1e6a,SO68927,10,BC-M005,1,10,66e56e10b0f528b66a45e307ecdf4774
16865,175a5d217fad85df9f6639d7ced1e5d9,511572e8a25e86c2f48ae9e6d73a1e6a,SO68927,4640,BK-M68S-38,2,4640,66e56e10b0f528b66a45e307ecdf4774
16865,175a5d217fad85df9f6639d7ced1e5d9,511572e8a25e86c2f48ae9e6d73a1e6a,SO68927,105,HL-U509,3,105,66e56e10b0f528b66a45e307ecdf4774
16865,175a5d217fad85df9f6639d7ced1e5d9,511572e8a25e86c2f48ae9e6d73a1e6a,SO68927,5,WB-H098,1,5,66e56e10b0f528b66a45e307ecdf4774
16866,0da2bc000f1fe4ea8746f9aea0bb5879,702a02712215141594ddf8e52b0a651c,SO68324,4590,BK-M68B-38,2,4590,b34050290c25b0f7b52a2b8f767df87d
16866,0da2bc000f1fe4ea8746f9aea0bb5879,702a02712215141594ddf8e52b0a651c,SO68324,48,GL-H102-L,2,48,b34050290c25b0f7b52a2b8f767df87d
16866,0da2bc000f1fe4ea8746f9aea0bb5879,702a02712215141594ddf8e52b0a651c,SO68324,105,HL-U509,3,105,b34050290c25b0f7b52a2b8f767df87d
16866,0da2bc000f1fe4ea8746f9aea0bb5879,702a02712215141594ddf8e52b0a651c,SO68324,150,LJ-0192-S,3,150,b34050290c25b0f7b52a2b8f767df87d
16866,0da2bc000f1fe4ea8746f9aea0bb5879,702a02712215141594ddf8e52b0a651c,SO68324,35,TI-M823,1,35,b34050290c25b0f7b52a2b8f767df87d
16866,0da2bc000f1fe4ea8746f9aea0bb5879,702a02712215141594ddf8e52b0a651c,SO68324,5,TT-M928,1,5,b34050290c25b0f7b52a2b8f767df87d
16867,6e32728b966bb91cefefa1316da21ca8,b322422d9a721bbdefa133133dd407c1,SO67738,10,BC-M005,1,10,de5009f9bf3e9725d2381f4a5e913111
16867,6e32728b966bb91cefefa1316da21ca8,b322422d9a721bbdefa133133dd407c1,SO67738,4590,BK-M68B-46,2,4590,de5009f9bf3e9725d2381f4a5e913111
16867,6e32728b966bb91cefefa1316da21ca8,b322422d9a721bbdefa133133dd407c1,SO67738,22,FE-6654,1,22,de5009f9bf3e9725d2381f4a5e913111
16867,6e32728b966bb91cefefa1316da21ca8,b322422d9a721bbdefa133133dd407c1,SO67738,150,LJ-0192-L,3,150,de5009f9bf3e9725d2381f4a5e913111
16867,6e32728b966bb91cefefa1316da21ca8,b322422d9a721bbdefa133133dd407c1,SO67738,5,WB-H098,1,5,de5009f9bf3e9725d2381f4a5e913111
16868,4584ca349e0920f4436a3c2f36158b85,6e32728b966bb91cefefa1316da21ca8,SO68509,4640,BK-M68S-38,2,4640,ca38f30e56a72f4d0c8d2264322c5862
16868,4584ca349e0920f4436a3c2f36158b85,6e32728b966bb91cefefa1316da21ca8,SO68509,2,PK-7098,1,2,ca38f30e56a72f4d0c8d2264322c5862
16869,6e32728b966bb91cefefa1316da21ca8,b322422d9a721bbdefa133133dd407c1,SO67734,4640,BK-M68S-42,2,4640,de5009f9bf3e9725d2381f4a5e913111
16869,6e32728b966bb91cefefa1316da21ca8,b322422d9a721bbdefa133133dd407c1,SO67734,22,FE-6654,1,22,de5009f9bf3e9725d2381f4a5e913111
16869,6e32728b966bb91cefefa1316da21ca8,b322422d9a721bbdefa133133dd407c1,SO67734,105,HL-U509,3,105,de5009f9bf3e9725d2381f4a5e913111
16870,072bf847aeeee970f66483e596496cd9,cfceb7490eff6e660974507be7c579c6,SO52654,22,FE-6654,1,22,dca79d69a6b38e95c4b03bfab997796c
16870,072bf847aeeee970f66483e596496cd9,cfceb7490eff6e660974507be7c579c6,SO52654,55,HY-1023-70,1,55,dca79d69a6b38e95c4b03bfab997796c
16870,883b9b4170853b321c03290f64ba199f,412998e77ee121227580e3d363f75fa2,SO60653,33,TI-R982,1,33,af1457846a79173ef71dd9d5dd69805a
16870,b8cc77f0099ae7d3a20b9f0b74d70b12,70ad7386c1fe794c57fa3908ff22435d,SO52178,10,BC-M005,1,10,5e9b4970006d8f02ba0bc1763fa8b9a6
16870,b8cc77f0099ae7d3a20b9f0b74d70b12,70ad7386c1fe794c57fa3908ff22435d,SO52178,48,GL-H102-L,2,48,5e9b4970006d8f02ba0bc1763fa8b9a6
16870,b8cc77f0099ae7d3a20b9f0b74d70b12,70ad7386c1fe794c57fa3908ff22435d,SO52178,5,WB-H098,1,5,5e9b4970006d8f02ba0bc1763fa8b9a6
16871,c7390752782466cfc9a3ed7d3a79e046,0001ffe4d82d0d8f9fec5ab0b4faa2db,SO67939,4590,BK-M68B-46,2,4590,16e364d19895243407b256ec272d5394
16871,c7390752782466cfc9a3ed7d3a79e046,0001ffe4d82d0d8f9fec5ab0b4faa2db,SO67939,22,FE-6654,1,22,16e364d19895243407b256ec272d5394
16872,4584ca349e0920f4436a3c2f36158b85,6e32728b966bb91cefefa1316da21ca8,SO68510,10,BC-M005,1,10,ca38f30e56a72f4d0c8d2264322c5862
16872,4584ca349e0920f4436a3c2f36158b85,6e32728b966bb91cefefa1316da21ca8,SO68510,4640,BK-M68S-38,2,4640,ca38f30e56a72f4d0c8d2264322c5862
16872,4584ca349e0920f4436a3c2f36158b85,6e32728b966bb91cefefa1316da21ca8,SO68510,22,FE-6654,1,22,ca38f30e56a72f4d0c8d2264322c5862
16872,4584ca349e0920f4436a3c2f36158b85,6e32728b966bb91cefefa1316da21ca8,SO68510,2,PK-7098,1,2,ca38f30e56a72f4d0c8d2264322c5862
16872,4584ca349e0920f4436a3c2f36158b85,6e32728b966bb91cefefa1316da21ca8,SO68510,5,WB-H098,1,5,ca38f30e56a72f4d0c8d2264322c5862
16873,290499d9b8e65db426ba9b842714eb6d,606ed413481267c98754e3351f662859,SO62685,9,BC-R205,1,9,d1024973c3d10f08cb9fa1736e6ed8b7
16873,290499d9b8e65db426ba9b842714eb6d,606ed413481267c98754e3351f662859,SO62685,540,BK-R19B-58,1,540,d1024973c3d10f08cb9fa1736e6ed8b7
16873,290499d9b8e65db426ba9b842714eb6d,606ed413481267c98754e3351f662859,SO62685,48,GL-H102-L,2,48,d1024973c3d10f08cb9fa1736e6ed8b7
16873,290499d9b8e65db426ba9b842714eb6d,606ed413481267c98754e3351f662859,SO62685,5,WB-H098,1,5,d1024973c3d10f08cb9fa1736e6ed8b7
16874,debbb2493c6588799fc787e1854bcda5,40883861f6e25a2e09e848a7891f4f38,SO58095,5,WB-H098,1,5,0814775cfc25da756a9b4197347ab771
16875,2d6e054ac82934d489c58cc8399a1628,ce08c22f7777768ce4197eab9727516c,SO60791,105,HL-U509-B,3,105,348f48807f500aeac729fb17d9bc97f1
16875,2d6e054ac82934d489c58cc8399a1628,ce08c22f7777768ce4197eab9727516c,SO60791,5,WB-H098,1,5,348f48807f500aeac729fb17d9bc97f1
16876,0001ffe4d82d0d8f9fec5ab0b4faa2db,3dc63b2d6dcc8f0b6720b06b5439a0b1,SO67038,10,BC-M005,1,10,4004a117f65dfd3221a9cce8fce5a45f
16876,b2ce0ef2540789e8a6976165b6c917d8,128ee9ff420de424a605a0ee4a6f7916,SO72393,22,FE-6654,1,22,dcf73f840a50da0145f24e8e0169dc4b
16876,b2ce0ef2540789e8a6976165b6c917d8,128ee9ff420de424a605a0ee4a6f7916,SO72393,105,HL-U509,3,105,dcf73f840a50da0145f24e8e0169dc4b
16876,b2ce0ef2540789e8a6976165b6c917d8,128ee9ff420de424a605a0ee4a6f7916,SO72393,150,LJ-0192-L,3,150,dcf73f840a50da0145f24e8e0169dc4b
16876,cae5717327bee7d74e261c550aa5081f,18025e6a8791d350428f65c0783ebd99,SO56714,2,PK-7098,1,2,ed268f8f3837888893f896b7240f1254
16876,cae5717327bee7d74e261c550aa5081f,18025e6a8791d350428f65c0783ebd99,SO56714,33,TI-R982,1,33,ed268f8f3837888893f896b7240f1254
16877,deff8ad81a213d1110c1f409a7f40fcd,b8cc77f0099ae7d3a20b9f0b74d70b12,SO52804,105,HL-U509-R,3,105,f04e53711455521533f4c5ed7dcaa287
16877,deff8ad81a213d1110c1f409a7f40fcd,b8cc77f0099ae7d3a20b9f0b74d70b12,SO52804,5,WB-H098,1,5,f04e53711455521533f4c5ed7dcaa287
16878,714597fe9448176d17876617114a65bc,d6ec5bff1a0809822c740ce35792fa7a,SO53233,1701,BK-R79Y-40,1,1701,3143ce3c6436ed5bd25398756b7b661d
16878,714597fe9448176d17876617114a65bc,d6ec5bff1a0809822c740ce35792fa7a,SO53233,105,HL-U509-B,3,105,3143ce3c6436ed5bd25398756b7b661d
16879,14e4b13c27fb9bce9938ce35b6597eca,c375f33d72ca7161f341c2726e82d67a,SO53388,1701,BK-R79Y-48,1,1701,9b98d27287b27eeee9ebc06e1d5a9a8d
16879,14e4b13c27fb9bce9938ce35b6597eca,c375f33d72ca7161f341c2726e82d67a,SO53388,2,PK-7098,1,2,9b98d27287b27eeee9ebc06e1d5a9a8d
16879,14e4b13c27fb9bce9938ce35b6597eca,c375f33d72ca7161f341c2726e82d67a,SO53388,25,TI-R628,1,25,9b98d27287b27eeee9ebc06e1d5a9a8d
16880,3fe686907939d07097f6c87f08025422,8eb7a1b0dba9fdd5f4248b9cb6b9119b,SO69059,10,BC-M005,1,10,e5114f65ece65e14e7b721dab1e674e0
16880,3fe686907939d07097f6c87f08025422,8eb7a1b0dba9fdd5f4248b9cb6b9119b,SO69059,4640,BK-M68S-38,2,4640,e5114f65ece65e14e7b721dab1e674e0
16880,3fe686907939d07097f6c87f08025422,8eb7a1b0dba9fdd5f4248b9cb6b9119b,SO69059,27,CA-1098,3,27,e5114f65ece65e14e7b721dab1e674e0
16880,3fe686907939d07097f6c87f08025422,8eb7a1b0dba9fdd5f4248b9cb6b9119b,SO69059,5,WB-H098,1,5,e5114f65ece65e14e7b721dab1e674e0
16881,fff3c307c93eda1eb91d53ca588846fe,4584ca349e0920f4436a3c2f36158b85,SO69367,4640,BK-M68S-42,2,4640,70951886788165a5e2439adfce4d0cce
16882,962bae2fb03296a3b9cacabfa929322c,0da2bc000f1fe4ea8746f9aea0bb5879,SO69129,4590,BK-M68B-46,2,4590,c4369eefdf9bb8a3f9115e96b40aaf17
16883,d612b5fb3f6011688fb0c9927693365a,3e107cd1554225ea3056ed5010adce90,SO74394,105,HL-U509-B,3,105,a1e59736d286765313b8212467dc64b2
16883,d612b5fb3f6011688fb0c9927693365a,3e107cd1554225ea3056ed5010adce90,SO74394,9,SO-R809-M,1,9,a1e59736d286765313b8212467dc64b2
16883,d612b5fb3f6011688fb0c9927693365a,3e107cd1554225ea3056ed5010adce90,SO74394,5,WB-H098,1,5,a1e59736d286765313b8212467dc64b2
16884,1678083e7ff90bd404baad3f60bffa37,7b0730955172ecda497d7cca6b1d87a1,SO55766,105,HL-U509-B,3,105,73a69a5c77a7d23172e54d7ce07a638e
16884,1678083e7ff90bd404baad3f60bffa37,7b0730955172ecda497d7cca6b1d87a1,SO55766,5,WB-H098,1,5,73a69a5c77a7d23172e54d7ce07a638e
16885,0c8ff735cb2b05718573c08173335fd4,1685ca8ff12ea83725a1c35e1d89c5cd,SO54492,105,HL-U509-R,3,105,b8d9d66529b0a1e91f6137abcdd065dd
16885,0c8ff735cb2b05718573c08173335fd4,1685ca8ff12ea83725a1c35e1d89c5cd,SO54492,5,WB-H098,1,5,b8d9d66529b0a1e91f6137abcdd065dd
16886,7f026edc73bd4602381834e9b850d6c2,eedd9be5500334505ed9d4aef801ac3d,SO52264,1701,BK-R79Y-40,1,1701,db2b287636ac5ebda430de4f3f643b24
16886,7f026edc73bd4602381834e9b850d6c2,eedd9be5500334505ed9d4aef801ac3d,SO52264,25,TI-R628,1,25,db2b287636ac5ebda430de4f3f643b24
16886,7f026edc73bd4602381834e9b850d6c2,eedd9be5500334505ed9d4aef801ac3d,SO52264,4,TT-R982,1,4,db2b287636ac5ebda430de4f3f643b24
16887,15699e35c72c4036c71409f3f3d69528,f5933feadc49c253e4f0e77b236946e9,SO53047,9,BC-R205,1,9,deff8ad81a213d1110c1f409a7f40fcd
16887,15699e35c72c4036c71409f3f3d69528,f5933feadc49c253e4f0e77b236946e9,SO53047,1701,BK-R79Y-48,1,1701,deff8ad81a213d1110c1f409a7f40fcd
16887,15699e35c72c4036c71409f3f3d69528,f5933feadc49c253e4f0e77b236946e9,SO53047,55,HY-1023-70,1,55,deff8ad81a213d1110c1f409a7f40fcd
16887,15699e35c72c4036c71409f3f3d69528,f5933feadc49c253e4f0e77b236946e9,SO53047,5,WB-H098,1,5,deff8ad81a213d1110c1f409a7f40fcd
16888,f5933feadc49c253e4f0e77b236946e9,0b80ce5eab877cae9997209e0bee6e60,SO52450,1701,BK-R79Y-40,1,1701,b8cc77f0099ae7d3a20b9f0b74d70b12
16888,f5933feadc49c253e4f0e77b236946e9,0b80ce5eab877cae9997209e0bee6e60,SO52450,54,SJ-0194-X,1,54,b8cc77f0099ae7d3a20b9f0b74d70b12
16889,40e7dd73b09eac540e790daf6fac41af,14e4b13c27fb9bce9938ce35b6597eca,SO54172,1701,BK-R79Y-40,1,1701,3f20f21c57e09a6c071e44d1fe74b58a
16889,40e7dd73b09eac540e790daf6fac41af,14e4b13c27fb9bce9938ce35b6597eca,SO54172,25,TI-R628,1,25,3f20f21c57e09a6c071e44d1fe74b58a
16889,40e7dd73b09eac540e790daf6fac41af,14e4b13c27fb9bce9938ce35b6597eca,SO54172,4,TT-R982,1,4,3f20f21c57e09a6c071e44d1fe74b58a
16890,9c56075241a26f6fa77eb86b15411c6e,9444f850ff0c10a862b4a6a9c4ab0a74,SO54416,1701,BK-R79Y-40,1,1701,ab2e81a99745ffff6c06e2be93290d1b
16890,9c56075241a26f6fa77eb86b15411c6e,9444f850ff0c10a862b4a6a9c4ab0a74,SO54416,48,GL-H102-L,2,48,ab2e81a99745ffff6c06e2be93290d1b
16890,9c56075241a26f6fa77eb86b15411c6e,9444f850ff0c10a862b4a6a9c4ab0a74,SO54416,54,SJ-0194-S,1,54,ab2e81a99745ffff6c06e2be93290d1b
16890,9c56075241a26f6fa77eb86b15411c6e,9444f850ff0c10a862b4a6a9c4ab0a74,SO54416,25,TI-R628,1,25,ab2e81a99745ffff6c06e2be93290d1b
16890,9c56075241a26f6fa77eb86b15411c6e,9444f850ff0c10a862b4a6a9c4ab0a74,SO54416,4,TT-R982,1,4,ab2e81a99745ffff6c06e2be93290d1b
16891,38c9e5d1e366b4c5c36aae682bc960c4,8fa3bab223bec6501ad71f96bb1067b6,SO71646,55,HY-1023-70,1,55,58c4ce5b9433e7b6d41793d5a76d5590
16891,38c9e5d1e366b4c5c36aae682bc960c4,8fa3bab223bec6501ad71f96bb1067b6,SO71646,5,WB-H098,1,5,58c4ce5b9433e7b6d41793d5a76d5590
16892,962bae2fb03296a3b9cacabfa929322c,0da2bc000f1fe4ea8746f9aea0bb5879,SO69130,4640,BK-M68S-38,2,4640,c4369eefdf9bb8a3f9115e96b40aaf17
16892,962bae2fb03296a3b9cacabfa929322c,0da2bc000f1fe4ea8746f9aea0bb5879,SO69130,22,FE-6654,1,22,c4369eefdf9bb8a3f9115e96b40aaf17
16893,66e56e10b0f528b66a45e307ecdf4774,691ad1b0dca3643b923973defd014d47,SO68595,4590,BK-M68B-38,2,4590,8eb7a1b0dba9fdd5f4248b9cb6b9119b
16893,66e56e10b0f528b66a45e307ecdf4774,691ad1b0dca3643b923973defd014d47,SO68595,22,FE-6654,1,22,8eb7a1b0dba9fdd5f4248b9cb6b9119b
16893,66e56e10b0f528b66a45e307ecdf4774,691ad1b0dca3643b923973defd014d47,SO68595,9,SO-R809-M,1,9,8eb7a1b0dba9fdd5f4248b9cb6b9119b
16894,226d694fb4b7f71d62444f9528be8704,714597fe9448176d17876617114a65bc,SO54022,1701,BK-R79Y-42,1,1701,9444f850ff0c10a862b4a6a9c4ab0a74
16894,226d694fb4b7f71d62444f9528be8704,714597fe9448176d17876617114a65bc,SO54022,27,CA-1098,3,27,9444f850ff0c10a862b4a6a9c4ab0a74
16894,226d694fb4b7f71d62444f9528be8704,714597fe9448176d17876617114a65bc,SO54022,54,SJ-0194-S,1,54,9444f850ff0c10a862b4a6a9c4ab0a74
16895,1f50dad3f1493a5cf408c4eb3987479e,226d694fb4b7f71d62444f9528be8704,SO54700,1701,BK-R79Y-40,1,1701,9c56075241a26f6fa77eb86b15411c6e
16895,1f50dad3f1493a5cf408c4eb3987479e,226d694fb4b7f71d62444f9528be8704,SO54700,48,GL-H102-L,2,48,9c56075241a26f6fa77eb86b15411c6e
16895,1f50dad3f1493a5cf408c4eb3987479e,226d694fb4b7f71d62444f9528be8704,SO54700,105,HL-U509-B,3,105,9c56075241a26f6fa77eb86b15411c6e
16896,0c8ff735cb2b05718573c08173335fd4,1685ca8ff12ea83725a1c35e1d89c5cd,SO54512,9,BC-R205,1,9,b8d9d66529b0a1e91f6137abcdd065dd
16896,0c8ff735cb2b05718573c08173335fd4,1685ca8ff12ea83725a1c35e1d89c5cd,SO54512,1701,BK-R79Y-42,1,1701,b8d9d66529b0a1e91f6137abcdd065dd
16896,0c8ff735cb2b05718573c08173335fd4,1685ca8ff12ea83725a1c35e1d89c5cd,SO54512,5,WB-H098,1,5,b8d9d66529b0a1e91f6137abcdd065dd
16897,41464bd548f06ca845208f69df30ac82,15aceb75d86814cb479f1b1a9487c3d4,SO53705,1701,BK-R79Y-40,1,1701,3e48b2167bd86ef570e46d0b286c4f74
16897,41464bd548f06ca845208f69df30ac82,15aceb75d86814cb479f1b1a9487c3d4,SO53705,27,CA-1098,3,27,3e48b2167bd86ef570e46d0b286c4f74
16897,41464bd548f06ca845208f69df30ac82,15aceb75d86814cb479f1b1a9487c3d4,SO53705,54,SJ-0194-L,1,54,3e48b2167bd86ef570e46d0b286c4f74
16898,d34ba8f5d7fd7d5959a34c283fbec422,9c56075241a26f6fa77eb86b15411c6e,SO55075,1701,BK-R79Y-40,1,1701,ac15b60491fe99190c0248790e690757
16898,d34ba8f5d7fd7d5959a34c283fbec422,9c56075241a26f6fa77eb86b15411c6e,SO55075,150,LJ-0192-L,3,150,ac15b60491fe99190c0248790e690757
16899,4804ee33768b143d9706052696f7dfbd,7254e54716fe52361e62aa16ea2e0797,SO60277,5,WB-H098,1,5,c660dc308b247ce08aeecd155306bae0
16900,58f0b42da53adeeccbfa693883fea672,8c9ec1be720ee75d56d0c250d10610fa,SO64401,2,PK-7098,1,2,d4746e41b619da57ee9f1a2e2cc254e8
16900,58f0b42da53adeeccbfa693883fea672,8c9ec1be720ee75d56d0c250d10610fa,SO64401,5,WB-H098,1,5,d4746e41b619da57ee9f1a2e2cc254e8
16901,0001ffe4d82d0d8f9fec5ab0b4faa2db,3dc63b2d6dcc8f0b6720b06b5439a0b1,SO67043,105,HL-U509-R,3,105,4004a117f65dfd3221a9cce8fce5a45f
16901,0001ffe4d82d0d8f9fec5ab0b4faa2db,3dc63b2d6dcc8f0b6720b06b5439a0b1,SO67043,5,WB-H098,1,5,4004a117f65dfd3221a9cce8fce5a45f
16902,13b7c2277967bc61802018c764b5b2a0,9c55d6518880c1abf100a24da2546368,SO74518,70,SH-W890-L,1,70,0e000451f430d2e5b745a08b4ee7836c
16902,6eaadc1181f307997dc853d9ed40db36,0814775cfc25da756a9b4197347ab771,SO58517,22,FE-6654,1,22,4dbf892d41ae205f6e36838031cff786
16902,6eaadc1181f307997dc853d9ed40db36,0814775cfc25da756a9b4197347ab771,SO58517,120,RA-H123,1,120,4dbf892d41ae205f6e36838031cff786
16903,17520f5649fab40fb66771362888cb90,1faee5670542865e021595151379fe5c,SO70627,5,WB-H098,1,5,3f72b837978dcd042b73e7270f11a4ca
16904,511572e8a25e86c2f48ae9e6d73a1e6a,8e8847c1bdf012037ee13bb62da8a5c1,SO68118,5,WB-H098,1,5,691ad1b0dca3643b923973defd014d47
16905,7a8e187aeb003f6e34c02a4d5b9b153e,2fe1a028f9398deb2efcd536c8246fae,SO63522,5,WB-H098,1,5,ba19c22033aaecc6c5dad47f63e5858c
16906,56d78836c9cf0de136c4d2d37aba2280,ba19c22033aaecc6c5dad47f63e5858c,SO63979,4640,BK-M68S-38,2,4640,8c9ec1be720ee75d56d0c250d10610fa
16906,56d78836c9cf0de136c4d2d37aba2280,ba19c22033aaecc6c5dad47f63e5858c,SO63979,35,TI-M823,1,35,8c9ec1be720ee75d56d0c250d10610fa
16906,56d78836c9cf0de136c4d2d37aba2280,ba19c22033aaecc6c5dad47f63e5858c,SO63979,5,TT-M928,1,5,8c9ec1be720ee75d56d0c250d10610fa
16907,962bae2fb03296a3b9cacabfa929322c,0da2bc000f1fe4ea8746f9aea0bb5879,SO69131,4640,BK-M68S-38,2,4640,c4369eefdf9bb8a3f9115e96b40aaf17
16907,962bae2fb03296a3b9cacabfa929322c,0da2bc000f1fe4ea8746f9aea0bb5879,SO69131,22,FE-6654,1,22,c4369eefdf9bb8a3f9115e96b40aaf17
16908,7e15f50bd26e439e6a22f5205a8064db,a1d0c0a14c6c8f8a8ef8220209c23a64,SO67883,4590,BK-M68B-46,2,4590,702a02712215141594ddf8e52b0a651c
16908,7e15f50bd26e439e6a22f5205a8064db,a1d0c0a14c6c8f8a8ef8220209c23a64,SO67883,22,FE-6654,1,22,702a02712215141594ddf8e52b0a651c
16908,7e15f50bd26e439e6a22f5205a8064db,a1d0c0a14c6c8f8a8ef8220209c23a64,SO67883,150,LJ-0192-L,3,150,702a02712215141594ddf8e52b0a651c
16909,f06fd077b6afc2d69af6e1e548da266d,c135545cc3f3a739132ffdbc8096f3d4,SO69290,4640,BK-M68S-46,2,4640,175a5d217fad85df9f6639d7ced1e5d9
16909,f06fd077b6afc2d69af6e1e548da266d,c135545cc3f3a739132ffdbc8096f3d4,SO69290,22,FE-6654,1,22,175a5d217fad85df9f6639d7ced1e5d9
16909,f06fd077b6afc2d69af6e1e548da266d,c135545cc3f3a739132ffdbc8096f3d4,SO69290,105,HL-U509-R,3,105,175a5d217fad85df9f6639d7ced1e5d9
16910,5c741aa8e0753be65314a304e7b39c14,d945ec2aae74dbfb829453026b91c235,SO62047,70,SH-W890-M,1,70,7ee641303ef8d8b10d0ed00a060c73cc
16910,ad4fbe0c82c7e5968d4cf22c2ad19e28,72e75576254db1afef14ecdc050391c2,SO52712,22,FE-6654,1,22,f5933feadc49c253e4f0e77b236946e9
16910,ad4fbe0c82c7e5968d4cf22c2ad19e28,72e75576254db1afef14ecdc050391c2,SO52712,150,LJ-0192-X,3,150,f5933feadc49c253e4f0e77b236946e9
16911,dfcee565bb2da80a7b76451a5cd314a1,6582aa26281b9a92ad60e6a03e274c00,SO66173,54,SJ-0194-L,1,54,64cadfde6f66bc25043d0d69f5ae5471
16911,dfcee565bb2da80a7b76451a5cd314a1,6582aa26281b9a92ad60e6a03e274c00,SO66173,5,WB-H098,1,5,64cadfde6f66bc25043d0d69f5ae5471
16912,c4c454d69a39e60a6f5cf2f97148adad,49fce086a31f1cfcf16b54e462f7cbc0,SO71597,4590,BK-M68B-46,2,4590,31c99d724c1f182c60edb82eb4740277
16912,c4c454d69a39e60a6f5cf2f97148adad,49fce086a31f1cfcf16b54e462f7cbc0,SO71597,22,FE-6654,1,22,31c99d724c1f182c60edb82eb4740277
16912,c4c454d69a39e60a6f5cf2f97148adad,49fce086a31f1cfcf16b54e462f7cbc0,SO71597,64,VE-C304-M,1,64,31c99d724c1f182c60edb82eb4740277
16913,3f0c8308e4e2e5c4ddc1b7e19304f613,61e00b038efd34bdf9c747596273cbcf,SO64820,27,CA-1098,3,27,232e830f1ac667c081eaaca23cdf9b5f
16913,3f0c8308e4e2e5c4ddc1b7e19304f613,61e00b038efd34bdf9c747596273cbcf,SO64820,5,WB-H098,1,5,232e830f1ac667c081eaaca23cdf9b5f
16914,a9cd7a99d71cca9cb644010050374ade,3db19f5f710f10e90ecc7154c649d60a,SO71739,10,BC-M005,1,10,128ee9ff420de424a605a0ee4a6f7916
16914,a9cd7a99d71cca9cb644010050374ade,3db19f5f710f10e90ecc7154c649d60a,SO71739,4590,BK-M68B-42,2,4590,128ee9ff420de424a605a0ee4a6f7916
16914,a9cd7a99d71cca9cb644010050374ade,3db19f5f710f10e90ecc7154c649d60a,SO71739,22,FE-6654,1,22,128ee9ff420de424a605a0ee4a6f7916
16914,a9cd7a99d71cca9cb644010050374ade,3db19f5f710f10e90ecc7154c649d60a,SO71739,105,HL-U509,3,105,128ee9ff420de424a605a0ee4a6f7916
16915,a9cd7a99d71cca9cb644010050374ade,3db19f5f710f10e90ecc7154c649d60a,SO71740,4640,BK-M68S-46,2,4640,128ee9ff420de424a605a0ee4a6f7916
16915,a9cd7a99d71cca9cb644010050374ade,3db19f5f710f10e90ecc7154c649d60a,SO71740,55,HY-1023-70,1,55,128ee9ff420de424a605a0ee4a6f7916
16916,a9adf65abbb865184bf924d14a93d0c4,ec24e4cf9fcc90f3bbe81b2fb3735c21,SO70714,10,BC-M005,1,10,e0cd1349b4c6e1b5f14ed427e358c2d0
16916,a9adf65abbb865184bf924d14a93d0c4,ec24e4cf9fcc90f3bbe81b2fb3735c21,SO70714,4590,BK-M68B-38,2,4590,e0cd1349b4c6e1b5f14ed427e358c2d0
16916,a9adf65abbb865184bf924d14a93d0c4,ec24e4cf9fcc90f3bbe81b2fb3735c21,SO70714,27,CA-1098,3,27,e0cd1349b4c6e1b5f14ed427e358c2d0
16916,a9adf65abbb865184bf924d14a93d0c4,ec24e4cf9fcc90f3bbe81b2fb3735c21,SO70714,22,FE-6654,1,22,e0cd1349b4c6e1b5f14ed427e358c2d0
16916,a9adf65abbb865184bf924d14a93d0c4,ec24e4cf9fcc90f3bbe81b2fb3735c21,SO70714,54,SJ-0194-X,1,54,e0cd1349b4c6e1b5f14ed427e358c2d0
16916,a9adf65abbb865184bf924d14a93d0c4,ec24e4cf9fcc90f3bbe81b2fb3735c21,SO70714,35,TI-M823,1,35,e0cd1349b4c6e1b5f14ed427e358c2d0
16916,a9adf65abbb865184bf924d14a93d0c4,ec24e4cf9fcc90f3bbe81b2fb3735c21,SO70714,5,TT-M928,1,5,e0cd1349b4c6e1b5f14ed427e358c2d0
16916,a9adf65abbb865184bf924d14a93d0c4,ec24e4cf9fcc90f3bbe81b2fb3735c21,SO70714,5,WB-H098,1,5,e0cd1349b4c6e1b5f14ed427e358c2d0
16917,86e0fc464cbb08ae74bd039224afec9a,38c9e5d1e366b4c5c36aae682bc960c4,SO72672,5,WB-H098,1,5,8920fd63645007b243abb750709b1172
16918,9a027fc72b503940a96d5137762a263e,0e000451f430d2e5b745a08b4ee7836c,SO74737,48,GL-H102-L,2,48,54d3ba66c5e71d3112695b882ca2030e
16918,9a027fc72b503940a96d5137762a263e,0e000451f430d2e5b745a08b4ee7836c,SO74737,105,HL-U509-B,3,105,54d3ba66c5e71d3112695b882ca2030e
16918,9a027fc72b503940a96d5137762a263e,0e000451f430d2e5b745a08b4ee7836c,SO74737,5,WB-H098,1,5,54d3ba66c5e71d3112695b882ca2030e
16919,1ba7e8cdf85da6cf5e11554703236b52,9592b44e2c3f304a9875f45537bec6eb,SO73654,9,BC-R205,1,9,4c6ed4daa82e7326b84c24f4c2ae7064
16919,1ba7e8cdf85da6cf5e11554703236b52,9592b44e2c3f304a9875f45537bec6eb,SO73654,5,WB-H098,1,5,4c6ed4daa82e7326b84c24f4c2ae7064
16919,fda052162862bb845297063fd71a580c,1678083e7ff90bd404baad3f60bffa37,SO56382,22,FE-6654,1,22,a2c49941411089cb2a9cbf78cb803c26
16919,fda052162862bb845297063fd71a580c,1678083e7ff90bd404baad3f60bffa37,SO56382,105,HL-U509-R,3,105,a2c49941411089cb2a9cbf78cb803c26
16920,3c4bf68562424c26986beae6ce13704a,dba3e44e23a1d2c2f299811e94db7fce,SO54964,1701,BK-R79Y-42,1,1701,1f50dad3f1493a5cf408c4eb3987479e
16921,3fbd0407b55d3a3da21388a2ddbf881c,ab4946738415af86b5e3cee69b13301f,SO57936,1701,BK-R79Y-48,1,1701,5abaefcc8525a8f4cfd95cba9e926532
16921,3fbd0407b55d3a3da21388a2ddbf881c,ab4946738415af86b5e3cee69b13301f,SO57936,54,SJ-0194-S,1,54,5abaefcc8525a8f4cfd95cba9e926532
16922,021d7f51f97fea2b23b069288066b34d,722dc621a1a56555843f574144bfcdf0,SO74932,27,CA-1098,3,27,bb858b10001c01aea17b4e635d0662a2
16922,021d7f51f97fea2b23b069288066b34d,722dc621a1a56555843f574144bfcdf0,SO74932,105,HL-U509-R,3,105,bb858b10001c01aea17b4e635d0662a2
16922,021d7f51f97fea2b23b069288066b34d,722dc621a1a56555843f574144bfcdf0,SO74932,150,LJ-0192-M,3,150,bb858b10001c01aea17b4e635d0662a2
16922,021d7f51f97fea2b23b069288066b34d,722dc621a1a56555843f574144bfcdf0,SO74932,5,WB-H098,1,5,bb858b10001c01aea17b4e635d0662a2
16923,e366e24b8ad0b1107528f2f58cd15a81,921bc92a493b53f98f24e6a8a12801be,SO72461,55,HY-1023-70,1,55,c83e871e48c2716e0f28e60d166a5c98
16923,e366e24b8ad0b1107528f2f58cd15a81,921bc92a493b53f98f24e6a8a12801be,SO72461,5,WB-H098,1,5,c83e871e48c2716e0f28e60d166a5c98
16924,4ceff7612cfa4420892fe23b23ca9265,5691ac18f59a9af20f9d8703772afbba,SO56581,1701,BK-R79Y-40,1,1701,089c2a426c196c5ca5facb20896c90bb
16924,4ceff7612cfa4420892fe23b23ca9265,5691ac18f59a9af20f9d8703772afbba,SO56581,48,GL-H102-M,2,48,089c2a426c196c5ca5facb20896c90bb
16924,4ceff7612cfa4420892fe23b23ca9265,5691ac18f59a9af20f9d8703772afbba,SO56581,150,LJ-0192-M,3,150,089c2a426c196c5ca5facb20896c90bb
16925,5691ac18f59a9af20f9d8703772afbba,d8a4ea0dc4237ee8690ee37b3902fd0e,SO55953,1701,BK-R79Y-48,1,1701,bc761b2b7297029a695fbd6dd0470724
16925,5691ac18f59a9af20f9d8703772afbba,d8a4ea0dc4237ee8690ee37b3902fd0e,SO55953,105,HL-U509,3,105,bc761b2b7297029a695fbd6dd0470724
16925,5691ac18f59a9af20f9d8703772afbba,d8a4ea0dc4237ee8690ee37b3902fd0e,SO55953,25,TI-R628,1,25,bc761b2b7297029a695fbd6dd0470724
16925,5691ac18f59a9af20f9d8703772afbba,d8a4ea0dc4237ee8690ee37b3902fd0e,SO55953,4,TT-R982,1,4,bc761b2b7297029a695fbd6dd0470724
16926,3fbd0407b55d3a3da21388a2ddbf881c,ab4946738415af86b5e3cee69b13301f,SO57907,9,BC-R205,1,9,5abaefcc8525a8f4cfd95cba9e926532
16926,3fbd0407b55d3a3da21388a2ddbf881c,ab4946738415af86b5e3cee69b13301f,SO57907,27,CA-1098,3,27,5abaefcc8525a8f4cfd95cba9e926532
16926,3fbd0407b55d3a3da21388a2ddbf881c,ab4946738415af86b5e3cee69b13301f,SO57907,5,WB-H098,1,5,5abaefcc8525a8f4cfd95cba9e926532
16926,501407dcfde5b685045ca3072168d5bb,41ef6b06b63ba4f6a5234245a439b157,SO73506,22,FE-6654,1,22,5432d51ee94799c0125bb158c8a8bd22
16927,15aceb75d86814cb479f1b1a9487c3d4,f799d104dd23bb828dcdaaefc4d25b61,SO52886,22,FE-6654,1,22,072bf847aeeee970f66483e596496cd9
16927,15aceb75d86814cb479f1b1a9487c3d4,f799d104dd23bb828dcdaaefc4d25b61,SO52886,9,SO-R809-L,1,9,072bf847aeeee970f66483e596496cd9
16927,d4ae40bdb21d7c1f4fee96082340d3a2,9a027fc72b503940a96d5137762a263e,SO75094,8,CL-9009,1,8,08ff55594d8ca57b756a1953f77ebc89
16928,39ff8ac1e8a44088f96e17b846ec8baf,9a95fdf4e925d9cbd65f87b5aa4ac212,SO60432,2240,BK-R64Y-44,2,2240,c926349b55a58d87d7d5008c349fd1e9
16928,ba5216f340c430ae833596806650eed2,bc711710f4e4dd1cfeafbccb182790a0,SO44013,3578,BK-R93R-48,1,3578,22db51e448053c41a0b54d56c61806bc
16929,2d6e054ac82934d489c58cc8399a1628,ce08c22f7777768ce4197eab9727516c,SO60816,2240,BK-R64Y-44,2,2240,348f48807f500aeac729fb17d9bc97f1
16929,2d6e054ac82934d489c58cc8399a1628,ce08c22f7777768ce4197eab9727516c,SO60816,105,HL-U509-B,3,105,348f48807f500aeac729fb17d9bc97f1
16929,72571bd90824be952816cc46cf59d536,c0ac3608147bb8f049e395b41577e2e4,SO43993,3578,BK-R93R-56,1,3578,1aaafc415cabd13fe410504154a58757
16930,59c3d64cb01cd5ad7fd25246d81a55ff,ac15b60491fe99190c0248790e690757,SO55511,8,CL-9009,1,8,d8a4ea0dc4237ee8690ee37b3902fd0e
16930,df09a3a727ac0f29208c5ef3bf7625e6,5cbbe853aa1a5a1370f9a614904c4b15,SO74277,22,FE-6654,1,22,9c55d6518880c1abf100a24da2546368
16930,df09a3a727ac0f29208c5ef3bf7625e6,5cbbe853aa1a5a1370f9a614904c4b15,SO74277,48,GL-H102-L,2,48,9c55d6518880c1abf100a24da2546368
16931,13c2439a16b8e0eab906d0cd09c97dbc,595e2f03af2122e9bce5fe0fff67d39e,SO44020,3578,BK-R93R-44,1,3578,431cc1626e28e1bbd4e7b7eb7efcecec
16931,412998e77ee121227580e3d363f75fa2,df595e3c678d4fae23ce174fe747165e,SO59887,9,BC-R205,1,9,254d832c83ccdb2c33eab65a4fd196ff
16931,412998e77ee121227580e3d363f75fa2,df595e3c678d4fae23ce174fe747165e,SO59887,2240,BK-R64Y-42,2,2240,254d832c83ccdb2c33eab65a4fd196ff
16931,412998e77ee121227580e3d363f75fa2,df595e3c678d4fae23ce174fe747165e,SO59887,55,HY-1023-70,1,55,254d832c83ccdb2c33eab65a4fd196ff
16931,412998e77ee121227580e3d363f75fa2,df595e3c678d4fae23ce174fe747165e,SO59887,5,WB-H098,1,5,254d832c83ccdb2c33eab65a4fd196ff
16932,4ddc8821c34bceaf3dba4a18741acca3,af1457846a79173ef71dd9d5dd69805a,SO61133,2,PK-7098,1,2,2d6e054ac82934d489c58cc8399a1628
16932,4ddc8821c34bceaf3dba4a18741acca3,af1457846a79173ef71dd9d5dd69805a,SO61133,5,TT-M928,1,5,2d6e054ac82934d489c58cc8399a1628
16932,e2f0a420a4c1a9e8e292761f835e0489,4eec6eda382b9c44e240ad4b4b5e9cc0,SO65594,2,PK-7098,1,2,9d934f91c460e9947414d00048f2fa36
16932,e2f0a420a4c1a9e8e292761f835e0489,4eec6eda382b9c44e240ad4b4b5e9cc0,SO65594,5,TT-T092,1,5,9d934f91c460e9947414d00048f2fa36
16933,4004a117f65dfd3221a9cce8fce5a45f,6ef7b4bb93d4e54234cf965ed2334682,SO66733,150,LJ-0192-X,3,150,0120f4004ede1143c3be6caa4227affe
16933,4004a117f65dfd3221a9cce8fce5a45f,6ef7b4bb93d4e54234cf965ed2334682,SO66733,5,TT-T092,1,5,0120f4004ede1143c3be6caa4227affe
16933,5432d51ee94799c0125bb158c8a8bd22,545a3d56d20b22e09aa85bfa5ed8738d,SO73140,105,HL-U509-R,3,105,9592b44e2c3f304a9875f45537bec6eb
16933,5432d51ee94799c0125bb158c8a8bd22,545a3d56d20b22e09aa85bfa5ed8738d,SO73140,5,TT-M928,1,5,9592b44e2c3f304a9875f45537bec6eb
16934,0001ffe4d82d0d8f9fec5ab0b4faa2db,3dc63b2d6dcc8f0b6720b06b5439a0b1,SO67048,22,FE-6654,1,22,4004a117f65dfd3221a9cce8fce5a45f
16934,0001ffe4d82d0d8f9fec5ab0b4faa2db,3dc63b2d6dcc8f0b6720b06b5439a0b1,SO67048,5,TT-M928,1,5,4004a117f65dfd3221a9cce8fce5a45f
16934,705fa39ab40831529471c768490339ab,63efdd3324df66c9965bd622cdebe06a,SO68854,55,HY-1023-70,1,55,4584ca349e0920f4436a3c2f36158b85
16934,705fa39ab40831529471c768490339ab,63efdd3324df66c9965bd622cdebe06a,SO68854,5,TT-T092,1,5,4584ca349e0920f4436a3c2f36158b85
16935,922d04aa1f67bbe0270bfad98508f43e,0383d48e76cd8a3dfb9e2a890f2cac18,SO61829,150,LJ-0192-M,3,150,76918877cf6ce7011018cd9708723392
16935,922d04aa1f67bbe0270bfad98508f43e,0383d48e76cd8a3dfb9e2a890f2cac18,SO61829,5,TT-T092,1,5,76918877cf6ce7011018cd9708723392
16935,a1d0c0a14c6c8f8a8ef8220209c23a64,05e7920e8caf0303dc01b77666952b75,SO66974,105,HL-U509,3,105,cd15e5f80ff20dd345bfaa51400dd0d6
16935,a1d0c0a14c6c8f8a8ef8220209c23a64,05e7920e8caf0303dc01b77666952b75,SO66974,5,TT-M928,1,5,cd15e5f80ff20dd345bfaa51400dd0d6
16936,3143ce3c6436ed5bd25398756b7b661d,6be9692276a308e4b872323af1ad8fe2,SO52944,105,HL-U509-R,3,105,ad4fbe0c82c7e5968d4cf22c2ad19e28
16936,3143ce3c6436ed5bd25398756b7b661d,6be9692276a308e4b872323af1ad8fe2,SO52944,25,TI-R628,1,25,ad4fbe0c82c7e5968d4cf22c2ad19e28
16936,3143ce3c6436ed5bd25398756b7b661d,6be9692276a308e4b872323af1ad8fe2,SO52944,4,TT-R982,1,4,ad4fbe0c82c7e5968d4cf22c2ad19e28
16937,20b5e9ce0f87defd975a322149ec8cc6,9bbc713be22755b8ea8e3b596e06edd2,SO51480,1701,BK-R79Y-40,1,1701,679eed5d77e30211eb990c0c13145df3
16937,20b5e9ce0f87defd975a322149ec8cc6,9bbc713be22755b8ea8e3b596e06edd2,SO51480,27,CA-1098,3,27,679eed5d77e30211eb990c0c13145df3
16937,20b5e9ce0f87defd975a322149ec8cc6,9bbc713be22755b8ea8e3b596e06edd2,SO51480,105,HL-U509-B,3,105,679eed5d77e30211eb990c0c13145df3
16937,c96b659647361342a1bb035614c242b1,5118f4d1a94c19a06818ba12904e26f0,SO50962,4364,BK-R89B-52,2,4364,186b0be01dd08ffcc5cb19cc226fb731
16938,3e107cd1554225ea3056ed5010adce90,aa14ddbc43aa2d3be1e6ac019bb7b5bc,SO73803,769,BK-M38S-40,1,769,43e2cc7ff261723f93f64f3f7e9faa8d
16938,3e107cd1554225ea3056ed5010adce90,aa14ddbc43aa2d3be1e6ac019bb7b5bc,SO73803,159,ST-1401,1,159,43e2cc7ff261723f93f64f3f7e9faa8d
16938,f8018ae891e33dd2bfe3e20469c0de8f,9b2bcc77e799374ba0ba55212a17c6b3,SO48161,4364,BK-R89R-58,2,4364,bc6a999cadc90ecb33e51eb0f9009145
16939,7299e51cfc0d5174743a6701a8a96488,56d78836c9cf0de136c4d2d37aba2280,SO64758,25,TI-M267,1,25,58f0b42da53adeeccbfa693883fea672
16939,7299e51cfc0d5174743a6701a8a96488,56d78836c9cf0de136c4d2d37aba2280,SO64758,5,TT-M928,1,5,58f0b42da53adeeccbfa693883fea672
16940,c6cff482661a9daa82c86dddcf00c0e4,daac5732a7741792804c19340b534bae,SO49290,2443,BK-R89R-48,1,2443,83e4278f3d557c0bd5784b2bc83d617c
16940,ca5b8307fa5f2189fb98330a9d65927c,88077cf01a3e17831c2d0bcca5897c5b,SO73952,4886,BK-R89R-58,2,4886,5cbbe853aa1a5a1370f9a614904c4b15
16940,ca5b8307fa5f2189fb98330a9d65927c,88077cf01a3e17831c2d0bcca5897c5b,SO73952,120,RA-H123,1,120,5cbbe853aa1a5a1370f9a614904c4b15
16941,a6f2945baeceeef4c8d541a22f6e99e9,d5985f40495ba672dff8a99620b879c8,SO72538,105,HL-U509,3,105,95a2a9aefc393f8630e934768cacf4cd
16941,a6f2945baeceeef4c8d541a22f6e99e9,d5985f40495ba672dff8a99620b879c8,SO72538,25,TI-M267,1,25,95a2a9aefc393f8630e934768cacf4cd
16941,a6f2945baeceeef4c8d541a22f6e99e9,d5985f40495ba672dff8a99620b879c8,SO72538,5,TT-M928,1,5,95a2a9aefc393f8630e934768cacf4cd
16942,15aceb75d86814cb479f1b1a9487c3d4,f799d104dd23bb828dcdaaefc4d25b61,SO52892,1701,BK-R79Y-42,1,1701,072bf847aeeee970f66483e596496cd9
16942,15aceb75d86814cb479f1b1a9487c3d4,f799d104dd23bb828dcdaaefc4d25b61,SO52892,150,LJ-0192-S,3,150,072bf847aeeee970f66483e596496cd9
16942,237af51ebd50812b99ed354c75c3e11d,59e3b2198b06015c3db5bbabfa658d5a,SO46700,2000,BK-R64Y-38,2,2000,4593d632f4e33a6fedc30d17cbdc0c29
16943,2becb9647677a1a316b388bbad689580,013f173c58073e845f675d26fdde1918,SO61405,8,CL-9009,1,8,0383d48e76cd8a3dfb9e2a890f2cac18
16943,2becb9647677a1a316b388bbad689580,013f173c58073e845f675d26fdde1918,SO61405,25,TI-M267,1,25,0383d48e76cd8a3dfb9e2a890f2cac18
16943,2becb9647677a1a316b388bbad689580,013f173c58073e845f675d26fdde1918,SO61405,5,TT-M928,1,5,0383d48e76cd8a3dfb9e2a890f2cac18
16944,07713adfd12a8cd9d376671631f3bc02,93963041729da5d8213c536f91ed9402,SO51271,1701,BK-R79Y-44,1,1701,acc20902004de8acdd3eee04bfe5f91a
16944,07713adfd12a8cd9d376671631f3bc02,93963041729da5d8213c536f91ed9402,SO51271,48,GL-H102-S,2,48,acc20902004de8acdd3eee04bfe5f91a
16944,07713adfd12a8cd9d376671631f3bc02,93963041729da5d8213c536f91ed9402,SO51271,105,HL-U509,3,105,acc20902004de8acdd3eee04bfe5f91a
16944,07713adfd12a8cd9d376671631f3bc02,93963041729da5d8213c536f91ed9402,SO51271,150,LJ-0192-L,3,150,acc20902004de8acdd3eee04bfe5f91a
16944,d5cc3ca31a62986018db87cc11d7c3c0,5621f5e25d40f729483fc0a25664bcc3,SO49183,2443,BK-R89R-52,1,2443,b841e6f2f1d20f20ca7bd238dfd4c300
16945,2f58ddcb4c9f30e1ac2a6edb90189d95,b34e643874d56f7909d7abbfa923fb5a,SO48265,2443,BK-R89R-48,1,2443,a08a8a7cdc12ac1d6f6ca90a6b513d94
16945,43e2cc7ff261723f93f64f3f7e9faa8d,a6f2945baeceeef4c8d541a22f6e99e9,SO73420,769,BK-M38S-40,1,769,88077cf01a3e17831c2d0bcca5897c5b
16945,43e2cc7ff261723f93f64f3f7e9faa8d,a6f2945baeceeef4c8d541a22f6e99e9,SO73420,150,LJ-0192-L,3,150,88077cf01a3e17831c2d0bcca5897c5b
16946,3e107cd1554225ea3056ed5010adce90,aa14ddbc43aa2d3be1e6ac019bb7b5bc,SO73790,769,BK-M38S-40,1,769,43e2cc7ff261723f93f64f3f7e9faa8d
16946,3e107cd1554225ea3056ed5010adce90,aa14ddbc43aa2d3be1e6ac019bb7b5bc,SO73790,150,LJ-0192-L,3,150,43e2cc7ff261723f93f64f3f7e9faa8d
16946,3e107cd1554225ea3056ed5010adce90,aa14ddbc43aa2d3be1e6ac019bb7b5bc,SO73790,70,SH-W890-S,1,70,43e2cc7ff261723f93f64f3f7e9faa8d
16946,53e3822e4ab7309bbe5f440fa5f4e7de,af0f2c97be3051a37eaf670bbd7408f8,SO48422,4364,BK-R89B-58,2,4364,2f58ddcb4c9f30e1ac2a6edb90189d95
16947,089c2a426c196c5ca5facb20896c90bb,bc761b2b7297029a695fbd6dd0470724,SO56312,1701,BK-R79Y-42,1,1701,55f9f4cb5784581a517e59904e0d5e2f
16947,089c2a426c196c5ca5facb20896c90bb,bc761b2b7297029a695fbd6dd0470724,SO56312,105,HL-U509-R,3,105,55f9f4cb5784581a517e59904e0d5e2f
16948,2becb9647677a1a316b388bbad689580,013f173c58073e845f675d26fdde1918,SO61394,10,BC-M005,1,10,0383d48e76cd8a3dfb9e2a890f2cac18
16948,2becb9647677a1a316b388bbad689580,013f173c58073e845f675d26fdde1918,SO61394,48,GL-H102-M,2,48,0383d48e76cd8a3dfb9e2a890f2cac18
16948,2becb9647677a1a316b388bbad689580,013f173c58073e845f675d26fdde1918,SO61394,105,HL-U509,3,105,0383d48e76cd8a3dfb9e2a890f2cac18
16948,2becb9647677a1a316b388bbad689580,013f173c58073e845f675d26fdde1918,SO61394,150,LJ-0192-M,3,150,0383d48e76cd8a3dfb9e2a890f2cac18
16948,bc761b2b7297029a695fbd6dd0470724,fef3080ec197edd1a04bb18afd31d16d,SO55657,22,FE-6654,1,22,9b6872ca1d80024637e967d1066bba0a
16948,bc761b2b7297029a695fbd6dd0470724,fef3080ec197edd1a04bb18afd31d16d,SO55657,105,HL-U509-B,3,105,9b6872ca1d80024637e967d1066bba0a
16948,d612b5fb3f6011688fb0c9927693365a,3e107cd1554225ea3056ed5010adce90,SO74384,105,HL-U509-B,3,105,a1e59736d286765313b8212467dc64b2
16948,d612b5fb3f6011688fb0c9927693365a,3e107cd1554225ea3056ed5010adce90,SO74384,33,TI-R982,1,33,a1e59736d286765313b8212467dc64b2
16948,d612b5fb3f6011688fb0c9927693365a,3e107cd1554225ea3056ed5010adce90,SO74384,4,TT-R982,1,4,a1e59736d286765313b8212467dc64b2
16949,830e779850b1d58733a7ad711bf6b83f,39fe373cdcb4534addde73890415b660,SO56522,1701,BK-R79Y-48,1,1701,427ed6396fba4ed8ead9ec3229517d2b
16949,830e779850b1d58733a7ad711bf6b83f,39fe373cdcb4534addde73890415b660,SO56522,105,HL-U509,3,105,427ed6396fba4ed8ead9ec3229517d2b
16949,830e779850b1d58733a7ad711bf6b83f,39fe373cdcb4534addde73890415b660,SO56522,54,SJ-0194-L,1,54,427ed6396fba4ed8ead9ec3229517d2b
16950,0e23f371129aecc6b2033620b226f8d7,fda052162862bb845297063fd71a580c,SO57209,10,BC-M005,1,10,40ff348468b73116a7077c246985e0bf
16950,0e23f371129aecc6b2033620b226f8d7,fda052162862bb845297063fd71a580c,SO57209,27,CA-1098,3,27,40ff348468b73116a7077c246985e0bf
16950,0e23f371129aecc6b2033620b226f8d7,fda052162862bb845297063fd71a580c,SO57209,5,WB-H098,1,5,40ff348468b73116a7077c246985e0bf
16950,290499d9b8e65db426ba9b842714eb6d,606ed413481267c98754e3351f662859,SO62662,10,BC-M005,1,10,d1024973c3d10f08cb9fa1736e6ed8b7
16950,290499d9b8e65db426ba9b842714eb6d,606ed413481267c98754e3351f662859,SO62662,22,FE-6654,1,22,d1024973c3d10f08cb9fa1736e6ed8b7
16950,290499d9b8e65db426ba9b842714eb6d,606ed413481267c98754e3351f662859,SO62662,150,LJ-0192-L,3,150,d1024973c3d10f08cb9fa1736e6ed8b7
16950,290499d9b8e65db426ba9b842714eb6d,606ed413481267c98754e3351f662859,SO62662,5,WB-H098,1,5,d1024973c3d10f08cb9fa1736e6ed8b7
16950,debbb2493c6588799fc787e1854bcda5,40883861f6e25a2e09e848a7891f4f38,SO58086,33,TI-R982,1,33,0814775cfc25da756a9b4197347ab771
16950,debbb2493c6588799fc787e1854bcda5,40883861f6e25a2e09e848a7891f4f38,SO58086,4,TT-R982,1,4,0814775cfc25da756a9b4197347ab771
16950,debbb2493c6588799fc787e1854bcda5,40883861f6e25a2e09e848a7891f4f38,SO58086,64,VE-C304-S,1,64,0814775cfc25da756a9b4197347ab771
16951,3519c8eb4095dbc69d80eb61856d3435,6e5c4b769f8f70f9fd01b24ba5be9695,SO55594,1701,BK-R79Y-44,1,1701,d6ab5a0eee939524352092b964d92b84
16951,3519c8eb4095dbc69d80eb61856d3435,6e5c4b769f8f70f9fd01b24ba5be9695,SO55594,105,HL-U509-R,3,105,d6ab5a0eee939524352092b964d92b84
16952,df595e3c678d4fae23ce174fe747165e,07b31bae17c7890b17d79a654aa230cf,SO58882,1701,BK-R79Y-40,1,1701,75fe8d7dec9d2a51be64595ab37dc674
16952,df595e3c678d4fae23ce174fe747165e,07b31bae17c7890b17d79a654aa230cf,SO58882,105,HL-U509-R,3,105,75fe8d7dec9d2a51be64595ab37dc674
16953,9f79f7706bc6a7654ef0b8977966f69a,e2f7ff887646789ea003d03bc2025325,SO52133,9,SO-R809-M,1,9,361e2c62255e0c1887ac2139911ca300
16953,9f79f7706bc6a7654ef0b8977966f69a,e2f7ff887646789ea003d03bc2025325,SO52133,5,WB-H098,1,5,361e2c62255e0c1887ac2139911ca300
16954,2fb09097185e604aaadbfde958fd6262,a1e59736d286765313b8212467dc64b2,SO74603,27,CA-1098,3,27,88d8e3ff674b1514a19b24621707f0d9
16954,2fb09097185e604aaadbfde958fd6262,a1e59736d286765313b8212467dc64b2,SO74603,54,SJ-0194-S,1,54,88d8e3ff674b1514a19b24621707f0d9
16954,2fb09097185e604aaadbfde958fd6262,a1e59736d286765313b8212467dc64b2,SO74603,5,WB-H098,1,5,88d8e3ff674b1514a19b24621707f0d9
16955,4a70a3ec50fd16032883bf6fc79c55dd,4804ee33768b143d9706052696f7dfbd,SO61090,1701,BK-R79Y-42,1,1701,e0bcd0ff3072dfe15609d6be1529b0b8
16955,4a70a3ec50fd16032883bf6fc79c55dd,4804ee33768b143d9706052696f7dfbd,SO61090,48,GL-H102-M,2,48,e0bcd0ff3072dfe15609d6be1529b0b8
16955,4a70a3ec50fd16032883bf6fc79c55dd,4804ee33768b143d9706052696f7dfbd,SO61090,105,HL-U509-B,3,105,e0bcd0ff3072dfe15609d6be1529b0b8
16956,55f9f4cb5784581a517e59904e0d5e2f,9b6872ca1d80024637e967d1066bba0a,SO56054,1701,BK-R79Y-42,1,1701,1678083e7ff90bd404baad3f60bffa37
16957,5cbbe853aa1a5a1370f9a614904c4b15,86e0fc464cbb08ae74bd039224afec9a,SO73601,105,HL-U509-R,3,105,47a161474962a6dcc03cfa64127a641f
16957,5cbbe853aa1a5a1370f9a614904c4b15,86e0fc464cbb08ae74bd039224afec9a,SO73601,5,WB-H098,1,5,47a161474962a6dcc03cfa64127a641f
16958,3519c8eb4095dbc69d80eb61856d3435,6e5c4b769f8f70f9fd01b24ba5be9695,SO55574,10,BC-M005,1,10,d6ab5a0eee939524352092b964d92b84
16958,3519c8eb4095dbc69d80eb61856d3435,6e5c4b769f8f70f9fd01b24ba5be9695,SO55574,5,WB-H098,1,5,d6ab5a0eee939524352092b964d92b84
16958,d6ec5bff1a0809822c740ce35792fa7a,db2b287636ac5ebda430de4f3f643b24,SO52607,22,FE-6654,1,22,6be9692276a308e4b872323af1ad8fe2
16958,d6ec5bff1a0809822c740ce35792fa7a,db2b287636ac5ebda430de4f3f643b24,SO52607,48,GL-H102-S,2,48,6be9692276a308e4b872323af1ad8fe2
16958,d6ec5bff1a0809822c740ce35792fa7a,db2b287636ac5ebda430de4f3f643b24,SO52607,105,HL-U509-R,3,105,6be9692276a308e4b872323af1ad8fe2
16958,da9c4ba6c9a1ae8725389bfd38b5763a,3e48b2167bd86ef570e46d0b286c4f74,SO54053,105,HL-U509-B,3,105,9223b53f03a405f817e91392f0294f6a
16958,da9c4ba6c9a1ae8725389bfd38b5763a,3e48b2167bd86ef570e46d0b286c4f74,SO54053,33,TI-R982,1,33,9223b53f03a405f817e91392f0294f6a
16958,da9c4ba6c9a1ae8725389bfd38b5763a,3e48b2167bd86ef570e46d0b286c4f74,SO54053,4,TT-R982,1,4,9223b53f03a405f817e91392f0294f6a
16959,226d694fb4b7f71d62444f9528be8704,714597fe9448176d17876617114a65bc,SO54021,22,FE-6654,1,22,9444f850ff0c10a862b4a6a9c4ab0a74
16959,226d694fb4b7f71d62444f9528be8704,714597fe9448176d17876617114a65bc,SO54021,64,VE-C304-S,1,64,9444f850ff0c10a862b4a6a9c4ab0a74
16959,7299e51cfc0d5174743a6701a8a96488,56d78836c9cf0de136c4d2d37aba2280,SO64748,10,BC-M005,1,10,58f0b42da53adeeccbfa693883fea672
16959,7299e51cfc0d5174743a6701a8a96488,56d78836c9cf0de136c4d2d37aba2280,SO64748,5,WB-H098,1,5,58f0b42da53adeeccbfa693883fea672
16959,d8a4ea0dc4237ee8690ee37b3902fd0e,0c8ff735cb2b05718573c08173335fd4,SO55154,2,PK-7098,1,2,fef3080ec197edd1a04bb18afd31d16d
16959,d8a4ea0dc4237ee8690ee37b3902fd0e,0c8ff735cb2b05718573c08173335fd4,SO55154,33,TI-R982,1,33,fef3080ec197edd1a04bb18afd31d16d
16960,702a02712215141594ddf8e52b0a651c,cd15e5f80ff20dd345bfaa51400dd0d6,SO67516,5,WB-H098,1,5,caa707f97407c07371136aaf471a91d4
16961,331afa0aff1b1cfbf3d24944ab38c9d2,c885741a5e3e55c84950327011b70289,SO69704,10,BC-M005,1,10,962bae2fb03296a3b9cacabfa929322c
16961,331afa0aff1b1cfbf3d24944ab38c9d2,c885741a5e3e55c84950327011b70289,SO69704,4590,BK-M68B-46,2,4590,962bae2fb03296a3b9cacabfa929322c
16961,331afa0aff1b1cfbf3d24944ab38c9d2,c885741a5e3e55c84950327011b70289,SO69704,9,SO-R809-M,1,9,962bae2fb03296a3b9cacabfa929322c
16961,331afa0aff1b1cfbf3d24944ab38c9d2,c885741a5e3e55c84950327011b70289,SO69704,5,WB-H098,1,5,962bae2fb03296a3b9cacabfa929322c
16962,8592725b85eec4822018b8728dd5b88d,88d8e3ff674b1514a19b24621707f0d9,SO74826,27,CA-1098,3,27,56e52500a7f5ab963646137a401683cd
16962,8592725b85eec4822018b8728dd5b88d,88d8e3ff674b1514a19b24621707f0d9,SO74826,5,WB-H098,1,5,56e52500a7f5ab963646137a401683cd
16963,59c3d64cb01cd5ad7fd25246d81a55ff,ac15b60491fe99190c0248790e690757,SO55527,105,HL-U509-B,3,105,d8a4ea0dc4237ee8690ee37b3902fd0e
16963,59c3d64cb01cd5ad7fd25246d81a55ff,ac15b60491fe99190c0248790e690757,SO55527,5,WB-H098,1,5,d8a4ea0dc4237ee8690ee37b3902fd0e
16964,51c449e55b4a63a16fb45beb689150d5,18bea060239713ee5f865109f63f3a8a,SO53634,105,HL-U509-R,3,105,714597fe9448176d17876617114a65bc
16964,51c449e55b4a63a16fb45beb689150d5,18bea060239713ee5f865109f63f3a8a,SO53634,33,TI-R982,1,33,714597fe9448176d17876617114a65bc
16964,51c449e55b4a63a16fb45beb689150d5,18bea060239713ee5f865109f63f3a8a,SO53634,4,TT-R982,1,4,714597fe9448176d17876617114a65bc
16964,72e75576254db1afef14ecdc050391c2,20b851db79828c985958154243411278,SO52101,22,FE-6654,1,22,0b80ce5eab877cae9997209e0bee6e60
16964,e0bcd0ff3072dfe15609d6be1529b0b8,c660dc308b247ce08aeecd155306bae0,SO60712,10,BC-M005,1,10,39ff8ac1e8a44088f96e17b846ec8baf
16964,e0bcd0ff3072dfe15609d6be1529b0b8,c660dc308b247ce08aeecd155306bae0,SO60712,5,WB-H098,1,5,39ff8ac1e8a44088f96e17b846ec8baf
16965,4310d0d92131e34ff2716d85e1953174,90c6314650a0d54fdcabe5cd5406f9af,SO54624,105,HL-U509-B,3,105,d3c54b4368c62c2ff11535bf2b677170
16965,4310d0d92131e34ff2716d85e1953174,90c6314650a0d54fdcabe5cd5406f9af,SO54624,5,WB-H098,1,5,d3c54b4368c62c2ff11535bf2b677170
16966,4c6ed4daa82e7326b84c24f4c2ae7064,b2ce0ef2540789e8a6976165b6c917d8,SO73286,5,WB-H098,1,5,aa14ddbc43aa2d3be1e6ac019bb7b5bc
16967,1556bafff387fc8f2f6fef64c1daa6bc,8728a5e296f39e49d2fa74c31820e99f,SO70502,4590,BK-M68B-38,2,4590,e871b36e68b0b3d0af9c742d81fef27a
16967,1556bafff387fc8f2f6fef64c1daa6bc,8728a5e296f39e49d2fa74c31820e99f,SO70502,22,FE-6654,1,22,e871b36e68b0b3d0af9c742d81fef27a
16968,2797a91b25bc2aa85124c99bc574dc83,86bfb8ffc7a79e52d833cedce4d275bf,SO71061,4590,BK-M68B-38,2,4590,a9adf65abbb865184bf924d14a93d0c4
16968,2797a91b25bc2aa85124c99bc574dc83,86bfb8ffc7a79e52d833cedce4d275bf,SO71061,27,CA-1098,3,27,a9adf65abbb865184bf924d14a93d0c4
16968,2797a91b25bc2aa85124c99bc574dc83,86bfb8ffc7a79e52d833cedce4d275bf,SO71061,22,FE-6654,1,22,a9adf65abbb865184bf924d14a93d0c4
16969,fd5ba6fdeb81e07b2caf0b103489bd8d,e871b36e68b0b3d0af9c742d81fef27a,SO70993,4640,BK-M68S-46,2,4640,17520f5649fab40fb66771362888cb90
16969,fd5ba6fdeb81e07b2caf0b103489bd8d,e871b36e68b0b3d0af9c742d81fef27a,SO70993,120,RA-H123,1,120,17520f5649fab40fb66771362888cb90
16970,18025e6a8791d350428f65c0783ebd99,3c8e2c51453f4d665f1050da871dead6,SO56101,1701,BK-R79Y-44,1,1701,a9cefc49af6424b430612adfc69876ee
16970,18025e6a8791d350428f65c0783ebd99,3c8e2c51453f4d665f1050da871dead6,SO56101,54,SJ-0194-M,1,54,a9cefc49af6424b430612adfc69876ee
16971,6477c205c5117a9448ba863e111acf32,c926349b55a58d87d7d5008c349fd1e9,SO60862,48,GL-H102-S,2,48,013f173c58073e845f675d26fdde1918
16971,6477c205c5117a9448ba863e111acf32,c926349b55a58d87d7d5008c349fd1e9,SO60862,105,HL-U509-R,3,105,013f173c58073e845f675d26fdde1918
16971,6477c205c5117a9448ba863e111acf32,c926349b55a58d87d7d5008c349fd1e9,SO60862,5,WB-H098,1,5,013f173c58073e845f675d26fdde1918
16972,18025e6a8791d350428f65c0783ebd99,3c8e2c51453f4d665f1050da871dead6,SO56102,1701,BK-R79Y-42,1,1701,a9cefc49af6424b430612adfc69876ee
16972,18025e6a8791d350428f65c0783ebd99,3c8e2c51453f4d665f1050da871dead6,SO56102,54,SJ-0194-M,1,54,a9cefc49af6424b430612adfc69876ee
16973,089c2a426c196c5ca5facb20896c90bb,bc761b2b7297029a695fbd6dd0470724,SO56313,1701,BK-R79Y-40,1,1701,55f9f4cb5784581a517e59904e0d5e2f
16973,089c2a426c196c5ca5facb20896c90bb,bc761b2b7297029a695fbd6dd0470724,SO56313,8,CL-9009,1,8,55f9f4cb5784581a517e59904e0d5e2f
16973,089c2a426c196c5ca5facb20896c90bb,bc761b2b7297029a695fbd6dd0470724,SO56313,120,RA-H123,1,120,55f9f4cb5784581a517e59904e0d5e2f
16973,089c2a426c196c5ca5facb20896c90bb,bc761b2b7297029a695fbd6dd0470724,SO56313,25,TI-R628,1,25,55f9f4cb5784581a517e59904e0d5e2f
16973,089c2a426c196c5ca5facb20896c90bb,bc761b2b7297029a695fbd6dd0470724,SO56313,4,TT-R982,1,4,55f9f4cb5784581a517e59904e0d5e2f
16974,5691ac18f59a9af20f9d8703772afbba,d8a4ea0dc4237ee8690ee37b3902fd0e,SO55955,1701,BK-R79Y-40,1,1701,bc761b2b7297029a695fbd6dd0470724
16974,5691ac18f59a9af20f9d8703772afbba,d8a4ea0dc4237ee8690ee37b3902fd0e,SO55955,25,TI-R628,1,25,bc761b2b7297029a695fbd6dd0470724
16974,5691ac18f59a9af20f9d8703772afbba,d8a4ea0dc4237ee8690ee37b3902fd0e,SO55955,4,TT-R982,1,4,bc761b2b7297029a695fbd6dd0470724
16975,64cadfde6f66bc25043d0d69f5ae5471,18f358e551b5b85912bc952ab9894c0d,SO65829,27,CA-1098,3,27,8d1d4829b2e801ba4e41ba48f5a549d4
16975,64cadfde6f66bc25043d0d69f5ae5471,18f358e551b5b85912bc952ab9894c0d,SO65829,54,SJ-0194-S,1,54,8d1d4829b2e801ba4e41ba48f5a549d4
16975,64cadfde6f66bc25043d0d69f5ae5471,18f358e551b5b85912bc952ab9894c0d,SO65829,5,WB-H098,1,5,8d1d4829b2e801ba4e41ba48f5a549d4
16976,3c8e2c51453f4d665f1050da871dead6,1f50dad3f1493a5cf408c4eb3987479e,SO55438,1701,BK-R79Y-48,1,1701,d34ba8f5d7fd7d5959a34c283fbec422
16976,3c8e2c51453f4d665f1050da871dead6,1f50dad3f1493a5cf408c4eb3987479e,SO55438,105,HL-U509,3,105,d34ba8f5d7fd7d5959a34c283fbec422
16976,3c8e2c51453f4d665f1050da871dead6,1f50dad3f1493a5cf408c4eb3987479e,SO55438,150,LJ-0192-X,3,150,d34ba8f5d7fd7d5959a34c283fbec422
16977,5abaefcc8525a8f4cfd95cba9e926532,fde67888c64f701b59876ec559099b3e,SO57665,9,BC-R205,1,9,73b2264d673ee7b5b2e7e165020516ac
16977,5abaefcc8525a8f4cfd95cba9e926532,fde67888c64f701b59876ec559099b3e,SO57665,1701,BK-R79Y-48,1,1701,73b2264d673ee7b5b2e7e165020516ac
16978,dba3e44e23a1d2c2f299811e94db7fce,51c449e55b4a63a16fb45beb689150d5,SO54282,5,WB-H098,1,5,226d694fb4b7f71d62444f9528be8704
16979,a9adf65abbb865184bf924d14a93d0c4,ec24e4cf9fcc90f3bbe81b2fb3735c21,SO70719,4640,BK-M68S-46,2,4640,e0cd1349b4c6e1b5f14ed427e358c2d0
16979,a9adf65abbb865184bf924d14a93d0c4,ec24e4cf9fcc90f3bbe81b2fb3735c21,SO70719,2,PK-7098,1,2,e0cd1349b4c6e1b5f14ed427e358c2d0
16980,55f9f4cb5784581a517e59904e0d5e2f,9b6872ca1d80024637e967d1066bba0a,SO56045,105,HL-U509,3,105,1678083e7ff90bd404baad3f60bffa37
16980,55f9f4cb5784581a517e59904e0d5e2f,9b6872ca1d80024637e967d1066bba0a,SO56045,5,WB-H098,1,5,1678083e7ff90bd404baad3f60bffa37
16981,fd5ba6fdeb81e07b2caf0b103489bd8d,e871b36e68b0b3d0af9c742d81fef27a,SO70994,10,BC-M005,1,10,17520f5649fab40fb66771362888cb90
16981,fd5ba6fdeb81e07b2caf0b103489bd8d,e871b36e68b0b3d0af9c742d81fef27a,SO70994,4590,BK-M68B-38,2,4590,17520f5649fab40fb66771362888cb90
16981,fd5ba6fdeb81e07b2caf0b103489bd8d,e871b36e68b0b3d0af9c742d81fef27a,SO70994,8,CL-9009,1,8,17520f5649fab40fb66771362888cb90
16981,fd5ba6fdeb81e07b2caf0b103489bd8d,e871b36e68b0b3d0af9c742d81fef27a,SO70994,5,WB-H098,1,5,17520f5649fab40fb66771362888cb90
16982,361e2c62255e0c1887ac2139911ca300,20b5e9ce0f87defd975a322149ec8cc6,SO51899,105,HL-U509-R,3,105,eedd9be5500334505ed9d4aef801ac3d
16982,361e2c62255e0c1887ac2139911ca300,20b5e9ce0f87defd975a322149ec8cc6,SO51899,150,LJ-0192-L,3,150,eedd9be5500334505ed9d4aef801ac3d
16982,361e2c62255e0c1887ac2139911ca300,20b5e9ce0f87defd975a322149ec8cc6,SO51899,5,WB-H098,1,5,eedd9be5500334505ed9d4aef801ac3d
16983,128ee9ff420de424a605a0ee4a6f7916,fee8e08233f3f00450bce31967abb0f1,SO71410,4640,BK-M68S-38,2,4640,2797a91b25bc2aa85124c99bc574dc83
16983,128ee9ff420de424a605a0ee4a6f7916,fee8e08233f3f00450bce31967abb0f1,SO71410,2,PK-7098,1,2,2797a91b25bc2aa85124c99bc574dc83
16983,128ee9ff420de424a605a0ee4a6f7916,fee8e08233f3f00450bce31967abb0f1,SO71410,35,TI-M823,1,35,2797a91b25bc2aa85124c99bc574dc83
16984,eba6cab7267f82e3b2a063d5ea445bb9,73b2264d673ee7b5b2e7e165020516ac,SO58059,1701,BK-R79Y-42,1,1701,02ad1a5ca18e58629b8c1d6a6401d071
16984,eba6cab7267f82e3b2a063d5ea445bb9,73b2264d673ee7b5b2e7e165020516ac,SO58059,27,CA-1098,3,27,02ad1a5ca18e58629b8c1d6a6401d071
16984,eba6cab7267f82e3b2a063d5ea445bb9,73b2264d673ee7b5b2e7e165020516ac,SO58059,150,LJ-0192-M,3,150,02ad1a5ca18e58629b8c1d6a6401d071
16985,18f358e551b5b85912bc952ab9894c0d,abe94c2111c58e9c9672602d41bce66e,SO64918,27,CA-1098,3,27,a6d37e298c3042e300813f55a17e0875
16985,18f358e551b5b85912bc952ab9894c0d,abe94c2111c58e9c9672602d41bce66e,SO64918,5,WB-H098,1,5,a6d37e298c3042e300813f55a17e0875
16986,0d15ba5aa4c9ad0377b26e0cf7a86280,b21e833d3ead6056f1265f13fe1ff015,SO61456,64,VE-C304-M,1,64,4a70a3ec50fd16032883bf6fc79c55dd
16986,0d15ba5aa4c9ad0377b26e0cf7a86280,b21e833d3ead6056f1265f13fe1ff015,SO61456,5,WB-H098,1,5,4a70a3ec50fd16032883bf6fc79c55dd
16987,abe94c2111c58e9c9672602d41bce66e,0149f124a48640c62d90840ac5760331,SO64156,4590,BK-M68B-46,2,4590,99b7e934795a93975a5e0c0b9b57d9ba
16987,abe94c2111c58e9c9672602d41bce66e,0149f124a48640c62d90840ac5760331,SO64156,120,RA-H123,1,120,99b7e934795a93975a5e0c0b9b57d9ba
16988,c83e871e48c2716e0f28e60d166a5c98,6a8d7e42bb852c45fbf8610361d391a0,SO72088,5,WB-H098,1,5,c4c454d69a39e60a6f5cf2f97148adad
16989,c4c454d69a39e60a6f5cf2f97148adad,49fce086a31f1cfcf16b54e462f7cbc0,SO71598,4640,BK-M68S-46,2,4640,31c99d724c1f182c60edb82eb4740277
16990,0383d48e76cd8a3dfb9e2a890f2cac18,d6fb379288416774d139632beb88e26b,SO60983,55,HY-1023-70,1,55,883b9b4170853b321c03290f64ba199f
16990,0383d48e76cd8a3dfb9e2a890f2cac18,d6fb379288416774d139632beb88e26b,SO60983,5,WB-H098,1,5,883b9b4170853b321c03290f64ba199f
16991,ac15b60491fe99190c0248790e690757,ab2e81a99745ffff6c06e2be93290d1b,SO54786,105,HL-U509-R,3,105,0c8ff735cb2b05718573c08173335fd4
16991,ac15b60491fe99190c0248790e690757,ab2e81a99745ffff6c06e2be93290d1b,SO54786,5,WB-H098,1,5,0c8ff735cb2b05718573c08173335fd4
16992,3c8e2c51453f4d665f1050da871dead6,1f50dad3f1493a5cf408c4eb3987479e,SO55414,5,WB-H098,1,5,d34ba8f5d7fd7d5959a34c283fbec422
16993,6477c205c5117a9448ba863e111acf32,c926349b55a58d87d7d5008c349fd1e9,SO60863,120,RA-H123,1,120,013f173c58073e845f675d26fdde1918
16993,6477c205c5117a9448ba863e111acf32,c926349b55a58d87d7d5008c349fd1e9,SO60863,5,WB-H098,1,5,013f173c58073e845f675d26fdde1918
16994,eea5b3bd1bd5d5c62a1d22f78d3ba263,c87874400b9f907bdf9ea37d75a4b341,SO65476,105,HL-U509-R,3,105,a1fedb8f5f2e08543339a5f167bee6b7
16994,eea5b3bd1bd5d5c62a1d22f78d3ba263,c87874400b9f907bdf9ea37d75a4b341,SO65476,5,WB-H098,1,5,a1fedb8f5f2e08543339a5f167bee6b7
16995,c660dc308b247ce08aeecd155306bae0,e7df1b3ee078bdcfc260a877f321287d,SO59971,1701,BK-R79Y-42,1,1701,9a95fdf4e925d9cbd65f87b5aa4ac212
16995,c660dc308b247ce08aeecd155306bae0,e7df1b3ee078bdcfc260a877f321287d,SO59971,105,HL-U509-R,3,105,9a95fdf4e925d9cbd65f87b5aa4ac212
16996,d6fb379288416774d139632beb88e26b,3ebfce6ccd7540a632ae7e6ad8100c29,SO60246,1701,BK-R79Y-42,1,1701,412998e77ee121227580e3d363f75fa2
16996,d6fb379288416774d139632beb88e26b,3ebfce6ccd7540a632ae7e6ad8100c29,SO60246,54,SJ-0194-M,1,54,412998e77ee121227580e3d363f75fa2
16997,23f22724b430320654759f8512440ebc,485ae69515bc4c60ef546ff289741f60,SO58275,1701,BK-R79Y-40,1,1701,b0b2c17e5682f78d8fc262463fd0a4f3
16997,23f22724b430320654759f8512440ebc,485ae69515bc4c60ef546ff289741f60,SO58275,27,CA-1098,3,27,b0b2c17e5682f78d8fc262463fd0a4f3
16997,23f22724b430320654759f8512440ebc,485ae69515bc4c60ef546ff289741f60,SO58275,54,SJ-0194-X,1,54,b0b2c17e5682f78d8fc262463fd0a4f3
16998,4dbf892d41ae205f6e36838031cff786,de22d232bbe84481579f6252f1e7091d,SO58235,1701,BK-R79Y-42,1,1701,3fbd0407b55d3a3da21388a2ddbf881c
16998,4dbf892d41ae205f6e36838031cff786,de22d232bbe84481579f6252f1e7091d,SO58235,105,HL-U509,3,105,3fbd0407b55d3a3da21388a2ddbf881c
16999,ef5bad66aa19ccfb82cacb73584b83ea,0e23f371129aecc6b2033620b226f8d7,SO57887,1701,BK-R79Y-40,1,1701,485ae69515bc4c60ef546ff289741f60
16999,ef5bad66aa19ccfb82cacb73584b83ea,0e23f371129aecc6b2033620b226f8d7,SO57887,105,HL-U509-R,3,105,485ae69515bc4c60ef546ff289741f60
17000,17520f5649fab40fb66771362888cb90,1faee5670542865e021595151379fe5c,SO70643,4590,BK-M68B-42,2,4590,3f72b837978dcd042b73e7270f11a4ca
17001,3f72b837978dcd042b73e7270f11a4ca,83d1ed00595e79ee5ea3797e97970fe8,SO70294,4640,BK-M68S-42,2,4640,99c8f306659fd98cbb9d7f03ec0c2a7a
17001,3f72b837978dcd042b73e7270f11a4ca,83d1ed00595e79ee5ea3797e97970fe8,SO70294,22,FE-6654,1,22,99c8f306659fd98cbb9d7f03ec0c2a7a
17002,2797a91b25bc2aa85124c99bc574dc83,86bfb8ffc7a79e52d833cedce4d275bf,SO71062,10,BC-M005,1,10,a9adf65abbb865184bf924d14a93d0c4
17002,2797a91b25bc2aa85124c99bc574dc83,86bfb8ffc7a79e52d833cedce4d275bf,SO71062,4590,BK-M68B-38,2,4590,a9adf65abbb865184bf924d14a93d0c4
17002,2797a91b25bc2aa85124c99bc574dc83,86bfb8ffc7a79e52d833cedce4d275bf,SO71062,22,FE-6654,1,22,a9adf65abbb865184bf924d14a93d0c4
17002,2797a91b25bc2aa85124c99bc574dc83,86bfb8ffc7a79e52d833cedce4d275bf,SO71062,5,WB-H098,1,5,a9adf65abbb865184bf924d14a93d0c4
17003,8728a5e296f39e49d2fa74c31820e99f,66e56e10b0f528b66a45e307ecdf4774,SO69622,4640,BK-M68S-46,2,4640,3fe686907939d07097f6c87f08025422
17003,8728a5e296f39e49d2fa74c31820e99f,66e56e10b0f528b66a45e307ecdf4774,SO69622,22,FE-6654,1,22,3fe686907939d07097f6c87f08025422
17003,8728a5e296f39e49d2fa74c31820e99f,66e56e10b0f528b66a45e307ecdf4774,SO69622,48,GL-H102-M,2,48,3fe686907939d07097f6c87f08025422
17003,8728a5e296f39e49d2fa74c31820e99f,66e56e10b0f528b66a45e307ecdf4774,SO69622,150,LJ-0192-X,3,150,3fe686907939d07097f6c87f08025422
17004,ec24e4cf9fcc90f3bbe81b2fb3735c21,c4369eefdf9bb8a3f9115e96b40aaf17,SO69838,4640,BK-M68S-46,2,4640,f06fd077b6afc2d69af6e1e548da266d
17004,ec24e4cf9fcc90f3bbe81b2fb3735c21,c4369eefdf9bb8a3f9115e96b40aaf17,SO69838,105,HL-U509-R,3,105,f06fd077b6afc2d69af6e1e548da266d
17004,ec24e4cf9fcc90f3bbe81b2fb3735c21,c4369eefdf9bb8a3f9115e96b40aaf17,SO69838,64,VE-C304-S,1,64,f06fd077b6afc2d69af6e1e548da266d
17005,31c99d724c1f182c60edb82eb4740277,e84848120190a8d0e696fbeb15647a74,SO71256,4590,BK-M68B-46,2,4590,3db19f5f710f10e90ecc7154c649d60a
17005,31c99d724c1f182c60edb82eb4740277,e84848120190a8d0e696fbeb15647a74,SO71256,22,FE-6654,1,22,3db19f5f710f10e90ecc7154c649d60a
17005,31c99d724c1f182c60edb82eb4740277,e84848120190a8d0e696fbeb15647a74,SO71256,48,GL-H102-L,2,48,3db19f5f710f10e90ecc7154c649d60a
17005,31c99d724c1f182c60edb82eb4740277,e84848120190a8d0e696fbeb15647a74,SO71256,105,HL-U509,3,105,3db19f5f710f10e90ecc7154c649d60a
17006,58c4ce5b9433e7b6d41793d5a76d5590,1556bafff387fc8f2f6fef64c1daa6bc,SO71326,4590,BK-M68B-42,2,4590,fd5ba6fdeb81e07b2caf0b103489bd8d
17006,58c4ce5b9433e7b6d41793d5a76d5590,1556bafff387fc8f2f6fef64c1daa6bc,SO71326,48,GL-H102-S,2,48,fd5ba6fdeb81e07b2caf0b103489bd8d
17006,58c4ce5b9433e7b6d41793d5a76d5590,1556bafff387fc8f2f6fef64c1daa6bc,SO71326,105,HL-U509-R,3,105,fd5ba6fdeb81e07b2caf0b103489bd8d
17006,58c4ce5b9433e7b6d41793d5a76d5590,1556bafff387fc8f2f6fef64c1daa6bc,SO71326,150,LJ-0192-M,3,150,fd5ba6fdeb81e07b2caf0b103489bd8d
17007,fee8e08233f3f00450bce31967abb0f1,331afa0aff1b1cfbf3d24944ab38c9d2,SO70569,4590,BK-M68B-46,2,4590,86bfb8ffc7a79e52d833cedce4d275bf
17007,fee8e08233f3f00450bce31967abb0f1,331afa0aff1b1cfbf3d24944ab38c9d2,SO70569,35,TI-M823,1,35,86bfb8ffc7a79e52d833cedce4d275bf
17008,8fa3bab223bec6501ad71f96bb1067b6,b95a9f47dd73bb9b799a31ae04ee7da1,SO70852,4590,BK-M68B-38,2,4590,1556bafff387fc8f2f6fef64c1daa6bc
17008,8fa3bab223bec6501ad71f96bb1067b6,b95a9f47dd73bb9b799a31ae04ee7da1,SO70852,22,FE-6654,1,22,1556bafff387fc8f2f6fef64c1daa6bc
17009,e0cd1349b4c6e1b5f14ed427e358c2d0,f06fd077b6afc2d69af6e1e548da266d,SO70352,4590,BK-M68B-38,2,4590,b95a9f47dd73bb9b799a31ae04ee7da1
17009,e0cd1349b4c6e1b5f14ed427e358c2d0,f06fd077b6afc2d69af6e1e548da266d,SO70352,22,FE-6654,1,22,b95a9f47dd73bb9b799a31ae04ee7da1
17009,e0cd1349b4c6e1b5f14ed427e358c2d0,f06fd077b6afc2d69af6e1e548da266d,SO70352,105,HL-U509,3,105,b95a9f47dd73bb9b799a31ae04ee7da1
17010,8fa3bab223bec6501ad71f96bb1067b6,b95a9f47dd73bb9b799a31ae04ee7da1,SO70853,4590,BK-M68B-46,2,4590,1556bafff387fc8f2f6fef64c1daa6bc
17010,8fa3bab223bec6501ad71f96bb1067b6,b95a9f47dd73bb9b799a31ae04ee7da1,SO70853,150,LJ-0192-L,3,150,1556bafff387fc8f2f6fef64c1daa6bc
17010,8fa3bab223bec6501ad71f96bb1067b6,b95a9f47dd73bb9b799a31ae04ee7da1,SO70853,35,TI-M823,1,35,1556bafff387fc8f2f6fef64c1daa6bc
17010,8fa3bab223bec6501ad71f96bb1067b6,b95a9f47dd73bb9b799a31ae04ee7da1,SO70853,5,TT-M928,1,5,1556bafff387fc8f2f6fef64c1daa6bc
17011,5abaefcc8525a8f4cfd95cba9e926532,fde67888c64f701b59876ec559099b3e,SO57666,1701,BK-R79Y-48,1,1701,73b2264d673ee7b5b2e7e165020516ac
17011,5abaefcc8525a8f4cfd95cba9e926532,fde67888c64f701b59876ec559099b3e,SO57666,150,LJ-0192-L,3,150,73b2264d673ee7b5b2e7e165020516ac
17012,478ecc8cdaa127c33884d9f6c72c2cd5,3fbd0407b55d3a3da21388a2ddbf881c,SO58623,1701,BK-R79Y-44,1,1701,174acf6ca4e9804d47a59a499422e621
17012,478ecc8cdaa127c33884d9f6c72c2cd5,3fbd0407b55d3a3da21388a2ddbf881c,SO58623,150,LJ-0192-L,3,150,174acf6ca4e9804d47a59a499422e621
17013,2797a91b25bc2aa85124c99bc574dc83,86bfb8ffc7a79e52d833cedce4d275bf,SO71063,4640,BK-M68S-46,2,4640,a9adf65abbb865184bf924d14a93d0c4
17013,2797a91b25bc2aa85124c99bc574dc83,86bfb8ffc7a79e52d833cedce4d275bf,SO71063,22,FE-6654,1,22,a9adf65abbb865184bf924d14a93d0c4
17013,2797a91b25bc2aa85124c99bc574dc83,86bfb8ffc7a79e52d833cedce4d275bf,SO71063,48,GL-H102-M,2,48,a9adf65abbb865184bf924d14a93d0c4
17013,2797a91b25bc2aa85124c99bc574dc83,86bfb8ffc7a79e52d833cedce4d275bf,SO71063,105,HL-U509-R,3,105,a9adf65abbb865184bf924d14a93d0c4
17014,d6ec5bff1a0809822c740ce35792fa7a,db2b287636ac5ebda430de4f3f643b24,SO52592,5,WB-H098,1,5,6be9692276a308e4b872323af1ad8fe2
17015,73b2264d673ee7b5b2e7e165020516ac,4ceff7612cfa4420892fe23b23ca9265,SO57398,5,WB-H098,1,5,8d71482745a6a1be4fbbc5562ade4657
17016,18bea060239713ee5f865109f63f3a8a,7f026edc73bd4602381834e9b850d6c2,SO52864,105,HL-U509-R,3,105,d6ec5bff1a0809822c740ce35792fa7a
17016,18bea060239713ee5f865109f63f3a8a,7f026edc73bd4602381834e9b850d6c2,SO52864,150,LJ-0192-L,3,150,d6ec5bff1a0809822c740ce35792fa7a
17016,18bea060239713ee5f865109f63f3a8a,7f026edc73bd4602381834e9b850d6c2,SO52864,9,SO-R809-M,1,9,d6ec5bff1a0809822c740ce35792fa7a
17016,18bea060239713ee5f865109f63f3a8a,7f026edc73bd4602381834e9b850d6c2,SO52864,5,WB-H098,1,5,d6ec5bff1a0809822c740ce35792fa7a
17017,a9cd7a99d71cca9cb644010050374ade,3db19f5f710f10e90ecc7154c649d60a,SO71742,4590,BK-M68B-46,2,4590,128ee9ff420de424a605a0ee4a6f7916
17017,a9cd7a99d71cca9cb644010050374ade,3db19f5f710f10e90ecc7154c649d60a,SO71742,2,PK-7098,1,2,128ee9ff420de424a605a0ee4a6f7916
17017,a9cd7a99d71cca9cb644010050374ade,3db19f5f710f10e90ecc7154c649d60a,SO71742,35,TI-M823,1,35,128ee9ff420de424a605a0ee4a6f7916
17018,5e1b952a22eccca86f7f056a9efb42a4,a8ef76a01442567fb64eb6f4408a9835,SO57715,105,HL-U509-R,3,105,40883861f6e25a2e09e848a7891f4f38
17018,5e1b952a22eccca86f7f056a9efb42a4,a8ef76a01442567fb64eb6f4408a9835,SO57715,54,SJ-0194-X,1,54,40883861f6e25a2e09e848a7891f4f38
17018,5e1b952a22eccca86f7f056a9efb42a4,a8ef76a01442567fb64eb6f4408a9835,SO57715,5,WB-H098,1,5,40883861f6e25a2e09e848a7891f4f38
17019,dcf73f840a50da0145f24e8e0169dc4b,2797a91b25bc2aa85124c99bc574dc83,SO72023,150,LJ-0192-L,3,150,d5985f40495ba672dff8a99620b879c8
17019,dcf73f840a50da0145f24e8e0169dc4b,2797a91b25bc2aa85124c99bc574dc83,SO72023,5,WB-H098,1,5,d5985f40495ba672dff8a99620b879c8
17020,375bde15092f45652b6398c1dff650d0,830e779850b1d58733a7ad711bf6b83f,SO57351,9,BC-R205,1,9,a8ef76a01442567fb64eb6f4408a9835
17020,375bde15092f45652b6398c1dff650d0,830e779850b1d58733a7ad711bf6b83f,SO57351,1701,BK-R79Y-44,1,1701,a8ef76a01442567fb64eb6f4408a9835
17020,375bde15092f45652b6398c1dff650d0,830e779850b1d58733a7ad711bf6b83f,SO57351,5,WB-H098,1,5,a8ef76a01442567fb64eb6f4408a9835
17021,244cede513841376c37dc856f2f5e7b9,5e1b952a22eccca86f7f056a9efb42a4,SO58394,1701,BK-R79Y-42,1,1701,debbb2493c6588799fc787e1854bcda5
17022,df595e3c678d4fae23ce174fe747165e,07b31bae17c7890b17d79a654aa230cf,SO58883,1701,BK-R79Y-40,1,1701,75fe8d7dec9d2a51be64595ab37dc674
17022,df595e3c678d4fae23ce174fe747165e,07b31bae17c7890b17d79a654aa230cf,SO58883,27,CA-1098,3,27,75fe8d7dec9d2a51be64595ab37dc674
17022,df595e3c678d4fae23ce174fe747165e,07b31bae17c7890b17d79a654aa230cf,SO58883,54,SJ-0194-X,1,54,75fe8d7dec9d2a51be64595ab37dc674
17023,ce08c22f7777768ce4197eab9727516c,4a800301260b2639fa1ec3efafb5f86c,SO60036,1701,BK-R79Y-44,1,1701,5072507e949a2c25948a591c4da194e1
17023,ce08c22f7777768ce4197eab9727516c,4a800301260b2639fa1ec3efafb5f86c,SO60036,105,HL-U509-R,3,105,5072507e949a2c25948a591c4da194e1
17024,5e1b952a22eccca86f7f056a9efb42a4,a8ef76a01442567fb64eb6f4408a9835,SO57727,1701,BK-R79Y-42,1,1701,40883861f6e25a2e09e848a7891f4f38
17024,5e1b952a22eccca86f7f056a9efb42a4,a8ef76a01442567fb64eb6f4408a9835,SO57727,150,LJ-0192-L,3,150,40883861f6e25a2e09e848a7891f4f38
17024,5e1b952a22eccca86f7f056a9efb42a4,a8ef76a01442567fb64eb6f4408a9835,SO57727,25,TI-R628,1,25,40883861f6e25a2e09e848a7891f4f38
17025,94c60e0b5e2b0f78b919a5d4c67d70a2,0d15ba5aa4c9ad0377b26e0cf7a86280,SO62227,1701,BK-R79Y-48,1,1701,9913e55755fcc4267a06c1e6adbbc7fb
17025,94c60e0b5e2b0f78b919a5d4c67d70a2,0d15ba5aa4c9ad0377b26e0cf7a86280,SO62227,27,CA-1098,3,27,9913e55755fcc4267a06c1e6adbbc7fb
17026,51c449e55b4a63a16fb45beb689150d5,18bea060239713ee5f865109f63f3a8a,SO53635,105,HL-U509-B,3,105,714597fe9448176d17876617114a65bc
17026,51c449e55b4a63a16fb45beb689150d5,18bea060239713ee5f865109f63f3a8a,SO53635,25,TI-M267,1,25,714597fe9448176d17876617114a65bc
17026,51c449e55b4a63a16fb45beb689150d5,18bea060239713ee5f865109f63f3a8a,SO53635,5,TT-M928,1,5,714597fe9448176d17876617114a65bc
17026,5a06908cc28b799b04fc1c47664462e6,da9c4ba6c9a1ae8725389bfd38b5763a,SO54733,10,BC-M005,1,10,6d338b8c41c717c4336ad0084a80dca4
17026,5a06908cc28b799b04fc1c47664462e6,da9c4ba6c9a1ae8725389bfd38b5763a,SO54733,48,GL-H102-M,2,48,6d338b8c41c717c4336ad0084a80dca4
17026,5a06908cc28b799b04fc1c47664462e6,da9c4ba6c9a1ae8725389bfd38b5763a,SO54733,150,LJ-0192-M,3,150,6d338b8c41c717c4336ad0084a80dca4
17026,5a06908cc28b799b04fc1c47664462e6,da9c4ba6c9a1ae8725389bfd38b5763a,SO54733,5,WB-H098,1,5,6d338b8c41c717c4336ad0084a80dca4
17026,90c6314650a0d54fdcabe5cd5406f9af,f476906875bc5d9abe836b4ea1f485c1,SO53963,22,FE-6654,1,22,41464bd548f06ca845208f69df30ac82
17026,90c6314650a0d54fdcabe5cd5406f9af,f476906875bc5d9abe836b4ea1f485c1,SO53963,105,HL-U509-B,3,105,41464bd548f06ca845208f69df30ac82
17026,90c6314650a0d54fdcabe5cd5406f9af,f476906875bc5d9abe836b4ea1f485c1,SO53963,150,LJ-0192-S,3,150,41464bd548f06ca845208f69df30ac82
17027,41fc4cb27e0ee552c4c9247e1a476cc5,6d338b8c41c717c4336ad0084a80dca4,SO55109,10,BC-M005,1,10,6e5c4b769f8f70f9fd01b24ba5be9695
17027,41fc4cb27e0ee552c4c9247e1a476cc5,6d338b8c41c717c4336ad0084a80dca4,SO55109,48,GL-H102-L,2,48,6e5c4b769f8f70f9fd01b24ba5be9695
17027,41fc4cb27e0ee552c4c9247e1a476cc5,6d338b8c41c717c4336ad0084a80dca4,SO55109,54,SJ-0194-M,1,54,6e5c4b769f8f70f9fd01b24ba5be9695
17027,41fc4cb27e0ee552c4c9247e1a476cc5,6d338b8c41c717c4336ad0084a80dca4,SO55109,5,WB-H098,1,5,6e5c4b769f8f70f9fd01b24ba5be9695
17027,7254e54716fe52361e62aa16ea2e0797,6eaadc1181f307997dc853d9ed40db36,SO59448,22,FE-6654,1,22,e7df1b3ee078bdcfc260a877f321287d
17027,7254e54716fe52361e62aa16ea2e0797,6eaadc1181f307997dc853d9ed40db36,SO59448,64,VE-C304-S,1,64,e7df1b3ee078bdcfc260a877f321287d
17027,9f79f7706bc6a7654ef0b8977966f69a,e2f7ff887646789ea003d03bc2025325,SO52129,22,FE-6654,1,22,361e2c62255e0c1887ac2139911ca300
17027,9f79f7706bc6a7654ef0b8977966f69a,e2f7ff887646789ea003d03bc2025325,SO52129,25,TI-M267,1,25,361e2c62255e0c1887ac2139911ca300
17027,9f79f7706bc6a7654ef0b8977966f69a,e2f7ff887646789ea003d03bc2025325,SO52129,5,TT-M928,1,5,361e2c62255e0c1887ac2139911ca300
17028,174acf6ca4e9804d47a59a499422e621,5abaefcc8525a8f4cfd95cba9e926532,SO58329,1701,BK-R79Y-48,1,1701,eba6cab7267f82e3b2a063d5ea445bb9
17028,174acf6ca4e9804d47a59a499422e621,5abaefcc8525a8f4cfd95cba9e926532,SO58329,27,CA-1098,3,27,eba6cab7267f82e3b2a063d5ea445bb9
17028,174acf6ca4e9804d47a59a499422e621,5abaefcc8525a8f4cfd95cba9e926532,SO58329,54,SJ-0194-L,1,54,eba6cab7267f82e3b2a063d5ea445bb9
17029,640540d73b85c3ecd2e3bf5541686e87,eba6cab7267f82e3b2a063d5ea445bb9,SO58757,1701,BK-R79Y-48,1,1701,d630b2db6e8046e30b4728ca862ba4e1
17029,640540d73b85c3ecd2e3bf5541686e87,eba6cab7267f82e3b2a063d5ea445bb9,SO58757,27,CA-1098,3,27,d630b2db6e8046e30b4728ca862ba4e1
17029,640540d73b85c3ecd2e3bf5541686e87,eba6cab7267f82e3b2a063d5ea445bb9,SO58757,150,LJ-0192-L,3,150,d630b2db6e8046e30b4728ca862ba4e1
17030,de22d232bbe84481579f6252f1e7091d,cae5717327bee7d74e261c550aa5081f,SO57575,1701,BK-R79Y-40,1,1701,ab4946738415af86b5e3cee69b13301f
17031,5691ac18f59a9af20f9d8703772afbba,d8a4ea0dc4237ee8690ee37b3902fd0e,SO55942,27,CA-1098,3,27,bc761b2b7297029a695fbd6dd0470724
17031,5691ac18f59a9af20f9d8703772afbba,d8a4ea0dc4237ee8690ee37b3902fd0e,SO55942,5,WB-H098,1,5,bc761b2b7297029a695fbd6dd0470724
17032,0da2bc000f1fe4ea8746f9aea0bb5879,702a02712215141594ddf8e52b0a651c,SO68302,8,CL-9009,1,8,b34050290c25b0f7b52a2b8f767df87d
17032,0da2bc000f1fe4ea8746f9aea0bb5879,702a02712215141594ddf8e52b0a651c,SO68302,5,WB-H098,1,5,b34050290c25b0f7b52a2b8f767df87d
17033,a2c49941411089cb2a9cbf78cb803c26,73a69a5c77a7d23172e54d7ce07a638e,SO56153,48,GL-H102-S,2,48,39fe373cdcb4534addde73890415b660
17033,a2c49941411089cb2a9cbf78cb803c26,73a69a5c77a7d23172e54d7ce07a638e,SO56153,5,WB-H098,1,5,39fe373cdcb4534addde73890415b660
17034,3a23b248b732af434a45fce0302aa11f,db2f6a564b6f5f41253c68874b50962b,SO62997,1701,BK-R79Y-42,1,1701,290499d9b8e65db426ba9b842714eb6d
17034,3a23b248b732af434a45fce0302aa11f,db2f6a564b6f5f41253c68874b50962b,SO62997,150,LJ-0192-S,3,150,290499d9b8e65db426ba9b842714eb6d
17035,deff8ad81a213d1110c1f409a7f40fcd,b8cc77f0099ae7d3a20b9f0b74d70b12,SO52803,54,SJ-0194-M,1,54,f04e53711455521533f4c5ed7dcaa287
17035,deff8ad81a213d1110c1f409a7f40fcd,b8cc77f0099ae7d3a20b9f0b74d70b12,SO52803,5,WB-H098,1,5,f04e53711455521533f4c5ed7dcaa287
17036,15699e35c72c4036c71409f3f3d69528,f5933feadc49c253e4f0e77b236946e9,SO53043,22,FE-6654,1,22,deff8ad81a213d1110c1f409a7f40fcd
17036,15699e35c72c4036c71409f3f3d69528,f5933feadc49c253e4f0e77b236946e9,SO53043,105,HL-U509-B,3,105,deff8ad81a213d1110c1f409a7f40fcd
17036,4a800301260b2639fa1ec3efafb5f86c,23f22724b430320654759f8512440ebc,SO59165,150,LJ-0192-M,3,150,a189cc17a15cdb4e39e80dfcd8374c76
17036,4a800301260b2639fa1ec3efafb5f86c,23f22724b430320654759f8512440ebc,SO59165,70,SH-W890-M,1,70,a189cc17a15cdb4e39e80dfcd8374c76
17037,6d1d8a1c7851eb5a946d45009cea6d9f,3f0c8308e4e2e5c4ddc1b7e19304f613,SO65724,10,BC-M005,1,10,6582aa26281b9a92ad60e6a03e274c00
17037,6d1d8a1c7851eb5a946d45009cea6d9f,3f0c8308e4e2e5c4ddc1b7e19304f613,SO65724,4640,BK-M68S-42,2,4640,6582aa26281b9a92ad60e6a03e274c00
17037,6d1d8a1c7851eb5a946d45009cea6d9f,3f0c8308e4e2e5c4ddc1b7e19304f613,SO65724,5,WB-H098,1,5,6582aa26281b9a92ad60e6a03e274c00
17038,99c8f306659fd98cbb9d7f03ec0c2a7a,705fa39ab40831529471c768490339ab,SO69913,4640,BK-M68S-46,2,4640,fff3c307c93eda1eb91d53ca588846fe
17038,99c8f306659fd98cbb9d7f03ec0c2a7a,705fa39ab40831529471c768490339ab,SO69913,2,PK-7098,1,2,fff3c307c93eda1eb91d53ca588846fe
17038,99c8f306659fd98cbb9d7f03ec0c2a7a,705fa39ab40831529471c768490339ab,SO69913,120,RA-H123,1,120,fff3c307c93eda1eb91d53ca588846fe
17039,de22d232bbe84481579f6252f1e7091d,cae5717327bee7d74e261c550aa5081f,SO57576,1701,BK-R79Y-40,1,1701,ab4946738415af86b5e3cee69b13301f
17039,de22d232bbe84481579f6252f1e7091d,cae5717327bee7d74e261c550aa5081f,SO57576,105,HL-U509-R,3,105,ab4946738415af86b5e3cee69b13301f
17039,de22d232bbe84481579f6252f1e7091d,cae5717327bee7d74e261c550aa5081f,SO57576,64,VE-C304-L,1,64,ab4946738415af86b5e3cee69b13301f
17040,a189cc17a15cdb4e39e80dfcd8374c76,b0b2c17e5682f78d8fc262463fd0a4f3,SO58678,1701,BK-R79Y-40,1,1701,244cede513841376c37dc856f2f5e7b9
17040,a189cc17a15cdb4e39e80dfcd8374c76,b0b2c17e5682f78d8fc262463fd0a4f3,SO58678,48,GL-H102-M,2,48,244cede513841376c37dc856f2f5e7b9
17040,a189cc17a15cdb4e39e80dfcd8374c76,b0b2c17e5682f78d8fc262463fd0a4f3,SO58678,105,HL-U509,3,105,244cede513841376c37dc856f2f5e7b9
17041,244cede513841376c37dc856f2f5e7b9,5e1b952a22eccca86f7f056a9efb42a4,SO58392,1701,BK-R79Y-48,1,1701,debbb2493c6588799fc787e1854bcda5
17042,640540d73b85c3ecd2e3bf5541686e87,eba6cab7267f82e3b2a063d5ea445bb9,SO58755,1701,BK-R79Y-48,1,1701,d630b2db6e8046e30b4728ca862ba4e1
17042,640540d73b85c3ecd2e3bf5541686e87,eba6cab7267f82e3b2a063d5ea445bb9,SO58755,105,HL-U509-R,3,105,d630b2db6e8046e30b4728ca862ba4e1
17043,375bde15092f45652b6398c1dff650d0,830e779850b1d58733a7ad711bf6b83f,SO57349,1701,BK-R79Y-42,1,1701,a8ef76a01442567fb64eb6f4408a9835
17043,375bde15092f45652b6398c1dff650d0,830e779850b1d58733a7ad711bf6b83f,SO57349,48,GL-H102-S,2,48,a8ef76a01442567fb64eb6f4408a9835
17043,375bde15092f45652b6398c1dff650d0,830e779850b1d58733a7ad711bf6b83f,SO57349,105,HL-U509-B,3,105,a8ef76a01442567fb64eb6f4408a9835
17044,4efe8b2ca156042f8a3d8dd6aba54520,e2f0a420a4c1a9e8e292761f835e0489,SO66342,105,HL-U509-R,3,105,e82ca4c6beebe812f10fa1041b97a160
17044,4efe8b2ca156042f8a3d8dd6aba54520,e2f0a420a4c1a9e8e292761f835e0489,SO66342,5,WB-H098,1,5,e82ca4c6beebe812f10fa1041b97a160
17045,830e779850b1d58733a7ad711bf6b83f,39fe373cdcb4534addde73890415b660,SO56526,769,BK-M38S-46,1,769,427ed6396fba4ed8ead9ec3229517d2b
17045,830e779850b1d58733a7ad711bf6b83f,39fe373cdcb4534addde73890415b660,SO56526,27,CA-1098,3,27,427ed6396fba4ed8ead9ec3229517d2b
17045,830e779850b1d58733a7ad711bf6b83f,39fe373cdcb4534addde73890415b660,SO56526,70,SH-W890-S,1,70,427ed6396fba4ed8ead9ec3229517d2b
17045,830e779850b1d58733a7ad711bf6b83f,39fe373cdcb4534addde73890415b660,SO56526,54,SJ-0194-M,1,54,427ed6396fba4ed8ead9ec3229517d2b
17045,aa79d369c30c2b1258b3d47e8c10d56a,ed14ee5e1bd1ca02f415796fc3f09c6a,SO44026,3578,BK-R93R-62,1,3578,72571bd90824be952816cc46cf59d536
17046,8d71482745a6a1be4fbbc5562ade4657,089c2a426c196c5ca5facb20896c90bb,SO56942,769,BK-M38S-42,1,769,d9f7611cf8d29b48a1d3d8fddb8c5b2e
17046,8d71482745a6a1be4fbbc5562ade4657,089c2a426c196c5ca5facb20896c90bb,SO56942,150,LJ-0192-M,3,150,d9f7611cf8d29b48a1d3d8fddb8c5b2e
17046,8d71482745a6a1be4fbbc5562ade4657,089c2a426c196c5ca5facb20896c90bb,SO56942,70,SH-W890-S,1,70,d9f7611cf8d29b48a1d3d8fddb8c5b2e
17046,f96fbbcf63b1b65747983976e60d5967,1aaafc415cabd13fe410504154a58757,SO44036,3578,BK-R93R-62,1,3578,85e7a76ab1d6d23e87ea418480d5ffe2
17047,59c3d64cb01cd5ad7fd25246d81a55ff,ac15b60491fe99190c0248790e690757,SO55538,769,BK-M38S-46,1,769,d8a4ea0dc4237ee8690ee37b3902fd0e
17047,c0ac3608147bb8f049e395b41577e2e4,b6bbe024fcbfd670a10e8dec3cd187f9,SO43937,3578,BK-R93R-48,1,3578,0d1574b7622bdd9b2ec0b9869608d4cb
17048,174acf6ca4e9804d47a59a499422e621,5abaefcc8525a8f4cfd95cba9e926532,SO58336,769,BK-M38S-46,1,769,eba6cab7267f82e3b2a063d5ea445bb9
17048,174acf6ca4e9804d47a59a499422e621,5abaefcc8525a8f4cfd95cba9e926532,SO58336,105,HL-U509-B,3,105,eba6cab7267f82e3b2a063d5ea445bb9
17048,98c729ba235458f3bd79313db6be8db6,7b6f06e56a619445069388ba47da6fd8,SO44028,3578,BK-R93R-48,1,3578,e904395773482ff67e248aa38929654a
17049,07b31bae17c7890b17d79a654aa230cf,a976f17830aceaaa93d5daef0bc209a3,SO58181,769,BK-M38S-38,1,769,ef5bad66aa19ccfb82cacb73584b83ea
17049,fbaf703299cbebd90f4ebe3575bd7ead,e904395773482ff67e248aa38929654a,SO44067,3578,BK-R93R-62,1,3578,9fa48dc8d46636bab53020640f0d42b9
17050,b0b2c17e5682f78d8fc262463fd0a4f3,375bde15092f45652b6398c1dff650d0,SO58005,769,BK-M38S-46,1,769,5e1b952a22eccca86f7f056a9efb42a4
17050,b0b2c17e5682f78d8fc262463fd0a4f3,375bde15092f45652b6398c1dff650d0,SO58005,48,GL-H102-L,2,48,5e1b952a22eccca86f7f056a9efb42a4
17050,b0b2c17e5682f78d8fc262463fd0a4f3,375bde15092f45652b6398c1dff650d0,SO58005,70,SH-W890-M,1,70,5e1b952a22eccca86f7f056a9efb42a4
17050,b0b2c17e5682f78d8fc262463fd0a4f3,375bde15092f45652b6398c1dff650d0,SO58005,54,SJ-0194-X,1,54,5e1b952a22eccca86f7f056a9efb42a4
17050,c947239f01c6b75acb71b136a7ee0eb3,22db51e448053c41a0b54d56c61806bc,SO44050,3578,BK-R93R-62,1,3578,aa79d369c30c2b1258b3d47e8c10d56a
17051,a8ef76a01442567fb64eb6f4408a9835,427ed6396fba4ed8ead9ec3229517d2b,SO56899,4886,BK-R89B-44,2,4886,eba5233d2dd8ea5031e646882335ece0
17051,a8ef76a01442567fb64eb6f4408a9835,427ed6396fba4ed8ead9ec3229517d2b,SO56899,2,PK-7098,1,2,eba5233d2dd8ea5031e646882335ece0
17051,a8ef76a01442567fb64eb6f4408a9835,427ed6396fba4ed8ead9ec3229517d2b,SO56899,33,TI-R982,1,33,eba5233d2dd8ea5031e646882335ece0
17051,a8ef76a01442567fb64eb6f4408a9835,427ed6396fba4ed8ead9ec3229517d2b,SO56899,4,TT-R982,1,4,eba5233d2dd8ea5031e646882335ece0
17051,d7c0b05cc309d4516231ccf0d3417744,63deedb09952ba4161e5d9ab30ea4d41,SO43942,3578,BK-R93R-62,1,3578,0605970f0e23f47a1e2af81a5f9bc913
17052,348f48807f500aeac729fb17d9bc97f1,5072507e949a2c25948a591c4da194e1,SO60465,54,SJ-0194-S,1,54,f108e0cd2f96a0c22086f9d45ee08f19
17052,830e779850b1d58733a7ad711bf6b83f,39fe373cdcb4534addde73890415b660,SO56489,8,CL-9009,1,8,427ed6396fba4ed8ead9ec3229517d2b
17052,830e779850b1d58733a7ad711bf6b83f,39fe373cdcb4534addde73890415b660,SO56489,30,TI-M602,1,30,427ed6396fba4ed8ead9ec3229517d2b
17052,830e779850b1d58733a7ad711bf6b83f,39fe373cdcb4534addde73890415b660,SO56489,5,TT-M928,1,5,427ed6396fba4ed8ead9ec3229517d2b
17053,3dc63b2d6dcc8f0b6720b06b5439a0b1,8d1d4829b2e801ba4e41ba48f5a549d4,SO66269,54,SJ-0194-X,1,54,6ef7b4bb93d4e54234cf965ed2334682
17053,6eaadc1181f307997dc853d9ed40db36,0814775cfc25da756a9b4197347ab771,SO58478,105,HL-U509-R,3,105,4dbf892d41ae205f6e36838031cff786
17053,6eaadc1181f307997dc853d9ed40db36,0814775cfc25da756a9b4197347ab771,SO58478,30,TI-M602,1,30,4dbf892d41ae205f6e36838031cff786
17053,6eaadc1181f307997dc853d9ed40db36,0814775cfc25da756a9b4197347ab771,SO58478,5,TT-M928,1,5,4dbf892d41ae205f6e36838031cff786
17054,0df76889b3e31ccfd17b50cc73baef03,debbb2493c6588799fc787e1854bcda5,SO58778,30,TI-M602,1,30,6eaadc1181f307997dc853d9ed40db36
17054,70951886788165a5e2439adfce4d0cce,ca38f30e56a72f4d0c8d2264322c5862,SO68964,54,SJ-0194-M,1,54,c885741a5e3e55c84950327011b70289
17055,0f3e3e16d175d3da9e3d2ab5f42e2a8d,98c729ba235458f3bd79313db6be8db6,SO44157,3578,BK-R93R-56,1,3578,fbaf703299cbebd90f4ebe3575bd7ead
17055,174acf6ca4e9804d47a59a499422e621,5abaefcc8525a8f4cfd95cba9e926532,SO58337,769,BK-M38S-42,1,769,eba6cab7267f82e3b2a063d5ea445bb9
17056,d630b2db6e8046e30b4728ca862ba4e1,02ad1a5ca18e58629b8c1d6a6401d071,SO58458,769,BK-M38S-42,1,769,07b31bae17c7890b17d79a654aa230cf
17056,d630b2db6e8046e30b4728ca862ba4e1,02ad1a5ca18e58629b8c1d6a6401d071,SO58458,70,SH-W890-L,1,70,07b31bae17c7890b17d79a654aa230cf
17056,f9160ced7c82c26576dae88d37ef543e,05c5da89af1a92d8b290990620fd3737,SO44237,3578,BK-R93R-62,1,3578,2587ddcd808fbd36ac5ceec2863ab2af
17057,13b7c2277967bc61802018c764b5b2a0,9c55d6518880c1abf100a24da2546368,SO74507,54,SJ-0194-S,1,54,0e000451f430d2e5b745a08b4ee7836c
17057,b988e88fd94a3b47434beeb650cff880,3c1811b546060d91957cc446aabc4a3c,SO56340,2,PK-7098,1,2,18025e6a8791d350428f65c0783ebd99
17057,b988e88fd94a3b47434beeb650cff880,3c1811b546060d91957cc446aabc4a3c,SO56340,30,TI-M602,1,30,18025e6a8791d350428f65c0783ebd99
17058,9592b44e2c3f304a9875f45537bec6eb,a9cd7a99d71cca9cb644010050374ade,SO72736,54,SJ-0194-S,1,54,b2ce0ef2540789e8a6976165b6c917d8
17058,d4746e41b619da57ee9f1a2e2cc254e8,81a5d08c6beaeec9e42baae5d63dd780,SO64056,30,TI-M602,1,30,23bd9a9b90557e9da7babfb8e3d2df22
17059,41ef6b06b63ba4f6a5234245a439b157,c4c454d69a39e60a6f5cf2f97148adad,SO72586,54,SJ-0194-M,1,54,545a3d56d20b22e09aa85bfa5ed8738d
17059,c660dc308b247ce08aeecd155306bae0,e7df1b3ee078bdcfc260a877f321287d,SO59908,105,HL-U509,3,105,9a95fdf4e925d9cbd65f87b5aa4ac212
17059,c660dc308b247ce08aeecd155306bae0,e7df1b3ee078bdcfc260a877f321287d,SO59908,30,TI-M602,1,30,9a95fdf4e925d9cbd65f87b5aa4ac212
17059,c660dc308b247ce08aeecd155306bae0,e7df1b3ee078bdcfc260a877f321287d,SO59908,5,TT-M928,1,5,9a95fdf4e925d9cbd65f87b5aa4ac212
17060,305c66634c155cab2b5cc3ce00351eb1,2becb9647677a1a316b388bbad689580,SO62091,105,HL-U509-B,3,105,922d04aa1f67bbe0270bfad98508f43e
17060,305c66634c155cab2b5cc3ce00351eb1,2becb9647677a1a316b388bbad689580,SO62091,30,TI-M602,1,30,922d04aa1f67bbe0270bfad98508f43e
17060,305c66634c155cab2b5cc3ce00351eb1,2becb9647677a1a316b388bbad689580,SO62091,5,TT-M928,1,5,922d04aa1f67bbe0270bfad98508f43e
17060,4efe8b2ca156042f8a3d8dd6aba54520,e2f0a420a4c1a9e8e292761f835e0489,SO66323,54,SJ-0194-L,1,54,e82ca4c6beebe812f10fa1041b97a160
17061,5c741aa8e0753be65314a304e7b39c14,d945ec2aae74dbfb829453026b91c235,SO62026,54,SJ-0194-X,1,54,7ee641303ef8d8b10d0ed00a060c73cc
17061,94c60e0b5e2b0f78b919a5d4c67d70a2,0d15ba5aa4c9ad0377b26e0cf7a86280,SO62161,2,PK-7098,1,2,9913e55755fcc4267a06c1e6adbbc7fb
17061,94c60e0b5e2b0f78b919a5d4c67d70a2,0d15ba5aa4c9ad0377b26e0cf7a86280,SO62161,30,TI-M602,1,30,9913e55755fcc4267a06c1e6adbbc7fb
17062,40e7dd73b09eac540e790daf6fac41af,14e4b13c27fb9bce9938ce35b6597eca,SO54151,2,PK-7098,1,2,3f20f21c57e09a6c071e44d1fe74b58a
17062,40e7dd73b09eac540e790daf6fac41af,14e4b13c27fb9bce9938ce35b6597eca,SO54151,30,TI-M602,1,30,3f20f21c57e09a6c071e44d1fe74b58a
17062,40e7dd73b09eac540e790daf6fac41af,14e4b13c27fb9bce9938ce35b6597eca,SO54151,5,TT-M928,1,5,3f20f21c57e09a6c071e44d1fe74b58a
17062,5e9b4970006d8f02ba0bc1763fa8b9a6,b2e85aa5f9c095607e638c7e6e2c694b,SO51929,54,SJ-0194-M,1,54,ca510b577b53d588f80b4fc76030ea52
17063,3c8e2c51453f4d665f1050da871dead6,1f50dad3f1493a5cf408c4eb3987479e,SO55392,27,CA-1098,3,27,d34ba8f5d7fd7d5959a34c283fbec422
17063,3c8e2c51453f4d665f1050da871dead6,1f50dad3f1493a5cf408c4eb3987479e,SO55392,54,SJ-0194-X,1,54,d34ba8f5d7fd7d5959a34c283fbec422
17063,9b98d27287b27eeee9ebc06e1d5a9a8d,0dc34ca2aaa8612cde077f1880b78b25,SO53072,2,PK-7098,1,2,18bea060239713ee5f865109f63f3a8a
17063,9b98d27287b27eeee9ebc06e1d5a9a8d,0dc34ca2aaa8612cde077f1880b78b25,SO53072,30,TI-M602,1,30,18bea060239713ee5f865109f63f3a8a
17063,9b98d27287b27eeee9ebc06e1d5a9a8d,0dc34ca2aaa8612cde077f1880b78b25,SO53072,5,TT-M928,1,5,18bea060239713ee5f865109f63f3a8a
17064,0814775cfc25da756a9b4197347ab771,d76e0ba1fa041675ae9af958c5b41ae4,SO57831,769,BK-M38S-38,1,769,de22d232bbe84481579f6252f1e7091d
17064,0814775cfc25da756a9b4197347ab771,d76e0ba1fa041675ae9af958c5b41ae4,SO57831,159,ST-1401,1,159,de22d232bbe84481579f6252f1e7091d
17064,531a5e6e1b551dc67663de449307272a,1c37e3540a186a26df97e1d816a180d8,SO44194,3578,BK-R93R-62,1,3578,0a6897e1c1e03291162006eaf64d9e6d
17065,07d14b363438ad842665e35b72cd095b,9fa48dc8d46636bab53020640f0d42b9,SO44165,3578,BK-R93R-52,1,3578,9c09e1a3bb33cc56909b944a08096b34
17065,e0bcd0ff3072dfe15609d6be1529b0b8,c660dc308b247ce08aeecd155306bae0,SO60697,769,BK-M38S-38,1,769,39ff8ac1e8a44088f96e17b846ec8baf
17065,e0bcd0ff3072dfe15609d6be1529b0b8,c660dc308b247ce08aeecd155306bae0,SO60697,70,SH-W890-L,1,70,39ff8ac1e8a44088f96e17b846ec8baf
17066,702a02712215141594ddf8e52b0a651c,cd15e5f80ff20dd345bfaa51400dd0d6,SO67494,48,GL-H102-M,2,48,caa707f97407c07371136aaf471a91d4
17066,702a02712215141594ddf8e52b0a651c,cd15e5f80ff20dd345bfaa51400dd0d6,SO67494,150,LJ-0192-M,3,150,caa707f97407c07371136aaf471a91d4
17066,8c9ec1be720ee75d56d0c250d10610fa,16918840d98f27ce45948fe73dd5592f,SO63622,2,PK-7098,1,2,81a5d08c6beaeec9e42baae5d63dd780
17066,8c9ec1be720ee75d56d0c250d10610fa,16918840d98f27ce45948fe73dd5592f,SO63622,25,TI-R628,1,25,81a5d08c6beaeec9e42baae5d63dd780
17066,8c9ec1be720ee75d56d0c250d10610fa,16918840d98f27ce45948fe73dd5592f,SO63622,4,TT-R982,1,4,81a5d08c6beaeec9e42baae5d63dd780
17067,5cbbe853aa1a5a1370f9a614904c4b15,86e0fc464cbb08ae74bd039224afec9a,SO73583,105,HL-U509-B,3,105,47a161474962a6dcc03cfa64127a641f
17067,5cbbe853aa1a5a1370f9a614904c4b15,86e0fc464cbb08ae74bd039224afec9a,SO73583,25,TI-R628,1,25,47a161474962a6dcc03cfa64127a641f
17067,5cbbe853aa1a5a1370f9a614904c4b15,86e0fc464cbb08ae74bd039224afec9a,SO73583,4,TT-R982,1,4,47a161474962a6dcc03cfa64127a641f
17067,a1fedb8f5f2e08543339a5f167bee6b7,8b9fe4b34e3c54f08bfcac3d9691e260,SO64961,150,LJ-0192-S,3,150,4eec6eda382b9c44e240ad4b4b5e9cc0
17068,4ddc8821c34bceaf3dba4a18741acca3,af1457846a79173ef71dd9d5dd69805a,SO61107,54,SJ-0194-S,1,54,2d6e054ac82934d489c58cc8399a1628
17068,db10519e66d9a7b809b91935ad1a696d,d7f57f35d2bad1349ca24a67a2635eea,SO74473,9,SO-R809-M,1,9,6583882ca853d66524856501b27519f5
17068,db10519e66d9a7b809b91935ad1a696d,d7f57f35d2bad1349ca24a67a2635eea,SO74473,30,TI-M602,1,30,6583882ca853d66524856501b27519f5
17069,4a70a3ec50fd16032883bf6fc79c55dd,4804ee33768b143d9706052696f7dfbd,SO61033,769,BK-M38S-40,1,769,e0bcd0ff3072dfe15609d6be1529b0b8
17069,4a70a3ec50fd16032883bf6fc79c55dd,4804ee33768b143d9706052696f7dfbd,SO61033,70,SH-W890-L,1,70,e0bcd0ff3072dfe15609d6be1529b0b8
17069,4a70a3ec50fd16032883bf6fc79c55dd,4804ee33768b143d9706052696f7dfbd,SO61033,9,SO-R809-L,1,9,e0bcd0ff3072dfe15609d6be1529b0b8
17069,f93a6ca5d224d7404ca783aa5a0c61c7,5b2e258a90271b858fa32867ebccdae6,SO44187,3578,BK-R93R-52,1,3578,4918909674a26c217d8cc4a92860400c
17070,072bf847aeeee970f66483e596496cd9,cfceb7490eff6e660974507be7c579c6,SO52622,54,SJ-0194-L,1,54,dca79d69a6b38e95c4b03bfab997796c
17070,15699e35c72c4036c71409f3f3d69528,f5933feadc49c253e4f0e77b236946e9,SO53011,105,HL-U509-R,3,105,deff8ad81a213d1110c1f409a7f40fcd
17070,15699e35c72c4036c71409f3f3d69528,f5933feadc49c253e4f0e77b236946e9,SO53011,30,TI-M602,1,30,deff8ad81a213d1110c1f409a7f40fcd
17070,15699e35c72c4036c71409f3f3d69528,f5933feadc49c253e4f0e77b236946e9,SO53011,5,TT-M928,1,5,deff8ad81a213d1110c1f409a7f40fcd
17071,1c37e3540a186a26df97e1d816a180d8,13c2439a16b8e0eab906d0cd09c97dbc,SO44144,3578,BK-R93R-48,1,3578,aa23a148fd157c87970b5fa9079424f9
17071,39ff8ac1e8a44088f96e17b846ec8baf,9a95fdf4e925d9cbd65f87b5aa4ac212,SO60450,769,BK-M38S-40,1,769,c926349b55a58d87d7d5008c349fd1e9
17071,39ff8ac1e8a44088f96e17b846ec8baf,9a95fdf4e925d9cbd65f87b5aa4ac212,SO60450,70,SH-W890-S,1,70,c926349b55a58d87d7d5008c349fd1e9
17072,705fa39ab40831529471c768490339ab,63efdd3324df66c9965bd622cdebe06a,SO68814,48,GL-H102-L,2,48,4584ca349e0920f4436a3c2f36158b85
17072,705fa39ab40831529471c768490339ab,63efdd3324df66c9965bd622cdebe06a,SO68814,25,TI-R628,1,25,4584ca349e0920f4436a3c2f36158b85
17072,d5985f40495ba672dff8a99620b879c8,a9adf65abbb865184bf924d14a93d0c4,SO71498,48,GL-H102-L,2,48,8f472ffe3ff3109f420ae91355ff8f3f
17072,d5985f40495ba672dff8a99620b879c8,a9adf65abbb865184bf924d14a93d0c4,SO71498,150,LJ-0192-L,3,150,8f472ffe3ff3109f420ae91355ff8f3f
17073,7a8e187aeb003f6e34c02a4d5b9b153e,2fe1a028f9398deb2efcd536c8246fae,SO63499,150,LJ-0192-M,3,150,ba19c22033aaecc6c5dad47f63e5858c
17073,c7390752782466cfc9a3ed7d3a79e046,0001ffe4d82d0d8f9fec5ab0b4faa2db,SO67904,25,TI-R628,1,25,16e364d19895243407b256ec272d5394
17073,c7390752782466cfc9a3ed7d3a79e046,0001ffe4d82d0d8f9fec5ab0b4faa2db,SO67904,4,TT-R982,1,4,16e364d19895243407b256ec272d5394
17074,6477c205c5117a9448ba863e111acf32,c926349b55a58d87d7d5008c349fd1e9,SO60840,2,PK-7098,1,2,013f173c58073e845f675d26fdde1918
17074,6477c205c5117a9448ba863e111acf32,c926349b55a58d87d7d5008c349fd1e9,SO60840,25,TI-R628,1,25,013f173c58073e845f675d26fdde1918
17074,6477c205c5117a9448ba863e111acf32,c926349b55a58d87d7d5008c349fd1e9,SO60840,4,TT-R982,1,4,013f173c58073e845f675d26fdde1918
17074,db2b287636ac5ebda430de4f3f643b24,7af7abc5e37d5fa2e2334b4fec2584e2,SO51976,27,CA-1098,3,27,bee2b842cd357511cf4c8e509f5af192
17074,db2b287636ac5ebda430de4f3f643b24,7af7abc5e37d5fa2e2334b4fec2584e2,SO51976,150,LJ-0192-S,3,150,bee2b842cd357511cf4c8e509f5af192
17075,232e830f1ac667c081eaaca23cdf9b5f,4b5c3229e0725ef8d303f494db9faec8,SO64463,150,LJ-0192-X,3,150,abe94c2111c58e9c9672602d41bce66e
17075,7299e51cfc0d5174743a6701a8a96488,56d78836c9cf0de136c4d2d37aba2280,SO64730,2,PK-7098,1,2,58f0b42da53adeeccbfa693883fea672
17075,7299e51cfc0d5174743a6701a8a96488,56d78836c9cf0de136c4d2d37aba2280,SO64730,25,TI-R628,1,25,58f0b42da53adeeccbfa693883fea672
17076,56d78836c9cf0de136c4d2d37aba2280,ba19c22033aaecc6c5dad47f63e5858c,SO63952,48,GL-H102-M,2,48,8c9ec1be720ee75d56d0c250d10610fa
17076,56d78836c9cf0de136c4d2d37aba2280,ba19c22033aaecc6c5dad47f63e5858c,SO63952,150,LJ-0192-X,3,150,8c9ec1be720ee75d56d0c250d10610fa
17076,ca5b8307fa5f2189fb98330a9d65927c,88077cf01a3e17831c2d0bcca5897c5b,SO73944,25,TI-R628,1,25,5cbbe853aa1a5a1370f9a614904c4b15
17076,ca5b8307fa5f2189fb98330a9d65927c,88077cf01a3e17831c2d0bcca5897c5b,SO73944,4,TT-R982,1,4,5cbbe853aa1a5a1370f9a614904c4b15
17077,922d04aa1f67bbe0270bfad98508f43e,0383d48e76cd8a3dfb9e2a890f2cac18,SO61787,150,LJ-0192-S,3,150,76918877cf6ce7011018cd9708723392
17077,9444f850ff0c10a862b4a6a9c4ab0a74,3143ce3c6436ed5bd25398756b7b661d,SO53722,48,GL-H102-S,2,48,76e3c19dbb0dadc4c6dc771d856e4676
17077,9444f850ff0c10a862b4a6a9c4ab0a74,3143ce3c6436ed5bd25398756b7b661d,SO53722,105,HL-U509,3,105,76e3c19dbb0dadc4c6dc771d856e4676
17077,9444f850ff0c10a862b4a6a9c4ab0a74,3143ce3c6436ed5bd25398756b7b661d,SO53722,25,TI-R628,1,25,76e3c19dbb0dadc4c6dc771d856e4676
17077,9444f850ff0c10a862b4a6a9c4ab0a74,3143ce3c6436ed5bd25398756b7b661d,SO53722,4,TT-R982,1,4,76e3c19dbb0dadc4c6dc771d856e4676
17078,1f50dad3f1493a5cf408c4eb3987479e,226d694fb4b7f71d62444f9528be8704,SO54667,27,CA-1098,3,27,9c56075241a26f6fa77eb86b15411c6e
17078,1f50dad3f1493a5cf408c4eb3987479e,226d694fb4b7f71d62444f9528be8704,SO54667,54,SJ-0194-S,1,54,9c56075241a26f6fa77eb86b15411c6e
17078,7f026edc73bd4602381834e9b850d6c2,eedd9be5500334505ed9d4aef801ac3d,SO52217,105,HL-U509-R,3,105,db2b287636ac5ebda430de4f3f643b24
17078,7f026edc73bd4602381834e9b850d6c2,eedd9be5500334505ed9d4aef801ac3d,SO52217,54,SJ-0194-S,1,54,db2b287636ac5ebda430de4f3f643b24
17078,7f026edc73bd4602381834e9b850d6c2,eedd9be5500334505ed9d4aef801ac3d,SO52217,30,TI-M602,1,30,db2b287636ac5ebda430de4f3f643b24
17078,7f026edc73bd4602381834e9b850d6c2,eedd9be5500334505ed9d4aef801ac3d,SO52217,5,TT-M928,1,5,db2b287636ac5ebda430de4f3f643b24
17079,412998e77ee121227580e3d363f75fa2,df595e3c678d4fae23ce174fe747165e,SO59901,769,BK-M38S-38,1,769,254d832c83ccdb2c33eab65a4fd196ff
17079,412998e77ee121227580e3d363f75fa2,df595e3c678d4fae23ce174fe747165e,SO59901,70,SH-W890-L,1,70,254d832c83ccdb2c33eab65a4fd196ff
17079,f9160ced7c82c26576dae88d37ef543e,05c5da89af1a92d8b290990620fd3737,SO44238,3578,BK-R93R-44,1,3578,2587ddcd808fbd36ac5ceec2863ab2af
17080,14e4b13c27fb9bce9938ce35b6597eca,c375f33d72ca7161f341c2726e82d67a,SO53358,1701,BK-R79Y-40,1,1701,9b98d27287b27eeee9ebc06e1d5a9a8d
17080,14e4b13c27fb9bce9938ce35b6597eca,c375f33d72ca7161f341c2726e82d67a,SO53358,2,PK-7098,1,2,9b98d27287b27eeee9ebc06e1d5a9a8d
17080,14e4b13c27fb9bce9938ce35b6597eca,c375f33d72ca7161f341c2726e82d67a,SO53358,25,TI-R628,1,25,9b98d27287b27eeee9ebc06e1d5a9a8d
17080,14e4b13c27fb9bce9938ce35b6597eca,c375f33d72ca7161f341c2726e82d67a,SO53358,4,TT-R982,1,4,9b98d27287b27eeee9ebc06e1d5a9a8d
17080,663d11326de76cfa493cc577763c59ee,afdb67129022ab285264def615fa587a,SO46904,2000,BK-R64Y-44,2,2000,b9836987c405fca6133a2969f25c7398
17081,2ed3972e38245b633ec6b146c2970148,6477c205c5117a9448ba863e111acf32,SO61693,150,LJ-0192-X,3,150,2becb9647677a1a316b388bbad689580
17081,2ed3972e38245b633ec6b146c2970148,6477c205c5117a9448ba863e111acf32,SO61693,25,TI-R628,1,25,2becb9647677a1a316b388bbad689580
17082,18bea060239713ee5f865109f63f3a8a,7f026edc73bd4602381834e9b850d6c2,SO52850,1701,BK-R79Y-40,1,1701,d6ec5bff1a0809822c740ce35792fa7a
17082,18bea060239713ee5f865109f63f3a8a,7f026edc73bd4602381834e9b850d6c2,SO52850,27,CA-1098,3,27,d6ec5bff1a0809822c740ce35792fa7a
17082,efe1c5e6e4edb477ce15d36dad6bbea3,8a9e9eb9bf34bfb298138c0b091eaf0a,SO49352,4364,BK-R89B-48,2,4364,ff2bf25190a8fcdee3d17552f1914d11
17083,41fc4cb27e0ee552c4c9247e1a476cc5,6d338b8c41c717c4336ad0084a80dca4,SO55118,22,FE-6654,1,22,6e5c4b769f8f70f9fd01b24ba5be9695
17083,41fc4cb27e0ee552c4c9247e1a476cc5,6d338b8c41c717c4336ad0084a80dca4,SO55118,25,TI-M267,1,25,6e5c4b769f8f70f9fd01b24ba5be9695
17083,41fc4cb27e0ee552c4c9247e1a476cc5,6d338b8c41c717c4336ad0084a80dca4,SO55118,5,TT-M928,1,5,6e5c4b769f8f70f9fd01b24ba5be9695
17084,b34050290c25b0f7b52a2b8f767df87d,caa707f97407c07371136aaf471a91d4,SO67993,2,PK-7098,1,2,36ab6f1df21f3c9a169c8942e981959a
17084,b34050290c25b0f7b52a2b8f767df87d,caa707f97407c07371136aaf471a91d4,SO67993,25,TI-R628,1,25,36ab6f1df21f3c9a169c8942e981959a
17084,b34050290c25b0f7b52a2b8f767df87d,caa707f97407c07371136aaf471a91d4,SO67993,4,TT-R982,1,4,36ab6f1df21f3c9a169c8942e981959a
17085,2f1c6881a8aee249301a33785404cd23,53e3822e4ab7309bbe5f440fa5f4e7de,SO48562,4364,BK-R89B-48,2,4364,2bb3043229844628920922115ca2f967
17085,d6fb379288416774d139632beb88e26b,3ebfce6ccd7540a632ae7e6ad8100c29,SO60193,769,BK-M38S-42,1,769,412998e77ee121227580e3d363f75fa2
17085,d6fb379288416774d139632beb88e26b,3ebfce6ccd7540a632ae7e6ad8100c29,SO60193,30,TI-M602,1,30,412998e77ee121227580e3d363f75fa2
17085,d6fb379288416774d139632beb88e26b,3ebfce6ccd7540a632ae7e6ad8100c29,SO60193,5,TT-M928,1,5,412998e77ee121227580e3d363f75fa2
17086,22ba60942e58ccfed22ed8a64ec86aa3,120e988208d0c7478eebe7175e557b29,SO49312,2443,BK-R89R-48,1,2443,61f221efdc5f1284178644e84c13fc7c
17086,ad4fbe0c82c7e5968d4cf22c2ad19e28,72e75576254db1afef14ecdc050391c2,SO52678,1701,BK-R79Y-40,1,1701,f5933feadc49c253e4f0e77b236946e9
17086,ad4fbe0c82c7e5968d4cf22c2ad19e28,72e75576254db1afef14ecdc050391c2,SO52678,150,LJ-0192-L,3,150,f5933feadc49c253e4f0e77b236946e9
17087,4555f65c4664801d78b9f5477f89d8fd,7ee641303ef8d8b10d0ed00a060c73cc,SO62496,8,CL-9009,1,8,94c60e0b5e2b0f78b919a5d4c67d70a2
17087,4555f65c4664801d78b9f5477f89d8fd,7ee641303ef8d8b10d0ed00a060c73cc,SO62496,5,TT-M928,1,5,94c60e0b5e2b0f78b919a5d4c67d70a2
17087,870bd4f3713260418e4f342f31dc7e33,94c60e0b5e2b0f78b919a5d4c67d70a2,SO62914,55,HY-1023-70,1,55,2fe1a028f9398deb2efcd536c8246fae
17087,870bd4f3713260418e4f342f31dc7e33,94c60e0b5e2b0f78b919a5d4c67d70a2,SO62914,2,PK-7098,1,2,2fe1a028f9398deb2efcd536c8246fae
17087,870bd4f3713260418e4f342f31dc7e33,94c60e0b5e2b0f78b919a5d4c67d70a2,SO62914,5,TT-T092,1,5,2fe1a028f9398deb2efcd536c8246fae
17088,4555f65c4664801d78b9f5477f89d8fd,7ee641303ef8d8b10d0ed00a060c73cc,SO62498,25,TI-R628,1,25,94c60e0b5e2b0f78b919a5d4c67d70a2
17089,ccb91034934bb047c5f6a32eb289b95b,640540d73b85c3ecd2e3bf5541686e87,SO59739,105,HL-U509-B,3,105,3ebfce6ccd7540a632ae7e6ad8100c29
17089,ccb91034934bb047c5f6a32eb289b95b,640540d73b85c3ecd2e3bf5541686e87,SO59739,25,TI-M267,1,25,3ebfce6ccd7540a632ae7e6ad8100c29
17089,ccb91034934bb047c5f6a32eb289b95b,640540d73b85c3ecd2e3bf5541686e87,SO59739,5,TT-M928,1,5,3ebfce6ccd7540a632ae7e6ad8100c29
17090,c135545cc3f3a739132ffdbc8096f3d4,36ab6f1df21f3c9a169c8942e981959a,SO68432,105,HL-U509-R,3,105,511572e8a25e86c2f48ae9e6d73a1e6a
17090,c135545cc3f3a739132ffdbc8096f3d4,36ab6f1df21f3c9a169c8942e981959a,SO68432,25,TI-M267,1,25,511572e8a25e86c2f48ae9e6d73a1e6a
17090,c135545cc3f3a739132ffdbc8096f3d4,36ab6f1df21f3c9a169c8942e981959a,SO68432,5,TT-M928,1,5,511572e8a25e86c2f48ae9e6d73a1e6a
17091,43e2cc7ff261723f93f64f3f7e9faa8d,a6f2945baeceeef4c8d541a22f6e99e9,SO73455,2,PK-7098,1,2,88077cf01a3e17831c2d0bcca5897c5b
17091,43e2cc7ff261723f93f64f3f7e9faa8d,a6f2945baeceeef4c8d541a22f6e99e9,SO73455,25,TI-M267,1,25,88077cf01a3e17831c2d0bcca5897c5b
17091,43e2cc7ff261723f93f64f3f7e9faa8d,a6f2945baeceeef4c8d541a22f6e99e9,SO73455,5,TT-M928,1,5,88077cf01a3e17831c2d0bcca5897c5b
17092,0dc34ca2aaa8612cde077f1880b78b25,361e2c62255e0c1887ac2139911ca300,SO52505,2,PK-7098,1,2,7f026edc73bd4602381834e9b850d6c2
17092,0dc34ca2aaa8612cde077f1880b78b25,361e2c62255e0c1887ac2139911ca300,SO52505,30,TI-M602,1,30,7f026edc73bd4602381834e9b850d6c2
17092,0dc34ca2aaa8612cde077f1880b78b25,361e2c62255e0c1887ac2139911ca300,SO52505,5,TT-M928,1,5,7f026edc73bd4602381834e9b850d6c2
17093,8d1d4829b2e801ba4e41ba48f5a549d4,a6d37e298c3042e300813f55a17e0875,SO65510,4590,BK-M68B-38,2,4590,ccf89c691dabb1412404274596922d90
17093,8d1d4829b2e801ba4e41ba48f5a549d4,a6d37e298c3042e300813f55a17e0875,SO65510,22,FE-6654,1,22,ccf89c691dabb1412404274596922d90
17093,a9cd7a99d71cca9cb644010050374ade,3db19f5f710f10e90ecc7154c649d60a,SO71749,2384,BK-T79Y-60,1,2384,128ee9ff420de424a605a0ee4a6f7916
17093,a9cd7a99d71cca9cb644010050374ade,3db19f5f710f10e90ecc7154c649d60a,SO71749,105,HL-U509-B,3,105,128ee9ff420de424a605a0ee4a6f7916
17093,f503064ebf1d6c48e58be9df2aa9a79b,61f221efdc5f1284178644e84c13fc7c,SO49386,4364,BK-R89B-44,2,4364,043dc8381a880800c6904db9a2d6994e
17094,ba588be30dd16be47b9647a72fe81700,c5f333101183a33b4b4d94a271add9fd,SO48654,4364,BK-R89B-48,2,4364,88adb3ec0d383666ee2acd29f43e3429
17094,e0bcd0ff3072dfe15609d6be1529b0b8,c660dc308b247ce08aeecd155306bae0,SO60702,769,BK-M38S-46,1,769,39ff8ac1e8a44088f96e17b846ec8baf
17094,e0bcd0ff3072dfe15609d6be1529b0b8,c660dc308b247ce08aeecd155306bae0,SO60702,150,LJ-0192-X,3,150,39ff8ac1e8a44088f96e17b846ec8baf
17095,6d338b8c41c717c4336ad0084a80dca4,9223b53f03a405f817e91392f0294f6a,SO54438,1701,BK-R79Y-40,1,1701,40e7dd73b09eac540e790daf6fac41af
17095,6d338b8c41c717c4336ad0084a80dca4,9223b53f03a405f817e91392f0294f6a,SO54438,27,CA-1098,3,27,40e7dd73b09eac540e790daf6fac41af
17095,6d338b8c41c717c4336ad0084a80dca4,9223b53f03a405f817e91392f0294f6a,SO54438,150,LJ-0192-X,3,150,40e7dd73b09eac540e790daf6fac41af
17095,bea2034ab47ba6f72c2dea803bbc3328,2f6f8a5ec1c6c4b60d2ceb4eb5ad9c78,SO46722,2000,BK-R64Y-42,2,2000,ebce0865da088132946764a3527b5a4e
17096,79e45486ec381a8d5022628ddaa21b8b,c6cff482661a9daa82c86dddcf00c0e4,SO49414,2443,BK-R89R-44,1,2443,30df06c098f61f2e78c2d0edb6e1b65a
17096,f799d104dd23bb828dcdaaefc4d25b61,ca510b577b53d588f80b4fc76030ea52,SO52294,1701,BK-R79Y-48,1,1701,cfceb7490eff6e660974507be7c579c6
17097,a1be4f014e5b3c959503117fd1ee566a,7e7a9bb13ad063eb81a70efff24ca60a,SO48458,4364,BK-R89R-58,2,4364,5cdbc8775008d87082e2d847e626b2f8
17097,b2ce0ef2540789e8a6976165b6c917d8,128ee9ff420de424a605a0ee4a6f7916,SO72366,769,BK-M38S-38,1,769,dcf73f840a50da0145f24e8e0169dc4b
17097,b2ce0ef2540789e8a6976165b6c917d8,128ee9ff420de424a605a0ee4a6f7916,SO72366,105,HL-U509,3,105,dcf73f840a50da0145f24e8e0169dc4b
17097,b2ce0ef2540789e8a6976165b6c917d8,128ee9ff420de424a605a0ee4a6f7916,SO72366,30,TI-M602,1,30,dcf73f840a50da0145f24e8e0169dc4b
17097,b2ce0ef2540789e8a6976165b6c917d8,128ee9ff420de424a605a0ee4a6f7916,SO72366,5,TT-M928,1,5,dcf73f840a50da0145f24e8e0169dc4b
17098,20b5e9ce0f87defd975a322149ec8cc6,9bbc713be22755b8ea8e3b596e06edd2,SO51481,565,BK-M18S-48,1,565,679eed5d77e30211eb990c0c13145df3
17098,20b5e9ce0f87defd975a322149ec8cc6,9bbc713be22755b8ea8e3b596e06edd2,SO51481,22,FE-6654,1,22,679eed5d77e30211eb990c0c13145df3
17098,a1be4f014e5b3c959503117fd1ee566a,7e7a9bb13ad063eb81a70efff24ca60a,SO48460,4364,BK-R89R-58,2,4364,5cdbc8775008d87082e2d847e626b2f8
17099,d3c54b4368c62c2ff11535bf2b677170,41464bd548f06ca845208f69df30ac82,SO54327,1701,BK-R79Y-48,1,1701,da9c4ba6c9a1ae8725389bfd38b5763a
17099,fdc720a8abaa222620409b00b4e00cc2,a9badca0a12d937b4dcb70fd1c65dc63,SO47281,2000,BK-R64Y-48,2,2000,8bcf785b838fcdc4c1567a41e1906287
17100,6dd75c28a9a8a39e02bc0a175f82a9f3,dfcee565bb2da80a7b76451a5cd314a1,SO66912,27,CA-1098,3,27,f88b3743a9ce1f9455b6de69380b486a
17100,6dd75c28a9a8a39e02bc0a175f82a9f3,dfcee565bb2da80a7b76451a5cd314a1,SO66912,22,FE-6654,1,22,f88b3743a9ce1f9455b6de69380b486a
17100,6dd75c28a9a8a39e02bc0a175f82a9f3,dfcee565bb2da80a7b76451a5cd314a1,SO66912,105,HL-U509-B,3,105,f88b3743a9ce1f9455b6de69380b486a
17100,6dd75c28a9a8a39e02bc0a175f82a9f3,dfcee565bb2da80a7b76451a5cd314a1,SO66912,25,TI-M267,1,25,f88b3743a9ce1f9455b6de69380b486a
17100,6dd75c28a9a8a39e02bc0a175f82a9f3,dfcee565bb2da80a7b76451a5cd314a1,SO66912,5,TT-M928,1,5,f88b3743a9ce1f9455b6de69380b486a
17101,16e364d19895243407b256ec272d5394,4004a117f65dfd3221a9cce8fce5a45f,SO67605,27,CA-1098,3,27,7acd252f45ad6fe668386456a673d543
17101,16e364d19895243407b256ec272d5394,4004a117f65dfd3221a9cce8fce5a45f,SO67605,55,HY-1023-70,1,55,7acd252f45ad6fe668386456a673d543
17101,16e364d19895243407b256ec272d5394,4004a117f65dfd3221a9cce8fce5a45f,SO67605,5,TT-M928,1,5,7acd252f45ad6fe668386456a673d543
17101,1f50dad3f1493a5cf408c4eb3987479e,226d694fb4b7f71d62444f9528be8704,SO54693,105,HL-U509-B,3,105,9c56075241a26f6fa77eb86b15411c6e
17101,1f50dad3f1493a5cf408c4eb3987479e,226d694fb4b7f71d62444f9528be8704,SO54693,55,HY-1023-70,1,55,9c56075241a26f6fa77eb86b15411c6e
17101,1f50dad3f1493a5cf408c4eb3987479e,226d694fb4b7f71d62444f9528be8704,SO54693,5,TT-T092,1,5,9c56075241a26f6fa77eb86b15411c6e
17102,dba3e44e23a1d2c2f299811e94db7fce,51c449e55b4a63a16fb45beb689150d5,SO54289,2,PK-7098,1,2,226d694fb4b7f71d62444f9528be8704
17102,dba3e44e23a1d2c2f299811e94db7fce,51c449e55b4a63a16fb45beb689150d5,SO54289,25,TI-M267,1,25,226d694fb4b7f71d62444f9528be8704
17102,dba3e44e23a1d2c2f299811e94db7fce,51c449e55b4a63a16fb45beb689150d5,SO54289,5,TT-M928,1,5,226d694fb4b7f71d62444f9528be8704
17103,caa707f97407c07371136aaf471a91d4,4efe8b2ca156042f8a3d8dd6aba54520,SO67089,10,BC-M005,1,10,058af5b2a408d57b708367e5bf4e9d9c
17103,caa707f97407c07371136aaf471a91d4,4efe8b2ca156042f8a3d8dd6aba54520,SO67089,4590,BK-M68B-38,2,4590,058af5b2a408d57b708367e5bf4e9d9c
17103,caa707f97407c07371136aaf471a91d4,4efe8b2ca156042f8a3d8dd6aba54520,SO67089,48,GL-H102-S,2,48,058af5b2a408d57b708367e5bf4e9d9c
17103,caa707f97407c07371136aaf471a91d4,4efe8b2ca156042f8a3d8dd6aba54520,SO67089,5,WB-H098,1,5,058af5b2a408d57b708367e5bf4e9d9c
17103,d5985f40495ba672dff8a99620b879c8,a9adf65abbb865184bf924d14a93d0c4,SO71542,2384,BK-T79Y-46,1,2384,8f472ffe3ff3109f420ae91355ff8f3f
17103,d5985f40495ba672dff8a99620b879c8,a9adf65abbb865184bf924d14a93d0c4,SO71542,105,HL-U509,3,105,8f472ffe3ff3109f420ae91355ff8f3f
17103,ff2bf25190a8fcdee3d17552f1914d11,d5cc3ca31a62986018db87cc11d7c3c0,SO49303,4364,BK-R89B-52,2,4364,01e9454335c45aa6cdee165f2c25b3c0
17104,d6ab5a0eee939524352092b964d92b84,106dfbaf552c07a1b08d065f2c343982,SO55209,5,WB-H098,1,5,3c4bf68562424c26986beae6ce13704a
17105,0dc34ca2aaa8612cde077f1880b78b25,361e2c62255e0c1887ac2139911ca300,SO52503,105,HL-U509,3,105,7f026edc73bd4602381834e9b850d6c2
17105,0dc34ca2aaa8612cde077f1880b78b25,361e2c62255e0c1887ac2139911ca300,SO52503,5,TT-M928,1,5,7f026edc73bd4602381834e9b850d6c2
17105,7254e54716fe52361e62aa16ea2e0797,6eaadc1181f307997dc853d9ed40db36,SO59442,9,BC-R205,1,9,e7df1b3ee078bdcfc260a877f321287d
17105,7254e54716fe52361e62aa16ea2e0797,6eaadc1181f307997dc853d9ed40db36,SO59442,48,GL-H102-M,2,48,e7df1b3ee078bdcfc260a877f321287d
17105,7254e54716fe52361e62aa16ea2e0797,6eaadc1181f307997dc853d9ed40db36,SO59442,5,TT-T092,1,5,e7df1b3ee078bdcfc260a877f321287d
17105,7254e54716fe52361e62aa16ea2e0797,6eaadc1181f307997dc853d9ed40db36,SO59442,5,WB-H098,1,5,e7df1b3ee078bdcfc260a877f321287d
17106,36ab6f1df21f3c9a169c8942e981959a,058af5b2a408d57b708367e5bf4e9d9c,SO67672,27,CA-1098,3,27,8e8847c1bdf012037ee13bb62da8a5c1
17106,36ab6f1df21f3c9a169c8942e981959a,058af5b2a408d57b708367e5bf4e9d9c,SO67672,105,HL-U509,3,105,8e8847c1bdf012037ee13bb62da8a5c1
17106,36ab6f1df21f3c9a169c8942e981959a,058af5b2a408d57b708367e5bf4e9d9c,SO67672,25,TI-R628,1,25,8e8847c1bdf012037ee13bb62da8a5c1
17106,36ab6f1df21f3c9a169c8942e981959a,058af5b2a408d57b708367e5bf4e9d9c,SO67672,4,TT-R982,1,4,8e8847c1bdf012037ee13bb62da8a5c1
17107,79e45486ec381a8d5022628ddaa21b8b,c6cff482661a9daa82c86dddcf00c0e4,SO49415,2443,BK-R89R-52,1,2443,30df06c098f61f2e78c2d0edb6e1b65a
17107,f799d104dd23bb828dcdaaefc4d25b61,ca510b577b53d588f80b4fc76030ea52,SO52295,1701,BK-R79Y-42,1,1701,cfceb7490eff6e660974507be7c579c6
17107,f799d104dd23bb828dcdaaefc4d25b61,ca510b577b53d588f80b4fc76030ea52,SO52295,105,HL-U509-B,3,105,cfceb7490eff6e660974507be7c579c6
17108,6d1d8a1c7851eb5a946d45009cea6d9f,3f0c8308e4e2e5c4ddc1b7e19304f613,SO65709,25,TI-R628,1,25,6582aa26281b9a92ad60e6a03e274c00
17109,29811b471c7da705b519bb457273565b,f7004f672150f926791b3547ca9837cb,SO47642,2000,BK-R64Y-40,2,2000,51f131f5e73d6582c708dee703ea6d09
17109,ab2e81a99745ffff6c06e2be93290d1b,76e3c19dbb0dadc4c6dc771d856e4676,SO54109,9,BC-R205,1,9,1685ca8ff12ea83725a1c35e1d89c5cd
17109,ab2e81a99745ffff6c06e2be93290d1b,76e3c19dbb0dadc4c6dc771d856e4676,SO54109,1701,BK-R79Y-44,1,1701,1685ca8ff12ea83725a1c35e1d89c5cd
17109,ab2e81a99745ffff6c06e2be93290d1b,76e3c19dbb0dadc4c6dc771d856e4676,SO54109,54,SJ-0194-M,1,54,1685ca8ff12ea83725a1c35e1d89c5cd
17109,ab2e81a99745ffff6c06e2be93290d1b,76e3c19dbb0dadc4c6dc771d856e4676,SO54109,5,WB-H098,1,5,1685ca8ff12ea83725a1c35e1d89c5cd
17110,3c8e2c51453f4d665f1050da871dead6,1f50dad3f1493a5cf408c4eb3987479e,SO55418,2,PK-7098,1,2,d34ba8f5d7fd7d5959a34c283fbec422
17110,3c8e2c51453f4d665f1050da871dead6,1f50dad3f1493a5cf408c4eb3987479e,SO55418,5,TT-M928,1,5,d34ba8f5d7fd7d5959a34c283fbec422
17110,de5009f9bf3e9725d2381f4a5e913111,2296af5563b2061aa1d88124a37eecb7,SO67377,105,HL-U509-B,3,105,a1d0c0a14c6c8f8a8ef8220209c23a64
17110,de5009f9bf3e9725d2381f4a5e913111,2296af5563b2061aa1d88124a37eecb7,SO67377,5,TT-T092,1,5,a1d0c0a14c6c8f8a8ef8220209c23a64
17111,714597fe9448176d17876617114a65bc,d6ec5bff1a0809822c740ce35792fa7a,SO53222,5,WB-H098,1,5,3143ce3c6436ed5bd25398756b7b661d
17112,d1024973c3d10f08cb9fa1736e6ed8b7,f8025d3776b5f7522a6120cb4e9e0783,SO62366,2,PK-7098,1,2,5c741aa8e0753be65314a304e7b39c14
17112,d1024973c3d10f08cb9fa1736e6ed8b7,f8025d3776b5f7522a6120cb4e9e0783,SO62366,4,TT-R982,1,4,5c741aa8e0753be65314a304e7b39c14
17113,c87874400b9f907bdf9ea37d75a4b341,23bd9a9b90557e9da7babfb8e3d2df22,SO64564,5,WB-H098,1,5,8b9fe4b34e3c54f08bfcac3d9691e260
17114,66e56e10b0f528b66a45e307ecdf4774,691ad1b0dca3643b923973defd014d47,SO68550,4640,BK-M68S-42,2,4640,8eb7a1b0dba9fdd5f4248b9cb6b9119b
17114,66e56e10b0f528b66a45e307ecdf4774,691ad1b0dca3643b923973defd014d47,SO68550,27,CA-1098,3,27,8eb7a1b0dba9fdd5f4248b9cb6b9119b
17114,66e56e10b0f528b66a45e307ecdf4774,691ad1b0dca3643b923973defd014d47,SO68550,105,HL-U509-B,3,105,8eb7a1b0dba9fdd5f4248b9cb6b9119b
17114,66e56e10b0f528b66a45e307ecdf4774,691ad1b0dca3643b923973defd014d47,SO68550,35,TI-M823,1,35,8eb7a1b0dba9fdd5f4248b9cb6b9119b
17114,66e56e10b0f528b66a45e307ecdf4774,691ad1b0dca3643b923973defd014d47,SO68550,5,TT-M928,1,5,8eb7a1b0dba9fdd5f4248b9cb6b9119b
17114,e84848120190a8d0e696fbeb15647a74,fff3c307c93eda1eb91d53ca588846fe,SO70431,2384,BK-T79Y-50,1,2384,f544b472453b297a8b55709fbfd3746d
17114,e84848120190a8d0e696fbeb15647a74,fff3c307c93eda1eb91d53ca588846fe,SO70431,27,CA-1098,3,27,f544b472453b297a8b55709fbfd3746d
17114,e84848120190a8d0e696fbeb15647a74,fff3c307c93eda1eb91d53ca588846fe,SO70431,105,HL-U509-R,3,105,f544b472453b297a8b55709fbfd3746d
17114,f503064ebf1d6c48e58be9df2aa9a79b,61f221efdc5f1284178644e84c13fc7c,SO49387,2443,BK-R89R-48,1,2443,043dc8381a880800c6904db9a2d6994e
17115,43a48533e5870a15f120f16375636633,4bbde6a0c4076e78bc106bdc331a94c5,SO48702,4364,BK-R89B-52,2,4364,ba588be30dd16be47b9647a72fe81700
17115,c660dc308b247ce08aeecd155306bae0,e7df1b3ee078bdcfc260a877f321287d,SO59922,769,BK-M38S-42,1,769,9a95fdf4e925d9cbd65f87b5aa4ac212
17115,c660dc308b247ce08aeecd155306bae0,e7df1b3ee078bdcfc260a877f321287d,SO59922,22,FE-6654,1,22,9a95fdf4e925d9cbd65f87b5aa4ac212
17115,c660dc308b247ce08aeecd155306bae0,e7df1b3ee078bdcfc260a877f321287d,SO59922,105,HL-U509-R,3,105,9a95fdf4e925d9cbd65f87b5aa4ac212
17116,9913e55755fcc4267a06c1e6adbbc7fb,4a70a3ec50fd16032883bf6fc79c55dd,SO61918,9,BC-R205,1,9,d53f9d33cac0a297449a74a10d031570
17116,9913e55755fcc4267a06c1e6adbbc7fb,4a70a3ec50fd16032883bf6fc79c55dd,SO61918,1701,BK-R79Y-44,1,1701,d53f9d33cac0a297449a74a10d031570
17116,9913e55755fcc4267a06c1e6adbbc7fb,4a70a3ec50fd16032883bf6fc79c55dd,SO61918,150,LJ-0192-M,3,150,d53f9d33cac0a297449a74a10d031570
17116,9913e55755fcc4267a06c1e6adbbc7fb,4a70a3ec50fd16032883bf6fc79c55dd,SO61918,5,WB-H098,1,5,d53f9d33cac0a297449a74a10d031570
17117,e84848120190a8d0e696fbeb15647a74,fff3c307c93eda1eb91d53ca588846fe,SO70401,105,HL-U509-B,3,105,f544b472453b297a8b55709fbfd3746d
17117,e84848120190a8d0e696fbeb15647a74,fff3c307c93eda1eb91d53ca588846fe,SO70401,5,WB-H098,1,5,f544b472453b297a8b55709fbfd3746d
17118,6eaadc1181f307997dc853d9ed40db36,0814775cfc25da756a9b4197347ab771,SO58538,9,BC-R205,1,9,4dbf892d41ae205f6e36838031cff786
17118,6eaadc1181f307997dc853d9ed40db36,0814775cfc25da756a9b4197347ab771,SO58538,540,BK-R19B-58,1,540,4dbf892d41ae205f6e36838031cff786
17118,6eaadc1181f307997dc853d9ed40db36,0814775cfc25da756a9b4197347ab771,SO58538,27,CA-1098,3,27,4dbf892d41ae205f6e36838031cff786
17118,6eaadc1181f307997dc853d9ed40db36,0814775cfc25da756a9b4197347ab771,SO58538,5,WB-H098,1,5,4dbf892d41ae205f6e36838031cff786
17119,1678083e7ff90bd404baad3f60bffa37,7b0730955172ecda497d7cca6b1d87a1,SO55788,22,FE-6654,1,22,73a69a5c77a7d23172e54d7ce07a638e
17119,3e48b2167bd86ef570e46d0b286c4f74,072bf847aeeee970f66483e596496cd9,SO53258,10,BC-M005,1,10,3e07f09fb2edbdf0bf6a54c17634514b
17119,3e48b2167bd86ef570e46d0b286c4f74,072bf847aeeee970f66483e596496cd9,SO53258,27,CA-1098,3,27,3e07f09fb2edbdf0bf6a54c17634514b
17119,3e48b2167bd86ef570e46d0b286c4f74,072bf847aeeee970f66483e596496cd9,SO53258,54,SJ-0194-L,1,54,3e07f09fb2edbdf0bf6a54c17634514b
17119,3e48b2167bd86ef570e46d0b286c4f74,072bf847aeeee970f66483e596496cd9,SO53258,5,WB-H098,1,5,3e07f09fb2edbdf0bf6a54c17634514b
17119,d76e0ba1fa041675ae9af958c5b41ae4,b988e88fd94a3b47434beeb650cff880,SO56972,105,HL-U509-R,3,105,cae5717327bee7d74e261c550aa5081f
17119,d76e0ba1fa041675ae9af958c5b41ae4,b988e88fd94a3b47434beeb650cff880,SO56972,150,LJ-0192-S,3,150,cae5717327bee7d74e261c550aa5081f
17119,d76e0ba1fa041675ae9af958c5b41ae4,b988e88fd94a3b47434beeb650cff880,SO56972,25,TI-M267,1,25,cae5717327bee7d74e261c550aa5081f
17119,d76e0ba1fa041675ae9af958c5b41ae4,b988e88fd94a3b47434beeb650cff880,SO56972,5,TT-M928,1,5,cae5717327bee7d74e261c550aa5081f
17120,d630b2db6e8046e30b4728ca862ba4e1,02ad1a5ca18e58629b8c1d6a6401d071,SO58451,1701,BK-R79Y-40,1,1701,07b31bae17c7890b17d79a654aa230cf
17120,d630b2db6e8046e30b4728ca862ba4e1,02ad1a5ca18e58629b8c1d6a6401d071,SO58451,105,HL-U509-R,3,105,07b31bae17c7890b17d79a654aa230cf
17121,0df76889b3e31ccfd17b50cc73baef03,debbb2493c6588799fc787e1854bcda5,SO58810,1701,BK-R79Y-44,1,1701,6eaadc1181f307997dc853d9ed40db36
17121,0df76889b3e31ccfd17b50cc73baef03,debbb2493c6588799fc787e1854bcda5,SO58810,105,HL-U509-B,3,105,6eaadc1181f307997dc853d9ed40db36
17122,3c1811b546060d91957cc446aabc4a3c,3c4bf68562424c26986beae6ce13704a,SO55705,54,SJ-0194-M,1,54,3c8e2c51453f4d665f1050da871dead6
17122,3c1811b546060d91957cc446aabc4a3c,3c4bf68562424c26986beae6ce13704a,SO55705,5,WB-H098,1,5,3c8e2c51453f4d665f1050da871dead6
17123,4804ee33768b143d9706052696f7dfbd,7254e54716fe52361e62aa16ea2e0797,SO60305,9,BC-R205,1,9,c660dc308b247ce08aeecd155306bae0
17123,4804ee33768b143d9706052696f7dfbd,7254e54716fe52361e62aa16ea2e0797,SO60305,540,BK-R19B-58,1,540,c660dc308b247ce08aeecd155306bae0
17123,4804ee33768b143d9706052696f7dfbd,7254e54716fe52361e62aa16ea2e0797,SO60305,27,CA-1098,3,27,c660dc308b247ce08aeecd155306bae0
17123,4804ee33768b143d9706052696f7dfbd,7254e54716fe52361e62aa16ea2e0797,SO60305,5,WB-H098,1,5,c660dc308b247ce08aeecd155306bae0
17124,c926349b55a58d87d7d5008c349fd1e9,9e8cbc3edbb5efb3f48d6afb260e4725,SO60109,9,BC-R205,1,9,ccb91034934bb047c5f6a32eb289b95b
17124,c926349b55a58d87d7d5008c349fd1e9,9e8cbc3edbb5efb3f48d6afb260e4725,SO60109,540,BK-R19B-52,1,540,ccb91034934bb047c5f6a32eb289b95b
17124,c926349b55a58d87d7d5008c349fd1e9,9e8cbc3edbb5efb3f48d6afb260e4725,SO60109,27,CA-1098,3,27,ccb91034934bb047c5f6a32eb289b95b
17124,c926349b55a58d87d7d5008c349fd1e9,9e8cbc3edbb5efb3f48d6afb260e4725,SO60109,5,WB-H098,1,5,ccb91034934bb047c5f6a32eb289b95b
17125,b34050290c25b0f7b52a2b8f767df87d,caa707f97407c07371136aaf471a91d4,SO68022,540,BK-R19B-48,1,540,36ab6f1df21f3c9a169c8942e981959a
17126,88d8e3ff674b1514a19b24621707f0d9,ca5b8307fa5f2189fb98330a9d65927c,SO74468,22,FE-6654,1,22,df09a3a727ac0f29208c5ef3bf7625e6
17126,88d8e3ff674b1514a19b24621707f0d9,ca5b8307fa5f2189fb98330a9d65927c,SO74468,105,HL-U509-B,3,105,df09a3a727ac0f29208c5ef3bf7625e6
17126,8b9fe4b34e3c54f08bfcac3d9691e260,a946e75bc65318721cd1e01162d392dd,SO64202,70,SH-W890-S,1,70,f75e5f8c15ca91ec5c869dc3881f574f
17127,d630b2db6e8046e30b4728ca862ba4e1,02ad1a5ca18e58629b8c1d6a6401d071,SO58452,9,BC-R205,1,9,07b31bae17c7890b17d79a654aa230cf
17127,d630b2db6e8046e30b4728ca862ba4e1,02ad1a5ca18e58629b8c1d6a6401d071,SO58452,1701,BK-R79Y-44,1,1701,07b31bae17c7890b17d79a654aa230cf
17127,d630b2db6e8046e30b4728ca862ba4e1,02ad1a5ca18e58629b8c1d6a6401d071,SO58452,64,VE-C304-L,1,64,07b31bae17c7890b17d79a654aa230cf
17127,d630b2db6e8046e30b4728ca862ba4e1,02ad1a5ca18e58629b8c1d6a6401d071,SO58452,5,WB-H098,1,5,07b31bae17c7890b17d79a654aa230cf
17128,d630b2db6e8046e30b4728ca862ba4e1,02ad1a5ca18e58629b8c1d6a6401d071,SO58453,1701,BK-R79Y-42,1,1701,07b31bae17c7890b17d79a654aa230cf
17128,d630b2db6e8046e30b4728ca862ba4e1,02ad1a5ca18e58629b8c1d6a6401d071,SO58453,105,HL-U509-R,3,105,07b31bae17c7890b17d79a654aa230cf
17129,6eaadc1181f307997dc853d9ed40db36,0814775cfc25da756a9b4197347ab771,SO58519,1701,BK-R79Y-42,1,1701,4dbf892d41ae205f6e36838031cff786
17129,6eaadc1181f307997dc853d9ed40db36,0814775cfc25da756a9b4197347ab771,SO58519,105,HL-U509-R,3,105,4dbf892d41ae205f6e36838031cff786
17130,3f20f21c57e09a6c071e44d1fe74b58a,9b98d27287b27eeee9ebc06e1d5a9a8d,SO53895,27,CA-1098,3,27,51c449e55b4a63a16fb45beb689150d5
17130,3f20f21c57e09a6c071e44d1fe74b58a,9b98d27287b27eeee9ebc06e1d5a9a8d,SO53895,105,HL-U509-B,3,105,51c449e55b4a63a16fb45beb689150d5
17130,3f20f21c57e09a6c071e44d1fe74b58a,9b98d27287b27eeee9ebc06e1d5a9a8d,SO53895,150,LJ-0192-X,3,150,51c449e55b4a63a16fb45beb689150d5
17130,3f20f21c57e09a6c071e44d1fe74b58a,9b98d27287b27eeee9ebc06e1d5a9a8d,SO53895,5,WB-H098,1,5,51c449e55b4a63a16fb45beb689150d5
17131,9592b44e2c3f304a9875f45537bec6eb,a9cd7a99d71cca9cb644010050374ade,SO72751,5,WB-H098,1,5,b2ce0ef2540789e8a6976165b6c917d8
17132,b2ce0ef2540789e8a6976165b6c917d8,128ee9ff420de424a605a0ee4a6f7916,SO72375,5,WB-H098,1,5,dcf73f840a50da0145f24e8e0169dc4b
17133,99c8f306659fd98cbb9d7f03ec0c2a7a,705fa39ab40831529471c768490339ab,SO69914,4640,BK-M68S-38,2,4640,fff3c307c93eda1eb91d53ca588846fe
17133,99c8f306659fd98cbb9d7f03ec0c2a7a,705fa39ab40831529471c768490339ab,SO69914,2,PK-7098,1,2,fff3c307c93eda1eb91d53ca588846fe
17133,99c8f306659fd98cbb9d7f03ec0c2a7a,705fa39ab40831529471c768490339ab,SO69914,35,TI-M823,1,35,fff3c307c93eda1eb91d53ca588846fe
17134,a9adf65abbb865184bf924d14a93d0c4,ec24e4cf9fcc90f3bbe81b2fb3735c21,SO70718,4640,BK-M68S-46,2,4640,e0cd1349b4c6e1b5f14ed427e358c2d0
17134,a9adf65abbb865184bf924d14a93d0c4,ec24e4cf9fcc90f3bbe81b2fb3735c21,SO70718,22,FE-6654,1,22,e0cd1349b4c6e1b5f14ed427e358c2d0
17134,a9adf65abbb865184bf924d14a93d0c4,ec24e4cf9fcc90f3bbe81b2fb3735c21,SO70718,105,HL-U509-B,3,105,e0cd1349b4c6e1b5f14ed427e358c2d0
17135,8f472ffe3ff3109f420ae91355ff8f3f,e0cd1349b4c6e1b5f14ed427e358c2d0,SO71185,4640,BK-M68S-42,2,4640,8fa3bab223bec6501ad71f96bb1067b6
17135,8f472ffe3ff3109f420ae91355ff8f3f,e0cd1349b4c6e1b5f14ed427e358c2d0,SO71185,48,GL-H102-S,2,48,8fa3bab223bec6501ad71f96bb1067b6
17135,8f472ffe3ff3109f420ae91355ff8f3f,e0cd1349b4c6e1b5f14ed427e358c2d0,SO71185,105,HL-U509-B,3,105,8fa3bab223bec6501ad71f96bb1067b6
17136,86bfb8ffc7a79e52d833cedce4d275bf,962bae2fb03296a3b9cacabfa929322c,SO70220,4590,BK-M68B-38,2,4590,ec24e4cf9fcc90f3bbe81b2fb3735c21
17136,86bfb8ffc7a79e52d833cedce4d275bf,962bae2fb03296a3b9cacabfa929322c,SO70220,2,PK-7098,1,2,ec24e4cf9fcc90f3bbe81b2fb3735c21
17137,9b98d27287b27eeee9ebc06e1d5a9a8d,0dc34ca2aaa8612cde077f1880b78b25,SO53100,5,WB-H098,1,5,18bea060239713ee5f865109f63f3a8a
17138,fef3080ec197edd1a04bb18afd31d16d,b8d9d66529b0a1e91f6137abcdd065dd,SO54905,55,HY-1023-70,1,55,4310d0d92131e34ff2716d85e1953174
17138,fef3080ec197edd1a04bb18afd31d16d,b8d9d66529b0a1e91f6137abcdd065dd,SO54905,5,WB-H098,1,5,4310d0d92131e34ff2716d85e1953174
17139,3f72b837978dcd042b73e7270f11a4ca,83d1ed00595e79ee5ea3797e97970fe8,SO70297,10,BC-M005,1,10,99c8f306659fd98cbb9d7f03ec0c2a7a
17139,3f72b837978dcd042b73e7270f11a4ca,83d1ed00595e79ee5ea3797e97970fe8,SO70297,4590,BK-M68B-42,2,4590,99c8f306659fd98cbb9d7f03ec0c2a7a
17139,3f72b837978dcd042b73e7270f11a4ca,83d1ed00595e79ee5ea3797e97970fe8,SO70297,5,WB-H098,1,5,99c8f306659fd98cbb9d7f03ec0c2a7a
17140,fd5ba6fdeb81e07b2caf0b103489bd8d,e871b36e68b0b3d0af9c742d81fef27a,SO70996,4640,BK-M68S-46,2,4640,17520f5649fab40fb66771362888cb90
17141,a9cd7a99d71cca9cb644010050374ade,3db19f5f710f10e90ecc7154c649d60a,SO71745,4640,BK-M68S-42,2,4640,128ee9ff420de424a605a0ee4a6f7916
17141,a9cd7a99d71cca9cb644010050374ade,3db19f5f710f10e90ecc7154c649d60a,SO71745,22,FE-6654,1,22,128ee9ff420de424a605a0ee4a6f7916
17141,a9cd7a99d71cca9cb644010050374ade,3db19f5f710f10e90ecc7154c649d60a,SO71745,105,HL-U509-B,3,105,128ee9ff420de424a605a0ee4a6f7916
17142,a189cc17a15cdb4e39e80dfcd8374c76,b0b2c17e5682f78d8fc262463fd0a4f3,SO58679,1701,BK-R79Y-48,1,1701,244cede513841376c37dc856f2f5e7b9
17142,a189cc17a15cdb4e39e80dfcd8374c76,b0b2c17e5682f78d8fc262463fd0a4f3,SO58679,2,PK-7098,1,2,244cede513841376c37dc856f2f5e7b9
17142,a189cc17a15cdb4e39e80dfcd8374c76,b0b2c17e5682f78d8fc262463fd0a4f3,SO58679,25,TI-R628,1,25,244cede513841376c37dc856f2f5e7b9
17143,f8025d3776b5f7522a6120cb4e9e0783,2d6e054ac82934d489c58cc8399a1628,SO61651,1701,BK-R79Y-44,1,1701,d945ec2aae74dbfb829453026b91c235
17143,f8025d3776b5f7522a6120cb4e9e0783,2d6e054ac82934d489c58cc8399a1628,SO61651,27,CA-1098,3,27,d945ec2aae74dbfb829453026b91c235
17143,f8025d3776b5f7522a6120cb4e9e0783,2d6e054ac82934d489c58cc8399a1628,SO61651,54,SJ-0194-M,1,54,d945ec2aae74dbfb829453026b91c235
17144,640540d73b85c3ecd2e3bf5541686e87,eba6cab7267f82e3b2a063d5ea445bb9,SO58756,1701,BK-R79Y-48,1,1701,d630b2db6e8046e30b4728ca862ba4e1
17144,640540d73b85c3ecd2e3bf5541686e87,eba6cab7267f82e3b2a063d5ea445bb9,SO58756,2,PK-7098,1,2,d630b2db6e8046e30b4728ca862ba4e1
17144,640540d73b85c3ecd2e3bf5541686e87,eba6cab7267f82e3b2a063d5ea445bb9,SO58756,159,ST-1401,1,159,d630b2db6e8046e30b4728ca862ba4e1
17144,640540d73b85c3ecd2e3bf5541686e87,eba6cab7267f82e3b2a063d5ea445bb9,SO58756,25,TI-R628,1,25,d630b2db6e8046e30b4728ca862ba4e1
17144,640540d73b85c3ecd2e3bf5541686e87,eba6cab7267f82e3b2a063d5ea445bb9,SO58756,4,TT-R982,1,4,d630b2db6e8046e30b4728ca862ba4e1
17145,a9adf65abbb865184bf924d14a93d0c4,ec24e4cf9fcc90f3bbe81b2fb3735c21,SO70693,9,SO-R809-M,1,9,e0cd1349b4c6e1b5f14ed427e358c2d0
17145,a9adf65abbb865184bf924d14a93d0c4,ec24e4cf9fcc90f3bbe81b2fb3735c21,SO70693,5,WB-H098,1,5,e0cd1349b4c6e1b5f14ed427e358c2d0
17146,e871b36e68b0b3d0af9c742d81fef27a,3fe686907939d07097f6c87f08025422,SO70118,105,HL-U509,3,105,1faee5670542865e021595151379fe5c
17146,e871b36e68b0b3d0af9c742d81fef27a,3fe686907939d07097f6c87f08025422,SO70118,5,WB-H098,1,5,1faee5670542865e021595151379fe5c
17147,03bf7d2a8718ee9aca4bd2f37e962fc4,290499d9b8e65db426ba9b842714eb6d,SO63614,1701,BK-R79Y-42,1,1701,7130adfd843cdcb6d0bcd9d13792693a
17148,a1fedb8f5f2e08543339a5f167bee6b7,8b9fe4b34e3c54f08bfcac3d9691e260,SO65017,1701,BK-R79Y-48,1,1701,4eec6eda382b9c44e240ad4b4b5e9cc0
17148,a1fedb8f5f2e08543339a5f167bee6b7,8b9fe4b34e3c54f08bfcac3d9691e260,SO65017,48,GL-H102-M,2,48,4eec6eda382b9c44e240ad4b4b5e9cc0
17148,a1fedb8f5f2e08543339a5f167bee6b7,8b9fe4b34e3c54f08bfcac3d9691e260,SO65017,150,LJ-0192-L,3,150,4eec6eda382b9c44e240ad4b4b5e9cc0
17149,412998e77ee121227580e3d363f75fa2,df595e3c678d4fae23ce174fe747165e,SO59872,1701,BK-R79Y-44,1,1701,254d832c83ccdb2c33eab65a4fd196ff
17149,412998e77ee121227580e3d363f75fa2,df595e3c678d4fae23ce174fe747165e,SO59872,105,HL-U509-B,3,105,254d832c83ccdb2c33eab65a4fd196ff
17150,39ff8ac1e8a44088f96e17b846ec8baf,9a95fdf4e925d9cbd65f87b5aa4ac212,SO60415,1701,BK-R79Y-40,1,1701,c926349b55a58d87d7d5008c349fd1e9
17150,39ff8ac1e8a44088f96e17b846ec8baf,9a95fdf4e925d9cbd65f87b5aa4ac212,SO60415,105,HL-U509,3,105,c926349b55a58d87d7d5008c349fd1e9
17150,39ff8ac1e8a44088f96e17b846ec8baf,9a95fdf4e925d9cbd65f87b5aa4ac212,SO60415,25,TI-R628,1,25,c926349b55a58d87d7d5008c349fd1e9
17150,39ff8ac1e8a44088f96e17b846ec8baf,9a95fdf4e925d9cbd65f87b5aa4ac212,SO60415,4,TT-R982,1,4,c926349b55a58d87d7d5008c349fd1e9
17151,d4ae40bdb21d7c1f4fee96082340d3a2,9a027fc72b503940a96d5137762a263e,SO75104,8,CL-9009,1,8,08ff55594d8ca57b756a1953f77ebc89
17151,d4ae40bdb21d7c1f4fee96082340d3a2,9a027fc72b503940a96d5137762a263e,SO75104,5,WB-H098,1,5,08ff55594d8ca57b756a1953f77ebc89
17152,0149f124a48640c62d90840ac5760331,4555f65c4664801d78b9f5477f89d8fd,SO63382,8,CL-9009,1,8,870bd4f3713260418e4f342f31dc7e33
17152,0149f124a48640c62d90840ac5760331,4555f65c4664801d78b9f5477f89d8fd,SO63382,5,WB-H098,1,5,870bd4f3713260418e4f342f31dc7e33
17153,af1457846a79173ef71dd9d5dd69805a,254d832c83ccdb2c33eab65a4fd196ff,SO60358,1701,BK-R79Y-42,1,1701,ce08c22f7777768ce4197eab9727516c
17153,af1457846a79173ef71dd9d5dd69805a,254d832c83ccdb2c33eab65a4fd196ff,SO60358,105,HL-U509-B,3,105,ce08c22f7777768ce4197eab9727516c
17153,af1457846a79173ef71dd9d5dd69805a,254d832c83ccdb2c33eab65a4fd196ff,SO60358,9,SO-R809-M,1,9,ce08c22f7777768ce4197eab9727516c
17154,d6fb379288416774d139632beb88e26b,3ebfce6ccd7540a632ae7e6ad8100c29,SO60228,1701,BK-R79Y-48,1,1701,412998e77ee121227580e3d363f75fa2
17154,d6fb379288416774d139632beb88e26b,3ebfce6ccd7540a632ae7e6ad8100c29,SO60228,105,HL-U509-B,3,105,412998e77ee121227580e3d363f75fa2
17154,d6fb379288416774d139632beb88e26b,3ebfce6ccd7540a632ae7e6ad8100c29,SO60228,25,TI-R628,1,25,412998e77ee121227580e3d363f75fa2
17154,d6fb379288416774d139632beb88e26b,3ebfce6ccd7540a632ae7e6ad8100c29,SO60228,4,TT-R982,1,4,412998e77ee121227580e3d363f75fa2
17155,a946e75bc65318721cd1e01162d392dd,5efefff01843f5aa3f7d8a4d44b4bf2e,SO63452,27,CA-1098,3,27,3a23b248b732af434a45fce0302aa11f
17155,a946e75bc65318721cd1e01162d392dd,5efefff01843f5aa3f7d8a4d44b4bf2e,SO63452,5,WB-H098,1,5,3a23b248b732af434a45fce0302aa11f
17156,86bfb8ffc7a79e52d833cedce4d275bf,962bae2fb03296a3b9cacabfa929322c,SO70221,4590,BK-M68B-46,2,4590,ec24e4cf9fcc90f3bbe81b2fb3735c21
17156,86bfb8ffc7a79e52d833cedce4d275bf,962bae2fb03296a3b9cacabfa929322c,SO70221,150,LJ-0192-X,3,150,ec24e4cf9fcc90f3bbe81b2fb3735c21
17156,86bfb8ffc7a79e52d833cedce4d275bf,962bae2fb03296a3b9cacabfa929322c,SO70221,2,PK-7098,1,2,ec24e4cf9fcc90f3bbe81b2fb3735c21
17156,86bfb8ffc7a79e52d833cedce4d275bf,962bae2fb03296a3b9cacabfa929322c,SO70221,120,RA-H123,1,120,ec24e4cf9fcc90f3bbe81b2fb3735c21
17156,86bfb8ffc7a79e52d833cedce4d275bf,962bae2fb03296a3b9cacabfa929322c,SO70221,35,TI-M823,1,35,ec24e4cf9fcc90f3bbe81b2fb3735c21
17157,8728a5e296f39e49d2fa74c31820e99f,66e56e10b0f528b66a45e307ecdf4774,SO69623,4590,BK-M68B-42,2,4590,3fe686907939d07097f6c87f08025422
17157,8728a5e296f39e49d2fa74c31820e99f,66e56e10b0f528b66a45e307ecdf4774,SO69623,35,TI-M823,1,35,3fe686907939d07097f6c87f08025422
17157,8728a5e296f39e49d2fa74c31820e99f,66e56e10b0f528b66a45e307ecdf4774,SO69623,5,TT-M928,1,5,3fe686907939d07097f6c87f08025422
17158,6e5c4b769f8f70f9fd01b24ba5be9695,40e7dd73b09eac540e790daf6fac41af,SO54845,105,HL-U509-R,3,105,106dfbaf552c07a1b08d065f2c343982
17158,6e5c4b769f8f70f9fd01b24ba5be9695,40e7dd73b09eac540e790daf6fac41af,SO54845,5,WB-H098,1,5,106dfbaf552c07a1b08d065f2c343982
17159,254d832c83ccdb2c33eab65a4fd196ff,75fe8d7dec9d2a51be64595ab37dc674,SO59541,1701,BK-R79Y-44,1,1701,4a800301260b2639fa1ec3efafb5f86c
17159,254d832c83ccdb2c33eab65a4fd196ff,75fe8d7dec9d2a51be64595ab37dc674,SO59541,105,HL-U509-R,3,105,4a800301260b2639fa1ec3efafb5f86c
17160,17520f5649fab40fb66771362888cb90,1faee5670542865e021595151379fe5c,SO70625,5,WB-H098,1,5,3f72b837978dcd042b73e7270f11a4ca
17161,41fc4cb27e0ee552c4c9247e1a476cc5,6d338b8c41c717c4336ad0084a80dca4,SO55113,55,HY-1023-70,1,55,6e5c4b769f8f70f9fd01b24ba5be9695
17161,41fc4cb27e0ee552c4c9247e1a476cc5,6d338b8c41c717c4336ad0084a80dca4,SO55113,5,WB-H098,1,5,6e5c4b769f8f70f9fd01b24ba5be9695
17162,ab4946738415af86b5e3cee69b13301f,ed268f8f3837888893f896b7240f1254,SO57272,105,HL-U509-B,3,105,fde67888c64f701b59876ec559099b3e
17162,ab4946738415af86b5e3cee69b13301f,ed268f8f3837888893f896b7240f1254,SO57272,5,WB-H098,1,5,fde67888c64f701b59876ec559099b3e
17163,0383d48e76cd8a3dfb9e2a890f2cac18,d6fb379288416774d139632beb88e26b,SO61006,1701,BK-R79Y-48,1,1701,883b9b4170853b321c03290f64ba199f
17163,0383d48e76cd8a3dfb9e2a890f2cac18,d6fb379288416774d139632beb88e26b,SO61006,2,PK-7098,1,2,883b9b4170853b321c03290f64ba199f
17163,0383d48e76cd8a3dfb9e2a890f2cac18,d6fb379288416774d139632beb88e26b,SO61006,25,TI-R628,1,25,883b9b4170853b321c03290f64ba199f
17163,0383d48e76cd8a3dfb9e2a890f2cac18,d6fb379288416774d139632beb88e26b,SO61006,4,TT-R982,1,4,883b9b4170853b321c03290f64ba199f
17164,8fa3bab223bec6501ad71f96bb1067b6,b95a9f47dd73bb9b799a31ae04ee7da1,SO70838,8,CL-9009,1,8,1556bafff387fc8f2f6fef64c1daa6bc
17164,8fa3bab223bec6501ad71f96bb1067b6,b95a9f47dd73bb9b799a31ae04ee7da1,SO70838,5,WB-H098,1,5,1556bafff387fc8f2f6fef64c1daa6bc
17165,ad4fbe0c82c7e5968d4cf22c2ad19e28,72e75576254db1afef14ecdc050391c2,SO52694,5,WB-H098,1,5,f5933feadc49c253e4f0e77b236946e9
17166,83d1ed00595e79ee5ea3797e97970fe8,fe1fd19c021e78ec395980c2e347865e,SO69193,5,WB-H098,1,5,705fa39ab40831529471c768490339ab
17167,4804ee33768b143d9706052696f7dfbd,7254e54716fe52361e62aa16ea2e0797,SO60285,1701,BK-R79Y-40,1,1701,c660dc308b247ce08aeecd155306bae0
17167,4804ee33768b143d9706052696f7dfbd,7254e54716fe52361e62aa16ea2e0797,SO60285,105,HL-U509-B,3,105,c660dc308b247ce08aeecd155306bae0
17168,7983129d9883ebc3b9dce3311996b001,0df76889b3e31ccfd17b50cc73baef03,SO59782,5,WB-H098,1,5,7254e54716fe52361e62aa16ea2e0797
17169,1f50dad3f1493a5cf408c4eb3987479e,226d694fb4b7f71d62444f9528be8704,SO54684,5,WB-H098,1,5,9c56075241a26f6fa77eb86b15411c6e
17170,6353a8421ee460b64f2c988cc72a8391,59c3d64cb01cd5ad7fd25246d81a55ff,SO56203,9,SO-R809-L,1,9,5691ac18f59a9af20f9d8703772afbba
17170,6353a8421ee460b64f2c988cc72a8391,59c3d64cb01cd5ad7fd25246d81a55ff,SO56203,5,WB-H098,1,5,5691ac18f59a9af20f9d8703772afbba
17171,b95a9f47dd73bb9b799a31ae04ee7da1,175a5d217fad85df9f6639d7ced1e5d9,SO69984,4640,BK-M68S-42,2,4640,8728a5e296f39e49d2fa74c31820e99f
17171,b95a9f47dd73bb9b799a31ae04ee7da1,175a5d217fad85df9f6639d7ced1e5d9,SO69984,120,RA-H123,1,120,8728a5e296f39e49d2fa74c31820e99f
17172,23bd9a9b90557e9da7babfb8e3d2df22,b210069485754303767745919c328b97,SO63782,64,VE-C304-M,1,64,a946e75bc65318721cd1e01162d392dd
17172,23bd9a9b90557e9da7babfb8e3d2df22,b210069485754303767745919c328b97,SO63782,5,WB-H098,1,5,a946e75bc65318721cd1e01162d392dd
17173,17520f5649fab40fb66771362888cb90,1faee5670542865e021595151379fe5c,SO70624,5,WB-H098,1,5,3f72b837978dcd042b73e7270f11a4ca
17174,39ff8ac1e8a44088f96e17b846ec8baf,9a95fdf4e925d9cbd65f87b5aa4ac212,SO60399,5,WB-H098,1,5,c926349b55a58d87d7d5008c349fd1e9
17175,e82ca4c6beebe812f10fa1041b97a160,9d934f91c460e9947414d00048f2fa36,SO66051,4590,BK-M68B-42,2,4590,6d1d8a1c7851eb5a946d45009cea6d9f
17175,e82ca4c6beebe812f10fa1041b97a160,9d934f91c460e9947414d00048f2fa36,SO66051,35,TI-M823,1,35,6d1d8a1c7851eb5a946d45009cea6d9f
17175,e82ca4c6beebe812f10fa1041b97a160,9d934f91c460e9947414d00048f2fa36,SO66051,5,TT-M928,1,5,6d1d8a1c7851eb5a946d45009cea6d9f
17176,e871b36e68b0b3d0af9c742d81fef27a,3fe686907939d07097f6c87f08025422,SO70145,10,BC-M005,1,10,1faee5670542865e021595151379fe5c
17176,e871b36e68b0b3d0af9c742d81fef27a,3fe686907939d07097f6c87f08025422,SO70145,4640,BK-M68S-46,2,4640,1faee5670542865e021595151379fe5c
17176,e871b36e68b0b3d0af9c742d81fef27a,3fe686907939d07097f6c87f08025422,SO70145,105,HL-U509-B,3,105,1faee5670542865e021595151379fe5c
17176,e871b36e68b0b3d0af9c742d81fef27a,3fe686907939d07097f6c87f08025422,SO70145,5,WB-H098,1,5,1faee5670542865e021595151379fe5c
17177,2d6e054ac82934d489c58cc8399a1628,ce08c22f7777768ce4197eab9727516c,SO60792,27,CA-1098,3,27,348f48807f500aeac729fb17d9bc97f1
17177,2d6e054ac82934d489c58cc8399a1628,ce08c22f7777768ce4197eab9727516c,SO60792,5,WB-H098,1,5,348f48807f500aeac729fb17d9bc97f1
17178,47a161474962a6dcc03cfa64127a641f,8920fd63645007b243abb750709b1172,SO73208,27,CA-1098,3,27,c5ed53572c667b119dde2fc0f54de602
17178,47a161474962a6dcc03cfa64127a641f,8920fd63645007b243abb750709b1172,SO73208,5,WB-H098,1,5,c5ed53572c667b119dde2fc0f54de602
17179,db2f6a564b6f5f41253c68874b50962b,76918877cf6ce7011018cd9708723392,SO62259,48,GL-H102-M,2,48,606ed413481267c98754e3351f662859
17179,db2f6a564b6f5f41253c68874b50962b,76918877cf6ce7011018cd9708723392,SO62259,5,WB-H098,1,5,606ed413481267c98754e3351f662859
17180,1556bafff387fc8f2f6fef64c1daa6bc,8728a5e296f39e49d2fa74c31820e99f,SO70483,55,HY-1023-70,1,55,e871b36e68b0b3d0af9c742d81fef27a
17180,1556bafff387fc8f2f6fef64c1daa6bc,8728a5e296f39e49d2fa74c31820e99f,SO70483,9,SO-R809-M,1,9,e871b36e68b0b3d0af9c742d81fef27a
17180,1556bafff387fc8f2f6fef64c1daa6bc,8728a5e296f39e49d2fa74c31820e99f,SO70483,5,WB-H098,1,5,e871b36e68b0b3d0af9c742d81fef27a
17181,305c66634c155cab2b5cc3ce00351eb1,2becb9647677a1a316b388bbad689580,SO62136,9,BC-R205,1,9,922d04aa1f67bbe0270bfad98508f43e
17181,305c66634c155cab2b5cc3ce00351eb1,2becb9647677a1a316b388bbad689580,SO62136,2384,BK-T79U-46,1,2384,922d04aa1f67bbe0270bfad98508f43e
17181,305c66634c155cab2b5cc3ce00351eb1,2becb9647677a1a316b388bbad689580,SO62136,105,HL-U509,3,105,922d04aa1f67bbe0270bfad98508f43e
17181,305c66634c155cab2b5cc3ce00351eb1,2becb9647677a1a316b388bbad689580,SO62136,5,WB-H098,1,5,922d04aa1f67bbe0270bfad98508f43e
17181,7299e51cfc0d5174743a6701a8a96488,56d78836c9cf0de136c4d2d37aba2280,SO64735,4590,BK-M68B-38,2,4590,58f0b42da53adeeccbfa693883fea672
17181,7299e51cfc0d5174743a6701a8a96488,56d78836c9cf0de136c4d2d37aba2280,SO64735,105,HL-U509-R,3,105,58f0b42da53adeeccbfa693883fea672
17181,cc2547b3671a031a723a4e3e241d0eed,8dc681f418bc4515c72be4c903645815,SO49435,4364,BK-R89B-52,2,4364,30aed1460184602b98a479b6418e474a
17182,0149f124a48640c62d90840ac5760331,4555f65c4664801d78b9f5477f89d8fd,SO63369,4590,BK-M68B-38,2,4590,870bd4f3713260418e4f342f31dc7e33
17182,0149f124a48640c62d90840ac5760331,4555f65c4664801d78b9f5477f89d8fd,SO63369,55,HY-1023-70,1,55,870bd4f3713260418e4f342f31dc7e33
17182,5cdbc8775008d87082e2d847e626b2f8,4bd94d77610f3faab529dc08576e03ab,SO48411,4364,BK-R89R-58,2,4364,bbe7548219ab98340a1170c8a2e7847b
17182,fe1fd19c021e78ec395980c2e347865e,16e364d19895243407b256ec272d5394,SO68395,2384,BK-T79U-46,1,2384,63efdd3324df66c9965bd622cdebe06a
17182,fe1fd19c021e78ec395980c2e347865e,16e364d19895243407b256ec272d5394,SO68395,105,HL-U509,3,105,63efdd3324df66c9965bd622cdebe06a
17183,5efefff01843f5aa3f7d8a4d44b4bf2e,922d04aa1f67bbe0270bfad98508f43e,SO62562,9,BC-R205,1,9,db2f6a564b6f5f41253c68874b50962b
17183,5efefff01843f5aa3f7d8a4d44b4bf2e,922d04aa1f67bbe0270bfad98508f43e,SO62562,2384,BK-T79U-60,1,2384,db2f6a564b6f5f41253c68874b50962b
17183,5efefff01843f5aa3f7d8a4d44b4bf2e,922d04aa1f67bbe0270bfad98508f43e,SO62562,48,GL-H102-M,2,48,db2f6a564b6f5f41253c68874b50962b
17183,5efefff01843f5aa3f7d8a4d44b4bf2e,922d04aa1f67bbe0270bfad98508f43e,SO62562,5,WB-H098,1,5,db2f6a564b6f5f41253c68874b50962b
17183,88b82588375bd49ab9a4c177ecf7af7b,4364e5a7100b33d6b7420dc1168e3ded,SO49339,2443,BK-R89R-44,1,2443,c6cff482661a9daa82c86dddcf00c0e4
17183,94b225b5b1f09ecd5e8ecdfb681ff04c,03bf7d2a8718ee9aca4bd2f37e962fc4,SO64309,10,BC-M005,1,10,61e00b038efd34bdf9c747596273cbcf
17183,94b225b5b1f09ecd5e8ecdfb681ff04c,03bf7d2a8718ee9aca4bd2f37e962fc4,SO64309,4590,BK-M68B-42,2,4590,61e00b038efd34bdf9c747596273cbcf
17183,94b225b5b1f09ecd5e8ecdfb681ff04c,03bf7d2a8718ee9aca4bd2f37e962fc4,SO64309,5,WB-H098,1,5,61e00b038efd34bdf9c747596273cbcf
17184,2becb9647677a1a316b388bbad689580,013f173c58073e845f675d26fdde1918,SO61416,9,BC-R205,1,9,0383d48e76cd8a3dfb9e2a890f2cac18
17184,2becb9647677a1a316b388bbad689580,013f173c58073e845f675d26fdde1918,SO61416,2384,BK-T79U-46,1,2384,0383d48e76cd8a3dfb9e2a890f2cac18
17184,2becb9647677a1a316b388bbad689580,013f173c58073e845f675d26fdde1918,SO61416,105,HL-U509-R,3,105,0383d48e76cd8a3dfb9e2a890f2cac18
17184,2becb9647677a1a316b388bbad689580,013f173c58073e845f675d26fdde1918,SO61416,5,WB-H098,1,5,0383d48e76cd8a3dfb9e2a890f2cac18
17184,58f0b42da53adeeccbfa693883fea672,8c9ec1be720ee75d56d0c250d10610fa,SO64390,4640,BK-M68S-42,2,4640,d4746e41b619da57ee9f1a2e2cc254e8
17184,58f0b42da53adeeccbfa693883fea672,8c9ec1be720ee75d56d0c250d10610fa,SO64390,22,FE-6654,1,22,d4746e41b619da57ee9f1a2e2cc254e8
17184,58f0b42da53adeeccbfa693883fea672,8c9ec1be720ee75d56d0c250d10610fa,SO64390,105,HL-U509-B,3,105,d4746e41b619da57ee9f1a2e2cc254e8
17184,79e45486ec381a8d5022628ddaa21b8b,c6cff482661a9daa82c86dddcf00c0e4,SO49410,2443,BK-R89R-48,1,2443,30df06c098f61f2e78c2d0edb6e1b65a
17185,83d1ed00595e79ee5ea3797e97970fe8,fe1fd19c021e78ec395980c2e347865e,SO69239,2384,BK-T79U-54,1,2384,705fa39ab40831529471c768490339ab
17185,83d1ed00595e79ee5ea3797e97970fe8,fe1fd19c021e78ec395980c2e347865e,SO69239,27,CA-1098,3,27,705fa39ab40831529471c768490339ab
17185,83d1ed00595e79ee5ea3797e97970fe8,fe1fd19c021e78ec395980c2e347865e,SO69239,105,HL-U509,3,105,705fa39ab40831529471c768490339ab
17185,a946e75bc65318721cd1e01162d392dd,5efefff01843f5aa3f7d8a4d44b4bf2e,SO63428,10,BC-M005,1,10,3a23b248b732af434a45fce0302aa11f
17185,a946e75bc65318721cd1e01162d392dd,5efefff01843f5aa3f7d8a4d44b4bf2e,SO63428,4590,BK-M68B-46,2,4590,3a23b248b732af434a45fce0302aa11f
17185,a946e75bc65318721cd1e01162d392dd,5efefff01843f5aa3f7d8a4d44b4bf2e,SO63428,105,HL-U509-B,3,105,3a23b248b732af434a45fce0302aa11f
17185,a946e75bc65318721cd1e01162d392dd,5efefff01843f5aa3f7d8a4d44b4bf2e,SO63428,5,WB-H098,1,5,3a23b248b732af434a45fce0302aa11f
17185,f3393c2fcf78ad71519178f1876f05b3,2bb3043229844628920922115ca2f967,SO48631,4364,BK-R89B-48,2,4364,4bbde6a0c4076e78bc106bdc331a94c5
17186,348f48807f500aeac729fb17d9bc97f1,5072507e949a2c25948a591c4da194e1,SO60486,105,HL-U509-R,3,105,f108e0cd2f96a0c22086f9d45ee08f19
17186,348f48807f500aeac729fb17d9bc97f1,5072507e949a2c25948a591c4da194e1,SO60486,35,TI-M823,1,35,f108e0cd2f96a0c22086f9d45ee08f19
17186,76918877cf6ce7011018cd9708723392,883b9b4170853b321c03290f64ba199f,SO61516,2,PK-7098,1,2,4ddc8821c34bceaf3dba4a18741acca3
17186,76918877cf6ce7011018cd9708723392,883b9b4170853b321c03290f64ba199f,SO61516,5,TT-T092,1,5,4ddc8821c34bceaf3dba4a18741acca3
17187,7c6ed2fd0e84c7cd553d96c2aa5b74bf,f3a74234d20fe8b7fea9d1e61588ddde,SO47605,2000,BK-R64Y-48,2,2000,9712d7a71de3e6d17935b90960bdaceb
17187,81a5d08c6beaeec9e42baae5d63dd780,95103530881768b5cfc7e33970db9cd7,SO63300,10,BC-M005,1,10,b210069485754303767745919c328b97
17187,81a5d08c6beaeec9e42baae5d63dd780,95103530881768b5cfc7e33970db9cd7,SO63300,4590,BK-M68B-46,2,4590,b210069485754303767745919c328b97
17187,81a5d08c6beaeec9e42baae5d63dd780,95103530881768b5cfc7e33970db9cd7,SO63300,5,WB-H098,1,5,b210069485754303767745919c328b97
17188,0149f124a48640c62d90840ac5760331,4555f65c4664801d78b9f5477f89d8fd,SO63370,4590,BK-M68B-38,2,4590,870bd4f3713260418e4f342f31dc7e33
17188,0149f124a48640c62d90840ac5760331,4555f65c4664801d78b9f5477f89d8fd,SO63370,55,HY-1023-70,1,55,870bd4f3713260418e4f342f31dc7e33
17188,7b70c83cb5595922297dfb93de1549d3,abc0c3928eca59906d9e88433e5105be,SO47600,2000,BK-R64Y-48,2,2000,f7004f672150f926791b3547ca9837cb
17189,ab2e81a99745ffff6c06e2be93290d1b,76e3c19dbb0dadc4c6dc771d856e4676,SO54120,22,FE-6654,1,22,1685ca8ff12ea83725a1c35e1d89c5cd
17189,ab2e81a99745ffff6c06e2be93290d1b,76e3c19dbb0dadc4c6dc771d856e4676,SO54120,48,GL-H102-M,2,48,1685ca8ff12ea83725a1c35e1d89c5cd
17190,56e52500a7f5ab963646137a401683cd,df09a3a727ac0f29208c5ef3bf7625e6,SO74674,22,FE-6654,1,22,13b7c2277967bc61802018c764b5b2a0
17190,56e52500a7f5ab963646137a401683cd,df09a3a727ac0f29208c5ef3bf7625e6,SO74674,2,PK-7098,1,2,13b7c2277967bc61802018c764b5b2a0
17191,290499d9b8e65db426ba9b842714eb6d,606ed413481267c98754e3351f662859,SO62669,2384,BK-T79Y-60,1,2384,d1024973c3d10f08cb9fa1736e6ed8b7
17191,4364e5a7100b33d6b7420dc1168e3ded,1d94ce9f1e285f2d6cb6680691aed781,SO49225,4364,BK-R89B-48,2,4364,daac5732a7741792804c19340b534bae
17191,abe94c2111c58e9c9672602d41bce66e,0149f124a48640c62d90840ac5760331,SO64126,4590,BK-M68B-42,2,4590,99b7e934795a93975a5e0c0b9b57d9ba
17191,abe94c2111c58e9c9672602d41bce66e,0149f124a48640c62d90840ac5760331,SO64126,105,HL-U509-R,3,105,99b7e934795a93975a5e0c0b9b57d9ba
17192,175a5d217fad85df9f6639d7ced1e5d9,511572e8a25e86c2f48ae9e6d73a1e6a,SO68950,2384,BK-T79U-54,1,2384,66e56e10b0f528b66a45e307ecdf4774
17192,175a5d217fad85df9f6639d7ced1e5d9,511572e8a25e86c2f48ae9e6d73a1e6a,SO68950,105,HL-U509-R,3,105,66e56e10b0f528b66a45e307ecdf4774
17192,a1d0c0a14c6c8f8a8ef8220209c23a64,05e7920e8caf0303dc01b77666952b75,SO66945,4640,BK-M68S-46,2,4640,cd15e5f80ff20dd345bfaa51400dd0d6
17192,a1d0c0a14c6c8f8a8ef8220209c23a64,05e7920e8caf0303dc01b77666952b75,SO66945,22,FE-6654,1,22,cd15e5f80ff20dd345bfaa51400dd0d6
17192,a1d0c0a14c6c8f8a8ef8220209c23a64,05e7920e8caf0303dc01b77666952b75,SO66945,105,HL-U509-R,3,105,cd15e5f80ff20dd345bfaa51400dd0d6
17192,f3393c2fcf78ad71519178f1876f05b3,2bb3043229844628920922115ca2f967,SO48632,4364,BK-R89B-58,2,4364,4bbde6a0c4076e78bc106bdc331a94c5
17193,ca5b8307fa5f2189fb98330a9d65927c,88077cf01a3e17831c2d0bcca5897c5b,SO73985,55,HY-1023-70,1,55,5cbbe853aa1a5a1370f9a614904c4b15
17193,ca5b8307fa5f2189fb98330a9d65927c,88077cf01a3e17831c2d0bcca5897c5b,SO73985,5,TT-T092,1,5,5cbbe853aa1a5a1370f9a614904c4b15
17193,d3c54b4368c62c2ff11535bf2b677170,41464bd548f06ca845208f69df30ac82,SO54346,105,HL-U509-R,3,105,da9c4ba6c9a1ae8725389bfd38b5763a
17193,d3c54b4368c62c2ff11535bf2b677170,41464bd548f06ca845208f69df30ac82,SO54346,35,TI-M823,1,35,da9c4ba6c9a1ae8725389bfd38b5763a
17193,d3c54b4368c62c2ff11535bf2b677170,41464bd548f06ca845208f69df30ac82,SO54346,5,TT-M928,1,5,da9c4ba6c9a1ae8725389bfd38b5763a
17194,290499d9b8e65db426ba9b842714eb6d,606ed413481267c98754e3351f662859,SO62653,10,BC-M005,1,10,d1024973c3d10f08cb9fa1736e6ed8b7
17194,290499d9b8e65db426ba9b842714eb6d,606ed413481267c98754e3351f662859,SO62653,22,FE-6654,1,22,d1024973c3d10f08cb9fa1736e6ed8b7
17194,290499d9b8e65db426ba9b842714eb6d,606ed413481267c98754e3351f662859,SO62653,48,GL-H102-L,2,48,d1024973c3d10f08cb9fa1736e6ed8b7
17194,290499d9b8e65db426ba9b842714eb6d,606ed413481267c98754e3351f662859,SO62653,55,HY-1023-70,1,55,d1024973c3d10f08cb9fa1736e6ed8b7
17195,427e6053bc13a556e37f64ff8e1619fb,7b70c83cb5595922297dfb93de1549d3,SO47755,2000,BK-R64Y-44,2,2000,29811b471c7da705b519bb457273565b
17195,a946e75bc65318721cd1e01162d392dd,5efefff01843f5aa3f7d8a4d44b4bf2e,SO63426,4640,BK-M68S-46,2,4640,3a23b248b732af434a45fce0302aa11f
17195,a946e75bc65318721cd1e01162d392dd,5efefff01843f5aa3f7d8a4d44b4bf2e,SO63426,8,CL-9009,1,8,3a23b248b732af434a45fce0302aa11f
17195,a946e75bc65318721cd1e01162d392dd,5efefff01843f5aa3f7d8a4d44b4bf2e,SO63426,2,PK-7098,1,2,3a23b248b732af434a45fce0302aa11f
17196,232e830f1ac667c081eaaca23cdf9b5f,4b5c3229e0725ef8d303f494db9faec8,SO64453,10,BC-M005,1,10,abe94c2111c58e9c9672602d41bce66e
17196,232e830f1ac667c081eaaca23cdf9b5f,4b5c3229e0725ef8d303f494db9faec8,SO64453,4590,BK-M68B-42,2,4590,abe94c2111c58e9c9672602d41bce66e
17196,232e830f1ac667c081eaaca23cdf9b5f,4b5c3229e0725ef8d303f494db9faec8,SO64453,8,CL-9009,1,8,abe94c2111c58e9c9672602d41bce66e
17196,232e830f1ac667c081eaaca23cdf9b5f,4b5c3229e0725ef8d303f494db9faec8,SO64453,5,WB-H098,1,5,abe94c2111c58e9c9672602d41bce66e
17196,4360a17b804bbfc81824d06174bd61a1,6d4d5745fb8f7f5dbaff1d157cfd66e0,SO47943,2000,BK-R64Y-42,2,2000,4dbaf4bdbce8284f0eb9870406ab7f04
17197,8babade0595c11e14dd89058a850f2cd,a048b8d5f3f9178f163e2be055f0138b,SO73898,22,FE-6654,1,22,501407dcfde5b685045ca3072168d5bb
17197,8babade0595c11e14dd89058a850f2cd,a048b8d5f3f9178f163e2be055f0138b,SO73898,105,HL-U509-B,3,105,501407dcfde5b685045ca3072168d5bb
17198,4eec6eda382b9c44e240ad4b4b5e9cc0,f75e5f8c15ca91ec5c869dc3881f574f,SO64688,4640,BK-M68S-46,2,4640,94b225b5b1f09ecd5e8ecdfb681ff04c
17198,4eec6eda382b9c44e240ad4b4b5e9cc0,f75e5f8c15ca91ec5c869dc3881f574f,SO64688,22,FE-6654,1,22,94b225b5b1f09ecd5e8ecdfb681ff04c
17198,4eec6eda382b9c44e240ad4b4b5e9cc0,f75e5f8c15ca91ec5c869dc3881f574f,SO64688,150,LJ-0192-L,3,150,94b225b5b1f09ecd5e8ecdfb681ff04c
17198,b7d5a5b8cc647eb5c041cfb92957acb2,da59baff9b2091053d3cbde67efd84ca,SO49778,2443,BK-R89R-48,1,2443,287c323e0efa1c1148232e905c3f7d34
17198,ba19c22033aaecc6c5dad47f63e5858c,8dd08d219271ec96c543f486de430703,SO63047,9,BC-R205,1,9,16918840d98f27ce45948fe73dd5592f
17198,ba19c22033aaecc6c5dad47f63e5858c,8dd08d219271ec96c543f486de430703,SO63047,2384,BK-T79Y-46,1,2384,16918840d98f27ce45948fe73dd5592f
17198,ba19c22033aaecc6c5dad47f63e5858c,8dd08d219271ec96c543f486de430703,SO63047,5,WB-H098,1,5,16918840d98f27ce45948fe73dd5592f
17199,23bd9a9b90557e9da7babfb8e3d2df22,b210069485754303767745919c328b97,SO63768,10,BC-M005,1,10,a946e75bc65318721cd1e01162d392dd
17199,23bd9a9b90557e9da7babfb8e3d2df22,b210069485754303767745919c328b97,SO63768,4640,BK-M68S-46,2,4640,a946e75bc65318721cd1e01162d392dd
17199,23bd9a9b90557e9da7babfb8e3d2df22,b210069485754303767745919c328b97,SO63768,27,CA-1098,3,27,a946e75bc65318721cd1e01162d392dd
17199,23bd9a9b90557e9da7babfb8e3d2df22,b210069485754303767745919c328b97,SO63768,54,SJ-0194-X,1,54,a946e75bc65318721cd1e01162d392dd
17199,23bd9a9b90557e9da7babfb8e3d2df22,b210069485754303767745919c328b97,SO63768,5,WB-H098,1,5,a946e75bc65318721cd1e01162d392dd
17199,7a8e187aeb003f6e34c02a4d5b9b153e,2fe1a028f9398deb2efcd536c8246fae,SO63535,2384,BK-T79U-46,1,2384,ba19c22033aaecc6c5dad47f63e5858c
17199,7a8e187aeb003f6e34c02a4d5b9b153e,2fe1a028f9398deb2efcd536c8246fae,SO63535,29,TI-T723,1,29,ba19c22033aaecc6c5dad47f63e5858c
17199,7a8e187aeb003f6e34c02a4d5b9b153e,2fe1a028f9398deb2efcd536c8246fae,SO63535,5,TT-T092,1,5,ba19c22033aaecc6c5dad47f63e5858c
17199,ac203ebd768c37b8ea6931e800115ae2,2a8c7f899adb0e29724a30c7fb9e8618,SO49671,4364,BK-R89B-44,2,4364,1a957c2fc6360821c819775ff9ef6f7e
17200,cae5717327bee7d74e261c550aa5081f,18025e6a8791d350428f65c0783ebd99,SO56727,22,FE-6654,1,22,ed268f8f3837888893f896b7240f1254
17201,3e107cd1554225ea3056ed5010adce90,aa14ddbc43aa2d3be1e6ac019bb7b5bc,SO73826,22,FE-6654,1,22,43e2cc7ff261723f93f64f3f7e9faa8d
17202,2324aa49dea31d140d6701555edd756c,88adb3ec0d383666ee2acd29f43e3429,SO48725,4364,BK-R89B-52,2,4364,5881f2ec92a43470fcbe3d3477a2a1fe
17202,49fce086a31f1cfcf16b54e462f7cbc0,99c8f306659fd98cbb9d7f03ec0c2a7a,SO70819,9,BC-R205,1,9,e84848120190a8d0e696fbeb15647a74
17202,49fce086a31f1cfcf16b54e462f7cbc0,99c8f306659fd98cbb9d7f03ec0c2a7a,SO70819,2384,BK-T79U-50,1,2384,e84848120190a8d0e696fbeb15647a74
17202,49fce086a31f1cfcf16b54e462f7cbc0,99c8f306659fd98cbb9d7f03ec0c2a7a,SO70819,105,HL-U509,3,105,e84848120190a8d0e696fbeb15647a74
17202,49fce086a31f1cfcf16b54e462f7cbc0,99c8f306659fd98cbb9d7f03ec0c2a7a,SO70819,5,WB-H098,1,5,e84848120190a8d0e696fbeb15647a74
17202,7acd252f45ad6fe668386456a673d543,0120f4004ede1143c3be6caa4227affe,SO67144,10,BC-M005,1,10,b322422d9a721bbdefa133133dd407c1
17202,7acd252f45ad6fe668386456a673d543,0120f4004ede1143c3be6caa4227affe,SO67144,4640,BK-M68S-38,2,4640,b322422d9a721bbdefa133133dd407c1
17202,7acd252f45ad6fe668386456a673d543,0120f4004ede1143c3be6caa4227affe,SO67144,48,GL-H102-M,2,48,b322422d9a721bbdefa133133dd407c1
17202,7acd252f45ad6fe668386456a673d543,0120f4004ede1143c3be6caa4227affe,SO67144,5,WB-H098,1,5,b322422d9a721bbdefa133133dd407c1
17203,058af5b2a408d57b708367e5bf4e9d9c,e82ca4c6beebe812f10fa1041b97a160,SO66765,10,BC-M005,1,10,c507827aa5f4f6bbedf64058461c621b
17203,058af5b2a408d57b708367e5bf4e9d9c,e82ca4c6beebe812f10fa1041b97a160,SO66765,4640,BK-M68S-38,2,4640,c507827aa5f4f6bbedf64058461c621b
17203,058af5b2a408d57b708367e5bf4e9d9c,e82ca4c6beebe812f10fa1041b97a160,SO66765,105,HL-U509-B,3,105,c507827aa5f4f6bbedf64058461c621b
17203,3db19f5f710f10e90ecc7154c649d60a,f544b472453b297a8b55709fbfd3746d,SO70916,9,BC-R205,1,9,fee8e08233f3f00450bce31967abb0f1
17203,3db19f5f710f10e90ecc7154c649d60a,f544b472453b297a8b55709fbfd3746d,SO70916,2384,BK-T79Y-54,1,2384,fee8e08233f3f00450bce31967abb0f1
17203,3db19f5f710f10e90ecc7154c649d60a,f544b472453b297a8b55709fbfd3746d,SO70916,8,CL-9009,1,8,fee8e08233f3f00450bce31967abb0f1
17203,3db19f5f710f10e90ecc7154c649d60a,f544b472453b297a8b55709fbfd3746d,SO70916,5,WB-H098,1,5,fee8e08233f3f00450bce31967abb0f1
17203,c5f333101183a33b4b4d94a271add9fd,694d75fcfc5bc50259336e29e881a36c,SO48523,4364,BK-R89B-52,2,4364,a1be4f014e5b3c959503117fd1ee566a
17204,02ad1a5ca18e58629b8c1d6a6401d071,8d71482745a6a1be4fbbc5562ade4657,SO57776,105,HL-U509-B,3,105,a976f17830aceaaa93d5daef0bc209a3
17204,02ad1a5ca18e58629b8c1d6a6401d071,8d71482745a6a1be4fbbc5562ade4657,SO57776,5,TT-T092,1,5,a976f17830aceaaa93d5daef0bc209a3
17204,e84848120190a8d0e696fbeb15647a74,fff3c307c93eda1eb91d53ca588846fe,SO70407,105,HL-U509-B,3,105,f544b472453b297a8b55709fbfd3746d
17204,e84848120190a8d0e696fbeb15647a74,fff3c307c93eda1eb91d53ca588846fe,SO70407,35,TI-M823,1,35,f544b472453b297a8b55709fbfd3746d
17204,e84848120190a8d0e696fbeb15647a74,fff3c307c93eda1eb91d53ca588846fe,SO70407,5,TT-M928,1,5,f544b472453b297a8b55709fbfd3746d
17205,c507827aa5f4f6bbedf64058461c621b,6d1d8a1c7851eb5a946d45009cea6d9f,SO66470,105,HL-U509-R,3,105,dfcee565bb2da80a7b76451a5cd314a1
17205,c507827aa5f4f6bbedf64058461c621b,6d1d8a1c7851eb5a946d45009cea6d9f,SO66470,5,TT-T092,1,5,dfcee565bb2da80a7b76451a5cd314a1
17205,e84848120190a8d0e696fbeb15647a74,fff3c307c93eda1eb91d53ca588846fe,SO70406,35,TI-M823,1,35,f544b472453b297a8b55709fbfd3746d
17206,c677c7c135ec8863ce920e94467b93e3,13554fafffaf23d93f17c1b353041e27,SO47896,2000,BK-R64Y-48,2,2000,6d4d5745fb8f7f5dbaff1d157cfd66e0
17206,f75e5f8c15ca91ec5c869dc3881f574f,3a23b248b732af434a45fce0302aa11f,SO63881,4590,BK-M68B-38,2,4590,03bf7d2a8718ee9aca4bd2f37e962fc4
17207,2296af5563b2061aa1d88124a37eecb7,6866da5d40f1aad2d82129d5ffa25bda,SO66505,10,BC-M005,1,10,05e7920e8caf0303dc01b77666952b75
17207,2296af5563b2061aa1d88124a37eecb7,6866da5d40f1aad2d82129d5ffa25bda,SO66505,4590,BK-M68B-38,2,4590,05e7920e8caf0303dc01b77666952b75
17207,2296af5563b2061aa1d88124a37eecb7,6866da5d40f1aad2d82129d5ffa25bda,SO66505,105,HL-U509-B,3,105,05e7920e8caf0303dc01b77666952b75
17207,2296af5563b2061aa1d88124a37eecb7,6866da5d40f1aad2d82129d5ffa25bda,SO66505,5,WB-H098,1,5,05e7920e8caf0303dc01b77666952b75
17207,4bbde6a0c4076e78bc106bdc331a94c5,0fc0d540e96e3fc1463b71e253aac75b,SO48578,4364,BK-R89B-52,2,4364,c5f333101183a33b4b4d94a271add9fd
17207,58c4ce5b9433e7b6d41793d5a76d5590,1556bafff387fc8f2f6fef64c1daa6bc,SO71329,9,BC-R205,1,9,fd5ba6fdeb81e07b2caf0b103489bd8d
17207,58c4ce5b9433e7b6d41793d5a76d5590,1556bafff387fc8f2f6fef64c1daa6bc,SO71329,2384,BK-T79Y-60,1,2384,fd5ba6fdeb81e07b2caf0b103489bd8d
17207,58c4ce5b9433e7b6d41793d5a76d5590,1556bafff387fc8f2f6fef64c1daa6bc,SO71329,55,HY-1023-70,1,55,fd5ba6fdeb81e07b2caf0b103489bd8d
17207,58c4ce5b9433e7b6d41793d5a76d5590,1556bafff387fc8f2f6fef64c1daa6bc,SO71329,5,WB-H098,1,5,fd5ba6fdeb81e07b2caf0b103489bd8d
17208,95103530881768b5cfc7e33970db9cd7,2ed3972e38245b633ec6b146c2970148,SO62427,10,BC-M005,1,10,305c66634c155cab2b5cc3ce00351eb1
17208,95103530881768b5cfc7e33970db9cd7,2ed3972e38245b633ec6b146c2970148,SO62427,27,CA-1098,3,27,305c66634c155cab2b5cc3ce00351eb1
17208,95103530881768b5cfc7e33970db9cd7,2ed3972e38245b633ec6b146c2970148,SO62427,22,FE-6654,1,22,305c66634c155cab2b5cc3ce00351eb1
17208,95103530881768b5cfc7e33970db9cd7,2ed3972e38245b633ec6b146c2970148,SO62427,5,WB-H098,1,5,305c66634c155cab2b5cc3ce00351eb1
17209,0149f124a48640c62d90840ac5760331,4555f65c4664801d78b9f5477f89d8fd,SO63405,2384,BK-T79U-46,1,2384,870bd4f3713260418e4f342f31dc7e33
17209,4b5c3229e0725ef8d303f494db9faec8,f46ace11e93788e473124f7be16a19d5,SO63702,4640,BK-M68S-38,2,4640,0149f124a48640c62d90840ac5760331
17209,4b5c3229e0725ef8d303f494db9faec8,f46ace11e93788e473124f7be16a19d5,SO63702,105,HL-U509-B,3,105,0149f124a48640c62d90840ac5760331
17209,b7d5a5b8cc647eb5c041cfb92957acb2,da59baff9b2091053d3cbde67efd84ca,SO49779,2443,BK-R89R-48,1,2443,287c323e0efa1c1148232e905c3f7d34
17210,2fb09097185e604aaadbfde958fd6262,a1e59736d286765313b8212467dc64b2,SO74607,10,BC-M005,1,10,88d8e3ff674b1514a19b24621707f0d9
17210,2fb09097185e604aaadbfde958fd6262,a1e59736d286765313b8212467dc64b2,SO74607,22,FE-6654,1,22,88d8e3ff674b1514a19b24621707f0d9
17210,2fb09097185e604aaadbfde958fd6262,a1e59736d286765313b8212467dc64b2,SO74607,105,HL-U509,3,105,88d8e3ff674b1514a19b24621707f0d9
17210,2fb09097185e604aaadbfde958fd6262,a1e59736d286765313b8212467dc64b2,SO74607,5,WB-H098,1,5,88d8e3ff674b1514a19b24621707f0d9
17211,c375f33d72ca7161f341c2726e82d67a,9f79f7706bc6a7654ef0b8977966f69a,SO52748,8,CL-9009,1,8,0dc34ca2aaa8612cde077f1880b78b25
17211,c375f33d72ca7161f341c2726e82d67a,9f79f7706bc6a7654ef0b8977966f69a,SO52748,35,TI-M823,1,35,0dc34ca2aaa8612cde077f1880b78b25
17211,c375f33d72ca7161f341c2726e82d67a,9f79f7706bc6a7654ef0b8977966f69a,SO52748,5,TT-M928,1,5,0dc34ca2aaa8612cde077f1880b78b25
17212,38c9e5d1e366b4c5c36aae682bc960c4,8fa3bab223bec6501ad71f96bb1067b6,SO71650,22,FE-6654,1,22,58c4ce5b9433e7b6d41793d5a76d5590
17212,38c9e5d1e366b4c5c36aae682bc960c4,8fa3bab223bec6501ad71f96bb1067b6,SO71650,35,TI-M823,1,35,58c4ce5b9433e7b6d41793d5a76d5590
17212,38c9e5d1e366b4c5c36aae682bc960c4,8fa3bab223bec6501ad71f96bb1067b6,SO71650,5,TT-M928,1,5,58c4ce5b9433e7b6d41793d5a76d5590
17213,348f48807f500aeac729fb17d9bc97f1,5072507e949a2c25948a591c4da194e1,SO60488,150,LJ-0192-S,3,150,f108e0cd2f96a0c22086f9d45ee08f19
17213,348f48807f500aeac729fb17d9bc97f1,5072507e949a2c25948a591c4da194e1,SO60488,5,TT-T092,1,5,f108e0cd2f96a0c22086f9d45ee08f19
17213,5c741aa8e0753be65314a304e7b39c14,d945ec2aae74dbfb829453026b91c235,SO62052,105,HL-U509-R,3,105,7ee641303ef8d8b10d0ed00a060c73cc
17213,5c741aa8e0753be65314a304e7b39c14,d945ec2aae74dbfb829453026b91c235,SO62052,150,LJ-0192-M,3,150,7ee641303ef8d8b10d0ed00a060c73cc
17213,5c741aa8e0753be65314a304e7b39c14,d945ec2aae74dbfb829453026b91c235,SO62052,35,TI-M823,1,35,7ee641303ef8d8b10d0ed00a060c73cc
17213,5c741aa8e0753be65314a304e7b39c14,d945ec2aae74dbfb829453026b91c235,SO62052,5,TT-M928,1,5,7ee641303ef8d8b10d0ed00a060c73cc
17214,0cae3b8f778ef4612ed00352a284e421,e56b89db4bdb2b3ba01ca1e3dbaf16ef,SO48475,2443,BK-R89R-52,1,2443,53e3822e4ab7309bbe5f440fa5f4e7de
17214,1faee5670542865e021595151379fe5c,e5114f65ece65e14e7b721dab1e674e0,SO69773,2384,BK-T79U-46,1,2384,83d1ed00595e79ee5ea3797e97970fe8
17214,1faee5670542865e021595151379fe5c,e5114f65ece65e14e7b721dab1e674e0,SO69773,9,SO-R809-M,1,9,83d1ed00595e79ee5ea3797e97970fe8
17214,64cadfde6f66bc25043d0d69f5ae5471,18f358e551b5b85912bc952ab9894c0d,SO65804,4640,BK-M68S-38,2,4640,8d1d4829b2e801ba4e41ba48f5a549d4
17214,64cadfde6f66bc25043d0d69f5ae5471,18f358e551b5b85912bc952ab9894c0d,SO65804,55,HY-1023-70,1,55,8d1d4829b2e801ba4e41ba48f5a549d4
17215,6ef7b4bb93d4e54234cf965ed2334682,ccf89c691dabb1412404274596922d90,SO65982,10,BC-M005,1,10,93ddc10d6cf61153011df052aa76671f
17215,6ef7b4bb93d4e54234cf965ed2334682,ccf89c691dabb1412404274596922d90,SO65982,22,FE-6654,1,22,93ddc10d6cf61153011df052aa76671f
17216,524fe547a612733b95c353e432357926,0901723b6b14e1720aa78a72eedad5f3,SO47919,2000,BK-R64Y-38,2,2000,cef496a29639a0ba3d5ad94ef759770a
17216,7acd252f45ad6fe668386456a673d543,0120f4004ede1143c3be6caa4227affe,SO67145,10,BC-M005,1,10,b322422d9a721bbdefa133133dd407c1
17216,7acd252f45ad6fe668386456a673d543,0120f4004ede1143c3be6caa4227affe,SO67145,4640,BK-M68S-42,2,4640,b322422d9a721bbdefa133133dd407c1
17216,7acd252f45ad6fe668386456a673d543,0120f4004ede1143c3be6caa4227affe,SO67145,105,HL-U509-R,3,105,b322422d9a721bbdefa133133dd407c1
17216,7acd252f45ad6fe668386456a673d543,0120f4004ede1143c3be6caa4227affe,SO67145,5,WB-H098,1,5,b322422d9a721bbdefa133133dd407c1
17217,a8ef76a01442567fb64eb6f4408a9835,427ed6396fba4ed8ead9ec3229517d2b,SO56879,22,FE-6654,1,22,eba5233d2dd8ea5031e646882335ece0
17217,a8ef76a01442567fb64eb6f4408a9835,427ed6396fba4ed8ead9ec3229517d2b,SO56879,150,LJ-0192-X,3,150,eba5233d2dd8ea5031e646882335ece0
17217,a8ef76a01442567fb64eb6f4408a9835,427ed6396fba4ed8ead9ec3229517d2b,SO56879,9,SO-R809-L,1,9,eba5233d2dd8ea5031e646882335ece0
17218,058af5b2a408d57b708367e5bf4e9d9c,e82ca4c6beebe812f10fa1041b97a160,SO66766,10,BC-M005,1,10,c507827aa5f4f6bbedf64058461c621b
17218,058af5b2a408d57b708367e5bf4e9d9c,e82ca4c6beebe812f10fa1041b97a160,SO66766,4590,BK-M68B-42,2,4590,c507827aa5f4f6bbedf64058461c621b
17218,058af5b2a408d57b708367e5bf4e9d9c,e82ca4c6beebe812f10fa1041b97a160,SO66766,27,CA-1098,3,27,c507827aa5f4f6bbedf64058461c621b
17218,058af5b2a408d57b708367e5bf4e9d9c,e82ca4c6beebe812f10fa1041b97a160,SO66766,5,WB-H098,1,5,c507827aa5f4f6bbedf64058461c621b
17218,2f1c6881a8aee249301a33785404cd23,53e3822e4ab7309bbe5f440fa5f4e7de,SO48564,4364,BK-R89B-48,2,4364,2bb3043229844628920922115ca2f967
17218,58c4ce5b9433e7b6d41793d5a76d5590,1556bafff387fc8f2f6fef64c1daa6bc,SO71330,9,BC-R205,1,9,fd5ba6fdeb81e07b2caf0b103489bd8d
17218,58c4ce5b9433e7b6d41793d5a76d5590,1556bafff387fc8f2f6fef64c1daa6bc,SO71330,2384,BK-T79Y-46,1,2384,fd5ba6fdeb81e07b2caf0b103489bd8d
17218,58c4ce5b9433e7b6d41793d5a76d5590,1556bafff387fc8f2f6fef64c1daa6bc,SO71330,27,CA-1098,3,27,fd5ba6fdeb81e07b2caf0b103489bd8d
17218,58c4ce5b9433e7b6d41793d5a76d5590,1556bafff387fc8f2f6fef64c1daa6bc,SO71330,5,WB-H098,1,5,fd5ba6fdeb81e07b2caf0b103489bd8d
17219,ccf89c691dabb1412404274596922d90,b0241b451647f25db5f52074445d820c,SO65047,35,TI-M823,1,35,7299e51cfc0d5174743a6701a8a96488
17220,7c5572d8ea7717eb416a5478b1b0056f,59b3bce956067f996be5f0ddd87e18c7,SO49582,4364,BK-R89B-52,2,4364,cc2547b3671a031a723a4e3e241d0eed
17220,a1fedb8f5f2e08543339a5f167bee6b7,8b9fe4b34e3c54f08bfcac3d9691e260,SO64963,4590,BK-M68B-38,2,4590,4eec6eda382b9c44e240ad4b4b5e9cc0
17220,a1fedb8f5f2e08543339a5f167bee6b7,8b9fe4b34e3c54f08bfcac3d9691e260,SO64963,8,CL-9009,1,8,4eec6eda382b9c44e240ad4b4b5e9cc0
17220,a1fedb8f5f2e08543339a5f167bee6b7,8b9fe4b34e3c54f08bfcac3d9691e260,SO64963,2,PK-7098,1,2,4eec6eda382b9c44e240ad4b4b5e9cc0
17220,a1fedb8f5f2e08543339a5f167bee6b7,8b9fe4b34e3c54f08bfcac3d9691e260,SO64963,35,TI-M823,1,35,4eec6eda382b9c44e240ad4b4b5e9cc0
17220,abe94c2111c58e9c9672602d41bce66e,0149f124a48640c62d90840ac5760331,SO64161,9,BC-R205,1,9,99b7e934795a93975a5e0c0b9b57d9ba
17220,abe94c2111c58e9c9672602d41bce66e,0149f124a48640c62d90840ac5760331,SO64161,2384,BK-T79U-54,1,2384,99b7e934795a93975a5e0c0b9b57d9ba
17221,6f28d1f037e8b8040be9f35ba03516af,30aed1460184602b98a479b6418e474a,SO49604,2443,BK-R89R-52,1,2443,2a8c7f899adb0e29724a30c7fb9e8618
17221,a946e75bc65318721cd1e01162d392dd,5efefff01843f5aa3f7d8a4d44b4bf2e,SO63495,9,BC-R205,1,9,3a23b248b732af434a45fce0302aa11f
17221,a946e75bc65318721cd1e01162d392dd,5efefff01843f5aa3f7d8a4d44b4bf2e,SO63495,2384,BK-T79Y-50,1,2384,3a23b248b732af434a45fce0302aa11f
17221,a946e75bc65318721cd1e01162d392dd,5efefff01843f5aa3f7d8a4d44b4bf2e,SO63495,27,CA-1098,3,27,3a23b248b732af434a45fce0302aa11f
17221,a946e75bc65318721cd1e01162d392dd,5efefff01843f5aa3f7d8a4d44b4bf2e,SO63495,105,HL-U509-R,3,105,3a23b248b732af434a45fce0302aa11f
17221,a946e75bc65318721cd1e01162d392dd,5efefff01843f5aa3f7d8a4d44b4bf2e,SO63495,5,WB-H098,1,5,3a23b248b732af434a45fce0302aa11f
17221,c87874400b9f907bdf9ea37d75a4b341,23bd9a9b90557e9da7babfb8e3d2df22,SO64542,10,BC-M005,1,10,8b9fe4b34e3c54f08bfcac3d9691e260
17221,c87874400b9f907bdf9ea37d75a4b341,23bd9a9b90557e9da7babfb8e3d2df22,SO64542,4590,BK-M68B-38,2,4590,8b9fe4b34e3c54f08bfcac3d9691e260
17221,c87874400b9f907bdf9ea37d75a4b341,23bd9a9b90557e9da7babfb8e3d2df22,SO64542,22,FE-6654,1,22,8b9fe4b34e3c54f08bfcac3d9691e260
17221,c87874400b9f907bdf9ea37d75a4b341,23bd9a9b90557e9da7babfb8e3d2df22,SO64542,105,HL-U509-R,3,105,8b9fe4b34e3c54f08bfcac3d9691e260
17221,c87874400b9f907bdf9ea37d75a4b341,23bd9a9b90557e9da7babfb8e3d2df22,SO64542,35,TI-M823,1,35,8b9fe4b34e3c54f08bfcac3d9691e260
17221,c87874400b9f907bdf9ea37d75a4b341,23bd9a9b90557e9da7babfb8e3d2df22,SO64542,5,TT-M928,1,5,8b9fe4b34e3c54f08bfcac3d9691e260
17221,c87874400b9f907bdf9ea37d75a4b341,23bd9a9b90557e9da7babfb8e3d2df22,SO64542,5,WB-H098,1,5,8b9fe4b34e3c54f08bfcac3d9691e260
17222,305c66634c155cab2b5cc3ce00351eb1,2becb9647677a1a316b388bbad689580,SO62118,10,BC-M005,1,10,922d04aa1f67bbe0270bfad98508f43e
17222,305c66634c155cab2b5cc3ce00351eb1,2becb9647677a1a316b388bbad689580,SO62118,22,FE-6654,1,22,922d04aa1f67bbe0270bfad98508f43e
17222,305c66634c155cab2b5cc3ce00351eb1,2becb9647677a1a316b388bbad689580,SO62118,5,WB-H098,1,5,922d04aa1f67bbe0270bfad98508f43e
17223,eea5b3bd1bd5d5c62a1d22f78d3ba263,c87874400b9f907bdf9ea37d75a4b341,SO65479,22,FE-6654,1,22,a1fedb8f5f2e08543339a5f167bee6b7
17224,4dbf892d41ae205f6e36838031cff786,de22d232bbe84481579f6252f1e7091d,SO58221,10,BC-M005,1,10,3fbd0407b55d3a3da21388a2ddbf881c
17224,4dbf892d41ae205f6e36838031cff786,de22d232bbe84481579f6252f1e7091d,SO58221,22,FE-6654,1,22,3fbd0407b55d3a3da21388a2ddbf881c
17224,4dbf892d41ae205f6e36838031cff786,de22d232bbe84481579f6252f1e7091d,SO58221,105,HL-U509,3,105,3fbd0407b55d3a3da21388a2ddbf881c
17225,02b96ab6e0935145589be4e1408a1675,58f0b42da53adeeccbfa693883fea672,SO65329,4640,BK-M68S-38,2,4640,b68fd63ca41d49bfc1b18251202c053f
17225,02b96ab6e0935145589be4e1408a1675,58f0b42da53adeeccbfa693883fea672,SO65329,2,PK-7098,1,2,b68fd63ca41d49bfc1b18251202c053f
17225,1faee5670542865e021595151379fe5c,e5114f65ece65e14e7b721dab1e674e0,SO69774,9,BC-R205,1,9,83d1ed00595e79ee5ea3797e97970fe8
17225,1faee5670542865e021595151379fe5c,e5114f65ece65e14e7b721dab1e674e0,SO69774,2384,BK-T79Y-50,1,2384,83d1ed00595e79ee5ea3797e97970fe8
17225,1faee5670542865e021595151379fe5c,e5114f65ece65e14e7b721dab1e674e0,SO69774,105,HL-U509,3,105,83d1ed00595e79ee5ea3797e97970fe8
17225,1faee5670542865e021595151379fe5c,e5114f65ece65e14e7b721dab1e674e0,SO69774,150,LJ-0192-S,3,150,83d1ed00595e79ee5ea3797e97970fe8
17225,1faee5670542865e021595151379fe5c,e5114f65ece65e14e7b721dab1e674e0,SO69774,5,WB-H098,1,5,83d1ed00595e79ee5ea3797e97970fe8
17225,a1be4f014e5b3c959503117fd1ee566a,7e7a9bb13ad063eb81a70efff24ca60a,SO48463,4364,BK-R89R-58,2,4364,5cdbc8775008d87082e2d847e626b2f8
17226,254d832c83ccdb2c33eab65a4fd196ff,75fe8d7dec9d2a51be64595ab37dc674,SO59535,105,HL-U509-B,3,105,4a800301260b2639fa1ec3efafb5f86c
17226,254d832c83ccdb2c33eab65a4fd196ff,75fe8d7dec9d2a51be64595ab37dc674,SO59535,5,TT-T092,1,5,4a800301260b2639fa1ec3efafb5f86c
17226,830e779850b1d58733a7ad711bf6b83f,39fe373cdcb4534addde73890415b660,SO56513,105,HL-U509-B,3,105,427ed6396fba4ed8ead9ec3229517d2b
17226,830e779850b1d58733a7ad711bf6b83f,39fe373cdcb4534addde73890415b660,SO56513,35,TI-M823,1,35,427ed6396fba4ed8ead9ec3229517d2b
17227,7983129d9883ebc3b9dce3311996b001,0df76889b3e31ccfd17b50cc73baef03,SO59764,27,CA-1098,3,27,7254e54716fe52361e62aa16ea2e0797
17227,7983129d9883ebc3b9dce3311996b001,0df76889b3e31ccfd17b50cc73baef03,SO59764,150,LJ-0192-L,3,150,7254e54716fe52361e62aa16ea2e0797
17227,d76e0ba1fa041675ae9af958c5b41ae4,b988e88fd94a3b47434beeb650cff880,SO56962,25,TI-R628,1,25,cae5717327bee7d74e261c550aa5081f
17228,3a23b248b732af434a45fce0302aa11f,db2f6a564b6f5f41253c68874b50962b,SO62949,150,LJ-0192-X,3,150,290499d9b8e65db426ba9b842714eb6d
17228,e871b36e68b0b3d0af9c742d81fef27a,3fe686907939d07097f6c87f08025422,SO70091,2,PK-7098,1,2,1faee5670542865e021595151379fe5c
17228,e871b36e68b0b3d0af9c742d81fef27a,3fe686907939d07097f6c87f08025422,SO70091,25,TI-R628,1,25,1faee5670542865e021595151379fe5c
17229,305c66634c155cab2b5cc3ce00351eb1,2becb9647677a1a316b388bbad689580,SO62154,769,BK-M38S-46,1,769,922d04aa1f67bbe0270bfad98508f43e
17229,305c66634c155cab2b5cc3ce00351eb1,2becb9647677a1a316b388bbad689580,SO62154,70,SH-W890-L,1,70,922d04aa1f67bbe0270bfad98508f43e
17229,305c66634c155cab2b5cc3ce00351eb1,2becb9647677a1a316b388bbad689580,SO62154,54,SJ-0194-S,1,54,922d04aa1f67bbe0270bfad98508f43e
17229,8dc021e7735ab95ead2c0c92072863b0,c947239f01c6b75acb71b136a7ee0eb3,SO44174,3578,BK-R93R-44,1,3578,5d6eba48b2fa5ed437db0475fd1b7ef4
17230,4eec6eda382b9c44e240ad4b4b5e9cc0,f75e5f8c15ca91ec5c869dc3881f574f,SO64678,30,TI-M602,1,30,94b225b5b1f09ecd5e8ecdfb681ff04c
17230,7b0730955172ecda497d7cca6b1d87a1,d3c54b4368c62c2ff11535bf2b677170,SO54980,54,SJ-0194-S,1,54,5a06908cc28b799b04fc1c47664462e6
17231,8d1d4829b2e801ba4e41ba48f5a549d4,a6d37e298c3042e300813f55a17e0875,SO65509,54,SJ-0194-M,1,54,ccf89c691dabb1412404274596922d90
17231,c660dc308b247ce08aeecd155306bae0,e7df1b3ee078bdcfc260a877f321287d,SO59909,30,TI-M602,1,30,9a95fdf4e925d9cbd65f87b5aa4ac212
17232,556c3334adfb28b12965c8974489bdcd,531a5e6e1b551dc67663de449307272a,SO44256,3578,BK-R93R-48,1,3578,12e0e6d801bd9b913826b796045098f0
17232,d53f9d33cac0a297449a74a10d031570,e0bcd0ff3072dfe15609d6be1529b0b8,SO61596,769,BK-M38S-46,1,769,4cc27df81afd686c0420394e090460cb
17233,0d15ba5aa4c9ad0377b26e0cf7a86280,b21e833d3ead6056f1265f13fe1ff015,SO61481,769,BK-M38S-38,1,769,4a70a3ec50fd16032883bf6fc79c55dd
17233,4709376fad800343cd32df44247f5db1,f93a6ca5d224d7404ca783aa5a0c61c7,SO44247,3578,BK-R93R-62,1,3578,0cb388227f4fdb8ab3e94e6477d98f5a
17234,75fe8d7dec9d2a51be64595ab37dc674,ef5bad66aa19ccfb82cacb73584b83ea,SO58545,54,SJ-0194-L,1,54,23f22724b430320654759f8512440ebc
17234,a6f2945baeceeef4c8d541a22f6e99e9,d5985f40495ba672dff8a99620b879c8,SO72515,2,PK-7098,1,2,95a2a9aefc393f8630e934768cacf4cd
17234,a6f2945baeceeef4c8d541a22f6e99e9,d5985f40495ba672dff8a99620b879c8,SO72515,30,TI-M602,1,30,95a2a9aefc393f8630e934768cacf4cd
17234,a6f2945baeceeef4c8d541a22f6e99e9,d5985f40495ba672dff8a99620b879c8,SO72515,5,TT-M928,1,5,95a2a9aefc393f8630e934768cacf4cd
17235,95103530881768b5cfc7e33970db9cd7,2ed3972e38245b633ec6b146c2970148,SO62399,30,TI-M602,1,30,305c66634c155cab2b5cc3ce00351eb1
17235,9a95fdf4e925d9cbd65f87b5aa4ac212,478ecc8cdaa127c33884d9f6c72c2cd5,SO59588,54,SJ-0194-M,1,54,9e8cbc3edbb5efb3f48d6afb260e4725
17236,305c66634c155cab2b5cc3ce00351eb1,2becb9647677a1a316b388bbad689580,SO62094,54,SJ-0194-M,1,54,922d04aa1f67bbe0270bfad98508f43e
17236,870bd4f3713260418e4f342f31dc7e33,94c60e0b5e2b0f78b919a5d4c67d70a2,SO62880,2,PK-7098,1,2,2fe1a028f9398deb2efcd536c8246fae
17236,870bd4f3713260418e4f342f31dc7e33,94c60e0b5e2b0f78b919a5d4c67d70a2,SO62880,30,TI-M602,1,30,2fe1a028f9398deb2efcd536c8246fae
17237,226d694fb4b7f71d62444f9528be8704,714597fe9448176d17876617114a65bc,SO53987,27,CA-1098,3,27,9444f850ff0c10a862b4a6a9c4ab0a74
17237,226d694fb4b7f71d62444f9528be8704,714597fe9448176d17876617114a65bc,SO53987,54,SJ-0194-S,1,54,9444f850ff0c10a862b4a6a9c4ab0a74
17237,6583882ca853d66524856501b27519f5,1ba7e8cdf85da6cf5e11554703236b52,SO74308,22,FE-6654,1,22,d27974ca95fd620ac92cf95bf8c1d1f2
17237,6583882ca853d66524856501b27519f5,1ba7e8cdf85da6cf5e11554703236b52,SO74308,54,SJ-0194-S,1,54,d27974ca95fd620ac92cf95bf8c1d1f2
17237,6583882ca853d66524856501b27519f5,1ba7e8cdf85da6cf5e11554703236b52,SO74308,30,TI-M602,1,30,d27974ca95fd620ac92cf95bf8c1d1f2
17237,6583882ca853d66524856501b27519f5,1ba7e8cdf85da6cf5e11554703236b52,SO74308,5,TT-M928,1,5,d27974ca95fd620ac92cf95bf8c1d1f2
17238,072bf847aeeee970f66483e596496cd9,cfceb7490eff6e660974507be7c579c6,SO52623,54,SJ-0194-L,1,54,dca79d69a6b38e95c4b03bfab997796c
17238,d6ab5a0eee939524352092b964d92b84,106dfbaf552c07a1b08d065f2c343982,SO55182,30,TI-M602,1,30,3c4bf68562424c26986beae6ce13704a
17238,d6ab5a0eee939524352092b964d92b84,106dfbaf552c07a1b08d065f2c343982,SO55182,64,VE-C304-S,1,64,3c4bf68562424c26986beae6ce13704a
17239,3dc63b2d6dcc8f0b6720b06b5439a0b1,8d1d4829b2e801ba4e41ba48f5a549d4,SO66263,2,PK-7098,1,2,6ef7b4bb93d4e54234cf965ed2334682
17239,3dc63b2d6dcc8f0b6720b06b5439a0b1,8d1d4829b2e801ba4e41ba48f5a549d4,SO66263,30,TI-M602,1,30,6ef7b4bb93d4e54234cf965ed2334682
17239,838eec1f117f2cab9e9c306f7efbff28,13b7c2277967bc61802018c764b5b2a0,SO74878,54,SJ-0194-M,1,54,9a027fc72b503940a96d5137762a263e
17240,4709376fad800343cd32df44247f5db1,f93a6ca5d224d7404ca783aa5a0c61c7,SO44248,3578,BK-R93R-52,1,3578,0cb388227f4fdb8ab3e94e6477d98f5a
17240,f75e5f8c15ca91ec5c869dc3881f574f,3a23b248b732af434a45fce0302aa11f,SO63946,769,BK-M38S-40,1,769,03bf7d2a8718ee9aca4bd2f37e962fc4
17240,f75e5f8c15ca91ec5c869dc3881f574f,3a23b248b732af434a45fce0302aa11f,SO63946,2,PK-7098,1,2,03bf7d2a8718ee9aca4bd2f37e962fc4
17240,f75e5f8c15ca91ec5c869dc3881f574f,3a23b248b732af434a45fce0302aa11f,SO63946,30,TI-M602,1,30,03bf7d2a8718ee9aca4bd2f37e962fc4
17240,f75e5f8c15ca91ec5c869dc3881f574f,3a23b248b732af434a45fce0302aa11f,SO63946,5,TT-M928,1,5,03bf7d2a8718ee9aca4bd2f37e962fc4
17241,12e0e6d801bd9b913826b796045098f0,0a6897e1c1e03291162006eaf64d9e6d,SO44230,3578,BK-R93R-48,1,3578,3b1c887bb1207e2d1f3db508935b9a03
17241,4eec6eda382b9c44e240ad4b4b5e9cc0,f75e5f8c15ca91ec5c869dc3881f574f,SO64728,769,BK-M38S-40,1,769,94b225b5b1f09ecd5e8ecdfb681ff04c
17241,4eec6eda382b9c44e240ad4b4b5e9cc0,f75e5f8c15ca91ec5c869dc3881f574f,SO64728,105,HL-U509-B,3,105,94b225b5b1f09ecd5e8ecdfb681ff04c
17242,5d6eba48b2fa5ed437db0475fd1b7ef4,aa79d369c30c2b1258b3d47e8c10d56a,SO44149,3578,BK-R93R-48,1,3578,6d4278f55ab037dfce90690af7b0158a
17242,a6d37e298c3042e300813f55a17e0875,99b7e934795a93975a5e0c0b9b57d9ba,SO64675,10,BC-M005,1,10,b0241b451647f25db5f52074445d820c
17242,a6d37e298c3042e300813f55a17e0875,99b7e934795a93975a5e0c0b9b57d9ba,SO64675,769,BK-M38S-40,1,769,b0241b451647f25db5f52074445d820c
17242,a6d37e298c3042e300813f55a17e0875,99b7e934795a93975a5e0c0b9b57d9ba,SO64675,48,GL-H102-S,2,48,b0241b451647f25db5f52074445d820c
17242,a6d37e298c3042e300813f55a17e0875,99b7e934795a93975a5e0c0b9b57d9ba,SO64675,5,WB-H098,1,5,b0241b451647f25db5f52074445d820c
17243,3e07f09fb2edbdf0bf6a54c17634514b,dca79d69a6b38e95c4b03bfab997796c,SO52971,54,SJ-0194-L,1,54,c375f33d72ca7161f341c2726e82d67a
17243,9a95fdf4e925d9cbd65f87b5aa4ac212,478ecc8cdaa127c33884d9f6c72c2cd5,SO59582,30,TI-M602,1,30,9e8cbc3edbb5efb3f48d6afb260e4725
17244,0383d48e76cd8a3dfb9e2a890f2cac18,d6fb379288416774d139632beb88e26b,SO60960,2,PK-7098,1,2,883b9b4170853b321c03290f64ba199f
17244,0383d48e76cd8a3dfb9e2a890f2cac18,d6fb379288416774d139632beb88e26b,SO60960,30,TI-M602,1,30,883b9b4170853b321c03290f64ba199f
17244,4ceff7612cfa4420892fe23b23ca9265,5691ac18f59a9af20f9d8703772afbba,SO56546,54,SJ-0194-X,1,54,089c2a426c196c5ca5facb20896c90bb
17245,ad0b7f5ad35732646f1e5f67418d5995,244cede513841376c37dc856f2f5e7b9,SO59278,54,SJ-0194-L,1,54,0df76889b3e31ccfd17b50cc73baef03
17245,fd5ba6fdeb81e07b2caf0b103489bd8d,e871b36e68b0b3d0af9c742d81fef27a,SO70945,9,SO-R809-M,1,9,17520f5649fab40fb66771362888cb90
17245,fd5ba6fdeb81e07b2caf0b103489bd8d,e871b36e68b0b3d0af9c742d81fef27a,SO70945,30,TI-M602,1,30,17520f5649fab40fb66771362888cb90
17246,7299e51cfc0d5174743a6701a8a96488,56d78836c9cf0de136c4d2d37aba2280,SO64787,769,BK-M38S-46,1,769,58f0b42da53adeeccbfa693883fea672
17246,7299e51cfc0d5174743a6701a8a96488,56d78836c9cf0de136c4d2d37aba2280,SO64787,2,PK-7098,1,2,58f0b42da53adeeccbfa693883fea672
17246,7299e51cfc0d5174743a6701a8a96488,56d78836c9cf0de136c4d2d37aba2280,SO64787,30,TI-M602,1,30,58f0b42da53adeeccbfa693883fea672
17246,8dc021e7735ab95ead2c0c92072863b0,c947239f01c6b75acb71b136a7ee0eb3,SO44175,3578,BK-R93R-52,1,3578,5d6eba48b2fa5ed437db0475fd1b7ef4
17247,05c5da89af1a92d8b290990620fd3737,6d4278f55ab037dfce90690af7b0158a,SO44184,3578,BK-R93R-56,1,3578,9d2399b04a78a683bb013aa08df31452
17247,a946e75bc65318721cd1e01162d392dd,5efefff01843f5aa3f7d8a4d44b4bf2e,SO63425,769,BK-M38S-40,1,769,3a23b248b732af434a45fce0302aa11f
17247,a946e75bc65318721cd1e01162d392dd,5efefff01843f5aa3f7d8a4d44b4bf2e,SO63425,27,CA-1098,3,27,3a23b248b732af434a45fce0302aa11f
17247,a946e75bc65318721cd1e01162d392dd,5efefff01843f5aa3f7d8a4d44b4bf2e,SO63425,22,FE-6654,1,22,3a23b248b732af434a45fce0302aa11f
17247,a946e75bc65318721cd1e01162d392dd,5efefff01843f5aa3f7d8a4d44b4bf2e,SO63425,54,SJ-0194-S,1,54,3a23b248b732af434a45fce0302aa11f
17248,2f49cf3cf9904a79c666862bd2c9e3a1,9c09e1a3bb33cc56909b944a08096b34,SO44191,3578,BK-R93R-62,1,3578,8dc021e7735ab95ead2c0c92072863b0
17248,8d1d4829b2e801ba4e41ba48f5a549d4,a6d37e298c3042e300813f55a17e0875,SO65504,769,BK-M38S-38,1,769,ccf89c691dabb1412404274596922d90
17248,8d1d4829b2e801ba4e41ba48f5a549d4,a6d37e298c3042e300813f55a17e0875,SO65504,105,HL-U509-R,3,105,ccf89c691dabb1412404274596922d90
17249,531a5e6e1b551dc67663de449307272a,1c37e3540a186a26df97e1d816a180d8,SO44195,3578,BK-R93R-52,1,3578,0a6897e1c1e03291162006eaf64d9e6d
17249,caa707f97407c07371136aaf471a91d4,4efe8b2ca156042f8a3d8dd6aba54520,SO67081,769,BK-M38S-46,1,769,058af5b2a408d57b708367e5bf4e9d9c
17249,caa707f97407c07371136aaf471a91d4,4efe8b2ca156042f8a3d8dd6aba54520,SO67081,70,SH-W890-L,1,70,058af5b2a408d57b708367e5bf4e9d9c
17249,caa707f97407c07371136aaf471a91d4,4efe8b2ca156042f8a3d8dd6aba54520,SO67081,9,SO-R809-L,1,9,058af5b2a408d57b708367e5bf4e9d9c
17250,0d15ba5aa4c9ad0377b26e0cf7a86280,b21e833d3ead6056f1265f13fe1ff015,SO61435,27,CA-1098,3,27,4a70a3ec50fd16032883bf6fc79c55dd
17250,0d15ba5aa4c9ad0377b26e0cf7a86280,b21e833d3ead6056f1265f13fe1ff015,SO61435,54,SJ-0194-S,1,54,4a70a3ec50fd16032883bf6fc79c55dd
17250,982b3b4109cce5d4e5bf1fcbe0ae259b,501407dcfde5b685045ca3072168d5bb,SO74256,30,TI-M602,1,30,d7f57f35d2bad1349ca24a67a2635eea
17250,982b3b4109cce5d4e5bf1fcbe0ae259b,501407dcfde5b685045ca3072168d5bb,SO74256,5,TT-M928,1,5,d7f57f35d2bad1349ca24a67a2635eea
17251,c660dc308b247ce08aeecd155306bae0,e7df1b3ee078bdcfc260a877f321287d,SO59920,54,SJ-0194-M,1,54,9a95fdf4e925d9cbd65f87b5aa4ac212
17251,dca79d69a6b38e95c4b03bfab997796c,e5bf4a4a03e320ed76cf2ca68fa5b4c0,SO52365,105,HL-U509,3,105,9f79f7706bc6a7654ef0b8977966f69a
17251,dca79d69a6b38e95c4b03bfab997796c,e5bf4a4a03e320ed76cf2ca68fa5b4c0,SO52365,30,TI-M602,1,30,9f79f7706bc6a7654ef0b8977966f69a
17251,dca79d69a6b38e95c4b03bfab997796c,e5bf4a4a03e320ed76cf2ca68fa5b4c0,SO52365,5,TT-M928,1,5,9f79f7706bc6a7654ef0b8977966f69a
17252,4cc27df81afd686c0420394e090460cb,39ff8ac1e8a44088f96e17b846ec8baf,SO61276,27,CA-1098,3,27,6477c205c5117a9448ba863e111acf32
17252,4cc27df81afd686c0420394e090460cb,39ff8ac1e8a44088f96e17b846ec8baf,SO61276,54,SJ-0194-S,1,54,6477c205c5117a9448ba863e111acf32
17252,8e8847c1bdf012037ee13bb62da8a5c1,c507827aa5f4f6bbedf64058461c621b,SO67210,30,TI-M602,1,30,6dd75c28a9a8a39e02bc0a175f82a9f3
17253,3c1811b546060d91957cc446aabc4a3c,3c4bf68562424c26986beae6ce13704a,SO55686,54,SJ-0194-M,1,54,3c8e2c51453f4d665f1050da871dead6
17253,838eec1f117f2cab9e9c306f7efbff28,13b7c2277967bc61802018c764b5b2a0,SO74873,30,TI-M602,1,30,9a027fc72b503940a96d5137762a263e
17254,15699e35c72c4036c71409f3f3d69528,f5933feadc49c253e4f0e77b236946e9,SO53010,30,TI-M602,1,30,deff8ad81a213d1110c1f409a7f40fcd
17254,15699e35c72c4036c71409f3f3d69528,f5933feadc49c253e4f0e77b236946e9,SO53010,64,VE-C304-M,1,64,deff8ad81a213d1110c1f409a7f40fcd
17254,629ffff971d10f275a79a70fae527fbc,d6ab5a0eee939524352092b964d92b84,SO55977,54,SJ-0194-M,1,54,3c1811b546060d91957cc446aabc4a3c
17255,0cb388227f4fdb8ab3e94e6477d98f5a,4918909674a26c217d8cc4a92860400c,SO44221,3578,BK-R93R-56,1,3578,531a5e6e1b551dc67663de449307272a
17255,6866da5d40f1aad2d82129d5ffa25bda,b68fd63ca41d49bfc1b18251202c053f,SO65746,769,BK-M38S-46,1,769,eea5b3bd1bd5d5c62a1d22f78d3ba263
17255,6866da5d40f1aad2d82129d5ffa25bda,b68fd63ca41d49bfc1b18251202c053f,SO65746,48,GL-H102-M,2,48,eea5b3bd1bd5d5c62a1d22f78d3ba263
17255,6866da5d40f1aad2d82129d5ffa25bda,b68fd63ca41d49bfc1b18251202c053f,SO65746,70,SH-W890-M,1,70,eea5b3bd1bd5d5c62a1d22f78d3ba263
17256,6dd75c28a9a8a39e02bc0a175f82a9f3,dfcee565bb2da80a7b76451a5cd314a1,SO66885,10,BC-M005,1,10,f88b3743a9ce1f9455b6de69380b486a
17256,6dd75c28a9a8a39e02bc0a175f82a9f3,dfcee565bb2da80a7b76451a5cd314a1,SO66885,769,BK-M38S-42,1,769,f88b3743a9ce1f9455b6de69380b486a
17256,6dd75c28a9a8a39e02bc0a175f82a9f3,dfcee565bb2da80a7b76451a5cd314a1,SO66885,5,WB-H098,1,5,f88b3743a9ce1f9455b6de69380b486a
17256,9f8987003453fd37ae135a87e6b756b8,3a0c86e2d3f9856bab812272b3f829ab,SO44275,3578,BK-R93R-44,1,3578,45c68ffa2dc409a0196eea5fff3994d1
17257,2587ddcd808fbd36ac5ceec2863ab2af,9d2399b04a78a683bb013aa08df31452,SO44209,3578,BK-R93R-44,1,3578,f93a6ca5d224d7404ca783aa5a0c61c7
17257,6dd75c28a9a8a39e02bc0a175f82a9f3,dfcee565bb2da80a7b76451a5cd314a1,SO66886,769,BK-M38S-46,1,769,f88b3743a9ce1f9455b6de69380b486a
17257,6dd75c28a9a8a39e02bc0a175f82a9f3,dfcee565bb2da80a7b76451a5cd314a1,SO66886,27,CA-1098,3,27,f88b3743a9ce1f9455b6de69380b486a
17257,6dd75c28a9a8a39e02bc0a175f82a9f3,dfcee565bb2da80a7b76451a5cd314a1,SO66886,70,SH-W890-M,1,70,f88b3743a9ce1f9455b6de69380b486a
17257,6dd75c28a9a8a39e02bc0a175f82a9f3,dfcee565bb2da80a7b76451a5cd314a1,SO66886,54,SJ-0194-S,1,54,f88b3743a9ce1f9455b6de69380b486a
17258,0cb388227f4fdb8ab3e94e6477d98f5a,4918909674a26c217d8cc4a92860400c,SO44222,3578,BK-R93R-44,1,3578,531a5e6e1b551dc67663de449307272a
17258,702a02712215141594ddf8e52b0a651c,cd15e5f80ff20dd345bfaa51400dd0d6,SO67482,769,BK-M38S-40,1,769,caa707f97407c07371136aaf471a91d4
17259,a7a38fdd2b588a9e04c8833fe252e250,5d6eba48b2fa5ed437db0475fd1b7ef4,SO44199,3578,BK-R93R-52,1,3578,05c5da89af1a92d8b290990620fd3737
17259,e5114f65ece65e14e7b721dab1e674e0,c7390752782466cfc9a3ed7d3a79e046,SO68683,769,BK-M38S-46,1,769,fe1fd19c021e78ec395980c2e347865e
17259,e5114f65ece65e14e7b721dab1e674e0,c7390752782466cfc9a3ed7d3a79e046,SO68683,22,FE-6654,1,22,fe1fd19c021e78ec395980c2e347865e
17259,e5114f65ece65e14e7b721dab1e674e0,c7390752782466cfc9a3ed7d3a79e046,SO68683,105,HL-U509-B,3,105,fe1fd19c021e78ec395980c2e347865e
17260,5a06908cc28b799b04fc1c47664462e6,da9c4ba6c9a1ae8725389bfd38b5763a,SO54737,105,HL-U509-R,3,105,6d338b8c41c717c4336ad0084a80dca4
17260,5a06908cc28b799b04fc1c47664462e6,da9c4ba6c9a1ae8725389bfd38b5763a,SO54737,5,WB-H098,1,5,6d338b8c41c717c4336ad0084a80dca4
17261,348f48807f500aeac729fb17d9bc97f1,5072507e949a2c25948a591c4da194e1,SO60491,1701,BK-R79Y-44,1,1701,f108e0cd2f96a0c22086f9d45ee08f19
17261,348f48807f500aeac729fb17d9bc97f1,5072507e949a2c25948a591c4da194e1,SO60491,105,HL-U509,3,105,f108e0cd2f96a0c22086f9d45ee08f19
17261,348f48807f500aeac729fb17d9bc97f1,5072507e949a2c25948a591c4da194e1,SO60491,25,TI-R628,1,25,f108e0cd2f96a0c22086f9d45ee08f19
17261,348f48807f500aeac729fb17d9bc97f1,5072507e949a2c25948a591c4da194e1,SO60491,4,TT-R982,1,4,f108e0cd2f96a0c22086f9d45ee08f19
17262,e7df1b3ee078bdcfc260a877f321287d,4dbf892d41ae205f6e36838031cff786,SO59134,1701,BK-R79Y-48,1,1701,478ecc8cdaa127c33884d9f6c72c2cd5
17262,e7df1b3ee078bdcfc260a877f321287d,4dbf892d41ae205f6e36838031cff786,SO59134,105,HL-U509-B,3,105,478ecc8cdaa127c33884d9f6c72c2cd5
17263,58f0b42da53adeeccbfa693883fea672,8c9ec1be720ee75d56d0c250d10610fa,SO64445,1701,BK-R79Y-48,1,1701,d4746e41b619da57ee9f1a2e2cc254e8
17264,31c99d724c1f182c60edb82eb4740277,e84848120190a8d0e696fbeb15647a74,SO71257,4590,BK-M68B-38,2,4590,3db19f5f710f10e90ecc7154c649d60a
17264,31c99d724c1f182c60edb82eb4740277,e84848120190a8d0e696fbeb15647a74,SO71257,22,FE-6654,1,22,3db19f5f710f10e90ecc7154c649d60a
17264,31c99d724c1f182c60edb82eb4740277,e84848120190a8d0e696fbeb15647a74,SO71257,9,SO-R809-L,1,9,3db19f5f710f10e90ecc7154c649d60a
17265,e2f0a420a4c1a9e8e292761f835e0489,4eec6eda382b9c44e240ad4b4b5e9cc0,SO65581,5,WB-H098,1,5,9d934f91c460e9947414d00048f2fa36
17266,f88b3743a9ce1f9455b6de69380b486a,64cadfde6f66bc25043d0d69f5ae5471,SO66596,55,HY-1023-70,1,55,3dc63b2d6dcc8f0b6720b06b5439a0b1
17266,f88b3743a9ce1f9455b6de69380b486a,64cadfde6f66bc25043d0d69f5ae5471,SO66596,5,WB-H098,1,5,3dc63b2d6dcc8f0b6720b06b5439a0b1
17267,e84848120190a8d0e696fbeb15647a74,fff3c307c93eda1eb91d53ca588846fe,SO70430,4640,BK-M68S-42,2,4640,f544b472453b297a8b55709fbfd3746d
17267,e84848120190a8d0e696fbeb15647a74,fff3c307c93eda1eb91d53ca588846fe,SO70430,105,HL-U509,3,105,f544b472453b297a8b55709fbfd3746d
17268,2797a91b25bc2aa85124c99bc574dc83,86bfb8ffc7a79e52d833cedce4d275bf,SO71065,4640,BK-M68S-46,2,4640,a9adf65abbb865184bf924d14a93d0c4
17269,ad0b7f5ad35732646f1e5f67418d5995,244cede513841376c37dc856f2f5e7b9,SO59338,1701,BK-R79Y-40,1,1701,0df76889b3e31ccfd17b50cc73baef03
17269,ad0b7f5ad35732646f1e5f67418d5995,244cede513841376c37dc856f2f5e7b9,SO59338,2,PK-7098,1,2,0df76889b3e31ccfd17b50cc73baef03
17269,ad0b7f5ad35732646f1e5f67418d5995,244cede513841376c37dc856f2f5e7b9,SO59338,25,TI-R628,1,25,0df76889b3e31ccfd17b50cc73baef03
17270,2d6e054ac82934d489c58cc8399a1628,ce08c22f7777768ce4197eab9727516c,SO60826,1701,BK-R79Y-44,1,1701,348f48807f500aeac729fb17d9bc97f1
17270,2d6e054ac82934d489c58cc8399a1628,ce08c22f7777768ce4197eab9727516c,SO60826,105,HL-U509-B,3,105,348f48807f500aeac729fb17d9bc97f1
17271,412998e77ee121227580e3d363f75fa2,df595e3c678d4fae23ce174fe747165e,SO59898,1701,BK-R79Y-40,1,1701,254d832c83ccdb2c33eab65a4fd196ff
17271,412998e77ee121227580e3d363f75fa2,df595e3c678d4fae23ce174fe747165e,SO59898,25,TI-R628,1,25,254d832c83ccdb2c33eab65a4fd196ff
17272,4804ee33768b143d9706052696f7dfbd,7254e54716fe52361e62aa16ea2e0797,SO60311,9,BC-R205,1,9,c660dc308b247ce08aeecd155306bae0
17272,4804ee33768b143d9706052696f7dfbd,7254e54716fe52361e62aa16ea2e0797,SO60311,1701,BK-R79Y-40,1,1701,c660dc308b247ce08aeecd155306bae0
17272,4804ee33768b143d9706052696f7dfbd,7254e54716fe52361e62aa16ea2e0797,SO60311,5,WB-H098,1,5,c660dc308b247ce08aeecd155306bae0
17273,9592b44e2c3f304a9875f45537bec6eb,a9cd7a99d71cca9cb644010050374ade,SO72749,27,CA-1098,3,27,b2ce0ef2540789e8a6976165b6c917d8
17273,9592b44e2c3f304a9875f45537bec6eb,a9cd7a99d71cca9cb644010050374ade,SO72749,54,SJ-0194-M,1,54,b2ce0ef2540789e8a6976165b6c917d8
17273,9592b44e2c3f304a9875f45537bec6eb,a9cd7a99d71cca9cb644010050374ade,SO72749,5,WB-H098,1,5,b2ce0ef2540789e8a6976165b6c917d8
17274,485ae69515bc4c60ef546ff289741f60,40ff348468b73116a7077c246985e0bf,SO57611,27,CA-1098,3,27,375bde15092f45652b6398c1dff650d0
17274,485ae69515bc4c60ef546ff289741f60,40ff348468b73116a7077c246985e0bf,SO57611,5,WB-H098,1,5,375bde15092f45652b6398c1dff650d0
17275,40e7dd73b09eac540e790daf6fac41af,14e4b13c27fb9bce9938ce35b6597eca,SO54158,5,WB-H098,1,5,3f20f21c57e09a6c071e44d1fe74b58a
17276,cfceb7490eff6e660974507be7c579c6,01eb8a9956865747637639482336f5f8,SO52044,27,CA-1098,3,27,e5bf4a4a03e320ed76cf2ca68fa5b4c0
17276,cfceb7490eff6e660974507be7c579c6,01eb8a9956865747637639482336f5f8,SO52044,54,SJ-0194-M,1,54,e5bf4a4a03e320ed76cf2ca68fa5b4c0
17276,cfceb7490eff6e660974507be7c579c6,01eb8a9956865747637639482336f5f8,SO52044,5,WB-H098,1,5,e5bf4a4a03e320ed76cf2ca68fa5b4c0
17277,511572e8a25e86c2f48ae9e6d73a1e6a,8e8847c1bdf012037ee13bb62da8a5c1,SO68089,769,BK-M38S-40,1,769,691ad1b0dca3643b923973defd014d47
17277,511572e8a25e86c2f48ae9e6d73a1e6a,8e8847c1bdf012037ee13bb62da8a5c1,SO68089,27,CA-1098,3,27,691ad1b0dca3643b923973defd014d47
17277,511572e8a25e86c2f48ae9e6d73a1e6a,8e8847c1bdf012037ee13bb62da8a5c1,SO68089,70,SH-W890-L,1,70,691ad1b0dca3643b923973defd014d47
17277,9f8987003453fd37ae135a87e6b756b8,3a0c86e2d3f9856bab812272b3f829ab,SO44276,3578,BK-R93R-52,1,3578,45c68ffa2dc409a0196eea5fff3994d1
17278,9f1ff00ea8fd9fd8f2d421ba5ec45a18,f88b3743a9ce1f9455b6de69380b486a,SO67418,769,BK-M38S-40,1,769,0001ffe4d82d0d8f9fec5ab0b4faa2db
17278,9f1ff00ea8fd9fd8f2d421ba5ec45a18,f88b3743a9ce1f9455b6de69380b486a,SO67418,105,HL-U509-B,3,105,0001ffe4d82d0d8f9fec5ab0b4faa2db
17278,e43c329598651187dc896f473b960062,d65fe2f8a3307343bdecec12e6ef15b0,SO44243,3578,BK-R93R-48,1,3578,3a0c86e2d3f9856bab812272b3f829ab
17279,629ffff971d10f275a79a70fae527fbc,d6ab5a0eee939524352092b964d92b84,SO56008,4886,BK-R89B-48,2,4886,3c1811b546060d91957cc446aabc4a3c
17279,6f876727a6ca9c8f7a1e0ab845d1df49,a7a38fdd2b588a9e04c8833fe252e250,SO44263,3578,BK-R93R-62,1,3578,f9160ced7c82c26576dae88d37ef543e
17280,05c5da89af1a92d8b290990620fd3737,6d4278f55ab037dfce90690af7b0158a,SO44185,3578,BK-R93R-62,1,3578,9d2399b04a78a683bb013aa08df31452
17280,3519c8eb4095dbc69d80eb61856d3435,6e5c4b769f8f70f9fd01b24ba5be9695,SO55606,9,BC-R205,1,9,d6ab5a0eee939524352092b964d92b84
17280,3519c8eb4095dbc69d80eb61856d3435,6e5c4b769f8f70f9fd01b24ba5be9695,SO55606,4886,BK-R89B-58,2,4886,d6ab5a0eee939524352092b964d92b84
17280,3519c8eb4095dbc69d80eb61856d3435,6e5c4b769f8f70f9fd01b24ba5be9695,SO55606,54,SJ-0194-X,1,54,d6ab5a0eee939524352092b964d92b84
17280,3519c8eb4095dbc69d80eb61856d3435,6e5c4b769f8f70f9fd01b24ba5be9695,SO55606,5,WB-H098,1,5,d6ab5a0eee939524352092b964d92b84
17281,691ad1b0dca3643b923973defd014d47,6dd75c28a9a8a39e02bc0a175f82a9f3,SO67765,25,TI-R628,1,25,9f1ff00ea8fd9fd8f2d421ba5ec45a18
17281,e2f0a420a4c1a9e8e292761f835e0489,4eec6eda382b9c44e240ad4b4b5e9cc0,SO65567,27,CA-1098,3,27,9d934f91c460e9947414d00048f2fa36
17281,e2f0a420a4c1a9e8e292761f835e0489,4eec6eda382b9c44e240ad4b4b5e9cc0,SO65567,150,LJ-0192-X,3,150,9d934f91c460e9947414d00048f2fa36
17282,12092303778fcfa88ed7d284b74c6a6a,40eee601514259a9632d510ca71226cc,SO74790,27,CA-1098,3,27,6cf9e035d2f1d8ffe1b9f2f96a9e7a3a
17282,12092303778fcfa88ed7d284b74c6a6a,40eee601514259a9632d510ca71226cc,SO74790,54,SJ-0194-M,1,54,6cf9e035d2f1d8ffe1b9f2f96a9e7a3a
17282,e82ca4c6beebe812f10fa1041b97a160,9d934f91c460e9947414d00048f2fa36,SO66025,2,PK-7098,1,2,6d1d8a1c7851eb5a946d45009cea6d9f
17282,e82ca4c6beebe812f10fa1041b97a160,9d934f91c460e9947414d00048f2fa36,SO66025,30,TI-M602,1,30,6d1d8a1c7851eb5a946d45009cea6d9f
17282,e82ca4c6beebe812f10fa1041b97a160,9d934f91c460e9947414d00048f2fa36,SO66025,5,TT-M928,1,5,6d1d8a1c7851eb5a946d45009cea6d9f
17283,60b901e6d879ccf3b3246e54133acee5,01e8942a5792053a553c4612bd6c06a6,SO75061,48,GL-H102-L,2,48,021d7f51f97fea2b23b069288066b34d
17283,60b901e6d879ccf3b3246e54133acee5,01e8942a5792053a553c4612bd6c06a6,SO75061,105,HL-U509-B,3,105,021d7f51f97fea2b23b069288066b34d
17283,60b901e6d879ccf3b3246e54133acee5,01e8942a5792053a553c4612bd6c06a6,SO75061,25,TI-R628,1,25,021d7f51f97fea2b23b069288066b34d
17283,60b901e6d879ccf3b3246e54133acee5,01e8942a5792053a553c4612bd6c06a6,SO75061,4,TT-R982,1,4,021d7f51f97fea2b23b069288066b34d
17283,94c60e0b5e2b0f78b919a5d4c67d70a2,0d15ba5aa4c9ad0377b26e0cf7a86280,SO62167,27,CA-1098,3,27,9913e55755fcc4267a06c1e6adbbc7fb
17283,94c60e0b5e2b0f78b919a5d4c67d70a2,0d15ba5aa4c9ad0377b26e0cf7a86280,SO62167,150,LJ-0192-M,3,150,9913e55755fcc4267a06c1e6adbbc7fb
17284,a946e75bc65318721cd1e01162d392dd,5efefff01843f5aa3f7d8a4d44b4bf2e,SO63439,150,LJ-0192-L,3,150,3a23b248b732af434a45fce0302aa11f
17284,a946e75bc65318721cd1e01162d392dd,5efefff01843f5aa3f7d8a4d44b4bf2e,SO63439,9,SO-R809-L,1,9,3a23b248b732af434a45fce0302aa11f
17284,f799d104dd23bb828dcdaaefc4d25b61,ca510b577b53d588f80b4fc76030ea52,SO52287,2,PK-7098,1,2,cfceb7490eff6e660974507be7c579c6
17284,f799d104dd23bb828dcdaaefc4d25b61,ca510b577b53d588f80b4fc76030ea52,SO52287,25,TI-R628,1,25,cfceb7490eff6e660974507be7c579c6
17284,f799d104dd23bb828dcdaaefc4d25b61,ca510b577b53d588f80b4fc76030ea52,SO52287,4,TT-R982,1,4,cfceb7490eff6e660974507be7c579c6
17285,3b1c887bb1207e2d1f3db508935b9a03,0f3e3e16d175d3da9e3d2ab5f42e2a8d,SO44205,3578,BK-R93R-48,1,3578,d65fe2f8a3307343bdecec12e6ef15b0
17285,c660dc308b247ce08aeecd155306bae0,e7df1b3ee078bdcfc260a877f321287d,SO59960,4886,BK-R89B-48,2,4886,9a95fdf4e925d9cbd65f87b5aa4ac212
17285,c660dc308b247ce08aeecd155306bae0,e7df1b3ee078bdcfc260a877f321287d,SO59960,105,HL-U509,3,105,9a95fdf4e925d9cbd65f87b5aa4ac212
17285,c660dc308b247ce08aeecd155306bae0,e7df1b3ee078bdcfc260a877f321287d,SO59960,33,TI-R982,1,33,9a95fdf4e925d9cbd65f87b5aa4ac212
17285,c660dc308b247ce08aeecd155306bae0,e7df1b3ee078bdcfc260a877f321287d,SO59960,4,TT-R982,1,4,9a95fdf4e925d9cbd65f87b5aa4ac212
17286,3ebfce6ccd7540a632ae7e6ad8100c29,d630b2db6e8046e30b4728ca862ba4e1,SO59390,4886,BK-R89B-58,2,4886,df595e3c678d4fae23ce174fe747165e
17286,3ebfce6ccd7540a632ae7e6ad8100c29,d630b2db6e8046e30b4728ca862ba4e1,SO59390,8,CL-9009,1,8,df595e3c678d4fae23ce174fe747165e
17286,6f876727a6ca9c8f7a1e0ab845d1df49,a7a38fdd2b588a9e04c8833fe252e250,SO44264,3578,BK-R93R-52,1,3578,f9160ced7c82c26576dae88d37ef543e
17287,05e7920e8caf0303dc01b77666952b75,eea5b3bd1bd5d5c62a1d22f78d3ba263,SO66209,27,CA-1098,3,27,3a2f313512bb520c43971e54ba834dec
17287,05e7920e8caf0303dc01b77666952b75,eea5b3bd1bd5d5c62a1d22f78d3ba263,SO66209,54,SJ-0194-X,1,54,3a2f313512bb520c43971e54ba834dec
17287,c926349b55a58d87d7d5008c349fd1e9,9e8cbc3edbb5efb3f48d6afb260e4725,SO60050,2,PK-7098,1,2,ccb91034934bb047c5f6a32eb289b95b
17287,c926349b55a58d87d7d5008c349fd1e9,9e8cbc3edbb5efb3f48d6afb260e4725,SO60050,30,TI-M602,1,30,ccb91034934bb047c5f6a32eb289b95b
17288,702a02712215141594ddf8e52b0a651c,cd15e5f80ff20dd345bfaa51400dd0d6,SO67483,10,BC-M005,1,10,caa707f97407c07371136aaf471a91d4
17288,702a02712215141594ddf8e52b0a651c,cd15e5f80ff20dd345bfaa51400dd0d6,SO67483,769,BK-M38S-40,1,769,caa707f97407c07371136aaf471a91d4
17288,702a02712215141594ddf8e52b0a651c,cd15e5f80ff20dd345bfaa51400dd0d6,SO67483,64,VE-C304-S,1,64,caa707f97407c07371136aaf471a91d4
17288,702a02712215141594ddf8e52b0a651c,cd15e5f80ff20dd345bfaa51400dd0d6,SO67483,5,WB-H098,1,5,caa707f97407c07371136aaf471a91d4
17288,9f8987003453fd37ae135a87e6b756b8,3a0c86e2d3f9856bab812272b3f829ab,SO44277,3578,BK-R93R-44,1,3578,45c68ffa2dc409a0196eea5fff3994d1
17289,427ed6396fba4ed8ead9ec3229517d2b,3519c8eb4095dbc69d80eb61856d3435,SO56229,9,SO-R809-L,1,9,629ffff971d10f275a79a70fae527fbc
17289,427ed6396fba4ed8ead9ec3229517d2b,3519c8eb4095dbc69d80eb61856d3435,SO56229,30,TI-M602,1,30,629ffff971d10f275a79a70fae527fbc
17289,427ed6396fba4ed8ead9ec3229517d2b,3519c8eb4095dbc69d80eb61856d3435,SO56229,5,TT-M928,1,5,629ffff971d10f275a79a70fae527fbc
17289,99c8f306659fd98cbb9d7f03ec0c2a7a,705fa39ab40831529471c768490339ab,SO69872,27,CA-1098,3,27,fff3c307c93eda1eb91d53ca588846fe
17289,99c8f306659fd98cbb9d7f03ec0c2a7a,705fa39ab40831529471c768490339ab,SO69872,54,SJ-0194-M,1,54,fff3c307c93eda1eb91d53ca588846fe
17290,73b2264d673ee7b5b2e7e165020516ac,4ceff7612cfa4420892fe23b23ca9265,SO57374,30,TI-M602,1,30,8d71482745a6a1be4fbbc5562ade4657
17290,abe94c2111c58e9c9672602d41bce66e,0149f124a48640c62d90840ac5760331,SO64120,27,CA-1098,3,27,99b7e934795a93975a5e0c0b9b57d9ba
17290,abe94c2111c58e9c9672602d41bce66e,0149f124a48640c62d90840ac5760331,SO64120,54,SJ-0194-X,1,54,99b7e934795a93975a5e0c0b9b57d9ba
17291,7f026edc73bd4602381834e9b850d6c2,eedd9be5500334505ed9d4aef801ac3d,SO52221,54,SJ-0194-M,1,54,db2b287636ac5ebda430de4f3f643b24
17291,ed268f8f3837888893f896b7240f1254,a9cefc49af6424b430612adfc69876ee,SO56434,2,PK-7098,1,2,6353a8421ee460b64f2c988cc72a8391
17291,ed268f8f3837888893f896b7240f1254,a9cefc49af6424b430612adfc69876ee,SO56434,30,TI-M602,1,30,6353a8421ee460b64f2c988cc72a8391
17292,39ff8ac1e8a44088f96e17b846ec8baf,9a95fdf4e925d9cbd65f87b5aa4ac212,SO60382,8,CL-9009,1,8,c926349b55a58d87d7d5008c349fd1e9
17292,39ff8ac1e8a44088f96e17b846ec8baf,9a95fdf4e925d9cbd65f87b5aa4ac212,SO60382,2,PK-7098,1,2,c926349b55a58d87d7d5008c349fd1e9
17292,39ff8ac1e8a44088f96e17b846ec8baf,9a95fdf4e925d9cbd65f87b5aa4ac212,SO60382,30,TI-M602,1,30,c926349b55a58d87d7d5008c349fd1e9
17292,b0950d12c62d3aeda81b2e8d06f2aef4,e366e24b8ad0b1107528f2f58cd15a81,SO73344,54,SJ-0194-L,1,54,a048b8d5f3f9178f163e2be055f0138b
17293,175a5d217fad85df9f6639d7ced1e5d9,511572e8a25e86c2f48ae9e6d73a1e6a,SO68938,769,BK-M38S-40,1,769,66e56e10b0f528b66a45e307ecdf4774
17293,175a5d217fad85df9f6639d7ced1e5d9,511572e8a25e86c2f48ae9e6d73a1e6a,SO68938,70,SH-W890-L,1,70,66e56e10b0f528b66a45e307ecdf4774
17293,9f8987003453fd37ae135a87e6b756b8,3a0c86e2d3f9856bab812272b3f829ab,SO44278,3578,BK-R93R-62,1,3578,45c68ffa2dc409a0196eea5fff3994d1
17294,0a6897e1c1e03291162006eaf64d9e6d,aa23a148fd157c87970b5fa9079424f9,SO44181,3578,BK-R93R-48,1,3578,0f3e3e16d175d3da9e3d2ab5f42e2a8d
17294,e871b36e68b0b3d0af9c742d81fef27a,3fe686907939d07097f6c87f08025422,SO70151,769,BK-M38S-42,1,769,1faee5670542865e021595151379fe5c
17294,e871b36e68b0b3d0af9c742d81fef27a,3fe686907939d07097f6c87f08025422,SO70151,8,CL-9009,1,8,1faee5670542865e021595151379fe5c
17295,531a5e6e1b551dc67663de449307272a,1c37e3540a186a26df97e1d816a180d8,SO44196,3578,BK-R93R-56,1,3578,0a6897e1c1e03291162006eaf64d9e6d
17295,8728a5e296f39e49d2fa74c31820e99f,66e56e10b0f528b66a45e307ecdf4774,SO69633,10,BC-M005,1,10,3fe686907939d07097f6c87f08025422
17295,8728a5e296f39e49d2fa74c31820e99f,66e56e10b0f528b66a45e307ecdf4774,SO69633,769,BK-M38S-46,1,769,3fe686907939d07097f6c87f08025422
17295,8728a5e296f39e49d2fa74c31820e99f,66e56e10b0f528b66a45e307ecdf4774,SO69633,105,HL-U509-B,3,105,3fe686907939d07097f6c87f08025422
17296,0e000451f430d2e5b745a08b4ee7836c,9795c57676ee8b8b6ba9a6f9014a520b,SO74339,150,LJ-0192-M,3,150,e4b40b4ba619c72ec5a69caad258d393
17296,ccf89c691dabb1412404274596922d90,b0241b451647f25db5f52074445d820c,SO65023,105,HL-U509-R,3,105,7299e51cfc0d5174743a6701a8a96488
17296,ccf89c691dabb1412404274596922d90,b0241b451647f25db5f52074445d820c,SO65023,25,TI-R628,1,25,7299e51cfc0d5174743a6701a8a96488
17296,ccf89c691dabb1412404274596922d90,b0241b451647f25db5f52074445d820c,SO65023,4,TT-R982,1,4,7299e51cfc0d5174743a6701a8a96488
17297,226d694fb4b7f71d62444f9528be8704,714597fe9448176d17876617114a65bc,SO53985,2,PK-7098,1,2,9444f850ff0c10a862b4a6a9c4ab0a74
17297,226d694fb4b7f71d62444f9528be8704,714597fe9448176d17876617114a65bc,SO53985,30,TI-M602,1,30,9444f850ff0c10a862b4a6a9c4ab0a74
17297,226d694fb4b7f71d62444f9528be8704,714597fe9448176d17876617114a65bc,SO53985,5,TT-M928,1,5,9444f850ff0c10a862b4a6a9c4ab0a74
17297,6eaadc1181f307997dc853d9ed40db36,0814775cfc25da756a9b4197347ab771,SO58484,27,CA-1098,3,27,4dbf892d41ae205f6e36838031cff786
17297,6eaadc1181f307997dc853d9ed40db36,0814775cfc25da756a9b4197347ab771,SO58484,54,SJ-0194-S,1,54,4dbf892d41ae205f6e36838031cff786
17298,4ddc8821c34bceaf3dba4a18741acca3,af1457846a79173ef71dd9d5dd69805a,SO61104,22,FE-6654,1,22,2d6e054ac82934d489c58cc8399a1628
17298,4ddc8821c34bceaf3dba4a18741acca3,af1457846a79173ef71dd9d5dd69805a,SO61104,30,TI-M602,1,30,2d6e054ac82934d489c58cc8399a1628
17298,4ddc8821c34bceaf3dba4a18741acca3,af1457846a79173ef71dd9d5dd69805a,SO61104,5,TT-M928,1,5,2d6e054ac82934d489c58cc8399a1628
17298,4ddc8821c34bceaf3dba4a18741acca3,af1457846a79173ef71dd9d5dd69805a,SO61104,64,VE-C304-M,1,64,2d6e054ac82934d489c58cc8399a1628
17298,f75e5f8c15ca91ec5c869dc3881f574f,3a23b248b732af434a45fce0302aa11f,SO63891,54,SJ-0194-S,1,54,03bf7d2a8718ee9aca4bd2f37e962fc4
17299,0a6897e1c1e03291162006eaf64d9e6d,aa23a148fd157c87970b5fa9079424f9,SO44182,3578,BK-R93R-62,1,3578,0f3e3e16d175d3da9e3d2ab5f42e2a8d
17299,49fce086a31f1cfcf16b54e462f7cbc0,99c8f306659fd98cbb9d7f03ec0c2a7a,SO70805,769,BK-M38S-42,1,769,e84848120190a8d0e696fbeb15647a74
17299,49fce086a31f1cfcf16b54e462f7cbc0,99c8f306659fd98cbb9d7f03ec0c2a7a,SO70805,105,HL-U509-B,3,105,e84848120190a8d0e696fbeb15647a74
17300,7254e54716fe52361e62aa16ea2e0797,6eaadc1181f307997dc853d9ed40db36,SO59415,8,CL-9009,1,8,e7df1b3ee078bdcfc260a877f321287d
17300,7254e54716fe52361e62aa16ea2e0797,6eaadc1181f307997dc853d9ed40db36,SO59415,2,PK-7098,1,2,e7df1b3ee078bdcfc260a877f321287d
17300,7254e54716fe52361e62aa16ea2e0797,6eaadc1181f307997dc853d9ed40db36,SO59415,30,TI-M602,1,30,e7df1b3ee078bdcfc260a877f321287d
17300,a189cc17a15cdb4e39e80dfcd8374c76,b0b2c17e5682f78d8fc262463fd0a4f3,SO58644,54,SJ-0194-M,1,54,244cede513841376c37dc856f2f5e7b9
17301,a1d0c0a14c6c8f8a8ef8220209c23a64,05e7920e8caf0303dc01b77666952b75,SO66947,25,TI-R628,1,25,cd15e5f80ff20dd345bfaa51400dd0d6
17301,a9cd7a99d71cca9cb644010050374ade,3db19f5f710f10e90ecc7154c649d60a,SO71701,150,LJ-0192-S,3,150,128ee9ff420de424a605a0ee4a6f7916
17302,3e07f09fb2edbdf0bf6a54c17634514b,dca79d69a6b38e95c4b03bfab997796c,SO52972,27,CA-1098,3,27,c375f33d72ca7161f341c2726e82d67a
17302,3e07f09fb2edbdf0bf6a54c17634514b,dca79d69a6b38e95c4b03bfab997796c,SO52972,150,LJ-0192-L,3,150,c375f33d72ca7161f341c2726e82d67a
17302,9f1ff00ea8fd9fd8f2d421ba5ec45a18,f88b3743a9ce1f9455b6de69380b486a,SO67420,48,GL-H102-M,2,48,0001ffe4d82d0d8f9fec5ab0b4faa2db
17302,9f1ff00ea8fd9fd8f2d421ba5ec45a18,f88b3743a9ce1f9455b6de69380b486a,SO67420,105,HL-U509-R,3,105,0001ffe4d82d0d8f9fec5ab0b4faa2db
17302,9f1ff00ea8fd9fd8f2d421ba5ec45a18,f88b3743a9ce1f9455b6de69380b486a,SO67420,25,TI-R628,1,25,0001ffe4d82d0d8f9fec5ab0b4faa2db
17302,9f1ff00ea8fd9fd8f2d421ba5ec45a18,f88b3743a9ce1f9455b6de69380b486a,SO67420,4,TT-R982,1,4,0001ffe4d82d0d8f9fec5ab0b4faa2db
17303,232e830f1ac667c081eaaca23cdf9b5f,4b5c3229e0725ef8d303f494db9faec8,SO64462,105,HL-U509,3,105,abe94c2111c58e9c9672602d41bce66e
17303,e82ca4c6beebe812f10fa1041b97a160,9d934f91c460e9947414d00048f2fa36,SO66024,48,GL-H102-S,2,48,6d1d8a1c7851eb5a946d45009cea6d9f
17303,e82ca4c6beebe812f10fa1041b97a160,9d934f91c460e9947414d00048f2fa36,SO66024,105,HL-U509-R,3,105,6d1d8a1c7851eb5a946d45009cea6d9f
17303,e82ca4c6beebe812f10fa1041b97a160,9d934f91c460e9947414d00048f2fa36,SO66024,25,TI-R628,1,25,6d1d8a1c7851eb5a946d45009cea6d9f
17303,e82ca4c6beebe812f10fa1041b97a160,9d934f91c460e9947414d00048f2fa36,SO66024,4,TT-R982,1,4,6d1d8a1c7851eb5a946d45009cea6d9f
17304,d27974ca95fd620ac92cf95bf8c1d1f2,4c6ed4daa82e7326b84c24f4c2ae7064,SO74149,2,PK-7098,1,2,3e107cd1554225ea3056ed5010adce90
17304,d27974ca95fd620ac92cf95bf8c1d1f2,4c6ed4daa82e7326b84c24f4c2ae7064,SO74149,25,TI-R628,1,25,3e107cd1554225ea3056ed5010adce90
17304,f88b3743a9ce1f9455b6de69380b486a,64cadfde6f66bc25043d0d69f5ae5471,SO66574,105,HL-U509-B,3,105,3dc63b2d6dcc8f0b6720b06b5439a0b1
17305,77a2a0387f57f7477e6ad3b5f0bb3093,6cf9e035d2f1d8ffe1b9f2f96a9e7a3a,SO75002,105,HL-U509-R,3,105,5728955fc583cbfd901d0ba25cb20f92
17305,db2b287636ac5ebda430de4f3f643b24,7af7abc5e37d5fa2e2334b4fec2584e2,SO51970,27,CA-1098,3,27,bee2b842cd357511cf4c8e509f5af192
17305,db2b287636ac5ebda430de4f3f643b24,7af7abc5e37d5fa2e2334b4fec2584e2,SO51970,159,ST-1401,1,159,bee2b842cd357511cf4c8e509f5af192
17305,db2b287636ac5ebda430de4f3f643b24,7af7abc5e37d5fa2e2334b4fec2584e2,SO51970,25,TI-R628,1,25,bee2b842cd357511cf4c8e509f5af192
17305,db2b287636ac5ebda430de4f3f643b24,7af7abc5e37d5fa2e2334b4fec2584e2,SO51970,4,TT-R982,1,4,bee2b842cd357511cf4c8e509f5af192
17306,5a06908cc28b799b04fc1c47664462e6,da9c4ba6c9a1ae8725389bfd38b5763a,SO54721,105,HL-U509,3,105,6d338b8c41c717c4336ad0084a80dca4
17306,75fe8d7dec9d2a51be64595ab37dc674,ef5bad66aa19ccfb82cacb73584b83ea,SO58544,54,SJ-0194-S,1,54,23f22724b430320654759f8512440ebc
17306,75fe8d7dec9d2a51be64595ab37dc674,ef5bad66aa19ccfb82cacb73584b83ea,SO58544,25,TI-R628,1,25,23f22724b430320654759f8512440ebc
17306,75fe8d7dec9d2a51be64595ab37dc674,ef5bad66aa19ccfb82cacb73584b83ea,SO58544,4,TT-R982,1,4,23f22724b430320654759f8512440ebc
17307,714597fe9448176d17876617114a65bc,d6ec5bff1a0809822c740ce35792fa7a,SO53190,105,HL-U509-B,3,105,3143ce3c6436ed5bd25398756b7b661d
17307,714597fe9448176d17876617114a65bc,d6ec5bff1a0809822c740ce35792fa7a,SO53190,30,TI-M602,1,30,3143ce3c6436ed5bd25398756b7b661d
17307,714597fe9448176d17876617114a65bc,d6ec5bff1a0809822c740ce35792fa7a,SO53190,5,TT-M928,1,5,3143ce3c6436ed5bd25398756b7b661d
17307,f476906875bc5d9abe836b4ea1f485c1,f04e53711455521533f4c5ed7dcaa287,SO53140,27,CA-1098,3,27,15aceb75d86814cb479f1b1a9487c3d4
17307,f476906875bc5d9abe836b4ea1f485c1,f04e53711455521533f4c5ed7dcaa287,SO53140,54,SJ-0194-X,1,54,15aceb75d86814cb479f1b1a9487c3d4
17308,07d14b363438ad842665e35b72cd095b,9fa48dc8d46636bab53020640f0d42b9,SO44167,3578,BK-R93R-56,1,3578,9c09e1a3bb33cc56909b944a08096b34
17308,4ddc8821c34bceaf3dba4a18741acca3,af1457846a79173ef71dd9d5dd69805a,SO61159,4886,BK-R89R-58,2,4886,2d6e054ac82934d489c58cc8399a1628
17309,1c37e3540a186a26df97e1d816a180d8,13c2439a16b8e0eab906d0cd09c97dbc,SO44145,3578,BK-R93R-62,1,3578,aa23a148fd157c87970b5fa9079424f9
17309,5072507e949a2c25948a591c4da194e1,a189cc17a15cdb4e39e80dfcd8374c76,SO59691,9,BC-R205,1,9,ad0b7f5ad35732646f1e5f67418d5995
17309,5072507e949a2c25948a591c4da194e1,a189cc17a15cdb4e39e80dfcd8374c76,SO59691,4886,BK-R89B-48,2,4886,ad0b7f5ad35732646f1e5f67418d5995
17310,1c37e3540a186a26df97e1d816a180d8,13c2439a16b8e0eab906d0cd09c97dbc,SO44146,3578,BK-R93R-52,1,3578,aa23a148fd157c87970b5fa9079424f9
17310,254d832c83ccdb2c33eab65a4fd196ff,75fe8d7dec9d2a51be64595ab37dc674,SO59554,4886,BK-R89R-58,2,4886,4a800301260b2639fa1ec3efafb5f86c
17310,254d832c83ccdb2c33eab65a4fd196ff,75fe8d7dec9d2a51be64595ab37dc674,SO59554,8,CL-9009,1,8,4a800301260b2639fa1ec3efafb5f86c
17311,12092303778fcfa88ed7d284b74c6a6a,40eee601514259a9632d510ca71226cc,SO74791,27,CA-1098,3,27,6cf9e035d2f1d8ffe1b9f2f96a9e7a3a
17311,128ee9ff420de424a605a0ee4a6f7916,fee8e08233f3f00450bce31967abb0f1,SO71353,105,HL-U509,3,105,2797a91b25bc2aa85124c99bc574dc83
17311,128ee9ff420de424a605a0ee4a6f7916,fee8e08233f3f00450bce31967abb0f1,SO71353,30,TI-M602,1,30,2797a91b25bc2aa85124c99bc574dc83
17311,128ee9ff420de424a605a0ee4a6f7916,fee8e08233f3f00450bce31967abb0f1,SO71353,5,TT-M928,1,5,2797a91b25bc2aa85124c99bc574dc83
17312,17520f5649fab40fb66771362888cb90,1faee5670542865e021595151379fe5c,SO70650,769,BK-M38S-42,1,769,3f72b837978dcd042b73e7270f11a4ca
17312,17520f5649fab40fb66771362888cb90,1faee5670542865e021595151379fe5c,SO70650,70,SH-W890-S,1,70,3f72b837978dcd042b73e7270f11a4ca
17312,17520f5649fab40fb66771362888cb90,1faee5670542865e021595151379fe5c,SO70650,54,SJ-0194-M,1,54,3f72b837978dcd042b73e7270f11a4ca
17312,a7a38fdd2b588a9e04c8833fe252e250,5d6eba48b2fa5ed437db0475fd1b7ef4,SO44200,3578,BK-R93R-44,1,3578,05c5da89af1a92d8b290990620fd3737
17313,6477c205c5117a9448ba863e111acf32,c926349b55a58d87d7d5008c349fd1e9,SO60846,27,CA-1098,3,27,013f173c58073e845f675d26fdde1918
17313,af1457846a79173ef71dd9d5dd69805a,254d832c83ccdb2c33eab65a4fd196ff,SO60328,8,CL-9009,1,8,ce08c22f7777768ce4197eab9727516c
17313,af1457846a79173ef71dd9d5dd69805a,254d832c83ccdb2c33eab65a4fd196ff,SO60328,30,TI-M602,1,30,ce08c22f7777768ce4197eab9727516c
17313,af1457846a79173ef71dd9d5dd69805a,254d832c83ccdb2c33eab65a4fd196ff,SO60328,5,TT-M928,1,5,ce08c22f7777768ce4197eab9727516c
17314,a048b8d5f3f9178f163e2be055f0138b,c83e871e48c2716e0f28e60d166a5c98,SO72964,27,CA-1098,3,27,41ef6b06b63ba4f6a5234245a439b157
17314,a9adf65abbb865184bf924d14a93d0c4,ec24e4cf9fcc90f3bbe81b2fb3735c21,SO70674,105,HL-U509-R,3,105,e0cd1349b4c6e1b5f14ed427e358c2d0
17314,a9adf65abbb865184bf924d14a93d0c4,ec24e4cf9fcc90f3bbe81b2fb3735c21,SO70674,30,TI-M602,1,30,e0cd1349b4c6e1b5f14ed427e358c2d0
17314,a9adf65abbb865184bf924d14a93d0c4,ec24e4cf9fcc90f3bbe81b2fb3735c21,SO70674,5,TT-M928,1,5,e0cd1349b4c6e1b5f14ed427e358c2d0
17315,5d6eba48b2fa5ed437db0475fd1b7ef4,aa79d369c30c2b1258b3d47e8c10d56a,SO44150,3578,BK-R93R-48,1,3578,6d4278f55ab037dfce90690af7b0158a
17315,b21e833d3ead6056f1265f13fe1ff015,7983129d9883ebc3b9dce3311996b001,SO60609,9,BC-R205,1,9,4804ee33768b143d9706052696f7dfbd
17315,b21e833d3ead6056f1265f13fe1ff015,7983129d9883ebc3b9dce3311996b001,SO60609,4886,BK-R89B-48,2,4886,4804ee33768b143d9706052696f7dfbd
17316,a9cd7a99d71cca9cb644010050374ade,3db19f5f710f10e90ecc7154c649d60a,SO71697,27,CA-1098,3,27,128ee9ff420de424a605a0ee4a6f7916
17316,a9cd7a99d71cca9cb644010050374ade,3db19f5f710f10e90ecc7154c649d60a,SO71697,25,TI-R628,1,25,128ee9ff420de424a605a0ee4a6f7916
17316,a9cd7a99d71cca9cb644010050374ade,3db19f5f710f10e90ecc7154c649d60a,SO71697,4,TT-R982,1,4,128ee9ff420de424a605a0ee4a6f7916
17316,f544b472453b297a8b55709fbfd3746d,70951886788165a5e2439adfce4d0cce,SO70026,48,GL-H102-S,2,48,331afa0aff1b1cfbf3d24944ab38c9d2
17316,f544b472453b297a8b55709fbfd3746d,70951886788165a5e2439adfce4d0cce,SO70026,105,HL-U509,3,105,331afa0aff1b1cfbf3d24944ab38c9d2
17317,d4746e41b619da57ee9f1a2e2cc254e8,81a5d08c6beaeec9e42baae5d63dd780,SO64064,27,CA-1098,3,27,23bd9a9b90557e9da7babfb8e3d2df22
17317,de5009f9bf3e9725d2381f4a5e913111,2296af5563b2061aa1d88124a37eecb7,SO67353,105,HL-U509-B,3,105,a1d0c0a14c6c8f8a8ef8220209c23a64
17317,de5009f9bf3e9725d2381f4a5e913111,2296af5563b2061aa1d88124a37eecb7,SO67353,150,LJ-0192-X,3,150,a1d0c0a14c6c8f8a8ef8220209c23a64
17317,de5009f9bf3e9725d2381f4a5e913111,2296af5563b2061aa1d88124a37eecb7,SO67353,30,TI-M602,1,30,a1d0c0a14c6c8f8a8ef8220209c23a64
17317,de5009f9bf3e9725d2381f4a5e913111,2296af5563b2061aa1d88124a37eecb7,SO67353,5,TT-M928,1,5,a1d0c0a14c6c8f8a8ef8220209c23a64
17318,73a69a5c77a7d23172e54d7ce07a638e,5a06908cc28b799b04fc1c47664462e6,SO55461,27,CA-1098,3,27,41fc4cb27e0ee552c4c9247e1a476cc5
17318,fde67888c64f701b59876ec559099b3e,6353a8421ee460b64f2c988cc72a8391,SO56801,30,TI-M602,1,30,4ceff7612cfa4420892fe23b23ca9265
17318,fde67888c64f701b59876ec559099b3e,6353a8421ee460b64f2c988cc72a8391,SO56801,5,TT-M928,1,5,4ceff7612cfa4420892fe23b23ca9265
17319,2296af5563b2061aa1d88124a37eecb7,6866da5d40f1aad2d82129d5ffa25bda,SO66513,30,TI-M602,1,30,05e7920e8caf0303dc01b77666952b75
17319,4c6ed4daa82e7326b84c24f4c2ae7064,b2ce0ef2540789e8a6976165b6c917d8,SO73263,27,CA-1098,3,27,aa14ddbc43aa2d3be1e6ac019bb7b5bc
17320,1c37e3540a186a26df97e1d816a180d8,13c2439a16b8e0eab906d0cd09c97dbc,SO44147,3578,BK-R93R-62,1,3578,aa23a148fd157c87970b5fa9079424f9
17320,d5985f40495ba672dff8a99620b879c8,a9adf65abbb865184bf924d14a93d0c4,SO71545,769,BK-M38S-46,1,769,8f472ffe3ff3109f420ae91355ff8f3f
17320,d5985f40495ba672dff8a99620b879c8,a9adf65abbb865184bf924d14a93d0c4,SO71545,105,HL-U509-R,3,105,8f472ffe3ff3109f420ae91355ff8f3f
17320,d5985f40495ba672dff8a99620b879c8,a9adf65abbb865184bf924d14a93d0c4,SO71545,9,SO-R809-L,1,9,8f472ffe3ff3109f420ae91355ff8f3f
17321,0da2bc000f1fe4ea8746f9aea0bb5879,702a02712215141594ddf8e52b0a651c,SO68275,27,CA-1098,3,27,b34050290c25b0f7b52a2b8f767df87d
17321,54d3ba66c5e71d3112695b882ca2030e,e4b40b4ba619c72ec5a69caad258d393,SO74555,105,HL-U509,3,105,40eee601514259a9632d510ca71226cc
17321,54d3ba66c5e71d3112695b882ca2030e,e4b40b4ba619c72ec5a69caad258d393,SO74555,30,TI-M602,1,30,40eee601514259a9632d510ca71226cc
17321,54d3ba66c5e71d3112695b882ca2030e,e4b40b4ba619c72ec5a69caad258d393,SO74555,5,TT-M928,1,5,40eee601514259a9632d510ca71226cc
17321,54d3ba66c5e71d3112695b882ca2030e,e4b40b4ba619c72ec5a69caad258d393,SO74555,64,VE-C304-M,1,64,40eee601514259a9632d510ca71226cc
17322,0814775cfc25da756a9b4197347ab771,d76e0ba1fa041675ae9af958c5b41ae4,SO57796,22,FE-6654,1,22,de22d232bbe84481579f6252f1e7091d
17322,0814775cfc25da756a9b4197347ab771,d76e0ba1fa041675ae9af958c5b41ae4,SO57796,64,VE-C304-L,1,64,de22d232bbe84481579f6252f1e7091d
17322,2fb09097185e604aaadbfde958fd6262,a1e59736d286765313b8212467dc64b2,SO74589,27,CA-1098,3,27,88d8e3ff674b1514a19b24621707f0d9
17323,5432d51ee94799c0125bb158c8a8bd22,545a3d56d20b22e09aa85bfa5ed8738d,SO73102,22,FE-6654,1,22,9592b44e2c3f304a9875f45537bec6eb
17323,5432d51ee94799c0125bb158c8a8bd22,545a3d56d20b22e09aa85bfa5ed8738d,SO73102,54,SJ-0194-X,1,54,9592b44e2c3f304a9875f45537bec6eb
17323,6e5c4b769f8f70f9fd01b24ba5be9695,40e7dd73b09eac540e790daf6fac41af,SO54826,27,CA-1098,3,27,106dfbaf552c07a1b08d065f2c343982
17324,b68fd63ca41d49bfc1b18251202c053f,d4746e41b619da57ee9f1a2e2cc254e8,SO64860,27,CA-1098,3,27,c87874400b9f907bdf9ea37d75a4b341
17324,f06fd077b6afc2d69af6e1e548da266d,c135545cc3f3a739132ffdbc8096f3d4,SO69247,10,BC-M005,1,10,175a5d217fad85df9f6639d7ced1e5d9
17324,f06fd077b6afc2d69af6e1e548da266d,c135545cc3f3a739132ffdbc8096f3d4,SO69247,22,FE-6654,1,22,175a5d217fad85df9f6639d7ced1e5d9
17324,f06fd077b6afc2d69af6e1e548da266d,c135545cc3f3a739132ffdbc8096f3d4,SO69247,105,HL-U509-B,3,105,175a5d217fad85df9f6639d7ced1e5d9
17324,f06fd077b6afc2d69af6e1e548da266d,c135545cc3f3a739132ffdbc8096f3d4,SO69247,5,WB-H098,1,5,175a5d217fad85df9f6639d7ced1e5d9
17325,83d1ed00595e79ee5ea3797e97970fe8,fe1fd19c021e78ec395980c2e347865e,SO69166,10,BC-M005,1,10,705fa39ab40831529471c768490339ab
17325,83d1ed00595e79ee5ea3797e97970fe8,fe1fd19c021e78ec395980c2e347865e,SO69166,22,FE-6654,1,22,705fa39ab40831529471c768490339ab
17325,83d1ed00595e79ee5ea3797e97970fe8,fe1fd19c021e78ec395980c2e347865e,SO69166,9,SO-R809-L,1,9,705fa39ab40831529471c768490339ab
17325,83d1ed00595e79ee5ea3797e97970fe8,fe1fd19c021e78ec395980c2e347865e,SO69166,5,WB-H098,1,5,705fa39ab40831529471c768490339ab
17325,d6ab5a0eee939524352092b964d92b84,106dfbaf552c07a1b08d065f2c343982,SO55186,27,CA-1098,3,27,3c4bf68562424c26986beae6ce13704a
17326,331afa0aff1b1cfbf3d24944ab38c9d2,c885741a5e3e55c84950327011b70289,SO69708,769,BK-M38S-40,1,769,962bae2fb03296a3b9cacabfa929322c
17326,331afa0aff1b1cfbf3d24944ab38c9d2,c885741a5e3e55c84950327011b70289,SO69708,120,RA-H123,1,120,962bae2fb03296a3b9cacabfa929322c
17326,9f8987003453fd37ae135a87e6b756b8,3a0c86e2d3f9856bab812272b3f829ab,SO44279,3578,BK-R93R-52,1,3578,45c68ffa2dc409a0196eea5fff3994d1
17327,31c99d724c1f182c60edb82eb4740277,e84848120190a8d0e696fbeb15647a74,SO71222,10,BC-M005,1,10,3db19f5f710f10e90ecc7154c649d60a
17327,31c99d724c1f182c60edb82eb4740277,e84848120190a8d0e696fbeb15647a74,SO71222,22,FE-6654,1,22,3db19f5f710f10e90ecc7154c649d60a
17327,31c99d724c1f182c60edb82eb4740277,e84848120190a8d0e696fbeb15647a74,SO71222,54,SJ-0194-M,1,54,3db19f5f710f10e90ecc7154c649d60a
17327,31c99d724c1f182c60edb82eb4740277,e84848120190a8d0e696fbeb15647a74,SO71222,5,WB-H098,1,5,3db19f5f710f10e90ecc7154c649d60a
17327,5c741aa8e0753be65314a304e7b39c14,d945ec2aae74dbfb829453026b91c235,SO62029,27,CA-1098,3,27,7ee641303ef8d8b10d0ed00a060c73cc
17328,9c09e1a3bb33cc56909b944a08096b34,ba5216f340c430ae833596806650eed2,SO44137,3578,BK-R93R-56,1,3578,c947239f01c6b75acb71b136a7ee0eb3
17328,e366e24b8ad0b1107528f2f58cd15a81,921bc92a493b53f98f24e6a8a12801be,SO72494,769,BK-M38S-40,1,769,c83e871e48c2716e0f28e60d166a5c98
17328,e366e24b8ad0b1107528f2f58cd15a81,921bc92a493b53f98f24e6a8a12801be,SO72494,105,HL-U509,3,105,c83e871e48c2716e0f28e60d166a5c98
17328,e366e24b8ad0b1107528f2f58cd15a81,921bc92a493b53f98f24e6a8a12801be,SO72494,5,WB-H098,1,5,c83e871e48c2716e0f28e60d166a5c98
17329,3ebfce6ccd7540a632ae7e6ad8100c29,d630b2db6e8046e30b4728ca862ba4e1,SO59389,4886,BK-R89R-58,2,4886,df595e3c678d4fae23ce174fe747165e
17329,e43c329598651187dc896f473b960062,d65fe2f8a3307343bdecec12e6ef15b0,SO44244,3578,BK-R93R-48,1,3578,3a0c86e2d3f9856bab812272b3f829ab
17330,39ff8ac1e8a44088f96e17b846ec8baf,9a95fdf4e925d9cbd65f87b5aa4ac212,SO60385,22,FE-6654,1,22,c926349b55a58d87d7d5008c349fd1e9
17330,cd15e5f80ff20dd345bfaa51400dd0d6,3a2f313512bb520c43971e54ba834dec,SO66650,27,CA-1098,3,27,4efe8b2ca156042f8a3d8dd6aba54520
17331,5072507e949a2c25948a591c4da194e1,a189cc17a15cdb4e39e80dfcd8374c76,SO59658,27,CA-1098,3,27,ad0b7f5ad35732646f1e5f67418d5995
17331,6d1d8a1c7851eb5a946d45009cea6d9f,3f0c8308e4e2e5c4ddc1b7e19304f613,SO65685,10,BC-M005,1,10,6582aa26281b9a92ad60e6a03e274c00
17331,6d1d8a1c7851eb5a946d45009cea6d9f,3f0c8308e4e2e5c4ddc1b7e19304f613,SO65685,22,FE-6654,1,22,6582aa26281b9a92ad60e6a03e274c00
17332,3a0c86e2d3f9856bab812272b3f829ab,07d14b363438ad842665e35b72cd095b,SO44214,3578,BK-R93R-44,1,3578,2f49cf3cf9904a79c666862bd2c9e3a1
17332,aa14ddbc43aa2d3be1e6ac019bb7b5bc,dcf73f840a50da0145f24e8e0169dc4b,SO72919,769,BK-M38S-40,1,769,a6f2945baeceeef4c8d541a22f6e99e9
17332,aa14ddbc43aa2d3be1e6ac019bb7b5bc,dcf73f840a50da0145f24e8e0169dc4b,SO72919,27,CA-1098,3,27,a6f2945baeceeef4c8d541a22f6e99e9
17332,aa14ddbc43aa2d3be1e6ac019bb7b5bc,dcf73f840a50da0145f24e8e0169dc4b,SO72919,70,SH-W890-M,1,70,a6f2945baeceeef4c8d541a22f6e99e9
17332,aa14ddbc43aa2d3be1e6ac019bb7b5bc,dcf73f840a50da0145f24e8e0169dc4b,SO72919,54,SJ-0194-L,1,54,a6f2945baeceeef4c8d541a22f6e99e9
17333,6866da5d40f1aad2d82129d5ffa25bda,b68fd63ca41d49bfc1b18251202c053f,SO65750,10,BC-M005,1,10,eea5b3bd1bd5d5c62a1d22f78d3ba263
17333,6866da5d40f1aad2d82129d5ffa25bda,b68fd63ca41d49bfc1b18251202c053f,SO65750,22,FE-6654,1,22,eea5b3bd1bd5d5c62a1d22f78d3ba263
17333,6866da5d40f1aad2d82129d5ffa25bda,b68fd63ca41d49bfc1b18251202c053f,SO65750,105,HL-U509-R,3,105,eea5b3bd1bd5d5c62a1d22f78d3ba263
17333,6866da5d40f1aad2d82129d5ffa25bda,b68fd63ca41d49bfc1b18251202c053f,SO65750,5,WB-H098,1,5,eea5b3bd1bd5d5c62a1d22f78d3ba263
17333,ba19c22033aaecc6c5dad47f63e5858c,8dd08d219271ec96c543f486de430703,SO63012,27,CA-1098,3,27,16918840d98f27ce45948fe73dd5592f
17334,12e0e6d801bd9b913826b796045098f0,0a6897e1c1e03291162006eaf64d9e6d,SO44232,3578,BK-R93R-48,1,3578,3b1c887bb1207e2d1f3db508935b9a03
17334,a6f2945baeceeef4c8d541a22f6e99e9,d5985f40495ba672dff8a99620b879c8,SO72562,769,BK-M38S-40,1,769,95a2a9aefc393f8630e934768cacf4cd
17335,d9f7611cf8d29b48a1d3d8fddb8c5b2e,55f9f4cb5784581a517e59904e0d5e2f,SO56660,5,TT-M928,1,5,fda052162862bb845297063fd71a580c
17336,76e3c19dbb0dadc4c6dc771d856e4676,ad4fbe0c82c7e5968d4cf22c2ad19e28,SO53312,22,FE-6654,1,22,15699e35c72c4036c71409f3f3d69528
17336,76e3c19dbb0dadc4c6dc771d856e4676,ad4fbe0c82c7e5968d4cf22c2ad19e28,SO53312,5,TT-M928,1,5,15699e35c72c4036c71409f3f3d69528
17337,1faee5670542865e021595151379fe5c,e5114f65ece65e14e7b721dab1e674e0,SO69759,22,FE-6654,1,22,83d1ed00595e79ee5ea3797e97970fe8
17337,226d694fb4b7f71d62444f9528be8704,714597fe9448176d17876617114a65bc,SO53996,22,FE-6654,1,22,9444f850ff0c10a862b4a6a9c4ab0a74
17337,226d694fb4b7f71d62444f9528be8704,714597fe9448176d17876617114a65bc,SO53996,105,HL-U509-R,3,105,9444f850ff0c10a862b4a6a9c4ab0a74
17337,226d694fb4b7f71d62444f9528be8704,714597fe9448176d17876617114a65bc,SO53996,25,TI-M267,1,25,9444f850ff0c10a862b4a6a9c4ab0a74
17337,226d694fb4b7f71d62444f9528be8704,714597fe9448176d17876617114a65bc,SO53996,5,TT-M928,1,5,9444f850ff0c10a862b4a6a9c4ab0a74
17337,254d832c83ccdb2c33eab65a4fd196ff,75fe8d7dec9d2a51be64595ab37dc674,SO59517,10,BC-M005,1,10,4a800301260b2639fa1ec3efafb5f86c
17337,254d832c83ccdb2c33eab65a4fd196ff,75fe8d7dec9d2a51be64595ab37dc674,SO59517,5,WB-H098,1,5,4a800301260b2639fa1ec3efafb5f86c
17338,7299e51cfc0d5174743a6701a8a96488,56d78836c9cf0de136c4d2d37aba2280,SO64746,10,BC-M005,1,10,58f0b42da53adeeccbfa693883fea672
17338,7299e51cfc0d5174743a6701a8a96488,56d78836c9cf0de136c4d2d37aba2280,SO64746,5,WB-H098,1,5,58f0b42da53adeeccbfa693883fea672
17338,88d8e3ff674b1514a19b24621707f0d9,ca5b8307fa5f2189fb98330a9d65927c,SO74467,10,BC-M005,1,10,df09a3a727ac0f29208c5ef3bf7625e6
17338,88d8e3ff674b1514a19b24621707f0d9,ca5b8307fa5f2189fb98330a9d65927c,SO74467,8,CL-9009,1,8,df09a3a727ac0f29208c5ef3bf7625e6
17338,88d8e3ff674b1514a19b24621707f0d9,ca5b8307fa5f2189fb98330a9d65927c,SO74467,22,FE-6654,1,22,df09a3a727ac0f29208c5ef3bf7625e6
17338,88d8e3ff674b1514a19b24621707f0d9,ca5b8307fa5f2189fb98330a9d65927c,SO74467,5,WB-H098,1,5,df09a3a727ac0f29208c5ef3bf7625e6
17338,e84848120190a8d0e696fbeb15647a74,fff3c307c93eda1eb91d53ca588846fe,SO70393,2,PK-7098,1,2,f544b472453b297a8b55709fbfd3746d
17338,e84848120190a8d0e696fbeb15647a74,fff3c307c93eda1eb91d53ca588846fe,SO70393,25,TI-M267,1,25,f544b472453b297a8b55709fbfd3746d
17338,e84848120190a8d0e696fbeb15647a74,fff3c307c93eda1eb91d53ca588846fe,SO70393,5,TT-M928,1,5,f544b472453b297a8b55709fbfd3746d
17339,629ffff971d10f275a79a70fae527fbc,d6ab5a0eee939524352092b964d92b84,SO55993,5,WB-H098,1,5,3c1811b546060d91957cc446aabc4a3c
17340,1556bafff387fc8f2f6fef64c1daa6bc,8728a5e296f39e49d2fa74c31820e99f,SO70484,22,FE-6654,1,22,e871b36e68b0b3d0af9c742d81fef27a
17340,1556bafff387fc8f2f6fef64c1daa6bc,8728a5e296f39e49d2fa74c31820e99f,SO70484,2,PK-7098,1,2,e871b36e68b0b3d0af9c742d81fef27a
17340,1556bafff387fc8f2f6fef64c1daa6bc,8728a5e296f39e49d2fa74c31820e99f,SO70484,5,TT-M928,1,5,e871b36e68b0b3d0af9c742d81fef27a
17341,6d1d8a1c7851eb5a946d45009cea6d9f,3f0c8308e4e2e5c4ddc1b7e19304f613,SO65703,22,FE-6654,1,22,6582aa26281b9a92ad60e6a03e274c00
17341,6d1d8a1c7851eb5a946d45009cea6d9f,3f0c8308e4e2e5c4ddc1b7e19304f613,SO65703,9,SO-R809-M,1,9,6582aa26281b9a92ad60e6a03e274c00
17341,6d1d8a1c7851eb5a946d45009cea6d9f,3f0c8308e4e2e5c4ddc1b7e19304f613,SO65703,5,TT-M928,1,5,6582aa26281b9a92ad60e6a03e274c00
17342,bc761b2b7297029a695fbd6dd0470724,fef3080ec197edd1a04bb18afd31d16d,SO55637,105,HL-U509-B,3,105,9b6872ca1d80024637e967d1066bba0a
17342,bc761b2b7297029a695fbd6dd0470724,fef3080ec197edd1a04bb18afd31d16d,SO55637,5,TT-M928,1,5,9b6872ca1d80024637e967d1066bba0a
17343,174acf6ca4e9804d47a59a499422e621,5abaefcc8525a8f4cfd95cba9e926532,SO58310,105,HL-U509-B,3,105,eba6cab7267f82e3b2a063d5ea445bb9
17343,174acf6ca4e9804d47a59a499422e621,5abaefcc8525a8f4cfd95cba9e926532,SO58310,5,TT-M928,1,5,eba6cab7267f82e3b2a063d5ea445bb9
17344,8eb7a1b0dba9fdd5f4248b9cb6b9119b,9f1ff00ea8fd9fd8f2d421ba5ec45a18,SO68220,5,WB-H098,1,5,c7390752782466cfc9a3ed7d3a79e046
17345,e2f0a420a4c1a9e8e292761f835e0489,4eec6eda382b9c44e240ad4b4b5e9cc0,SO65620,1701,BK-R79Y-40,1,1701,9d934f91c460e9947414d00048f2fa36
17345,e2f0a420a4c1a9e8e292761f835e0489,4eec6eda382b9c44e240ad4b4b5e9cc0,SO65620,105,HL-U509,3,105,9d934f91c460e9947414d00048f2fa36
17345,e2f0a420a4c1a9e8e292761f835e0489,4eec6eda382b9c44e240ad4b4b5e9cc0,SO65620,25,TI-R628,1,25,9d934f91c460e9947414d00048f2fa36
17345,e2f0a420a4c1a9e8e292761f835e0489,4eec6eda382b9c44e240ad4b4b5e9cc0,SO65620,4,TT-R982,1,4,9d934f91c460e9947414d00048f2fa36
17346,4dbf892d41ae205f6e36838031cff786,de22d232bbe84481579f6252f1e7091d,SO58197,22,FE-6654,1,22,3fbd0407b55d3a3da21388a2ddbf881c
17346,4dbf892d41ae205f6e36838031cff786,de22d232bbe84481579f6252f1e7091d,SO58197,105,HL-U509-R,3,105,3fbd0407b55d3a3da21388a2ddbf881c
17346,6477c205c5117a9448ba863e111acf32,c926349b55a58d87d7d5008c349fd1e9,SO60844,48,GL-H102-S,2,48,013f173c58073e845f675d26fdde1918
17347,3ebfce6ccd7540a632ae7e6ad8100c29,d630b2db6e8046e30b4728ca862ba4e1,SO59371,22,FE-6654,1,22,df595e3c678d4fae23ce174fe747165e
17347,cd15e5f80ff20dd345bfaa51400dd0d6,3a2f313512bb520c43971e54ba834dec,SO66657,2,PK-7098,1,2,4efe8b2ca156042f8a3d8dd6aba54520
17347,cd15e5f80ff20dd345bfaa51400dd0d6,3a2f313512bb520c43971e54ba834dec,SO66657,21,TI-R092,1,21,4efe8b2ca156042f8a3d8dd6aba54520
17347,cd15e5f80ff20dd345bfaa51400dd0d6,3a2f313512bb520c43971e54ba834dec,SO66657,4,TT-R982,1,4,4efe8b2ca156042f8a3d8dd6aba54520
17347,e0cd1349b4c6e1b5f14ed427e358c2d0,f06fd077b6afc2d69af6e1e548da266d,SO70333,105,HL-U509,3,105,b95a9f47dd73bb9b799a31ae04ee7da1
17347,e0cd1349b4c6e1b5f14ed427e358c2d0,f06fd077b6afc2d69af6e1e548da266d,SO70333,30,TI-M602,1,30,b95a9f47dd73bb9b799a31ae04ee7da1
17347,e0cd1349b4c6e1b5f14ed427e358c2d0,f06fd077b6afc2d69af6e1e548da266d,SO70333,5,TT-M928,1,5,b95a9f47dd73bb9b799a31ae04ee7da1
17348,5efefff01843f5aa3f7d8a4d44b4bf2e,922d04aa1f67bbe0270bfad98508f43e,SO62549,30,TI-M602,1,30,db2f6a564b6f5f41253c68874b50962b
17348,5efefff01843f5aa3f7d8a4d44b4bf2e,922d04aa1f67bbe0270bfad98508f43e,SO62549,5,TT-M928,1,5,db2f6a564b6f5f41253c68874b50962b
17348,64cadfde6f66bc25043d0d69f5ae5471,18f358e551b5b85912bc952ab9894c0d,SO65845,22,FE-6654,1,22,8d1d4829b2e801ba4e41ba48f5a549d4
17348,64cadfde6f66bc25043d0d69f5ae5471,18f358e551b5b85912bc952ab9894c0d,SO65845,64,VE-C304-M,1,64,8d1d4829b2e801ba4e41ba48f5a549d4
17348,b0b2c17e5682f78d8fc262463fd0a4f3,375bde15092f45652b6398c1dff650d0,SO57971,48,GL-H102-L,2,48,5e1b952a22eccca86f7f056a9efb42a4
17348,b0b2c17e5682f78d8fc262463fd0a4f3,375bde15092f45652b6398c1dff650d0,SO57971,105,HL-U509-R,3,105,5e1b952a22eccca86f7f056a9efb42a4
17348,b0b2c17e5682f78d8fc262463fd0a4f3,375bde15092f45652b6398c1dff650d0,SO57971,21,TI-R092,1,21,5e1b952a22eccca86f7f056a9efb42a4
17348,b0b2c17e5682f78d8fc262463fd0a4f3,375bde15092f45652b6398c1dff650d0,SO57971,4,TT-R982,1,4,5e1b952a22eccca86f7f056a9efb42a4
17349,66e56e10b0f528b66a45e307ecdf4774,691ad1b0dca3643b923973defd014d47,SO68575,48,GL-H102-S,2,48,8eb7a1b0dba9fdd5f4248b9cb6b9119b
17349,66e56e10b0f528b66a45e307ecdf4774,691ad1b0dca3643b923973defd014d47,SO68575,105,HL-U509-R,3,105,8eb7a1b0dba9fdd5f4248b9cb6b9119b
17349,66e56e10b0f528b66a45e307ecdf4774,691ad1b0dca3643b923973defd014d47,SO68575,5,WB-H098,1,5,8eb7a1b0dba9fdd5f4248b9cb6b9119b
17350,6d44506d59926d8d13d35f75d97f2a64,deff8ad81a213d1110c1f409a7f40fcd,SO53412,105,HL-U509-R,3,105,f476906875bc5d9abe836b4ea1f485c1
17350,6e32728b966bb91cefefa1316da21ca8,b322422d9a721bbdefa133133dd407c1,SO67698,25,TI-R628,1,25,de5009f9bf3e9725d2381f4a5e913111
17350,6e32728b966bb91cefefa1316da21ca8,b322422d9a721bbdefa133133dd407c1,SO67698,4,TT-R982,1,4,de5009f9bf3e9725d2381f4a5e913111
17350,6e32728b966bb91cefefa1316da21ca8,b322422d9a721bbdefa133133dd407c1,SO67698,64,VE-C304-M,1,64,de5009f9bf3e9725d2381f4a5e913111
17351,305c66634c155cab2b5cc3ce00351eb1,2becb9647677a1a316b388bbad689580,SO62140,4886,BK-R89B-44,2,4886,922d04aa1f67bbe0270bfad98508f43e
17351,305c66634c155cab2b5cc3ce00351eb1,2becb9647677a1a316b388bbad689580,SO62140,48,GL-H102-M,2,48,922d04aa1f67bbe0270bfad98508f43e
17351,305c66634c155cab2b5cc3ce00351eb1,2becb9647677a1a316b388bbad689580,SO62140,105,HL-U509-R,3,105,922d04aa1f67bbe0270bfad98508f43e
17351,305c66634c155cab2b5cc3ce00351eb1,2becb9647677a1a316b388bbad689580,SO62140,33,TI-R982,1,33,922d04aa1f67bbe0270bfad98508f43e
17351,305c66634c155cab2b5cc3ce00351eb1,2becb9647677a1a316b388bbad689580,SO62140,4,TT-R982,1,4,922d04aa1f67bbe0270bfad98508f43e
17351,3a0c86e2d3f9856bab812272b3f829ab,07d14b363438ad842665e35b72cd095b,SO44213,3578,BK-R93R-62,1,3578,2f49cf3cf9904a79c666862bd2c9e3a1
17352,0b2687a4d54329af7fc2df3d9ee1a02b,89426de0285546a41a891a5ec5aae6ae,SO44419,3578,BK-R93R-62,1,3578,b17aa434fc2718b9cd1a0d02141e0641
17352,290499d9b8e65db426ba9b842714eb6d,606ed413481267c98754e3351f662859,SO62673,4886,BK-R89B-58,2,4886,d1024973c3d10f08cb9fa1736e6ed8b7
17353,9913e55755fcc4267a06c1e6adbbc7fb,4a70a3ec50fd16032883bf6fc79c55dd,SO61908,9,BC-R205,1,9,d53f9d33cac0a297449a74a10d031570
17353,9913e55755fcc4267a06c1e6adbbc7fb,4a70a3ec50fd16032883bf6fc79c55dd,SO61908,4886,BK-R89R-58,2,4886,d53f9d33cac0a297449a74a10d031570
17353,9913e55755fcc4267a06c1e6adbbc7fb,4a70a3ec50fd16032883bf6fc79c55dd,SO61908,5,WB-H098,1,5,d53f9d33cac0a297449a74a10d031570
17353,dead1d7c916f42221e22a897aa6fc980,9f8987003453fd37ae135a87e6b756b8,SO44390,3578,BK-R93R-56,1,3578,9d0c5a1a95274b55fd3f6fd19fd273ae
17354,1ec57de0d40386e4f2460c44e1041294,e43c329598651187dc896f473b960062,SO44340,3578,BK-R93R-56,1,3578,9f8987003453fd37ae135a87e6b756b8
17354,305c66634c155cab2b5cc3ce00351eb1,2becb9647677a1a316b388bbad689580,SO62139,4886,BK-R89B-52,2,4886,922d04aa1f67bbe0270bfad98508f43e
17354,305c66634c155cab2b5cc3ce00351eb1,2becb9647677a1a316b388bbad689580,SO62139,8,CL-9009,1,8,922d04aa1f67bbe0270bfad98508f43e
17355,d945ec2aae74dbfb829453026b91c235,348f48807f500aeac729fb17d9bc97f1,SO61317,22,FE-6654,1,22,eef21e68ecca703bb338920b950f203c
17355,eba6cab7267f82e3b2a063d5ea445bb9,73b2264d673ee7b5b2e7e165020516ac,SO58029,48,GL-H102-M,2,48,02ad1a5ca18e58629b8c1d6a6401d071
17356,54d3ba66c5e71d3112695b882ca2030e,e4b40b4ba619c72ec5a69caad258d393,SO74571,27,CA-1098,3,27,40eee601514259a9632d510ca71226cc
17356,54d3ba66c5e71d3112695b882ca2030e,e4b40b4ba619c72ec5a69caad258d393,SO74571,5,WB-H098,1,5,40eee601514259a9632d510ca71226cc
17357,a8ef76a01442567fb64eb6f4408a9835,427ed6396fba4ed8ead9ec3229517d2b,SO56875,5,WB-H098,1,5,eba5233d2dd8ea5031e646882335ece0
17358,f108e0cd2f96a0c22086f9d45ee08f19,ad0b7f5ad35732646f1e5f67418d5995,SO60177,1701,BK-R79Y-42,1,1701,7983129d9883ebc3b9dce3311996b001
17358,f108e0cd2f96a0c22086f9d45ee08f19,ad0b7f5ad35732646f1e5f67418d5995,SO60177,2,PK-7098,1,2,7983129d9883ebc3b9dce3311996b001
17358,f108e0cd2f96a0c22086f9d45ee08f19,ad0b7f5ad35732646f1e5f67418d5995,SO60177,25,TI-R628,1,25,7983129d9883ebc3b9dce3311996b001
17359,3f20f21c57e09a6c071e44d1fe74b58a,9b98d27287b27eeee9ebc06e1d5a9a8d,SO53894,105,HL-U509,3,105,51c449e55b4a63a16fb45beb689150d5
17359,3f20f21c57e09a6c071e44d1fe74b58a,9b98d27287b27eeee9ebc06e1d5a9a8d,SO53894,5,WB-H098,1,5,51c449e55b4a63a16fb45beb689150d5
17360,5432d51ee94799c0125bb158c8a8bd22,545a3d56d20b22e09aa85bfa5ed8738d,SO73131,10,BC-M005,1,10,9592b44e2c3f304a9875f45537bec6eb
17360,5432d51ee94799c0125bb158c8a8bd22,545a3d56d20b22e09aa85bfa5ed8738d,SO73131,5,WB-H098,1,5,9592b44e2c3f304a9875f45537bec6eb
17360,640540d73b85c3ecd2e3bf5541686e87,eba6cab7267f82e3b2a063d5ea445bb9,SO58727,8,CL-9009,1,8,d630b2db6e8046e30b4728ca862ba4e1
17360,640540d73b85c3ecd2e3bf5541686e87,eba6cab7267f82e3b2a063d5ea445bb9,SO58727,2,PK-7098,1,2,d630b2db6e8046e30b4728ca862ba4e1
17360,640540d73b85c3ecd2e3bf5541686e87,eba6cab7267f82e3b2a063d5ea445bb9,SO58727,25,TI-M267,1,25,d630b2db6e8046e30b4728ca862ba4e1
17360,8d1d4829b2e801ba4e41ba48f5a549d4,a6d37e298c3042e300813f55a17e0875,SO65539,22,FE-6654,1,22,ccf89c691dabb1412404274596922d90
17360,8d1d4829b2e801ba4e41ba48f5a549d4,a6d37e298c3042e300813f55a17e0875,SO65539,150,LJ-0192-S,3,150,ccf89c691dabb1412404274596922d90
17361,9a95fdf4e925d9cbd65f87b5aa4ac212,478ecc8cdaa127c33884d9f6c72c2cd5,SO59643,1701,BK-R79Y-44,1,1701,9e8cbc3edbb5efb3f48d6afb260e4725
17361,9a95fdf4e925d9cbd65f87b5aa4ac212,478ecc8cdaa127c33884d9f6c72c2cd5,SO59643,150,LJ-0192-X,3,150,9e8cbc3edbb5efb3f48d6afb260e4725
17361,9a95fdf4e925d9cbd65f87b5aa4ac212,478ecc8cdaa127c33884d9f6c72c2cd5,SO59643,9,SO-R809-M,1,9,9e8cbc3edbb5efb3f48d6afb260e4725
17362,921bc92a493b53f98f24e6a8a12801be,17520f5649fab40fb66771362888cb90,SO71465,10,BC-M005,1,10,6a8d7e42bb852c45fbf8610361d391a0
17362,921bc92a493b53f98f24e6a8a12801be,17520f5649fab40fb66771362888cb90,SO71465,4590,BK-M68B-46,2,4590,6a8d7e42bb852c45fbf8610361d391a0
17362,921bc92a493b53f98f24e6a8a12801be,17520f5649fab40fb66771362888cb90,SO71465,5,WB-H098,1,5,6a8d7e42bb852c45fbf8610361d391a0
17363,8fa3bab223bec6501ad71f96bb1067b6,b95a9f47dd73bb9b799a31ae04ee7da1,SO70854,4640,BK-M68S-42,2,4640,1556bafff387fc8f2f6fef64c1daa6bc
17363,8fa3bab223bec6501ad71f96bb1067b6,b95a9f47dd73bb9b799a31ae04ee7da1,SO70854,22,FE-6654,1,22,1556bafff387fc8f2f6fef64c1daa6bc
17364,2797a91b25bc2aa85124c99bc574dc83,86bfb8ffc7a79e52d833cedce4d275bf,SO71066,4590,BK-M68B-38,2,4590,a9adf65abbb865184bf924d14a93d0c4
17364,2797a91b25bc2aa85124c99bc574dc83,86bfb8ffc7a79e52d833cedce4d275bf,SO71066,22,FE-6654,1,22,a9adf65abbb865184bf924d14a93d0c4
17364,2797a91b25bc2aa85124c99bc574dc83,86bfb8ffc7a79e52d833cedce4d275bf,SO71066,105,HL-U509,3,105,a9adf65abbb865184bf924d14a93d0c4
17365,17520f5649fab40fb66771362888cb90,1faee5670542865e021595151379fe5c,SO70644,10,BC-M005,1,10,3f72b837978dcd042b73e7270f11a4ca
17365,17520f5649fab40fb66771362888cb90,1faee5670542865e021595151379fe5c,SO70644,4640,BK-M68S-42,2,4640,3f72b837978dcd042b73e7270f11a4ca
17365,17520f5649fab40fb66771362888cb90,1faee5670542865e021595151379fe5c,SO70644,105,HL-U509,3,105,3f72b837978dcd042b73e7270f11a4ca
17365,17520f5649fab40fb66771362888cb90,1faee5670542865e021595151379fe5c,SO70644,5,WB-H098,1,5,3f72b837978dcd042b73e7270f11a4ca
17366,6d338b8c41c717c4336ad0084a80dca4,9223b53f03a405f817e91392f0294f6a,SO54448,105,HL-U509-R,3,105,40e7dd73b09eac540e790daf6fac41af
17366,6d338b8c41c717c4336ad0084a80dca4,9223b53f03a405f817e91392f0294f6a,SO54448,5,WB-H098,1,5,40e7dd73b09eac540e790daf6fac41af
17367,39fe373cdcb4534addde73890415b660,41fc4cb27e0ee552c4c9247e1a476cc5,SO55890,64,VE-C304-M,1,64,3519c8eb4095dbc69d80eb61856d3435
17367,39fe373cdcb4534addde73890415b660,41fc4cb27e0ee552c4c9247e1a476cc5,SO55890,5,WB-H098,1,5,3519c8eb4095dbc69d80eb61856d3435
17368,f5933feadc49c253e4f0e77b236946e9,0b80ce5eab877cae9997209e0bee6e60,SO52431,5,WB-H098,1,5,b8cc77f0099ae7d3a20b9f0b74d70b12
17369,d6ec5bff1a0809822c740ce35792fa7a,db2b287636ac5ebda430de4f3f643b24,SO52593,2,PK-7098,1,2,6be9692276a308e4b872323af1ad8fe2
17369,d6ec5bff1a0809822c740ce35792fa7a,db2b287636ac5ebda430de4f3f643b24,SO52593,5,TT-M928,1,5,6be9692276a308e4b872323af1ad8fe2
17370,8c92537f80bd1503ecbc8b76072cc053,21a8a8728571572bbc42a5a3bdaf9f1c,SO44443,3578,BK-R93R-62,1,3578,0b2687a4d54329af7fc2df3d9ee1a02b
17370,c660dc308b247ce08aeecd155306bae0,e7df1b3ee078bdcfc260a877f321287d,SO59963,2240,BK-R64Y-44,2,2240,9a95fdf4e925d9cbd65f87b5aa4ac212
17370,c660dc308b247ce08aeecd155306bae0,e7df1b3ee078bdcfc260a877f321287d,SO59963,105,HL-U509-B,3,105,9a95fdf4e925d9cbd65f87b5aa4ac212
17370,c660dc308b247ce08aeecd155306bae0,e7df1b3ee078bdcfc260a877f321287d,SO59963,9,SO-R809-L,1,9,9a95fdf4e925d9cbd65f87b5aa4ac212
17371,5c741aa8e0753be65314a304e7b39c14,d945ec2aae74dbfb829453026b91c235,SO62041,105,HL-U509-R,3,105,7ee641303ef8d8b10d0ed00a060c73cc
17371,5c741aa8e0753be65314a304e7b39c14,d945ec2aae74dbfb829453026b91c235,SO62041,25,TI-M267,1,25,7ee641303ef8d8b10d0ed00a060c73cc
17371,5c741aa8e0753be65314a304e7b39c14,d945ec2aae74dbfb829453026b91c235,SO62041,5,TT-M928,1,5,7ee641303ef8d8b10d0ed00a060c73cc
17371,9592b44e2c3f304a9875f45537bec6eb,a9cd7a99d71cca9cb644010050374ade,SO72743,10,BC-M005,1,10,b2ce0ef2540789e8a6976165b6c917d8
17371,9592b44e2c3f304a9875f45537bec6eb,a9cd7a99d71cca9cb644010050374ade,SO72743,5,WB-H098,1,5,b2ce0ef2540789e8a6976165b6c917d8
17371,d53f9d33cac0a297449a74a10d031570,e0bcd0ff3072dfe15609d6be1529b0b8,SO61575,22,FE-6654,1,22,4cc27df81afd686c0420394e090460cb
17371,d53f9d33cac0a297449a74a10d031570,e0bcd0ff3072dfe15609d6be1529b0b8,SO61575,150,LJ-0192-L,3,150,4cc27df81afd686c0420394e090460cb
17372,05e7920e8caf0303dc01b77666952b75,eea5b3bd1bd5d5c62a1d22f78d3ba263,SO66254,1701,BK-R79Y-48,1,1701,3a2f313512bb520c43971e54ba834dec
17372,05e7920e8caf0303dc01b77666952b75,eea5b3bd1bd5d5c62a1d22f78d3ba263,SO66254,25,TI-R628,1,25,3a2f313512bb520c43971e54ba834dec
17372,05e7920e8caf0303dc01b77666952b75,eea5b3bd1bd5d5c62a1d22f78d3ba263,SO66254,4,TT-R982,1,4,3a2f313512bb520c43971e54ba834dec
17373,f88b3743a9ce1f9455b6de69380b486a,64cadfde6f66bc25043d0d69f5ae5471,SO66632,1701,BK-R79Y-40,1,1701,3dc63b2d6dcc8f0b6720b06b5439a0b1
17373,f88b3743a9ce1f9455b6de69380b486a,64cadfde6f66bc25043d0d69f5ae5471,SO66632,105,HL-U509,3,105,3dc63b2d6dcc8f0b6720b06b5439a0b1
17374,5e9b4970006d8f02ba0bc1763fa8b9a6,b2e85aa5f9c095607e638c7e6e2c694b,SO51937,48,GL-H102-M,2,48,ca510b577b53d588f80b4fc76030ea52
17374,5e9b4970006d8f02ba0bc1763fa8b9a6,b2e85aa5f9c095607e638c7e6e2c694b,SO51937,105,HL-U509-R,3,105,ca510b577b53d588f80b4fc76030ea52
17374,5e9b4970006d8f02ba0bc1763fa8b9a6,b2e85aa5f9c095607e638c7e6e2c694b,SO51937,25,TI-M267,1,25,ca510b577b53d588f80b4fc76030ea52
17374,5e9b4970006d8f02ba0bc1763fa8b9a6,b2e85aa5f9c095607e638c7e6e2c694b,SO51937,5,TT-M928,1,5,ca510b577b53d588f80b4fc76030ea52
17374,606ed413481267c98754e3351f662859,4ddc8821c34bceaf3dba4a18741acca3,SO61946,10,BC-M005,1,10,f8025d3776b5f7522a6120cb4e9e0783
17374,606ed413481267c98754e3351f662859,4ddc8821c34bceaf3dba4a18741acca3,SO61946,22,FE-6654,1,22,f8025d3776b5f7522a6120cb4e9e0783
17374,606ed413481267c98754e3351f662859,4ddc8821c34bceaf3dba4a18741acca3,SO61946,2,PK-7098,1,2,f8025d3776b5f7522a6120cb4e9e0783
17374,606ed413481267c98754e3351f662859,4ddc8821c34bceaf3dba4a18741acca3,SO61946,5,WB-H098,1,5,f8025d3776b5f7522a6120cb4e9e0783
17374,9913e55755fcc4267a06c1e6adbbc7fb,4a70a3ec50fd16032883bf6fc79c55dd,SO61873,10,BC-M005,1,10,d53f9d33cac0a297449a74a10d031570
17374,9913e55755fcc4267a06c1e6adbbc7fb,4a70a3ec50fd16032883bf6fc79c55dd,SO61873,8,CL-9009,1,8,d53f9d33cac0a297449a74a10d031570
17374,9913e55755fcc4267a06c1e6adbbc7fb,4a70a3ec50fd16032883bf6fc79c55dd,SO61873,55,HY-1023-70,1,55,d53f9d33cac0a297449a74a10d031570
17374,9913e55755fcc4267a06c1e6adbbc7fb,4a70a3ec50fd16032883bf6fc79c55dd,SO61873,5,WB-H098,1,5,d53f9d33cac0a297449a74a10d031570
17375,6583882ca853d66524856501b27519f5,1ba7e8cdf85da6cf5e11554703236b52,SO74309,22,FE-6654,1,22,d27974ca95fd620ac92cf95bf8c1d1f2
17375,a976f17830aceaaa93d5daef0bc209a3,d9f7611cf8d29b48a1d3d8fddb8c5b2e,SO57489,48,GL-H102-S,2,48,0e23f371129aecc6b2033620b226f8d7
17376,ccb91034934bb047c5f6a32eb289b95b,640540d73b85c3ecd2e3bf5541686e87,SO59734,5,WB-H098,1,5,3ebfce6ccd7540a632ae7e6ad8100c29
17377,7acd252f45ad6fe668386456a673d543,0120f4004ede1143c3be6caa4227affe,SO67168,5,WB-H098,1,5,b322422d9a721bbdefa133133dd407c1
17378,bb858b10001c01aea17b4e635d0662a2,d612b5fb3f6011688fb0c9927693365a,SO74767,105,HL-U509,3,105,2fb09097185e604aaadbfde958fd6262
17378,bb858b10001c01aea17b4e635d0662a2,d612b5fb3f6011688fb0c9927693365a,SO74767,5,WB-H098,1,5,2fb09097185e604aaadbfde958fd6262
17379,226d694fb4b7f71d62444f9528be8704,714597fe9448176d17876617114a65bc,SO54002,120,RA-H123,1,120,9444f850ff0c10a862b4a6a9c4ab0a74
17379,226d694fb4b7f71d62444f9528be8704,714597fe9448176d17876617114a65bc,SO54002,5,WB-H098,1,5,9444f850ff0c10a862b4a6a9c4ab0a74
17380,dba3e44e23a1d2c2f299811e94db7fce,51c449e55b4a63a16fb45beb689150d5,SO54283,105,HL-U509-R,3,105,226d694fb4b7f71d62444f9528be8704
17380,dba3e44e23a1d2c2f299811e94db7fce,51c449e55b4a63a16fb45beb689150d5,SO54283,5,WB-H098,1,5,226d694fb4b7f71d62444f9528be8704
17381,072bf847aeeee970f66483e596496cd9,cfceb7490eff6e660974507be7c579c6,SO52620,8,CL-9009,1,8,dca79d69a6b38e95c4b03bfab997796c
17381,072bf847aeeee970f66483e596496cd9,cfceb7490eff6e660974507be7c579c6,SO52620,22,FE-6654,1,22,dca79d69a6b38e95c4b03bfab997796c
17381,072bf847aeeee970f66483e596496cd9,cfceb7490eff6e660974507be7c579c6,SO52620,159,ST-1401,1,159,dca79d69a6b38e95c4b03bfab997796c
17381,5728955fc583cbfd901d0ba25cb20f92,db10519e66d9a7b809b91935ad1a696d,SO74852,159,ST-1401,1,159,01e8942a5792053a553c4612bd6c06a6
17382,e5114f65ece65e14e7b721dab1e674e0,c7390752782466cfc9a3ed7d3a79e046,SO68706,48,GL-H102-S,2,48,fe1fd19c021e78ec395980c2e347865e
17382,e5114f65ece65e14e7b721dab1e674e0,c7390752782466cfc9a3ed7d3a79e046,SO68706,5,WB-H098,1,5,fe1fd19c021e78ec395980c2e347865e
17383,2296af5563b2061aa1d88124a37eecb7,6866da5d40f1aad2d82129d5ffa25bda,SO66529,2,PK-7098,1,2,05e7920e8caf0303dc01b77666952b75
17383,2296af5563b2061aa1d88124a37eecb7,6866da5d40f1aad2d82129d5ffa25bda,SO66529,5,WB-H098,1,5,05e7920e8caf0303dc01b77666952b75
17384,c926349b55a58d87d7d5008c349fd1e9,9e8cbc3edbb5efb3f48d6afb260e4725,SO60115,1701,BK-R79Y-44,1,1701,ccb91034934bb047c5f6a32eb289b95b
17384,c926349b55a58d87d7d5008c349fd1e9,9e8cbc3edbb5efb3f48d6afb260e4725,SO60115,48,GL-H102-S,2,48,ccb91034934bb047c5f6a32eb289b95b
17384,c926349b55a58d87d7d5008c349fd1e9,9e8cbc3edbb5efb3f48d6afb260e4725,SO60115,105,HL-U509-R,3,105,ccb91034934bb047c5f6a32eb289b95b
17385,3e07f09fb2edbdf0bf6a54c17634514b,dca79d69a6b38e95c4b03bfab997796c,SO52982,105,HL-U509,3,105,c375f33d72ca7161f341c2726e82d67a
17385,3e07f09fb2edbdf0bf6a54c17634514b,dca79d69a6b38e95c4b03bfab997796c,SO52982,30,TI-M602,1,30,c375f33d72ca7161f341c2726e82d67a
17385,3e07f09fb2edbdf0bf6a54c17634514b,dca79d69a6b38e95c4b03bfab997796c,SO52982,5,TT-M928,1,5,c375f33d72ca7161f341c2726e82d67a
17385,702a02712215141594ddf8e52b0a651c,cd15e5f80ff20dd345bfaa51400dd0d6,SO67540,10,BC-M005,1,10,caa707f97407c07371136aaf471a91d4
17385,702a02712215141594ddf8e52b0a651c,cd15e5f80ff20dd345bfaa51400dd0d6,SO67540,22,FE-6654,1,22,caa707f97407c07371136aaf471a91d4
17385,702a02712215141594ddf8e52b0a651c,cd15e5f80ff20dd345bfaa51400dd0d6,SO67540,48,GL-H102-S,2,48,caa707f97407c07371136aaf471a91d4
17385,702a02712215141594ddf8e52b0a651c,cd15e5f80ff20dd345bfaa51400dd0d6,SO67540,150,LJ-0192-S,3,150,caa707f97407c07371136aaf471a91d4
17385,702a02712215141594ddf8e52b0a651c,cd15e5f80ff20dd345bfaa51400dd0d6,SO67540,5,WB-H098,1,5,caa707f97407c07371136aaf471a91d4
17385,fe1fd19c021e78ec395980c2e347865e,16e364d19895243407b256ec272d5394,SO68354,2,PK-7098,1,2,63efdd3324df66c9965bd622cdebe06a
17385,fe1fd19c021e78ec395980c2e347865e,16e364d19895243407b256ec272d5394,SO68354,25,TI-M267,1,25,63efdd3324df66c9965bd622cdebe06a
17386,c926349b55a58d87d7d5008c349fd1e9,9e8cbc3edbb5efb3f48d6afb260e4725,SO60116,1701,BK-R79Y-42,1,1701,ccb91034934bb047c5f6a32eb289b95b
17386,c926349b55a58d87d7d5008c349fd1e9,9e8cbc3edbb5efb3f48d6afb260e4725,SO60116,105,HL-U509-R,3,105,ccb91034934bb047c5f6a32eb289b95b
17387,3519c8eb4095dbc69d80eb61856d3435,6e5c4b769f8f70f9fd01b24ba5be9695,SO55569,10,BC-M005,1,10,d6ab5a0eee939524352092b964d92b84
17387,3519c8eb4095dbc69d80eb61856d3435,6e5c4b769f8f70f9fd01b24ba5be9695,SO55569,27,CA-1098,3,27,d6ab5a0eee939524352092b964d92b84
17387,3519c8eb4095dbc69d80eb61856d3435,6e5c4b769f8f70f9fd01b24ba5be9695,SO55569,25,TI-M267,1,25,d6ab5a0eee939524352092b964d92b84
17387,3519c8eb4095dbc69d80eb61856d3435,6e5c4b769f8f70f9fd01b24ba5be9695,SO55569,5,TT-M928,1,5,d6ab5a0eee939524352092b964d92b84
17387,3519c8eb4095dbc69d80eb61856d3435,6e5c4b769f8f70f9fd01b24ba5be9695,SO55569,5,WB-H098,1,5,d6ab5a0eee939524352092b964d92b84
17387,9b98d27287b27eeee9ebc06e1d5a9a8d,0dc34ca2aaa8612cde077f1880b78b25,SO53118,22,FE-6654,1,22,18bea060239713ee5f865109f63f3a8a
17387,9b98d27287b27eeee9ebc06e1d5a9a8d,0dc34ca2aaa8612cde077f1880b78b25,SO53118,105,HL-U509-R,3,105,18bea060239713ee5f865109f63f3a8a
17387,d6ab5a0eee939524352092b964d92b84,106dfbaf552c07a1b08d065f2c343982,SO55195,2,PK-7098,1,2,3c4bf68562424c26986beae6ce13704a
17387,d6ab5a0eee939524352092b964d92b84,106dfbaf552c07a1b08d065f2c343982,SO55195,30,TI-M602,1,30,3c4bf68562424c26986beae6ce13704a
17387,d6ab5a0eee939524352092b964d92b84,106dfbaf552c07a1b08d065f2c343982,SO55195,5,TT-M928,1,5,3c4bf68562424c26986beae6ce13704a
17388,93ddc10d6cf61153011df052aa76671f,7299e51cfc0d5174743a6701a8a96488,SO65676,1701,BK-R79Y-42,1,1701,02b96ab6e0935145589be4e1408a1675
17388,93ddc10d6cf61153011df052aa76671f,7299e51cfc0d5174743a6701a8a96488,SO65676,27,CA-1098,3,27,02b96ab6e0935145589be4e1408a1675
17388,93ddc10d6cf61153011df052aa76671f,7299e51cfc0d5174743a6701a8a96488,SO65676,54,SJ-0194-M,1,54,02b96ab6e0935145589be4e1408a1675
17389,254d832c83ccdb2c33eab65a4fd196ff,75fe8d7dec9d2a51be64595ab37dc674,SO59571,1701,BK-R79Y-42,1,1701,4a800301260b2639fa1ec3efafb5f86c
17389,254d832c83ccdb2c33eab65a4fd196ff,75fe8d7dec9d2a51be64595ab37dc674,SO59571,48,GL-H102-M,2,48,4a800301260b2639fa1ec3efafb5f86c
17389,254d832c83ccdb2c33eab65a4fd196ff,75fe8d7dec9d2a51be64595ab37dc674,SO59571,54,SJ-0194-M,1,54,4a800301260b2639fa1ec3efafb5f86c
17390,5abaefcc8525a8f4cfd95cba9e926532,fde67888c64f701b59876ec559099b3e,SO57652,105,HL-U509-R,3,105,73b2264d673ee7b5b2e7e165020516ac
17390,5abaefcc8525a8f4cfd95cba9e926532,fde67888c64f701b59876ec559099b3e,SO57652,5,WB-H098,1,5,73b2264d673ee7b5b2e7e165020516ac
17391,77a2a0387f57f7477e6ad3b5f0bb3093,6cf9e035d2f1d8ffe1b9f2f96a9e7a3a,SO75012,5,WB-H098,1,5,5728955fc583cbfd901d0ba25cb20f92
17392,3519c8eb4095dbc69d80eb61856d3435,6e5c4b769f8f70f9fd01b24ba5be9695,SO55577,27,CA-1098,3,27,d6ab5a0eee939524352092b964d92b84
17392,3519c8eb4095dbc69d80eb61856d3435,6e5c4b769f8f70f9fd01b24ba5be9695,SO55577,5,WB-H098,1,5,d6ab5a0eee939524352092b964d92b84
17393,8fa3bab223bec6501ad71f96bb1067b6,b95a9f47dd73bb9b799a31ae04ee7da1,SO70855,4640,BK-M68S-46,2,4640,1556bafff387fc8f2f6fef64c1daa6bc
17393,8fa3bab223bec6501ad71f96bb1067b6,b95a9f47dd73bb9b799a31ae04ee7da1,SO70855,8,CL-9009,1,8,1556bafff387fc8f2f6fef64c1daa6bc
17393,8fa3bab223bec6501ad71f96bb1067b6,b95a9f47dd73bb9b799a31ae04ee7da1,SO70855,22,FE-6654,1,22,1556bafff387fc8f2f6fef64c1daa6bc
17393,8fa3bab223bec6501ad71f96bb1067b6,b95a9f47dd73bb9b799a31ae04ee7da1,SO70855,55,HY-1023-70,1,55,1556bafff387fc8f2f6fef64c1daa6bc
17394,705fa39ab40831529471c768490339ab,63efdd3324df66c9965bd622cdebe06a,SO68843,64,VE-C304-M,1,64,4584ca349e0920f4436a3c2f36158b85
17394,705fa39ab40831529471c768490339ab,63efdd3324df66c9965bd622cdebe06a,SO68843,5,WB-H098,1,5,4584ca349e0920f4436a3c2f36158b85
17395,18f358e551b5b85912bc952ab9894c0d,abe94c2111c58e9c9672602d41bce66e,SO64917,5,WB-H098,1,5,a6d37e298c3042e300813f55a17e0875
17396,4cc27df81afd686c0420394e090460cb,39ff8ac1e8a44088f96e17b846ec8baf,SO61294,8,CL-9009,1,8,6477c205c5117a9448ba863e111acf32
17396,4cc27df81afd686c0420394e090460cb,39ff8ac1e8a44088f96e17b846ec8baf,SO61294,5,WB-H098,1,5,6477c205c5117a9448ba863e111acf32
17397,640540d73b85c3ecd2e3bf5541686e87,eba6cab7267f82e3b2a063d5ea445bb9,SO58734,105,HL-U509-B,3,105,d630b2db6e8046e30b4728ca862ba4e1
17397,640540d73b85c3ecd2e3bf5541686e87,eba6cab7267f82e3b2a063d5ea445bb9,SO58734,5,WB-H098,1,5,d630b2db6e8046e30b4728ca862ba4e1
17398,99c8f306659fd98cbb9d7f03ec0c2a7a,705fa39ab40831529471c768490339ab,SO69915,4640,BK-M68S-46,2,4640,fff3c307c93eda1eb91d53ca588846fe
17398,99c8f306659fd98cbb9d7f03ec0c2a7a,705fa39ab40831529471c768490339ab,SO69915,105,HL-U509,3,105,fff3c307c93eda1eb91d53ca588846fe
17399,1faee5670542865e021595151379fe5c,e5114f65ece65e14e7b721dab1e674e0,SO69768,4590,BK-M68B-42,2,4590,83d1ed00595e79ee5ea3797e97970fe8
17399,1faee5670542865e021595151379fe5c,e5114f65ece65e14e7b721dab1e674e0,SO69768,22,FE-6654,1,22,83d1ed00595e79ee5ea3797e97970fe8
17399,1faee5670542865e021595151379fe5c,e5114f65ece65e14e7b721dab1e674e0,SO69768,150,LJ-0192-S,3,150,83d1ed00595e79ee5ea3797e97970fe8
17400,dfcee565bb2da80a7b76451a5cd314a1,6582aa26281b9a92ad60e6a03e274c00,SO66187,10,BC-M005,1,10,64cadfde6f66bc25043d0d69f5ae5471
17400,dfcee565bb2da80a7b76451a5cd314a1,6582aa26281b9a92ad60e6a03e274c00,SO66187,4590,BK-M68B-38,2,4590,64cadfde6f66bc25043d0d69f5ae5471
17400,dfcee565bb2da80a7b76451a5cd314a1,6582aa26281b9a92ad60e6a03e274c00,SO66187,22,FE-6654,1,22,64cadfde6f66bc25043d0d69f5ae5471
17400,dfcee565bb2da80a7b76451a5cd314a1,6582aa26281b9a92ad60e6a03e274c00,SO66187,5,WB-H098,1,5,64cadfde6f66bc25043d0d69f5ae5471
17401,c4c454d69a39e60a6f5cf2f97148adad,49fce086a31f1cfcf16b54e462f7cbc0,SO71600,4590,BK-M68B-38,2,4590,31c99d724c1f182c60edb82eb4740277
17401,c4c454d69a39e60a6f5cf2f97148adad,49fce086a31f1cfcf16b54e462f7cbc0,SO71600,35,TI-M823,1,35,31c99d724c1f182c60edb82eb4740277
17402,cd15e5f80ff20dd345bfaa51400dd0d6,3a2f313512bb520c43971e54ba834dec,SO66685,10,BC-M005,1,10,4efe8b2ca156042f8a3d8dd6aba54520
17402,cd15e5f80ff20dd345bfaa51400dd0d6,3a2f313512bb520c43971e54ba834dec,SO66685,4590,BK-M68B-42,2,4590,4efe8b2ca156042f8a3d8dd6aba54520
17403,02b96ab6e0935145589be4e1408a1675,58f0b42da53adeeccbfa693883fea672,SO65371,4640,BK-M68S-42,2,4640,b68fd63ca41d49bfc1b18251202c053f
17403,02b96ab6e0935145589be4e1408a1675,58f0b42da53adeeccbfa693883fea672,SO65371,2,PK-7098,1,2,b68fd63ca41d49bfc1b18251202c053f
17404,a1d0c0a14c6c8f8a8ef8220209c23a64,05e7920e8caf0303dc01b77666952b75,SO67011,1701,BK-R79Y-40,1,1701,cd15e5f80ff20dd345bfaa51400dd0d6
17404,a1d0c0a14c6c8f8a8ef8220209c23a64,05e7920e8caf0303dc01b77666952b75,SO67011,27,CA-1098,3,27,cd15e5f80ff20dd345bfaa51400dd0d6
17405,013f173c58073e845f675d26fdde1918,ccb91034934bb047c5f6a32eb289b95b,SO60557,1701,BK-R79Y-40,1,1701,d6fb379288416774d139632beb88e26b
17405,013f173c58073e845f675d26fdde1918,ccb91034934bb047c5f6a32eb289b95b,SO60557,48,GL-H102-L,2,48,d6fb379288416774d139632beb88e26b
17406,6e32728b966bb91cefefa1316da21ca8,b322422d9a721bbdefa133133dd407c1,SO67720,2,PK-7098,1,2,de5009f9bf3e9725d2381f4a5e913111
17406,6e32728b966bb91cefefa1316da21ca8,b322422d9a721bbdefa133133dd407c1,SO67720,5,WB-H098,1,5,de5009f9bf3e9725d2381f4a5e913111
17407,5abaefcc8525a8f4cfd95cba9e926532,fde67888c64f701b59876ec559099b3e,SO57650,150,LJ-0192-M,3,150,73b2264d673ee7b5b2e7e165020516ac
17407,5abaefcc8525a8f4cfd95cba9e926532,fde67888c64f701b59876ec559099b3e,SO57650,5,WB-H098,1,5,73b2264d673ee7b5b2e7e165020516ac
17408,b68fd63ca41d49bfc1b18251202c053f,d4746e41b619da57ee9f1a2e2cc254e8,SO64874,5,WB-H098,1,5,c87874400b9f907bdf9ea37d75a4b341
17409,81a5d08c6beaeec9e42baae5d63dd780,95103530881768b5cfc7e33970db9cd7,SO63331,8,CL-9009,1,8,b210069485754303767745919c328b97
17409,81a5d08c6beaeec9e42baae5d63dd780,95103530881768b5cfc7e33970db9cd7,SO63331,22,FE-6654,1,22,b210069485754303767745919c328b97
17409,81a5d08c6beaeec9e42baae5d63dd780,95103530881768b5cfc7e33970db9cd7,SO63331,120,RA-H123,1,120,b210069485754303767745919c328b97
17409,de5009f9bf3e9725d2381f4a5e913111,2296af5563b2061aa1d88124a37eecb7,SO67367,70,SH-W890-S,1,70,a1d0c0a14c6c8f8a8ef8220209c23a64
17410,606ed413481267c98754e3351f662859,4ddc8821c34bceaf3dba4a18741acca3,SO61934,48,GL-H102-S,2,48,f8025d3776b5f7522a6120cb4e9e0783
17410,606ed413481267c98754e3351f662859,4ddc8821c34bceaf3dba4a18741acca3,SO61934,150,LJ-0192-X,3,150,f8025d3776b5f7522a6120cb4e9e0783
17410,606ed413481267c98754e3351f662859,4ddc8821c34bceaf3dba4a18741acca3,SO61934,70,SH-W890-S,1,70,f8025d3776b5f7522a6120cb4e9e0783
17410,64cadfde6f66bc25043d0d69f5ae5471,18f358e551b5b85912bc952ab9894c0d,SO65847,22,FE-6654,1,22,8d1d4829b2e801ba4e41ba48f5a549d4
17410,64cadfde6f66bc25043d0d69f5ae5471,18f358e551b5b85912bc952ab9894c0d,SO65847,2,PK-7098,1,2,8d1d4829b2e801ba4e41ba48f5a549d4
17411,962bae2fb03296a3b9cacabfa929322c,0da2bc000f1fe4ea8746f9aea0bb5879,SO69127,22,FE-6654,1,22,c4369eefdf9bb8a3f9115e96b40aaf17
17411,962bae2fb03296a3b9cacabfa929322c,0da2bc000f1fe4ea8746f9aea0bb5879,SO69127,64,VE-C304-S,1,64,c4369eefdf9bb8a3f9115e96b40aaf17
17411,a6d37e298c3042e300813f55a17e0875,99b7e934795a93975a5e0c0b9b57d9ba,SO64636,70,SH-W890-S,1,70,b0241b451647f25db5f52074445d820c
17412,a9adf65abbb865184bf924d14a93d0c4,ec24e4cf9fcc90f3bbe81b2fb3735c21,SO70720,4590,BK-M68B-42,2,4590,e0cd1349b4c6e1b5f14ed427e358c2d0
17412,a9adf65abbb865184bf924d14a93d0c4,ec24e4cf9fcc90f3bbe81b2fb3735c21,SO70720,120,RA-H123,1,120,e0cd1349b4c6e1b5f14ed427e358c2d0
17413,a9adf65abbb865184bf924d14a93d0c4,ec24e4cf9fcc90f3bbe81b2fb3735c21,SO70721,10,BC-M005,1,10,e0cd1349b4c6e1b5f14ed427e358c2d0
17413,a9adf65abbb865184bf924d14a93d0c4,ec24e4cf9fcc90f3bbe81b2fb3735c21,SO70721,4640,BK-M68S-46,2,4640,e0cd1349b4c6e1b5f14ed427e358c2d0
17413,a9adf65abbb865184bf924d14a93d0c4,ec24e4cf9fcc90f3bbe81b2fb3735c21,SO70721,27,CA-1098,3,27,e0cd1349b4c6e1b5f14ed427e358c2d0
17413,a9adf65abbb865184bf924d14a93d0c4,ec24e4cf9fcc90f3bbe81b2fb3735c21,SO70721,22,FE-6654,1,22,e0cd1349b4c6e1b5f14ed427e358c2d0
17413,a9adf65abbb865184bf924d14a93d0c4,ec24e4cf9fcc90f3bbe81b2fb3735c21,SO70721,5,WB-H098,1,5,e0cd1349b4c6e1b5f14ed427e358c2d0
17414,e84848120190a8d0e696fbeb15647a74,fff3c307c93eda1eb91d53ca588846fe,SO70429,4590,BK-M68B-46,2,4590,f544b472453b297a8b55709fbfd3746d
17415,8728a5e296f39e49d2fa74c31820e99f,66e56e10b0f528b66a45e307ecdf4774,SO69620,4590,BK-M68B-42,2,4590,3fe686907939d07097f6c87f08025422
17415,8728a5e296f39e49d2fa74c31820e99f,66e56e10b0f528b66a45e307ecdf4774,SO69620,2,PK-7098,1,2,3fe686907939d07097f6c87f08025422
17416,8728a5e296f39e49d2fa74c31820e99f,66e56e10b0f528b66a45e307ecdf4774,SO69621,4590,BK-M68B-38,2,4590,3fe686907939d07097f6c87f08025422
17416,8728a5e296f39e49d2fa74c31820e99f,66e56e10b0f528b66a45e307ecdf4774,SO69621,22,FE-6654,1,22,3fe686907939d07097f6c87f08025422
17416,8728a5e296f39e49d2fa74c31820e99f,66e56e10b0f528b66a45e307ecdf4774,SO69621,54,SJ-0194-X,1,54,3fe686907939d07097f6c87f08025422
17417,128ee9ff420de424a605a0ee4a6f7916,fee8e08233f3f00450bce31967abb0f1,SO71409,4640,BK-M68S-42,2,4640,2797a91b25bc2aa85124c99bc574dc83
17417,128ee9ff420de424a605a0ee4a6f7916,fee8e08233f3f00450bce31967abb0f1,SO71409,35,TI-M823,1,35,2797a91b25bc2aa85124c99bc574dc83
17418,73b2264d673ee7b5b2e7e165020516ac,4ceff7612cfa4420892fe23b23ca9265,SO57396,105,HL-U509,3,105,8d71482745a6a1be4fbbc5562ade4657
17418,73b2264d673ee7b5b2e7e165020516ac,4ceff7612cfa4420892fe23b23ca9265,SO57396,5,WB-H098,1,5,8d71482745a6a1be4fbbc5562ade4657
17419,226d694fb4b7f71d62444f9528be8704,714597fe9448176d17876617114a65bc,SO54001,105,HL-U509,3,105,9444f850ff0c10a862b4a6a9c4ab0a74
17419,226d694fb4b7f71d62444f9528be8704,714597fe9448176d17876617114a65bc,SO54001,5,WB-H098,1,5,9444f850ff0c10a862b4a6a9c4ab0a74
17420,58c4ce5b9433e7b6d41793d5a76d5590,1556bafff387fc8f2f6fef64c1daa6bc,SO71324,4640,BK-M68S-42,2,4640,fd5ba6fdeb81e07b2caf0b103489bd8d
17420,58c4ce5b9433e7b6d41793d5a76d5590,1556bafff387fc8f2f6fef64c1daa6bc,SO71324,8,CL-9009,1,8,fd5ba6fdeb81e07b2caf0b103489bd8d
17420,58c4ce5b9433e7b6d41793d5a76d5590,1556bafff387fc8f2f6fef64c1daa6bc,SO71324,2,PK-7098,1,2,fd5ba6fdeb81e07b2caf0b103489bd8d
17420,58c4ce5b9433e7b6d41793d5a76d5590,1556bafff387fc8f2f6fef64c1daa6bc,SO71324,35,TI-M823,1,35,fd5ba6fdeb81e07b2caf0b103489bd8d
17420,58c4ce5b9433e7b6d41793d5a76d5590,1556bafff387fc8f2f6fef64c1daa6bc,SO71324,5,TT-M928,1,5,fd5ba6fdeb81e07b2caf0b103489bd8d
17421,58c4ce5b9433e7b6d41793d5a76d5590,1556bafff387fc8f2f6fef64c1daa6bc,SO71325,4640,BK-M68S-42,2,4640,fd5ba6fdeb81e07b2caf0b103489bd8d
17421,58c4ce5b9433e7b6d41793d5a76d5590,1556bafff387fc8f2f6fef64c1daa6bc,SO71325,22,FE-6654,1,22,fd5ba6fdeb81e07b2caf0b103489bd8d
17421,58c4ce5b9433e7b6d41793d5a76d5590,1556bafff387fc8f2f6fef64c1daa6bc,SO71325,105,HL-U509-B,3,105,fd5ba6fdeb81e07b2caf0b103489bd8d
17422,0149f124a48640c62d90840ac5760331,4555f65c4664801d78b9f5477f89d8fd,SO63401,10,BC-M005,1,10,870bd4f3713260418e4f342f31dc7e33
17422,0149f124a48640c62d90840ac5760331,4555f65c4664801d78b9f5477f89d8fd,SO63401,27,CA-1098,3,27,870bd4f3713260418e4f342f31dc7e33
17422,0149f124a48640c62d90840ac5760331,4555f65c4664801d78b9f5477f89d8fd,SO63401,22,FE-6654,1,22,870bd4f3713260418e4f342f31dc7e33
17422,0149f124a48640c62d90840ac5760331,4555f65c4664801d78b9f5477f89d8fd,SO63401,150,LJ-0192-S,3,150,870bd4f3713260418e4f342f31dc7e33
17422,0149f124a48640c62d90840ac5760331,4555f65c4664801d78b9f5477f89d8fd,SO63401,5,WB-H098,1,5,870bd4f3713260418e4f342f31dc7e33
17422,94c60e0b5e2b0f78b919a5d4c67d70a2,0d15ba5aa4c9ad0377b26e0cf7a86280,SO62193,27,CA-1098,3,27,9913e55755fcc4267a06c1e6adbbc7fb
17422,94c60e0b5e2b0f78b919a5d4c67d70a2,0d15ba5aa4c9ad0377b26e0cf7a86280,SO62193,70,SH-W890-M,1,70,9913e55755fcc4267a06c1e6adbbc7fb
17423,a9adf65abbb865184bf924d14a93d0c4,ec24e4cf9fcc90f3bbe81b2fb3735c21,SO70717,4590,BK-M68B-38,2,4590,e0cd1349b4c6e1b5f14ed427e358c2d0
17423,a9adf65abbb865184bf924d14a93d0c4,ec24e4cf9fcc90f3bbe81b2fb3735c21,SO70717,2,PK-7098,1,2,e0cd1349b4c6e1b5f14ed427e358c2d0
17424,fd5ba6fdeb81e07b2caf0b103489bd8d,e871b36e68b0b3d0af9c742d81fef27a,SO70991,4640,BK-M68S-46,2,4640,17520f5649fab40fb66771362888cb90
17424,fd5ba6fdeb81e07b2caf0b103489bd8d,e871b36e68b0b3d0af9c742d81fef27a,SO70991,35,TI-M823,1,35,17520f5649fab40fb66771362888cb90
17424,fd5ba6fdeb81e07b2caf0b103489bd8d,e871b36e68b0b3d0af9c742d81fef27a,SO70991,5,TT-M928,1,5,17520f5649fab40fb66771362888cb90
17424,fd5ba6fdeb81e07b2caf0b103489bd8d,e871b36e68b0b3d0af9c742d81fef27a,SO70991,64,VE-C304-S,1,64,17520f5649fab40fb66771362888cb90
17425,a9adf65abbb865184bf924d14a93d0c4,ec24e4cf9fcc90f3bbe81b2fb3735c21,SO70713,10,BC-M005,1,10,e0cd1349b4c6e1b5f14ed427e358c2d0
17425,a9adf65abbb865184bf924d14a93d0c4,ec24e4cf9fcc90f3bbe81b2fb3735c21,SO70713,4590,BK-M68B-38,2,4590,e0cd1349b4c6e1b5f14ed427e358c2d0
17425,a9adf65abbb865184bf924d14a93d0c4,ec24e4cf9fcc90f3bbe81b2fb3735c21,SO70713,105,HL-U509,3,105,e0cd1349b4c6e1b5f14ed427e358c2d0
17425,a9adf65abbb865184bf924d14a93d0c4,ec24e4cf9fcc90f3bbe81b2fb3735c21,SO70713,150,LJ-0192-X,3,150,e0cd1349b4c6e1b5f14ed427e358c2d0
17425,a9adf65abbb865184bf924d14a93d0c4,ec24e4cf9fcc90f3bbe81b2fb3735c21,SO70713,5,WB-H098,1,5,e0cd1349b4c6e1b5f14ed427e358c2d0
17426,2d6e054ac82934d489c58cc8399a1628,ce08c22f7777768ce4197eab9727516c,SO60790,5,WB-H098,1,5,348f48807f500aeac729fb17d9bc97f1
17427,921bc92a493b53f98f24e6a8a12801be,17520f5649fab40fb66771362888cb90,SO71463,4590,BK-M68B-46,2,4590,6a8d7e42bb852c45fbf8610361d391a0
17427,921bc92a493b53f98f24e6a8a12801be,17520f5649fab40fb66771362888cb90,SO71463,22,FE-6654,1,22,6a8d7e42bb852c45fbf8610361d391a0
17427,921bc92a493b53f98f24e6a8a12801be,17520f5649fab40fb66771362888cb90,SO71463,55,HY-1023-70,1,55,6a8d7e42bb852c45fbf8610361d391a0
17428,4a800301260b2639fa1ec3efafb5f86c,23f22724b430320654759f8512440ebc,SO59167,105,HL-U509-R,3,105,a189cc17a15cdb4e39e80dfcd8374c76
17428,4a800301260b2639fa1ec3efafb5f86c,23f22724b430320654759f8512440ebc,SO59167,5,WB-H098,1,5,a189cc17a15cdb4e39e80dfcd8374c76
17429,dcf73f840a50da0145f24e8e0169dc4b,2797a91b25bc2aa85124c99bc574dc83,SO72021,5,WB-H098,1,5,d5985f40495ba672dff8a99620b879c8
17430,d630b2db6e8046e30b4728ca862ba4e1,02ad1a5ca18e58629b8c1d6a6401d071,SO58440,5,WB-H098,1,5,07b31bae17c7890b17d79a654aa230cf
17431,106dfbaf552c07a1b08d065f2c343982,3f20f21c57e09a6c071e44d1fe74b58a,SO54558,5,WB-H098,1,5,dba3e44e23a1d2c2f299811e94db7fce
17432,606ed413481267c98754e3351f662859,4ddc8821c34bceaf3dba4a18741acca3,SO61936,5,WB-H098,1,5,f8025d3776b5f7522a6120cb4e9e0783
17433,17520f5649fab40fb66771362888cb90,1faee5670542865e021595151379fe5c,SO70640,4590,BK-M68B-38,2,4590,3f72b837978dcd042b73e7270f11a4ca
17433,17520f5649fab40fb66771362888cb90,1faee5670542865e021595151379fe5c,SO70640,22,FE-6654,1,22,3f72b837978dcd042b73e7270f11a4ca
17433,17520f5649fab40fb66771362888cb90,1faee5670542865e021595151379fe5c,SO70640,48,GL-H102-S,2,48,3f72b837978dcd042b73e7270f11a4ca
17434,b21e833d3ead6056f1265f13fe1ff015,7983129d9883ebc3b9dce3311996b001,SO60588,5,WB-H098,1,5,4804ee33768b143d9706052696f7dfbd
17435,c7390752782466cfc9a3ed7d3a79e046,0001ffe4d82d0d8f9fec5ab0b4faa2db,SO67924,27,CA-1098,3,27,16e364d19895243407b256ec272d5394
17435,c7390752782466cfc9a3ed7d3a79e046,0001ffe4d82d0d8f9fec5ab0b4faa2db,SO67924,54,SJ-0194-S,1,54,16e364d19895243407b256ec272d5394
17435,c7390752782466cfc9a3ed7d3a79e046,0001ffe4d82d0d8f9fec5ab0b4faa2db,SO67924,5,WB-H098,1,5,16e364d19895243407b256ec272d5394
17436,7ee641303ef8d8b10d0ed00a060c73cc,eef21e68ecca703bb338920b950f203c,SO61749,5,WB-H098,1,5,0d15ba5aa4c9ad0377b26e0cf7a86280
17437,9223b53f03a405f817e91392f0294f6a,3e07f09fb2edbdf0bf6a54c17634514b,SO53801,54,SJ-0194-S,1,54,14e4b13c27fb9bce9938ce35b6597eca
17437,9223b53f03a405f817e91392f0294f6a,3e07f09fb2edbdf0bf6a54c17634514b,SO53801,5,WB-H098,1,5,14e4b13c27fb9bce9938ce35b6597eca
17438,8e8847c1bdf012037ee13bb62da8a5c1,c507827aa5f4f6bbedf64058461c621b,SO67228,55,HY-1023-70,1,55,6dd75c28a9a8a39e02bc0a175f82a9f3
17438,8e8847c1bdf012037ee13bb62da8a5c1,c507827aa5f4f6bbedf64058461c621b,SO67228,5,WB-H098,1,5,6dd75c28a9a8a39e02bc0a175f82a9f3
17439,8728a5e296f39e49d2fa74c31820e99f,66e56e10b0f528b66a45e307ecdf4774,SO69618,4640,BK-M68S-46,2,4640,3fe686907939d07097f6c87f08025422
17439,8728a5e296f39e49d2fa74c31820e99f,66e56e10b0f528b66a45e307ecdf4774,SO69618,22,FE-6654,1,22,3fe686907939d07097f6c87f08025422
17440,f75e5f8c15ca91ec5c869dc3881f574f,3a23b248b732af434a45fce0302aa11f,SO63903,5,WB-H098,1,5,03bf7d2a8718ee9aca4bd2f37e962fc4
17441,3db19f5f710f10e90ecc7154c649d60a,f544b472453b297a8b55709fbfd3746d,SO70912,4640,BK-M68S-42,2,4640,fee8e08233f3f00450bce31967abb0f1
17441,3db19f5f710f10e90ecc7154c649d60a,f544b472453b297a8b55709fbfd3746d,SO70912,27,CA-1098,3,27,fee8e08233f3f00450bce31967abb0f1
17441,3db19f5f710f10e90ecc7154c649d60a,f544b472453b297a8b55709fbfd3746d,SO70912,22,FE-6654,1,22,fee8e08233f3f00450bce31967abb0f1
17441,3db19f5f710f10e90ecc7154c649d60a,f544b472453b297a8b55709fbfd3746d,SO70912,54,SJ-0194-L,1,54,fee8e08233f3f00450bce31967abb0f1
17442,3e48b2167bd86ef570e46d0b286c4f74,072bf847aeeee970f66483e596496cd9,SO53255,27,CA-1098,3,27,3e07f09fb2edbdf0bf6a54c17634514b
17442,3e48b2167bd86ef570e46d0b286c4f74,072bf847aeeee970f66483e596496cd9,SO53255,22,FE-6654,1,22,3e07f09fb2edbdf0bf6a54c17634514b
17442,3e48b2167bd86ef570e46d0b286c4f74,072bf847aeeee970f66483e596496cd9,SO53255,105,HL-U509-B,3,105,3e07f09fb2edbdf0bf6a54c17634514b
17442,3e48b2167bd86ef570e46d0b286c4f74,072bf847aeeee970f66483e596496cd9,SO53255,54,SJ-0194-X,1,54,3e07f09fb2edbdf0bf6a54c17634514b
17442,3e48b2167bd86ef570e46d0b286c4f74,072bf847aeeee970f66483e596496cd9,SO53255,30,TI-M602,1,30,3e07f09fb2edbdf0bf6a54c17634514b
17442,3e48b2167bd86ef570e46d0b286c4f74,072bf847aeeee970f66483e596496cd9,SO53255,5,TT-M928,1,5,3e07f09fb2edbdf0bf6a54c17634514b
17442,5cbbe853aa1a5a1370f9a614904c4b15,86e0fc464cbb08ae74bd039224afec9a,SO73592,21,TI-R092,1,21,47a161474962a6dcc03cfa64127a641f
17442,5cbbe853aa1a5a1370f9a614904c4b15,86e0fc464cbb08ae74bd039224afec9a,SO73592,4,TT-R982,1,4,47a161474962a6dcc03cfa64127a641f
17442,5cbbe853aa1a5a1370f9a614904c4b15,86e0fc464cbb08ae74bd039224afec9a,SO73592,64,VE-C304-M,1,64,47a161474962a6dcc03cfa64127a641f
17442,6d338b8c41c717c4336ad0084a80dca4,9223b53f03a405f817e91392f0294f6a,SO54462,22,FE-6654,1,22,40e7dd73b09eac540e790daf6fac41af
17442,6d338b8c41c717c4336ad0084a80dca4,9223b53f03a405f817e91392f0294f6a,SO54462,54,SJ-0194-L,1,54,40e7dd73b09eac540e790daf6fac41af
17443,4a800301260b2639fa1ec3efafb5f86c,23f22724b430320654759f8512440ebc,SO59201,1701,BK-R79Y-42,1,1701,a189cc17a15cdb4e39e80dfcd8374c76
17443,4a800301260b2639fa1ec3efafb5f86c,23f22724b430320654759f8512440ebc,SO59201,54,SJ-0194-M,1,54,a189cc17a15cdb4e39e80dfcd8374c76
17444,c926349b55a58d87d7d5008c349fd1e9,9e8cbc3edbb5efb3f48d6afb260e4725,SO60069,120,RA-H123,1,120,ccb91034934bb047c5f6a32eb289b95b
17444,c926349b55a58d87d7d5008c349fd1e9,9e8cbc3edbb5efb3f48d6afb260e4725,SO60069,5,WB-H098,1,5,ccb91034934bb047c5f6a32eb289b95b
17445,ccb91034934bb047c5f6a32eb289b95b,640540d73b85c3ecd2e3bf5541686e87,SO59755,1701,BK-R79Y-44,1,1701,3ebfce6ccd7540a632ae7e6ad8100c29
17445,ccb91034934bb047c5f6a32eb289b95b,640540d73b85c3ecd2e3bf5541686e87,SO59755,25,TI-R628,1,25,3ebfce6ccd7540a632ae7e6ad8100c29
17445,ccb91034934bb047c5f6a32eb289b95b,640540d73b85c3ecd2e3bf5541686e87,SO59755,4,TT-R982,1,4,3ebfce6ccd7540a632ae7e6ad8100c29
17446,a9cd7a99d71cca9cb644010050374ade,3db19f5f710f10e90ecc7154c649d60a,SO71738,10,BC-M005,1,10,128ee9ff420de424a605a0ee4a6f7916
17446,a9cd7a99d71cca9cb644010050374ade,3db19f5f710f10e90ecc7154c649d60a,SO71738,4640,BK-M68S-38,2,4640,128ee9ff420de424a605a0ee4a6f7916
17446,a9cd7a99d71cca9cb644010050374ade,3db19f5f710f10e90ecc7154c649d60a,SO71738,150,LJ-0192-S,3,150,128ee9ff420de424a605a0ee4a6f7916
17446,a9cd7a99d71cca9cb644010050374ade,3db19f5f710f10e90ecc7154c649d60a,SO71738,5,WB-H098,1,5,128ee9ff420de424a605a0ee4a6f7916
17447,7f026edc73bd4602381834e9b850d6c2,eedd9be5500334505ed9d4aef801ac3d,SO52241,27,CA-1098,3,27,db2b287636ac5ebda430de4f3f643b24
17447,7f026edc73bd4602381834e9b850d6c2,eedd9be5500334505ed9d4aef801ac3d,SO52241,5,WB-H098,1,5,db2b287636ac5ebda430de4f3f643b24
17448,0001ffe4d82d0d8f9fec5ab0b4faa2db,3dc63b2d6dcc8f0b6720b06b5439a0b1,SO67041,48,GL-H102-M,2,48,4004a117f65dfd3221a9cce8fce5a45f
17448,0001ffe4d82d0d8f9fec5ab0b4faa2db,3dc63b2d6dcc8f0b6720b06b5439a0b1,SO67041,105,HL-U509-R,3,105,4004a117f65dfd3221a9cce8fce5a45f
17448,0001ffe4d82d0d8f9fec5ab0b4faa2db,3dc63b2d6dcc8f0b6720b06b5439a0b1,SO67041,5,WB-H098,1,5,4004a117f65dfd3221a9cce8fce5a45f
17449,dba3e44e23a1d2c2f299811e94db7fce,51c449e55b4a63a16fb45beb689150d5,SO54279,5,WB-H098,1,5,226d694fb4b7f71d62444f9528be8704
17450,8592725b85eec4822018b8728dd5b88d,88d8e3ff674b1514a19b24621707f0d9,SO74841,8,CL-9009,1,8,56e52500a7f5ab963646137a401683cd
17450,8592725b85eec4822018b8728dd5b88d,88d8e3ff674b1514a19b24621707f0d9,SO74841,22,FE-6654,1,22,56e52500a7f5ab963646137a401683cd
17450,d5985f40495ba672dff8a99620b879c8,a9adf65abbb865184bf924d14a93d0c4,SO71517,70,SH-W890-L,1,70,8f472ffe3ff3109f420ae91355ff8f3f
17450,d5985f40495ba672dff8a99620b879c8,a9adf65abbb865184bf924d14a93d0c4,SO71517,54,SJ-0194-X,1,54,8f472ffe3ff3109f420ae91355ff8f3f
17451,962bae2fb03296a3b9cacabfa929322c,0da2bc000f1fe4ea8746f9aea0bb5879,SO69112,105,HL-U509-B,3,105,c4369eefdf9bb8a3f9115e96b40aaf17
17451,962bae2fb03296a3b9cacabfa929322c,0da2bc000f1fe4ea8746f9aea0bb5879,SO69112,5,WB-H098,1,5,c4369eefdf9bb8a3f9115e96b40aaf17
17452,128ee9ff420de424a605a0ee4a6f7916,fee8e08233f3f00450bce31967abb0f1,SO71376,5,WB-H098,1,5,2797a91b25bc2aa85124c99bc574dc83
17453,d5985f40495ba672dff8a99620b879c8,a9adf65abbb865184bf924d14a93d0c4,SO71538,4640,BK-M68S-42,2,4640,8f472ffe3ff3109f420ae91355ff8f3f
17453,d5985f40495ba672dff8a99620b879c8,a9adf65abbb865184bf924d14a93d0c4,SO71538,22,FE-6654,1,22,8f472ffe3ff3109f420ae91355ff8f3f
17453,d5985f40495ba672dff8a99620b879c8,a9adf65abbb865184bf924d14a93d0c4,SO71538,105,HL-U509-B,3,105,8f472ffe3ff3109f420ae91355ff8f3f
17454,93ddc10d6cf61153011df052aa76671f,7299e51cfc0d5174743a6701a8a96488,SO65653,5,WB-H098,1,5,02b96ab6e0935145589be4e1408a1675
17455,375bde15092f45652b6398c1dff650d0,830e779850b1d58733a7ad711bf6b83f,SO57331,2,PK-7098,1,2,a8ef76a01442567fb64eb6f4408a9835
17455,375bde15092f45652b6398c1dff650d0,830e779850b1d58733a7ad711bf6b83f,SO57331,5,WB-H098,1,5,a8ef76a01442567fb64eb6f4408a9835
17456,ce08c22f7777768ce4197eab9727516c,4a800301260b2639fa1ec3efafb5f86c,SO60004,5,WB-H098,1,5,5072507e949a2c25948a591c4da194e1
17457,dcf73f840a50da0145f24e8e0169dc4b,2797a91b25bc2aa85124c99bc574dc83,SO72022,150,LJ-0192-M,3,150,d5985f40495ba672dff8a99620b879c8
17457,dcf73f840a50da0145f24e8e0169dc4b,2797a91b25bc2aa85124c99bc574dc83,SO72022,5,WB-H098,1,5,d5985f40495ba672dff8a99620b879c8
17458,e84848120190a8d0e696fbeb15647a74,fff3c307c93eda1eb91d53ca588846fe,SO70424,4590,BK-M68B-42,2,4590,f544b472453b297a8b55709fbfd3746d
17458,e84848120190a8d0e696fbeb15647a74,fff3c307c93eda1eb91d53ca588846fe,SO70424,105,HL-U509,3,105,f544b472453b297a8b55709fbfd3746d
17458,e84848120190a8d0e696fbeb15647a74,fff3c307c93eda1eb91d53ca588846fe,SO70424,35,TI-M823,1,35,f544b472453b297a8b55709fbfd3746d
17458,e84848120190a8d0e696fbeb15647a74,fff3c307c93eda1eb91d53ca588846fe,SO70424,5,TT-M928,1,5,f544b472453b297a8b55709fbfd3746d
17459,eef21e68ecca703bb338920b950f203c,f108e0cd2f96a0c22086f9d45ee08f19,SO60910,55,HY-1023-70,1,55,b21e833d3ead6056f1265f13fe1ff015
17459,eef21e68ecca703bb338920b950f203c,f108e0cd2f96a0c22086f9d45ee08f19,SO60910,5,WB-H098,1,5,b21e833d3ead6056f1265f13fe1ff015
17460,86bfb8ffc7a79e52d833cedce4d275bf,962bae2fb03296a3b9cacabfa929322c,SO70211,10,BC-M005,1,10,ec24e4cf9fcc90f3bbe81b2fb3735c21
17460,86bfb8ffc7a79e52d833cedce4d275bf,962bae2fb03296a3b9cacabfa929322c,SO70211,4590,BK-M68B-46,2,4590,ec24e4cf9fcc90f3bbe81b2fb3735c21
17460,86bfb8ffc7a79e52d833cedce4d275bf,962bae2fb03296a3b9cacabfa929322c,SO70211,105,HL-U509,3,105,ec24e4cf9fcc90f3bbe81b2fb3735c21
17461,e84848120190a8d0e696fbeb15647a74,fff3c307c93eda1eb91d53ca588846fe,SO70425,10,BC-M005,1,10,f544b472453b297a8b55709fbfd3746d
17461,e84848120190a8d0e696fbeb15647a74,fff3c307c93eda1eb91d53ca588846fe,SO70425,4640,BK-M68S-38,2,4640,f544b472453b297a8b55709fbfd3746d
17461,e84848120190a8d0e696fbeb15647a74,fff3c307c93eda1eb91d53ca588846fe,SO70425,22,FE-6654,1,22,f544b472453b297a8b55709fbfd3746d
17461,e84848120190a8d0e696fbeb15647a74,fff3c307c93eda1eb91d53ca588846fe,SO70425,55,HY-1023-70,1,55,f544b472453b297a8b55709fbfd3746d
17462,a9adf65abbb865184bf924d14a93d0c4,ec24e4cf9fcc90f3bbe81b2fb3735c21,SO70712,4590,BK-M68B-46,2,4590,e0cd1349b4c6e1b5f14ed427e358c2d0
17462,a9adf65abbb865184bf924d14a93d0c4,ec24e4cf9fcc90f3bbe81b2fb3735c21,SO70712,35,TI-M823,1,35,e0cd1349b4c6e1b5f14ed427e358c2d0
17462,a9adf65abbb865184bf924d14a93d0c4,ec24e4cf9fcc90f3bbe81b2fb3735c21,SO70712,5,TT-M928,1,5,e0cd1349b4c6e1b5f14ed427e358c2d0
17463,ccb91034934bb047c5f6a32eb289b95b,640540d73b85c3ecd2e3bf5541686e87,SO59756,9,BC-R205,1,9,3ebfce6ccd7540a632ae7e6ad8100c29
17463,ccb91034934bb047c5f6a32eb289b95b,640540d73b85c3ecd2e3bf5541686e87,SO59756,1701,BK-R79Y-42,1,1701,3ebfce6ccd7540a632ae7e6ad8100c29
17463,ccb91034934bb047c5f6a32eb289b95b,640540d73b85c3ecd2e3bf5541686e87,SO59756,27,CA-1098,3,27,3ebfce6ccd7540a632ae7e6ad8100c29
17463,ccb91034934bb047c5f6a32eb289b95b,640540d73b85c3ecd2e3bf5541686e87,SO59756,150,LJ-0192-L,3,150,3ebfce6ccd7540a632ae7e6ad8100c29
17463,ccb91034934bb047c5f6a32eb289b95b,640540d73b85c3ecd2e3bf5541686e87,SO59756,5,WB-H098,1,5,3ebfce6ccd7540a632ae7e6ad8100c29
17464,883b9b4170853b321c03290f64ba199f,412998e77ee121227580e3d363f75fa2,SO60695,1701,BK-R79Y-40,1,1701,af1457846a79173ef71dd9d5dd69805a
17464,883b9b4170853b321c03290f64ba199f,412998e77ee121227580e3d363f75fa2,SO60695,27,CA-1098,3,27,af1457846a79173ef71dd9d5dd69805a
17464,883b9b4170853b321c03290f64ba199f,412998e77ee121227580e3d363f75fa2,SO60695,150,LJ-0192-L,3,150,af1457846a79173ef71dd9d5dd69805a
17464,883b9b4170853b321c03290f64ba199f,412998e77ee121227580e3d363f75fa2,SO60695,25,TI-R628,1,25,af1457846a79173ef71dd9d5dd69805a
17465,4a70a3ec50fd16032883bf6fc79c55dd,4804ee33768b143d9706052696f7dfbd,SO61091,1701,BK-R79Y-42,1,1701,e0bcd0ff3072dfe15609d6be1529b0b8
17465,4a70a3ec50fd16032883bf6fc79c55dd,4804ee33768b143d9706052696f7dfbd,SO61091,105,HL-U509-R,3,105,e0bcd0ff3072dfe15609d6be1529b0b8
17465,4a70a3ec50fd16032883bf6fc79c55dd,4804ee33768b143d9706052696f7dfbd,SO61091,25,TI-R628,1,25,e0bcd0ff3072dfe15609d6be1529b0b8
17465,4a70a3ec50fd16032883bf6fc79c55dd,4804ee33768b143d9706052696f7dfbd,SO61091,4,TT-R982,1,4,e0bcd0ff3072dfe15609d6be1529b0b8
17466,4584ca349e0920f4436a3c2f36158b85,6e32728b966bb91cefefa1316da21ca8,SO68494,64,VE-C304-L,1,64,ca38f30e56a72f4d0c8d2264322c5862
17466,4584ca349e0920f4436a3c2f36158b85,6e32728b966bb91cefefa1316da21ca8,SO68494,5,WB-H098,1,5,ca38f30e56a72f4d0c8d2264322c5862
17467,7254e54716fe52361e62aa16ea2e0797,6eaadc1181f307997dc853d9ed40db36,SO59434,5,WB-H098,1,5,e7df1b3ee078bdcfc260a877f321287d
17468,1556bafff387fc8f2f6fef64c1daa6bc,8728a5e296f39e49d2fa74c31820e99f,SO70477,22,FE-6654,1,22,e871b36e68b0b3d0af9c742d81fef27a
17468,1556bafff387fc8f2f6fef64c1daa6bc,8728a5e296f39e49d2fa74c31820e99f,SO70477,30,TI-M602,1,30,e871b36e68b0b3d0af9c742d81fef27a
17468,1556bafff387fc8f2f6fef64c1daa6bc,8728a5e296f39e49d2fa74c31820e99f,SO70477,5,TT-M928,1,5,e871b36e68b0b3d0af9c742d81fef27a
17468,ac15b60491fe99190c0248790e690757,ab2e81a99745ffff6c06e2be93290d1b,SO54799,10,BC-M005,1,10,0c8ff735cb2b05718573c08173335fd4
17468,ac15b60491fe99190c0248790e690757,ab2e81a99745ffff6c06e2be93290d1b,SO54799,22,FE-6654,1,22,0c8ff735cb2b05718573c08173335fd4
17468,ac15b60491fe99190c0248790e690757,ab2e81a99745ffff6c06e2be93290d1b,SO54799,105,HL-U509,3,105,0c8ff735cb2b05718573c08173335fd4
17468,ac15b60491fe99190c0248790e690757,ab2e81a99745ffff6c06e2be93290d1b,SO54799,5,WB-H098,1,5,0c8ff735cb2b05718573c08173335fd4
17469,e871b36e68b0b3d0af9c742d81fef27a,3fe686907939d07097f6c87f08025422,SO70117,2,PK-7098,1,2,1faee5670542865e021595151379fe5c
17469,e871b36e68b0b3d0af9c742d81fef27a,3fe686907939d07097f6c87f08025422,SO70117,5,WB-H098,1,5,1faee5670542865e021595151379fe5c
17470,8fa3bab223bec6501ad71f96bb1067b6,b95a9f47dd73bb9b799a31ae04ee7da1,SO70849,4590,BK-M68B-42,2,4590,1556bafff387fc8f2f6fef64c1daa6bc
17470,8fa3bab223bec6501ad71f96bb1067b6,b95a9f47dd73bb9b799a31ae04ee7da1,SO70849,35,TI-M823,1,35,1556bafff387fc8f2f6fef64c1daa6bc
17471,03bf7d2a8718ee9aca4bd2f37e962fc4,290499d9b8e65db426ba9b842714eb6d,SO63576,105,HL-U509-B,3,105,7130adfd843cdcb6d0bcd9d13792693a
17471,03bf7d2a8718ee9aca4bd2f37e962fc4,290499d9b8e65db426ba9b842714eb6d,SO63576,5,WB-H098,1,5,7130adfd843cdcb6d0bcd9d13792693a
17472,9795c57676ee8b8b6ba9a6f9014a520b,c5ed53572c667b119dde2fc0f54de602,SO73743,5,WB-H098,1,5,b0950d12c62d3aeda81b2e8d06f2aef4
17473,6dd75c28a9a8a39e02bc0a175f82a9f3,dfcee565bb2da80a7b76451a5cd314a1,SO66906,5,WB-H098,1,5,f88b3743a9ce1f9455b6de69380b486a
17474,86bfb8ffc7a79e52d833cedce4d275bf,962bae2fb03296a3b9cacabfa929322c,SO70212,4640,BK-M68S-42,2,4640,ec24e4cf9fcc90f3bbe81b2fb3735c21
17474,86bfb8ffc7a79e52d833cedce4d275bf,962bae2fb03296a3b9cacabfa929322c,SO70212,105,HL-U509-B,3,105,ec24e4cf9fcc90f3bbe81b2fb3735c21
17475,128ee9ff420de424a605a0ee4a6f7916,fee8e08233f3f00450bce31967abb0f1,SO71407,4590,BK-M68B-42,2,4590,2797a91b25bc2aa85124c99bc574dc83
17475,128ee9ff420de424a605a0ee4a6f7916,fee8e08233f3f00450bce31967abb0f1,SO71407,22,FE-6654,1,22,2797a91b25bc2aa85124c99bc574dc83
17475,128ee9ff420de424a605a0ee4a6f7916,fee8e08233f3f00450bce31967abb0f1,SO71407,54,SJ-0194-L,1,54,2797a91b25bc2aa85124c99bc574dc83
17476,9f1ff00ea8fd9fd8f2d421ba5ec45a18,f88b3743a9ce1f9455b6de69380b486a,SO67471,1701,BK-R79Y-48,1,1701,0001ffe4d82d0d8f9fec5ab0b4faa2db
17477,d6fb379288416774d139632beb88e26b,3ebfce6ccd7540a632ae7e6ad8100c29,SO60245,1701,BK-R79Y-40,1,1701,412998e77ee121227580e3d363f75fa2
17478,9a95fdf4e925d9cbd65f87b5aa4ac212,478ecc8cdaa127c33884d9f6c72c2cd5,SO59633,2240,BK-R64Y-44,2,2240,9e8cbc3edbb5efb3f48d6afb260e4725
17478,9a95fdf4e925d9cbd65f87b5aa4ac212,478ecc8cdaa127c33884d9f6c72c2cd5,SO59633,48,GL-H102-S,2,48,9e8cbc3edbb5efb3f48d6afb260e4725
17478,9a95fdf4e925d9cbd65f87b5aa4ac212,478ecc8cdaa127c33884d9f6c72c2cd5,SO59633,105,HL-U509-B,3,105,9e8cbc3edbb5efb3f48d6afb260e4725
17478,9e0019d185356a96e0ac5b8096eef572,179dd140475e65390a6f692d562104f8,SO44445,3578,BK-R93R-56,1,3578,98010f4b6ef5a04106992af082c7d0fa
17479,254d832c83ccdb2c33eab65a4fd196ff,75fe8d7dec9d2a51be64595ab37dc674,SO59493,22,FE-6654,1,22,4a800301260b2639fa1ec3efafb5f86c
17479,254d832c83ccdb2c33eab65a4fd196ff,75fe8d7dec9d2a51be64595ab37dc674,SO59493,48,GL-H102-S,2,48,4a800301260b2639fa1ec3efafb5f86c
17479,254d832c83ccdb2c33eab65a4fd196ff,75fe8d7dec9d2a51be64595ab37dc674,SO59493,54,SJ-0194-L,1,54,4a800301260b2639fa1ec3efafb5f86c
17479,ab4946738415af86b5e3cee69b13301f,ed268f8f3837888893f896b7240f1254,SO57250,8,CL-9009,1,8,fde67888c64f701b59876ec559099b3e
17479,ab4946738415af86b5e3cee69b13301f,ed268f8f3837888893f896b7240f1254,SO57250,55,HY-1023-70,1,55,fde67888c64f701b59876ec559099b3e
17480,af1457846a79173ef71dd9d5dd69805a,254d832c83ccdb2c33eab65a4fd196ff,SO60373,1701,BK-R79Y-44,1,1701,ce08c22f7777768ce4197eab9727516c
17480,af1457846a79173ef71dd9d5dd69805a,254d832c83ccdb2c33eab65a4fd196ff,SO60373,25,TI-R628,1,25,ce08c22f7777768ce4197eab9727516c
17481,55f9f4cb5784581a517e59904e0d5e2f,9b6872ca1d80024637e967d1066bba0a,SO56040,105,HL-U509,3,105,1678083e7ff90bd404baad3f60bffa37
17481,55f9f4cb5784581a517e59904e0d5e2f,9b6872ca1d80024637e967d1066bba0a,SO56040,30,TI-M602,1,30,1678083e7ff90bd404baad3f60bffa37
17481,55f9f4cb5784581a517e59904e0d5e2f,9b6872ca1d80024637e967d1066bba0a,SO56040,5,TT-M928,1,5,1678083e7ff90bd404baad3f60bffa37
17481,73b2264d673ee7b5b2e7e165020516ac,4ceff7612cfa4420892fe23b23ca9265,SO57409,22,FE-6654,1,22,8d71482745a6a1be4fbbc5562ade4657
17481,73b2264d673ee7b5b2e7e165020516ac,4ceff7612cfa4420892fe23b23ca9265,SO57409,105,HL-U509-B,3,105,8d71482745a6a1be4fbbc5562ade4657
17482,90c6314650a0d54fdcabe5cd5406f9af,f476906875bc5d9abe836b4ea1f485c1,SO53961,22,FE-6654,1,22,41464bd548f06ca845208f69df30ac82
17482,90c6314650a0d54fdcabe5cd5406f9af,f476906875bc5d9abe836b4ea1f485c1,SO53961,55,HY-1023-70,1,55,41464bd548f06ca845208f69df30ac82
17482,a946e75bc65318721cd1e01162d392dd,5efefff01843f5aa3f7d8a4d44b4bf2e,SO63445,105,HL-U509-B,3,105,3a23b248b732af434a45fce0302aa11f
17482,a946e75bc65318721cd1e01162d392dd,5efefff01843f5aa3f7d8a4d44b4bf2e,SO63445,30,TI-M602,1,30,3a23b248b732af434a45fce0302aa11f
17482,a946e75bc65318721cd1e01162d392dd,5efefff01843f5aa3f7d8a4d44b4bf2e,SO63445,5,TT-M928,1,5,3a23b248b732af434a45fce0302aa11f
17483,883b9b4170853b321c03290f64ba199f,412998e77ee121227580e3d363f75fa2,SO60677,8,CL-9009,1,8,af1457846a79173ef71dd9d5dd69805a
17483,883b9b4170853b321c03290f64ba199f,412998e77ee121227580e3d363f75fa2,SO60677,22,FE-6654,1,22,af1457846a79173ef71dd9d5dd69805a
17483,883b9b4170853b321c03290f64ba199f,412998e77ee121227580e3d363f75fa2,SO60677,2,PK-7098,1,2,af1457846a79173ef71dd9d5dd69805a
17483,ac15b60491fe99190c0248790e690757,ab2e81a99745ffff6c06e2be93290d1b,SO54783,2,PK-7098,1,2,0c8ff735cb2b05718573c08173335fd4
17483,ac15b60491fe99190c0248790e690757,ab2e81a99745ffff6c06e2be93290d1b,SO54783,30,TI-M602,1,30,0c8ff735cb2b05718573c08173335fd4
17484,4ceff7612cfa4420892fe23b23ca9265,5691ac18f59a9af20f9d8703772afbba,SO56550,55,HY-1023-70,1,55,089c2a426c196c5ca5facb20896c90bb
17484,4ceff7612cfa4420892fe23b23ca9265,5691ac18f59a9af20f9d8703772afbba,SO56550,150,LJ-0192-L,3,150,089c2a426c196c5ca5facb20896c90bb
17484,f476906875bc5d9abe836b4ea1f485c1,f04e53711455521533f4c5ed7dcaa287,SO53137,22,FE-6654,1,22,15aceb75d86814cb479f1b1a9487c3d4
17485,5a06908cc28b799b04fc1c47664462e6,da9c4ba6c9a1ae8725389bfd38b5763a,SO54738,22,FE-6654,1,22,6d338b8c41c717c4336ad0084a80dca4
17485,5a06908cc28b799b04fc1c47664462e6,da9c4ba6c9a1ae8725389bfd38b5763a,SO54738,150,LJ-0192-L,3,150,6d338b8c41c717c4336ad0084a80dca4
17485,5a06908cc28b799b04fc1c47664462e6,da9c4ba6c9a1ae8725389bfd38b5763a,SO54738,5,TT-M928,1,5,6d338b8c41c717c4336ad0084a80dca4
17486,d76e0ba1fa041675ae9af958c5b41ae4,b988e88fd94a3b47434beeb650cff880,SO56982,105,HL-U509,3,105,cae5717327bee7d74e261c550aa5081f
17486,d76e0ba1fa041675ae9af958c5b41ae4,b988e88fd94a3b47434beeb650cff880,SO56982,150,LJ-0192-S,3,150,cae5717327bee7d74e261c550aa5081f
17486,d76e0ba1fa041675ae9af958c5b41ae4,b988e88fd94a3b47434beeb650cff880,SO56982,5,TT-M928,1,5,cae5717327bee7d74e261c550aa5081f
17487,b68fd63ca41d49bfc1b18251202c053f,d4746e41b619da57ee9f1a2e2cc254e8,SO64876,2,PK-7098,1,2,c87874400b9f907bdf9ea37d75a4b341
17487,b68fd63ca41d49bfc1b18251202c053f,d4746e41b619da57ee9f1a2e2cc254e8,SO64876,5,TT-M928,1,5,c87874400b9f907bdf9ea37d75a4b341
17488,106dfbaf552c07a1b08d065f2c343982,3f20f21c57e09a6c071e44d1fe74b58a,SO54559,5,WB-H098,1,5,dba3e44e23a1d2c2f299811e94db7fce
17489,df595e3c678d4fae23ce174fe747165e,07b31bae17c7890b17d79a654aa230cf,SO58865,54,SJ-0194-M,1,54,75fe8d7dec9d2a51be64595ab37dc674
17489,df595e3c678d4fae23ce174fe747165e,07b31bae17c7890b17d79a654aa230cf,SO58865,5,WB-H098,1,5,75fe8d7dec9d2a51be64595ab37dc674
17490,e871b36e68b0b3d0af9c742d81fef27a,3fe686907939d07097f6c87f08025422,SO70116,8,CL-9009,1,8,1faee5670542865e021595151379fe5c
17490,e871b36e68b0b3d0af9c742d81fef27a,3fe686907939d07097f6c87f08025422,SO70116,5,WB-H098,1,5,1faee5670542865e021595151379fe5c
17491,331afa0aff1b1cfbf3d24944ab38c9d2,c885741a5e3e55c84950327011b70289,SO69678,105,HL-U509-R,3,105,962bae2fb03296a3b9cacabfa929322c
17491,331afa0aff1b1cfbf3d24944ab38c9d2,c885741a5e3e55c84950327011b70289,SO69678,30,TI-M602,1,30,962bae2fb03296a3b9cacabfa929322c
17491,331afa0aff1b1cfbf3d24944ab38c9d2,c885741a5e3e55c84950327011b70289,SO69678,5,TT-M928,1,5,962bae2fb03296a3b9cacabfa929322c
17491,982b3b4109cce5d4e5bf1fcbe0ae259b,501407dcfde5b685045ca3072168d5bb,SO74276,22,FE-6654,1,22,d7f57f35d2bad1349ca24a67a2635eea
17491,982b3b4109cce5d4e5bf1fcbe0ae259b,501407dcfde5b685045ca3072168d5bb,SO74276,105,HL-U509-B,3,105,d7f57f35d2bad1349ca24a67a2635eea
17492,013f173c58073e845f675d26fdde1918,ccb91034934bb047c5f6a32eb289b95b,SO60539,48,GL-H102-L,2,48,d6fb379288416774d139632beb88e26b
17492,013f173c58073e845f675d26fdde1918,ccb91034934bb047c5f6a32eb289b95b,SO60539,55,HY-1023-70,1,55,d6fb379288416774d139632beb88e26b
17492,013f173c58073e845f675d26fdde1918,ccb91034934bb047c5f6a32eb289b95b,SO60539,5,WB-H098,1,5,d6fb379288416774d139632beb88e26b
17493,3dc63b2d6dcc8f0b6720b06b5439a0b1,8d1d4829b2e801ba4e41ba48f5a549d4,SO66268,55,HY-1023-70,1,55,6ef7b4bb93d4e54234cf965ed2334682
17493,aa14ddbc43aa2d3be1e6ac019bb7b5bc,dcf73f840a50da0145f24e8e0169dc4b,SO72856,22,FE-6654,1,22,a6f2945baeceeef4c8d541a22f6e99e9
17493,aa14ddbc43aa2d3be1e6ac019bb7b5bc,dcf73f840a50da0145f24e8e0169dc4b,SO72856,54,SJ-0194-L,1,54,a6f2945baeceeef4c8d541a22f6e99e9
17494,640540d73b85c3ecd2e3bf5541686e87,eba6cab7267f82e3b2a063d5ea445bb9,SO58710,22,FE-6654,1,22,d630b2db6e8046e30b4728ca862ba4e1
17494,640540d73b85c3ecd2e3bf5541686e87,eba6cab7267f82e3b2a063d5ea445bb9,SO58710,105,HL-U509,3,105,d630b2db6e8046e30b4728ca862ba4e1
17494,75fe8d7dec9d2a51be64595ab37dc674,ef5bad66aa19ccfb82cacb73584b83ea,SO58548,55,HY-1023-70,1,55,23f22724b430320654759f8512440ebc
17495,b34050290c25b0f7b52a2b8f767df87d,caa707f97407c07371136aaf471a91d4,SO67973,8,CL-9009,1,8,36ab6f1df21f3c9a169c8942e981959a
17495,b34050290c25b0f7b52a2b8f767df87d,caa707f97407c07371136aaf471a91d4,SO67973,55,HY-1023-70,1,55,36ab6f1df21f3c9a169c8942e981959a
17495,eba5233d2dd8ea5031e646882335ece0,629ffff971d10f275a79a70fae527fbc,SO56602,22,FE-6654,1,22,b988e88fd94a3b47434beeb650cff880
17495,eba5233d2dd8ea5031e646882335ece0,629ffff971d10f275a79a70fae527fbc,SO56602,105,HL-U509-R,3,105,b988e88fd94a3b47434beeb650cff880
17496,6cf9e035d2f1d8ffe1b9f2f96a9e7a3a,982b3b4109cce5d4e5bf1fcbe0ae259b,SO74622,55,HY-1023-70,1,55,db10519e66d9a7b809b91935ad1a696d
17496,6cf9e035d2f1d8ffe1b9f2f96a9e7a3a,982b3b4109cce5d4e5bf1fcbe0ae259b,SO74622,64,VE-C304-M,1,64,db10519e66d9a7b809b91935ad1a696d
17496,7acd252f45ad6fe668386456a673d543,0120f4004ede1143c3be6caa4227affe,SO67151,22,FE-6654,1,22,b322422d9a721bbdefa133133dd407c1
17496,7acd252f45ad6fe668386456a673d543,0120f4004ede1143c3be6caa4227affe,SO67151,105,HL-U509,3,105,b322422d9a721bbdefa133133dd407c1
17496,7acd252f45ad6fe668386456a673d543,0120f4004ede1143c3be6caa4227affe,SO67151,54,SJ-0194-X,1,54,b322422d9a721bbdefa133133dd407c1
17497,3a23b248b732af434a45fce0302aa11f,db2f6a564b6f5f41253c68874b50962b,SO62996,9,BC-R205,1,9,290499d9b8e65db426ba9b842714eb6d
17497,3a23b248b732af434a45fce0302aa11f,db2f6a564b6f5f41253c68874b50962b,SO62996,1701,BK-R79Y-42,1,1701,290499d9b8e65db426ba9b842714eb6d
17497,3a23b248b732af434a45fce0302aa11f,db2f6a564b6f5f41253c68874b50962b,SO62996,2,PK-7098,1,2,290499d9b8e65db426ba9b842714eb6d
17497,3a23b248b732af434a45fce0302aa11f,db2f6a564b6f5f41253c68874b50962b,SO62996,5,WB-H098,1,5,290499d9b8e65db426ba9b842714eb6d
17498,4804ee33768b143d9706052696f7dfbd,7254e54716fe52361e62aa16ea2e0797,SO60306,540,BK-R19B-52,1,540,c660dc308b247ce08aeecd155306bae0
17498,4804ee33768b143d9706052696f7dfbd,7254e54716fe52361e62aa16ea2e0797,SO60306,21,TI-R092,1,21,c660dc308b247ce08aeecd155306bae0
17498,4804ee33768b143d9706052696f7dfbd,7254e54716fe52361e62aa16ea2e0797,SO60306,4,TT-R982,1,4,c660dc308b247ce08aeecd155306bae0
17499,86bfb8ffc7a79e52d833cedce4d275bf,962bae2fb03296a3b9cacabfa929322c,SO70213,4590,BK-M68B-38,2,4590,ec24e4cf9fcc90f3bbe81b2fb3735c21
17500,c4369eefdf9bb8a3f9115e96b40aaf17,b34050290c25b0f7b52a2b8f767df87d,SO68746,120,RA-H123,1,120,c135545cc3f3a739132ffdbc8096f3d4
17500,d27974ca95fd620ac92cf95bf8c1d1f2,4c6ed4daa82e7326b84c24f4c2ae7064,SO74151,10,BC-M005,1,10,3e107cd1554225ea3056ed5010adce90
17500,d27974ca95fd620ac92cf95bf8c1d1f2,4c6ed4daa82e7326b84c24f4c2ae7064,SO74151,22,FE-6654,1,22,3e107cd1554225ea3056ed5010adce90
17500,d27974ca95fd620ac92cf95bf8c1d1f2,4c6ed4daa82e7326b84c24f4c2ae7064,SO74151,5,WB-H098,1,5,3e107cd1554225ea3056ed5010adce90
17501,922d04aa1f67bbe0270bfad98508f43e,0383d48e76cd8a3dfb9e2a890f2cac18,SO61789,120,RA-H123,1,120,76918877cf6ce7011018cd9708723392
17501,fff3c307c93eda1eb91d53ca588846fe,4584ca349e0920f4436a3c2f36158b85,SO69312,22,FE-6654,1,22,70951886788165a5e2439adfce4d0cce
17502,94b225b5b1f09ecd5e8ecdfb681ff04c,03bf7d2a8718ee9aca4bd2f37e962fc4,SO64297,9,BC-R205,1,9,61e00b038efd34bdf9c747596273cbcf
17502,94b225b5b1f09ecd5e8ecdfb681ff04c,03bf7d2a8718ee9aca4bd2f37e962fc4,SO64297,4886,BK-R89B-44,2,4886,61e00b038efd34bdf9c747596273cbcf
17502,94b225b5b1f09ecd5e8ecdfb681ff04c,03bf7d2a8718ee9aca4bd2f37e962fc4,SO64297,105,HL-U509,3,105,61e00b038efd34bdf9c747596273cbcf
17502,94b225b5b1f09ecd5e8ecdfb681ff04c,03bf7d2a8718ee9aca4bd2f37e962fc4,SO64297,5,WB-H098,1,5,61e00b038efd34bdf9c747596273cbcf
17502,b9178f906541b173529de99dd13c0e85,6f876727a6ca9c8f7a1e0ab845d1df49,SO44366,3578,BK-R93R-52,1,3578,c886ecef680be79a8fb0e1da7d50af4b
17503,0da2bc000f1fe4ea8746f9aea0bb5879,702a02712215141594ddf8e52b0a651c,SO68270,105,HL-U509,3,105,b34050290c25b0f7b52a2b8f767df87d
17503,0da2bc000f1fe4ea8746f9aea0bb5879,702a02712215141594ddf8e52b0a651c,SO68270,25,TI-R628,1,25,b34050290c25b0f7b52a2b8f767df87d
17503,0da2bc000f1fe4ea8746f9aea0bb5879,702a02712215141594ddf8e52b0a651c,SO68270,4,TT-R982,1,4,b34050290c25b0f7b52a2b8f767df87d
17503,ca5b8307fa5f2189fb98330a9d65927c,88077cf01a3e17831c2d0bcca5897c5b,SO73949,105,HL-U509-R,3,105,5cbbe853aa1a5a1370f9a614904c4b15
17504,8920fd63645007b243abb750709b1172,58c4ce5b9433e7b6d41793d5a76d5590,SO72331,10,BC-M005,1,10,0d3057f268050d468f468434f8ec809a
17504,8920fd63645007b243abb750709b1172,58c4ce5b9433e7b6d41793d5a76d5590,SO72331,769,BK-M38S-38,1,769,0d3057f268050d468f468434f8ec809a
17504,8920fd63645007b243abb750709b1172,58c4ce5b9433e7b6d41793d5a76d5590,SO72331,5,WB-H098,1,5,0d3057f268050d468f468434f8ec809a
17504,c0c3930df842a4775c91daa172fcc42d,9d0c5a1a95274b55fd3f6fd19fd273ae,SO44425,3578,BK-R93R-44,1,3578,179dd140475e65390a6f692d562104f8
17505,de22d232bbe84481579f6252f1e7091d,cae5717327bee7d74e261c550aa5081f,SO57555,2,PK-7098,1,2,ab4946738415af86b5e3cee69b13301f
17505,de22d232bbe84481579f6252f1e7091d,cae5717327bee7d74e261c550aa5081f,SO57555,5,TT-M928,1,5,ab4946738415af86b5e3cee69b13301f
17506,b8cc77f0099ae7d3a20b9f0b74d70b12,70ad7386c1fe794c57fa3908ff22435d,SO52183,8,CL-9009,1,8,5e9b4970006d8f02ba0bc1763fa8b9a6
17506,b8cc77f0099ae7d3a20b9f0b74d70b12,70ad7386c1fe794c57fa3908ff22435d,SO52183,5,WB-H098,1,5,5e9b4970006d8f02ba0bc1763fa8b9a6
17507,0149f124a48640c62d90840ac5760331,4555f65c4664801d78b9f5477f89d8fd,SO63381,55,HY-1023-70,1,55,870bd4f3713260418e4f342f31dc7e33
17507,0149f124a48640c62d90840ac5760331,4555f65c4664801d78b9f5477f89d8fd,SO63381,9,SO-R809-M,1,9,870bd4f3713260418e4f342f31dc7e33
17507,0149f124a48640c62d90840ac5760331,4555f65c4664801d78b9f5477f89d8fd,SO63381,5,WB-H098,1,5,870bd4f3713260418e4f342f31dc7e33
17508,58c4ce5b9433e7b6d41793d5a76d5590,1556bafff387fc8f2f6fef64c1daa6bc,SO71323,4590,BK-M68B-38,2,4590,fd5ba6fdeb81e07b2caf0b103489bd8d
17508,58c4ce5b9433e7b6d41793d5a76d5590,1556bafff387fc8f2f6fef64c1daa6bc,SO71323,8,CL-9009,1,8,fd5ba6fdeb81e07b2caf0b103489bd8d
17508,58c4ce5b9433e7b6d41793d5a76d5590,1556bafff387fc8f2f6fef64c1daa6bc,SO71323,22,FE-6654,1,22,fd5ba6fdeb81e07b2caf0b103489bd8d
17509,5abaefcc8525a8f4cfd95cba9e926532,fde67888c64f701b59876ec559099b3e,SO57645,2,PK-7098,1,2,73b2264d673ee7b5b2e7e165020516ac
17509,5abaefcc8525a8f4cfd95cba9e926532,fde67888c64f701b59876ec559099b3e,SO57645,30,TI-M602,1,30,73b2264d673ee7b5b2e7e165020516ac
17509,5abaefcc8525a8f4cfd95cba9e926532,fde67888c64f701b59876ec559099b3e,SO57645,5,TT-M928,1,5,73b2264d673ee7b5b2e7e165020516ac
17509,9592b44e2c3f304a9875f45537bec6eb,a9cd7a99d71cca9cb644010050374ade,SO72766,10,BC-M005,1,10,b2ce0ef2540789e8a6976165b6c917d8
17509,9592b44e2c3f304a9875f45537bec6eb,a9cd7a99d71cca9cb644010050374ade,SO72766,22,FE-6654,1,22,b2ce0ef2540789e8a6976165b6c917d8
17509,9592b44e2c3f304a9875f45537bec6eb,a9cd7a99d71cca9cb644010050374ade,SO72766,48,GL-H102-M,2,48,b2ce0ef2540789e8a6976165b6c917d8
17509,9592b44e2c3f304a9875f45537bec6eb,a9cd7a99d71cca9cb644010050374ade,SO72766,5,WB-H098,1,5,b2ce0ef2540789e8a6976165b6c917d8
17510,b0950d12c62d3aeda81b2e8d06f2aef4,e366e24b8ad0b1107528f2f58cd15a81,SO73394,769,BK-M38S-42,1,769,a048b8d5f3f9178f163e2be055f0138b
17510,b0950d12c62d3aeda81b2e8d06f2aef4,e366e24b8ad0b1107528f2f58cd15a81,SO73394,22,FE-6654,1,22,a048b8d5f3f9178f163e2be055f0138b
17510,c886ecef680be79a8fb0e1da7d50af4b,f9160ced7c82c26576dae88d37ef543e,SO44332,3578,BK-R93R-62,1,3578,91b7ffe240ad23db6408cd1d19015686
17511,20b851db79828c985958154243411278,96a3262695f10a59b726f3dfd4782c4d,SO51563,540,BK-M18B-44,1,540,a7cb0a760406e2013c8442a429fed0ae
17511,20b851db79828c985958154243411278,96a3262695f10a59b726f3dfd4782c4d,SO51563,2,PK-7098,1,2,a7cb0a760406e2013c8442a429fed0ae
17511,20b851db79828c985958154243411278,96a3262695f10a59b726f3dfd4782c4d,SO51563,25,TI-M267,1,25,a7cb0a760406e2013c8442a429fed0ae
17511,20b851db79828c985958154243411278,96a3262695f10a59b726f3dfd4782c4d,SO51563,5,TT-M928,1,5,a7cb0a760406e2013c8442a429fed0ae
17511,c3aa0c1c9cde5a60eae660ee09a2892b,556c3334adfb28b12965c8974489bdcd,SO44357,3578,BK-R93R-62,1,3578,b63003b792fb0099f3c299464a2cb4bd
17512,0b2687a4d54329af7fc2df3d9ee1a02b,89426de0285546a41a891a5ec5aae6ae,SO44420,3578,BK-R93R-44,1,3578,b17aa434fc2718b9cd1a0d02141e0641
17512,9bbc713be22755b8ea8e3b596e06edd2,9f14679403a464909296961b7547fa87,SO51294,565,BK-M18S-40,1,565,78cee6501c10922e466c02f814c8627b
17512,9bbc713be22755b8ea8e3b596e06edd2,9f14679403a464909296961b7547fa87,SO51294,2,PK-7098,1,2,78cee6501c10922e466c02f814c8627b
17512,9bbc713be22755b8ea8e3b596e06edd2,9f14679403a464909296961b7547fa87,SO51294,25,TI-M267,1,25,78cee6501c10922e466c02f814c8627b
17513,679eed5d77e30211eb990c0c13145df3,78cee6501c10922e466c02f814c8627b,SO51422,540,BK-M18B-44,1,540,5b07cd2a9dfb9437a07ea3012d6efbb7
17513,679eed5d77e30211eb990c0c13145df3,78cee6501c10922e466c02f814c8627b,SO51422,22,FE-6654,1,22,5b07cd2a9dfb9437a07ea3012d6efbb7
17513,679eed5d77e30211eb990c0c13145df3,78cee6501c10922e466c02f814c8627b,SO51422,120,RA-H123,1,120,5b07cd2a9dfb9437a07ea3012d6efbb7
17513,d6b9b03542074ed6fb3d7591d5f55f01,ad2d8c85f4c05bcb0bd6f990bd634d72,SO44455,3578,BK-R93R-48,1,3578,f3743b367906f6735a01aa72d2cf8a5e
17514,8bf3f2187c9d8d382ac1537b53267abc,7c40e129a5bf240aced0b415e4bf9991,SO44371,3578,BK-R93R-44,1,3578,1ec57de0d40386e4f2460c44e1041294
17514,b8cc77f0099ae7d3a20b9f0b74d70b12,70ad7386c1fe794c57fa3908ff22435d,SO52206,10,BC-M005,1,10,5e9b4970006d8f02ba0bc1763fa8b9a6
17514,b8cc77f0099ae7d3a20b9f0b74d70b12,70ad7386c1fe794c57fa3908ff22435d,SO52206,540,BK-M18B-52,1,540,5e9b4970006d8f02ba0bc1763fa8b9a6
17514,b8cc77f0099ae7d3a20b9f0b74d70b12,70ad7386c1fe794c57fa3908ff22435d,SO52206,27,CA-1098,3,27,5e9b4970006d8f02ba0bc1763fa8b9a6
17514,b8cc77f0099ae7d3a20b9f0b74d70b12,70ad7386c1fe794c57fa3908ff22435d,SO52206,5,WB-H098,1,5,5e9b4970006d8f02ba0bc1763fa8b9a6
17515,179dd140475e65390a6f692d562104f8,8f2099f692279474c5211078c1fbcbe0,SO44401,3578,BK-R93R-48,1,3578,b9178f906541b173529de99dd13c0e85
17515,8d71482745a6a1be4fbbc5562ade4657,089c2a426c196c5ca5facb20896c90bb,SO56947,565,BK-M18S-52,1,565,d9f7611cf8d29b48a1d3d8fddb8c5b2e
17516,8babade0595c11e14dd89058a850f2cd,a048b8d5f3f9178f163e2be055f0138b,SO73894,105,HL-U509-R,3,105,501407dcfde5b685045ca3072168d5bb
17516,8babade0595c11e14dd89058a850f2cd,a048b8d5f3f9178f163e2be055f0138b,SO73894,5,WB-H098,1,5,501407dcfde5b685045ca3072168d5bb
17517,128ee9ff420de424a605a0ee4a6f7916,fee8e08233f3f00450bce31967abb0f1,SO71380,105,HL-U509,3,105,2797a91b25bc2aa85124c99bc574dc83
17517,128ee9ff420de424a605a0ee4a6f7916,fee8e08233f3f00450bce31967abb0f1,SO71380,5,WB-H098,1,5,2797a91b25bc2aa85124c99bc574dc83
17518,6477c205c5117a9448ba863e111acf32,c926349b55a58d87d7d5008c349fd1e9,SO60888,540,BK-R19B-44,1,540,013f173c58073e845f675d26fdde1918
17519,6e5c4b769f8f70f9fd01b24ba5be9695,40e7dd73b09eac540e790daf6fac41af,SO54843,54,SJ-0194-M,1,54,106dfbaf552c07a1b08d065f2c343982
17519,6e5c4b769f8f70f9fd01b24ba5be9695,40e7dd73b09eac540e790daf6fac41af,SO54843,5,WB-H098,1,5,106dfbaf552c07a1b08d065f2c343982
17520,63efdd3324df66c9965bd622cdebe06a,7acd252f45ad6fe668386456a673d543,SO68044,5,WB-H098,1,5,6e32728b966bb91cefefa1316da21ca8
17521,76918877cf6ce7011018cd9708723392,883b9b4170853b321c03290f64ba199f,SO61536,1701,BK-R79Y-40,1,1701,4ddc8821c34bceaf3dba4a18741acca3
17521,76918877cf6ce7011018cd9708723392,883b9b4170853b321c03290f64ba199f,SO61536,150,LJ-0192-M,3,150,4ddc8821c34bceaf3dba4a18741acca3
17522,1556bafff387fc8f2f6fef64c1daa6bc,8728a5e296f39e49d2fa74c31820e99f,SO70459,22,FE-6654,1,22,e871b36e68b0b3d0af9c742d81fef27a
17522,1556bafff387fc8f2f6fef64c1daa6bc,8728a5e296f39e49d2fa74c31820e99f,SO70459,105,HL-U509-R,3,105,e871b36e68b0b3d0af9c742d81fef27a
17522,1556bafff387fc8f2f6fef64c1daa6bc,8728a5e296f39e49d2fa74c31820e99f,SO70459,9,SO-R809-L,1,9,e871b36e68b0b3d0af9c742d81fef27a
17522,4555f65c4664801d78b9f5477f89d8fd,7ee641303ef8d8b10d0ed00a060c73cc,SO62478,27,CA-1098,3,27,94c60e0b5e2b0f78b919a5d4c67d70a2
17523,ca5b8307fa5f2189fb98330a9d65927c,88077cf01a3e17831c2d0bcca5897c5b,SO73972,5,WB-H098,1,5,5cbbe853aa1a5a1370f9a614904c4b15
17524,31c99d724c1f182c60edb82eb4740277,e84848120190a8d0e696fbeb15647a74,SO71252,4590,BK-M68B-38,2,4590,3db19f5f710f10e90ecc7154c649d60a
17524,31c99d724c1f182c60edb82eb4740277,e84848120190a8d0e696fbeb15647a74,SO71252,22,FE-6654,1,22,3db19f5f710f10e90ecc7154c649d60a
17525,232e830f1ac667c081eaaca23cdf9b5f,4b5c3229e0725ef8d303f494db9faec8,SO64484,5,WB-H098,1,5,abe94c2111c58e9c9672602d41bce66e
17526,59c3d64cb01cd5ad7fd25246d81a55ff,ac15b60491fe99190c0248790e690757,SO55525,5,WB-H098,1,5,d8a4ea0dc4237ee8690ee37b3902fd0e
17527,8728a5e296f39e49d2fa74c31820e99f,66e56e10b0f528b66a45e307ecdf4774,SO69602,8,CL-9009,1,8,3fe686907939d07097f6c87f08025422
17527,8728a5e296f39e49d2fa74c31820e99f,66e56e10b0f528b66a45e307ecdf4774,SO69602,5,WB-H098,1,5,3fe686907939d07097f6c87f08025422
17528,3f72b837978dcd042b73e7270f11a4ca,83d1ed00595e79ee5ea3797e97970fe8,SO70274,150,LJ-0192-L,3,150,99c8f306659fd98cbb9d7f03ec0c2a7a
17528,3f72b837978dcd042b73e7270f11a4ca,83d1ed00595e79ee5ea3797e97970fe8,SO70274,5,WB-H098,1,5,99c8f306659fd98cbb9d7f03ec0c2a7a
17529,caa707f97407c07371136aaf471a91d4,4efe8b2ca156042f8a3d8dd6aba54520,SO67106,27,CA-1098,3,27,058af5b2a408d57b708367e5bf4e9d9c
17529,caa707f97407c07371136aaf471a91d4,4efe8b2ca156042f8a3d8dd6aba54520,SO67106,5,WB-H098,1,5,058af5b2a408d57b708367e5bf4e9d9c
17530,290499d9b8e65db426ba9b842714eb6d,606ed413481267c98754e3351f662859,SO62650,48,GL-H102-M,2,48,d1024973c3d10f08cb9fa1736e6ed8b7
17530,290499d9b8e65db426ba9b842714eb6d,606ed413481267c98754e3351f662859,SO62650,150,LJ-0192-L,3,150,d1024973c3d10f08cb9fa1736e6ed8b7
17530,290499d9b8e65db426ba9b842714eb6d,606ed413481267c98754e3351f662859,SO62650,5,WB-H098,1,5,d1024973c3d10f08cb9fa1736e6ed8b7
17531,c926349b55a58d87d7d5008c349fd1e9,9e8cbc3edbb5efb3f48d6afb260e4725,SO60068,27,CA-1098,3,27,ccb91034934bb047c5f6a32eb289b95b
17531,c926349b55a58d87d7d5008c349fd1e9,9e8cbc3edbb5efb3f48d6afb260e4725,SO60068,5,WB-H098,1,5,ccb91034934bb047c5f6a32eb289b95b
17532,922d04aa1f67bbe0270bfad98508f43e,0383d48e76cd8a3dfb9e2a890f2cac18,SO61808,5,WB-H098,1,5,76918877cf6ce7011018cd9708723392
17533,870bd4f3713260418e4f342f31dc7e33,94c60e0b5e2b0f78b919a5d4c67d70a2,SO62942,1701,BK-R79Y-40,1,1701,2fe1a028f9398deb2efcd536c8246fae
17533,870bd4f3713260418e4f342f31dc7e33,94c60e0b5e2b0f78b919a5d4c67d70a2,SO62942,105,HL-U509,3,105,2fe1a028f9398deb2efcd536c8246fae
17534,3a2f313512bb520c43971e54ba834dec,a1fedb8f5f2e08543339a5f167bee6b7,SO65906,5,WB-H098,1,5,e2f0a420a4c1a9e8e292761f835e0489
17535,86bfb8ffc7a79e52d833cedce4d275bf,962bae2fb03296a3b9cacabfa929322c,SO70214,4640,BK-M68S-42,2,4640,ec24e4cf9fcc90f3bbe81b2fb3735c21
17535,86bfb8ffc7a79e52d833cedce4d275bf,962bae2fb03296a3b9cacabfa929322c,SO70214,22,FE-6654,1,22,ec24e4cf9fcc90f3bbe81b2fb3735c21
17535,86bfb8ffc7a79e52d833cedce4d275bf,962bae2fb03296a3b9cacabfa929322c,SO70214,64,VE-C304-S,1,64,ec24e4cf9fcc90f3bbe81b2fb3735c21
17536,921bc92a493b53f98f24e6a8a12801be,17520f5649fab40fb66771362888cb90,SO71462,4640,BK-M68S-46,2,4640,6a8d7e42bb852c45fbf8610361d391a0
17536,921bc92a493b53f98f24e6a8a12801be,17520f5649fab40fb66771362888cb90,SO71462,22,FE-6654,1,22,6a8d7e42bb852c45fbf8610361d391a0
17536,921bc92a493b53f98f24e6a8a12801be,17520f5649fab40fb66771362888cb90,SO71462,105,HL-U509-R,3,105,6a8d7e42bb852c45fbf8610361d391a0
17537,fd5ba6fdeb81e07b2caf0b103489bd8d,e871b36e68b0b3d0af9c742d81fef27a,SO70987,4640,BK-M68S-38,2,4640,17520f5649fab40fb66771362888cb90
17538,4804ee33768b143d9706052696f7dfbd,7254e54716fe52361e62aa16ea2e0797,SO60275,5,WB-H098,1,5,c660dc308b247ce08aeecd155306bae0
17539,3f72b837978dcd042b73e7270f11a4ca,83d1ed00595e79ee5ea3797e97970fe8,SO70270,48,GL-H102-L,2,48,99c8f306659fd98cbb9d7f03ec0c2a7a
17539,3f72b837978dcd042b73e7270f11a4ca,83d1ed00595e79ee5ea3797e97970fe8,SO70270,150,LJ-0192-S,3,150,99c8f306659fd98cbb9d7f03ec0c2a7a
17539,3f72b837978dcd042b73e7270f11a4ca,83d1ed00595e79ee5ea3797e97970fe8,SO70270,70,SH-W890-L,1,70,99c8f306659fd98cbb9d7f03ec0c2a7a
17539,a6d37e298c3042e300813f55a17e0875,99b7e934795a93975a5e0c0b9b57d9ba,SO64650,10,BC-M005,1,10,b0241b451647f25db5f52074445d820c
17539,a6d37e298c3042e300813f55a17e0875,99b7e934795a93975a5e0c0b9b57d9ba,SO64650,22,FE-6654,1,22,b0241b451647f25db5f52074445d820c
17539,a6d37e298c3042e300813f55a17e0875,99b7e934795a93975a5e0c0b9b57d9ba,SO64650,48,GL-H102-M,2,48,b0241b451647f25db5f52074445d820c
17539,a6d37e298c3042e300813f55a17e0875,99b7e934795a93975a5e0c0b9b57d9ba,SO64650,5,WB-H098,1,5,b0241b451647f25db5f52074445d820c
17540,6be9692276a308e4b872323af1ad8fe2,bee2b842cd357511cf4c8e509f5af192,SO52345,27,CA-1098,3,27,72e75576254db1afef14ecdc050391c2
17540,6be9692276a308e4b872323af1ad8fe2,bee2b842cd357511cf4c8e509f5af192,SO52345,5,WB-H098,1,5,72e75576254db1afef14ecdc050391c2
17541,e7df1b3ee078bdcfc260a877f321287d,4dbf892d41ae205f6e36838031cff786,SO59098,5,WB-H098,1,5,478ecc8cdaa127c33884d9f6c72c2cd5
17542,49fce086a31f1cfcf16b54e462f7cbc0,99c8f306659fd98cbb9d7f03ec0c2a7a,SO70797,4640,BK-M68S-38,2,4640,e84848120190a8d0e696fbeb15647a74
17542,49fce086a31f1cfcf16b54e462f7cbc0,99c8f306659fd98cbb9d7f03ec0c2a7a,SO70797,22,FE-6654,1,22,e84848120190a8d0e696fbeb15647a74
17543,e871b36e68b0b3d0af9c742d81fef27a,3fe686907939d07097f6c87f08025422,SO70136,4590,BK-M68B-38,2,4590,1faee5670542865e021595151379fe5c
17543,e871b36e68b0b3d0af9c742d81fef27a,3fe686907939d07097f6c87f08025422,SO70136,120,RA-H123,1,120,1faee5670542865e021595151379fe5c
17544,e871b36e68b0b3d0af9c742d81fef27a,3fe686907939d07097f6c87f08025422,SO70137,4640,BK-M68S-42,2,4640,1faee5670542865e021595151379fe5c
17544,e871b36e68b0b3d0af9c742d81fef27a,3fe686907939d07097f6c87f08025422,SO70137,35,TI-M823,1,35,1faee5670542865e021595151379fe5c
17544,e871b36e68b0b3d0af9c742d81fef27a,3fe686907939d07097f6c87f08025422,SO70137,5,TT-M928,1,5,1faee5670542865e021595151379fe5c
17545,fd5ba6fdeb81e07b2caf0b103489bd8d,e871b36e68b0b3d0af9c742d81fef27a,SO70988,4640,BK-M68S-38,2,4640,17520f5649fab40fb66771362888cb90
17545,fd5ba6fdeb81e07b2caf0b103489bd8d,e871b36e68b0b3d0af9c742d81fef27a,SO70988,22,FE-6654,1,22,17520f5649fab40fb66771362888cb90
17546,99c8f306659fd98cbb9d7f03ec0c2a7a,705fa39ab40831529471c768490339ab,SO69912,10,BC-M005,1,10,fff3c307c93eda1eb91d53ca588846fe
17546,99c8f306659fd98cbb9d7f03ec0c2a7a,705fa39ab40831529471c768490339ab,SO69912,4590,BK-M68B-38,2,4590,fff3c307c93eda1eb91d53ca588846fe
17546,99c8f306659fd98cbb9d7f03ec0c2a7a,705fa39ab40831529471c768490339ab,SO69912,27,CA-1098,3,27,fff3c307c93eda1eb91d53ca588846fe
17546,99c8f306659fd98cbb9d7f03ec0c2a7a,705fa39ab40831529471c768490339ab,SO69912,5,WB-H098,1,5,fff3c307c93eda1eb91d53ca588846fe
17547,5c741aa8e0753be65314a304e7b39c14,d945ec2aae74dbfb829453026b91c235,SO62049,5,WB-H098,1,5,7ee641303ef8d8b10d0ed00a060c73cc
17548,5efefff01843f5aa3f7d8a4d44b4bf2e,922d04aa1f67bbe0270bfad98508f43e,SO62576,1701,BK-R79Y-48,1,1701,db2f6a564b6f5f41253c68874b50962b
17549,d612b5fb3f6011688fb0c9927693365a,3e107cd1554225ea3056ed5010adce90,SO74392,105,HL-U509-B,3,105,a1e59736d286765313b8212467dc64b2
17549,d612b5fb3f6011688fb0c9927693365a,3e107cd1554225ea3056ed5010adce90,SO74392,5,WB-H098,1,5,a1e59736d286765313b8212467dc64b2
17550,43e2cc7ff261723f93f64f3f7e9faa8d,a6f2945baeceeef4c8d541a22f6e99e9,SO73447,5,WB-H098,1,5,88077cf01a3e17831c2d0bcca5897c5b
17551,013f173c58073e845f675d26fdde1918,ccb91034934bb047c5f6a32eb289b95b,SO60534,27,CA-1098,3,27,d6fb379288416774d139632beb88e26b
17551,013f173c58073e845f675d26fdde1918,ccb91034934bb047c5f6a32eb289b95b,SO60534,105,HL-U509-R,3,105,d6fb379288416774d139632beb88e26b
17551,013f173c58073e845f675d26fdde1918,ccb91034934bb047c5f6a32eb289b95b,SO60534,150,LJ-0192-M,3,150,d6fb379288416774d139632beb88e26b
17551,013f173c58073e845f675d26fdde1918,ccb91034934bb047c5f6a32eb289b95b,SO60534,30,TI-M602,1,30,d6fb379288416774d139632beb88e26b
17551,013f173c58073e845f675d26fdde1918,ccb91034934bb047c5f6a32eb289b95b,SO60534,5,TT-M928,1,5,d6fb379288416774d139632beb88e26b
17551,7299e51cfc0d5174743a6701a8a96488,56d78836c9cf0de136c4d2d37aba2280,SO64765,10,BC-M005,1,10,58f0b42da53adeeccbfa693883fea672
17551,7299e51cfc0d5174743a6701a8a96488,56d78836c9cf0de136c4d2d37aba2280,SO64765,22,FE-6654,1,22,58f0b42da53adeeccbfa693883fea672
17552,49fce086a31f1cfcf16b54e462f7cbc0,99c8f306659fd98cbb9d7f03ec0c2a7a,SO70798,4640,BK-M68S-42,2,4640,e84848120190a8d0e696fbeb15647a74
17552,49fce086a31f1cfcf16b54e462f7cbc0,99c8f306659fd98cbb9d7f03ec0c2a7a,SO70798,2,PK-7098,1,2,e84848120190a8d0e696fbeb15647a74
17552,49fce086a31f1cfcf16b54e462f7cbc0,99c8f306659fd98cbb9d7f03ec0c2a7a,SO70798,35,TI-M823,1,35,e84848120190a8d0e696fbeb15647a74
17553,58c4ce5b9433e7b6d41793d5a76d5590,1556bafff387fc8f2f6fef64c1daa6bc,SO71322,10,BC-M005,1,10,fd5ba6fdeb81e07b2caf0b103489bd8d
17553,58c4ce5b9433e7b6d41793d5a76d5590,1556bafff387fc8f2f6fef64c1daa6bc,SO71322,4640,BK-M68S-42,2,4640,fd5ba6fdeb81e07b2caf0b103489bd8d
17553,58c4ce5b9433e7b6d41793d5a76d5590,1556bafff387fc8f2f6fef64c1daa6bc,SO71322,8,CL-9009,1,8,fd5ba6fdeb81e07b2caf0b103489bd8d
17553,58c4ce5b9433e7b6d41793d5a76d5590,1556bafff387fc8f2f6fef64c1daa6bc,SO71322,5,WB-H098,1,5,fd5ba6fdeb81e07b2caf0b103489bd8d
17554,deff8ad81a213d1110c1f409a7f40fcd,b8cc77f0099ae7d3a20b9f0b74d70b12,SO52801,105,HL-U509-B,3,105,f04e53711455521533f4c5ed7dcaa287
17554,deff8ad81a213d1110c1f409a7f40fcd,b8cc77f0099ae7d3a20b9f0b74d70b12,SO52801,5,WB-H098,1,5,f04e53711455521533f4c5ed7dcaa287
17555,8728a5e296f39e49d2fa74c31820e99f,66e56e10b0f528b66a45e307ecdf4774,SO69617,4640,BK-M68S-42,2,4640,3fe686907939d07097f6c87f08025422
17555,8728a5e296f39e49d2fa74c31820e99f,66e56e10b0f528b66a45e307ecdf4774,SO69617,35,TI-M823,1,35,3fe686907939d07097f6c87f08025422
17555,8728a5e296f39e49d2fa74c31820e99f,66e56e10b0f528b66a45e307ecdf4774,SO69617,5,TT-M928,1,5,3fe686907939d07097f6c87f08025422
17555,8728a5e296f39e49d2fa74c31820e99f,66e56e10b0f528b66a45e307ecdf4774,SO69617,64,VE-C304-S,1,64,3fe686907939d07097f6c87f08025422
17556,3c1811b546060d91957cc446aabc4a3c,3c4bf68562424c26986beae6ce13704a,SO55710,5,TT-M928,1,5,3c8e2c51453f4d665f1050da871dead6
17557,2d6e054ac82934d489c58cc8399a1628,ce08c22f7777768ce4197eab9727516c,SO60824,540,BK-R19B-48,1,540,348f48807f500aeac729fb17d9bc97f1
17558,3fe686907939d07097f6c87f08025422,8eb7a1b0dba9fdd5f4248b9cb6b9119b,SO69082,1701,BK-R79Y-40,1,1701,e5114f65ece65e14e7b721dab1e674e0
17558,3fe686907939d07097f6c87f08025422,8eb7a1b0dba9fdd5f4248b9cb6b9119b,SO69082,48,GL-H102-M,2,48,e5114f65ece65e14e7b721dab1e674e0
17558,3fe686907939d07097f6c87f08025422,8eb7a1b0dba9fdd5f4248b9cb6b9119b,SO69082,25,TI-R628,1,25,e5114f65ece65e14e7b721dab1e674e0
17559,922d04aa1f67bbe0270bfad98508f43e,0383d48e76cd8a3dfb9e2a890f2cac18,SO61852,9,BC-R205,1,9,76918877cf6ce7011018cd9708723392
17559,922d04aa1f67bbe0270bfad98508f43e,0383d48e76cd8a3dfb9e2a890f2cac18,SO61852,1701,BK-R79Y-40,1,1701,76918877cf6ce7011018cd9708723392
17559,922d04aa1f67bbe0270bfad98508f43e,0383d48e76cd8a3dfb9e2a890f2cac18,SO61852,105,HL-U509,3,105,76918877cf6ce7011018cd9708723392
17559,922d04aa1f67bbe0270bfad98508f43e,0383d48e76cd8a3dfb9e2a890f2cac18,SO61852,5,WB-H098,1,5,76918877cf6ce7011018cd9708723392
17560,b0241b451647f25db5f52074445d820c,7a8e187aeb003f6e34c02a4d5b9b153e,SO64270,105,HL-U509-R,3,105,56d78836c9cf0de136c4d2d37aba2280
17560,b0241b451647f25db5f52074445d820c,7a8e187aeb003f6e34c02a4d5b9b153e,SO64270,5,WB-H098,1,5,56d78836c9cf0de136c4d2d37aba2280
17561,290499d9b8e65db426ba9b842714eb6d,606ed413481267c98754e3351f662859,SO62687,1701,BK-R79Y-42,1,1701,d1024973c3d10f08cb9fa1736e6ed8b7
17561,290499d9b8e65db426ba9b842714eb6d,606ed413481267c98754e3351f662859,SO62687,105,HL-U509-R,3,105,d1024973c3d10f08cb9fa1736e6ed8b7
17562,b21e833d3ead6056f1265f13fe1ff015,7983129d9883ebc3b9dce3311996b001,SO60589,27,CA-1098,3,27,4804ee33768b143d9706052696f7dfbd
17562,b21e833d3ead6056f1265f13fe1ff015,7983129d9883ebc3b9dce3311996b001,SO60589,5,WB-H098,1,5,4804ee33768b143d9706052696f7dfbd
17563,6a8d7e42bb852c45fbf8610361d391a0,3f72b837978dcd042b73e7270f11a4ca,SO71125,10,BC-M005,1,10,49fce086a31f1cfcf16b54e462f7cbc0
17563,6a8d7e42bb852c45fbf8610361d391a0,3f72b837978dcd042b73e7270f11a4ca,SO71125,4640,BK-M68S-42,2,4640,49fce086a31f1cfcf16b54e462f7cbc0
17563,6a8d7e42bb852c45fbf8610361d391a0,3f72b837978dcd042b73e7270f11a4ca,SO71125,8,CL-9009,1,8,49fce086a31f1cfcf16b54e462f7cbc0
17563,6a8d7e42bb852c45fbf8610361d391a0,3f72b837978dcd042b73e7270f11a4ca,SO71125,55,HY-1023-70,1,55,49fce086a31f1cfcf16b54e462f7cbc0
17563,6a8d7e42bb852c45fbf8610361d391a0,3f72b837978dcd042b73e7270f11a4ca,SO71125,5,WB-H098,1,5,49fce086a31f1cfcf16b54e462f7cbc0
17564,2ed3972e38245b633ec6b146c2970148,6477c205c5117a9448ba863e111acf32,SO61727,1701,BK-R79Y-48,1,1701,2becb9647677a1a316b388bbad689580
17564,2ed3972e38245b633ec6b146c2970148,6477c205c5117a9448ba863e111acf32,SO61727,105,HL-U509,3,105,2becb9647677a1a316b388bbad689580
17565,ba19c22033aaecc6c5dad47f63e5858c,8dd08d219271ec96c543f486de430703,SO63056,1701,BK-R79Y-42,1,1701,16918840d98f27ce45948fe73dd5592f
17565,ba19c22033aaecc6c5dad47f63e5858c,8dd08d219271ec96c543f486de430703,SO63056,150,LJ-0192-M,3,150,16918840d98f27ce45948fe73dd5592f
17566,db2f6a564b6f5f41253c68874b50962b,76918877cf6ce7011018cd9708723392,SO62280,1701,BK-R79Y-40,1,1701,606ed413481267c98754e3351f662859
17566,db2f6a564b6f5f41253c68874b50962b,76918877cf6ce7011018cd9708723392,SO62280,105,HL-U509-R,3,105,606ed413481267c98754e3351f662859
17567,0d15ba5aa4c9ad0377b26e0cf7a86280,b21e833d3ead6056f1265f13fe1ff015,SO61479,1701,BK-R79Y-40,1,1701,4a70a3ec50fd16032883bf6fc79c55dd
17567,0d15ba5aa4c9ad0377b26e0cf7a86280,b21e833d3ead6056f1265f13fe1ff015,SO61479,27,CA-1098,3,27,4a70a3ec50fd16032883bf6fc79c55dd
17568,23bd9a9b90557e9da7babfb8e3d2df22,b210069485754303767745919c328b97,SO63813,9,BC-R205,1,9,a946e75bc65318721cd1e01162d392dd
17568,23bd9a9b90557e9da7babfb8e3d2df22,b210069485754303767745919c328b97,SO63813,1701,BK-R79Y-42,1,1701,a946e75bc65318721cd1e01162d392dd
17568,23bd9a9b90557e9da7babfb8e3d2df22,b210069485754303767745919c328b97,SO63813,5,WB-H098,1,5,a946e75bc65318721cd1e01162d392dd
17569,14e4b13c27fb9bce9938ce35b6597eca,c375f33d72ca7161f341c2726e82d67a,SO53370,48,GL-H102-L,2,48,9b98d27287b27eeee9ebc06e1d5a9a8d
17569,14e4b13c27fb9bce9938ce35b6597eca,c375f33d72ca7161f341c2726e82d67a,SO53370,105,HL-U509,3,105,9b98d27287b27eeee9ebc06e1d5a9a8d
17569,14e4b13c27fb9bce9938ce35b6597eca,c375f33d72ca7161f341c2726e82d67a,SO53370,5,WB-H098,1,5,9b98d27287b27eeee9ebc06e1d5a9a8d
17570,14e4b13c27fb9bce9938ce35b6597eca,c375f33d72ca7161f341c2726e82d67a,SO53371,27,CA-1098,3,27,9b98d27287b27eeee9ebc06e1d5a9a8d
17570,14e4b13c27fb9bce9938ce35b6597eca,c375f33d72ca7161f341c2726e82d67a,SO53371,55,HY-1023-70,1,55,9b98d27287b27eeee9ebc06e1d5a9a8d
17570,14e4b13c27fb9bce9938ce35b6597eca,c375f33d72ca7161f341c2726e82d67a,SO53371,5,WB-H098,1,5,9b98d27287b27eeee9ebc06e1d5a9a8d
17571,58f0b42da53adeeccbfa693883fea672,8c9ec1be720ee75d56d0c250d10610fa,SO64446,1701,BK-R79Y-42,1,1701,d4746e41b619da57ee9f1a2e2cc254e8
17571,58f0b42da53adeeccbfa693883fea672,8c9ec1be720ee75d56d0c250d10610fa,SO64446,27,CA-1098,3,27,d4746e41b619da57ee9f1a2e2cc254e8
17571,58f0b42da53adeeccbfa693883fea672,8c9ec1be720ee75d56d0c250d10610fa,SO64446,54,SJ-0194-M,1,54,d4746e41b619da57ee9f1a2e2cc254e8
17572,abe94c2111c58e9c9672602d41bce66e,0149f124a48640c62d90840ac5760331,SO64172,1701,BK-R79Y-44,1,1701,99b7e934795a93975a5e0c0b9b57d9ba
17572,abe94c2111c58e9c9672602d41bce66e,0149f124a48640c62d90840ac5760331,SO64172,105,HL-U509-B,3,105,99b7e934795a93975a5e0c0b9b57d9ba
17573,abe94c2111c58e9c9672602d41bce66e,0149f124a48640c62d90840ac5760331,SO64173,1701,BK-R79Y-44,1,1701,99b7e934795a93975a5e0c0b9b57d9ba
17573,abe94c2111c58e9c9672602d41bce66e,0149f124a48640c62d90840ac5760331,SO64173,105,HL-U509-R,3,105,99b7e934795a93975a5e0c0b9b57d9ba
17574,23bd9a9b90557e9da7babfb8e3d2df22,b210069485754303767745919c328b97,SO63810,1701,BK-R79Y-48,1,1701,a946e75bc65318721cd1e01162d392dd
17574,23bd9a9b90557e9da7babfb8e3d2df22,b210069485754303767745919c328b97,SO63810,27,CA-1098,3,27,a946e75bc65318721cd1e01162d392dd
17575,a6d37e298c3042e300813f55a17e0875,99b7e934795a93975a5e0c0b9b57d9ba,SO64670,1701,BK-R79Y-42,1,1701,b0241b451647f25db5f52074445d820c
17575,a6d37e298c3042e300813f55a17e0875,99b7e934795a93975a5e0c0b9b57d9ba,SO64670,105,HL-U509-B,3,105,b0241b451647f25db5f52074445d820c
17576,94b225b5b1f09ecd5e8ecdfb681ff04c,03bf7d2a8718ee9aca4bd2f37e962fc4,SO64373,1701,BK-R79Y-42,1,1701,61e00b038efd34bdf9c747596273cbcf
17576,94b225b5b1f09ecd5e8ecdfb681ff04c,03bf7d2a8718ee9aca4bd2f37e962fc4,SO64373,150,LJ-0192-L,3,150,61e00b038efd34bdf9c747596273cbcf
17577,94c60e0b5e2b0f78b919a5d4c67d70a2,0d15ba5aa4c9ad0377b26e0cf7a86280,SO62195,105,HL-U509-R,3,105,9913e55755fcc4267a06c1e6adbbc7fb
17577,94c60e0b5e2b0f78b919a5d4c67d70a2,0d15ba5aa4c9ad0377b26e0cf7a86280,SO62195,5,WB-H098,1,5,9913e55755fcc4267a06c1e6adbbc7fb
17578,7983129d9883ebc3b9dce3311996b001,0df76889b3e31ccfd17b50cc73baef03,SO59779,2,PK-7098,1,2,7254e54716fe52361e62aa16ea2e0797
17578,7983129d9883ebc3b9dce3311996b001,0df76889b3e31ccfd17b50cc73baef03,SO59779,5,WB-H098,1,5,7254e54716fe52361e62aa16ea2e0797
17579,4efe8b2ca156042f8a3d8dd6aba54520,e2f0a420a4c1a9e8e292761f835e0489,SO66349,22,FE-6654,1,22,e82ca4c6beebe812f10fa1041b97a160
17579,4efe8b2ca156042f8a3d8dd6aba54520,e2f0a420a4c1a9e8e292761f835e0489,SO66349,105,HL-U509-R,3,105,e82ca4c6beebe812f10fa1041b97a160
17579,86e0fc464cbb08ae74bd039224afec9a,38c9e5d1e366b4c5c36aae682bc960c4,SO72667,48,GL-H102-S,2,48,8920fd63645007b243abb750709b1172
17579,86e0fc464cbb08ae74bd039224afec9a,38c9e5d1e366b4c5c36aae682bc960c4,SO72667,105,HL-U509,3,105,8920fd63645007b243abb750709b1172
17579,86e0fc464cbb08ae74bd039224afec9a,38c9e5d1e366b4c5c36aae682bc960c4,SO72667,30,TI-M602,1,30,8920fd63645007b243abb750709b1172
17579,86e0fc464cbb08ae74bd039224afec9a,38c9e5d1e366b4c5c36aae682bc960c4,SO72667,5,TT-M928,1,5,8920fd63645007b243abb750709b1172
17580,fd5ba6fdeb81e07b2caf0b103489bd8d,e871b36e68b0b3d0af9c742d81fef27a,SO70989,4640,BK-M68S-42,2,4640,17520f5649fab40fb66771362888cb90
17580,fd5ba6fdeb81e07b2caf0b103489bd8d,e871b36e68b0b3d0af9c742d81fef27a,SO70989,105,HL-U509-R,3,105,17520f5649fab40fb66771362888cb90
17580,fd5ba6fdeb81e07b2caf0b103489bd8d,e871b36e68b0b3d0af9c742d81fef27a,SO70989,150,LJ-0192-L,3,150,17520f5649fab40fb66771362888cb90
17581,f544b472453b297a8b55709fbfd3746d,70951886788165a5e2439adfce4d0cce,SO70063,10,BC-M005,1,10,331afa0aff1b1cfbf3d24944ab38c9d2
17581,f544b472453b297a8b55709fbfd3746d,70951886788165a5e2439adfce4d0cce,SO70063,4590,BK-M68B-42,2,4590,331afa0aff1b1cfbf3d24944ab38c9d2
17581,f544b472453b297a8b55709fbfd3746d,70951886788165a5e2439adfce4d0cce,SO70063,48,GL-H102-M,2,48,331afa0aff1b1cfbf3d24944ab38c9d2
17581,f544b472453b297a8b55709fbfd3746d,70951886788165a5e2439adfce4d0cce,SO70063,105,HL-U509-B,3,105,331afa0aff1b1cfbf3d24944ab38c9d2
17581,f544b472453b297a8b55709fbfd3746d,70951886788165a5e2439adfce4d0cce,SO70063,5,WB-H098,1,5,331afa0aff1b1cfbf3d24944ab38c9d2
17582,fd5ba6fdeb81e07b2caf0b103489bd8d,e871b36e68b0b3d0af9c742d81fef27a,SO70985,10,BC-M005,1,10,17520f5649fab40fb66771362888cb90
17582,fd5ba6fdeb81e07b2caf0b103489bd8d,e871b36e68b0b3d0af9c742d81fef27a,SO70985,4640,BK-M68S-38,2,4640,17520f5649fab40fb66771362888cb90
17582,fd5ba6fdeb81e07b2caf0b103489bd8d,e871b36e68b0b3d0af9c742d81fef27a,SO70985,64,VE-C304-M,1,64,17520f5649fab40fb66771362888cb90
17582,fd5ba6fdeb81e07b2caf0b103489bd8d,e871b36e68b0b3d0af9c742d81fef27a,SO70985,5,WB-H098,1,5,17520f5649fab40fb66771362888cb90
17583,c375f33d72ca7161f341c2726e82d67a,9f79f7706bc6a7654ef0b8977966f69a,SO52744,105,HL-U509-R,3,105,0dc34ca2aaa8612cde077f1880b78b25
17583,c375f33d72ca7161f341c2726e82d67a,9f79f7706bc6a7654ef0b8977966f69a,SO52744,5,WB-H098,1,5,0dc34ca2aaa8612cde077f1880b78b25
17584,4c9ae581a14adbccc0bcd009c17b6cbe,56e52500a7f5ab963646137a401683cd,SO75047,105,HL-U509,3,105,838eec1f117f2cab9e9c306f7efbff28
17584,4c9ae581a14adbccc0bcd009c17b6cbe,56e52500a7f5ab963646137a401683cd,SO75047,5,WB-H098,1,5,838eec1f117f2cab9e9c306f7efbff28
17585,8920fd63645007b243abb750709b1172,58c4ce5b9433e7b6d41793d5a76d5590,SO72315,22,FE-6654,1,22,0d3057f268050d468f468434f8ec809a
17585,8920fd63645007b243abb750709b1172,58c4ce5b9433e7b6d41793d5a76d5590,SO72315,64,VE-C304-L,1,64,0d3057f268050d468f468434f8ec809a
17585,b8d9d66529b0a1e91f6137abcdd065dd,6d44506d59926d8d13d35f75d97f2a64,SO54219,27,CA-1098,3,27,90c6314650a0d54fdcabe5cd5406f9af
17585,b8d9d66529b0a1e91f6137abcdd065dd,6d44506d59926d8d13d35f75d97f2a64,SO54219,70,SH-W890-L,1,70,90c6314650a0d54fdcabe5cd5406f9af
17586,691ad1b0dca3643b923973defd014d47,6dd75c28a9a8a39e02bc0a175f82a9f3,SO67835,1701,BK-R79Y-40,1,1701,9f1ff00ea8fd9fd8f2d421ba5ec45a18
17586,691ad1b0dca3643b923973defd014d47,6dd75c28a9a8a39e02bc0a175f82a9f3,SO67835,150,LJ-0192-M,3,150,9f1ff00ea8fd9fd8f2d421ba5ec45a18
17587,f544b472453b297a8b55709fbfd3746d,70951886788165a5e2439adfce4d0cce,SO70047,5,WB-H098,1,5,331afa0aff1b1cfbf3d24944ab38c9d2
17588,fee8e08233f3f00450bce31967abb0f1,331afa0aff1b1cfbf3d24944ab38c9d2,SO70544,27,CA-1098,3,27,86bfb8ffc7a79e52d833cedce4d275bf
17588,fee8e08233f3f00450bce31967abb0f1,331afa0aff1b1cfbf3d24944ab38c9d2,SO70544,5,WB-H098,1,5,86bfb8ffc7a79e52d833cedce4d275bf
17589,021d7f51f97fea2b23b069288066b34d,722dc621a1a56555843f574144bfcdf0,SO74931,55,HY-1023-70,1,55,bb858b10001c01aea17b4e635d0662a2
17589,021d7f51f97fea2b23b069288066b34d,722dc621a1a56555843f574144bfcdf0,SO74931,5,WB-H098,1,5,bb858b10001c01aea17b4e635d0662a2
17590,9223b53f03a405f817e91392f0294f6a,3e07f09fb2edbdf0bf6a54c17634514b,SO53800,5,WB-H098,1,5,14e4b13c27fb9bce9938ce35b6597eca
17591,38c9e5d1e366b4c5c36aae682bc960c4,8fa3bab223bec6501ad71f96bb1067b6,SO71666,4590,BK-M68B-46,2,4590,58c4ce5b9433e7b6d41793d5a76d5590
17591,38c9e5d1e366b4c5c36aae682bc960c4,8fa3bab223bec6501ad71f96bb1067b6,SO71666,2,PK-7098,1,2,58c4ce5b9433e7b6d41793d5a76d5590
17591,38c9e5d1e366b4c5c36aae682bc960c4,8fa3bab223bec6501ad71f96bb1067b6,SO71666,35,TI-M823,1,35,58c4ce5b9433e7b6d41793d5a76d5590
17591,38c9e5d1e366b4c5c36aae682bc960c4,8fa3bab223bec6501ad71f96bb1067b6,SO71666,5,TT-M928,1,5,58c4ce5b9433e7b6d41793d5a76d5590
17592,128ee9ff420de424a605a0ee4a6f7916,fee8e08233f3f00450bce31967abb0f1,SO71406,10,BC-M005,1,10,2797a91b25bc2aa85124c99bc574dc83
17592,128ee9ff420de424a605a0ee4a6f7916,fee8e08233f3f00450bce31967abb0f1,SO71406,4640,BK-M68S-38,2,4640,2797a91b25bc2aa85124c99bc574dc83
17592,128ee9ff420de424a605a0ee4a6f7916,fee8e08233f3f00450bce31967abb0f1,SO71406,5,WB-H098,1,5,2797a91b25bc2aa85124c99bc574dc83
17593,f544b472453b297a8b55709fbfd3746d,70951886788165a5e2439adfce4d0cce,SO70061,4590,BK-M68B-38,2,4590,331afa0aff1b1cfbf3d24944ab38c9d2
17593,f544b472453b297a8b55709fbfd3746d,70951886788165a5e2439adfce4d0cce,SO70061,22,FE-6654,1,22,331afa0aff1b1cfbf3d24944ab38c9d2
17593,f544b472453b297a8b55709fbfd3746d,70951886788165a5e2439adfce4d0cce,SO70061,64,VE-C304-S,1,64,331afa0aff1b1cfbf3d24944ab38c9d2
17594,38c9e5d1e366b4c5c36aae682bc960c4,8fa3bab223bec6501ad71f96bb1067b6,SO71667,4640,BK-M68S-38,2,4640,58c4ce5b9433e7b6d41793d5a76d5590
17594,38c9e5d1e366b4c5c36aae682bc960c4,8fa3bab223bec6501ad71f96bb1067b6,SO71667,22,FE-6654,1,22,58c4ce5b9433e7b6d41793d5a76d5590
17594,38c9e5d1e366b4c5c36aae682bc960c4,8fa3bab223bec6501ad71f96bb1067b6,SO71667,105,HL-U509-R,3,105,58c4ce5b9433e7b6d41793d5a76d5590
17595,8fa3bab223bec6501ad71f96bb1067b6,b95a9f47dd73bb9b799a31ae04ee7da1,SO70863,1701,BK-R79Y-40,1,1701,1556bafff387fc8f2f6fef64c1daa6bc
17595,8fa3bab223bec6501ad71f96bb1067b6,b95a9f47dd73bb9b799a31ae04ee7da1,SO70863,105,HL-U509-B,3,105,1556bafff387fc8f2f6fef64c1daa6bc
17595,8fa3bab223bec6501ad71f96bb1067b6,b95a9f47dd73bb9b799a31ae04ee7da1,SO70863,150,LJ-0192-L,3,150,1556bafff387fc8f2f6fef64c1daa6bc
17596,abe94c2111c58e9c9672602d41bce66e,0149f124a48640c62d90840ac5760331,SO64171,1701,BK-R79Y-42,1,1701,99b7e934795a93975a5e0c0b9b57d9ba
17596,abe94c2111c58e9c9672602d41bce66e,0149f124a48640c62d90840ac5760331,SO64171,150,LJ-0192-X,3,150,99b7e934795a93975a5e0c0b9b57d9ba
17597,a6d37e298c3042e300813f55a17e0875,99b7e934795a93975a5e0c0b9b57d9ba,SO64671,9,BC-R205,1,9,b0241b451647f25db5f52074445d820c
17597,a6d37e298c3042e300813f55a17e0875,99b7e934795a93975a5e0c0b9b57d9ba,SO64671,1701,BK-R79Y-48,1,1701,b0241b451647f25db5f52074445d820c
17597,a6d37e298c3042e300813f55a17e0875,99b7e934795a93975a5e0c0b9b57d9ba,SO64671,27,CA-1098,3,27,b0241b451647f25db5f52074445d820c
17597,a6d37e298c3042e300813f55a17e0875,99b7e934795a93975a5e0c0b9b57d9ba,SO64671,5,WB-H098,1,5,b0241b451647f25db5f52074445d820c
17598,8c9ec1be720ee75d56d0c250d10610fa,16918840d98f27ce45948fe73dd5592f,SO63648,105,HL-U509-R,3,105,81a5d08c6beaeec9e42baae5d63dd780
17598,8c9ec1be720ee75d56d0c250d10610fa,16918840d98f27ce45948fe73dd5592f,SO63648,5,WB-H098,1,5,81a5d08c6beaeec9e42baae5d63dd780
17599,8c9ec1be720ee75d56d0c250d10610fa,16918840d98f27ce45948fe73dd5592f,SO63649,27,CA-1098,3,27,81a5d08c6beaeec9e42baae5d63dd780
17599,8c9ec1be720ee75d56d0c250d10610fa,16918840d98f27ce45948fe73dd5592f,SO63649,5,WB-H098,1,5,81a5d08c6beaeec9e42baae5d63dd780
17600,56d78836c9cf0de136c4d2d37aba2280,ba19c22033aaecc6c5dad47f63e5858c,SO63990,1701,BK-R79Y-42,1,1701,8c9ec1be720ee75d56d0c250d10610fa
17600,56d78836c9cf0de136c4d2d37aba2280,ba19c22033aaecc6c5dad47f63e5858c,SO63990,48,GL-H102-S,2,48,8c9ec1be720ee75d56d0c250d10610fa
17600,56d78836c9cf0de136c4d2d37aba2280,ba19c22033aaecc6c5dad47f63e5858c,SO63990,150,LJ-0192-S,3,150,8c9ec1be720ee75d56d0c250d10610fa
17601,0dc34ca2aaa8612cde077f1880b78b25,361e2c62255e0c1887ac2139911ca300,SO52509,10,BC-M005,1,10,7f026edc73bd4602381834e9b850d6c2
17601,0dc34ca2aaa8612cde077f1880b78b25,361e2c62255e0c1887ac2139911ca300,SO52509,22,FE-6654,1,22,7f026edc73bd4602381834e9b850d6c2
17601,0dc34ca2aaa8612cde077f1880b78b25,361e2c62255e0c1887ac2139911ca300,SO52509,55,HY-1023-70,1,55,7f026edc73bd4602381834e9b850d6c2
17601,0dc34ca2aaa8612cde077f1880b78b25,361e2c62255e0c1887ac2139911ca300,SO52509,64,VE-C304-L,1,64,7f026edc73bd4602381834e9b850d6c2
17601,0dc34ca2aaa8612cde077f1880b78b25,361e2c62255e0c1887ac2139911ca300,SO52509,5,WB-H098,1,5,7f026edc73bd4602381834e9b850d6c2
17601,6477c205c5117a9448ba863e111acf32,c926349b55a58d87d7d5008c349fd1e9,SO60860,105,HL-U509,3,105,013f173c58073e845f675d26fdde1918
17601,6477c205c5117a9448ba863e111acf32,c926349b55a58d87d7d5008c349fd1e9,SO60860,30,TI-M602,1,30,013f173c58073e845f675d26fdde1918
17601,6477c205c5117a9448ba863e111acf32,c926349b55a58d87d7d5008c349fd1e9,SO60860,5,TT-M928,1,5,013f173c58073e845f675d26fdde1918
17602,99b7e934795a93975a5e0c0b9b57d9ba,870bd4f3713260418e4f342f31dc7e33,SO63847,5,WB-H098,1,5,7a8e187aeb003f6e34c02a4d5b9b153e
17603,b322422d9a721bbdefa133133dd407c1,07b7d2aed13a63a16377587dcc0abbe8,SO66848,5,WB-H098,1,5,2296af5563b2061aa1d88124a37eecb7
17604,331afa0aff1b1cfbf3d24944ab38c9d2,c885741a5e3e55c84950327011b70289,SO69703,4590,BK-M68B-46,2,4590,962bae2fb03296a3b9cacabfa929322c
17604,331afa0aff1b1cfbf3d24944ab38c9d2,c885741a5e3e55c84950327011b70289,SO69703,105,HL-U509,3,105,962bae2fb03296a3b9cacabfa929322c
17604,331afa0aff1b1cfbf3d24944ab38c9d2,c885741a5e3e55c84950327011b70289,SO69703,35,TI-M823,1,35,962bae2fb03296a3b9cacabfa929322c
17604,331afa0aff1b1cfbf3d24944ab38c9d2,c885741a5e3e55c84950327011b70289,SO69703,5,TT-M928,1,5,962bae2fb03296a3b9cacabfa929322c
17605,fda052162862bb845297063fd71a580c,1678083e7ff90bd404baad3f60bffa37,SO56400,105,HL-U509-B,3,105,a2c49941411089cb2a9cbf78cb803c26
17605,fda052162862bb845297063fd71a580c,1678083e7ff90bd404baad3f60bffa37,SO56400,5,WB-H098,1,5,a2c49941411089cb2a9cbf78cb803c26
17606,c507827aa5f4f6bbedf64058461c621b,6d1d8a1c7851eb5a946d45009cea6d9f,SO66463,5,WB-H098,1,5,dfcee565bb2da80a7b76451a5cd314a1
17607,6582aa26281b9a92ad60e6a03e274c00,232e830f1ac667c081eaaca23cdf9b5f,SO65416,150,LJ-0192-S,3,150,18f358e551b5b85912bc952ab9894c0d
17607,6582aa26281b9a92ad60e6a03e274c00,232e830f1ac667c081eaaca23cdf9b5f,SO65416,5,WB-H098,1,5,18f358e551b5b85912bc952ab9894c0d
17608,4b5c3229e0725ef8d303f494db9faec8,f46ace11e93788e473124f7be16a19d5,SO63743,1701,BK-R79Y-44,1,1701,0149f124a48640c62d90840ac5760331
17609,0149f124a48640c62d90840ac5760331,4555f65c4664801d78b9f5477f89d8fd,SO63416,1701,BK-R79Y-44,1,1701,870bd4f3713260418e4f342f31dc7e33
17609,0149f124a48640c62d90840ac5760331,4555f65c4664801d78b9f5477f89d8fd,SO63416,25,TI-R628,1,25,870bd4f3713260418e4f342f31dc7e33
17610,412998e77ee121227580e3d363f75fa2,df595e3c678d4fae23ce174fe747165e,SO59854,105,HL-U509-B,3,105,254d832c83ccdb2c33eab65a4fd196ff
17610,412998e77ee121227580e3d363f75fa2,df595e3c678d4fae23ce174fe747165e,SO59854,5,WB-H098,1,5,254d832c83ccdb2c33eab65a4fd196ff
17611,4dbf892d41ae205f6e36838031cff786,de22d232bbe84481579f6252f1e7091d,SO58217,105,HL-U509,3,105,3fbd0407b55d3a3da21388a2ddbf881c
17611,4dbf892d41ae205f6e36838031cff786,de22d232bbe84481579f6252f1e7091d,SO58217,5,WB-H098,1,5,3fbd0407b55d3a3da21388a2ddbf881c
17612,921bc92a493b53f98f24e6a8a12801be,17520f5649fab40fb66771362888cb90,SO71461,4590,BK-M68B-38,2,4590,6a8d7e42bb852c45fbf8610361d391a0
17612,921bc92a493b53f98f24e6a8a12801be,17520f5649fab40fb66771362888cb90,SO71461,22,FE-6654,1,22,6a8d7e42bb852c45fbf8610361d391a0
17612,921bc92a493b53f98f24e6a8a12801be,17520f5649fab40fb66771362888cb90,SO71461,105,HL-U509,3,105,6a8d7e42bb852c45fbf8610361d391a0
17613,0001ffe4d82d0d8f9fec5ab0b4faa2db,3dc63b2d6dcc8f0b6720b06b5439a0b1,SO67069,4590,BK-M68B-46,2,4590,4004a117f65dfd3221a9cce8fce5a45f
17613,0001ffe4d82d0d8f9fec5ab0b4faa2db,3dc63b2d6dcc8f0b6720b06b5439a0b1,SO67069,22,FE-6654,1,22,4004a117f65dfd3221a9cce8fce5a45f
17613,0001ffe4d82d0d8f9fec5ab0b4faa2db,3dc63b2d6dcc8f0b6720b06b5439a0b1,SO67069,105,HL-U509-B,3,105,4004a117f65dfd3221a9cce8fce5a45f
17613,0001ffe4d82d0d8f9fec5ab0b4faa2db,3dc63b2d6dcc8f0b6720b06b5439a0b1,SO67069,150,LJ-0192-S,3,150,4004a117f65dfd3221a9cce8fce5a45f
17614,f75e5f8c15ca91ec5c869dc3881f574f,3a23b248b732af434a45fce0302aa11f,SO63942,1701,BK-R79Y-40,1,1701,03bf7d2a8718ee9aca4bd2f37e962fc4
17615,4b5c3229e0725ef8d303f494db9faec8,f46ace11e93788e473124f7be16a19d5,SO63744,1701,BK-R79Y-42,1,1701,0149f124a48640c62d90840ac5760331
17615,4b5c3229e0725ef8d303f494db9faec8,f46ace11e93788e473124f7be16a19d5,SO63744,27,CA-1098,3,27,0149f124a48640c62d90840ac5760331
17615,4b5c3229e0725ef8d303f494db9faec8,f46ace11e93788e473124f7be16a19d5,SO63744,54,SJ-0194-M,1,54,0149f124a48640c62d90840ac5760331
17616,40ff348468b73116a7077c246985e0bf,a2c49941411089cb2a9cbf78cb803c26,SO56775,5,WB-H098,1,5,830e779850b1d58733a7ad711bf6b83f
17617,23bd9a9b90557e9da7babfb8e3d2df22,b210069485754303767745919c328b97,SO63811,1701,BK-R79Y-44,1,1701,a946e75bc65318721cd1e01162d392dd
17617,23bd9a9b90557e9da7babfb8e3d2df22,b210069485754303767745919c328b97,SO63811,54,SJ-0194-M,1,54,a946e75bc65318721cd1e01162d392dd
17618,58f0b42da53adeeccbfa693883fea672,8c9ec1be720ee75d56d0c250d10610fa,SO64400,105,HL-U509-R,3,105,d4746e41b619da57ee9f1a2e2cc254e8
17618,58f0b42da53adeeccbfa693883fea672,8c9ec1be720ee75d56d0c250d10610fa,SO64400,5,WB-H098,1,5,d4746e41b619da57ee9f1a2e2cc254e8
17619,013f173c58073e845f675d26fdde1918,ccb91034934bb047c5f6a32eb289b95b,SO60547,22,FE-6654,1,22,d6fb379288416774d139632beb88e26b
17619,013f173c58073e845f675d26fdde1918,ccb91034934bb047c5f6a32eb289b95b,SO60547,150,LJ-0192-S,3,150,d6fb379288416774d139632beb88e26b
17619,31c99d724c1f182c60edb82eb4740277,e84848120190a8d0e696fbeb15647a74,SO71237,22,FE-6654,1,22,3db19f5f710f10e90ecc7154c649d60a
17619,31c99d724c1f182c60edb82eb4740277,e84848120190a8d0e696fbeb15647a74,SO71237,105,HL-U509-R,3,105,3db19f5f710f10e90ecc7154c649d60a
17619,31c99d724c1f182c60edb82eb4740277,e84848120190a8d0e696fbeb15647a74,SO71237,30,TI-M602,1,30,3db19f5f710f10e90ecc7154c649d60a
17619,31c99d724c1f182c60edb82eb4740277,e84848120190a8d0e696fbeb15647a74,SO71237,5,TT-M928,1,5,3db19f5f710f10e90ecc7154c649d60a
17620,7a8e187aeb003f6e34c02a4d5b9b153e,2fe1a028f9398deb2efcd536c8246fae,SO63544,1701,BK-R79Y-48,1,1701,ba19c22033aaecc6c5dad47f63e5858c
17621,c87874400b9f907bdf9ea37d75a4b341,23bd9a9b90557e9da7babfb8e3d2df22,SO64607,1701,BK-R79Y-48,1,1701,8b9fe4b34e3c54f08bfcac3d9691e260
17621,c87874400b9f907bdf9ea37d75a4b341,23bd9a9b90557e9da7babfb8e3d2df22,SO64607,2,PK-7098,1,2,8b9fe4b34e3c54f08bfcac3d9691e260
17621,c87874400b9f907bdf9ea37d75a4b341,23bd9a9b90557e9da7babfb8e3d2df22,SO64607,25,TI-R628,1,25,8b9fe4b34e3c54f08bfcac3d9691e260
17621,c87874400b9f907bdf9ea37d75a4b341,23bd9a9b90557e9da7babfb8e3d2df22,SO64607,4,TT-R982,1,4,8b9fe4b34e3c54f08bfcac3d9691e260
17622,c507827aa5f4f6bbedf64058461c621b,6d1d8a1c7851eb5a946d45009cea6d9f,SO66480,4640,BK-M68S-42,2,4640,dfcee565bb2da80a7b76451a5cd314a1
17622,c507827aa5f4f6bbedf64058461c621b,6d1d8a1c7851eb5a946d45009cea6d9f,SO66480,55,HY-1023-70,1,55,dfcee565bb2da80a7b76451a5cd314a1
17623,e871b36e68b0b3d0af9c742d81fef27a,3fe686907939d07097f6c87f08025422,SO70135,10,BC-M005,1,10,1faee5670542865e021595151379fe5c
17623,e871b36e68b0b3d0af9c742d81fef27a,3fe686907939d07097f6c87f08025422,SO70135,4590,BK-M68B-46,2,4590,1faee5670542865e021595151379fe5c
17623,e871b36e68b0b3d0af9c742d81fef27a,3fe686907939d07097f6c87f08025422,SO70135,22,FE-6654,1,22,1faee5670542865e021595151379fe5c
17624,f544b472453b297a8b55709fbfd3746d,70951886788165a5e2439adfce4d0cce,SO70062,4640,BK-M68S-46,2,4640,331afa0aff1b1cfbf3d24944ab38c9d2
17624,f544b472453b297a8b55709fbfd3746d,70951886788165a5e2439adfce4d0cce,SO70062,2,PK-7098,1,2,331afa0aff1b1cfbf3d24944ab38c9d2
17624,f544b472453b297a8b55709fbfd3746d,70951886788165a5e2439adfce4d0cce,SO70062,35,TI-M823,1,35,331afa0aff1b1cfbf3d24944ab38c9d2
17625,7acd252f45ad6fe668386456a673d543,0120f4004ede1143c3be6caa4227affe,SO67184,4640,BK-M68S-46,2,4640,b322422d9a721bbdefa133133dd407c1
17625,7acd252f45ad6fe668386456a673d543,0120f4004ede1143c3be6caa4227affe,SO67184,22,FE-6654,1,22,b322422d9a721bbdefa133133dd407c1
17625,7acd252f45ad6fe668386456a673d543,0120f4004ede1143c3be6caa4227affe,SO67184,150,LJ-0192-S,3,150,b322422d9a721bbdefa133133dd407c1
17625,7acd252f45ad6fe668386456a673d543,0120f4004ede1143c3be6caa4227affe,SO67184,35,TI-M823,1,35,b322422d9a721bbdefa133133dd407c1
17625,7acd252f45ad6fe668386456a673d543,0120f4004ede1143c3be6caa4227affe,SO67184,5,TT-M928,1,5,b322422d9a721bbdefa133133dd407c1
17626,4804ee33768b143d9706052696f7dfbd,7254e54716fe52361e62aa16ea2e0797,SO60262,769,BK-M38S-46,1,769,c660dc308b247ce08aeecd155306bae0
17626,4804ee33768b143d9706052696f7dfbd,7254e54716fe52361e62aa16ea2e0797,SO60262,150,LJ-0192-X,3,150,c660dc308b247ce08aeecd155306bae0
17626,ef6f862d87544c63e2c3dbb4d95a25a1,d842148982d8efbc5cc6f26b41cc7251,SO48716,4364,BK-R89B-52,2,4364,641f75927019dae5752cf63866b6ddca
17627,348f48807f500aeac729fb17d9bc97f1,5072507e949a2c25948a591c4da194e1,SO60468,769,BK-M38S-38,1,769,f108e0cd2f96a0c22086f9d45ee08f19
17627,348f48807f500aeac729fb17d9bc97f1,5072507e949a2c25948a591c4da194e1,SO60468,105,HL-U509-B,3,105,f108e0cd2f96a0c22086f9d45ee08f19
17627,348f48807f500aeac729fb17d9bc97f1,5072507e949a2c25948a591c4da194e1,SO60468,30,TI-M602,1,30,f108e0cd2f96a0c22086f9d45ee08f19
17627,348f48807f500aeac729fb17d9bc97f1,5072507e949a2c25948a591c4da194e1,SO60468,5,TT-M928,1,5,f108e0cd2f96a0c22086f9d45ee08f19
17627,8db869d79195e5e17fdcc7c203499b29,79e02a49bb92138c3f331082fef97f2e,SO48402,4364,BK-R89B-58,2,4364,e56b89db4bdb2b3ba01ca1e3dbaf16ef
17628,0814775cfc25da756a9b4197347ab771,d76e0ba1fa041675ae9af958c5b41ae4,SO57812,105,HL-U509-R,3,105,de22d232bbe84481579f6252f1e7091d
17628,0814775cfc25da756a9b4197347ab771,d76e0ba1fa041675ae9af958c5b41ae4,SO57812,150,LJ-0192-M,3,150,de22d232bbe84481579f6252f1e7091d
17628,0814775cfc25da756a9b4197347ab771,d76e0ba1fa041675ae9af958c5b41ae4,SO57812,9,SO-R809-L,1,9,de22d232bbe84481579f6252f1e7091d
17628,0814775cfc25da756a9b4197347ab771,d76e0ba1fa041675ae9af958c5b41ae4,SO57812,5,TT-M928,1,5,de22d232bbe84481579f6252f1e7091d
17628,dca79d69a6b38e95c4b03bfab997796c,e5bf4a4a03e320ed76cf2ca68fa5b4c0,SO52394,2,PK-7098,1,2,9f79f7706bc6a7654ef0b8977966f69a
17628,dca79d69a6b38e95c4b03bfab997796c,e5bf4a4a03e320ed76cf2ca68fa5b4c0,SO52394,5,TT-T092,1,5,9f79f7706bc6a7654ef0b8977966f69a
17629,1bc9f4b5f1c56b7e2d5b17c27dad280f,42c14d5c5a8f3096180b16977a1ea248,SO49802,2443,BK-R89R-52,1,2443,d194d40a2a86356fa1572b2ef8e36048
17629,7f026edc73bd4602381834e9b850d6c2,eedd9be5500334505ed9d4aef801ac3d,SO52222,1701,BK-R79Y-40,1,1701,db2b287636ac5ebda430de4f3f643b24
17629,7f026edc73bd4602381834e9b850d6c2,eedd9be5500334505ed9d4aef801ac3d,SO52222,25,TI-R628,1,25,db2b287636ac5ebda430de4f3f643b24
17629,7f026edc73bd4602381834e9b850d6c2,eedd9be5500334505ed9d4aef801ac3d,SO52222,4,TT-R982,1,4,db2b287636ac5ebda430de4f3f643b24
17630,dca79d69a6b38e95c4b03bfab997796c,e5bf4a4a03e320ed76cf2ca68fa5b4c0,SO52391,5,WB-H098,1,5,9f79f7706bc6a7654ef0b8977966f69a
17631,4310d0d92131e34ff2716d85e1953174,90c6314650a0d54fdcabe5cd5406f9af,SO54630,27,CA-1098,3,27,d3c54b4368c62c2ff11535bf2b677170
17631,4310d0d92131e34ff2716d85e1953174,90c6314650a0d54fdcabe5cd5406f9af,SO54630,105,HL-U509,3,105,d3c54b4368c62c2ff11535bf2b677170
17631,4310d0d92131e34ff2716d85e1953174,90c6314650a0d54fdcabe5cd5406f9af,SO54630,150,LJ-0192-M,3,150,d3c54b4368c62c2ff11535bf2b677170
17631,4310d0d92131e34ff2716d85e1953174,90c6314650a0d54fdcabe5cd5406f9af,SO54630,4,TT-R982,1,4,d3c54b4368c62c2ff11535bf2b677170
17632,04dbdf67bb8714ba18c9c36d50d1f5dc,4cc27df81afd686c0420394e090460cb,SO61980,10,BC-M005,1,10,2ed3972e38245b633ec6b146c2970148
17632,04dbdf67bb8714ba18c9c36d50d1f5dc,4cc27df81afd686c0420394e090460cb,SO61980,769,BK-M38S-42,1,769,2ed3972e38245b633ec6b146c2970148
17632,04dbdf67bb8714ba18c9c36d50d1f5dc,4cc27df81afd686c0420394e090460cb,SO61980,105,HL-U509,3,105,2ed3972e38245b633ec6b146c2970148
17632,04dbdf67bb8714ba18c9c36d50d1f5dc,4cc27df81afd686c0420394e090460cb,SO61980,5,WB-H098,1,5,2ed3972e38245b633ec6b146c2970148
17632,d9ca82639ba070f97bdfe96c9e85b4c4,f990b5152ee42d12906765f468f9e605,SO48896,4364,BK-R89B-44,2,4364,a426a338561351b3011d85cfc86bf781
17633,3c1811b546060d91957cc446aabc4a3c,3c4bf68562424c26986beae6ce13704a,SO55687,1701,BK-R79Y-44,1,1701,3c8e2c51453f4d665f1050da871dead6
17633,3c1811b546060d91957cc446aabc4a3c,3c4bf68562424c26986beae6ce13704a,SO55687,2,PK-7098,1,2,3c8e2c51453f4d665f1050da871dead6
17633,3c1811b546060d91957cc446aabc4a3c,3c4bf68562424c26986beae6ce13704a,SO55687,25,TI-R628,1,25,3c8e2c51453f4d665f1050da871dead6
17633,3c1811b546060d91957cc446aabc4a3c,3c4bf68562424c26986beae6ce13704a,SO55687,4,TT-R982,1,4,3c8e2c51453f4d665f1050da871dead6
17633,b34e643874d56f7909d7abbfa923fb5a,b2d2f5ceb10246b49d6ab4905e6f9753,SO48177,2000,BK-R64Y-42,2,2000,c260b06ffc51ebc422646203046c8eda
17634,af0f2c97be3051a37eaf670bbd7408f8,efeeb9aa018e1010ee17c973765ea138,SO48211,2000,BK-R64Y-42,2,2000,b34e643874d56f7909d7abbfa923fb5a
17634,eba5233d2dd8ea5031e646882335ece0,629ffff971d10f275a79a70fae527fbc,SO56607,1701,BK-R79Y-40,1,1701,b988e88fd94a3b47434beeb650cff880
17634,eba5233d2dd8ea5031e646882335ece0,629ffff971d10f275a79a70fae527fbc,SO56607,105,HL-U509-B,3,105,b988e88fd94a3b47434beeb650cff880
17635,4310d0d92131e34ff2716d85e1953174,90c6314650a0d54fdcabe5cd5406f9af,SO54599,1701,BK-R79Y-40,1,1701,d3c54b4368c62c2ff11535bf2b677170
17635,4310d0d92131e34ff2716d85e1953174,90c6314650a0d54fdcabe5cd5406f9af,SO54599,27,CA-1098,3,27,d3c54b4368c62c2ff11535bf2b677170
17635,b60afd1ea0dbefb3614f3f57badc2959,4d786e5d2e5c70a53e6895eb52019501,SO49728,2443,BK-R89R-44,1,2443,07f48468b4de047ab258a3d18df75f9d
17636,6e32728b966bb91cefefa1316da21ca8,b322422d9a721bbdefa133133dd407c1,SO67726,27,CA-1098,3,27,de5009f9bf3e9725d2381f4a5e913111
17636,6e32728b966bb91cefefa1316da21ca8,b322422d9a721bbdefa133133dd407c1,SO67726,105,HL-U509-R,3,105,de5009f9bf3e9725d2381f4a5e913111
17636,6e32728b966bb91cefefa1316da21ca8,b322422d9a721bbdefa133133dd407c1,SO67726,25,TI-M267,1,25,de5009f9bf3e9725d2381f4a5e913111
17636,6e32728b966bb91cefefa1316da21ca8,b322422d9a721bbdefa133133dd407c1,SO67726,5,TT-M928,1,5,de5009f9bf3e9725d2381f4a5e913111
17637,072bf847aeeee970f66483e596496cd9,cfceb7490eff6e660974507be7c579c6,SO52645,120,RA-H123,1,120,dca79d69a6b38e95c4b03bfab997796c
17637,072bf847aeeee970f66483e596496cd9,cfceb7490eff6e660974507be7c579c6,SO52645,25,TI-M267,1,25,dca79d69a6b38e95c4b03bfab997796c
17637,072bf847aeeee970f66483e596496cd9,cfceb7490eff6e660974507be7c579c6,SO52645,5,TT-M928,1,5,dca79d69a6b38e95c4b03bfab997796c
17638,a6f2945baeceeef4c8d541a22f6e99e9,d5985f40495ba672dff8a99620b879c8,SO72536,105,HL-U509-R,3,105,95a2a9aefc393f8630e934768cacf4cd
17638,a6f2945baeceeef4c8d541a22f6e99e9,d5985f40495ba672dff8a99620b879c8,SO72536,30,TI-M602,1,30,95a2a9aefc393f8630e934768cacf4cd
17638,a6f2945baeceeef4c8d541a22f6e99e9,d5985f40495ba672dff8a99620b879c8,SO72536,5,TT-M928,1,5,95a2a9aefc393f8630e934768cacf4cd
17639,b0a28b9424a894b803da41df596f0291,83e0911c7df633c9fad72d0a891f5e14,SO48966,4364,BK-R89B-44,2,4364,dbd014c6041b3624cb17ead892c37e4d
17639,d1024973c3d10f08cb9fa1736e6ed8b7,f8025d3776b5f7522a6120cb4e9e0783,SO62352,769,BK-M38S-42,1,769,5c741aa8e0753be65314a304e7b39c14
17639,d1024973c3d10f08cb9fa1736e6ed8b7,f8025d3776b5f7522a6120cb4e9e0783,SO62352,70,SH-W890-M,1,70,5c741aa8e0753be65314a304e7b39c14
17639,d1024973c3d10f08cb9fa1736e6ed8b7,f8025d3776b5f7522a6120cb4e9e0783,SO62352,54,SJ-0194-L,1,54,5c741aa8e0753be65314a304e7b39c14
17640,15699e35c72c4036c71409f3f3d69528,f5933feadc49c253e4f0e77b236946e9,SO53038,25,TI-M267,1,25,deff8ad81a213d1110c1f409a7f40fcd
17641,bbe7548219ab98340a1170c8a2e7847b,9818ca9856d3cf7b357612ed1c1f59a2,SO48251,2000,BK-R64Y-48,2,2000,813f26755901d08d11203eb467615b65
17641,debbb2493c6588799fc787e1854bcda5,40883861f6e25a2e09e848a7891f4f38,SO58078,1701,BK-R79Y-44,1,1701,0814775cfc25da756a9b4197347ab771
17641,debbb2493c6588799fc787e1854bcda5,40883861f6e25a2e09e848a7891f4f38,SO58078,105,HL-U509-R,3,105,0814775cfc25da756a9b4197347ab771
17642,9b6872ca1d80024637e967d1066bba0a,4310d0d92131e34ff2716d85e1953174,SO55367,9,BC-R205,1,9,7b0730955172ecda497d7cca6b1d87a1
17642,9b6872ca1d80024637e967d1066bba0a,4310d0d92131e34ff2716d85e1953174,SO55367,27,CA-1098,3,27,7b0730955172ecda497d7cca6b1d87a1
17642,9b6872ca1d80024637e967d1066bba0a,4310d0d92131e34ff2716d85e1953174,SO55367,5,TT-T092,1,5,7b0730955172ecda497d7cca6b1d87a1
17642,9b6872ca1d80024637e967d1066bba0a,4310d0d92131e34ff2716d85e1953174,SO55367,5,WB-H098,1,5,7b0730955172ecda497d7cca6b1d87a1
17642,a048b8d5f3f9178f163e2be055f0138b,c83e871e48c2716e0f28e60d166a5c98,SO72991,5,TT-M928,1,5,41ef6b06b63ba4f6a5234245a439b157
17643,3f72b837978dcd042b73e7270f11a4ca,83d1ed00595e79ee5ea3797e97970fe8,SO70278,105,HL-U509-R,3,105,99c8f306659fd98cbb9d7f03ec0c2a7a
17643,3f72b837978dcd042b73e7270f11a4ca,83d1ed00595e79ee5ea3797e97970fe8,SO70278,30,TI-M602,1,30,99c8f306659fd98cbb9d7f03ec0c2a7a
17643,3f72b837978dcd042b73e7270f11a4ca,83d1ed00595e79ee5ea3797e97970fe8,SO70278,5,TT-M928,1,5,99c8f306659fd98cbb9d7f03ec0c2a7a
17644,3500da16b6d3d0da611bc08c2b1e1c05,5f827524a01a15af1043fdb581ce224b,SO51304,565,BK-M18S-42,1,565,070e7bb8852d69e16952038e5532904f
17644,3500da16b6d3d0da611bc08c2b1e1c05,5f827524a01a15af1043fdb581ce224b,SO51304,27,CA-1098,3,27,070e7bb8852d69e16952038e5532904f
17644,609dcf12bb3687c6856be712159d7032,99ceae0afd3bddfab39f9341c7fd7a90,SO48945,2443,BK-R89R-52,1,2443,95c18655480c149d1174efe4e25df34e
17645,17520f5649fab40fb66771362888cb90,1faee5670542865e021595151379fe5c,SO70635,2,PK-7098,1,2,3f72b837978dcd042b73e7270f11a4ca
17645,17520f5649fab40fb66771362888cb90,1faee5670542865e021595151379fe5c,SO70635,120,RA-H123,1,120,3f72b837978dcd042b73e7270f11a4ca
17645,17520f5649fab40fb66771362888cb90,1faee5670542865e021595151379fe5c,SO70635,5,TT-T092,1,5,3f72b837978dcd042b73e7270f11a4ca
17645,702a02712215141594ddf8e52b0a651c,cd15e5f80ff20dd345bfaa51400dd0d6,SO67522,5,TT-M928,1,5,caa707f97407c07371136aaf471a91d4
17646,23f22724b430320654759f8512440ebc,485ae69515bc4c60ef546ff289741f60,SO58254,1701,BK-R79Y-40,1,1701,b0b2c17e5682f78d8fc262463fd0a4f3
17646,23f22724b430320654759f8512440ebc,485ae69515bc4c60ef546ff289741f60,SO58254,150,LJ-0192-L,3,150,b0b2c17e5682f78d8fc262463fd0a4f3
17646,d842148982d8efbc5cc6f26b41cc7251,0c0fda0e7ef55245aa19e42bf9928281,SO48589,2000,BK-R64Y-44,2,2000,5acc3f37654c9c360551251e81e6001c
17647,0c0fda0e7ef55245aa19e42bf9928281,4d8769725b0b7f33aebf747e80c5c4e0,SO48453,2000,BK-R64Y-42,2,2000,8db869d79195e5e17fdcc7c203499b29
17647,b8cc77f0099ae7d3a20b9f0b74d70b12,70ad7386c1fe794c57fa3908ff22435d,SO52204,742,BK-T18U-50,1,742,5e9b4970006d8f02ba0bc1763fa8b9a6
17647,b8cc77f0099ae7d3a20b9f0b74d70b12,70ad7386c1fe794c57fa3908ff22435d,SO52204,150,LJ-0192-M,3,150,5e9b4970006d8f02ba0bc1763fa8b9a6
17647,ec24e4cf9fcc90f3bbe81b2fb3735c21,c4369eefdf9bb8a3f9115e96b40aaf17,SO69803,4590,BK-M68B-42,2,4590,f06fd077b6afc2d69af6e1e548da266d
17647,ec24e4cf9fcc90f3bbe81b2fb3735c21,c4369eefdf9bb8a3f9115e96b40aaf17,SO69803,105,HL-U509-B,3,105,f06fd077b6afc2d69af6e1e548da266d
17648,12b1840e7453d3f4221dc0d69006ef40,2f1c6881a8aee249301a33785404cd23,SO48683,2000,BK-R64Y-42,2,2000,f3393c2fcf78ad71519178f1876f05b3
17648,3db19f5f710f10e90ecc7154c649d60a,f544b472453b297a8b55709fbfd3746d,SO70879,10,BC-M005,1,10,fee8e08233f3f00450bce31967abb0f1
17648,3db19f5f710f10e90ecc7154c649d60a,f544b472453b297a8b55709fbfd3746d,SO70879,4590,BK-M68B-46,2,4590,fee8e08233f3f00450bce31967abb0f1
17648,3db19f5f710f10e90ecc7154c649d60a,f544b472453b297a8b55709fbfd3746d,SO70879,105,HL-U509,3,105,fee8e08233f3f00450bce31967abb0f1
17648,3db19f5f710f10e90ecc7154c649d60a,f544b472453b297a8b55709fbfd3746d,SO70879,5,WB-H098,1,5,fee8e08233f3f00450bce31967abb0f1
17648,f476906875bc5d9abe836b4ea1f485c1,f04e53711455521533f4c5ed7dcaa287,SO53172,742,BK-T18Y-50,1,742,15aceb75d86814cb479f1b1a9487c3d4
17648,f476906875bc5d9abe836b4ea1f485c1,f04e53711455521533f4c5ed7dcaa287,SO53172,105,HL-U509-R,3,105,15aceb75d86814cb479f1b1a9487c3d4
17649,c375f33d72ca7161f341c2726e82d67a,9f79f7706bc6a7654ef0b8977966f69a,SO52751,4,TT-R982,1,4,0dc34ca2aaa8612cde077f1880b78b25
17650,e84848120190a8d0e696fbeb15647a74,fff3c307c93eda1eb91d53ca588846fe,SO70409,105,HL-U509-B,3,105,f544b472453b297a8b55709fbfd3746d
17650,e84848120190a8d0e696fbeb15647a74,fff3c307c93eda1eb91d53ca588846fe,SO70409,4,TT-R982,1,4,f544b472453b297a8b55709fbfd3746d
17651,0fc0d540e96e3fc1463b71e253aac75b,a08a8a7cdc12ac1d6f6ca90a6b513d94,SO48439,2000,BK-R64Y-48,2,2000,694d75fcfc5bc50259336e29e881a36c
17651,9c56075241a26f6fa77eb86b15411c6e,9444f850ff0c10a862b4a6a9c4ab0a74,SO54419,9,BC-R205,1,9,ab2e81a99745ffff6c06e2be93290d1b
17651,9c56075241a26f6fa77eb86b15411c6e,9444f850ff0c10a862b4a6a9c4ab0a74,SO54419,742,BK-T18Y-54,1,742,ab2e81a99745ffff6c06e2be93290d1b
17651,9c56075241a26f6fa77eb86b15411c6e,9444f850ff0c10a862b4a6a9c4ab0a74,SO54419,48,GL-H102-M,2,48,ab2e81a99745ffff6c06e2be93290d1b
17651,9c56075241a26f6fa77eb86b15411c6e,9444f850ff0c10a862b4a6a9c4ab0a74,SO54419,5,WB-H098,1,5,ab2e81a99745ffff6c06e2be93290d1b
17651,d5985f40495ba672dff8a99620b879c8,a9adf65abbb865184bf924d14a93d0c4,SO71508,4640,BK-M68S-46,2,4640,8f472ffe3ff3109f420ae91355ff8f3f
17651,d5985f40495ba672dff8a99620b879c8,a9adf65abbb865184bf924d14a93d0c4,SO71508,27,CA-1098,3,27,8f472ffe3ff3109f420ae91355ff8f3f
17651,d5985f40495ba672dff8a99620b879c8,a9adf65abbb865184bf924d14a93d0c4,SO71508,105,HL-U509-B,3,105,8f472ffe3ff3109f420ae91355ff8f3f
17651,d5985f40495ba672dff8a99620b879c8,a9adf65abbb865184bf924d14a93d0c4,SO71508,35,TI-M823,1,35,8f472ffe3ff3109f420ae91355ff8f3f
17652,d9f7611cf8d29b48a1d3d8fddb8c5b2e,55f9f4cb5784581a517e59904e0d5e2f,SO56669,8,CL-9009,1,8,fda052162862bb845297063fd71a580c
17652,d9f7611cf8d29b48a1d3d8fddb8c5b2e,55f9f4cb5784581a517e59904e0d5e2f,SO56669,2,PK-7098,1,2,fda052162862bb845297063fd71a580c
17652,d9f7611cf8d29b48a1d3d8fddb8c5b2e,55f9f4cb5784581a517e59904e0d5e2f,SO56669,4,TT-R982,1,4,fda052162862bb845297063fd71a580c
17653,02ad1a5ca18e58629b8c1d6a6401d071,8d71482745a6a1be4fbbc5562ade4657,SO57769,105,HL-U509,3,105,a976f17830aceaaa93d5daef0bc209a3
17653,02ad1a5ca18e58629b8c1d6a6401d071,8d71482745a6a1be4fbbc5562ade4657,SO57769,5,TT-M928,1,5,a976f17830aceaaa93d5daef0bc209a3
17654,3db19f5f710f10e90ecc7154c649d60a,f544b472453b297a8b55709fbfd3746d,SO70927,1701,BK-R79Y-48,1,1701,fee8e08233f3f00450bce31967abb0f1
17654,3db19f5f710f10e90ecc7154c649d60a,f544b472453b297a8b55709fbfd3746d,SO70927,150,LJ-0192-X,3,150,fee8e08233f3f00450bce31967abb0f1
17654,3db19f5f710f10e90ecc7154c649d60a,f544b472453b297a8b55709fbfd3746d,SO70927,9,SO-R809-M,1,9,fee8e08233f3f00450bce31967abb0f1
17655,921bc92a493b53f98f24e6a8a12801be,17520f5649fab40fb66771362888cb90,SO71483,1701,BK-R79Y-44,1,1701,6a8d7e42bb852c45fbf8610361d391a0
17655,921bc92a493b53f98f24e6a8a12801be,17520f5649fab40fb66771362888cb90,SO71483,150,LJ-0192-S,3,150,6a8d7e42bb852c45fbf8610361d391a0
17656,8f472ffe3ff3109f420ae91355ff8f3f,e0cd1349b4c6e1b5f14ed427e358c2d0,SO71207,9,BC-R205,1,9,8fa3bab223bec6501ad71f96bb1067b6
17656,8f472ffe3ff3109f420ae91355ff8f3f,e0cd1349b4c6e1b5f14ed427e358c2d0,SO71207,540,BK-R19B-58,1,540,8fa3bab223bec6501ad71f96bb1067b6
17656,8f472ffe3ff3109f420ae91355ff8f3f,e0cd1349b4c6e1b5f14ed427e358c2d0,SO71207,48,GL-H102-S,2,48,8fa3bab223bec6501ad71f96bb1067b6
17656,8f472ffe3ff3109f420ae91355ff8f3f,e0cd1349b4c6e1b5f14ed427e358c2d0,SO71207,5,WB-H098,1,5,8fa3bab223bec6501ad71f96bb1067b6
17657,15aceb75d86814cb479f1b1a9487c3d4,f799d104dd23bb828dcdaaefc4d25b61,SO52917,22,FE-6654,1,22,072bf847aeeee970f66483e596496cd9
17657,15aceb75d86814cb479f1b1a9487c3d4,f799d104dd23bb828dcdaaefc4d25b61,SO52917,54,SJ-0194-L,1,54,072bf847aeeee970f66483e596496cd9
17657,6583882ca853d66524856501b27519f5,1ba7e8cdf85da6cf5e11554703236b52,SO74317,2,PK-7098,1,2,d27974ca95fd620ac92cf95bf8c1d1f2
17657,6583882ca853d66524856501b27519f5,1ba7e8cdf85da6cf5e11554703236b52,SO74317,30,TI-M602,1,30,d27974ca95fd620ac92cf95bf8c1d1f2
17657,6583882ca853d66524856501b27519f5,1ba7e8cdf85da6cf5e11554703236b52,SO74317,5,TT-M928,1,5,d27974ca95fd620ac92cf95bf8c1d1f2
17658,a1fedb8f5f2e08543339a5f167bee6b7,8b9fe4b34e3c54f08bfcac3d9691e260,SO64982,2,PK-7098,1,2,4eec6eda382b9c44e240ad4b4b5e9cc0
17658,a1fedb8f5f2e08543339a5f167bee6b7,8b9fe4b34e3c54f08bfcac3d9691e260,SO64982,5,TT-M928,1,5,4eec6eda382b9c44e240ad4b4b5e9cc0
17659,03bf7d2a8718ee9aca4bd2f37e962fc4,290499d9b8e65db426ba9b842714eb6d,SO63615,9,BC-R205,1,9,7130adfd843cdcb6d0bcd9d13792693a
17659,03bf7d2a8718ee9aca4bd2f37e962fc4,290499d9b8e65db426ba9b842714eb6d,SO63615,1701,BK-R79Y-48,1,1701,7130adfd843cdcb6d0bcd9d13792693a
17660,23bd9a9b90557e9da7babfb8e3d2df22,b210069485754303767745919c328b97,SO63812,9,BC-R205,1,9,a946e75bc65318721cd1e01162d392dd
17660,23bd9a9b90557e9da7babfb8e3d2df22,b210069485754303767745919c328b97,SO63812,1701,BK-R79Y-44,1,1701,a946e75bc65318721cd1e01162d392dd
17660,23bd9a9b90557e9da7babfb8e3d2df22,b210069485754303767745919c328b97,SO63812,5,WB-H098,1,5,a946e75bc65318721cd1e01162d392dd
17661,4b5c3229e0725ef8d303f494db9faec8,f46ace11e93788e473124f7be16a19d5,SO63745,1701,BK-R79Y-48,1,1701,0149f124a48640c62d90840ac5760331
17661,4b5c3229e0725ef8d303f494db9faec8,f46ace11e93788e473124f7be16a19d5,SO63745,27,CA-1098,3,27,0149f124a48640c62d90840ac5760331
17662,03bf7d2a8718ee9aca4bd2f37e962fc4,290499d9b8e65db426ba9b842714eb6d,SO63616,1701,BK-R79Y-44,1,1701,7130adfd843cdcb6d0bcd9d13792693a
17662,03bf7d2a8718ee9aca4bd2f37e962fc4,290499d9b8e65db426ba9b842714eb6d,SO63616,27,CA-1098,3,27,7130adfd843cdcb6d0bcd9d13792693a
17662,03bf7d2a8718ee9aca4bd2f37e962fc4,290499d9b8e65db426ba9b842714eb6d,SO63616,54,SJ-0194-S,1,54,7130adfd843cdcb6d0bcd9d13792693a
17663,fef3080ec197edd1a04bb18afd31d16d,b8d9d66529b0a1e91f6137abcdd065dd,SO54907,2,PK-7098,1,2,4310d0d92131e34ff2716d85e1953174
17663,fef3080ec197edd1a04bb18afd31d16d,b8d9d66529b0a1e91f6137abcdd065dd,SO54907,5,TT-M928,1,5,4310d0d92131e34ff2716d85e1953174
17664,7254e54716fe52361e62aa16ea2e0797,6eaadc1181f307997dc853d9ed40db36,SO59475,540,BK-R19B-48,1,540,e7df1b3ee078bdcfc260a877f321287d
17664,7254e54716fe52361e62aa16ea2e0797,6eaadc1181f307997dc853d9ed40db36,SO59475,48,GL-H102-M,2,48,e7df1b3ee078bdcfc260a877f321287d
17664,7254e54716fe52361e62aa16ea2e0797,6eaadc1181f307997dc853d9ed40db36,SO59475,105,HL-U509-B,3,105,e7df1b3ee078bdcfc260a877f321287d
17664,7254e54716fe52361e62aa16ea2e0797,6eaadc1181f307997dc853d9ed40db36,SO59475,21,TI-R092,1,21,e7df1b3ee078bdcfc260a877f321287d
17664,7254e54716fe52361e62aa16ea2e0797,6eaadc1181f307997dc853d9ed40db36,SO59475,4,TT-R982,1,4,e7df1b3ee078bdcfc260a877f321287d
17665,b95a9f47dd73bb9b799a31ae04ee7da1,175a5d217fad85df9f6639d7ced1e5d9,SO69967,105,HL-U509,3,105,8728a5e296f39e49d2fa74c31820e99f
17665,b95a9f47dd73bb9b799a31ae04ee7da1,175a5d217fad85df9f6639d7ced1e5d9,SO69967,5,TT-M928,1,5,8728a5e296f39e49d2fa74c31820e99f
17666,ccf89c691dabb1412404274596922d90,b0241b451647f25db5f52074445d820c,SO65080,1701,BK-R79Y-44,1,1701,7299e51cfc0d5174743a6701a8a96488
17666,ccf89c691dabb1412404274596922d90,b0241b451647f25db5f52074445d820c,SO65080,105,HL-U509,3,105,7299e51cfc0d5174743a6701a8a96488
17667,b0241b451647f25db5f52074445d820c,7a8e187aeb003f6e34c02a4d5b9b153e,SO64291,1701,BK-R79Y-42,1,1701,56d78836c9cf0de136c4d2d37aba2280
17667,b0241b451647f25db5f52074445d820c,7a8e187aeb003f6e34c02a4d5b9b153e,SO64291,48,GL-H102-S,2,48,56d78836c9cf0de136c4d2d37aba2280
17667,b0241b451647f25db5f52074445d820c,7a8e187aeb003f6e34c02a4d5b9b153e,SO64291,105,HL-U509-B,3,105,56d78836c9cf0de136c4d2d37aba2280
17668,2d6e054ac82934d489c58cc8399a1628,ce08c22f7777768ce4197eab9727516c,SO60825,9,BC-R205,1,9,348f48807f500aeac729fb17d9bc97f1
17668,2d6e054ac82934d489c58cc8399a1628,ce08c22f7777768ce4197eab9727516c,SO60825,540,BK-R19B-52,1,540,348f48807f500aeac729fb17d9bc97f1
17668,2d6e054ac82934d489c58cc8399a1628,ce08c22f7777768ce4197eab9727516c,SO60825,5,WB-H098,1,5,348f48807f500aeac729fb17d9bc97f1
17669,883b9b4170853b321c03290f64ba199f,412998e77ee121227580e3d363f75fa2,SO60692,540,BK-R19B-48,1,540,af1457846a79173ef71dd9d5dd69805a
17669,883b9b4170853b321c03290f64ba199f,412998e77ee121227580e3d363f75fa2,SO60692,48,GL-H102-L,2,48,af1457846a79173ef71dd9d5dd69805a
17669,883b9b4170853b321c03290f64ba199f,412998e77ee121227580e3d363f75fa2,SO60692,105,HL-U509-R,3,105,af1457846a79173ef71dd9d5dd69805a
17669,883b9b4170853b321c03290f64ba199f,412998e77ee121227580e3d363f75fa2,SO60692,21,TI-R092,1,21,af1457846a79173ef71dd9d5dd69805a
17669,883b9b4170853b321c03290f64ba199f,412998e77ee121227580e3d363f75fa2,SO60692,4,TT-R982,1,4,af1457846a79173ef71dd9d5dd69805a
17670,254d832c83ccdb2c33eab65a4fd196ff,75fe8d7dec9d2a51be64595ab37dc674,SO59567,540,BK-R19B-58,1,540,4a800301260b2639fa1ec3efafb5f86c
17671,c926349b55a58d87d7d5008c349fd1e9,9e8cbc3edbb5efb3f48d6afb260e4725,SO60110,540,BK-R19B-44,1,540,ccb91034934bb047c5f6a32eb289b95b
17671,c926349b55a58d87d7d5008c349fd1e9,9e8cbc3edbb5efb3f48d6afb260e4725,SO60110,21,TI-R092,1,21,ccb91034934bb047c5f6a32eb289b95b
17671,c926349b55a58d87d7d5008c349fd1e9,9e8cbc3edbb5efb3f48d6afb260e4725,SO60110,4,TT-R982,1,4,ccb91034934bb047c5f6a32eb289b95b
17672,c926349b55a58d87d7d5008c349fd1e9,9e8cbc3edbb5efb3f48d6afb260e4725,SO60111,540,BK-R19B-52,1,540,ccb91034934bb047c5f6a32eb289b95b
17673,2fb09097185e604aaadbfde958fd6262,a1e59736d286765313b8212467dc64b2,SO74602,5,WB-H098,1,5,88d8e3ff674b1514a19b24621707f0d9
17674,f88b3743a9ce1f9455b6de69380b486a,64cadfde6f66bc25043d0d69f5ae5471,SO66601,105,HL-U509-R,3,105,3dc63b2d6dcc8f0b6720b06b5439a0b1
17674,f88b3743a9ce1f9455b6de69380b486a,64cadfde6f66bc25043d0d69f5ae5471,SO66601,5,TT-M928,1,5,3dc63b2d6dcc8f0b6720b06b5439a0b1
17675,f06fd077b6afc2d69af6e1e548da266d,c135545cc3f3a739132ffdbc8096f3d4,SO69275,120,RA-H123,1,120,175a5d217fad85df9f6639d7ced1e5d9
17675,f06fd077b6afc2d69af6e1e548da266d,c135545cc3f3a739132ffdbc8096f3d4,SO69275,5,TT-M928,1,5,175a5d217fad85df9f6639d7ced1e5d9
17676,9e8cbc3edbb5efb3f48d6afb260e4725,174acf6ca4e9804d47a59a499422e621,SO59262,540,BK-R19B-48,1,540,640540d73b85c3ecd2e3bf5541686e87
17676,9e8cbc3edbb5efb3f48d6afb260e4725,174acf6ca4e9804d47a59a499422e621,SO59262,64,VE-C304-M,1,64,640540d73b85c3ecd2e3bf5541686e87
17677,81a5d08c6beaeec9e42baae5d63dd780,95103530881768b5cfc7e33970db9cd7,SO63357,1701,BK-R79Y-48,1,1701,b210069485754303767745919c328b97
17677,81a5d08c6beaeec9e42baae5d63dd780,95103530881768b5cfc7e33970db9cd7,SO63357,105,HL-U509-B,3,105,b210069485754303767745919c328b97
17678,8d1d4829b2e801ba4e41ba48f5a549d4,a6d37e298c3042e300813f55a17e0875,SO65554,1701,BK-R79Y-42,1,1701,ccf89c691dabb1412404274596922d90
17678,8d1d4829b2e801ba4e41ba48f5a549d4,a6d37e298c3042e300813f55a17e0875,SO65554,105,HL-U509-R,3,105,ccf89c691dabb1412404274596922d90
17679,e5114f65ece65e14e7b721dab1e674e0,c7390752782466cfc9a3ed7d3a79e046,SO68704,105,HL-U509,3,105,fe1fd19c021e78ec395980c2e347865e
17679,e5114f65ece65e14e7b721dab1e674e0,c7390752782466cfc9a3ed7d3a79e046,SO68704,5,WB-H098,1,5,fe1fd19c021e78ec395980c2e347865e
17680,01e8942a5792053a553c4612bd6c06a6,6583882ca853d66524856501b27519f5,SO74700,8,CL-9009,1,8,722dc621a1a56555843f574144bfcdf0
17680,01e8942a5792053a553c4612bd6c06a6,6583882ca853d66524856501b27519f5,SO74700,2,PK-7098,1,2,722dc621a1a56555843f574144bfcdf0
17680,01e8942a5792053a553c4612bd6c06a6,6583882ca853d66524856501b27519f5,SO74700,120,RA-H123,1,120,722dc621a1a56555843f574144bfcdf0
17680,01e8942a5792053a553c4612bd6c06a6,6583882ca853d66524856501b27519f5,SO74700,30,TI-M602,1,30,722dc621a1a56555843f574144bfcdf0
17680,01e8942a5792053a553c4612bd6c06a6,6583882ca853d66524856501b27519f5,SO74700,5,TT-M928,1,5,722dc621a1a56555843f574144bfcdf0
17680,c87874400b9f907bdf9ea37d75a4b341,23bd9a9b90557e9da7babfb8e3d2df22,SO64582,22,FE-6654,1,22,8b9fe4b34e3c54f08bfcac3d9691e260
17680,c87874400b9f907bdf9ea37d75a4b341,23bd9a9b90557e9da7babfb8e3d2df22,SO64582,105,HL-U509-B,3,105,8b9fe4b34e3c54f08bfcac3d9691e260
17681,c507827aa5f4f6bbedf64058461c621b,6d1d8a1c7851eb5a946d45009cea6d9f,SO66493,1701,BK-R79Y-42,1,1701,dfcee565bb2da80a7b76451a5cd314a1
17681,c507827aa5f4f6bbedf64058461c621b,6d1d8a1c7851eb5a946d45009cea6d9f,SO66493,105,HL-U509,3,105,dfcee565bb2da80a7b76451a5cd314a1
17682,7ee641303ef8d8b10d0ed00a060c73cc,eef21e68ecca703bb338920b950f203c,SO61752,64,VE-C304-M,1,64,0d15ba5aa4c9ad0377b26e0cf7a86280
17682,7ee641303ef8d8b10d0ed00a060c73cc,eef21e68ecca703bb338920b950f203c,SO61752,5,WB-H098,1,5,0d15ba5aa4c9ad0377b26e0cf7a86280
17683,da9c4ba6c9a1ae8725389bfd38b5763a,3e48b2167bd86ef570e46d0b286c4f74,SO54063,5,WB-H098,1,5,9223b53f03a405f817e91392f0294f6a
17684,fd5ba6fdeb81e07b2caf0b103489bd8d,e871b36e68b0b3d0af9c742d81fef27a,SO70965,5,WB-H098,1,5,17520f5649fab40fb66771362888cb90
17685,72e75576254db1afef14ecdc050391c2,20b851db79828c985958154243411278,SO52093,5,WB-H098,1,5,0b80ce5eab877cae9997209e0bee6e60
17686,5abaefcc8525a8f4cfd95cba9e926532,fde67888c64f701b59876ec559099b3e,SO57646,2,PK-7098,1,2,73b2264d673ee7b5b2e7e165020516ac
17686,5abaefcc8525a8f4cfd95cba9e926532,fde67888c64f701b59876ec559099b3e,SO57646,30,TI-M602,1,30,73b2264d673ee7b5b2e7e165020516ac
17686,77a2a0387f57f7477e6ad3b5f0bb3093,6cf9e035d2f1d8ffe1b9f2f96a9e7a3a,SO75016,10,BC-M005,1,10,5728955fc583cbfd901d0ba25cb20f92
17686,77a2a0387f57f7477e6ad3b5f0bb3093,6cf9e035d2f1d8ffe1b9f2f96a9e7a3a,SO75016,22,FE-6654,1,22,5728955fc583cbfd901d0ba25cb20f92
17686,77a2a0387f57f7477e6ad3b5f0bb3093,6cf9e035d2f1d8ffe1b9f2f96a9e7a3a,SO75016,105,HL-U509-R,3,105,5728955fc583cbfd901d0ba25cb20f92
17686,77a2a0387f57f7477e6ad3b5f0bb3093,6cf9e035d2f1d8ffe1b9f2f96a9e7a3a,SO75016,5,WB-H098,1,5,5728955fc583cbfd901d0ba25cb20f92
17687,b2ce0ef2540789e8a6976165b6c917d8,128ee9ff420de424a605a0ee4a6f7916,SO72374,105,HL-U509,3,105,dcf73f840a50da0145f24e8e0169dc4b
17687,b2ce0ef2540789e8a6976165b6c917d8,128ee9ff420de424a605a0ee4a6f7916,SO72374,5,WB-H098,1,5,dcf73f840a50da0145f24e8e0169dc4b
17688,b68fd63ca41d49bfc1b18251202c053f,d4746e41b619da57ee9f1a2e2cc254e8,SO64873,5,WB-H098,1,5,c87874400b9f907bdf9ea37d75a4b341
17689,305c66634c155cab2b5cc3ce00351eb1,2becb9647677a1a316b388bbad689580,SO62111,5,WB-H098,1,5,922d04aa1f67bbe0270bfad98508f43e
17690,e2f0a420a4c1a9e8e292761f835e0489,4eec6eda382b9c44e240ad4b4b5e9cc0,SO65619,1701,BK-R79Y-42,1,1701,9d934f91c460e9947414d00048f2fa36
17691,e84848120190a8d0e696fbeb15647a74,fff3c307c93eda1eb91d53ca588846fe,SO70444,1701,BK-R79Y-44,1,1701,f544b472453b297a8b55709fbfd3746d
17691,e84848120190a8d0e696fbeb15647a74,fff3c307c93eda1eb91d53ca588846fe,SO70444,48,GL-H102-M,2,48,f544b472453b297a8b55709fbfd3746d
17691,e84848120190a8d0e696fbeb15647a74,fff3c307c93eda1eb91d53ca588846fe,SO70444,54,SJ-0194-M,1,54,f544b472453b297a8b55709fbfd3746d
17692,6d1d8a1c7851eb5a946d45009cea6d9f,3f0c8308e4e2e5c4ddc1b7e19304f613,SO65701,27,CA-1098,3,27,6582aa26281b9a92ad60e6a03e274c00
17692,6d1d8a1c7851eb5a946d45009cea6d9f,3f0c8308e4e2e5c4ddc1b7e19304f613,SO65701,5,WB-H098,1,5,6582aa26281b9a92ad60e6a03e274c00
17693,9b6872ca1d80024637e967d1066bba0a,4310d0d92131e34ff2716d85e1953174,SO55351,27,CA-1098,3,27,7b0730955172ecda497d7cca6b1d87a1
17693,9b6872ca1d80024637e967d1066bba0a,4310d0d92131e34ff2716d85e1953174,SO55351,5,WB-H098,1,5,7b0730955172ecda497d7cca6b1d87a1
17694,ed268f8f3837888893f896b7240f1254,a9cefc49af6424b430612adfc69876ee,SO56456,5,WB-H098,1,5,6353a8421ee460b64f2c988cc72a8391
17695,375bde15092f45652b6398c1dff650d0,830e779850b1d58733a7ad711bf6b83f,SO57332,8,CL-9009,1,8,a8ef76a01442567fb64eb6f4408a9835
17695,375bde15092f45652b6398c1dff650d0,830e779850b1d58733a7ad711bf6b83f,SO57332,55,HY-1023-70,1,55,a8ef76a01442567fb64eb6f4408a9835
17695,375bde15092f45652b6398c1dff650d0,830e779850b1d58733a7ad711bf6b83f,SO57332,5,WB-H098,1,5,a8ef76a01442567fb64eb6f4408a9835
17696,922d04aa1f67bbe0270bfad98508f43e,0383d48e76cd8a3dfb9e2a890f2cac18,SO61807,105,HL-U509-B,3,105,76918877cf6ce7011018cd9708723392
17696,922d04aa1f67bbe0270bfad98508f43e,0383d48e76cd8a3dfb9e2a890f2cac18,SO61807,5,WB-H098,1,5,76918877cf6ce7011018cd9708723392
17697,08ff55594d8ca57b756a1953f77ebc89,54d3ba66c5e71d3112695b882ca2030e,SO74956,5,WB-H098,1,5,12092303778fcfa88ed7d284b74c6a6a
17698,40883861f6e25a2e09e848a7891f4f38,eba5233d2dd8ea5031e646882335ece0,SO57447,55,HY-1023-70,1,55,d76e0ba1fa041675ae9af958c5b41ae4
17698,40883861f6e25a2e09e848a7891f4f38,eba5233d2dd8ea5031e646882335ece0,SO57447,9,SO-R809-L,1,9,d76e0ba1fa041675ae9af958c5b41ae4
17698,40883861f6e25a2e09e848a7891f4f38,eba5233d2dd8ea5031e646882335ece0,SO57447,5,WB-H098,1,5,d76e0ba1fa041675ae9af958c5b41ae4
17699,2becb9647677a1a316b388bbad689580,013f173c58073e845f675d26fdde1918,SO61395,8,CL-9009,1,8,0383d48e76cd8a3dfb9e2a890f2cac18
17699,2becb9647677a1a316b388bbad689580,013f173c58073e845f675d26fdde1918,SO61395,55,HY-1023-70,1,55,0383d48e76cd8a3dfb9e2a890f2cac18
17699,2becb9647677a1a316b388bbad689580,013f173c58073e845f675d26fdde1918,SO61395,5,WB-H098,1,5,0383d48e76cd8a3dfb9e2a890f2cac18
17700,7af7abc5e37d5fa2e2334b4fec2584e2,5b07cd2a9dfb9437a07ea3012d6efbb7,SO51514,565,BK-M18S-40,1,565,5dddb266d8c26eece51489fe90c9f47d
17700,7af7abc5e37d5fa2e2334b4fec2584e2,5b07cd2a9dfb9437a07ea3012d6efbb7,SO51514,27,CA-1098,3,27,5dddb266d8c26eece51489fe90c9f47d
17700,7af7abc5e37d5fa2e2334b4fec2584e2,5b07cd2a9dfb9437a07ea3012d6efbb7,SO51514,150,LJ-0192-M,3,150,5dddb266d8c26eece51489fe90c9f47d
17700,ceed546c67e37bbf1b77e495913e2f57,f3393c2fcf78ad71519178f1876f05b3,SO48815,4364,BK-R89B-52,2,4364,43a48533e5870a15f120f16375636633
17701,7f026edc73bd4602381834e9b850d6c2,eedd9be5500334505ed9d4aef801ac3d,SO52259,48,GL-H102-L,2,48,db2b287636ac5ebda430de4f3f643b24
17701,7f026edc73bd4602381834e9b850d6c2,eedd9be5500334505ed9d4aef801ac3d,SO52259,5,TT-T092,1,5,db2b287636ac5ebda430de4f3f643b24
17701,cd15e5f80ff20dd345bfaa51400dd0d6,3a2f313512bb520c43971e54ba834dec,SO66668,5,TT-M928,1,5,4efe8b2ca156042f8a3d8dd6aba54520
17702,3519c8eb4095dbc69d80eb61856d3435,6e5c4b769f8f70f9fd01b24ba5be9695,SO55590,48,GL-H102-L,2,48,d6ab5a0eee939524352092b964d92b84
17702,3519c8eb4095dbc69d80eb61856d3435,6e5c4b769f8f70f9fd01b24ba5be9695,SO55590,5,TT-T092,1,5,d6ab5a0eee939524352092b964d92b84
17702,b34050290c25b0f7b52a2b8f767df87d,caa707f97407c07371136aaf471a91d4,SO67992,2,PK-7098,1,2,36ab6f1df21f3c9a169c8942e981959a
17702,b34050290c25b0f7b52a2b8f767df87d,caa707f97407c07371136aaf471a91d4,SO67992,25,TI-M267,1,25,36ab6f1df21f3c9a169c8942e981959a
17703,4a800301260b2639fa1ec3efafb5f86c,23f22724b430320654759f8512440ebc,SO59172,27,CA-1098,3,27,a189cc17a15cdb4e39e80dfcd8374c76
17703,4a800301260b2639fa1ec3efafb5f86c,23f22724b430320654759f8512440ebc,SO59172,105,HL-U509,3,105,a189cc17a15cdb4e39e80dfcd8374c76
17703,4a800301260b2639fa1ec3efafb5f86c,23f22724b430320654759f8512440ebc,SO59172,30,TI-M602,1,30,a189cc17a15cdb4e39e80dfcd8374c76
17703,4a800301260b2639fa1ec3efafb5f86c,23f22724b430320654759f8512440ebc,SO59172,5,TT-M928,1,5,a189cc17a15cdb4e39e80dfcd8374c76
17704,bc761b2b7297029a695fbd6dd0470724,fef3080ec197edd1a04bb18afd31d16d,SO55646,2,PK-7098,1,2,9b6872ca1d80024637e967d1066bba0a
17704,bc761b2b7297029a695fbd6dd0470724,fef3080ec197edd1a04bb18afd31d16d,SO55646,25,TI-M267,1,25,9b6872ca1d80024637e967d1066bba0a
17704,bc761b2b7297029a695fbd6dd0470724,fef3080ec197edd1a04bb18afd31d16d,SO55646,5,TT-M928,1,5,9b6872ca1d80024637e967d1066bba0a
17705,3e07f09fb2edbdf0bf6a54c17634514b,dca79d69a6b38e95c4b03bfab997796c,SO52986,25,TI-M267,1,25,c375f33d72ca7161f341c2726e82d67a
17705,3e07f09fb2edbdf0bf6a54c17634514b,dca79d69a6b38e95c4b03bfab997796c,SO52986,5,TT-M928,1,5,c375f33d72ca7161f341c2726e82d67a
17705,83d1ed00595e79ee5ea3797e97970fe8,fe1fd19c021e78ec395980c2e347865e,SO69208,2,PK-7098,1,2,705fa39ab40831529471c768490339ab
17705,83d1ed00595e79ee5ea3797e97970fe8,fe1fd19c021e78ec395980c2e347865e,SO69208,5,TT-T092,1,5,705fa39ab40831529471c768490339ab
17706,ad0b7f5ad35732646f1e5f67418d5995,244cede513841376c37dc856f2f5e7b9,SO59308,8,CL-9009,1,8,0df76889b3e31ccfd17b50cc73baef03
17706,ad0b7f5ad35732646f1e5f67418d5995,244cede513841376c37dc856f2f5e7b9,SO59308,25,TI-M267,1,25,0df76889b3e31ccfd17b50cc73baef03
17706,ad0b7f5ad35732646f1e5f67418d5995,244cede513841376c37dc856f2f5e7b9,SO59308,5,TT-M928,1,5,0df76889b3e31ccfd17b50cc73baef03
17706,e4b40b4ba619c72ec5a69caad258d393,b0950d12c62d3aeda81b2e8d06f2aef4,SO74211,105,HL-U509-B,3,105,8babade0595c11e14dd89058a850f2cd
17706,e4b40b4ba619c72ec5a69caad258d393,b0950d12c62d3aeda81b2e8d06f2aef4,SO74211,5,TT-T092,1,5,8babade0595c11e14dd89058a850f2cd
17707,290499d9b8e65db426ba9b842714eb6d,606ed413481267c98754e3351f662859,SO62657,2,PK-7098,1,2,d1024973c3d10f08cb9fa1736e6ed8b7
17707,290499d9b8e65db426ba9b842714eb6d,606ed413481267c98754e3351f662859,SO62657,25,TI-M267,1,25,d1024973c3d10f08cb9fa1736e6ed8b7
17707,290499d9b8e65db426ba9b842714eb6d,606ed413481267c98754e3351f662859,SO62657,5,TT-M928,1,5,d1024973c3d10f08cb9fa1736e6ed8b7
17708,8592725b85eec4822018b8728dd5b88d,88d8e3ff674b1514a19b24621707f0d9,SO74828,25,TI-M267,1,25,56e52500a7f5ab963646137a401683cd
17708,8592725b85eec4822018b8728dd5b88d,88d8e3ff674b1514a19b24621707f0d9,SO74828,64,VE-C304-S,1,64,56e52500a7f5ab963646137a401683cd
17708,8592725b85eec4822018b8728dd5b88d,88d8e3ff674b1514a19b24621707f0d9,SO74828,5,WB-H098,1,5,56e52500a7f5ab963646137a401683cd
17708,a9adf65abbb865184bf924d14a93d0c4,ec24e4cf9fcc90f3bbe81b2fb3735c21,SO70701,48,GL-H102-S,2,48,e0cd1349b4c6e1b5f14ed427e358c2d0
17708,a9adf65abbb865184bf924d14a93d0c4,ec24e4cf9fcc90f3bbe81b2fb3735c21,SO70701,5,TT-T092,1,5,e0cd1349b4c6e1b5f14ed427e358c2d0
17709,331afa0aff1b1cfbf3d24944ab38c9d2,c885741a5e3e55c84950327011b70289,SO69689,25,TI-M267,1,25,962bae2fb03296a3b9cacabfa929322c
17709,331afa0aff1b1cfbf3d24944ab38c9d2,c885741a5e3e55c84950327011b70289,SO69689,5,TT-M928,1,5,962bae2fb03296a3b9cacabfa929322c
17709,fef3080ec197edd1a04bb18afd31d16d,b8d9d66529b0a1e91f6137abcdd065dd,SO54916,27,CA-1098,3,27,4310d0d92131e34ff2716d85e1953174
17709,fef3080ec197edd1a04bb18afd31d16d,b8d9d66529b0a1e91f6137abcdd065dd,SO54916,105,HL-U509-B,3,105,4310d0d92131e34ff2716d85e1953174
17709,fef3080ec197edd1a04bb18afd31d16d,b8d9d66529b0a1e91f6137abcdd065dd,SO54916,5,TT-T092,1,5,4310d0d92131e34ff2716d85e1953174
17710,485ae69515bc4c60ef546ff289741f60,40ff348468b73116a7077c246985e0bf,SO57613,105,HL-U509,3,105,375bde15092f45652b6398c1dff650d0
17710,485ae69515bc4c60ef546ff289741f60,40ff348468b73116a7077c246985e0bf,SO57613,25,TI-M267,1,25,375bde15092f45652b6398c1dff650d0
17710,485ae69515bc4c60ef546ff289741f60,40ff348468b73116a7077c246985e0bf,SO57613,5,TT-M928,1,5,375bde15092f45652b6398c1dff650d0
17710,b210069485754303767745919c328b97,305c66634c155cab2b5cc3ce00351eb1,SO62846,27,CA-1098,3,27,5efefff01843f5aa3f7d8a4d44b4bf2e
17710,b210069485754303767745919c328b97,305c66634c155cab2b5cc3ce00351eb1,SO62846,105,HL-U509-R,3,105,5efefff01843f5aa3f7d8a4d44b4bf2e
17710,b210069485754303767745919c328b97,305c66634c155cab2b5cc3ce00351eb1,SO62846,5,TT-T092,1,5,5efefff01843f5aa3f7d8a4d44b4bf2e
17711,d53f9d33cac0a297449a74a10d031570,e0bcd0ff3072dfe15609d6be1529b0b8,SO61569,105,HL-U509-R,3,105,4cc27df81afd686c0420394e090460cb
17711,d53f9d33cac0a297449a74a10d031570,e0bcd0ff3072dfe15609d6be1529b0b8,SO61569,30,TI-M602,1,30,4cc27df81afd686c0420394e090460cb
17711,d53f9d33cac0a297449a74a10d031570,e0bcd0ff3072dfe15609d6be1529b0b8,SO61569,5,TT-M928,1,5,4cc27df81afd686c0420394e090460cb
17712,5c741aa8e0753be65314a304e7b39c14,d945ec2aae74dbfb829453026b91c235,SO62054,22,FE-6654,1,22,7ee641303ef8d8b10d0ed00a060c73cc
17712,5c741aa8e0753be65314a304e7b39c14,d945ec2aae74dbfb829453026b91c235,SO62054,30,TI-M602,1,30,7ee641303ef8d8b10d0ed00a060c73cc
17712,5c741aa8e0753be65314a304e7b39c14,d945ec2aae74dbfb829453026b91c235,SO62054,5,TT-M928,1,5,7ee641303ef8d8b10d0ed00a060c73cc
17713,ed268f8f3837888893f896b7240f1254,a9cefc49af6424b430612adfc69876ee,SO56460,105,HL-U509-R,3,105,6353a8421ee460b64f2c988cc72a8391
17713,ed268f8f3837888893f896b7240f1254,a9cefc49af6424b430612adfc69876ee,SO56460,30,TI-M602,1,30,6353a8421ee460b64f2c988cc72a8391
17713,ed268f8f3837888893f896b7240f1254,a9cefc49af6424b430612adfc69876ee,SO56460,5,TT-M928,1,5,6353a8421ee460b64f2c988cc72a8391
17714,a976f17830aceaaa93d5daef0bc209a3,d9f7611cf8d29b48a1d3d8fddb8c5b2e,SO57488,1701,BK-R79Y-42,1,1701,0e23f371129aecc6b2033620b226f8d7
17714,a976f17830aceaaa93d5daef0bc209a3,d9f7611cf8d29b48a1d3d8fddb8c5b2e,SO57488,105,HL-U509,3,105,0e23f371129aecc6b2033620b226f8d7
17714,d9ca82639ba070f97bdfe96c9e85b4c4,f990b5152ee42d12906765f468f9e605,SO48892,2000,BK-R64Y-48,2,2000,a426a338561351b3011d85cfc86bf781
17715,8b4b8fc84396c30bd5bacc7370e1491c,ef6f862d87544c63e2c3dbb4d95a25a1,SO48878,4364,BK-R89B-48,2,4364,2238742959ecea1cc6a6148c4f555b08
17715,f799d104dd23bb828dcdaaefc4d25b61,ca510b577b53d588f80b4fc76030ea52,SO52297,565,BK-M18S-44,1,565,cfceb7490eff6e660974507be7c579c6
17715,f799d104dd23bb828dcdaaefc4d25b61,ca510b577b53d588f80b4fc76030ea52,SO52297,105,HL-U509-B,3,105,cfceb7490eff6e660974507be7c579c6
17715,f799d104dd23bb828dcdaaefc4d25b61,ca510b577b53d588f80b4fc76030ea52,SO52297,150,LJ-0192-M,3,150,cfceb7490eff6e660974507be7c579c6
17716,99ceae0afd3bddfab39f9341c7fd7a90,5881f2ec92a43470fcbe3d3477a2a1fe,SO48841,2000,BK-R64Y-38,2,2000,6c1f25b149f7224c4de256ef6e37c951
17716,debbb2493c6588799fc787e1854bcda5,40883861f6e25a2e09e848a7891f4f38,SO58077,1701,BK-R79Y-44,1,1701,0814775cfc25da756a9b4197347ab771
17717,86e8658344547a7d34cd2bcd4750bd8f,8b4b8fc84396c30bd5bacc7370e1491c,SO48974,4364,BK-R89B-48,2,4364,74245d8f0073f388c4be6464c8e2f29f
17717,b8d9d66529b0a1e91f6137abcdd065dd,6d44506d59926d8d13d35f75d97f2a64,SO54203,10,BC-M005,1,10,90c6314650a0d54fdcabe5cd5406f9af
17717,b8d9d66529b0a1e91f6137abcdd065dd,6d44506d59926d8d13d35f75d97f2a64,SO54203,565,BK-M18S-40,1,565,90c6314650a0d54fdcabe5cd5406f9af
17717,b8d9d66529b0a1e91f6137abcdd065dd,6d44506d59926d8d13d35f75d97f2a64,SO54203,48,GL-H102-L,2,48,90c6314650a0d54fdcabe5cd5406f9af
17717,b8d9d66529b0a1e91f6137abcdd065dd,6d44506d59926d8d13d35f75d97f2a64,SO54203,54,SJ-0194-L,1,54,90c6314650a0d54fdcabe5cd5406f9af
17717,b8d9d66529b0a1e91f6137abcdd065dd,6d44506d59926d8d13d35f75d97f2a64,SO54203,5,WB-H098,1,5,90c6314650a0d54fdcabe5cd5406f9af
17718,95103530881768b5cfc7e33970db9cd7,2ed3972e38245b633ec6b146c2970148,SO62429,2,PK-7098,1,2,305c66634c155cab2b5cc3ce00351eb1
17718,95103530881768b5cfc7e33970db9cd7,2ed3972e38245b633ec6b146c2970148,SO62429,25,TI-M267,1,25,305c66634c155cab2b5cc3ce00351eb1
17718,95103530881768b5cfc7e33970db9cd7,2ed3972e38245b633ec6b146c2970148,SO62429,5,TT-M928,1,5,305c66634c155cab2b5cc3ce00351eb1
17719,8592725b85eec4822018b8728dd5b88d,88d8e3ff674b1514a19b24621707f0d9,SO74831,9,SO-R809-M,1,9,56e52500a7f5ab963646137a401683cd
17719,8592725b85eec4822018b8728dd5b88d,88d8e3ff674b1514a19b24621707f0d9,SO74831,30,TI-M602,1,30,56e52500a7f5ab963646137a401683cd
17720,089c2a426c196c5ca5facb20896c90bb,bc761b2b7297029a695fbd6dd0470724,SO56278,565,BK-M18S-44,1,565,55f9f4cb5784581a517e59904e0d5e2f
17720,089c2a426c196c5ca5facb20896c90bb,bc761b2b7297029a695fbd6dd0470724,SO56278,27,CA-1098,3,27,55f9f4cb5784581a517e59904e0d5e2f
17720,089c2a426c196c5ca5facb20896c90bb,bc761b2b7297029a695fbd6dd0470724,SO56278,105,HL-U509,3,105,55f9f4cb5784581a517e59904e0d5e2f
17720,74245d8f0073f388c4be6464c8e2f29f,2238742959ecea1cc6a6148c4f555b08,SO48938,4364,BK-R89B-44,2,4364,d9ca82639ba070f97bdfe96c9e85b4c4
17721,d6ab5a0eee939524352092b964d92b84,106dfbaf552c07a1b08d065f2c343982,SO55208,105,HL-U509,3,105,3c4bf68562424c26986beae6ce13704a
17721,d6ab5a0eee939524352092b964d92b84,106dfbaf552c07a1b08d065f2c343982,SO55208,30,TI-M602,1,30,3c4bf68562424c26986beae6ce13704a
17721,d6ab5a0eee939524352092b964d92b84,106dfbaf552c07a1b08d065f2c343982,SO55208,5,TT-M928,1,5,3c4bf68562424c26986beae6ce13704a
17722,3b2d50088b5462490d2079beeb91dc27,6f28d1f037e8b8040be9f35ba03516af,SO49716,4364,BK-R89B-52,2,4364,ac203ebd768c37b8ea6931e800115ae2
17722,dba3e44e23a1d2c2f299811e94db7fce,51c449e55b4a63a16fb45beb689150d5,SO54264,1701,BK-R79Y-48,1,1701,226d694fb4b7f71d62444f9528be8704
17723,691ad1b0dca3643b923973defd014d47,6dd75c28a9a8a39e02bc0a175f82a9f3,SO67811,9,BC-R205,1,9,9f1ff00ea8fd9fd8f2d421ba5ec45a18
17723,691ad1b0dca3643b923973defd014d47,6dd75c28a9a8a39e02bc0a175f82a9f3,SO67811,5,TT-T092,1,5,9f1ff00ea8fd9fd8f2d421ba5ec45a18
17723,691ad1b0dca3643b923973defd014d47,6dd75c28a9a8a39e02bc0a175f82a9f3,SO67811,5,WB-H098,1,5,9f1ff00ea8fd9fd8f2d421ba5ec45a18
17723,ab2e81a99745ffff6c06e2be93290d1b,76e3c19dbb0dadc4c6dc771d856e4676,SO54119,105,HL-U509-R,3,105,1685ca8ff12ea83725a1c35e1d89c5cd
17723,ab2e81a99745ffff6c06e2be93290d1b,76e3c19dbb0dadc4c6dc771d856e4676,SO54119,25,TI-M267,1,25,1685ca8ff12ea83725a1c35e1d89c5cd
17723,ab2e81a99745ffff6c06e2be93290d1b,76e3c19dbb0dadc4c6dc771d856e4676,SO54119,5,TT-M928,1,5,1685ca8ff12ea83725a1c35e1d89c5cd
17724,61e00b038efd34bdf9c747596273cbcf,7130adfd843cdcb6d0bcd9d13792693a,SO64001,10,BC-M005,1,10,4b5c3229e0725ef8d303f494db9faec8
17724,61e00b038efd34bdf9c747596273cbcf,7130adfd843cdcb6d0bcd9d13792693a,SO64001,22,FE-6654,1,22,4b5c3229e0725ef8d303f494db9faec8
17724,61e00b038efd34bdf9c747596273cbcf,7130adfd843cdcb6d0bcd9d13792693a,SO64001,5,WB-H098,1,5,4b5c3229e0725ef8d303f494db9faec8
17725,c7a16e3564a93e8393da22246748d231,c3aa0c1c9cde5a60eae660ee09a2892b,SO44431,3578,BK-R93R-48,1,3578,ad2d8c85f4c05bcb0bd6f990bd634d72
17725,c926349b55a58d87d7d5008c349fd1e9,9e8cbc3edbb5efb3f48d6afb260e4725,SO60105,2240,BK-R64Y-42,2,2240,ccb91034934bb047c5f6a32eb289b95b
17726,3ebfce6ccd7540a632ae7e6ad8100c29,d630b2db6e8046e30b4728ca862ba4e1,SO59391,9,BC-R205,1,9,df595e3c678d4fae23ce174fe747165e
17726,3ebfce6ccd7540a632ae7e6ad8100c29,d630b2db6e8046e30b4728ca862ba4e1,SO59391,2240,BK-R64Y-38,2,2240,df595e3c678d4fae23ce174fe747165e
17726,3ebfce6ccd7540a632ae7e6ad8100c29,d630b2db6e8046e30b4728ca862ba4e1,SO59391,27,CA-1098,3,27,df595e3c678d4fae23ce174fe747165e
17726,3ebfce6ccd7540a632ae7e6ad8100c29,d630b2db6e8046e30b4728ca862ba4e1,SO59391,5,WB-H098,1,5,df595e3c678d4fae23ce174fe747165e
17726,928ba50351efae8cbed881787bcb4783,0b2687a4d54329af7fc2df3d9ee1a02b,SO44478,3578,BK-R93R-56,1,3578,3a863c1566a0017156508557cf038c56
17727,3c1811b546060d91957cc446aabc4a3c,3c4bf68562424c26986beae6ce13704a,SO55683,22,FE-6654,1,22,3c8e2c51453f4d665f1050da871dead6
17728,8f2099f692279474c5211078c1fbcbe0,3e7e739b92f7b3f5bba0229477027dc2,SO44326,3578,BK-R93R-48,1,3578,6f876727a6ca9c8f7a1e0ab845d1df49
17728,d53f9d33cac0a297449a74a10d031570,e0bcd0ff3072dfe15609d6be1529b0b8,SO61586,2240,BK-R64Y-42,2,2240,4cc27df81afd686c0420394e090460cb
17728,d53f9d33cac0a297449a74a10d031570,e0bcd0ff3072dfe15609d6be1529b0b8,SO61586,2,PK-7098,1,2,4cc27df81afd686c0420394e090460cb
17728,d53f9d33cac0a297449a74a10d031570,e0bcd0ff3072dfe15609d6be1529b0b8,SO61586,25,TI-R628,1,25,4cc27df81afd686c0420394e090460cb
17728,d53f9d33cac0a297449a74a10d031570,e0bcd0ff3072dfe15609d6be1529b0b8,SO61586,4,TT-R982,1,4,4cc27df81afd686c0420394e090460cb
17729,59c3d64cb01cd5ad7fd25246d81a55ff,ac15b60491fe99190c0248790e690757,SO55507,105,HL-U509-R,3,105,d8a4ea0dc4237ee8690ee37b3902fd0e
17729,59c3d64cb01cd5ad7fd25246d81a55ff,ac15b60491fe99190c0248790e690757,SO55507,150,LJ-0192-X,3,150,d8a4ea0dc4237ee8690ee37b3902fd0e
17729,59c3d64cb01cd5ad7fd25246d81a55ff,ac15b60491fe99190c0248790e690757,SO55507,21,TI-R092,1,21,d8a4ea0dc4237ee8690ee37b3902fd0e
17729,59c3d64cb01cd5ad7fd25246d81a55ff,ac15b60491fe99190c0248790e690757,SO55507,4,TT-R982,1,4,d8a4ea0dc4237ee8690ee37b3902fd0e
17730,0d15ba5aa4c9ad0377b26e0cf7a86280,b21e833d3ead6056f1265f13fe1ff015,SO61471,2240,BK-R64Y-48,2,2240,4a70a3ec50fd16032883bf6fc79c55dd
17730,0d15ba5aa4c9ad0377b26e0cf7a86280,b21e833d3ead6056f1265f13fe1ff015,SO61471,48,GL-H102-S,2,48,4a70a3ec50fd16032883bf6fc79c55dd
17730,0d15ba5aa4c9ad0377b26e0cf7a86280,b21e833d3ead6056f1265f13fe1ff015,SO61471,25,TI-R628,1,25,4a70a3ec50fd16032883bf6fc79c55dd
17730,0d15ba5aa4c9ad0377b26e0cf7a86280,b21e833d3ead6056f1265f13fe1ff015,SO61471,4,TT-R982,1,4,4a70a3ec50fd16032883bf6fc79c55dd
17730,dead1d7c916f42221e22a897aa6fc980,9f8987003453fd37ae135a87e6b756b8,SO44391,3578,BK-R93R-52,1,3578,9d0c5a1a95274b55fd3f6fd19fd273ae
17731,b2ce0ef2540789e8a6976165b6c917d8,128ee9ff420de424a605a0ee4a6f7916,SO72361,2,PK-7098,1,2,dcf73f840a50da0145f24e8e0169dc4b
17731,b2ce0ef2540789e8a6976165b6c917d8,128ee9ff420de424a605a0ee4a6f7916,SO72361,21,TI-R092,1,21,dcf73f840a50da0145f24e8e0169dc4b
17732,c3aa0c1c9cde5a60eae660ee09a2892b,556c3334adfb28b12965c8974489bdcd,SO44358,3578,BK-R93R-62,1,3578,b63003b792fb0099f3c299464a2cb4bd
17732,db2f6a564b6f5f41253c68874b50962b,76918877cf6ce7011018cd9708723392,SO62274,2240,BK-R64Y-48,2,2240,606ed413481267c98754e3351f662859
17732,db2f6a564b6f5f41253c68874b50962b,76918877cf6ce7011018cd9708723392,SO62274,54,SJ-0194-M,1,54,606ed413481267c98754e3351f662859
17733,4555f65c4664801d78b9f5477f89d8fd,7ee641303ef8d8b10d0ed00a060c73cc,SO62519,2240,BK-R64Y-42,2,2240,94c60e0b5e2b0f78b919a5d4c67d70a2
17733,4555f65c4664801d78b9f5477f89d8fd,7ee641303ef8d8b10d0ed00a060c73cc,SO62519,48,GL-H102-S,2,48,94c60e0b5e2b0f78b919a5d4c67d70a2
17733,4555f65c4664801d78b9f5477f89d8fd,7ee641303ef8d8b10d0ed00a060c73cc,SO62519,105,HL-U509,3,105,94c60e0b5e2b0f78b919a5d4c67d70a2
17733,b17aa434fc2718b9cd1a0d02141e0641,55348beba23f6cbf7d48ebb920ebb559,SO44398,3578,BK-R93R-48,1,3578,c3aa0c1c9cde5a60eae660ee09a2892b
17734,2becb9647677a1a316b388bbad689580,013f173c58073e845f675d26fdde1918,SO61417,2240,BK-R64Y-44,2,2240,0383d48e76cd8a3dfb9e2a890f2cac18
17734,835541a7e1c5fe9f0e2f6dd4fa1b8864,113b93979b7148e51e98bd22c3ff290e,SO44469,3578,BK-R93R-56,1,3578,26614863fc843ef78880895407be81a2
17735,835541a7e1c5fe9f0e2f6dd4fa1b8864,113b93979b7148e51e98bd22c3ff290e,SO44470,3578,BK-R93R-52,1,3578,26614863fc843ef78880895407be81a2
17735,99b7e934795a93975a5e0c0b9b57d9ba,870bd4f3713260418e4f342f31dc7e33,SO63867,2240,BK-R64Y-40,2,2240,7a8e187aeb003f6e34c02a4d5b9b153e
17735,99b7e934795a93975a5e0c0b9b57d9ba,870bd4f3713260418e4f342f31dc7e33,SO63867,54,SJ-0194-L,1,54,7a8e187aeb003f6e34c02a4d5b9b153e
17736,8bf3f2187c9d8d382ac1537b53267abc,7c40e129a5bf240aced0b415e4bf9991,SO44372,3578,BK-R93R-62,1,3578,1ec57de0d40386e4f2460c44e1041294
17736,a1fedb8f5f2e08543339a5f167bee6b7,8b9fe4b34e3c54f08bfcac3d9691e260,SO65008,2240,BK-R64Y-40,2,2240,4eec6eda382b9c44e240ad4b4b5e9cc0
17736,a1fedb8f5f2e08543339a5f167bee6b7,8b9fe4b34e3c54f08bfcac3d9691e260,SO65008,105,HL-U509-R,3,105,4eec6eda382b9c44e240ad4b4b5e9cc0
17736,a1fedb8f5f2e08543339a5f167bee6b7,8b9fe4b34e3c54f08bfcac3d9691e260,SO65008,9,SO-R809-L,1,9,4eec6eda382b9c44e240ad4b4b5e9cc0
17737,ad0b7f5ad35732646f1e5f67418d5995,244cede513841376c37dc856f2f5e7b9,SO59312,30,TI-M602,1,30,0df76889b3e31ccfd17b50cc73baef03
17738,9b98d27287b27eeee9ebc06e1d5a9a8d,0dc34ca2aaa8612cde077f1880b78b25,SO53107,25,TI-M267,1,25,18bea060239713ee5f865109f63f3a8a
17739,86e8658344547a7d34cd2bcd4750bd8f,8b4b8fc84396c30bd5bacc7370e1491c,SO48975,2000,BK-R64Y-44,2,2000,74245d8f0073f388c4be6464c8e2f29f
17739,d6fb379288416774d139632beb88e26b,3ebfce6ccd7540a632ae7e6ad8100c29,SO60188,1701,BK-R79Y-42,1,1701,412998e77ee121227580e3d363f75fa2
17739,d6fb379288416774d139632beb88e26b,3ebfce6ccd7540a632ae7e6ad8100c29,SO60188,105,HL-U509-R,3,105,412998e77ee121227580e3d363f75fa2
17740,d34ba8f5d7fd7d5959a34c283fbec422,9c56075241a26f6fa77eb86b15411c6e,SO55068,9,SO-R809-M,1,9,ac15b60491fe99190c0248790e690757
17740,d34ba8f5d7fd7d5959a34c283fbec422,9c56075241a26f6fa77eb86b15411c6e,SO55068,30,TI-M602,1,30,ac15b60491fe99190c0248790e690757
17741,17a27272d9d53953cbf6d182310e95ec,7c5572d8ea7717eb416a5478b1b0056f,SO49693,2443,BK-R89R-48,1,2443,38d32d96c9adb3ccccf0e286aa08123c
17741,7b0730955172ecda497d7cca6b1d87a1,d3c54b4368c62c2ff11535bf2b677170,SO54983,1701,BK-R79Y-48,1,1701,5a06908cc28b799b04fc1c47664462e6
17741,7b0730955172ecda497d7cca6b1d87a1,d3c54b4368c62c2ff11535bf2b677170,SO54983,27,CA-1098,3,27,5a06908cc28b799b04fc1c47664462e6
17741,7b0730955172ecda497d7cca6b1d87a1,d3c54b4368c62c2ff11535bf2b677170,SO54983,105,HL-U509-R,3,105,5a06908cc28b799b04fc1c47664462e6
17741,7b0730955172ecda497d7cca6b1d87a1,d3c54b4368c62c2ff11535bf2b677170,SO54983,25,TI-R628,1,25,5a06908cc28b799b04fc1c47664462e6
17741,7b0730955172ecda497d7cca6b1d87a1,d3c54b4368c62c2ff11535bf2b677170,SO54983,4,TT-R982,1,4,5a06908cc28b799b04fc1c47664462e6
17742,38d32d96c9adb3ccccf0e286aa08123c,cc2547b3671a031a723a4e3e241d0eed,SO49647,2443,BK-R89R-44,1,2443,6f28d1f037e8b8040be9f35ba03516af
17742,3c8e2c51453f4d665f1050da871dead6,1f50dad3f1493a5cf408c4eb3987479e,SO55395,1701,BK-R79Y-42,1,1701,d34ba8f5d7fd7d5959a34c283fbec422
17742,3c8e2c51453f4d665f1050da871dead6,1f50dad3f1493a5cf408c4eb3987479e,SO55395,54,SJ-0194-X,1,54,d34ba8f5d7fd7d5959a34c283fbec422
17743,3c8e2c51453f4d665f1050da871dead6,1f50dad3f1493a5cf408c4eb3987479e,SO55398,540,BK-M18B-52,1,540,d34ba8f5d7fd7d5959a34c283fbec422
17743,3c8e2c51453f4d665f1050da871dead6,1f50dad3f1493a5cf408c4eb3987479e,SO55398,22,FE-6654,1,22,d34ba8f5d7fd7d5959a34c283fbec422
17743,3c8e2c51453f4d665f1050da871dead6,1f50dad3f1493a5cf408c4eb3987479e,SO55398,150,LJ-0192-S,3,150,d34ba8f5d7fd7d5959a34c283fbec422
17743,782652638a2153c2b28e4a4522354d0f,fee42f8d62443b64a7e92c5e13c2fffe,SO48822,4364,BK-R89B-58,2,4364,ef6f862d87544c63e2c3dbb4d95a25a1
17744,14114c0c0c03d2681f7688c3c6e94055,dbd014c6041b3624cb17ead892c37e4d,SO49017,4364,BK-R89B-48,2,4364,f924afae9f4c724ae1a0a28c0959d2ed
17744,8d71482745a6a1be4fbbc5562ade4657,089c2a426c196c5ca5facb20896c90bb,SO56916,540,BK-M18B-44,1,540,d9f7611cf8d29b48a1d3d8fddb8c5b2e
17744,8d71482745a6a1be4fbbc5562ade4657,089c2a426c196c5ca5facb20896c90bb,SO56916,27,CA-1098,3,27,d9f7611cf8d29b48a1d3d8fddb8c5b2e
17744,8d71482745a6a1be4fbbc5562ade4657,089c2a426c196c5ca5facb20896c90bb,SO56916,105,HL-U509-B,3,105,d9f7611cf8d29b48a1d3d8fddb8c5b2e
17745,412998e77ee121227580e3d363f75fa2,df595e3c678d4fae23ce174fe747165e,SO59859,2,PK-7098,1,2,254d832c83ccdb2c33eab65a4fd196ff
17745,412998e77ee121227580e3d363f75fa2,df595e3c678d4fae23ce174fe747165e,SO59859,25,TI-M267,1,25,254d832c83ccdb2c33eab65a4fd196ff
17745,412998e77ee121227580e3d363f75fa2,df595e3c678d4fae23ce174fe747165e,SO59859,5,TT-M928,1,5,254d832c83ccdb2c33eab65a4fd196ff
17746,73a69a5c77a7d23172e54d7ce07a638e,5a06908cc28b799b04fc1c47664462e6,SO55482,25,TI-M267,1,25,41fc4cb27e0ee552c4c9247e1a476cc5
17746,73a69a5c77a7d23172e54d7ce07a638e,5a06908cc28b799b04fc1c47664462e6,SO55482,5,TT-M928,1,5,41fc4cb27e0ee552c4c9247e1a476cc5
17747,14114c0c0c03d2681f7688c3c6e94055,dbd014c6041b3624cb17ead892c37e4d,SO49018,4364,BK-R89R-58,2,4364,f924afae9f4c724ae1a0a28c0959d2ed
17747,d9f7611cf8d29b48a1d3d8fddb8c5b2e,55f9f4cb5784581a517e59904e0d5e2f,SO56650,540,BK-M18B-48,1,540,fda052162862bb845297063fd71a580c
17747,d9f7611cf8d29b48a1d3d8fddb8c5b2e,55f9f4cb5784581a517e59904e0d5e2f,SO56650,22,FE-6654,1,22,fda052162862bb845297063fd71a580c
17748,94b225b5b1f09ecd5e8ecdfb681ff04c,03bf7d2a8718ee9aca4bd2f37e962fc4,SO64341,2,PK-7098,1,2,61e00b038efd34bdf9c747596273cbcf
17748,94b225b5b1f09ecd5e8ecdfb681ff04c,03bf7d2a8718ee9aca4bd2f37e962fc4,SO64341,30,TI-M602,1,30,61e00b038efd34bdf9c747596273cbcf
17749,4b5c3229e0725ef8d303f494db9faec8,f46ace11e93788e473124f7be16a19d5,SO63721,105,HL-U509-B,3,105,0149f124a48640c62d90840ac5760331
17749,4b5c3229e0725ef8d303f494db9faec8,f46ace11e93788e473124f7be16a19d5,SO63721,30,TI-M602,1,30,0149f124a48640c62d90840ac5760331
17749,4b5c3229e0725ef8d303f494db9faec8,f46ace11e93788e473124f7be16a19d5,SO63721,5,TT-M928,1,5,0149f124a48640c62d90840ac5760331
17750,0c1f008e577b55c7f8b72ceeae17ff1c,ba588be30dd16be47b9647a72fe81700,SO48830,4364,BK-R89R-58,2,4364,2324aa49dea31d140d6701555edd756c
17750,ed268f8f3837888893f896b7240f1254,a9cefc49af6424b430612adfc69876ee,SO56442,565,BK-M18S-44,1,565,6353a8421ee460b64f2c988cc72a8391
17750,ed268f8f3837888893f896b7240f1254,a9cefc49af6424b430612adfc69876ee,SO56442,22,FE-6654,1,22,6353a8421ee460b64f2c988cc72a8391
17750,ed268f8f3837888893f896b7240f1254,a9cefc49af6424b430612adfc69876ee,SO56442,120,RA-H123,1,120,6353a8421ee460b64f2c988cc72a8391
17751,07b31bae17c7890b17d79a654aa230cf,a976f17830aceaaa93d5daef0bc209a3,SO58164,30,TI-M602,1,30,ef5bad66aa19ccfb82cacb73584b83ea
17751,07b31bae17c7890b17d79a654aa230cf,a976f17830aceaaa93d5daef0bc209a3,SO58164,64,VE-C304-S,1,64,ef5bad66aa19ccfb82cacb73584b83ea
17752,4a70a3ec50fd16032883bf6fc79c55dd,4804ee33768b143d9706052696f7dfbd,SO61041,1701,BK-R79Y-44,1,1701,e0bcd0ff3072dfe15609d6be1529b0b8
17752,4a70a3ec50fd16032883bf6fc79c55dd,4804ee33768b143d9706052696f7dfbd,SO61041,150,LJ-0192-X,3,150,e0bcd0ff3072dfe15609d6be1529b0b8
17752,4a70a3ec50fd16032883bf6fc79c55dd,4804ee33768b143d9706052696f7dfbd,SO61041,25,TI-R628,1,25,e0bcd0ff3072dfe15609d6be1529b0b8
17752,59b3bce956067f996be5f0ddd87e18c7,01e9454335c45aa6cdee165f2c25b3c0,SO49373,2000,BK-R64Y-40,2,2000,8dc681f418bc4515c72be4c903645815
17753,244cede513841376c37dc856f2f5e7b9,5e1b952a22eccca86f7f056a9efb42a4,SO58360,10,BC-M005,1,10,debbb2493c6588799fc787e1854bcda5
17753,244cede513841376c37dc856f2f5e7b9,5e1b952a22eccca86f7f056a9efb42a4,SO58360,565,BK-M18S-42,1,565,debbb2493c6588799fc787e1854bcda5
17753,244cede513841376c37dc856f2f5e7b9,5e1b952a22eccca86f7f056a9efb42a4,SO58360,22,FE-6654,1,22,debbb2493c6588799fc787e1854bcda5
17753,244cede513841376c37dc856f2f5e7b9,5e1b952a22eccca86f7f056a9efb42a4,SO58360,105,HL-U509-R,3,105,debbb2493c6588799fc787e1854bcda5
17753,244cede513841376c37dc856f2f5e7b9,5e1b952a22eccca86f7f056a9efb42a4,SO58360,5,WB-H098,1,5,debbb2493c6588799fc787e1854bcda5
17753,99ceae0afd3bddfab39f9341c7fd7a90,5881f2ec92a43470fcbe3d3477a2a1fe,SO48840,2443,BK-R89R-48,1,2443,6c1f25b149f7224c4de256ef6e37c951
17754,043dc8381a880800c6904db9a2d6994e,4a21ddebdfee548e65b62c2809afc1c0,SO49329,2000,BK-R64Y-44,2,2000,6a98156d9aad5c7ca324267d73f9c9ca
17754,d6fb379288416774d139632beb88e26b,3ebfce6ccd7540a632ae7e6ad8100c29,SO60189,1701,BK-R79Y-48,1,1701,412998e77ee121227580e3d363f75fa2
17754,d6fb379288416774d139632beb88e26b,3ebfce6ccd7540a632ae7e6ad8100c29,SO60189,54,SJ-0194-S,1,54,412998e77ee121227580e3d363f75fa2
17755,3d2f1a711567258a8d30dab6a6dbd8f6,2324aa49dea31d140d6701555edd756c,SO48885,4364,BK-R89R-58,2,4364,99ceae0afd3bddfab39f9341c7fd7a90
17755,3fbd0407b55d3a3da21388a2ddbf881c,ab4946738415af86b5e3cee69b13301f,SO57909,565,BK-M18S-52,1,565,5abaefcc8525a8f4cfd95cba9e926532
17755,3fbd0407b55d3a3da21388a2ddbf881c,ab4946738415af86b5e3cee69b13301f,SO57909,22,FE-6654,1,22,5abaefcc8525a8f4cfd95cba9e926532
17756,4a800301260b2639fa1ec3efafb5f86c,23f22724b430320654759f8512440ebc,SO59149,9,BC-R205,1,9,a189cc17a15cdb4e39e80dfcd8374c76
17756,4a800301260b2639fa1ec3efafb5f86c,23f22724b430320654759f8512440ebc,SO59149,1701,BK-R79Y-48,1,1701,a189cc17a15cdb4e39e80dfcd8374c76
17756,4a800301260b2639fa1ec3efafb5f86c,23f22724b430320654759f8512440ebc,SO59149,5,WB-H098,1,5,a189cc17a15cdb4e39e80dfcd8374c76
17756,88b82588375bd49ab9a4c177ecf7af7b,4364e5a7100b33d6b7420dc1168e3ded,SO49341,2000,BK-R64Y-38,2,2000,c6cff482661a9daa82c86dddcf00c0e4
17757,702a02712215141594ddf8e52b0a651c,cd15e5f80ff20dd345bfaa51400dd0d6,SO67521,25,TI-M267,1,25,caa707f97407c07371136aaf471a91d4
17757,8f472ffe3ff3109f420ae91355ff8f3f,e0cd1349b4c6e1b5f14ed427e358c2d0,SO71177,150,LJ-0192-L,3,150,8fa3bab223bec6501ad71f96bb1067b6
17757,8f472ffe3ff3109f420ae91355ff8f3f,e0cd1349b4c6e1b5f14ed427e358c2d0,SO71177,5,TT-T092,1,5,8fa3bab223bec6501ad71f96bb1067b6
17758,b210069485754303767745919c328b97,305c66634c155cab2b5cc3ce00351eb1,SO62841,2,PK-7098,1,2,5efefff01843f5aa3f7d8a4d44b4bf2e
17758,b210069485754303767745919c328b97,305c66634c155cab2b5cc3ce00351eb1,SO62841,25,TI-M267,1,25,5efefff01843f5aa3f7d8a4d44b4bf2e
17758,b210069485754303767745919c328b97,305c66634c155cab2b5cc3ce00351eb1,SO62841,5,TT-M928,1,5,5efefff01843f5aa3f7d8a4d44b4bf2e
17759,c660dc308b247ce08aeecd155306bae0,e7df1b3ee078bdcfc260a877f321287d,SO59947,2,PK-7098,1,2,9a95fdf4e925d9cbd65f87b5aa4ac212
17759,c660dc308b247ce08aeecd155306bae0,e7df1b3ee078bdcfc260a877f321287d,SO59947,30,TI-M602,1,30,9a95fdf4e925d9cbd65f87b5aa4ac212
17759,c660dc308b247ce08aeecd155306bae0,e7df1b3ee078bdcfc260a877f321287d,SO59947,5,TT-M928,1,5,9a95fdf4e925d9cbd65f87b5aa4ac212
17760,4584ca349e0920f4436a3c2f36158b85,6e32728b966bb91cefefa1316da21ca8,SO68497,2,PK-7098,1,2,ca38f30e56a72f4d0c8d2264322c5862
17760,4584ca349e0920f4436a3c2f36158b85,6e32728b966bb91cefefa1316da21ca8,SO68497,25,TI-M267,1,25,ca38f30e56a72f4d0c8d2264322c5862
17760,4584ca349e0920f4436a3c2f36158b85,6e32728b966bb91cefefa1316da21ca8,SO68497,5,TT-M928,1,5,ca38f30e56a72f4d0c8d2264322c5862
17760,4c6ed4daa82e7326b84c24f4c2ae7064,b2ce0ef2540789e8a6976165b6c917d8,SO73296,55,HY-1023-70,1,55,aa14ddbc43aa2d3be1e6ac019bb7b5bc
17760,4c6ed4daa82e7326b84c24f4c2ae7064,b2ce0ef2540789e8a6976165b6c917d8,SO73296,5,TT-T092,1,5,aa14ddbc43aa2d3be1e6ac019bb7b5bc
17761,244cede513841376c37dc856f2f5e7b9,5e1b952a22eccca86f7f056a9efb42a4,SO58357,1701,BK-R79Y-42,1,1701,debbb2493c6588799fc787e1854bcda5
17761,244cede513841376c37dc856f2f5e7b9,5e1b952a22eccca86f7f056a9efb42a4,SO58357,150,LJ-0192-M,3,150,debbb2493c6588799fc787e1854bcda5
17761,244cede513841376c37dc856f2f5e7b9,5e1b952a22eccca86f7f056a9efb42a4,SO58357,9,SO-R809-L,1,9,debbb2493c6588799fc787e1854bcda5
17761,7a881e823dfa2748a8124f4b46b643af,30df06c098f61f2e78c2d0edb6e1b65a,SO49576,4364,BK-R89B-58,2,4364,3604937fec9f63b2bfd6c01fb97f2c14
17762,5e1b952a22eccca86f7f056a9efb42a4,a8ef76a01442567fb64eb6f4408a9835,SO57701,1701,BK-R79Y-40,1,1701,40883861f6e25a2e09e848a7891f4f38
17762,5e1b952a22eccca86f7f056a9efb42a4,a8ef76a01442567fb64eb6f4408a9835,SO57701,54,SJ-0194-X,1,54,40883861f6e25a2e09e848a7891f4f38
17762,7a881e823dfa2748a8124f4b46b643af,30df06c098f61f2e78c2d0edb6e1b65a,SO49577,4364,BK-R89B-52,2,4364,3604937fec9f63b2bfd6c01fb97f2c14
17763,63efdd3324df66c9965bd622cdebe06a,7acd252f45ad6fe668386456a673d543,SO68052,25,TI-M267,1,25,6e32728b966bb91cefefa1316da21ca8
17763,eba6cab7267f82e3b2a063d5ea445bb9,73b2264d673ee7b5b2e7e165020516ac,SO58052,8,CL-9009,1,8,02ad1a5ca18e58629b8c1d6a6401d071
17763,eba6cab7267f82e3b2a063d5ea445bb9,73b2264d673ee7b5b2e7e165020516ac,SO58052,5,TT-T092,1,5,02ad1a5ca18e58629b8c1d6a6401d071
17764,52bde41d0f4e244c3d741707e5f19618,ceda4a900d234638ff03b93b262b14e6,SO50115,4364,BK-R89B-44,2,4364,c9e159941f9c2ce8daa7b4737e7f8552
17764,b0b2c17e5682f78d8fc262463fd0a4f3,375bde15092f45652b6398c1dff650d0,SO57963,9,BC-R205,1,9,5e1b952a22eccca86f7f056a9efb42a4
17764,b0b2c17e5682f78d8fc262463fd0a4f3,375bde15092f45652b6398c1dff650d0,SO57963,1701,BK-R79Y-42,1,1701,5e1b952a22eccca86f7f056a9efb42a4
17764,b0b2c17e5682f78d8fc262463fd0a4f3,375bde15092f45652b6398c1dff650d0,SO57963,5,WB-H098,1,5,5e1b952a22eccca86f7f056a9efb42a4
17765,5e1b952a22eccca86f7f056a9efb42a4,a8ef76a01442567fb64eb6f4408a9835,SO57700,1701,BK-R79Y-42,1,1701,40883861f6e25a2e09e848a7891f4f38
17765,5e1b952a22eccca86f7f056a9efb42a4,a8ef76a01442567fb64eb6f4408a9835,SO57700,27,CA-1098,3,27,40883861f6e25a2e09e848a7891f4f38
17765,5e1b952a22eccca86f7f056a9efb42a4,a8ef76a01442567fb64eb6f4408a9835,SO57700,105,HL-U509,3,105,40883861f6e25a2e09e848a7891f4f38
17765,e488a84b1e74148f72971289cb4e1be9,ce0250e4c407a28df088d59c0b77cc37,SO50164,4364,BK-R89B-52,2,4364,f8fc91862dc66c3aaaa0e65ff94d1479
17766,83e4278f3d557c0bd5784b2bc83d617c,c8db84e7a63e3fa5806b462c51f794cd,SO49248,2000,BK-R64Y-44,2,2000,120e988208d0c7478eebe7175e557b29
17766,921bc92a493b53f98f24e6a8a12801be,17520f5649fab40fb66771362888cb90,SO71433,4640,BK-M68S-38,2,4640,6a8d7e42bb852c45fbf8610361d391a0
17766,921bc92a493b53f98f24e6a8a12801be,17520f5649fab40fb66771362888cb90,SO71433,22,FE-6654,1,22,6a8d7e42bb852c45fbf8610361d391a0
17766,b21e833d3ead6056f1265f13fe1ff015,7983129d9883ebc3b9dce3311996b001,SO60606,742,BK-T18U-62,1,742,4804ee33768b143d9706052696f7dfbd
17766,b21e833d3ead6056f1265f13fe1ff015,7983129d9883ebc3b9dce3311996b001,SO60606,105,HL-U509,3,105,4804ee33768b143d9706052696f7dfbd
17767,5432d51ee94799c0125bb158c8a8bd22,545a3d56d20b22e09aa85bfa5ed8738d,SO73116,10,BC-M005,1,10,9592b44e2c3f304a9875f45537bec6eb
17767,5432d51ee94799c0125bb158c8a8bd22,545a3d56d20b22e09aa85bfa5ed8738d,SO73116,4640,BK-M68S-38,2,4640,9592b44e2c3f304a9875f45537bec6eb
17767,83e4278f3d557c0bd5784b2bc83d617c,c8db84e7a63e3fa5806b462c51f794cd,SO49249,2000,BK-R64Y-42,2,2000,120e988208d0c7478eebe7175e557b29
17767,922d04aa1f67bbe0270bfad98508f43e,0383d48e76cd8a3dfb9e2a890f2cac18,SO61839,742,BK-T18U-44,1,742,76918877cf6ce7011018cd9708723392
17767,922d04aa1f67bbe0270bfad98508f43e,0383d48e76cd8a3dfb9e2a890f2cac18,SO61839,29,TI-T723,1,29,76918877cf6ce7011018cd9708723392
17768,3fbd0407b55d3a3da21388a2ddbf881c,ab4946738415af86b5e3cee69b13301f,SO57908,1701,BK-R79Y-40,1,1701,5abaefcc8525a8f4cfd95cba9e926532
17768,3fbd0407b55d3a3da21388a2ddbf881c,ab4946738415af86b5e3cee69b13301f,SO57908,48,GL-H102-S,2,48,5abaefcc8525a8f4cfd95cba9e926532
17768,b60bd79b871d7c3345674370fa4dda03,ff9b4d639b22897f1c0256881eeb8643,SO50152,4364,BK-R89R-58,2,4364,14cf1002d25f6005ecb94636b7f549b1
17769,3ebfce6ccd7540a632ae7e6ad8100c29,d630b2db6e8046e30b4728ca862ba4e1,SO59347,1701,BK-R79Y-42,1,1701,df595e3c678d4fae23ce174fe747165e
17769,3ebfce6ccd7540a632ae7e6ad8100c29,d630b2db6e8046e30b4728ca862ba4e1,SO59347,2,PK-7098,1,2,df595e3c678d4fae23ce174fe747165e
17769,3ebfce6ccd7540a632ae7e6ad8100c29,d630b2db6e8046e30b4728ca862ba4e1,SO59347,25,TI-R628,1,25,df595e3c678d4fae23ce174fe747165e
17769,f1877c1756a68271d12db39ddc87dad7,207f6c5125350a97b1a410dc655800f6,SO50179,4364,BK-R89B-52,2,4364,a37b3b8ed0bad1707ba2be514cc71f02
17770,42c14d5c5a8f3096180b16977a1ea248,141947ecbe6170100396f0be43a07a37,SO49706,2000,BK-R64Y-40,2,2000,2c9d527f6ea5c0d14748fcde2dc730c5
17770,ad0b7f5ad35732646f1e5f67418d5995,244cede513841376c37dc856f2f5e7b9,SO59282,9,BC-R205,1,9,0df76889b3e31ccfd17b50cc73baef03
17770,ad0b7f5ad35732646f1e5f67418d5995,244cede513841376c37dc856f2f5e7b9,SO59282,1701,BK-R79Y-44,1,1701,0df76889b3e31ccfd17b50cc73baef03
17770,ad0b7f5ad35732646f1e5f67418d5995,244cede513841376c37dc856f2f5e7b9,SO59282,5,WB-H098,1,5,0df76889b3e31ccfd17b50cc73baef03
17771,6be9692276a308e4b872323af1ad8fe2,bee2b842cd357511cf4c8e509f5af192,SO52355,105,HL-U509-B,3,105,72e75576254db1afef14ecdc050391c2
17771,6be9692276a308e4b872323af1ad8fe2,bee2b842cd357511cf4c8e509f5af192,SO52355,30,TI-M602,1,30,72e75576254db1afef14ecdc050391c2
17771,6be9692276a308e4b872323af1ad8fe2,bee2b842cd357511cf4c8e509f5af192,SO52355,5,TT-M928,1,5,72e75576254db1afef14ecdc050391c2
17772,3fbd0407b55d3a3da21388a2ddbf881c,ab4946738415af86b5e3cee69b13301f,SO57910,10,BC-M005,1,10,5abaefcc8525a8f4cfd95cba9e926532
17772,3fbd0407b55d3a3da21388a2ddbf881c,ab4946738415af86b5e3cee69b13301f,SO57910,540,BK-M18B-44,1,540,5abaefcc8525a8f4cfd95cba9e926532
17772,3fbd0407b55d3a3da21388a2ddbf881c,ab4946738415af86b5e3cee69b13301f,SO57910,48,GL-H102-M,2,48,5abaefcc8525a8f4cfd95cba9e926532
17772,3fbd0407b55d3a3da21388a2ddbf881c,ab4946738415af86b5e3cee69b13301f,SO57910,105,HL-U509,3,105,5abaefcc8525a8f4cfd95cba9e926532
17772,3fbd0407b55d3a3da21388a2ddbf881c,ab4946738415af86b5e3cee69b13301f,SO57910,150,LJ-0192-L,3,150,5abaefcc8525a8f4cfd95cba9e926532
17772,3fbd0407b55d3a3da21388a2ddbf881c,ab4946738415af86b5e3cee69b13301f,SO57910,5,WB-H098,1,5,5abaefcc8525a8f4cfd95cba9e926532
17772,d9ca82639ba070f97bdfe96c9e85b4c4,f990b5152ee42d12906765f468f9e605,SO48893,4364,BK-R89B-52,2,4364,a426a338561351b3011d85cfc86bf781
17773,4a70a3ec50fd16032883bf6fc79c55dd,4804ee33768b143d9706052696f7dfbd,SO61042,1701,BK-R79Y-48,1,1701,e0bcd0ff3072dfe15609d6be1529b0b8
17773,4a70a3ec50fd16032883bf6fc79c55dd,4804ee33768b143d9706052696f7dfbd,SO61042,150,LJ-0192-M,3,150,e0bcd0ff3072dfe15609d6be1529b0b8
17773,e8e793c69d6c0688e51cf9bd1abe03b3,d35624c3724a7f923a0dcae76c01cb28,SO50172,2000,BK-R64Y-40,2,2000,52bde41d0f4e244c3d741707e5f19618
17774,9a027fc72b503940a96d5137762a263e,0e000451f430d2e5b745a08b4ee7836c,SO74744,2,PK-7098,1,2,54d3ba66c5e71d3112695b882ca2030e
17774,9a027fc72b503940a96d5137762a263e,0e000451f430d2e5b745a08b4ee7836c,SO74744,25,TI-M267,1,25,54d3ba66c5e71d3112695b882ca2030e
17775,254d832c83ccdb2c33eab65a4fd196ff,75fe8d7dec9d2a51be64595ab37dc674,SO59504,1701,BK-R79Y-48,1,1701,4a800301260b2639fa1ec3efafb5f86c
17775,254d832c83ccdb2c33eab65a4fd196ff,75fe8d7dec9d2a51be64595ab37dc674,SO59504,25,TI-R628,1,25,4a800301260b2639fa1ec3efafb5f86c
17775,254d832c83ccdb2c33eab65a4fd196ff,75fe8d7dec9d2a51be64595ab37dc674,SO59504,4,TT-R982,1,4,4a800301260b2639fa1ec3efafb5f86c
17775,254d832c83ccdb2c33eab65a4fd196ff,75fe8d7dec9d2a51be64595ab37dc674,SO59504,64,VE-C304-L,1,64,4a800301260b2639fa1ec3efafb5f86c
17775,79f46ce61b754fc6c2eeda754a6354bc,287c323e0efa1c1148232e905c3f7d34,SO49927,2000,BK-R64Y-44,2,2000,1bc9f4b5f1c56b7e2d5b17c27dad280f
17776,0383d48e76cd8a3dfb9e2a890f2cac18,d6fb379288416774d139632beb88e26b,SO60990,105,HL-U509-B,3,105,883b9b4170853b321c03290f64ba199f
17776,0383d48e76cd8a3dfb9e2a890f2cac18,d6fb379288416774d139632beb88e26b,SO60990,25,TI-M267,1,25,883b9b4170853b321c03290f64ba199f
17776,0383d48e76cd8a3dfb9e2a890f2cac18,d6fb379288416774d139632beb88e26b,SO60990,5,TT-M928,1,5,883b9b4170853b321c03290f64ba199f
17776,23f22724b430320654759f8512440ebc,485ae69515bc4c60ef546ff289741f60,SO58273,2,PK-7098,1,2,b0b2c17e5682f78d8fc262463fd0a4f3
17776,23f22724b430320654759f8512440ebc,485ae69515bc4c60ef546ff289741f60,SO58273,5,TT-T092,1,5,b0b2c17e5682f78d8fc262463fd0a4f3
17777,9a95fdf4e925d9cbd65f87b5aa4ac212,478ecc8cdaa127c33884d9f6c72c2cd5,SO59589,1701,BK-R79Y-40,1,1701,9e8cbc3edbb5efb3f48d6afb260e4725
17777,9a95fdf4e925d9cbd65f87b5aa4ac212,478ecc8cdaa127c33884d9f6c72c2cd5,SO59589,105,HL-U509,3,105,9e8cbc3edbb5efb3f48d6afb260e4725
17777,f1877c1756a68271d12db39ddc87dad7,207f6c5125350a97b1a410dc655800f6,SO50180,2443,BK-R89R-48,1,2443,a37b3b8ed0bad1707ba2be514cc71f02
17778,41ef6b06b63ba4f6a5234245a439b157,c4c454d69a39e60a6f5cf2f97148adad,SO72593,4590,BK-M68B-38,2,4590,545a3d56d20b22e09aa85bfa5ed8738d
17778,41ef6b06b63ba4f6a5234245a439b157,c4c454d69a39e60a6f5cf2f97148adad,SO72593,27,CA-1098,3,27,545a3d56d20b22e09aa85bfa5ed8738d
17778,41ef6b06b63ba4f6a5234245a439b157,c4c454d69a39e60a6f5cf2f97148adad,SO72593,120,RA-H123,1,120,545a3d56d20b22e09aa85bfa5ed8738d
17778,e82ca4c6beebe812f10fa1041b97a160,9d934f91c460e9947414d00048f2fa36,SO66057,742,BK-T18Y-50,1,742,6d1d8a1c7851eb5a946d45009cea6d9f
17778,e82ca4c6beebe812f10fa1041b97a160,9d934f91c460e9947414d00048f2fa36,SO66057,9,SO-R809-M,1,9,6d1d8a1c7851eb5a946d45009cea6d9f
17778,fcf706c3e0fe93da0b11cc32b98eb22b,4652a559216121874754c7ecfe692e94,SO50089,2000,BK-R64Y-48,2,2000,ff9b4d639b22897f1c0256881eeb8643
17779,28ba281a58dae2613cc89f9d101be807,f1877c1756a68271d12db39ddc87dad7,SO50453,2000,BK-R64Y-38,2,2000,086ede30a02aceddb0b53ef006935d73
17779,43e2cc7ff261723f93f64f3f7e9faa8d,a6f2945baeceeef4c8d541a22f6e99e9,SO73422,10,BC-M005,1,10,88077cf01a3e17831c2d0bcca5897c5b
17779,43e2cc7ff261723f93f64f3f7e9faa8d,a6f2945baeceeef4c8d541a22f6e99e9,SO73422,4590,BK-M68B-46,2,4590,88077cf01a3e17831c2d0bcca5897c5b
17779,43e2cc7ff261723f93f64f3f7e9faa8d,a6f2945baeceeef4c8d541a22f6e99e9,SO73422,48,GL-H102-L,2,48,88077cf01a3e17831c2d0bcca5897c5b
17779,43e2cc7ff261723f93f64f3f7e9faa8d,a6f2945baeceeef4c8d541a22f6e99e9,SO73422,55,HY-1023-70,1,55,88077cf01a3e17831c2d0bcca5897c5b
17779,43e2cc7ff261723f93f64f3f7e9faa8d,a6f2945baeceeef4c8d541a22f6e99e9,SO73422,54,SJ-0194-X,1,54,88077cf01a3e17831c2d0bcca5897c5b
17779,64cadfde6f66bc25043d0d69f5ae5471,18f358e551b5b85912bc952ab9894c0d,SO65853,742,BK-T18U-44,1,742,8d1d4829b2e801ba4e41ba48f5a549d4
17779,64cadfde6f66bc25043d0d69f5ae5471,18f358e551b5b85912bc952ab9894c0d,SO65853,105,HL-U509-R,3,105,8d1d4829b2e801ba4e41ba48f5a549d4
17779,64cadfde6f66bc25043d0d69f5ae5471,18f358e551b5b85912bc952ab9894c0d,SO65853,29,TI-T723,1,29,8d1d4829b2e801ba4e41ba48f5a549d4
17779,64cadfde6f66bc25043d0d69f5ae5471,18f358e551b5b85912bc952ab9894c0d,SO65853,5,TT-T092,1,5,8d1d4829b2e801ba4e41ba48f5a549d4
17780,650b814e9875ec60f087b34f3fe85282,10286aa18ba7fc1d175af14353ff81c6,SO50522,2000,BK-R64Y-48,2,2000,2d3821c62d6665c47296272022e338e1
17780,86e0fc464cbb08ae74bd039224afec9a,38c9e5d1e366b4c5c36aae682bc960c4,SO72653,4640,BK-M68S-38,2,4640,8920fd63645007b243abb750709b1172
17780,c4369eefdf9bb8a3f9115e96b40aaf17,b34050290c25b0f7b52a2b8f767df87d,SO68782,742,BK-T18U-54,1,742,c135545cc3f3a739132ffdbc8096f3d4
17780,c4369eefdf9bb8a3f9115e96b40aaf17,b34050290c25b0f7b52a2b8f767df87d,SO68782,150,LJ-0192-S,3,150,c135545cc3f3a739132ffdbc8096f3d4
17781,1faee5670542865e021595151379fe5c,e5114f65ece65e14e7b721dab1e674e0,SO69772,2384,BK-T79U-46,1,2384,83d1ed00595e79ee5ea3797e97970fe8
17781,1faee5670542865e021595151379fe5c,e5114f65ece65e14e7b721dab1e674e0,SO69772,27,CA-1098,3,27,83d1ed00595e79ee5ea3797e97970fe8
17781,456c7730e983cabeb11db57ec0801795,1bc9f4b5f1c56b7e2d5b17c27dad280f,SO49993,2443,BK-R89R-48,1,2443,d9cd5832ac6226b16d8669df784e8c52
17781,9f1ff00ea8fd9fd8f2d421ba5ec45a18,f88b3743a9ce1f9455b6de69380b486a,SO67429,4640,BK-M68S-46,2,4640,0001ffe4d82d0d8f9fec5ab0b4faa2db
17781,9f1ff00ea8fd9fd8f2d421ba5ec45a18,f88b3743a9ce1f9455b6de69380b486a,SO67429,22,FE-6654,1,22,0001ffe4d82d0d8f9fec5ab0b4faa2db
17781,9f1ff00ea8fd9fd8f2d421ba5ec45a18,f88b3743a9ce1f9455b6de69380b486a,SO67429,9,SO-R809-L,1,9,0001ffe4d82d0d8f9fec5ab0b4faa2db
17782,14114c0c0c03d2681f7688c3c6e94055,dbd014c6041b3624cb17ead892c37e4d,SO49019,4364,BK-R89R-58,2,4364,f924afae9f4c724ae1a0a28c0959d2ed
17782,94c60e0b5e2b0f78b919a5d4c67d70a2,0d15ba5aa4c9ad0377b26e0cf7a86280,SO62175,769,BK-M38S-40,1,769,9913e55755fcc4267a06c1e6adbbc7fb
17782,94c60e0b5e2b0f78b919a5d4c67d70a2,0d15ba5aa4c9ad0377b26e0cf7a86280,SO62175,70,SH-W890-L,1,70,9913e55755fcc4267a06c1e6adbbc7fb
17783,ac15b60491fe99190c0248790e690757,ab2e81a99745ffff6c06e2be93290d1b,SO54793,25,TI-M267,1,25,0c8ff735cb2b05718573c08173335fd4
17784,39ff8ac1e8a44088f96e17b846ec8baf,9a95fdf4e925d9cbd65f87b5aa4ac212,SO60391,1701,BK-R79Y-40,1,1701,c926349b55a58d87d7d5008c349fd1e9
17784,39ff8ac1e8a44088f96e17b846ec8baf,9a95fdf4e925d9cbd65f87b5aa4ac212,SO60391,27,CA-1098,3,27,c926349b55a58d87d7d5008c349fd1e9
17784,ff9b4d639b22897f1c0256881eeb8643,8dd3ccb09d6ab7dd754ab887e66e8652,SO50038,4364,BK-R89B-58,2,4364,70dbbfe9e1fafe828bd88bd62f0de8f4
17785,14e4b13c27fb9bce9938ce35b6597eca,c375f33d72ca7161f341c2726e82d67a,SO53383,105,HL-U509-R,3,105,9b98d27287b27eeee9ebc06e1d5a9a8d
17785,14e4b13c27fb9bce9938ce35b6597eca,c375f33d72ca7161f341c2726e82d67a,SO53383,5,TT-T092,1,5,9b98d27287b27eeee9ebc06e1d5a9a8d
17785,5a06908cc28b799b04fc1c47664462e6,da9c4ba6c9a1ae8725389bfd38b5763a,SO54746,2,PK-7098,1,2,6d338b8c41c717c4336ad0084a80dca4
17785,5a06908cc28b799b04fc1c47664462e6,da9c4ba6c9a1ae8725389bfd38b5763a,SO54746,25,TI-M267,1,25,6d338b8c41c717c4336ad0084a80dca4
17786,b0b2c17e5682f78d8fc262463fd0a4f3,375bde15092f45652b6398c1dff650d0,SO57986,48,GL-H102-S,2,48,5e1b952a22eccca86f7f056a9efb42a4
17786,b0b2c17e5682f78d8fc262463fd0a4f3,375bde15092f45652b6398c1dff650d0,SO57986,25,TI-M267,1,25,5e1b952a22eccca86f7f056a9efb42a4
17786,f04e53711455521533f4c5ed7dcaa287,5e9b4970006d8f02ba0bc1763fa8b9a6,SO52557,105,HL-U509-R,3,105,f799d104dd23bb828dcdaaefc4d25b61
17786,f04e53711455521533f4c5ed7dcaa287,5e9b4970006d8f02ba0bc1763fa8b9a6,SO52557,5,TT-T092,1,5,f799d104dd23bb828dcdaaefc4d25b61
17787,94c60e0b5e2b0f78b919a5d4c67d70a2,0d15ba5aa4c9ad0377b26e0cf7a86280,SO62172,1701,BK-R79Y-42,1,1701,9913e55755fcc4267a06c1e6adbbc7fb
17787,94c60e0b5e2b0f78b919a5d4c67d70a2,0d15ba5aa4c9ad0377b26e0cf7a86280,SO62172,25,TI-R628,1,25,9913e55755fcc4267a06c1e6adbbc7fb
17787,cbb00636032a355ee463d321ac8ee9fb,f8fc91862dc66c3aaaa0e65ff94d1479,SO50374,2000,BK-R64Y-40,2,2000,f1877c1756a68271d12db39ddc87dad7
17788,73a69a5c77a7d23172e54d7ce07a638e,5a06908cc28b799b04fc1c47664462e6,SO55483,105,HL-U509,3,105,41fc4cb27e0ee552c4c9247e1a476cc5
17788,73a69a5c77a7d23172e54d7ce07a638e,5a06908cc28b799b04fc1c47664462e6,SO55483,25,TI-M267,1,25,41fc4cb27e0ee552c4c9247e1a476cc5
17788,73a69a5c77a7d23172e54d7ce07a638e,5a06908cc28b799b04fc1c47664462e6,SO55483,5,TT-M928,1,5,41fc4cb27e0ee552c4c9247e1a476cc5
17789,883b9b4170853b321c03290f64ba199f,412998e77ee121227580e3d363f75fa2,SO60649,1701,BK-R79Y-48,1,1701,af1457846a79173ef71dd9d5dd69805a
17789,883b9b4170853b321c03290f64ba199f,412998e77ee121227580e3d363f75fa2,SO60649,54,SJ-0194-L,1,54,af1457846a79173ef71dd9d5dd69805a
17789,f6a3074075f513ac39071601eaf0195a,b60afd1ea0dbefb3614f3f57badc2959,SO49895,4364,BK-R89B-44,2,4364,9c36ef758665a17e1eeb69b7f8fce1c6
17790,043dc8381a880800c6904db9a2d6994e,4a21ddebdfee548e65b62c2809afc1c0,SO49327,2443,BK-R89R-48,1,2443,6a98156d9aad5c7ca324267d73f9c9ca
17790,5e1b952a22eccca86f7f056a9efb42a4,a8ef76a01442567fb64eb6f4408a9835,SO57703,565,BK-M18S-48,1,565,40883861f6e25a2e09e848a7891f4f38
17790,5e1b952a22eccca86f7f056a9efb42a4,a8ef76a01442567fb64eb6f4408a9835,SO57703,27,CA-1098,3,27,40883861f6e25a2e09e848a7891f4f38
17790,5e1b952a22eccca86f7f056a9efb42a4,a8ef76a01442567fb64eb6f4408a9835,SO57703,22,FE-6654,1,22,40883861f6e25a2e09e848a7891f4f38
17791,ce08c22f7777768ce4197eab9727516c,4a800301260b2639fa1ec3efafb5f86c,SO60011,105,HL-U509,3,105,5072507e949a2c25948a591c4da194e1
17791,ce08c22f7777768ce4197eab9727516c,4a800301260b2639fa1ec3efafb5f86c,SO60011,25,TI-M267,1,25,5072507e949a2c25948a591c4da194e1
17791,ce08c22f7777768ce4197eab9727516c,4a800301260b2639fa1ec3efafb5f86c,SO60011,5,TT-M928,1,5,5072507e949a2c25948a591c4da194e1
17792,4364e5a7100b33d6b7420dc1168e3ded,1d94ce9f1e285f2d6cb6680691aed781,SO49226,2443,BK-R89R-52,1,2443,daac5732a7741792804c19340b534bae
17792,d4746e41b619da57ee9f1a2e2cc254e8,81a5d08c6beaeec9e42baae5d63dd780,SO64069,10,BC-M005,1,10,23bd9a9b90557e9da7babfb8e3d2df22
17792,d4746e41b619da57ee9f1a2e2cc254e8,81a5d08c6beaeec9e42baae5d63dd780,SO64069,769,BK-M38S-40,1,769,23bd9a9b90557e9da7babfb8e3d2df22
17792,d4746e41b619da57ee9f1a2e2cc254e8,81a5d08c6beaeec9e42baae5d63dd780,SO64069,27,CA-1098,3,27,23bd9a9b90557e9da7babfb8e3d2df22
17792,d4746e41b619da57ee9f1a2e2cc254e8,81a5d08c6beaeec9e42baae5d63dd780,SO64069,105,HL-U509-B,3,105,23bd9a9b90557e9da7babfb8e3d2df22
17793,07b7d2aed13a63a16377587dcc0abbe8,02b96ab6e0935145589be4e1408a1675,SO66095,769,BK-M38S-40,1,769,6866da5d40f1aad2d82129d5ffa25bda
17793,07b7d2aed13a63a16377587dcc0abbe8,02b96ab6e0935145589be4e1408a1675,SO66095,2,PK-7098,1,2,6866da5d40f1aad2d82129d5ffa25bda
17793,07b7d2aed13a63a16377587dcc0abbe8,02b96ab6e0935145589be4e1408a1675,SO66095,30,TI-M602,1,30,6866da5d40f1aad2d82129d5ffa25bda
17793,07b7d2aed13a63a16377587dcc0abbe8,02b96ab6e0935145589be4e1408a1675,SO66095,5,TT-M928,1,5,6866da5d40f1aad2d82129d5ffa25bda
17793,83e4278f3d557c0bd5784b2bc83d617c,c8db84e7a63e3fa5806b462c51f794cd,SO49247,2443,BK-R89R-48,1,2443,120e988208d0c7478eebe7175e557b29
17794,6b775fbfe9534ff161531d4406ebb878,6a98156d9aad5c7ca324267d73f9c9ca,SO49400,4364,BK-R89B-44,2,4364,efe1c5e6e4edb477ce15d36dad6bbea3
17794,d6fb379288416774d139632beb88e26b,3ebfce6ccd7540a632ae7e6ad8100c29,SO60192,540,BK-M18B-42,1,540,412998e77ee121227580e3d363f75fa2
17794,d6fb379288416774d139632beb88e26b,3ebfce6ccd7540a632ae7e6ad8100c29,SO60192,22,FE-6654,1,22,412998e77ee121227580e3d363f75fa2
17794,d6fb379288416774d139632beb88e26b,3ebfce6ccd7540a632ae7e6ad8100c29,SO60192,2,PK-7098,1,2,412998e77ee121227580e3d363f75fa2
17795,2d6e054ac82934d489c58cc8399a1628,ce08c22f7777768ce4197eab9727516c,SO60775,540,BK-M18B-42,1,540,348f48807f500aeac729fb17d9bc97f1
17795,e34e7eb0c21a4e95026c6fae15677b7a,86e8658344547a7d34cd2bcd4750bd8f,SO49201,2443,BK-R89R-52,1,2443,dbfd88fff205d4dd875043cc0852f905
17796,8dd3ccb09d6ab7dd754ab887e66e8652,87d4f54c086f76c98b608b3ad8c4f65f,SO49919,4364,BK-R89R-58,2,4364,3f9a1152bc048e6eb1f01994b7cf5f9d
17796,c926349b55a58d87d7d5008c349fd1e9,9e8cbc3edbb5efb3f48d6afb260e4725,SO60057,9,BC-R205,1,9,ccb91034934bb047c5f6a32eb289b95b
17796,c926349b55a58d87d7d5008c349fd1e9,9e8cbc3edbb5efb3f48d6afb260e4725,SO60057,1701,BK-R79Y-40,1,1701,ccb91034934bb047c5f6a32eb289b95b
17796,c926349b55a58d87d7d5008c349fd1e9,9e8cbc3edbb5efb3f48d6afb260e4725,SO60057,48,GL-H102-L,2,48,ccb91034934bb047c5f6a32eb289b95b
17796,c926349b55a58d87d7d5008c349fd1e9,9e8cbc3edbb5efb3f48d6afb260e4725,SO60057,5,WB-H098,1,5,ccb91034934bb047c5f6a32eb289b95b
17797,a946e75bc65318721cd1e01162d392dd,5efefff01843f5aa3f7d8a4d44b4bf2e,SO63458,105,HL-U509-B,3,105,3a23b248b732af434a45fce0302aa11f
17797,a946e75bc65318721cd1e01162d392dd,5efefff01843f5aa3f7d8a4d44b4bf2e,SO63458,25,TI-M267,1,25,3a23b248b732af434a45fce0302aa11f
17797,a946e75bc65318721cd1e01162d392dd,5efefff01843f5aa3f7d8a4d44b4bf2e,SO63458,5,TT-M928,1,5,3a23b248b732af434a45fce0302aa11f
17798,79e45486ec381a8d5022628ddaa21b8b,c6cff482661a9daa82c86dddcf00c0e4,SO49413,2443,BK-R89R-48,1,2443,30df06c098f61f2e78c2d0edb6e1b65a
17798,883b9b4170853b321c03290f64ba199f,412998e77ee121227580e3d363f75fa2,SO60650,10,BC-M005,1,10,af1457846a79173ef71dd9d5dd69805a
17798,883b9b4170853b321c03290f64ba199f,412998e77ee121227580e3d363f75fa2,SO60650,565,BK-M18S-44,1,565,af1457846a79173ef71dd9d5dd69805a
17798,883b9b4170853b321c03290f64ba199f,412998e77ee121227580e3d363f75fa2,SO60650,105,HL-U509-R,3,105,af1457846a79173ef71dd9d5dd69805a
17798,883b9b4170853b321c03290f64ba199f,412998e77ee121227580e3d363f75fa2,SO60650,5,WB-H098,1,5,af1457846a79173ef71dd9d5dd69805a
17799,456c7730e983cabeb11db57ec0801795,1bc9f4b5f1c56b7e2d5b17c27dad280f,SO49994,4364,BK-R89B-58,2,4364,d9cd5832ac6226b16d8669df784e8c52
17799,4a800301260b2639fa1ec3efafb5f86c,23f22724b430320654759f8512440ebc,SO59148,1701,BK-R79Y-40,1,1701,a189cc17a15cdb4e39e80dfcd8374c76
17799,4a800301260b2639fa1ec3efafb5f86c,23f22724b430320654759f8512440ebc,SO59148,25,TI-R628,1,25,a189cc17a15cdb4e39e80dfcd8374c76
17800,8dd08d219271ec96c543f486de430703,d53f9d33cac0a297449a74a10d031570,SO62320,2,PK-7098,1,2,04dbdf67bb8714ba18c9c36d50d1f5dc
17800,8dd08d219271ec96c543f486de430703,d53f9d33cac0a297449a74a10d031570,SO62320,30,TI-M602,1,30,04dbdf67bb8714ba18c9c36d50d1f5dc
17800,8dd08d219271ec96c543f486de430703,d53f9d33cac0a297449a74a10d031570,SO62320,5,TT-M928,1,5,04dbdf67bb8714ba18c9c36d50d1f5dc
17801,128ee9ff420de424a605a0ee4a6f7916,fee8e08233f3f00450bce31967abb0f1,SO71388,10,BC-M005,1,10,2797a91b25bc2aa85124c99bc574dc83
17801,128ee9ff420de424a605a0ee4a6f7916,fee8e08233f3f00450bce31967abb0f1,SO71388,22,FE-6654,1,22,2797a91b25bc2aa85124c99bc574dc83
17801,128ee9ff420de424a605a0ee4a6f7916,fee8e08233f3f00450bce31967abb0f1,SO71388,54,SJ-0194-L,1,54,2797a91b25bc2aa85124c99bc574dc83
17801,128ee9ff420de424a605a0ee4a6f7916,fee8e08233f3f00450bce31967abb0f1,SO71388,30,TI-M602,1,30,2797a91b25bc2aa85124c99bc574dc83
17801,128ee9ff420de424a605a0ee4a6f7916,fee8e08233f3f00450bce31967abb0f1,SO71388,5,TT-M928,1,5,2797a91b25bc2aa85124c99bc574dc83
17801,128ee9ff420de424a605a0ee4a6f7916,fee8e08233f3f00450bce31967abb0f1,SO71388,5,WB-H098,1,5,2797a91b25bc2aa85124c99bc574dc83
17802,4804ee33768b143d9706052696f7dfbd,7254e54716fe52361e62aa16ea2e0797,SO60280,22,FE-6654,1,22,c660dc308b247ce08aeecd155306bae0
17802,4804ee33768b143d9706052696f7dfbd,7254e54716fe52361e62aa16ea2e0797,SO60280,105,HL-U509-R,3,105,c660dc308b247ce08aeecd155306bae0
17802,4804ee33768b143d9706052696f7dfbd,7254e54716fe52361e62aa16ea2e0797,SO60280,25,TI-M267,1,25,c660dc308b247ce08aeecd155306bae0
17802,4804ee33768b143d9706052696f7dfbd,7254e54716fe52361e62aa16ea2e0797,SO60280,5,TT-M928,1,5,c660dc308b247ce08aeecd155306bae0
17803,9e8cbc3edbb5efb3f48d6afb260e4725,174acf6ca4e9804d47a59a499422e621,SO59216,10,BC-M005,1,10,640540d73b85c3ecd2e3bf5541686e87
17803,9e8cbc3edbb5efb3f48d6afb260e4725,174acf6ca4e9804d47a59a499422e621,SO59216,540,BK-M18B-40,1,540,640540d73b85c3ecd2e3bf5541686e87
17803,9e8cbc3edbb5efb3f48d6afb260e4725,174acf6ca4e9804d47a59a499422e621,SO59216,48,GL-H102-S,2,48,640540d73b85c3ecd2e3bf5541686e87
17803,9e8cbc3edbb5efb3f48d6afb260e4725,174acf6ca4e9804d47a59a499422e621,SO59216,5,WB-H098,1,5,640540d73b85c3ecd2e3bf5541686e87
17803,f503064ebf1d6c48e58be9df2aa9a79b,61f221efdc5f1284178644e84c13fc7c,SO49385,4364,BK-R89B-48,2,4364,043dc8381a880800c6904db9a2d6994e
17804,0383d48e76cd8a3dfb9e2a890f2cac18,d6fb379288416774d139632beb88e26b,SO60992,27,CA-1098,3,27,883b9b4170853b321c03290f64ba199f
17804,0383d48e76cd8a3dfb9e2a890f2cac18,d6fb379288416774d139632beb88e26b,SO60992,105,HL-U509-R,3,105,883b9b4170853b321c03290f64ba199f
17804,0383d48e76cd8a3dfb9e2a890f2cac18,d6fb379288416774d139632beb88e26b,SO60992,25,TI-M267,1,25,883b9b4170853b321c03290f64ba199f
17804,0383d48e76cd8a3dfb9e2a890f2cac18,d6fb379288416774d139632beb88e26b,SO60992,5,TT-M928,1,5,883b9b4170853b321c03290f64ba199f
17805,e7df1b3ee078bdcfc260a877f321287d,4dbf892d41ae205f6e36838031cff786,SO59105,2,PK-7098,1,2,478ecc8cdaa127c33884d9f6c72c2cd5
17805,e7df1b3ee078bdcfc260a877f321287d,4dbf892d41ae205f6e36838031cff786,SO59105,30,TI-M602,1,30,478ecc8cdaa127c33884d9f6c72c2cd5
17806,15aceb75d86814cb479f1b1a9487c3d4,f799d104dd23bb828dcdaaefc4d25b61,SO52906,105,HL-U509-B,3,105,072bf847aeeee970f66483e596496cd9
17806,15aceb75d86814cb479f1b1a9487c3d4,f799d104dd23bb828dcdaaefc4d25b61,SO52906,25,TI-M267,1,25,072bf847aeeee970f66483e596496cd9
17806,15aceb75d86814cb479f1b1a9487c3d4,f799d104dd23bb828dcdaaefc4d25b61,SO52906,5,TT-M928,1,5,072bf847aeeee970f66483e596496cd9
17807,702a02712215141594ddf8e52b0a651c,cd15e5f80ff20dd345bfaa51400dd0d6,SO67524,27,CA-1098,3,27,caa707f97407c07371136aaf471a91d4
17807,702a02712215141594ddf8e52b0a651c,cd15e5f80ff20dd345bfaa51400dd0d6,SO67524,105,HL-U509-R,3,105,caa707f97407c07371136aaf471a91d4
17807,702a02712215141594ddf8e52b0a651c,cd15e5f80ff20dd345bfaa51400dd0d6,SO67524,25,TI-M267,1,25,caa707f97407c07371136aaf471a91d4
17807,702a02712215141594ddf8e52b0a651c,cd15e5f80ff20dd345bfaa51400dd0d6,SO67524,5,TT-M928,1,5,caa707f97407c07371136aaf471a91d4
17807,9f1ff00ea8fd9fd8f2d421ba5ec45a18,f88b3743a9ce1f9455b6de69380b486a,SO67452,2,PK-7098,1,2,0001ffe4d82d0d8f9fec5ab0b4faa2db
17807,9f1ff00ea8fd9fd8f2d421ba5ec45a18,f88b3743a9ce1f9455b6de69380b486a,SO67452,5,TT-T092,1,5,0001ffe4d82d0d8f9fec5ab0b4faa2db
17808,5432d51ee94799c0125bb158c8a8bd22,545a3d56d20b22e09aa85bfa5ed8738d,SO73149,105,HL-U509-B,3,105,9592b44e2c3f304a9875f45537bec6eb
17808,5432d51ee94799c0125bb158c8a8bd22,545a3d56d20b22e09aa85bfa5ed8738d,SO73149,55,HY-1023-70,1,55,9592b44e2c3f304a9875f45537bec6eb
17808,5432d51ee94799c0125bb158c8a8bd22,545a3d56d20b22e09aa85bfa5ed8738d,SO73149,5,TT-T092,1,5,9592b44e2c3f304a9875f45537bec6eb
17808,714597fe9448176d17876617114a65bc,d6ec5bff1a0809822c740ce35792fa7a,SO53219,105,HL-U509-B,3,105,3143ce3c6436ed5bd25398756b7b661d
17808,714597fe9448176d17876617114a65bc,d6ec5bff1a0809822c740ce35792fa7a,SO53219,25,TI-M267,1,25,3143ce3c6436ed5bd25398756b7b661d
17808,714597fe9448176d17876617114a65bc,d6ec5bff1a0809822c740ce35792fa7a,SO53219,5,TT-M928,1,5,3143ce3c6436ed5bd25398756b7b661d
17809,d53f9d33cac0a297449a74a10d031570,e0bcd0ff3072dfe15609d6be1529b0b8,SO61570,27,CA-1098,3,27,4cc27df81afd686c0420394e090460cb
17809,d53f9d33cac0a297449a74a10d031570,e0bcd0ff3072dfe15609d6be1529b0b8,SO61570,2,PK-7098,1,2,4cc27df81afd686c0420394e090460cb
17809,d53f9d33cac0a297449a74a10d031570,e0bcd0ff3072dfe15609d6be1529b0b8,SO61570,159,ST-1401,1,159,4cc27df81afd686c0420394e090460cb
17809,d53f9d33cac0a297449a74a10d031570,e0bcd0ff3072dfe15609d6be1529b0b8,SO61570,30,TI-M602,1,30,4cc27df81afd686c0420394e090460cb
17809,d53f9d33cac0a297449a74a10d031570,e0bcd0ff3072dfe15609d6be1529b0b8,SO61570,5,TT-M928,1,5,4cc27df81afd686c0420394e090460cb
17810,640540d73b85c3ecd2e3bf5541686e87,eba6cab7267f82e3b2a063d5ea445bb9,SO58749,27,CA-1098,3,27,d630b2db6e8046e30b4728ca862ba4e1
17810,640540d73b85c3ecd2e3bf5541686e87,eba6cab7267f82e3b2a063d5ea445bb9,SO58749,5,TT-T092,1,5,d630b2db6e8046e30b4728ca862ba4e1
17810,714597fe9448176d17876617114a65bc,d6ec5bff1a0809822c740ce35792fa7a,SO53220,27,CA-1098,3,27,3143ce3c6436ed5bd25398756b7b661d
17810,714597fe9448176d17876617114a65bc,d6ec5bff1a0809822c740ce35792fa7a,SO53220,105,HL-U509,3,105,3143ce3c6436ed5bd25398756b7b661d
17810,714597fe9448176d17876617114a65bc,d6ec5bff1a0809822c740ce35792fa7a,SO53220,25,TI-M267,1,25,3143ce3c6436ed5bd25398756b7b661d
17810,714597fe9448176d17876617114a65bc,d6ec5bff1a0809822c740ce35792fa7a,SO53220,5,WB-H098,1,5,3143ce3c6436ed5bd25398756b7b661d
17811,545a3d56d20b22e09aa85bfa5ed8738d,31c99d724c1f182c60edb82eb4740277,SO72248,2384,BK-T79U-50,1,2384,a9cd7a99d71cca9cb644010050374ade
17811,545a3d56d20b22e09aa85bfa5ed8738d,31c99d724c1f182c60edb82eb4740277,SO72248,27,CA-1098,3,27,a9cd7a99d71cca9cb644010050374ade
17811,545a3d56d20b22e09aa85bfa5ed8738d,31c99d724c1f182c60edb82eb4740277,SO72248,105,HL-U509-R,3,105,a9cd7a99d71cca9cb644010050374ade
17811,d35624c3724a7f923a0dcae76c01cb28,9ee2a0f409662e4664217b7e3b808428,SO50053,4364,BK-R89R-58,2,4364,ceda4a900d234638ff03b93b262b14e6
17811,f06fd077b6afc2d69af6e1e548da266d,c135545cc3f3a739132ffdbc8096f3d4,SO69255,4590,BK-M68B-38,2,4590,175a5d217fad85df9f6639d7ced1e5d9
17811,f06fd077b6afc2d69af6e1e548da266d,c135545cc3f3a739132ffdbc8096f3d4,SO69255,105,HL-U509,3,105,175a5d217fad85df9f6639d7ced1e5d9
17811,f06fd077b6afc2d69af6e1e548da266d,c135545cc3f3a739132ffdbc8096f3d4,SO69255,150,LJ-0192-X,3,150,175a5d217fad85df9f6639d7ced1e5d9
17812,043dc8381a880800c6904db9a2d6994e,4a21ddebdfee548e65b62c2809afc1c0,SO49328,4364,BK-R89B-44,2,4364,6a98156d9aad5c7ca324267d73f9c9ca
17812,058af5b2a408d57b708367e5bf4e9d9c,e82ca4c6beebe812f10fa1041b97a160,SO66780,769,BK-M38S-38,1,769,c507827aa5f4f6bbedf64058461c621b
17812,058af5b2a408d57b708367e5bf4e9d9c,e82ca4c6beebe812f10fa1041b97a160,SO66780,2,PK-7098,1,2,c507827aa5f4f6bbedf64058461c621b
17812,058af5b2a408d57b708367e5bf4e9d9c,e82ca4c6beebe812f10fa1041b97a160,SO66780,30,TI-M602,1,30,c507827aa5f4f6bbedf64058461c621b
17813,254d832c83ccdb2c33eab65a4fd196ff,75fe8d7dec9d2a51be64595ab37dc674,SO59506,10,BC-M005,1,10,4a800301260b2639fa1ec3efafb5f86c
17813,254d832c83ccdb2c33eab65a4fd196ff,75fe8d7dec9d2a51be64595ab37dc674,SO59506,540,BK-M18B-44,1,540,4a800301260b2639fa1ec3efafb5f86c
17813,254d832c83ccdb2c33eab65a4fd196ff,75fe8d7dec9d2a51be64595ab37dc674,SO59506,22,FE-6654,1,22,4a800301260b2639fa1ec3efafb5f86c
17813,254d832c83ccdb2c33eab65a4fd196ff,75fe8d7dec9d2a51be64595ab37dc674,SO59506,5,WB-H098,1,5,4a800301260b2639fa1ec3efafb5f86c
17813,6b775fbfe9534ff161531d4406ebb878,6a98156d9aad5c7ca324267d73f9c9ca,SO49401,2443,BK-R89R-48,1,2443,efe1c5e6e4edb477ce15d36dad6bbea3
17814,128ee9ff420de424a605a0ee4a6f7916,fee8e08233f3f00450bce31967abb0f1,SO71398,9,BC-R205,1,9,2797a91b25bc2aa85124c99bc574dc83
17814,128ee9ff420de424a605a0ee4a6f7916,fee8e08233f3f00450bce31967abb0f1,SO71398,105,HL-U509,3,105,2797a91b25bc2aa85124c99bc574dc83
17814,128ee9ff420de424a605a0ee4a6f7916,fee8e08233f3f00450bce31967abb0f1,SO71398,150,LJ-0192-X,3,150,2797a91b25bc2aa85124c99bc574dc83
17814,128ee9ff420de424a605a0ee4a6f7916,fee8e08233f3f00450bce31967abb0f1,SO71398,5,TT-T092,1,5,2797a91b25bc2aa85124c99bc574dc83
17814,128ee9ff420de424a605a0ee4a6f7916,fee8e08233f3f00450bce31967abb0f1,SO71398,5,WB-H098,1,5,2797a91b25bc2aa85124c99bc574dc83
17814,76e3c19dbb0dadc4c6dc771d856e4676,ad4fbe0c82c7e5968d4cf22c2ad19e28,SO53317,25,TI-M267,1,25,15699e35c72c4036c71409f3f3d69528
17814,76e3c19dbb0dadc4c6dc771d856e4676,ad4fbe0c82c7e5968d4cf22c2ad19e28,SO53317,5,TT-M928,1,5,15699e35c72c4036c71409f3f3d69528
17815,6a98156d9aad5c7ca324267d73f9c9ca,00bfaeb585c87c9f5074d228abb4b8fb,SO49280,2443,BK-R89R-44,1,2443,8a9e9eb9bf34bfb298138c0b091eaf0a
17815,883b9b4170853b321c03290f64ba199f,412998e77ee121227580e3d363f75fa2,SO60651,10,BC-M005,1,10,af1457846a79173ef71dd9d5dd69805a
17815,883b9b4170853b321c03290f64ba199f,412998e77ee121227580e3d363f75fa2,SO60651,565,BK-M18S-52,1,565,af1457846a79173ef71dd9d5dd69805a
17815,883b9b4170853b321c03290f64ba199f,412998e77ee121227580e3d363f75fa2,SO60651,22,FE-6654,1,22,af1457846a79173ef71dd9d5dd69805a
17815,883b9b4170853b321c03290f64ba199f,412998e77ee121227580e3d363f75fa2,SO60651,48,GL-H102-S,2,48,af1457846a79173ef71dd9d5dd69805a
17815,883b9b4170853b321c03290f64ba199f,412998e77ee121227580e3d363f75fa2,SO60651,54,SJ-0194-M,1,54,af1457846a79173ef71dd9d5dd69805a
17815,883b9b4170853b321c03290f64ba199f,412998e77ee121227580e3d363f75fa2,SO60651,5,WB-H098,1,5,af1457846a79173ef71dd9d5dd69805a
17816,d945ec2aae74dbfb829453026b91c235,348f48807f500aeac729fb17d9bc97f1,SO61344,2,PK-7098,1,2,eef21e68ecca703bb338920b950f203c
17816,d945ec2aae74dbfb829453026b91c235,348f48807f500aeac729fb17d9bc97f1,SO61344,30,TI-M602,1,30,eef21e68ecca703bb338920b950f203c
17816,d945ec2aae74dbfb829453026b91c235,348f48807f500aeac729fb17d9bc97f1,SO61344,5,TT-M928,1,5,eef21e68ecca703bb338920b950f203c
17817,31c99d724c1f182c60edb82eb4740277,e84848120190a8d0e696fbeb15647a74,SO71242,48,GL-H102-M,2,48,3db19f5f710f10e90ecc7154c649d60a
17817,31c99d724c1f182c60edb82eb4740277,e84848120190a8d0e696fbeb15647a74,SO71242,25,TI-M267,1,25,3db19f5f710f10e90ecc7154c649d60a
17818,c507827aa5f4f6bbedf64058461c621b,6d1d8a1c7851eb5a946d45009cea6d9f,SO66467,4,TT-R982,1,4,dfcee565bb2da80a7b76451a5cd314a1
17819,2fb09097185e604aaadbfde958fd6262,a1e59736d286765313b8212467dc64b2,SO74613,4,TT-R982,1,4,88d8e3ff674b1514a19b24621707f0d9
17820,fda052162862bb845297063fd71a580c,1678083e7ff90bd404baad3f60bffa37,SO56410,4,TT-R982,1,4,a2c49941411089cb2a9cbf78cb803c26
17821,fda052162862bb845297063fd71a580c,1678083e7ff90bd404baad3f60bffa37,SO56412,2,PK-7098,1,2,a2c49941411089cb2a9cbf78cb803c26
17821,fda052162862bb845297063fd71a580c,1678083e7ff90bd404baad3f60bffa37,SO56412,4,TT-R982,1,4,a2c49941411089cb2a9cbf78cb803c26
17822,e2f0a420a4c1a9e8e292761f835e0489,4eec6eda382b9c44e240ad4b4b5e9cc0,SO65590,30,TI-M602,1,30,9d934f91c460e9947414d00048f2fa36
17823,a946e75bc65318721cd1e01162d392dd,5efefff01843f5aa3f7d8a4d44b4bf2e,SO63460,8,CL-9009,1,8,3a23b248b732af434a45fce0302aa11f
17823,a946e75bc65318721cd1e01162d392dd,5efefff01843f5aa3f7d8a4d44b4bf2e,SO63460,2,PK-7098,1,2,3a23b248b732af434a45fce0302aa11f
17823,a946e75bc65318721cd1e01162d392dd,5efefff01843f5aa3f7d8a4d44b4bf2e,SO63460,30,TI-M602,1,30,3a23b248b732af434a45fce0302aa11f
17824,4a800301260b2639fa1ec3efafb5f86c,23f22724b430320654759f8512440ebc,SO59150,1701,BK-R79Y-44,1,1701,a189cc17a15cdb4e39e80dfcd8374c76
17824,4a800301260b2639fa1ec3efafb5f86c,23f22724b430320654759f8512440ebc,SO59150,2,PK-7098,1,2,a189cc17a15cdb4e39e80dfcd8374c76
17824,4a800301260b2639fa1ec3efafb5f86c,23f22724b430320654759f8512440ebc,SO59150,159,ST-1401,1,159,a189cc17a15cdb4e39e80dfcd8374c76
17824,4a800301260b2639fa1ec3efafb5f86c,23f22724b430320654759f8512440ebc,SO59150,25,TI-R628,1,25,a189cc17a15cdb4e39e80dfcd8374c76
17824,4a800301260b2639fa1ec3efafb5f86c,23f22724b430320654759f8512440ebc,SO59150,4,TT-R982,1,4,a189cc17a15cdb4e39e80dfcd8374c76
17824,f6a3074075f513ac39071601eaf0195a,b60afd1ea0dbefb3614f3f57badc2959,SO49898,2443,BK-R89R-52,1,2443,9c36ef758665a17e1eeb69b7f8fce1c6
17825,511572e8a25e86c2f48ae9e6d73a1e6a,8e8847c1bdf012037ee13bb62da8a5c1,SO68098,4640,BK-M68S-38,2,4640,691ad1b0dca3643b923973defd014d47
17825,511572e8a25e86c2f48ae9e6d73a1e6a,8e8847c1bdf012037ee13bb62da8a5c1,SO68098,22,FE-6654,1,22,691ad1b0dca3643b923973defd014d47
17825,511572e8a25e86c2f48ae9e6d73a1e6a,8e8847c1bdf012037ee13bb62da8a5c1,SO68098,150,LJ-0192-M,3,150,691ad1b0dca3643b923973defd014d47
17825,511572e8a25e86c2f48ae9e6d73a1e6a,8e8847c1bdf012037ee13bb62da8a5c1,SO68098,9,SO-R809-M,1,9,691ad1b0dca3643b923973defd014d47
17825,52bde41d0f4e244c3d741707e5f19618,ceda4a900d234638ff03b93b262b14e6,SO50116,4364,BK-R89B-52,2,4364,c9e159941f9c2ce8daa7b4737e7f8552
17825,a048b8d5f3f9178f163e2be055f0138b,c83e871e48c2716e0f28e60d166a5c98,SO73028,9,BC-R205,1,9,41ef6b06b63ba4f6a5234245a439b157
17825,a048b8d5f3f9178f163e2be055f0138b,c83e871e48c2716e0f28e60d166a5c98,SO73028,2384,BK-T79Y-50,1,2384,41ef6b06b63ba4f6a5234245a439b157
17825,a048b8d5f3f9178f163e2be055f0138b,c83e871e48c2716e0f28e60d166a5c98,SO73028,105,HL-U509-B,3,105,41ef6b06b63ba4f6a5234245a439b157
17825,a048b8d5f3f9178f163e2be055f0138b,c83e871e48c2716e0f28e60d166a5c98,SO73028,5,WB-H098,1,5,41ef6b06b63ba4f6a5234245a439b157
17826,a9cd7a99d71cca9cb644010050374ade,3db19f5f710f10e90ecc7154c649d60a,SO71727,30,TI-M602,1,30,128ee9ff420de424a605a0ee4a6f7916
17827,7f480de9e8eb6071d108895ecf71651d,af04e65ff21d922e75b51466fd45d408,SO50473,2000,BK-R64Y-38,2,2000,727839743fd8ddb93101d7c79edd3f76
17827,f46ace11e93788e473124f7be16a19d5,5c741aa8e0753be65314a304e7b39c14,SO62762,1701,BK-R79Y-48,1,1701,4555f65c4664801d78b9f5477f89d8fd
17827,f46ace11e93788e473124f7be16a19d5,5c741aa8e0753be65314a304e7b39c14,SO62762,54,SJ-0194-S,1,54,4555f65c4664801d78b9f5477f89d8fd
17828,01e9454335c45aa6cdee165f2c25b3c0,b841e6f2f1d20f20ca7bd238dfd4c300,SO49258,2443,BK-R89R-44,1,2443,e34e7eb0c21a4e95026c6fae15677b7a
17828,93ddc10d6cf61153011df052aa76671f,7299e51cfc0d5174743a6701a8a96488,SO65637,769,BK-M38S-40,1,769,02b96ab6e0935145589be4e1408a1675
17828,93ddc10d6cf61153011df052aa76671f,7299e51cfc0d5174743a6701a8a96488,SO65637,150,LJ-0192-S,3,150,02b96ab6e0935145589be4e1408a1675
17829,4004a117f65dfd3221a9cce8fce5a45f,6ef7b4bb93d4e54234cf965ed2334682,SO66710,769,BK-M38S-38,1,769,0120f4004ede1143c3be6caa4227affe
17829,4004a117f65dfd3221a9cce8fce5a45f,6ef7b4bb93d4e54234cf965ed2334682,SO66710,2,PK-7098,1,2,0120f4004ede1143c3be6caa4227affe
17829,4004a117f65dfd3221a9cce8fce5a45f,6ef7b4bb93d4e54234cf965ed2334682,SO66710,30,TI-M602,1,30,0120f4004ede1143c3be6caa4227affe
17829,e34e7eb0c21a4e95026c6fae15677b7a,86e8658344547a7d34cd2bcd4750bd8f,SO49202,4364,BK-R89B-48,2,4364,dbfd88fff205d4dd875043cc0852f905
17830,cbb00636032a355ee463d321ac8ee9fb,f8fc91862dc66c3aaaa0e65ff94d1479,SO50375,2000,BK-R64Y-38,2,2000,f1877c1756a68271d12db39ddc87dad7
17830,f46ace11e93788e473124f7be16a19d5,5c741aa8e0753be65314a304e7b39c14,SO62763,1701,BK-R79Y-48,1,1701,4555f65c4664801d78b9f5477f89d8fd
17830,f46ace11e93788e473124f7be16a19d5,5c741aa8e0753be65314a304e7b39c14,SO62763,150,LJ-0192-M,3,150,4555f65c4664801d78b9f5477f89d8fd
17831,cbb00636032a355ee463d321ac8ee9fb,f8fc91862dc66c3aaaa0e65ff94d1479,SO50376,2000,BK-R64Y-42,2,2000,f1877c1756a68271d12db39ddc87dad7
17831,f8025d3776b5f7522a6120cb4e9e0783,2d6e054ac82934d489c58cc8399a1628,SO61601,9,BC-R205,1,9,d945ec2aae74dbfb829453026b91c235
17831,f8025d3776b5f7522a6120cb4e9e0783,2d6e054ac82934d489c58cc8399a1628,SO61601,1701,BK-R79Y-44,1,1701,d945ec2aae74dbfb829453026b91c235
17831,f8025d3776b5f7522a6120cb4e9e0783,2d6e054ac82934d489c58cc8399a1628,SO61601,105,HL-U509-R,3,105,d945ec2aae74dbfb829453026b91c235
17831,f8025d3776b5f7522a6120cb4e9e0783,2d6e054ac82934d489c58cc8399a1628,SO61601,5,WB-H098,1,5,d945ec2aae74dbfb829453026b91c235
17832,abe94c2111c58e9c9672602d41bce66e,0149f124a48640c62d90840ac5760331,SO64143,25,TI-M267,1,25,99b7e934795a93975a5e0c0b9b57d9ba
17833,66e56e10b0f528b66a45e307ecdf4774,691ad1b0dca3643b923973defd014d47,SO68549,10,BC-M005,1,10,8eb7a1b0dba9fdd5f4248b9cb6b9119b
17833,66e56e10b0f528b66a45e307ecdf4774,691ad1b0dca3643b923973defd014d47,SO68549,4590,BK-M68B-42,2,4590,8eb7a1b0dba9fdd5f4248b9cb6b9119b
17833,95ddec41f799217977c3384c83bfb0ca,f6a3074075f513ac39071601eaf0195a,SO50014,2443,BK-R89R-48,1,2443,4652a559216121874754c7ecfe692e94
17833,e8c0bfc4371d81db0dacde1b8fa393ca,e5cdc2e9be5ecca55f34ea2ebabb8670,SO51358,1215,BK-T44U-54,1,1215,01070cf843f2ca45e3d4ec7c02c52551
17833,e8c0bfc4371d81db0dacde1b8fa393ca,e5cdc2e9be5ecca55f34ea2ebabb8670,SO51358,2,PK-7098,1,2,01070cf843f2ca45e3d4ec7c02c52551
17833,e8c0bfc4371d81db0dacde1b8fa393ca,e5cdc2e9be5ecca55f34ea2ebabb8670,SO51358,29,TI-T723,1,29,01070cf843f2ca45e3d4ec7c02c52551
17833,e8c0bfc4371d81db0dacde1b8fa393ca,e5cdc2e9be5ecca55f34ea2ebabb8670,SO51358,5,TT-T092,1,5,01070cf843f2ca45e3d4ec7c02c52551
17834,86e0fc464cbb08ae74bd039224afec9a,38c9e5d1e366b4c5c36aae682bc960c4,SO72650,10,BC-M005,1,10,8920fd63645007b243abb750709b1172
17834,86e0fc464cbb08ae74bd039224afec9a,38c9e5d1e366b4c5c36aae682bc960c4,SO72650,4640,BK-M68S-42,2,4640,8920fd63645007b243abb750709b1172
17834,86e0fc464cbb08ae74bd039224afec9a,38c9e5d1e366b4c5c36aae682bc960c4,SO72650,27,CA-1098,3,27,8920fd63645007b243abb750709b1172
17834,86e0fc464cbb08ae74bd039224afec9a,38c9e5d1e366b4c5c36aae682bc960c4,SO72650,22,FE-6654,1,22,8920fd63645007b243abb750709b1172
17834,86e0fc464cbb08ae74bd039224afec9a,38c9e5d1e366b4c5c36aae682bc960c4,SO72650,5,WB-H098,1,5,8920fd63645007b243abb750709b1172
17834,8d35d0f6487ae6100c95dad89a4a414f,6e3dbba03ae025e8c1552d05a28ddae3,SO50579,2000,BK-R64Y-44,2,2000,650b814e9875ec60f087b34f3fe85282
17834,e871b36e68b0b3d0af9c742d81fef27a,3fe686907939d07097f6c87f08025422,SO70147,742,BK-T18U-44,1,742,1faee5670542865e021595151379fe5c
17834,e871b36e68b0b3d0af9c742d81fef27a,3fe686907939d07097f6c87f08025422,SO70147,150,LJ-0192-X,3,150,1faee5670542865e021595151379fe5c
17835,18f358e551b5b85912bc952ab9894c0d,abe94c2111c58e9c9672602d41bce66e,SO64923,105,HL-U509-R,3,105,a6d37e298c3042e300813f55a17e0875
17835,18f358e551b5b85912bc952ab9894c0d,abe94c2111c58e9c9672602d41bce66e,SO64923,25,TI-M267,1,25,a6d37e298c3042e300813f55a17e0875
17835,18f358e551b5b85912bc952ab9894c0d,abe94c2111c58e9c9672602d41bce66e,SO64923,5,TT-M928,1,5,a6d37e298c3042e300813f55a17e0875
17835,eea5b3bd1bd5d5c62a1d22f78d3ba263,c87874400b9f907bdf9ea37d75a4b341,SO65484,5,TT-T092,1,5,a1fedb8f5f2e08543339a5f167bee6b7
17836,c87874400b9f907bdf9ea37d75a4b341,23bd9a9b90557e9da7babfb8e3d2df22,SO64566,2,PK-7098,1,2,8b9fe4b34e3c54f08bfcac3d9691e260
17836,c87874400b9f907bdf9ea37d75a4b341,23bd9a9b90557e9da7babfb8e3d2df22,SO64566,30,TI-M602,1,30,8b9fe4b34e3c54f08bfcac3d9691e260
17837,b210069485754303767745919c328b97,305c66634c155cab2b5cc3ce00351eb1,SO62840,27,CA-1098,3,27,5efefff01843f5aa3f7d8a4d44b4bf2e
17837,b210069485754303767745919c328b97,305c66634c155cab2b5cc3ce00351eb1,SO62840,105,HL-U509-R,3,105,5efefff01843f5aa3f7d8a4d44b4bf2e
17837,b210069485754303767745919c328b97,305c66634c155cab2b5cc3ce00351eb1,SO62840,25,TI-M267,1,25,5efefff01843f5aa3f7d8a4d44b4bf2e
17837,b210069485754303767745919c328b97,305c66634c155cab2b5cc3ce00351eb1,SO62840,5,TT-M928,1,5,5efefff01843f5aa3f7d8a4d44b4bf2e
17838,66e56e10b0f528b66a45e307ecdf4774,691ad1b0dca3643b923973defd014d47,SO68586,2,PK-7098,1,2,8eb7a1b0dba9fdd5f4248b9cb6b9119b
17838,66e56e10b0f528b66a45e307ecdf4774,691ad1b0dca3643b923973defd014d47,SO68586,5,TT-T092,1,5,8eb7a1b0dba9fdd5f4248b9cb6b9119b
17838,eba6cab7267f82e3b2a063d5ea445bb9,73b2264d673ee7b5b2e7e165020516ac,SO58050,25,TI-M267,1,25,02ad1a5ca18e58629b8c1d6a6401d071
17839,b0950d12c62d3aeda81b2e8d06f2aef4,e366e24b8ad0b1107528f2f58cd15a81,SO73369,25,TI-M267,1,25,a048b8d5f3f9178f163e2be055f0138b
17839,b0950d12c62d3aeda81b2e8d06f2aef4,e366e24b8ad0b1107528f2f58cd15a81,SO73369,5,TT-M928,1,5,a048b8d5f3f9178f163e2be055f0138b
17839,bc761b2b7297029a695fbd6dd0470724,fef3080ec197edd1a04bb18afd31d16d,SO55654,5,TT-T092,1,5,9b6872ca1d80024637e967d1066bba0a
17840,73a69a5c77a7d23172e54d7ce07a638e,5a06908cc28b799b04fc1c47664462e6,SO55484,159,ST-1401,1,159,41fc4cb27e0ee552c4c9247e1a476cc5
17840,73a69a5c77a7d23172e54d7ce07a638e,5a06908cc28b799b04fc1c47664462e6,SO55484,25,TI-M267,1,25,41fc4cb27e0ee552c4c9247e1a476cc5
17840,73a69a5c77a7d23172e54d7ce07a638e,5a06908cc28b799b04fc1c47664462e6,SO55484,5,TT-M928,1,5,41fc4cb27e0ee552c4c9247e1a476cc5
17840,b322422d9a721bbdefa133133dd407c1,07b7d2aed13a63a16377587dcc0abbe8,SO66857,105,HL-U509-R,3,105,2296af5563b2061aa1d88124a37eecb7
17840,b322422d9a721bbdefa133133dd407c1,07b7d2aed13a63a16377587dcc0abbe8,SO66857,5,TT-T092,1,5,2296af5563b2061aa1d88124a37eecb7
17841,3604937fec9f63b2bfd6c01fb97f2c14,22ba60942e58ccfed22ed8a64ec86aa3,SO49432,4364,BK-R89B-44,2,4364,f503064ebf1d6c48e58be9df2aa9a79b
17841,4ddc8821c34bceaf3dba4a18741acca3,af1457846a79173ef71dd9d5dd69805a,SO61111,565,BK-M18S-40,1,565,2d6e054ac82934d489c58cc8399a1628
17841,4ddc8821c34bceaf3dba4a18741acca3,af1457846a79173ef71dd9d5dd69805a,SO61111,22,FE-6654,1,22,2d6e054ac82934d489c58cc8399a1628
17841,4ddc8821c34bceaf3dba4a18741acca3,af1457846a79173ef71dd9d5dd69805a,SO61111,105,HL-U509-R,3,105,2d6e054ac82934d489c58cc8399a1628
17842,1f50dad3f1493a5cf408c4eb3987479e,226d694fb4b7f71d62444f9528be8704,SO54688,2,PK-7098,1,2,9c56075241a26f6fa77eb86b15411c6e
17842,1f50dad3f1493a5cf408c4eb3987479e,226d694fb4b7f71d62444f9528be8704,SO54688,30,TI-M602,1,30,9c56075241a26f6fa77eb86b15411c6e
17842,1f50dad3f1493a5cf408c4eb3987479e,226d694fb4b7f71d62444f9528be8704,SO54688,5,TT-M928,1,5,9c56075241a26f6fa77eb86b15411c6e
17843,8d71482745a6a1be4fbbc5562ade4657,089c2a426c196c5ca5facb20896c90bb,SO56933,30,TI-M602,1,30,d9f7611cf8d29b48a1d3d8fddb8c5b2e
17843,8d71482745a6a1be4fbbc5562ade4657,089c2a426c196c5ca5facb20896c90bb,SO56933,64,VE-C304-M,1,64,d9f7611cf8d29b48a1d3d8fddb8c5b2e
17844,9223b53f03a405f817e91392f0294f6a,3e07f09fb2edbdf0bf6a54c17634514b,SO53816,2,PK-7098,1,2,14e4b13c27fb9bce9938ce35b6597eca
17844,9223b53f03a405f817e91392f0294f6a,3e07f09fb2edbdf0bf6a54c17634514b,SO53816,5,TT-T092,1,5,14e4b13c27fb9bce9938ce35b6597eca
17844,ef5bad66aa19ccfb82cacb73584b83ea,0e23f371129aecc6b2033620b226f8d7,SO57876,159,ST-1401,1,159,485ae69515bc4c60ef546ff289741f60
17844,ef5bad66aa19ccfb82cacb73584b83ea,0e23f371129aecc6b2033620b226f8d7,SO57876,25,TI-M267,1,25,485ae69515bc4c60ef546ff289741f60
17844,ef5bad66aa19ccfb82cacb73584b83ea,0e23f371129aecc6b2033620b226f8d7,SO57876,5,TT-M928,1,5,485ae69515bc4c60ef546ff289741f60
17845,3f20f21c57e09a6c071e44d1fe74b58a,9b98d27287b27eeee9ebc06e1d5a9a8d,SO53903,25,TI-M267,1,25,51c449e55b4a63a16fb45beb689150d5
17846,7130adfd843cdcb6d0bcd9d13792693a,d1024973c3d10f08cb9fa1736e6ed8b7,SO63089,105,HL-U509-R,3,105,f46ace11e93788e473124f7be16a19d5
17846,7130adfd843cdcb6d0bcd9d13792693a,d1024973c3d10f08cb9fa1736e6ed8b7,SO63089,30,TI-M602,1,30,f46ace11e93788e473124f7be16a19d5
17846,7130adfd843cdcb6d0bcd9d13792693a,d1024973c3d10f08cb9fa1736e6ed8b7,SO63089,5,TT-M928,1,5,f46ace11e93788e473124f7be16a19d5
17847,4652a559216121874754c7ecfe692e94,9c36ef758665a17e1eeb69b7f8fce1c6,SO49963,2443,BK-R89R-52,1,2443,8dd3ccb09d6ab7dd754ab887e66e8652
17847,4ddc8821c34bceaf3dba4a18741acca3,af1457846a79173ef71dd9d5dd69805a,SO61110,1701,BK-R79Y-40,1,1701,2d6e054ac82934d489c58cc8399a1628
17848,ceda4a900d234638ff03b93b262b14e6,fd23826ef02908bf7404839a32ae44b4,SO50005,4364,BK-R89R-58,2,4364,fab7b0e87ea51ac9c36bc8aa60ee05bb
17848,d945ec2aae74dbfb829453026b91c235,348f48807f500aeac729fb17d9bc97f1,SO61323,1701,BK-R79Y-40,1,1701,eef21e68ecca703bb338920b950f203c
17848,d945ec2aae74dbfb829453026b91c235,348f48807f500aeac729fb17d9bc97f1,SO61323,105,HL-U509-B,3,105,eef21e68ecca703bb338920b950f203c
17849,4d61c9aac1c2415bf4aac434f815ed3a,dbfd88fff205d4dd875043cc0852f905,SO49276,4364,BK-R89B-58,2,4364,4364e5a7100b33d6b7420dc1168e3ded
17849,8d1d4829b2e801ba4e41ba48f5a549d4,a6d37e298c3042e300813f55a17e0875,SO65511,769,BK-M38S-38,1,769,ccf89c691dabb1412404274596922d90
17849,8d1d4829b2e801ba4e41ba48f5a549d4,a6d37e298c3042e300813f55a17e0875,SO65511,48,GL-H102-L,2,48,ccf89c691dabb1412404274596922d90
17849,8d1d4829b2e801ba4e41ba48f5a549d4,a6d37e298c3042e300813f55a17e0875,SO65511,150,LJ-0192-X,3,150,ccf89c691dabb1412404274596922d90
17850,18bea060239713ee5f865109f63f3a8a,7f026edc73bd4602381834e9b850d6c2,SO52868,27,CA-1098,3,27,d6ec5bff1a0809822c740ce35792fa7a
17850,18bea060239713ee5f865109f63f3a8a,7f026edc73bd4602381834e9b850d6c2,SO52868,105,HL-U509,3,105,d6ec5bff1a0809822c740ce35792fa7a
17850,18bea060239713ee5f865109f63f3a8a,7f026edc73bd4602381834e9b850d6c2,SO52868,30,TI-M602,1,30,d6ec5bff1a0809822c740ce35792fa7a
17850,18bea060239713ee5f865109f63f3a8a,7f026edc73bd4602381834e9b850d6c2,SO52868,5,TT-M928,1,5,d6ec5bff1a0809822c740ce35792fa7a
17851,4c9ae581a14adbccc0bcd009c17b6cbe,56e52500a7f5ab963646137a401683cd,SO75054,48,GL-H102-L,2,48,838eec1f117f2cab9e9c306f7efbff28
17851,4c9ae581a14adbccc0bcd009c17b6cbe,56e52500a7f5ab963646137a401683cd,SO75054,25,TI-M267,1,25,838eec1f117f2cab9e9c306f7efbff28
17852,39fe373cdcb4534addde73890415b660,41fc4cb27e0ee552c4c9247e1a476cc5,SO55898,22,FE-6654,1,22,3519c8eb4095dbc69d80eb61856d3435
17852,39fe373cdcb4534addde73890415b660,41fc4cb27e0ee552c4c9247e1a476cc5,SO55898,105,HL-U509,3,105,3519c8eb4095dbc69d80eb61856d3435
17852,39fe373cdcb4534addde73890415b660,41fc4cb27e0ee552c4c9247e1a476cc5,SO55898,25,TI-M267,1,25,3519c8eb4095dbc69d80eb61856d3435
17852,39fe373cdcb4534addde73890415b660,41fc4cb27e0ee552c4c9247e1a476cc5,SO55898,5,TT-M928,1,5,3519c8eb4095dbc69d80eb61856d3435
17853,870bd4f3713260418e4f342f31dc7e33,94c60e0b5e2b0f78b919a5d4c67d70a2,SO62906,25,TI-M267,1,25,2fe1a028f9398deb2efcd536c8246fae
17853,870bd4f3713260418e4f342f31dc7e33,94c60e0b5e2b0f78b919a5d4c67d70a2,SO62906,5,TT-M928,1,5,2fe1a028f9398deb2efcd536c8246fae
17854,545a3d56d20b22e09aa85bfa5ed8738d,31c99d724c1f182c60edb82eb4740277,SO72220,105,HL-U509-B,3,105,a9cd7a99d71cca9cb644010050374ade
17854,545a3d56d20b22e09aa85bfa5ed8738d,31c99d724c1f182c60edb82eb4740277,SO72220,25,TI-M267,1,25,a9cd7a99d71cca9cb644010050374ade
17854,545a3d56d20b22e09aa85bfa5ed8738d,31c99d724c1f182c60edb82eb4740277,SO72220,5,TT-M928,1,5,a9cd7a99d71cca9cb644010050374ade
17855,478ecc8cdaa127c33884d9f6c72c2cd5,3fbd0407b55d3a3da21388a2ddbf881c,SO58617,105,HL-U509-B,3,105,174acf6ca4e9804d47a59a499422e621
17855,478ecc8cdaa127c33884d9f6c72c2cd5,3fbd0407b55d3a3da21388a2ddbf881c,SO58617,5,TT-T092,1,5,174acf6ca4e9804d47a59a499422e621
17855,47a161474962a6dcc03cfa64127a641f,8920fd63645007b243abb750709b1172,SO73213,120,RA-H123,1,120,c5ed53572c667b119dde2fc0f54de602
17855,47a161474962a6dcc03cfa64127a641f,8920fd63645007b243abb750709b1172,SO73213,25,TI-M267,1,25,c5ed53572c667b119dde2fc0f54de602
17855,47a161474962a6dcc03cfa64127a641f,8920fd63645007b243abb750709b1172,SO73213,5,TT-M928,1,5,c5ed53572c667b119dde2fc0f54de602
17856,4efe8b2ca156042f8a3d8dd6aba54520,e2f0a420a4c1a9e8e292761f835e0489,SO66344,2,PK-7098,1,2,e82ca4c6beebe812f10fa1041b97a160
17856,4efe8b2ca156042f8a3d8dd6aba54520,e2f0a420a4c1a9e8e292761f835e0489,SO66344,25,TI-M267,1,25,e82ca4c6beebe812f10fa1041b97a160
17856,4efe8b2ca156042f8a3d8dd6aba54520,e2f0a420a4c1a9e8e292761f835e0489,SO66344,5,TT-M928,1,5,e82ca4c6beebe812f10fa1041b97a160
17857,4ddc8821c34bceaf3dba4a18741acca3,af1457846a79173ef71dd9d5dd69805a,SO61135,25,TI-R628,1,25,2d6e054ac82934d489c58cc8399a1628
17858,6a8d7e42bb852c45fbf8610361d391a0,3f72b837978dcd042b73e7270f11a4ca,SO71140,1701,BK-R79Y-48,1,1701,49fce086a31f1cfcf16b54e462f7cbc0
17859,4efe8b2ca156042f8a3d8dd6aba54520,e2f0a420a4c1a9e8e292761f835e0489,SO66365,1701,BK-R79Y-40,1,1701,e82ca4c6beebe812f10fa1041b97a160
17859,4efe8b2ca156042f8a3d8dd6aba54520,e2f0a420a4c1a9e8e292761f835e0489,SO66365,105,HL-U509-R,3,105,e82ca4c6beebe812f10fa1041b97a160
17860,64cadfde6f66bc25043d0d69f5ae5471,18f358e551b5b85912bc952ab9894c0d,SO65866,9,BC-R205,1,9,8d1d4829b2e801ba4e41ba48f5a549d4
17860,64cadfde6f66bc25043d0d69f5ae5471,18f358e551b5b85912bc952ab9894c0d,SO65866,1701,BK-R79Y-40,1,1701,8d1d4829b2e801ba4e41ba48f5a549d4
17860,64cadfde6f66bc25043d0d69f5ae5471,18f358e551b5b85912bc952ab9894c0d,SO65866,27,CA-1098,3,27,8d1d4829b2e801ba4e41ba48f5a549d4
17860,64cadfde6f66bc25043d0d69f5ae5471,18f358e551b5b85912bc952ab9894c0d,SO65866,54,SJ-0194-L,1,54,8d1d4829b2e801ba4e41ba48f5a549d4
17860,64cadfde6f66bc25043d0d69f5ae5471,18f358e551b5b85912bc952ab9894c0d,SO65866,5,WB-H098,1,5,8d1d4829b2e801ba4e41ba48f5a549d4
17861,128ee9ff420de424a605a0ee4a6f7916,fee8e08233f3f00450bce31967abb0f1,SO71420,9,BC-R205,1,9,2797a91b25bc2aa85124c99bc574dc83
17861,128ee9ff420de424a605a0ee4a6f7916,fee8e08233f3f00450bce31967abb0f1,SO71420,1701,BK-R79Y-40,1,1701,2797a91b25bc2aa85124c99bc574dc83
17861,128ee9ff420de424a605a0ee4a6f7916,fee8e08233f3f00450bce31967abb0f1,SO71420,105,HL-U509-R,3,105,2797a91b25bc2aa85124c99bc574dc83
17861,128ee9ff420de424a605a0ee4a6f7916,fee8e08233f3f00450bce31967abb0f1,SO71420,5,WB-H098,1,5,2797a91b25bc2aa85124c99bc574dc83
17862,e82ca4c6beebe812f10fa1041b97a160,9d934f91c460e9947414d00048f2fa36,SO66073,1701,BK-R79Y-42,1,1701,6d1d8a1c7851eb5a946d45009cea6d9f
17862,e82ca4c6beebe812f10fa1041b97a160,9d934f91c460e9947414d00048f2fa36,SO66073,150,LJ-0192-X,3,150,6d1d8a1c7851eb5a946d45009cea6d9f
17863,8d1d4829b2e801ba4e41ba48f5a549d4,a6d37e298c3042e300813f55a17e0875,SO65522,8,CL-9009,1,8,ccf89c691dabb1412404274596922d90
17863,8d1d4829b2e801ba4e41ba48f5a549d4,a6d37e298c3042e300813f55a17e0875,SO65522,55,HY-1023-70,1,55,ccf89c691dabb1412404274596922d90
17863,8d1d4829b2e801ba4e41ba48f5a549d4,a6d37e298c3042e300813f55a17e0875,SO65522,5,WB-H098,1,5,ccf89c691dabb1412404274596922d90
17864,3a2f313512bb520c43971e54ba834dec,a1fedb8f5f2e08543339a5f167bee6b7,SO65948,1701,BK-R79Y-42,1,1701,e2f0a420a4c1a9e8e292761f835e0489
17864,3a2f313512bb520c43971e54ba834dec,a1fedb8f5f2e08543339a5f167bee6b7,SO65948,150,LJ-0192-L,3,150,e2f0a420a4c1a9e8e292761f835e0489
17865,a9cd7a99d71cca9cb644010050374ade,3db19f5f710f10e90ecc7154c649d60a,SO71767,1701,BK-R79Y-48,1,1701,128ee9ff420de424a605a0ee4a6f7916
17865,a9cd7a99d71cca9cb644010050374ade,3db19f5f710f10e90ecc7154c649d60a,SO71767,105,HL-U509-B,3,105,128ee9ff420de424a605a0ee4a6f7916
17865,a9cd7a99d71cca9cb644010050374ade,3db19f5f710f10e90ecc7154c649d60a,SO71767,54,SJ-0194-L,1,54,128ee9ff420de424a605a0ee4a6f7916
17866,dfcee565bb2da80a7b76451a5cd314a1,6582aa26281b9a92ad60e6a03e274c00,SO66202,1701,BK-R79Y-44,1,1701,64cadfde6f66bc25043d0d69f5ae5471
17866,dfcee565bb2da80a7b76451a5cd314a1,6582aa26281b9a92ad60e6a03e274c00,SO66202,105,HL-U509,3,105,64cadfde6f66bc25043d0d69f5ae5471
17867,df09a3a727ac0f29208c5ef3bf7625e6,5cbbe853aa1a5a1370f9a614904c4b15,SO74287,105,HL-U509-B,3,105,9c55d6518880c1abf100a24da2546368
17867,df09a3a727ac0f29208c5ef3bf7625e6,5cbbe853aa1a5a1370f9a614904c4b15,SO74287,150,LJ-0192-X,3,150,9c55d6518880c1abf100a24da2546368
17867,df09a3a727ac0f29208c5ef3bf7625e6,5cbbe853aa1a5a1370f9a614904c4b15,SO74287,30,TI-M602,1,30,9c55d6518880c1abf100a24da2546368
17867,df09a3a727ac0f29208c5ef3bf7625e6,5cbbe853aa1a5a1370f9a614904c4b15,SO74287,5,TT-M928,1,5,9c55d6518880c1abf100a24da2546368
17867,dfcee565bb2da80a7b76451a5cd314a1,6582aa26281b9a92ad60e6a03e274c00,SO66175,22,FE-6654,1,22,64cadfde6f66bc25043d0d69f5ae5471
17867,dfcee565bb2da80a7b76451a5cd314a1,6582aa26281b9a92ad60e6a03e274c00,SO66175,105,HL-U509,3,105,64cadfde6f66bc25043d0d69f5ae5471
17868,2296af5563b2061aa1d88124a37eecb7,6866da5d40f1aad2d82129d5ffa25bda,SO66562,1701,BK-R79Y-44,1,1701,05e7920e8caf0303dc01b77666952b75
17868,2296af5563b2061aa1d88124a37eecb7,6866da5d40f1aad2d82129d5ffa25bda,SO66562,105,HL-U509,3,105,05e7920e8caf0303dc01b77666952b75
17869,64cadfde6f66bc25043d0d69f5ae5471,18f358e551b5b85912bc952ab9894c0d,SO65870,1701,BK-R79Y-44,1,1701,8d1d4829b2e801ba4e41ba48f5a549d4
17869,64cadfde6f66bc25043d0d69f5ae5471,18f358e551b5b85912bc952ab9894c0d,SO65870,48,GL-H102-L,2,48,8d1d4829b2e801ba4e41ba48f5a549d4
17869,64cadfde6f66bc25043d0d69f5ae5471,18f358e551b5b85912bc952ab9894c0d,SO65870,105,HL-U509-B,3,105,8d1d4829b2e801ba4e41ba48f5a549d4
17870,e2f0a420a4c1a9e8e292761f835e0489,4eec6eda382b9c44e240ad4b4b5e9cc0,SO65621,1701,BK-R79Y-40,1,1701,9d934f91c460e9947414d00048f2fa36
17871,8e8847c1bdf012037ee13bb62da8a5c1,c507827aa5f4f6bbedf64058461c621b,SO67257,1701,BK-R79Y-44,1,1701,6dd75c28a9a8a39e02bc0a175f82a9f3
17871,8e8847c1bdf012037ee13bb62da8a5c1,c507827aa5f4f6bbedf64058461c621b,SO67257,25,TI-R628,1,25,6dd75c28a9a8a39e02bc0a175f82a9f3
17871,8e8847c1bdf012037ee13bb62da8a5c1,c507827aa5f4f6bbedf64058461c621b,SO67257,4,TT-R982,1,4,6dd75c28a9a8a39e02bc0a175f82a9f3
17872,705fa39ab40831529471c768490339ab,63efdd3324df66c9965bd622cdebe06a,SO68845,105,HL-U509-B,3,105,4584ca349e0920f4436a3c2f36158b85
17872,705fa39ab40831529471c768490339ab,63efdd3324df66c9965bd622cdebe06a,SO68845,5,WB-H098,1,5,4584ca349e0920f4436a3c2f36158b85
17873,94c60e0b5e2b0f78b919a5d4c67d70a2,0d15ba5aa4c9ad0377b26e0cf7a86280,SO62176,1701,BK-R79Y-40,1,1701,9913e55755fcc4267a06c1e6adbbc7fb
17873,94c60e0b5e2b0f78b919a5d4c67d70a2,0d15ba5aa4c9ad0377b26e0cf7a86280,SO62176,27,CA-1098,3,27,9913e55755fcc4267a06c1e6adbbc7fb
17873,94c60e0b5e2b0f78b919a5d4c67d70a2,0d15ba5aa4c9ad0377b26e0cf7a86280,SO62176,150,LJ-0192-S,3,150,9913e55755fcc4267a06c1e6adbbc7fb
17873,f6a3074075f513ac39071601eaf0195a,b60afd1ea0dbefb3614f3f57badc2959,SO49899,2443,BK-R89R-44,1,2443,9c36ef758665a17e1eeb69b7f8fce1c6
17874,8f472ffe3ff3109f420ae91355ff8f3f,e0cd1349b4c6e1b5f14ed427e358c2d0,SO71172,30,TI-M602,1,30,8fa3bab223bec6501ad71f96bb1067b6
17874,8f472ffe3ff3109f420ae91355ff8f3f,e0cd1349b4c6e1b5f14ed427e358c2d0,SO71172,5,TT-M928,1,5,8fa3bab223bec6501ad71f96bb1067b6
17875,07b31bae17c7890b17d79a654aa230cf,a976f17830aceaaa93d5daef0bc209a3,SO58159,25,TI-R628,1,25,ef5bad66aa19ccfb82cacb73584b83ea
17876,eba6cab7267f82e3b2a063d5ea445bb9,73b2264d673ee7b5b2e7e165020516ac,SO58046,25,TI-R628,1,25,02ad1a5ca18e58629b8c1d6a6401d071
17876,eba6cab7267f82e3b2a063d5ea445bb9,73b2264d673ee7b5b2e7e165020516ac,SO58046,4,TT-R982,1,4,02ad1a5ca18e58629b8c1d6a6401d071
17877,07b31bae17c7890b17d79a654aa230cf,a976f17830aceaaa93d5daef0bc209a3,SO58160,159,ST-1401,1,159,ef5bad66aa19ccfb82cacb73584b83ea
17877,07b31bae17c7890b17d79a654aa230cf,a976f17830aceaaa93d5daef0bc209a3,SO58160,25,TI-R628,1,25,ef5bad66aa19ccfb82cacb73584b83ea
17877,07b31bae17c7890b17d79a654aa230cf,a976f17830aceaaa93d5daef0bc209a3,SO58160,4,TT-R982,1,4,ef5bad66aa19ccfb82cacb73584b83ea
17878,3f72b837978dcd042b73e7270f11a4ca,83d1ed00595e79ee5ea3797e97970fe8,SO70279,105,HL-U509,3,105,99c8f306659fd98cbb9d7f03ec0c2a7a
17878,3f72b837978dcd042b73e7270f11a4ca,83d1ed00595e79ee5ea3797e97970fe8,SO70279,30,TI-M602,1,30,99c8f306659fd98cbb9d7f03ec0c2a7a
17878,3f72b837978dcd042b73e7270f11a4ca,83d1ed00595e79ee5ea3797e97970fe8,SO70279,5,TT-M928,1,5,99c8f306659fd98cbb9d7f03ec0c2a7a
17879,6353a8421ee460b64f2c988cc72a8391,59c3d64cb01cd5ad7fd25246d81a55ff,SO56210,150,LJ-0192-X,3,150,5691ac18f59a9af20f9d8703772afbba
17879,6353a8421ee460b64f2c988cc72a8391,59c3d64cb01cd5ad7fd25246d81a55ff,SO56210,5,TT-T092,1,5,5691ac18f59a9af20f9d8703772afbba
17879,ec24e4cf9fcc90f3bbe81b2fb3735c21,c4369eefdf9bb8a3f9115e96b40aaf17,SO69827,105,HL-U509,3,105,f06fd077b6afc2d69af6e1e548da266d
17879,ec24e4cf9fcc90f3bbe81b2fb3735c21,c4369eefdf9bb8a3f9115e96b40aaf17,SO69827,25,TI-M267,1,25,f06fd077b6afc2d69af6e1e548da266d
17879,ec24e4cf9fcc90f3bbe81b2fb3735c21,c4369eefdf9bb8a3f9115e96b40aaf17,SO69827,5,TT-M928,1,5,f06fd077b6afc2d69af6e1e548da266d
17880,8babade0595c11e14dd89058a850f2cd,a048b8d5f3f9178f163e2be055f0138b,SO73899,2,PK-7098,1,2,501407dcfde5b685045ca3072168d5bb
17880,8babade0595c11e14dd89058a850f2cd,a048b8d5f3f9178f163e2be055f0138b,SO73899,25,TI-M267,1,25,501407dcfde5b685045ca3072168d5bb
17880,8babade0595c11e14dd89058a850f2cd,a048b8d5f3f9178f163e2be055f0138b,SO73899,5,TT-M928,1,5,501407dcfde5b685045ca3072168d5bb
17880,9223b53f03a405f817e91392f0294f6a,3e07f09fb2edbdf0bf6a54c17634514b,SO53817,2,PK-7098,1,2,14e4b13c27fb9bce9938ce35b6597eca
17880,9223b53f03a405f817e91392f0294f6a,3e07f09fb2edbdf0bf6a54c17634514b,SO53817,5,TT-T092,1,5,14e4b13c27fb9bce9938ce35b6597eca
17881,12092303778fcfa88ed7d284b74c6a6a,40eee601514259a9632d510ca71226cc,SO74807,2,PK-7098,1,2,6cf9e035d2f1d8ffe1b9f2f96a9e7a3a
17881,12092303778fcfa88ed7d284b74c6a6a,40eee601514259a9632d510ca71226cc,SO74807,25,TI-M267,1,25,6cf9e035d2f1d8ffe1b9f2f96a9e7a3a
17881,12092303778fcfa88ed7d284b74c6a6a,40eee601514259a9632d510ca71226cc,SO74807,5,TT-M928,1,5,6cf9e035d2f1d8ffe1b9f2f96a9e7a3a
17881,8d71482745a6a1be4fbbc5562ade4657,089c2a426c196c5ca5facb20896c90bb,SO56937,55,HY-1023-70,1,55,d9f7611cf8d29b48a1d3d8fddb8c5b2e
17881,8d71482745a6a1be4fbbc5562ade4657,089c2a426c196c5ca5facb20896c90bb,SO56937,5,TT-T092,1,5,d9f7611cf8d29b48a1d3d8fddb8c5b2e
17882,db2b287636ac5ebda430de4f3f643b24,7af7abc5e37d5fa2e2334b4fec2584e2,SO51998,2,PK-7098,1,2,bee2b842cd357511cf4c8e509f5af192
17882,db2b287636ac5ebda430de4f3f643b24,7af7abc5e37d5fa2e2334b4fec2584e2,SO51998,25,TI-M267,1,25,bee2b842cd357511cf4c8e509f5af192
17882,db2b287636ac5ebda430de4f3f643b24,7af7abc5e37d5fa2e2334b4fec2584e2,SO51998,5,TT-M928,1,5,bee2b842cd357511cf4c8e509f5af192
17883,a1fedb8f5f2e08543339a5f167bee6b7,8b9fe4b34e3c54f08bfcac3d9691e260,SO64988,27,CA-1098,3,27,4eec6eda382b9c44e240ad4b4b5e9cc0
17883,a1fedb8f5f2e08543339a5f167bee6b7,8b9fe4b34e3c54f08bfcac3d9691e260,SO64988,105,HL-U509-B,3,105,4eec6eda382b9c44e240ad4b4b5e9cc0
17883,a1fedb8f5f2e08543339a5f167bee6b7,8b9fe4b34e3c54f08bfcac3d9691e260,SO64988,30,TI-M602,1,30,4eec6eda382b9c44e240ad4b4b5e9cc0
17883,a1fedb8f5f2e08543339a5f167bee6b7,8b9fe4b34e3c54f08bfcac3d9691e260,SO64988,5,TT-M928,1,5,4eec6eda382b9c44e240ad4b4b5e9cc0
17884,7a8e187aeb003f6e34c02a4d5b9b153e,2fe1a028f9398deb2efcd536c8246fae,SO63526,25,TI-M267,1,25,ba19c22033aaecc6c5dad47f63e5858c
17884,7a8e187aeb003f6e34c02a4d5b9b153e,2fe1a028f9398deb2efcd536c8246fae,SO63526,5,TT-M928,1,5,ba19c22033aaecc6c5dad47f63e5858c
17885,abe94c2111c58e9c9672602d41bce66e,0149f124a48640c62d90840ac5760331,SO64123,1701,BK-R79Y-40,1,1701,99b7e934795a93975a5e0c0b9b57d9ba
17885,f4630495c408b1838e43e9291392dcdf,bcecb4362a7ad5f479ac9c9c0f6761bb,SO50932,2000,BK-R64Y-40,2,2000,c045063ec789c07ddd7ad868b7789049
17886,a8ef76a01442567fb64eb6f4408a9835,427ed6396fba4ed8ead9ec3229517d2b,SO56882,27,CA-1098,3,27,eba5233d2dd8ea5031e646882335ece0
17886,a8ef76a01442567fb64eb6f4408a9835,427ed6396fba4ed8ead9ec3229517d2b,SO56882,25,TI-M267,1,25,eba5233d2dd8ea5031e646882335ece0
17886,a8ef76a01442567fb64eb6f4408a9835,427ed6396fba4ed8ead9ec3229517d2b,SO56882,5,WB-H098,1,5,eba5233d2dd8ea5031e646882335ece0
17887,4004a117f65dfd3221a9cce8fce5a45f,6ef7b4bb93d4e54234cf965ed2334682,SO66730,105,HL-U509-B,3,105,0120f4004ede1143c3be6caa4227affe
17887,4004a117f65dfd3221a9cce8fce5a45f,6ef7b4bb93d4e54234cf965ed2334682,SO66730,25,TI-M267,1,25,0120f4004ede1143c3be6caa4227affe
17887,4004a117f65dfd3221a9cce8fce5a45f,6ef7b4bb93d4e54234cf965ed2334682,SO66730,5,TT-M928,1,5,0120f4004ede1143c3be6caa4227affe
17888,e82ca4c6beebe812f10fa1041b97a160,9d934f91c460e9947414d00048f2fa36,SO66046,25,TI-M267,1,25,6d1d8a1c7851eb5a946d45009cea6d9f
17888,e82ca4c6beebe812f10fa1041b97a160,9d934f91c460e9947414d00048f2fa36,SO66046,5,TT-M928,1,5,6d1d8a1c7851eb5a946d45009cea6d9f
17889,16918840d98f27ce45948fe73dd5592f,04dbdf67bb8714ba18c9c36d50d1f5dc,SO62701,565,BK-M18S-42,1,565,95103530881768b5cfc7e33970db9cd7
17889,16918840d98f27ce45948fe73dd5592f,04dbdf67bb8714ba18c9c36d50d1f5dc,SO62701,105,HL-U509,3,105,95103530881768b5cfc7e33970db9cd7
17889,e34e7eb0c21a4e95026c6fae15677b7a,86e8658344547a7d34cd2bcd4750bd8f,SO49200,2443,BK-R89R-44,1,2443,dbfd88fff205d4dd875043cc0852f905
17890,3a23b248b732af434a45fce0302aa11f,db2f6a564b6f5f41253c68874b50962b,SO62952,10,BC-M005,1,10,290499d9b8e65db426ba9b842714eb6d
17890,3a23b248b732af434a45fce0302aa11f,db2f6a564b6f5f41253c68874b50962b,SO62952,540,BK-M18B-52,1,540,290499d9b8e65db426ba9b842714eb6d
17890,3a23b248b732af434a45fce0302aa11f,db2f6a564b6f5f41253c68874b50962b,SO62952,22,FE-6654,1,22,290499d9b8e65db426ba9b842714eb6d
17890,d5cc3ca31a62986018db87cc11d7c3c0,5621f5e25d40f729483fc0a25664bcc3,SO49181,4364,BK-R89B-48,2,4364,b841e6f2f1d20f20ca7bd238dfd4c300
17891,4b5c3229e0725ef8d303f494db9faec8,f46ace11e93788e473124f7be16a19d5,SO63697,1701,BK-R79Y-40,1,1701,0149f124a48640c62d90840ac5760331
17891,4b5c3229e0725ef8d303f494db9faec8,f46ace11e93788e473124f7be16a19d5,SO63697,105,HL-U509-R,3,105,0149f124a48640c62d90840ac5760331
17891,9cdb18f37bdd2084cec3f36c200212be,a0ab7eafc534bc4a8a48cd6e1cfc4d24,SO51015,2000,BK-R64Y-42,2,2000,c96b659647361342a1bb035614c242b1
17892,3a23b248b732af434a45fce0302aa11f,db2f6a564b6f5f41253c68874b50962b,SO62951,540,BK-M18B-44,1,540,290499d9b8e65db426ba9b842714eb6d
17892,3a23b248b732af434a45fce0302aa11f,db2f6a564b6f5f41253c68874b50962b,SO62951,27,CA-1098,3,27,290499d9b8e65db426ba9b842714eb6d
17892,3a23b248b732af434a45fce0302aa11f,db2f6a564b6f5f41253c68874b50962b,SO62951,22,FE-6654,1,22,290499d9b8e65db426ba9b842714eb6d
17892,3a23b248b732af434a45fce0302aa11f,db2f6a564b6f5f41253c68874b50962b,SO62951,105,HL-U509,3,105,290499d9b8e65db426ba9b842714eb6d
17892,fd23826ef02908bf7404839a32ae44b4,3b2d50088b5462490d2079beeb91dc27,SO49811,4364,BK-R89B-48,2,4364,bfe24702a7cb81c4620880adb1bf9ffe
17893,52bde41d0f4e244c3d741707e5f19618,ceda4a900d234638ff03b93b262b14e6,SO50117,4364,BK-R89B-48,2,4364,c9e159941f9c2ce8daa7b4737e7f8552
17893,db2f6a564b6f5f41253c68874b50962b,76918877cf6ce7011018cd9708723392,SO62242,1701,BK-R79Y-42,1,1701,606ed413481267c98754e3351f662859
17894,186b0be01dd08ffcc5cb19cc226fb731,f51bd0753a33f206ae6eb82577c92f80,SO50907,2000,BK-R64Y-42,2,2000,fdc1a11f11cd643200d6bfb5eb92100e
17894,3f0c8308e4e2e5c4ddc1b7e19304f613,61e00b038efd34bdf9c747596273cbcf,SO64798,1701,BK-R79Y-40,1,1701,232e830f1ac667c081eaaca23cdf9b5f
17894,3f0c8308e4e2e5c4ddc1b7e19304f613,61e00b038efd34bdf9c747596273cbcf,SO64798,27,CA-1098,3,27,232e830f1ac667c081eaaca23cdf9b5f
17895,6353a8421ee460b64f2c988cc72a8391,59c3d64cb01cd5ad7fd25246d81a55ff,SO56207,25,TI-M267,1,25,5691ac18f59a9af20f9d8703772afbba
17895,6353a8421ee460b64f2c988cc72a8391,59c3d64cb01cd5ad7fd25246d81a55ff,SO56207,5,TT-M928,1,5,5691ac18f59a9af20f9d8703772afbba
17896,0d15ba5aa4c9ad0377b26e0cf7a86280,b21e833d3ead6056f1265f13fe1ff015,SO61437,10,BC-M005,1,10,4a70a3ec50fd16032883bf6fc79c55dd
17896,0d15ba5aa4c9ad0377b26e0cf7a86280,b21e833d3ead6056f1265f13fe1ff015,SO61437,540,BK-M18B-42,1,540,4a70a3ec50fd16032883bf6fc79c55dd
17896,0d15ba5aa4c9ad0377b26e0cf7a86280,b21e833d3ead6056f1265f13fe1ff015,SO61437,22,FE-6654,1,22,4a70a3ec50fd16032883bf6fc79c55dd
17896,0d15ba5aa4c9ad0377b26e0cf7a86280,b21e833d3ead6056f1265f13fe1ff015,SO61437,48,GL-H102-M,2,48,4a70a3ec50fd16032883bf6fc79c55dd
17896,0d15ba5aa4c9ad0377b26e0cf7a86280,b21e833d3ead6056f1265f13fe1ff015,SO61437,5,WB-H098,1,5,4a70a3ec50fd16032883bf6fc79c55dd
17896,2c9d527f6ea5c0d14748fcde2dc730c5,f67641ca977673896f765fef2e0d4486,SO49664,2443,BK-R89R-44,1,2443,4d786e5d2e5c70a53e6895eb52019501
17897,232e830f1ac667c081eaaca23cdf9b5f,4b5c3229e0725ef8d303f494db9faec8,SO64466,1701,BK-R79Y-48,1,1701,abe94c2111c58e9c9672602d41bce66e
17897,232e830f1ac667c081eaaca23cdf9b5f,4b5c3229e0725ef8d303f494db9faec8,SO64466,48,GL-H102-L,2,48,abe94c2111c58e9c9672602d41bce66e
17897,232e830f1ac667c081eaaca23cdf9b5f,4b5c3229e0725ef8d303f494db9faec8,SO64466,54,SJ-0194-L,1,54,abe94c2111c58e9c9672602d41bce66e
17897,e5fd8fa8e14be4aed936908e8f86dc7b,ddc7146176eec240951e44da05d5f12b,SO50939,2000,BK-R64Y-48,2,2000,a0ab7eafc534bc4a8a48cd6e1cfc4d24
17898,35a6fa1efa2ccca1297564c53a3633af,7f480de9e8eb6071d108895ecf71651d,SO50586,2443,BK-R89R-48,1,2443,060e60684e6fb7ae3c79db1e8c889417
17898,95103530881768b5cfc7e33970db9cd7,2ed3972e38245b633ec6b146c2970148,SO62407,1701,BK-R79Y-44,1,1701,305c66634c155cab2b5cc3ce00351eb1
17898,95103530881768b5cfc7e33970db9cd7,2ed3972e38245b633ec6b146c2970148,SO62407,105,HL-U509-R,3,105,305c66634c155cab2b5cc3ce00351eb1
17898,95103530881768b5cfc7e33970db9cd7,2ed3972e38245b633ec6b146c2970148,SO62407,25,TI-R628,1,25,305c66634c155cab2b5cc3ce00351eb1
17898,95103530881768b5cfc7e33970db9cd7,2ed3972e38245b633ec6b146c2970148,SO62407,4,TT-R982,1,4,305c66634c155cab2b5cc3ce00351eb1
17899,d630b2db6e8046e30b4728ca862ba4e1,02ad1a5ca18e58629b8c1d6a6401d071,SO58447,30,TI-M602,1,30,07b31bae17c7890b17d79a654aa230cf
17900,bcecb4362a7ad5f479ac9c9c0f6761bb,c8f4a6002944b338d50dcc7eb3b056c8,SO50798,2000,BK-R64Y-44,2,2000,1022f3e1145b30057972239301ce3382
17900,d4746e41b619da57ee9f1a2e2cc254e8,81a5d08c6beaeec9e42baae5d63dd780,SO64067,1701,BK-R79Y-40,1,1701,23bd9a9b90557e9da7babfb8e3d2df22
17900,d4746e41b619da57ee9f1a2e2cc254e8,81a5d08c6beaeec9e42baae5d63dd780,SO64067,150,LJ-0192-L,3,150,23bd9a9b90557e9da7babfb8e3d2df22
17901,ec24e4cf9fcc90f3bbe81b2fb3735c21,c4369eefdf9bb8a3f9115e96b40aaf17,SO69825,2,PK-7098,1,2,f06fd077b6afc2d69af6e1e548da266d
17901,ec24e4cf9fcc90f3bbe81b2fb3735c21,c4369eefdf9bb8a3f9115e96b40aaf17,SO69825,25,TI-R628,1,25,f06fd077b6afc2d69af6e1e548da266d
17901,ec24e4cf9fcc90f3bbe81b2fb3735c21,c4369eefdf9bb8a3f9115e96b40aaf17,SO69825,4,TT-R982,1,4,f06fd077b6afc2d69af6e1e548da266d
17902,1022f3e1145b30057972239301ce3382,90f30c53e79c8b6bcde12e74a091432c,SO50628,2443,BK-R89R-44,1,2443,8d35d0f6487ae6100c95dad89a4a414f
17902,d53f9d33cac0a297449a74a10d031570,e0bcd0ff3072dfe15609d6be1529b0b8,SO61547,9,BC-R205,1,9,4cc27df81afd686c0420394e090460cb
17902,d53f9d33cac0a297449a74a10d031570,e0bcd0ff3072dfe15609d6be1529b0b8,SO61547,1701,BK-R79Y-48,1,1701,4cc27df81afd686c0420394e090460cb
17902,d53f9d33cac0a297449a74a10d031570,e0bcd0ff3072dfe15609d6be1529b0b8,SO61547,5,WB-H098,1,5,4cc27df81afd686c0420394e090460cb
17903,3fe686907939d07097f6c87f08025422,8eb7a1b0dba9fdd5f4248b9cb6b9119b,SO69049,2,PK-7098,1,2,e5114f65ece65e14e7b721dab1e674e0
17903,3fe686907939d07097f6c87f08025422,8eb7a1b0dba9fdd5f4248b9cb6b9119b,SO69049,25,TI-M267,1,25,e5114f65ece65e14e7b721dab1e674e0
17903,3fe686907939d07097f6c87f08025422,8eb7a1b0dba9fdd5f4248b9cb6b9119b,SO69049,5,TT-M928,1,5,e5114f65ece65e14e7b721dab1e674e0
17904,8c9ec1be720ee75d56d0c250d10610fa,16918840d98f27ce45948fe73dd5592f,SO63676,2240,BK-R64Y-48,2,2240,81a5d08c6beaeec9e42baae5d63dd780
17904,8c9ec1be720ee75d56d0c250d10610fa,16918840d98f27ce45948fe73dd5592f,SO63676,105,HL-U509,3,105,81a5d08c6beaeec9e42baae5d63dd780
17904,b63003b792fb0099f3c299464a2cb4bd,12e0e6d801bd9b913826b796045098f0,SO44329,3578,BK-R93R-44,1,3578,7c40e129a5bf240aced0b415e4bf9991
17905,e84848120190a8d0e696fbeb15647a74,fff3c307c93eda1eb91d53ca588846fe,SO70380,21,TI-R092,1,21,f544b472453b297a8b55709fbfd3746d
17905,e84848120190a8d0e696fbeb15647a74,fff3c307c93eda1eb91d53ca588846fe,SO70380,4,TT-R982,1,4,f544b472453b297a8b55709fbfd3746d
17906,8920fd63645007b243abb750709b1172,58c4ce5b9433e7b6d41793d5a76d5590,SO72274,21,TI-R092,1,21,0d3057f268050d468f468434f8ec809a
17907,c7390752782466cfc9a3ed7d3a79e046,0001ffe4d82d0d8f9fec5ab0b4faa2db,SO67905,2,PK-7098,1,2,16e364d19895243407b256ec272d5394
17907,c7390752782466cfc9a3ed7d3a79e046,0001ffe4d82d0d8f9fec5ab0b4faa2db,SO67905,21,TI-R092,1,21,16e364d19895243407b256ec272d5394
17907,c7390752782466cfc9a3ed7d3a79e046,0001ffe4d82d0d8f9fec5ab0b4faa2db,SO67905,4,TT-R982,1,4,16e364d19895243407b256ec272d5394
17908,b8d9d66529b0a1e91f6137abcdd065dd,6d44506d59926d8d13d35f75d97f2a64,SO54194,8,CL-9009,1,8,90c6314650a0d54fdcabe5cd5406f9af
17908,b8d9d66529b0a1e91f6137abcdd065dd,6d44506d59926d8d13d35f75d97f2a64,SO54194,2,PK-7098,1,2,90c6314650a0d54fdcabe5cd5406f9af
17908,b8d9d66529b0a1e91f6137abcdd065dd,6d44506d59926d8d13d35f75d97f2a64,SO54194,21,TI-R092,1,21,90c6314650a0d54fdcabe5cd5406f9af
17908,b8d9d66529b0a1e91f6137abcdd065dd,6d44506d59926d8d13d35f75d97f2a64,SO54194,4,TT-R982,1,4,90c6314650a0d54fdcabe5cd5406f9af
17909,4b5c3229e0725ef8d303f494db9faec8,f46ace11e93788e473124f7be16a19d5,SO63733,2240,BK-R64Y-40,2,2240,0149f124a48640c62d90840ac5760331
17909,4b5c3229e0725ef8d303f494db9faec8,f46ace11e93788e473124f7be16a19d5,SO63733,27,CA-1098,3,27,0149f124a48640c62d90840ac5760331
17909,4b5c3229e0725ef8d303f494db9faec8,f46ace11e93788e473124f7be16a19d5,SO63733,54,SJ-0194-M,1,54,0149f124a48640c62d90840ac5760331
17909,f3743b367906f6735a01aa72d2cf8a5e,8bf3f2187c9d8d382ac1537b53267abc,SO44438,3578,BK-R93R-48,1,3578,113b93979b7148e51e98bd22c3ff290e
17910,b322422d9a721bbdefa133133dd407c1,07b7d2aed13a63a16377587dcc0abbe8,SO66868,2240,BK-R64Y-40,2,2240,2296af5563b2061aa1d88124a37eecb7
17910,dead1d7c916f42221e22a897aa6fc980,9f8987003453fd37ae135a87e6b756b8,SO44392,3578,BK-R93R-56,1,3578,9d0c5a1a95274b55fd3f6fd19fd273ae
17911,6582aa26281b9a92ad60e6a03e274c00,232e830f1ac667c081eaaca23cdf9b5f,SO65437,2240,BK-R64Y-38,2,2240,18f358e551b5b85912bc952ab9894c0d
17911,9d0c5a1a95274b55fd3f6fd19fd273ae,45c68ffa2dc409a0196eea5fff3994d1,SO44347,3578,BK-R93R-48,1,3578,8f2099f692279474c5211078c1fbcbe0
17912,a1d0c0a14c6c8f8a8ef8220209c23a64,05e7920e8caf0303dc01b77666952b75,SO67001,2240,BK-R64Y-38,2,2240,cd15e5f80ff20dd345bfaa51400dd0d6
17912,a1d0c0a14c6c8f8a8ef8220209c23a64,05e7920e8caf0303dc01b77666952b75,SO67001,54,SJ-0194-L,1,54,cd15e5f80ff20dd345bfaa51400dd0d6
17912,b9178f906541b173529de99dd13c0e85,6f876727a6ca9c8f7a1e0ab845d1df49,SO44365,3578,BK-R93R-52,1,3578,c886ecef680be79a8fb0e1da7d50af4b
17913,928ba50351efae8cbed881787bcb4783,0b2687a4d54329af7fc2df3d9ee1a02b,SO44476,3578,BK-R93R-56,1,3578,3a863c1566a0017156508557cf038c56
17913,e2f0a420a4c1a9e8e292761f835e0489,4eec6eda382b9c44e240ad4b4b5e9cc0,SO65611,2240,BK-R64Y-42,2,2240,9d934f91c460e9947414d00048f2fa36
17913,e2f0a420a4c1a9e8e292761f835e0489,4eec6eda382b9c44e240ad4b4b5e9cc0,SO65611,105,HL-U509-R,3,105,9d934f91c460e9947414d00048f2fa36
17914,3dc63b2d6dcc8f0b6720b06b5439a0b1,8d1d4829b2e801ba4e41ba48f5a549d4,SO66304,2240,BK-R64Y-38,2,2240,6ef7b4bb93d4e54234cf965ed2334682
17914,9e0019d185356a96e0ac5b8096eef572,179dd140475e65390a6f692d562104f8,SO44446,3578,BK-R93R-52,1,3578,98010f4b6ef5a04106992af082c7d0fa
17915,21a8a8728571572bbc42a5a3bdaf9f1c,91b7ffe240ad23db6408cd1d19015686,SO44380,3578,BK-R93R-62,1,3578,89426de0285546a41a891a5ec5aae6ae
17915,3a2f313512bb520c43971e54ba834dec,a1fedb8f5f2e08543339a5f167bee6b7,SO65937,2240,BK-R64Y-42,2,2240,e2f0a420a4c1a9e8e292761f835e0489
17915,3a2f313512bb520c43971e54ba834dec,a1fedb8f5f2e08543339a5f167bee6b7,SO65937,27,CA-1098,3,27,e2f0a420a4c1a9e8e292761f835e0489
17915,3a2f313512bb520c43971e54ba834dec,a1fedb8f5f2e08543339a5f167bee6b7,SO65937,105,HL-U509-R,3,105,e2f0a420a4c1a9e8e292761f835e0489
17915,3a2f313512bb520c43971e54ba834dec,a1fedb8f5f2e08543339a5f167bee6b7,SO65937,150,LJ-0192-L,3,150,e2f0a420a4c1a9e8e292761f835e0489
17916,8e8847c1bdf012037ee13bb62da8a5c1,c507827aa5f4f6bbedf64058461c621b,SO67246,2240,BK-R64Y-38,2,2240,6dd75c28a9a8a39e02bc0a175f82a9f3
17916,8e8847c1bdf012037ee13bb62da8a5c1,c507827aa5f4f6bbedf64058461c621b,SO67246,105,HL-U509-R,3,105,6dd75c28a9a8a39e02bc0a175f82a9f3
17916,8e8847c1bdf012037ee13bb62da8a5c1,c507827aa5f4f6bbedf64058461c621b,SO67246,54,SJ-0194-S,1,54,6dd75c28a9a8a39e02bc0a175f82a9f3
17916,c0c3930df842a4775c91daa172fcc42d,9d0c5a1a95274b55fd3f6fd19fd273ae,SO44424,3578,BK-R93R-48,1,3578,179dd140475e65390a6f692d562104f8
17917,0b2687a4d54329af7fc2df3d9ee1a02b,89426de0285546a41a891a5ec5aae6ae,SO44417,3578,BK-R93R-44,1,3578,b17aa434fc2718b9cd1a0d02141e0641
17917,eea5b3bd1bd5d5c62a1d22f78d3ba263,c87874400b9f907bdf9ea37d75a4b341,SO65495,2240,BK-R64Y-40,2,2240,a1fedb8f5f2e08543339a5f167bee6b7
17917,eea5b3bd1bd5d5c62a1d22f78d3ba263,c87874400b9f907bdf9ea37d75a4b341,SO65495,105,HL-U509-B,3,105,a1fedb8f5f2e08543339a5f167bee6b7
17918,3a2f313512bb520c43971e54ba834dec,a1fedb8f5f2e08543339a5f167bee6b7,SO65938,2240,BK-R64Y-42,2,2240,e2f0a420a4c1a9e8e292761f835e0489
17918,3a2f313512bb520c43971e54ba834dec,a1fedb8f5f2e08543339a5f167bee6b7,SO65938,105,HL-U509,3,105,e2f0a420a4c1a9e8e292761f835e0489
17918,9cdb9e90f63b56acfa81a93f08237e59,447938c634f27c1dc1ecfaab9a779b5b,SO44461,3578,BK-R93R-52,1,3578,8c92537f80bd1503ecbc8b76072cc053
17919,0b2687a4d54329af7fc2df3d9ee1a02b,89426de0285546a41a891a5ec5aae6ae,SO44418,3578,BK-R93R-44,1,3578,b17aa434fc2718b9cd1a0d02141e0641
17919,3dc63b2d6dcc8f0b6720b06b5439a0b1,8d1d4829b2e801ba4e41ba48f5a549d4,SO66305,2240,BK-R64Y-48,2,2240,6ef7b4bb93d4e54234cf965ed2334682
17919,3dc63b2d6dcc8f0b6720b06b5439a0b1,8d1d4829b2e801ba4e41ba48f5a549d4,SO66305,105,HL-U509-R,3,105,6ef7b4bb93d4e54234cf965ed2334682
17920,6e32728b966bb91cefefa1316da21ca8,b322422d9a721bbdefa133133dd407c1,SO67744,2240,BK-R64Y-42,2,2240,de5009f9bf3e9725d2381f4a5e913111
17920,6e32728b966bb91cefefa1316da21ca8,b322422d9a721bbdefa133133dd407c1,SO67744,105,HL-U509-R,3,105,de5009f9bf3e9725d2381f4a5e913111
17920,89426de0285546a41a891a5ec5aae6ae,4709376fad800343cd32df44247f5db1,SO44343,3578,BK-R93R-56,1,3578,55348beba23f6cbf7d48ebb920ebb559
17921,6e32728b966bb91cefefa1316da21ca8,b322422d9a721bbdefa133133dd407c1,SO67745,2240,BK-R64Y-42,2,2240,de5009f9bf3e9725d2381f4a5e913111
17921,b63003b792fb0099f3c299464a2cb4bd,12e0e6d801bd9b913826b796045098f0,SO44328,3578,BK-R93R-62,1,3578,7c40e129a5bf240aced0b415e4bf9991
17922,691ad1b0dca3643b923973defd014d47,6dd75c28a9a8a39e02bc0a175f82a9f3,SO67825,9,BC-R205,1,9,9f1ff00ea8fd9fd8f2d421ba5ec45a18
17922,691ad1b0dca3643b923973defd014d47,6dd75c28a9a8a39e02bc0a175f82a9f3,SO67825,2240,BK-R64Y-44,2,2240,9f1ff00ea8fd9fd8f2d421ba5ec45a18
17922,691ad1b0dca3643b923973defd014d47,6dd75c28a9a8a39e02bc0a175f82a9f3,SO67825,55,HY-1023-70,1,55,9f1ff00ea8fd9fd8f2d421ba5ec45a18
17922,691ad1b0dca3643b923973defd014d47,6dd75c28a9a8a39e02bc0a175f82a9f3,SO67825,54,SJ-0194-X,1,54,9f1ff00ea8fd9fd8f2d421ba5ec45a18
17922,691ad1b0dca3643b923973defd014d47,6dd75c28a9a8a39e02bc0a175f82a9f3,SO67825,5,WB-H098,1,5,9f1ff00ea8fd9fd8f2d421ba5ec45a18
17922,928ba50351efae8cbed881787bcb4783,0b2687a4d54329af7fc2df3d9ee1a02b,SO44477,3578,BK-R93R-62,1,3578,3a863c1566a0017156508557cf038c56
17923,3fe686907939d07097f6c87f08025422,8eb7a1b0dba9fdd5f4248b9cb6b9119b,SO69066,2240,BK-R64Y-44,2,2240,e5114f65ece65e14e7b721dab1e674e0
17923,3fe686907939d07097f6c87f08025422,8eb7a1b0dba9fdd5f4248b9cb6b9119b,SO69066,54,SJ-0194-L,1,54,e5114f65ece65e14e7b721dab1e674e0
17923,d6b9b03542074ed6fb3d7591d5f55f01,ad2d8c85f4c05bcb0bd6f990bd634d72,SO44453,3578,BK-R93R-62,1,3578,f3743b367906f6735a01aa72d2cf8a5e
17924,c885741a5e3e55c84950327011b70289,7e15f50bd26e439e6a22f5205a8064db,SO68664,2240,BK-R64Y-40,2,2240,0da2bc000f1fe4ea8746f9aea0bb5879
17924,c885741a5e3e55c84950327011b70289,7e15f50bd26e439e6a22f5205a8064db,SO68664,105,HL-U509-B,3,105,0da2bc000f1fe4ea8746f9aea0bb5879
17924,dead1d7c916f42221e22a897aa6fc980,9f8987003453fd37ae135a87e6b756b8,SO44388,3578,BK-R93R-62,1,3578,9d0c5a1a95274b55fd3f6fd19fd273ae
17925,70951886788165a5e2439adfce4d0cce,ca38f30e56a72f4d0c8d2264322c5862,SO68998,2240,BK-R64Y-42,2,2240,c885741a5e3e55c84950327011b70289
17925,dead1d7c916f42221e22a897aa6fc980,9f8987003453fd37ae135a87e6b756b8,SO44389,3578,BK-R93R-52,1,3578,9d0c5a1a95274b55fd3f6fd19fd273ae
17926,58c4ce5b9433e7b6d41793d5a76d5590,1556bafff387fc8f2f6fef64c1daa6bc,SO71332,9,BC-R205,1,9,fd5ba6fdeb81e07b2caf0b103489bd8d
17926,58c4ce5b9433e7b6d41793d5a76d5590,1556bafff387fc8f2f6fef64c1daa6bc,SO71332,2240,BK-R64Y-44,2,2240,fd5ba6fdeb81e07b2caf0b103489bd8d
17926,58c4ce5b9433e7b6d41793d5a76d5590,1556bafff387fc8f2f6fef64c1daa6bc,SO71332,8,CL-9009,1,8,fd5ba6fdeb81e07b2caf0b103489bd8d
17926,d6b9b03542074ed6fb3d7591d5f55f01,ad2d8c85f4c05bcb0bd6f990bd634d72,SO44454,3578,BK-R93R-62,1,3578,f3743b367906f6735a01aa72d2cf8a5e
17927,49fce086a31f1cfcf16b54e462f7cbc0,99c8f306659fd98cbb9d7f03ec0c2a7a,SO70801,2240,BK-R64Y-48,2,2240,e84848120190a8d0e696fbeb15647a74
17927,49fce086a31f1cfcf16b54e462f7cbc0,99c8f306659fd98cbb9d7f03ec0c2a7a,SO70801,2,PK-7098,1,2,e84848120190a8d0e696fbeb15647a74
17927,49fce086a31f1cfcf16b54e462f7cbc0,99c8f306659fd98cbb9d7f03ec0c2a7a,SO70801,25,TI-R628,1,25,e84848120190a8d0e696fbeb15647a74
17927,c7a16e3564a93e8393da22246748d231,c3aa0c1c9cde5a60eae660ee09a2892b,SO44430,3578,BK-R93R-52,1,3578,ad2d8c85f4c05bcb0bd6f990bd634d72
17928,f46ace11e93788e473124f7be16a19d5,5c741aa8e0753be65314a304e7b39c14,SO62764,1701,BK-R79Y-44,1,1701,4555f65c4664801d78b9f5477f89d8fd
17928,f46ace11e93788e473124f7be16a19d5,5c741aa8e0753be65314a304e7b39c14,SO62764,105,HL-U509-B,3,105,4555f65c4664801d78b9f5477f89d8fd
17928,f5d822432c5ffbc58e8bd3ffc7607c1b,2d3821c62d6665c47296272022e338e1,SO50595,4364,BK-R89R-58,2,4364,9af1e473046ebbc43d1ad2aa50b49777
17929,99b7e934795a93975a5e0c0b9b57d9ba,870bd4f3713260418e4f342f31dc7e33,SO63830,9,BC-R205,1,9,7a8e187aeb003f6e34c02a4d5b9b153e
17929,99b7e934795a93975a5e0c0b9b57d9ba,870bd4f3713260418e4f342f31dc7e33,SO63830,1701,BK-R79Y-40,1,1701,7a8e187aeb003f6e34c02a4d5b9b153e
17929,99b7e934795a93975a5e0c0b9b57d9ba,870bd4f3713260418e4f342f31dc7e33,SO63830,5,WB-H098,1,5,7a8e187aeb003f6e34c02a4d5b9b153e
17929,aa42aae45cd2488a20db2ff74ed044f7,e8e793c69d6c0688e51cf9bd1abe03b3,SO50438,4364,BK-R89R-58,2,4364,8242bea4faa7e8112c9c701d437fbe67
17930,f88b3743a9ce1f9455b6de69380b486a,64cadfde6f66bc25043d0d69f5ae5471,SO66605,105,HL-U509,3,105,3dc63b2d6dcc8f0b6720b06b5439a0b1
17930,f88b3743a9ce1f9455b6de69380b486a,64cadfde6f66bc25043d0d69f5ae5471,SO66605,30,TI-M602,1,30,3dc63b2d6dcc8f0b6720b06b5439a0b1
17930,f88b3743a9ce1f9455b6de69380b486a,64cadfde6f66bc25043d0d69f5ae5471,SO66605,5,TT-M928,1,5,3dc63b2d6dcc8f0b6720b06b5439a0b1
17931,ccf89c691dabb1412404274596922d90,b0241b451647f25db5f52074445d820c,SO65050,30,TI-M602,1,30,7299e51cfc0d5174743a6701a8a96488
17932,b68fd63ca41d49bfc1b18251202c053f,d4746e41b619da57ee9f1a2e2cc254e8,SO64861,1701,BK-R79Y-48,1,1701,c87874400b9f907bdf9ea37d75a4b341
17932,b68fd63ca41d49bfc1b18251202c053f,d4746e41b619da57ee9f1a2e2cc254e8,SO64861,105,HL-U509-R,3,105,c87874400b9f907bdf9ea37d75a4b341
17932,b68fd63ca41d49bfc1b18251202c053f,d4746e41b619da57ee9f1a2e2cc254e8,SO64861,25,TI-R628,1,25,c87874400b9f907bdf9ea37d75a4b341
17932,b68fd63ca41d49bfc1b18251202c053f,d4746e41b619da57ee9f1a2e2cc254e8,SO64861,4,TT-R982,1,4,c87874400b9f907bdf9ea37d75a4b341
17932,c96b659647361342a1bb035614c242b1,5118f4d1a94c19a06818ba12904e26f0,SO50957,2000,BK-R64Y-40,2,2000,186b0be01dd08ffcc5cb19cc226fb731
17933,42c14d5c5a8f3096180b16977a1ea248,141947ecbe6170100396f0be43a07a37,SO49701,2443,BK-R89R-44,1,2443,2c9d527f6ea5c0d14748fcde2dc730c5
17933,8dd08d219271ec96c543f486de430703,d53f9d33cac0a297449a74a10d031570,SO62293,10,BC-M005,1,10,04dbdf67bb8714ba18c9c36d50d1f5dc
17933,8dd08d219271ec96c543f486de430703,d53f9d33cac0a297449a74a10d031570,SO62293,565,BK-M18S-40,1,565,04dbdf67bb8714ba18c9c36d50d1f5dc
17933,8dd08d219271ec96c543f486de430703,d53f9d33cac0a297449a74a10d031570,SO62293,105,HL-U509,3,105,04dbdf67bb8714ba18c9c36d50d1f5dc
17933,8dd08d219271ec96c543f486de430703,d53f9d33cac0a297449a74a10d031570,SO62293,150,LJ-0192-X,3,150,04dbdf67bb8714ba18c9c36d50d1f5dc
17934,650b814e9875ec60f087b34f3fe85282,10286aa18ba7fc1d175af14353ff81c6,SO50519,4364,BK-R89R-58,2,4364,2d3821c62d6665c47296272022e338e1
17934,c87874400b9f907bdf9ea37d75a4b341,23bd9a9b90557e9da7babfb8e3d2df22,SO64540,1701,BK-R79Y-48,1,1701,8b9fe4b34e3c54f08bfcac3d9691e260
17934,c87874400b9f907bdf9ea37d75a4b341,23bd9a9b90557e9da7babfb8e3d2df22,SO64540,48,GL-H102-L,2,48,8b9fe4b34e3c54f08bfcac3d9691e260
17935,883b9b4170853b321c03290f64ba199f,412998e77ee121227580e3d363f75fa2,SO60667,105,HL-U509-R,3,105,af1457846a79173ef71dd9d5dd69805a
17935,883b9b4170853b321c03290f64ba199f,412998e77ee121227580e3d363f75fa2,SO60667,25,TI-R628,1,25,af1457846a79173ef71dd9d5dd69805a
17935,883b9b4170853b321c03290f64ba199f,412998e77ee121227580e3d363f75fa2,SO60667,4,TT-R982,1,4,af1457846a79173ef71dd9d5dd69805a
17936,fda052162862bb845297063fd71a580c,1678083e7ff90bd404baad3f60bffa37,SO56407,105,HL-U509,3,105,a2c49941411089cb2a9cbf78cb803c26
17936,fda052162862bb845297063fd71a580c,1678083e7ff90bd404baad3f60bffa37,SO56407,25,TI-M267,1,25,a2c49941411089cb2a9cbf78cb803c26
17936,fda052162862bb845297063fd71a580c,1678083e7ff90bd404baad3f60bffa37,SO56407,5,TT-M928,1,5,a2c49941411089cb2a9cbf78cb803c26
17937,7c5572d8ea7717eb416a5478b1b0056f,59b3bce956067f996be5f0ddd87e18c7,SO49581,2443,BK-R89R-48,1,2443,cc2547b3671a031a723a4e3e241d0eed
17937,8c9ec1be720ee75d56d0c250d10610fa,16918840d98f27ce45948fe73dd5592f,SO63630,540,BK-M18B-52,1,540,81a5d08c6beaeec9e42baae5d63dd780
17937,8c9ec1be720ee75d56d0c250d10610fa,16918840d98f27ce45948fe73dd5592f,SO63630,22,FE-6654,1,22,81a5d08c6beaeec9e42baae5d63dd780
17937,8c9ec1be720ee75d56d0c250d10610fa,16918840d98f27ce45948fe73dd5592f,SO63630,64,VE-C304-S,1,64,81a5d08c6beaeec9e42baae5d63dd780
17938,0e000451f430d2e5b745a08b4ee7836c,9795c57676ee8b8b6ba9a6f9014a520b,SO74358,2,PK-7098,1,2,e4b40b4ba619c72ec5a69caad258d393
17938,0e000451f430d2e5b745a08b4ee7836c,9795c57676ee8b8b6ba9a6f9014a520b,SO74358,30,TI-M602,1,30,e4b40b4ba619c72ec5a69caad258d393
17938,0e000451f430d2e5b745a08b4ee7836c,9795c57676ee8b8b6ba9a6f9014a520b,SO74358,5,TT-M928,1,5,e4b40b4ba619c72ec5a69caad258d393
17939,6583882ca853d66524856501b27519f5,1ba7e8cdf85da6cf5e11554703236b52,SO74328,2,PK-7098,1,2,d27974ca95fd620ac92cf95bf8c1d1f2
17939,6583882ca853d66524856501b27519f5,1ba7e8cdf85da6cf5e11554703236b52,SO74328,30,TI-M602,1,30,d27974ca95fd620ac92cf95bf8c1d1f2
17939,6583882ca853d66524856501b27519f5,1ba7e8cdf85da6cf5e11554703236b52,SO74328,5,TT-M928,1,5,d27974ca95fd620ac92cf95bf8c1d1f2
17940,4b5c3229e0725ef8d303f494db9faec8,f46ace11e93788e473124f7be16a19d5,SO63699,1701,BK-R79Y-40,1,1701,0149f124a48640c62d90840ac5760331
17940,5d8c6714b72d01c132804ea13b83dd02,e488a84b1e74148f72971289cb4e1be9,SO50432,4364,BK-R89B-52,2,4364,cbb00636032a355ee463d321ac8ee9fb
17941,0120f4004ede1143c3be6caa4227affe,93ddc10d6cf61153011df052aa76671f,SO66374,9,BC-R205,1,9,07b7d2aed13a63a16377587dcc0abbe8
17941,0120f4004ede1143c3be6caa4227affe,93ddc10d6cf61153011df052aa76671f,SO66374,1701,BK-R79Y-44,1,1701,07b7d2aed13a63a16377587dcc0abbe8
17941,0120f4004ede1143c3be6caa4227affe,93ddc10d6cf61153011df052aa76671f,SO66374,105,HL-U509-R,3,105,07b7d2aed13a63a16377587dcc0abbe8
17941,0120f4004ede1143c3be6caa4227affe,93ddc10d6cf61153011df052aa76671f,SO66374,5,WB-H098,1,5,07b7d2aed13a63a16377587dcc0abbe8
17941,b1ad26241c636eff92eee5bae93235ce,14cf1002d25f6005ecb94636b7f549b1,SO50370,4364,BK-R89B-52,2,4364,e8e793c69d6c0688e51cf9bd1abe03b3
17942,6dd75c28a9a8a39e02bc0a175f82a9f3,dfcee565bb2da80a7b76451a5cd314a1,SO66888,9,BC-R205,1,9,f88b3743a9ce1f9455b6de69380b486a
17942,6dd75c28a9a8a39e02bc0a175f82a9f3,dfcee565bb2da80a7b76451a5cd314a1,SO66888,1701,BK-R79Y-44,1,1701,f88b3743a9ce1f9455b6de69380b486a
17942,6dd75c28a9a8a39e02bc0a175f82a9f3,dfcee565bb2da80a7b76451a5cd314a1,SO66888,5,WB-H098,1,5,f88b3743a9ce1f9455b6de69380b486a
17942,8242bea4faa7e8112c9c701d437fbe67,52bde41d0f4e244c3d741707e5f19618,SO50386,4364,BK-R89B-44,2,4364,18ed686c4efc5757b5c809cfcc456ce1
17943,94b225b5b1f09ecd5e8ecdfb681ff04c,03bf7d2a8718ee9aca4bd2f37e962fc4,SO64306,565,BK-M18S-44,1,565,61e00b038efd34bdf9c747596273cbcf
17943,94b225b5b1f09ecd5e8ecdfb681ff04c,03bf7d2a8718ee9aca4bd2f37e962fc4,SO64306,105,HL-U509-R,3,105,61e00b038efd34bdf9c747596273cbcf
17943,c00c38c95aa9544dce6852b834e4e8ab,3604937fec9f63b2bfd6c01fb97f2c14,SO49637,4364,BK-R89B-52,2,4364,141947ecbe6170100396f0be43a07a37
17944,c164277d605c0bcbcd6b5749ac477b26,8d35d0f6487ae6100c95dad89a4a414f,SO50816,2000,BK-R64Y-44,2,2000,4c63ccce8761a6546d90151419eeea06
17944,c87874400b9f907bdf9ea37d75a4b341,23bd9a9b90557e9da7babfb8e3d2df22,SO64543,1701,BK-R79Y-48,1,1701,8b9fe4b34e3c54f08bfcac3d9691e260
17944,c87874400b9f907bdf9ea37d75a4b341,23bd9a9b90557e9da7babfb8e3d2df22,SO64543,150,LJ-0192-L,3,150,8b9fe4b34e3c54f08bfcac3d9691e260
17945,54e631e6ad5b9a63c134f0ca46d89658,28ba281a58dae2613cc89f9d101be807,SO50562,4364,BK-R89B-44,2,4364,7b6fb99e007535aabcd19741210af47d
17945,eea5b3bd1bd5d5c62a1d22f78d3ba263,c87874400b9f907bdf9ea37d75a4b341,SO65454,1701,BK-R79Y-44,1,1701,a1fedb8f5f2e08543339a5f167bee6b7
17945,eea5b3bd1bd5d5c62a1d22f78d3ba263,c87874400b9f907bdf9ea37d75a4b341,SO65454,48,GL-H102-S,2,48,a1fedb8f5f2e08543339a5f167bee6b7
17945,eea5b3bd1bd5d5c62a1d22f78d3ba263,c87874400b9f907bdf9ea37d75a4b341,SO65454,54,SJ-0194-S,1,54,a1fedb8f5f2e08543339a5f167bee6b7
17946,af04e65ff21d922e75b51466fd45d408,fcf706c3e0fe93da0b11cc32b98eb22b,SO50338,4364,BK-R89B-52,2,4364,b60bd79b871d7c3345674370fa4dda03
17946,cd15e5f80ff20dd345bfaa51400dd0d6,3a2f313512bb520c43971e54ba834dec,SO66639,1701,BK-R79Y-44,1,1701,4efe8b2ca156042f8a3d8dd6aba54520
17947,186b0be01dd08ffcc5cb19cc226fb731,f51bd0753a33f206ae6eb82577c92f80,SO50906,4364,BK-R89B-58,2,4364,fdc1a11f11cd643200d6bfb5eb92100e
17947,e82ca4c6beebe812f10fa1041b97a160,9d934f91c460e9947414d00048f2fa36,SO66016,1701,BK-R79Y-42,1,1701,6d1d8a1c7851eb5a946d45009cea6d9f
17947,e82ca4c6beebe812f10fa1041b97a160,9d934f91c460e9947414d00048f2fa36,SO66016,150,LJ-0192-L,3,150,6d1d8a1c7851eb5a946d45009cea6d9f
17948,8b9fe4b34e3c54f08bfcac3d9691e260,a946e75bc65318721cd1e01162d392dd,SO64184,10,BC-M005,1,10,f75e5f8c15ca91ec5c869dc3881f574f
17948,8b9fe4b34e3c54f08bfcac3d9691e260,a946e75bc65318721cd1e01162d392dd,SO64184,565,BK-M18S-40,1,565,f75e5f8c15ca91ec5c869dc3881f574f
17948,8b9fe4b34e3c54f08bfcac3d9691e260,a946e75bc65318721cd1e01162d392dd,SO64184,22,FE-6654,1,22,f75e5f8c15ca91ec5c869dc3881f574f
17948,8b9fe4b34e3c54f08bfcac3d9691e260,a946e75bc65318721cd1e01162d392dd,SO64184,5,WB-H098,1,5,f75e5f8c15ca91ec5c869dc3881f574f
17948,d194d40a2a86356fa1572b2ef8e36048,2c9d527f6ea5c0d14748fcde2dc730c5,SO49762,2443,BK-R89R-44,1,2443,b60afd1ea0dbefb3614f3f57badc2959
17949,a9cd7a99d71cca9cb644010050374ade,3db19f5f710f10e90ecc7154c649d60a,SO71748,742,BK-T18Y-44,1,742,128ee9ff420de424a605a0ee4a6f7916
17949,a9cd7a99d71cca9cb644010050374ade,3db19f5f710f10e90ecc7154c649d60a,SO71748,27,CA-1098,3,27,128ee9ff420de424a605a0ee4a6f7916
17949,a9cd7a99d71cca9cb644010050374ade,3db19f5f710f10e90ecc7154c649d60a,SO71748,105,HL-U509-R,3,105,128ee9ff420de424a605a0ee4a6f7916
17949,ca510b577b53d588f80b4fc76030ea52,88f50aa0771fa4f938f7b54792e066c8,SO51621,769,BK-M38S-46,1,769,01eb8a9956865747637639482336f5f8
17949,ca510b577b53d588f80b4fc76030ea52,88f50aa0771fa4f938f7b54792e066c8,SO51621,150,LJ-0192-X,3,150,01eb8a9956865747637639482336f5f8
17949,fdc1a11f11cd643200d6bfb5eb92100e,f7b0a9ecc2f6023330b7a948b9e76688,SO50856,2000,BK-R64Y-38,2,2000,bcecb4362a7ad5f479ac9c9c0f6761bb
17950,03bf7d2a8718ee9aca4bd2f37e962fc4,290499d9b8e65db426ba9b842714eb6d,SO63559,1701,BK-R79Y-48,1,1701,7130adfd843cdcb6d0bcd9d13792693a
17950,03bf7d2a8718ee9aca4bd2f37e962fc4,290499d9b8e65db426ba9b842714eb6d,SO63559,2,PK-7098,1,2,7130adfd843cdcb6d0bcd9d13792693a
17950,03bf7d2a8718ee9aca4bd2f37e962fc4,290499d9b8e65db426ba9b842714eb6d,SO63559,25,TI-R628,1,25,7130adfd843cdcb6d0bcd9d13792693a
17950,03bf7d2a8718ee9aca4bd2f37e962fc4,290499d9b8e65db426ba9b842714eb6d,SO63559,4,TT-R982,1,4,7130adfd843cdcb6d0bcd9d13792693a
17950,f4630495c408b1838e43e9291392dcdf,bcecb4362a7ad5f479ac9c9c0f6761bb,SO50930,2000,BK-R64Y-38,2,2000,c045063ec789c07ddd7ad868b7789049
17951,d53f9d33cac0a297449a74a10d031570,e0bcd0ff3072dfe15609d6be1529b0b8,SO61568,2,PK-7098,1,2,4cc27df81afd686c0420394e090460cb
17951,d53f9d33cac0a297449a74a10d031570,e0bcd0ff3072dfe15609d6be1529b0b8,SO61568,25,TI-M267,1,25,4cc27df81afd686c0420394e090460cb
17952,5f827524a01a15af1043fdb581ce224b,4b32c1f268b5edfc6d7f486137468b29,SO51039,4364,BK-R89B-44,2,4364,2b53375239b19c31e4947cc1033443c0
17952,962bae2fb03296a3b9cacabfa929322c,0da2bc000f1fe4ea8746f9aea0bb5879,SO69102,1701,BK-R79Y-48,1,1701,c4369eefdf9bb8a3f9115e96b40aaf17
17952,962bae2fb03296a3b9cacabfa929322c,0da2bc000f1fe4ea8746f9aea0bb5879,SO69102,150,LJ-0192-L,3,150,c4369eefdf9bb8a3f9115e96b40aaf17
17952,962bae2fb03296a3b9cacabfa929322c,0da2bc000f1fe4ea8746f9aea0bb5879,SO69102,9,SO-R809-L,1,9,c4369eefdf9bb8a3f9115e96b40aaf17
17953,c87874400b9f907bdf9ea37d75a4b341,23bd9a9b90557e9da7babfb8e3d2df22,SO64563,150,LJ-0192-S,3,150,8b9fe4b34e3c54f08bfcac3d9691e260
17953,c87874400b9f907bdf9ea37d75a4b341,23bd9a9b90557e9da7babfb8e3d2df22,SO64563,30,TI-M602,1,30,8b9fe4b34e3c54f08bfcac3d9691e260
17953,c87874400b9f907bdf9ea37d75a4b341,23bd9a9b90557e9da7babfb8e3d2df22,SO64563,5,TT-M928,1,5,8b9fe4b34e3c54f08bfcac3d9691e260
17954,174acf6ca4e9804d47a59a499422e621,5abaefcc8525a8f4cfd95cba9e926532,SO58316,30,TI-M602,1,30,eba6cab7267f82e3b2a063d5ea445bb9
17954,174acf6ca4e9804d47a59a499422e621,5abaefcc8525a8f4cfd95cba9e926532,SO58316,5,TT-M928,1,5,eba6cab7267f82e3b2a063d5ea445bb9
17955,49fce086a31f1cfcf16b54e462f7cbc0,99c8f306659fd98cbb9d7f03ec0c2a7a,SO70785,105,HL-U509,3,105,e84848120190a8d0e696fbeb15647a74
17955,49fce086a31f1cfcf16b54e462f7cbc0,99c8f306659fd98cbb9d7f03ec0c2a7a,SO70785,25,TI-R628,1,25,e84848120190a8d0e696fbeb15647a74
17955,49fce086a31f1cfcf16b54e462f7cbc0,99c8f306659fd98cbb9d7f03ec0c2a7a,SO70785,4,TT-R982,1,4,e84848120190a8d0e696fbeb15647a74
17956,64cadfde6f66bc25043d0d69f5ae5471,18f358e551b5b85912bc952ab9894c0d,SO65803,1701,BK-R79Y-40,1,1701,8d1d4829b2e801ba4e41ba48f5a549d4
17956,64cadfde6f66bc25043d0d69f5ae5471,18f358e551b5b85912bc952ab9894c0d,SO65803,2,PK-7098,1,2,8d1d4829b2e801ba4e41ba48f5a549d4
17956,64cadfde6f66bc25043d0d69f5ae5471,18f358e551b5b85912bc952ab9894c0d,SO65803,25,TI-R628,1,25,8d1d4829b2e801ba4e41ba48f5a549d4
17956,64cadfde6f66bc25043d0d69f5ae5471,18f358e551b5b85912bc952ab9894c0d,SO65803,4,TT-R982,1,4,8d1d4829b2e801ba4e41ba48f5a549d4
17956,b47e9c83e7be8d53bdb2baa76353f95d,8bb6e395a61f435871f799e706173295,SO43796,1398,BK-R50B-52,2,1398,c9c758d55bdf03ac0820bdda8c88e7f9
17957,0d1574b7622bdd9b2ec0b9869608d4cb,d8b441941a26e6828acf8cdaf0d6084e,SO43840,1398,BK-R50R-44,2,1398,87553261d36dba5a0bbb0f1d4027c7b7
17957,6dd75c28a9a8a39e02bc0a175f82a9f3,dfcee565bb2da80a7b76451a5cd314a1,SO66887,1701,BK-R79Y-42,1,1701,f88b3743a9ce1f9455b6de69380b486a
17957,6dd75c28a9a8a39e02bc0a175f82a9f3,dfcee565bb2da80a7b76451a5cd314a1,SO66887,105,HL-U509-R,3,105,f88b3743a9ce1f9455b6de69380b486a
17958,7299e51cfc0d5174743a6701a8a96488,56d78836c9cf0de136c4d2d37aba2280,SO64732,565,BK-M18S-44,1,565,58f0b42da53adeeccbfa693883fea672
17958,7299e51cfc0d5174743a6701a8a96488,56d78836c9cf0de136c4d2d37aba2280,SO64732,105,HL-U509-B,3,105,58f0b42da53adeeccbfa693883fea672
17958,7299e51cfc0d5174743a6701a8a96488,56d78836c9cf0de136c4d2d37aba2280,SO64732,25,TI-M267,1,25,58f0b42da53adeeccbfa693883fea672
17958,7299e51cfc0d5174743a6701a8a96488,56d78836c9cf0de136c4d2d37aba2280,SO64732,5,TT-M928,1,5,58f0b42da53adeeccbfa693883fea672
17958,b7d5a5b8cc647eb5c041cfb92957acb2,da59baff9b2091053d3cbde67efd84ca,SO49780,4364,BK-R89B-44,2,4364,287c323e0efa1c1148232e905c3f7d34
17959,18f358e551b5b85912bc952ab9894c0d,abe94c2111c58e9c9672602d41bce66e,SO64904,540,BK-M18B-48,1,540,a6d37e298c3042e300813f55a17e0875
17959,18f358e551b5b85912bc952ab9894c0d,abe94c2111c58e9c9672602d41bce66e,SO64904,2,PK-7098,1,2,a6d37e298c3042e300813f55a17e0875
17959,18f358e551b5b85912bc952ab9894c0d,abe94c2111c58e9c9672602d41bce66e,SO64904,25,TI-M267,1,25,a6d37e298c3042e300813f55a17e0875
17959,da59baff9b2091053d3cbde67efd84ca,7a881e823dfa2748a8124f4b46b643af,SO49685,4364,BK-R89B-44,2,4364,c00c38c95aa9544dce6852b834e4e8ab
17960,17a27272d9d53953cbf6d182310e95ec,7c5572d8ea7717eb416a5478b1b0056f,SO49692,4364,BK-R89B-48,2,4364,38d32d96c9adb3ccccf0e286aa08123c
17960,c4369eefdf9bb8a3f9115e96b40aaf17,b34050290c25b0f7b52a2b8f767df87d,SO68747,769,BK-M38S-46,1,769,c135545cc3f3a739132ffdbc8096f3d4
17960,c4369eefdf9bb8a3f9115e96b40aaf17,b34050290c25b0f7b52a2b8f767df87d,SO68747,150,LJ-0192-M,3,150,c135545cc3f3a739132ffdbc8096f3d4
17961,f544b472453b297a8b55709fbfd3746d,70951886788165a5e2439adfce4d0cce,SO70055,27,CA-1098,3,27,331afa0aff1b1cfbf3d24944ab38c9d2
17961,f544b472453b297a8b55709fbfd3746d,70951886788165a5e2439adfce4d0cce,SO70055,105,HL-U509-R,3,105,331afa0aff1b1cfbf3d24944ab38c9d2
17961,f544b472453b297a8b55709fbfd3746d,70951886788165a5e2439adfce4d0cce,SO70055,25,TI-M267,1,25,331afa0aff1b1cfbf3d24944ab38c9d2
17961,f544b472453b297a8b55709fbfd3746d,70951886788165a5e2439adfce4d0cce,SO70055,5,TT-M928,1,5,331afa0aff1b1cfbf3d24944ab38c9d2
17962,42c14d5c5a8f3096180b16977a1ea248,141947ecbe6170100396f0be43a07a37,SO49704,4364,BK-R89B-52,2,4364,2c9d527f6ea5c0d14748fcde2dc730c5
17962,c87874400b9f907bdf9ea37d75a4b341,23bd9a9b90557e9da7babfb8e3d2df22,SO64537,565,BK-M18S-42,1,565,8b9fe4b34e3c54f08bfcac3d9691e260
17962,c87874400b9f907bdf9ea37d75a4b341,23bd9a9b90557e9da7babfb8e3d2df22,SO64537,22,FE-6654,1,22,8b9fe4b34e3c54f08bfcac3d9691e260
17962,c87874400b9f907bdf9ea37d75a4b341,23bd9a9b90557e9da7babfb8e3d2df22,SO64537,9,SO-R809-M,1,9,8b9fe4b34e3c54f08bfcac3d9691e260
17963,4c63ccce8761a6546d90151419eeea06,650b814e9875ec60f087b34f3fe85282,SO50762,4364,BK-R89B-52,2,4364,f5d822432c5ffbc58e8bd3ffc7607c1b
17963,ca38f30e56a72f4d0c8d2264322c5862,de5009f9bf3e9725d2381f4a5e913111,SO68163,1701,BK-R79Y-40,1,1701,7e15f50bd26e439e6a22f5205a8064db
17963,ca38f30e56a72f4d0c8d2264322c5862,de5009f9bf3e9725d2381f4a5e913111,SO68163,150,LJ-0192-X,3,150,7e15f50bd26e439e6a22f5205a8064db
17964,bcecb4362a7ad5f479ac9c9c0f6761bb,c8f4a6002944b338d50dcc7eb3b056c8,SO50797,4364,BK-R89B-44,2,4364,1022f3e1145b30057972239301ce3382
17964,f5933feadc49c253e4f0e77b236946e9,0b80ce5eab877cae9997209e0bee6e60,SO52467,1215,BK-T44U-46,1,1215,b8cc77f0099ae7d3a20b9f0b74d70b12
17964,fff3c307c93eda1eb91d53ca588846fe,4584ca349e0920f4436a3c2f36158b85,SO69319,10,BC-M005,1,10,70951886788165a5e2439adfce4d0cce
17964,fff3c307c93eda1eb91d53ca588846fe,4584ca349e0920f4436a3c2f36158b85,SO69319,4590,BK-M68B-42,2,4590,70951886788165a5e2439adfce4d0cce
17964,fff3c307c93eda1eb91d53ca588846fe,4584ca349e0920f4436a3c2f36158b85,SO69319,27,CA-1098,3,27,70951886788165a5e2439adfce4d0cce
17964,fff3c307c93eda1eb91d53ca588846fe,4584ca349e0920f4436a3c2f36158b85,SO69319,105,HL-U509,3,105,70951886788165a5e2439adfce4d0cce
17964,fff3c307c93eda1eb91d53ca588846fe,4584ca349e0920f4436a3c2f36158b85,SO69319,5,WB-H098,1,5,70951886788165a5e2439adfce4d0cce
17965,19fce68d7871e14df67c5940bc0ca8ab,38d32d96c9adb3ccccf0e286aa08123c,SO49757,4364,BK-R89B-58,2,4364,3b2d50088b5462490d2079beeb91dc27
17965,691ad1b0dca3643b923973defd014d47,6dd75c28a9a8a39e02bc0a175f82a9f3,SO67775,769,BK-M38S-46,1,769,9f1ff00ea8fd9fd8f2d421ba5ec45a18
17965,691ad1b0dca3643b923973defd014d47,6dd75c28a9a8a39e02bc0a175f82a9f3,SO67775,150,LJ-0192-S,3,150,9f1ff00ea8fd9fd8f2d421ba5ec45a18
17966,287c323e0efa1c1148232e905c3f7d34,c00c38c95aa9544dce6852b834e4e8ab,SO49751,2443,BK-R89R-44,1,2443,42c14d5c5a8f3096180b16977a1ea248
17966,c4c454d69a39e60a6f5cf2f97148adad,49fce086a31f1cfcf16b54e462f7cbc0,SO71570,769,BK-M38S-46,1,769,31c99d724c1f182c60edb82eb4740277
17966,c4c454d69a39e60a6f5cf2f97148adad,49fce086a31f1cfcf16b54e462f7cbc0,SO71570,150,LJ-0192-S,3,150,31c99d724c1f182c60edb82eb4740277
17967,9c55d6518880c1abf100a24da2546368,47a161474962a6dcc03cfa64127a641f,SO74120,2,PK-7098,1,2,9795c57676ee8b8b6ba9a6f9014a520b
17967,9c55d6518880c1abf100a24da2546368,47a161474962a6dcc03cfa64127a641f,SO74120,25,TI-M267,1,25,9795c57676ee8b8b6ba9a6f9014a520b
17967,9c55d6518880c1abf100a24da2546368,47a161474962a6dcc03cfa64127a641f,SO74120,5,TT-M928,1,5,9795c57676ee8b8b6ba9a6f9014a520b
17968,17a27272d9d53953cbf6d182310e95ec,7c5572d8ea7717eb416a5478b1b0056f,SO49694,2443,BK-R89R-44,1,2443,38d32d96c9adb3ccccf0e286aa08123c
17968,18f358e551b5b85912bc952ab9894c0d,abe94c2111c58e9c9672602d41bce66e,SO64906,565,BK-M18S-48,1,565,a6d37e298c3042e300813f55a17e0875
17968,18f358e551b5b85912bc952ab9894c0d,abe94c2111c58e9c9672602d41bce66e,SO64906,105,HL-U509,3,105,a6d37e298c3042e300813f55a17e0875
17969,07f48468b4de047ab258a3d18df75f9d,785a283b263bd599ee5a0c2af80b43b0,SO49680,2443,BK-R89R-52,1,2443,0a2ae1635ed951cbbaf7e3dfb1b460b2
17969,93ddc10d6cf61153011df052aa76671f,7299e51cfc0d5174743a6701a8a96488,SO65639,540,BK-M18B-52,1,540,02b96ab6e0935145589be4e1408a1675
17969,93ddc10d6cf61153011df052aa76671f,7299e51cfc0d5174743a6701a8a96488,SO65639,22,FE-6654,1,22,02b96ab6e0935145589be4e1408a1675
17969,93ddc10d6cf61153011df052aa76671f,7299e51cfc0d5174743a6701a8a96488,SO65639,105,HL-U509-R,3,105,02b96ab6e0935145589be4e1408a1675
17970,73a69a5c77a7d23172e54d7ce07a638e,5a06908cc28b799b04fc1c47664462e6,SO55479,2,PK-7098,1,2,41fc4cb27e0ee552c4c9247e1a476cc5
17970,73a69a5c77a7d23172e54d7ce07a638e,5a06908cc28b799b04fc1c47664462e6,SO55479,25,TI-R628,1,25,41fc4cb27e0ee552c4c9247e1a476cc5
17971,9fa48dc8d46636bab53020640f0d42b9,855bbdd661d21a89b7ae61eaea270f2c,SO44039,1398,BK-R50B-52,2,1398,ba5216f340c430ae833596806650eed2
17971,caa707f97407c07371136aaf471a91d4,4efe8b2ca156042f8a3d8dd6aba54520,SO67082,1701,BK-R79Y-48,1,1701,058af5b2a408d57b708367e5bf4e9d9c
17971,caa707f97407c07371136aaf471a91d4,4efe8b2ca156042f8a3d8dd6aba54520,SO67082,105,HL-U509,3,105,058af5b2a408d57b708367e5bf4e9d9c
17972,207f6c5125350a97b1a410dc655800f6,d9cd5832ac6226b16d8669df784e8c52,SO50069,4364,BK-R89R-58,2,4364,95ddec41f799217977c3384c83bfb0ca
17972,eea5b3bd1bd5d5c62a1d22f78d3ba263,c87874400b9f907bdf9ea37d75a4b341,SO65463,10,BC-M005,1,10,a1fedb8f5f2e08543339a5f167bee6b7
17972,eea5b3bd1bd5d5c62a1d22f78d3ba263,c87874400b9f907bdf9ea37d75a4b341,SO65463,565,BK-M18S-48,1,565,a1fedb8f5f2e08543339a5f167bee6b7
17972,eea5b3bd1bd5d5c62a1d22f78d3ba263,c87874400b9f907bdf9ea37d75a4b341,SO65463,105,HL-U509-R,3,105,a1fedb8f5f2e08543339a5f167bee6b7
17973,12e0e6d801bd9b913826b796045098f0,0a6897e1c1e03291162006eaf64d9e6d,SO44231,1398,BK-R50B-60,2,1398,3b1c887bb1207e2d1f3db508935b9a03
17973,3a2f313512bb520c43971e54ba834dec,a1fedb8f5f2e08543339a5f167bee6b7,SO65879,1701,BK-R79Y-44,1,1701,e2f0a420a4c1a9e8e292761f835e0489
17973,3a2f313512bb520c43971e54ba834dec,a1fedb8f5f2e08543339a5f167bee6b7,SO65879,2,PK-7098,1,2,e2f0a420a4c1a9e8e292761f835e0489
17973,3a2f313512bb520c43971e54ba834dec,a1fedb8f5f2e08543339a5f167bee6b7,SO65879,120,RA-H123,1,120,e2f0a420a4c1a9e8e292761f835e0489
17973,3a2f313512bb520c43971e54ba834dec,a1fedb8f5f2e08543339a5f167bee6b7,SO65879,25,TI-R628,1,25,e2f0a420a4c1a9e8e292761f835e0489
17973,3a2f313512bb520c43971e54ba834dec,a1fedb8f5f2e08543339a5f167bee6b7,SO65879,4,TT-R982,1,4,e2f0a420a4c1a9e8e292761f835e0489
17974,058af5b2a408d57b708367e5bf4e9d9c,e82ca4c6beebe812f10fa1041b97a160,SO66782,10,BC-M005,1,10,c507827aa5f4f6bbedf64058461c621b
17974,058af5b2a408d57b708367e5bf4e9d9c,e82ca4c6beebe812f10fa1041b97a160,SO66782,565,BK-M18S-42,1,565,c507827aa5f4f6bbedf64058461c621b
17974,058af5b2a408d57b708367e5bf4e9d9c,e82ca4c6beebe812f10fa1041b97a160,SO66782,8,CL-9009,1,8,c507827aa5f4f6bbedf64058461c621b
17974,058af5b2a408d57b708367e5bf4e9d9c,e82ca4c6beebe812f10fa1041b97a160,SO66782,22,FE-6654,1,22,c507827aa5f4f6bbedf64058461c621b
17974,058af5b2a408d57b708367e5bf4e9d9c,e82ca4c6beebe812f10fa1041b97a160,SO66782,5,WB-H098,1,5,c507827aa5f4f6bbedf64058461c621b
17974,f8fc91862dc66c3aaaa0e65ff94d1479,456c7730e983cabeb11db57ec0801795,SO50108,4364,BK-R89B-44,2,4364,207f6c5125350a97b1a410dc655800f6
17975,0dc34ca2aaa8612cde077f1880b78b25,361e2c62255e0c1887ac2139911ca300,SO52481,769,BK-M38S-38,1,769,7f026edc73bd4602381834e9b850d6c2
17975,0dc34ca2aaa8612cde077f1880b78b25,361e2c62255e0c1887ac2139911ca300,SO52481,150,LJ-0192-L,3,150,7f026edc73bd4602381834e9b850d6c2
17975,55348beba23f6cbf7d48ebb920ebb559,0cb388227f4fdb8ab3e94e6477d98f5a,SO44322,1398,BK-R50R-48,2,1398,556c3334adfb28b12965c8974489bdcd
17976,6ccfb4540d439b07eef79e9ec663aeee,c045063ec789c07ddd7ad868b7789049,SO51002,4364,BK-R89B-58,2,4364,254f2678aa3e07c5a9451a18e28f2624
17976,83d1ed00595e79ee5ea3797e97970fe8,fe1fd19c021e78ec395980c2e347865e,SO69173,4640,BK-M68S-42,2,4640,705fa39ab40831529471c768490339ab
17976,83d1ed00595e79ee5ea3797e97970fe8,fe1fd19c021e78ec395980c2e347865e,SO69173,105,HL-U509-B,3,105,705fa39ab40831529471c768490339ab
17976,cfceb7490eff6e660974507be7c579c6,01eb8a9956865747637639482336f5f8,SO52064,1215,BK-T44U-54,1,1215,e5bf4a4a03e320ed76cf2ca68fa5b4c0
17976,cfceb7490eff6e660974507be7c579c6,01eb8a9956865747637639482336f5f8,SO52064,150,LJ-0192-S,3,150,e5bf4a4a03e320ed76cf2ca68fa5b4c0
17977,1faee5670542865e021595151379fe5c,e5114f65ece65e14e7b721dab1e674e0,SO69732,10,BC-M005,1,10,83d1ed00595e79ee5ea3797e97970fe8
17977,1faee5670542865e021595151379fe5c,e5114f65ece65e14e7b721dab1e674e0,SO69732,769,BK-M38S-38,1,769,83d1ed00595e79ee5ea3797e97970fe8
17977,1faee5670542865e021595151379fe5c,e5114f65ece65e14e7b721dab1e674e0,SO69732,5,WB-H098,1,5,83d1ed00595e79ee5ea3797e97970fe8
17977,e488a84b1e74148f72971289cb4e1be9,ce0250e4c407a28df088d59c0b77cc37,SO50165,4364,BK-R89B-58,2,4364,f8fc91862dc66c3aaaa0e65ff94d1479
17978,74a9ea32186ec3a0b0657cef3f2b687f,968e9a4bab3af2e071a27db638e363e6,SO50096,4364,BK-R89B-52,2,4364,ce0250e4c407a28df088d59c0b77cc37
17978,86e0fc464cbb08ae74bd039224afec9a,38c9e5d1e366b4c5c36aae682bc960c4,SO72651,10,BC-M005,1,10,8920fd63645007b243abb750709b1172
17978,86e0fc464cbb08ae74bd039224afec9a,38c9e5d1e366b4c5c36aae682bc960c4,SO72651,769,BK-M38S-46,1,769,8920fd63645007b243abb750709b1172
17978,86e0fc464cbb08ae74bd039224afec9a,38c9e5d1e366b4c5c36aae682bc960c4,SO72651,22,FE-6654,1,22,8920fd63645007b243abb750709b1172
17978,86e0fc464cbb08ae74bd039224afec9a,38c9e5d1e366b4c5c36aae682bc960c4,SO72651,105,HL-U509,3,105,8920fd63645007b243abb750709b1172
17979,1ba7e8cdf85da6cf5e11554703236b52,9592b44e2c3f304a9875f45537bec6eb,SO73656,10,BC-M005,1,10,4c6ed4daa82e7326b84c24f4c2ae7064
17979,1ba7e8cdf85da6cf5e11554703236b52,9592b44e2c3f304a9875f45537bec6eb,SO73656,769,BK-M38S-40,1,769,4c6ed4daa82e7326b84c24f4c2ae7064
17979,1ba7e8cdf85da6cf5e11554703236b52,9592b44e2c3f304a9875f45537bec6eb,SO73656,105,HL-U509-R,3,105,4c6ed4daa82e7326b84c24f4c2ae7064
17979,1ba7e8cdf85da6cf5e11554703236b52,9592b44e2c3f304a9875f45537bec6eb,SO73656,5,WB-H098,1,5,4c6ed4daa82e7326b84c24f4c2ae7064
17979,95ddec41f799217977c3384c83bfb0ca,f6a3074075f513ac39071601eaf0195a,SO50013,4364,BK-R89B-58,2,4364,4652a559216121874754c7ecfe692e94
17980,c885741a5e3e55c84950327011b70289,7e15f50bd26e439e6a22f5205a8064db,SO68634,1701,BK-R79Y-48,1,1701,0da2bc000f1fe4ea8746f9aea0bb5879
17980,c885741a5e3e55c84950327011b70289,7e15f50bd26e439e6a22f5205a8064db,SO68634,150,LJ-0192-L,3,150,0da2bc000f1fe4ea8746f9aea0bb5879
17980,ddc7146176eec240951e44da05d5f12b,54e631e6ad5b9a63c134f0ca46d89658,SO50806,2443,BK-R89R-44,1,2443,7dc1c03103798a474aa763047623df54
17981,5aec9d44b0ac5d0db100a243378111b3,5b52026be4438e7bdff7efad86b3d446,SO49909,2443,BK-R89R-44,1,2443,b7d5a5b8cc647eb5c041cfb92957acb2
17981,caa707f97407c07371136aaf471a91d4,4efe8b2ca156042f8a3d8dd6aba54520,SO67091,540,BK-M18B-40,1,540,058af5b2a408d57b708367e5bf4e9d9c
17982,b81e2439358b70281e1c24b06f6b2f55,e75396bbc7d812f8ff95e651f11eefcf,SO44681,1398,BK-R50B-52,2,1398,48f5533605f0d856d47eababe46f9790
17982,bc761b2b7297029a695fbd6dd0470724,fef3080ec197edd1a04bb18afd31d16d,SO55624,10,BC-M005,1,10,9b6872ca1d80024637e967d1066bba0a
17982,bc761b2b7297029a695fbd6dd0470724,fef3080ec197edd1a04bb18afd31d16d,SO55624,769,BK-M38S-46,1,769,9b6872ca1d80024637e967d1066bba0a
17982,bc761b2b7297029a695fbd6dd0470724,fef3080ec197edd1a04bb18afd31d16d,SO55624,55,HY-1023-70,1,55,9b6872ca1d80024637e967d1066bba0a
17982,bc761b2b7297029a695fbd6dd0470724,fef3080ec197edd1a04bb18afd31d16d,SO55624,5,WB-H098,1,5,9b6872ca1d80024637e967d1066bba0a
17983,b34050290c25b0f7b52a2b8f767df87d,caa707f97407c07371136aaf471a91d4,SO67974,4590,BK-M68B-42,2,4590,36ab6f1df21f3c9a169c8942e981959a
17983,b34050290c25b0f7b52a2b8f767df87d,caa707f97407c07371136aaf471a91d4,SO67974,27,CA-1098,3,27,36ab6f1df21f3c9a169c8942e981959a
17983,b34050290c25b0f7b52a2b8f767df87d,caa707f97407c07371136aaf471a91d4,SO67974,105,HL-U509-B,3,105,36ab6f1df21f3c9a169c8942e981959a
17983,b34050290c25b0f7b52a2b8f767df87d,caa707f97407c07371136aaf471a91d4,SO67974,35,TI-M823,1,35,36ab6f1df21f3c9a169c8942e981959a
17983,b34050290c25b0f7b52a2b8f767df87d,caa707f97407c07371136aaf471a91d4,SO67974,5,TT-M928,1,5,36ab6f1df21f3c9a169c8942e981959a
17983,e5fd8fa8e14be4aed936908e8f86dc7b,ddc7146176eec240951e44da05d5f12b,SO50938,4364,BK-R89B-58,2,4364,a0ab7eafc534bc4a8a48cd6e1cfc4d24
17983,f5933feadc49c253e4f0e77b236946e9,0b80ce5eab877cae9997209e0bee6e60,SO52455,1215,BK-T44U-54,1,1215,b8cc77f0099ae7d3a20b9f0b74d70b12
17983,f5933feadc49c253e4f0e77b236946e9,0b80ce5eab877cae9997209e0bee6e60,SO52455,27,CA-1098,3,27,b8cc77f0099ae7d3a20b9f0b74d70b12
17984,2b53375239b19c31e4947cc1033443c0,67c3c5a7bf20d113d8d96abf6cb5e85c,SO50997,2443,BK-R89R-48,1,2443,e5fd8fa8e14be4aed936908e8f86dc7b
17984,a2c49941411089cb2a9cbf78cb803c26,73a69a5c77a7d23172e54d7ce07a638e,SO56178,1215,BK-T44U-54,1,1215,39fe373cdcb4534addde73890415b660
17984,a2c49941411089cb2a9cbf78cb803c26,73a69a5c77a7d23172e54d7ce07a638e,SO56178,105,HL-U509,3,105,39fe373cdcb4534addde73890415b660
17984,fe1fd19c021e78ec395980c2e347865e,16e364d19895243407b256ec272d5394,SO68348,4640,BK-M68S-42,2,4640,63efdd3324df66c9965bd622cdebe06a
17984,fe1fd19c021e78ec395980c2e347865e,16e364d19895243407b256ec272d5394,SO68348,105,HL-U509,3,105,63efdd3324df66c9965bd622cdebe06a
17984,fe1fd19c021e78ec395980c2e347865e,16e364d19895243407b256ec272d5394,SO68348,35,TI-M823,1,35,63efdd3324df66c9965bd622cdebe06a
17985,5691ac18f59a9af20f9d8703772afbba,d8a4ea0dc4237ee8690ee37b3902fd0e,SO55958,9,BC-R205,1,9,bc761b2b7297029a695fbd6dd0470724
17985,5691ac18f59a9af20f9d8703772afbba,d8a4ea0dc4237ee8690ee37b3902fd0e,SO55958,1215,BK-T44U-50,1,1215,bc761b2b7297029a695fbd6dd0470724
17985,5691ac18f59a9af20f9d8703772afbba,d8a4ea0dc4237ee8690ee37b3902fd0e,SO55958,48,GL-H102-S,2,48,bc761b2b7297029a695fbd6dd0470724
17985,5691ac18f59a9af20f9d8703772afbba,d8a4ea0dc4237ee8690ee37b3902fd0e,SO55958,5,WB-H098,1,5,bc761b2b7297029a695fbd6dd0470724
17985,5f827524a01a15af1043fdb581ce224b,4b32c1f268b5edfc6d7f486137468b29,SO51044,2443,BK-R89R-44,1,2443,2b53375239b19c31e4947cc1033443c0
17985,c885741a5e3e55c84950327011b70289,7e15f50bd26e439e6a22f5205a8064db,SO68628,4640,BK-M68S-46,2,4640,0da2bc000f1fe4ea8746f9aea0bb5879
17986,31c99d724c1f182c60edb82eb4740277,e84848120190a8d0e696fbeb15647a74,SO71231,10,BC-M005,1,10,3db19f5f710f10e90ecc7154c649d60a
17986,31c99d724c1f182c60edb82eb4740277,e84848120190a8d0e696fbeb15647a74,SO71231,4640,BK-M68S-46,2,4640,3db19f5f710f10e90ecc7154c649d60a
17986,31c99d724c1f182c60edb82eb4740277,e84848120190a8d0e696fbeb15647a74,SO71231,48,GL-H102-S,2,48,3db19f5f710f10e90ecc7154c649d60a
17986,31c99d724c1f182c60edb82eb4740277,e84848120190a8d0e696fbeb15647a74,SO71231,5,WB-H098,1,5,3db19f5f710f10e90ecc7154c649d60a
17986,c96b659647361342a1bb035614c242b1,5118f4d1a94c19a06818ba12904e26f0,SO50960,4364,BK-R89B-48,2,4364,186b0be01dd08ffcc5cb19cc226fb731
17986,debbb2493c6588799fc787e1854bcda5,40883861f6e25a2e09e848a7891f4f38,SO58112,1215,BK-T44U-50,1,1215,0814775cfc25da756a9b4197347ab771
17986,debbb2493c6588799fc787e1854bcda5,40883861f6e25a2e09e848a7891f4f38,SO58112,105,HL-U509,3,105,0814775cfc25da756a9b4197347ab771
17987,0e5d0e3f7f9f1ae575ea209e1c544a79,26614863fc843ef78880895407be81a2,SO44591,1398,BK-R50R-52,2,1398,5fab5dd7b511bbf33964ef9e6f1b70dc
17987,de5009f9bf3e9725d2381f4a5e913111,2296af5563b2061aa1d88124a37eecb7,SO67356,1701,BK-R79Y-42,1,1701,a1d0c0a14c6c8f8a8ef8220209c23a64
17987,de5009f9bf3e9725d2381f4a5e913111,2296af5563b2061aa1d88124a37eecb7,SO67356,150,LJ-0192-M,3,150,a1d0c0a14c6c8f8a8ef8220209c23a64
17988,70951886788165a5e2439adfce4d0cce,ca38f30e56a72f4d0c8d2264322c5862,SO68984,8,CL-9009,1,8,c885741a5e3e55c84950327011b70289
17988,70951886788165a5e2439adfce4d0cce,ca38f30e56a72f4d0c8d2264322c5862,SO68984,22,FE-6654,1,22,c885741a5e3e55c84950327011b70289
17988,70951886788165a5e2439adfce4d0cce,ca38f30e56a72f4d0c8d2264322c5862,SO68984,30,TI-M602,1,30,c885741a5e3e55c84950327011b70289
17989,9f1ff00ea8fd9fd8f2d421ba5ec45a18,f88b3743a9ce1f9455b6de69380b486a,SO67432,1701,BK-R79Y-40,1,1701,0001ffe4d82d0d8f9fec5ab0b4faa2db
17989,9f1ff00ea8fd9fd8f2d421ba5ec45a18,f88b3743a9ce1f9455b6de69380b486a,SO67432,150,LJ-0192-S,3,150,0001ffe4d82d0d8f9fec5ab0b4faa2db
17989,c164277d605c0bcbcd6b5749ac477b26,8d35d0f6487ae6100c95dad89a4a414f,SO50817,4364,BK-R89B-58,2,4364,4c63ccce8761a6546d90151419eeea06
17990,511572e8a25e86c2f48ae9e6d73a1e6a,8e8847c1bdf012037ee13bb62da8a5c1,SO68101,10,BC-M005,1,10,691ad1b0dca3643b923973defd014d47
17990,511572e8a25e86c2f48ae9e6d73a1e6a,8e8847c1bdf012037ee13bb62da8a5c1,SO68101,565,BK-M18S-48,1,565,691ad1b0dca3643b923973defd014d47
17990,511572e8a25e86c2f48ae9e6d73a1e6a,8e8847c1bdf012037ee13bb62da8a5c1,SO68101,22,FE-6654,1,22,691ad1b0dca3643b923973defd014d47
17990,a37b3b8ed0bad1707ba2be514cc71f02,95ddec41f799217977c3384c83bfb0ca,SO50129,4364,BK-R89B-58,2,4364,fcf706c3e0fe93da0b11cc32b98eb22b
17991,16918840d98f27ce45948fe73dd5592f,04dbdf67bb8714ba18c9c36d50d1f5dc,SO62723,27,CA-1098,3,27,95103530881768b5cfc7e33970db9cd7
17991,16918840d98f27ce45948fe73dd5592f,04dbdf67bb8714ba18c9c36d50d1f5dc,SO62723,105,HL-U509,3,105,95103530881768b5cfc7e33970db9cd7
17991,16918840d98f27ce45948fe73dd5592f,04dbdf67bb8714ba18c9c36d50d1f5dc,SO62723,25,TI-M267,1,25,95103530881768b5cfc7e33970db9cd7
17991,16918840d98f27ce45948fe73dd5592f,04dbdf67bb8714ba18c9c36d50d1f5dc,SO62723,5,TT-M928,1,5,95103530881768b5cfc7e33970db9cd7
17992,6d44506d59926d8d13d35f75d97f2a64,deff8ad81a213d1110c1f409a7f40fcd,SO53427,2,PK-7098,1,2,f476906875bc5d9abe836b4ea1f485c1
17992,6d44506d59926d8d13d35f75d97f2a64,deff8ad81a213d1110c1f409a7f40fcd,SO53427,25,TI-R628,1,25,f476906875bc5d9abe836b4ea1f485c1
17992,6d44506d59926d8d13d35f75d97f2a64,deff8ad81a213d1110c1f409a7f40fcd,SO53427,4,TT-R982,1,4,f476906875bc5d9abe836b4ea1f485c1
17993,b8cc77f0099ae7d3a20b9f0b74d70b12,70ad7386c1fe794c57fa3908ff22435d,SO52196,54,SJ-0194-S,1,54,5e9b4970006d8f02ba0bc1763fa8b9a6
17993,b8cc77f0099ae7d3a20b9f0b74d70b12,70ad7386c1fe794c57fa3908ff22435d,SO52196,25,TI-R628,1,25,5e9b4970006d8f02ba0bc1763fa8b9a6
17994,18bea060239713ee5f865109f63f3a8a,7f026edc73bd4602381834e9b850d6c2,SO52870,2,PK-7098,1,2,d6ec5bff1a0809822c740ce35792fa7a
17994,18bea060239713ee5f865109f63f3a8a,7f026edc73bd4602381834e9b850d6c2,SO52870,25,TI-R628,1,25,d6ec5bff1a0809822c740ce35792fa7a
17995,93ddc10d6cf61153011df052aa76671f,7299e51cfc0d5174743a6701a8a96488,SO65659,2,PK-7098,1,2,02b96ab6e0935145589be4e1408a1675
17995,93ddc10d6cf61153011df052aa76671f,7299e51cfc0d5174743a6701a8a96488,SO65659,25,TI-R628,1,25,02b96ab6e0935145589be4e1408a1675
17996,81bc86cf34d9877f667e64ab0836fbc9,a8a3dbb4e486b164bdd7b0d4a21bdeac,SO44849,1398,BK-R50R-60,2,1398,58fbfe4a809a492f7e56c87487b71b73
17996,de5009f9bf3e9725d2381f4a5e913111,2296af5563b2061aa1d88124a37eecb7,SO67357,1701,BK-R79Y-48,1,1701,a1d0c0a14c6c8f8a8ef8220209c23a64
17996,de5009f9bf3e9725d2381f4a5e913111,2296af5563b2061aa1d88124a37eecb7,SO67357,54,SJ-0194-S,1,54,a1d0c0a14c6c8f8a8ef8220209c23a64
17997,fda052162862bb845297063fd71a580c,1678083e7ff90bd404baad3f60bffa37,SO56408,105,HL-U509-R,3,105,a2c49941411089cb2a9cbf78cb803c26
17997,fda052162862bb845297063fd71a580c,1678083e7ff90bd404baad3f60bffa37,SO56408,30,TI-M602,1,30,a2c49941411089cb2a9cbf78cb803c26
17997,fda052162862bb845297063fd71a580c,1678083e7ff90bd404baad3f60bffa37,SO56408,5,TT-M928,1,5,a2c49941411089cb2a9cbf78cb803c26
17998,109423a52128e234487abcd717f01458,f4630495c408b1838e43e9291392dcdf,SO51052,2443,BK-R89R-44,1,2443,6ccfb4540d439b07eef79e9ec663aeee
17998,691ad1b0dca3643b923973defd014d47,6dd75c28a9a8a39e02bc0a175f82a9f3,SO67780,1701,BK-R79Y-48,1,1701,9f1ff00ea8fd9fd8f2d421ba5ec45a18
17999,16e364d19895243407b256ec272d5394,4004a117f65dfd3221a9cce8fce5a45f,SO67587,1701,BK-R79Y-42,1,1701,7acd252f45ad6fe668386456a673d543
17999,16e364d19895243407b256ec272d5394,4004a117f65dfd3221a9cce8fce5a45f,SO67587,54,SJ-0194-S,1,54,7acd252f45ad6fe668386456a673d543
17999,a09d09970403327b4ca7bf98052cd060,0b5b42bd1c2c831ec2018ff055eecdab,SO44988,1398,BK-R50B-44,2,1398,fe79f48f1af975659b09282772273c5f
18000,66e56e10b0f528b66a45e307ecdf4774,691ad1b0dca3643b923973defd014d47,SO68554,10,BC-M005,1,10,8eb7a1b0dba9fdd5f4248b9cb6b9119b
18000,66e56e10b0f528b66a45e307ecdf4774,691ad1b0dca3643b923973defd014d47,SO68554,565,BK-M18S-40,1,565,8eb7a1b0dba9fdd5f4248b9cb6b9119b
18000,66e56e10b0f528b66a45e307ecdf4774,691ad1b0dca3643b923973defd014d47,SO68554,22,FE-6654,1,22,8eb7a1b0dba9fdd5f4248b9cb6b9119b
18000,66e56e10b0f528b66a45e307ecdf4774,691ad1b0dca3643b923973defd014d47,SO68554,105,HL-U509-R,3,105,8eb7a1b0dba9fdd5f4248b9cb6b9119b
18000,66e56e10b0f528b66a45e307ecdf4774,691ad1b0dca3643b923973defd014d47,SO68554,5,WB-H098,1,5,8eb7a1b0dba9fdd5f4248b9cb6b9119b
18000,ff9b4d639b22897f1c0256881eeb8643,8dd3ccb09d6ab7dd754ab887e66e8652,SO50039,2443,BK-R89R-48,1,2443,70dbbfe9e1fafe828bd88bd62f0de8f4
18001,fee8e08233f3f00450bce31967abb0f1,331afa0aff1b1cfbf3d24944ab38c9d2,SO70554,2,PK-7098,1,2,86bfb8ffc7a79e52d833cedce4d275bf
18001,fee8e08233f3f00450bce31967abb0f1,331afa0aff1b1cfbf3d24944ab38c9d2,SO70554,25,TI-R628,1,25,86bfb8ffc7a79e52d833cedce4d275bf
18001,fee8e08233f3f00450bce31967abb0f1,331afa0aff1b1cfbf3d24944ab38c9d2,SO70554,4,TT-R982,1,4,86bfb8ffc7a79e52d833cedce4d275bf
18002,058af5b2a408d57b708367e5bf4e9d9c,e82ca4c6beebe812f10fa1041b97a160,SO66803,2,PK-7098,1,2,c507827aa5f4f6bbedf64058461c621b
18002,058af5b2a408d57b708367e5bf4e9d9c,e82ca4c6beebe812f10fa1041b97a160,SO66803,25,TI-R628,1,25,c507827aa5f4f6bbedf64058461c621b
18003,6a373d2281ba1487d83680f65dd6e6d0,2fb09097185e604aaadbfde958fd6262,SO74992,105,HL-U509-B,3,105,8592725b85eec4822018b8728dd5b88d
18003,6a373d2281ba1487d83680f65dd6e6d0,2fb09097185e604aaadbfde958fd6262,SO74992,25,TI-R628,1,25,8592725b85eec4822018b8728dd5b88d
18003,6a373d2281ba1487d83680f65dd6e6d0,2fb09097185e604aaadbfde958fd6262,SO74992,4,TT-R982,1,4,8592725b85eec4822018b8728dd5b88d
18004,28bccfdf72994294d98126fdf32256b0,2f0fa9e84e7c99cd5a1f2223c8504757,SO44874,1398,BK-R50R-58,2,1398,d8c0cdf6e9755bab216fcb1de9e9a943
18004,ab4946738415af86b5e3cee69b13301f,ed268f8f3837888893f896b7240f1254,SO57252,769,BK-M38S-40,1,769,fde67888c64f701b59876ec559099b3e
18004,ab4946738415af86b5e3cee69b13301f,ed268f8f3837888893f896b7240f1254,SO57252,150,LJ-0192-M,3,150,fde67888c64f701b59876ec559099b3e
18005,0814775cfc25da756a9b4197347ab771,d76e0ba1fa041675ae9af958c5b41ae4,SO57829,1215,BK-T44U-60,1,1215,de22d232bbe84481579f6252f1e7091d
18005,0814775cfc25da756a9b4197347ab771,d76e0ba1fa041675ae9af958c5b41ae4,SO57829,105,HL-U509-B,3,105,de22d232bbe84481579f6252f1e7091d
18005,6a8d7e42bb852c45fbf8610361d391a0,3f72b837978dcd042b73e7270f11a4ca,SO71104,10,BC-M005,1,10,49fce086a31f1cfcf16b54e462f7cbc0
18005,6a8d7e42bb852c45fbf8610361d391a0,3f72b837978dcd042b73e7270f11a4ca,SO71104,4590,BK-M68B-46,2,4590,49fce086a31f1cfcf16b54e462f7cbc0
18005,6a8d7e42bb852c45fbf8610361d391a0,3f72b837978dcd042b73e7270f11a4ca,SO71104,64,VE-C304-M,1,64,49fce086a31f1cfcf16b54e462f7cbc0
18005,6a8d7e42bb852c45fbf8610361d391a0,3f72b837978dcd042b73e7270f11a4ca,SO71104,5,WB-H098,1,5,49fce086a31f1cfcf16b54e462f7cbc0
18005,6ccfb4540d439b07eef79e9ec663aeee,c045063ec789c07ddd7ad868b7789049,SO51003,4364,BK-R89R-58,2,4364,254f2678aa3e07c5a9451a18e28f2624
18006,ab4946738415af86b5e3cee69b13301f,ed268f8f3837888893f896b7240f1254,SO57276,105,HL-U509-B,3,105,fde67888c64f701b59876ec559099b3e
18006,ab4946738415af86b5e3cee69b13301f,ed268f8f3837888893f896b7240f1254,SO57276,4,TT-R982,1,4,fde67888c64f701b59876ec559099b3e
18007,870bd4f3713260418e4f342f31dc7e33,94c60e0b5e2b0f78b919a5d4c67d70a2,SO62910,105,HL-U509-R,3,105,2fe1a028f9398deb2efcd536c8246fae
18007,870bd4f3713260418e4f342f31dc7e33,94c60e0b5e2b0f78b919a5d4c67d70a2,SO62910,4,TT-R982,1,4,2fe1a028f9398deb2efcd536c8246fae
18008,222037d3aa2a1c1520bb378c14db0565,31ee28e8b3065df78e0ab30c3bde73e0,SO45172,1398,BK-R50B-60,2,1398,86cf66ad58c4073cc4d377971f1518f3
18008,7e15f50bd26e439e6a22f5205a8064db,a1d0c0a14c6c8f8a8ef8220209c23a64,SO67853,1701,BK-R79Y-44,1,1701,702a02712215141594ddf8e52b0a651c
18008,7e15f50bd26e439e6a22f5205a8064db,a1d0c0a14c6c8f8a8ef8220209c23a64,SO67853,27,CA-1098,3,27,702a02712215141594ddf8e52b0a651c
18008,7e15f50bd26e439e6a22f5205a8064db,a1d0c0a14c6c8f8a8ef8220209c23a64,SO67853,150,LJ-0192-M,3,150,702a02712215141594ddf8e52b0a651c
18009,276d128fe3aa57f2302ada8154e97cc2,e5395ed6218fcdbee3bcf445ea9eaaa3,SO45234,1398,BK-R50R-48,2,1398,7ad2baebba56180e3df41b5a8865d84e
18009,de5009f9bf3e9725d2381f4a5e913111,2296af5563b2061aa1d88124a37eecb7,SO67354,1701,BK-R79Y-48,1,1701,a1d0c0a14c6c8f8a8ef8220209c23a64
18009,de5009f9bf3e9725d2381f4a5e913111,2296af5563b2061aa1d88124a37eecb7,SO67354,105,HL-U509-R,3,105,a1d0c0a14c6c8f8a8ef8220209c23a64
18010,42abc105a78a8da94e36739d809b5613,d1a0ae4091e3b6f5d980e57269582a68,SO45380,1398,BK-R50R-62,2,1398,e2bf301e1756834cb191a4103f0de32a
18010,70951886788165a5e2439adfce4d0cce,ca38f30e56a72f4d0c8d2264322c5862,SO69023,1701,BK-R79Y-48,1,1701,c885741a5e3e55c84950327011b70289
18010,70951886788165a5e2439adfce4d0cce,ca38f30e56a72f4d0c8d2264322c5862,SO69023,105,HL-U509-B,3,105,c885741a5e3e55c84950327011b70289
18010,70951886788165a5e2439adfce4d0cce,ca38f30e56a72f4d0c8d2264322c5862,SO69023,150,LJ-0192-L,3,150,c885741a5e3e55c84950327011b70289
18011,17b5405b2f84fb3c49c98faa3667396c,593d65a6acc20f05e8f0ed19632bf61e,SO45366,1398,BK-R50R-52,2,1398,26bea7aeb1e663560418f8837927a87a
18011,66e56e10b0f528b66a45e307ecdf4774,691ad1b0dca3643b923973defd014d47,SO68623,1701,BK-R79Y-40,1,1701,8eb7a1b0dba9fdd5f4248b9cb6b9119b
18011,66e56e10b0f528b66a45e307ecdf4774,691ad1b0dca3643b923973defd014d47,SO68623,2,PK-7098,1,2,8eb7a1b0dba9fdd5f4248b9cb6b9119b
18011,66e56e10b0f528b66a45e307ecdf4774,691ad1b0dca3643b923973defd014d47,SO68623,159,ST-1401,1,159,8eb7a1b0dba9fdd5f4248b9cb6b9119b
18011,66e56e10b0f528b66a45e307ecdf4774,691ad1b0dca3643b923973defd014d47,SO68623,25,TI-R628,1,25,8eb7a1b0dba9fdd5f4248b9cb6b9119b
18011,66e56e10b0f528b66a45e307ecdf4774,691ad1b0dca3643b923973defd014d47,SO68623,4,TT-R982,1,4,8eb7a1b0dba9fdd5f4248b9cb6b9119b
18012,99c8f306659fd98cbb9d7f03ec0c2a7a,705fa39ab40831529471c768490339ab,SO69898,21,TI-R092,1,21,fff3c307c93eda1eb91d53ca588846fe
18012,99c8f306659fd98cbb9d7f03ec0c2a7a,705fa39ab40831529471c768490339ab,SO69898,4,TT-R982,1,4,fff3c307c93eda1eb91d53ca588846fe
18013,56e52500a7f5ab963646137a401683cd,df09a3a727ac0f29208c5ef3bf7625e6,SO74683,2,PK-7098,1,2,13b7c2277967bc61802018c764b5b2a0
18013,56e52500a7f5ab963646137a401683cd,df09a3a727ac0f29208c5ef3bf7625e6,SO74683,21,TI-R092,1,21,13b7c2277967bc61802018c764b5b2a0
18013,56e52500a7f5ab963646137a401683cd,df09a3a727ac0f29208c5ef3bf7625e6,SO74683,4,TT-R982,1,4,13b7c2277967bc61802018c764b5b2a0
18014,1678083e7ff90bd404baad3f60bffa37,7b0730955172ecda497d7cca6b1d87a1,SO55775,30,TI-M602,1,30,73a69a5c77a7d23172e54d7ce07a638e
18014,1678083e7ff90bd404baad3f60bffa37,7b0730955172ecda497d7cca6b1d87a1,SO55775,64,VE-C304-L,1,64,73a69a5c77a7d23172e54d7ce07a638e
18015,49fce086a31f1cfcf16b54e462f7cbc0,99c8f306659fd98cbb9d7f03ec0c2a7a,SO70789,2,PK-7098,1,2,e84848120190a8d0e696fbeb15647a74
18015,49fce086a31f1cfcf16b54e462f7cbc0,99c8f306659fd98cbb9d7f03ec0c2a7a,SO70789,30,TI-M602,1,30,e84848120190a8d0e696fbeb15647a74
18015,49fce086a31f1cfcf16b54e462f7cbc0,99c8f306659fd98cbb9d7f03ec0c2a7a,SO70789,5,TT-M928,1,5,e84848120190a8d0e696fbeb15647a74
18016,49fce086a31f1cfcf16b54e462f7cbc0,99c8f306659fd98cbb9d7f03ec0c2a7a,SO70790,30,TI-M602,1,30,e84848120190a8d0e696fbeb15647a74
18016,49fce086a31f1cfcf16b54e462f7cbc0,99c8f306659fd98cbb9d7f03ec0c2a7a,SO70790,5,TT-M928,1,5,e84848120190a8d0e696fbeb15647a74
18017,15aceb75d86814cb479f1b1a9487c3d4,f799d104dd23bb828dcdaaefc4d25b61,SO52908,25,TI-R628,1,25,072bf847aeeee970f66483e596496cd9
18018,6ef7b4bb93d4e54234cf965ed2334682,ccf89c691dabb1412404274596922d90,SO65986,22,FE-6654,1,22,93ddc10d6cf61153011df052aa76671f
18018,6ef7b4bb93d4e54234cf965ed2334682,ccf89c691dabb1412404274596922d90,SO65986,30,TI-M602,1,30,93ddc10d6cf61153011df052aa76671f
18019,38c9e5d1e366b4c5c36aae682bc960c4,8fa3bab223bec6501ad71f96bb1067b6,SO71630,10,BC-M005,1,10,58c4ce5b9433e7b6d41793d5a76d5590
18019,38c9e5d1e366b4c5c36aae682bc960c4,8fa3bab223bec6501ad71f96bb1067b6,SO71630,4590,BK-M68B-42,2,4590,58c4ce5b9433e7b6d41793d5a76d5590
18019,38c9e5d1e366b4c5c36aae682bc960c4,8fa3bab223bec6501ad71f96bb1067b6,SO71630,5,WB-H098,1,5,58c4ce5b9433e7b6d41793d5a76d5590
18019,c164277d605c0bcbcd6b5749ac477b26,8d35d0f6487ae6100c95dad89a4a414f,SO50818,4364,BK-R89B-52,2,4364,4c63ccce8761a6546d90151419eeea06
18019,df595e3c678d4fae23ce174fe747165e,07b31bae17c7890b17d79a654aa230cf,SO58887,1215,BK-T44U-60,1,1215,75fe8d7dec9d2a51be64595ab37dc674
18020,3f0c8308e4e2e5c4ddc1b7e19304f613,61e00b038efd34bdf9c747596273cbcf,SO64826,8,CL-9009,1,8,232e830f1ac667c081eaaca23cdf9b5f
18020,3f0c8308e4e2e5c4ddc1b7e19304f613,61e00b038efd34bdf9c747596273cbcf,SO64826,2,PK-7098,1,2,232e830f1ac667c081eaaca23cdf9b5f
18020,3f0c8308e4e2e5c4ddc1b7e19304f613,61e00b038efd34bdf9c747596273cbcf,SO64826,25,TI-R628,1,25,232e830f1ac667c081eaaca23cdf9b5f
18020,3f0c8308e4e2e5c4ddc1b7e19304f613,61e00b038efd34bdf9c747596273cbcf,SO64826,4,TT-R982,1,4,232e830f1ac667c081eaaca23cdf9b5f
18021,d9cd5832ac6226b16d8669df784e8c52,d194d40a2a86356fa1572b2ef8e36048,SO49946,4364,BK-R89R-58,2,4364,f6a3074075f513ac39071601eaf0195a
18021,fff3c307c93eda1eb91d53ca588846fe,4584ca349e0920f4436a3c2f36158b85,SO69324,540,BK-M18B-42,1,540,70951886788165a5e2439adfce4d0cce
18021,fff3c307c93eda1eb91d53ca588846fe,4584ca349e0920f4436a3c2f36158b85,SO69324,22,FE-6654,1,22,70951886788165a5e2439adfce4d0cce
18021,fff3c307c93eda1eb91d53ca588846fe,4584ca349e0920f4436a3c2f36158b85,SO69324,150,LJ-0192-L,3,150,70951886788165a5e2439adfce4d0cce
18022,6d44506d59926d8d13d35f75d97f2a64,deff8ad81a213d1110c1f409a7f40fcd,SO53428,105,HL-U509,3,105,f476906875bc5d9abe836b4ea1f485c1
18022,6d44506d59926d8d13d35f75d97f2a64,deff8ad81a213d1110c1f409a7f40fcd,SO53428,25,TI-R628,1,25,f476906875bc5d9abe836b4ea1f485c1
18022,6d44506d59926d8d13d35f75d97f2a64,deff8ad81a213d1110c1f409a7f40fcd,SO53428,4,TT-R982,1,4,f476906875bc5d9abe836b4ea1f485c1
18023,702a02712215141594ddf8e52b0a651c,cd15e5f80ff20dd345bfaa51400dd0d6,SO67530,159,ST-1401,1,159,caa707f97407c07371136aaf471a91d4
18023,702a02712215141594ddf8e52b0a651c,cd15e5f80ff20dd345bfaa51400dd0d6,SO67530,25,TI-R628,1,25,caa707f97407c07371136aaf471a91d4
18023,702a02712215141594ddf8e52b0a651c,cd15e5f80ff20dd345bfaa51400dd0d6,SO67530,4,TT-R982,1,4,caa707f97407c07371136aaf471a91d4
18024,73a69a5c77a7d23172e54d7ce07a638e,5a06908cc28b799b04fc1c47664462e6,SO55481,120,RA-H123,1,120,41fc4cb27e0ee552c4c9247e1a476cc5
18024,73a69a5c77a7d23172e54d7ce07a638e,5a06908cc28b799b04fc1c47664462e6,SO55481,25,TI-M267,1,25,41fc4cb27e0ee552c4c9247e1a476cc5
18024,73a69a5c77a7d23172e54d7ce07a638e,5a06908cc28b799b04fc1c47664462e6,SO55481,5,TT-M928,1,5,41fc4cb27e0ee552c4c9247e1a476cc5
18025,a6d37e298c3042e300813f55a17e0875,99b7e934795a93975a5e0c0b9b57d9ba,SO64644,2,PK-7098,1,2,b0241b451647f25db5f52074445d820c
18025,a6d37e298c3042e300813f55a17e0875,99b7e934795a93975a5e0c0b9b57d9ba,SO64644,30,TI-M602,1,30,b0241b451647f25db5f52074445d820c
18025,a6d37e298c3042e300813f55a17e0875,99b7e934795a93975a5e0c0b9b57d9ba,SO64644,5,TT-M928,1,5,b0241b451647f25db5f52074445d820c
18026,95a2a9aefc393f8630e934768cacf4cd,8f472ffe3ff3109f420ae91355ff8f3f,SO72139,769,BK-M38S-42,1,769,38c9e5d1e366b4c5c36aae682bc960c4
18026,95a2a9aefc393f8630e934768cacf4cd,8f472ffe3ff3109f420ae91355ff8f3f,SO72139,2,PK-7098,1,2,38c9e5d1e366b4c5c36aae682bc960c4
18026,95a2a9aefc393f8630e934768cacf4cd,8f472ffe3ff3109f420ae91355ff8f3f,SO72139,30,TI-M602,1,30,38c9e5d1e366b4c5c36aae682bc960c4
18026,95a2a9aefc393f8630e934768cacf4cd,8f472ffe3ff3109f420ae91355ff8f3f,SO72139,5,TT-M928,1,5,38c9e5d1e366b4c5c36aae682bc960c4
18026,af04e65ff21d922e75b51466fd45d408,fcf706c3e0fe93da0b11cc32b98eb22b,SO50339,4364,BK-R89B-58,2,4364,b60bd79b871d7c3345674370fa4dda03
18027,4b32c1f268b5edfc6d7f486137468b29,5f8b10fd69342734dd36c905a170cf51,SO50919,4364,BK-R89B-58,2,4364,67c3c5a7bf20d113d8d96abf6cb5e85c
18027,691ad1b0dca3643b923973defd014d47,6dd75c28a9a8a39e02bc0a175f82a9f3,SO67781,1701,BK-R79Y-42,1,1701,9f1ff00ea8fd9fd8f2d421ba5ec45a18
18027,691ad1b0dca3643b923973defd014d47,6dd75c28a9a8a39e02bc0a175f82a9f3,SO67781,105,HL-U509,3,105,9f1ff00ea8fd9fd8f2d421ba5ec45a18
18028,2d3821c62d6665c47296272022e338e1,34ac3f5a318d1a93a8a4ad7dfac9fb98,SO50484,4364,BK-R89B-48,2,4364,5d8c6714b72d01c132804ea13b83dd02
18028,dcf73f840a50da0145f24e8e0169dc4b,2797a91b25bc2aa85124c99bc574dc83,SO72008,769,BK-M38S-38,1,769,d5985f40495ba672dff8a99620b879c8
18028,dcf73f840a50da0145f24e8e0169dc4b,2797a91b25bc2aa85124c99bc574dc83,SO72008,150,LJ-0192-X,3,150,d5985f40495ba672dff8a99620b879c8
18029,a1fedb8f5f2e08543339a5f167bee6b7,8b9fe4b34e3c54f08bfcac3d9691e260,SO64990,54,SJ-0194-X,1,54,4eec6eda382b9c44e240ad4b4b5e9cc0
18029,a1fedb8f5f2e08543339a5f167bee6b7,8b9fe4b34e3c54f08bfcac3d9691e260,SO64990,25,TI-R628,1,25,4eec6eda382b9c44e240ad4b4b5e9cc0
18029,a1fedb8f5f2e08543339a5f167bee6b7,8b9fe4b34e3c54f08bfcac3d9691e260,SO64990,4,TT-R982,1,4,4eec6eda382b9c44e240ad4b4b5e9cc0
18030,90c6314650a0d54fdcabe5cd5406f9af,f476906875bc5d9abe836b4ea1f485c1,SO53950,105,HL-U509-B,3,105,41464bd548f06ca845208f69df30ac82
18030,90c6314650a0d54fdcabe5cd5406f9af,f476906875bc5d9abe836b4ea1f485c1,SO53950,25,TI-M267,1,25,41464bd548f06ca845208f69df30ac82
18030,90c6314650a0d54fdcabe5cd5406f9af,f476906875bc5d9abe836b4ea1f485c1,SO53950,5,TT-M928,1,5,41464bd548f06ca845208f69df30ac82
18031,debbb2493c6588799fc787e1854bcda5,40883861f6e25a2e09e848a7891f4f38,SO58105,25,TI-R628,1,25,0814775cfc25da756a9b4197347ab771
18032,a976f17830aceaaa93d5daef0bc209a3,d9f7611cf8d29b48a1d3d8fddb8c5b2e,SO57509,48,GL-H102-M,2,48,0e23f371129aecc6b2033620b226f8d7
18032,a976f17830aceaaa93d5daef0bc209a3,d9f7611cf8d29b48a1d3d8fddb8c5b2e,SO57509,105,HL-U509-B,3,105,0e23f371129aecc6b2033620b226f8d7
18032,a976f17830aceaaa93d5daef0bc209a3,d9f7611cf8d29b48a1d3d8fddb8c5b2e,SO57509,150,LJ-0192-M,3,150,0e23f371129aecc6b2033620b226f8d7
18032,a976f17830aceaaa93d5daef0bc209a3,d9f7611cf8d29b48a1d3d8fddb8c5b2e,SO57509,30,TI-M602,1,30,0e23f371129aecc6b2033620b226f8d7
18032,a976f17830aceaaa93d5daef0bc209a3,d9f7611cf8d29b48a1d3d8fddb8c5b2e,SO57509,5,TT-M928,1,5,0e23f371129aecc6b2033620b226f8d7
18033,8d1d4829b2e801ba4e41ba48f5a549d4,a6d37e298c3042e300813f55a17e0875,SO65529,25,TI-R628,1,25,ccf89c691dabb1412404274596922d90
18034,244cede513841376c37dc856f2f5e7b9,5e1b952a22eccca86f7f056a9efb42a4,SO58385,105,HL-U509-B,3,105,debbb2493c6588799fc787e1854bcda5
18034,244cede513841376c37dc856f2f5e7b9,5e1b952a22eccca86f7f056a9efb42a4,SO58385,25,TI-R628,1,25,debbb2493c6588799fc787e1854bcda5
18034,244cede513841376c37dc856f2f5e7b9,5e1b952a22eccca86f7f056a9efb42a4,SO58385,4,TT-R982,1,4,debbb2493c6588799fc787e1854bcda5
18035,ca5b8307fa5f2189fb98330a9d65927c,88077cf01a3e17831c2d0bcca5897c5b,SO73978,105,HL-U509-R,3,105,5cbbe853aa1a5a1370f9a614904c4b15
18035,ca5b8307fa5f2189fb98330a9d65927c,88077cf01a3e17831c2d0bcca5897c5b,SO73978,25,TI-R628,1,25,5cbbe853aa1a5a1370f9a614904c4b15
18035,ca5b8307fa5f2189fb98330a9d65927c,88077cf01a3e17831c2d0bcca5897c5b,SO73978,4,TT-R982,1,4,5cbbe853aa1a5a1370f9a614904c4b15
18036,d8a4ea0dc4237ee8690ee37b3902fd0e,0c8ff735cb2b05718573c08173335fd4,SO55167,25,TI-R628,1,25,fef3080ec197edd1a04bb18afd31d16d
18037,e82ca4c6beebe812f10fa1041b97a160,9d934f91c460e9947414d00048f2fa36,SO66045,48,GL-H102-M,2,48,6d1d8a1c7851eb5a946d45009cea6d9f
18037,e82ca4c6beebe812f10fa1041b97a160,9d934f91c460e9947414d00048f2fa36,SO66045,25,TI-M267,1,25,6d1d8a1c7851eb5a946d45009cea6d9f
18038,61734dbcd0f0370e33200b30508a1282,26bea7aeb1e663560418f8837927a87a,SO45414,1398,BK-R50R-52,2,1398,42abc105a78a8da94e36739d809b5613
18038,c7390752782466cfc9a3ed7d3a79e046,0001ffe4d82d0d8f9fec5ab0b4faa2db,SO67962,1701,BK-R79Y-48,1,1701,16e364d19895243407b256ec272d5394
18038,c7390752782466cfc9a3ed7d3a79e046,0001ffe4d82d0d8f9fec5ab0b4faa2db,SO67962,105,HL-U509-R,3,105,16e364d19895243407b256ec272d5394
18039,16e364d19895243407b256ec272d5394,4004a117f65dfd3221a9cce8fce5a45f,SO67642,1701,BK-R79Y-44,1,1701,7acd252f45ad6fe668386456a673d543
18039,16e364d19895243407b256ec272d5394,4004a117f65dfd3221a9cce8fce5a45f,SO67642,150,LJ-0192-X,3,150,7acd252f45ad6fe668386456a673d543
18039,e326f919619dfb88508877586e312f4c,bf88ef1a27a7c08ac5123685d7229944,SO45627,1398,BK-R50R-62,2,1398,fc818380249389b9a3c3d3305d0d92a5
18040,4ddc8821c34bceaf3dba4a18741acca3,af1457846a79173ef71dd9d5dd69805a,SO61145,159,ST-1401,1,159,2d6e054ac82934d489c58cc8399a1628
18040,4ddc8821c34bceaf3dba4a18741acca3,af1457846a79173ef71dd9d5dd69805a,SO61145,30,TI-M602,1,30,2d6e054ac82934d489c58cc8399a1628
18040,4ddc8821c34bceaf3dba4a18741acca3,af1457846a79173ef71dd9d5dd69805a,SO61145,5,TT-M928,1,5,2d6e054ac82934d489c58cc8399a1628
18041,8dd08d219271ec96c543f486de430703,d53f9d33cac0a297449a74a10d031570,SO62319,2,PK-7098,1,2,04dbdf67bb8714ba18c9c36d50d1f5dc
18041,8dd08d219271ec96c543f486de430703,d53f9d33cac0a297449a74a10d031570,SO62319,25,TI-M267,1,25,04dbdf67bb8714ba18c9c36d50d1f5dc
18041,8dd08d219271ec96c543f486de430703,d53f9d33cac0a297449a74a10d031570,SO62319,5,TT-M928,1,5,04dbdf67bb8714ba18c9c36d50d1f5dc
18042,73a69a5c77a7d23172e54d7ce07a638e,5a06908cc28b799b04fc1c47664462e6,SO55480,25,TI-M267,1,25,41fc4cb27e0ee552c4c9247e1a476cc5
18042,73a69a5c77a7d23172e54d7ce07a638e,5a06908cc28b799b04fc1c47664462e6,SO55480,5,TT-M928,1,5,41fc4cb27e0ee552c4c9247e1a476cc5
18043,174acf6ca4e9804d47a59a499422e621,5abaefcc8525a8f4cfd95cba9e926532,SO58319,30,TI-M602,1,30,eba6cab7267f82e3b2a063d5ea445bb9
18043,174acf6ca4e9804d47a59a499422e621,5abaefcc8525a8f4cfd95cba9e926532,SO58319,5,TT-M928,1,5,eba6cab7267f82e3b2a063d5ea445bb9
18044,3a2f313512bb520c43971e54ba834dec,a1fedb8f5f2e08543339a5f167bee6b7,SO65913,2,PK-7098,1,2,e2f0a420a4c1a9e8e292761f835e0489
18044,3a2f313512bb520c43971e54ba834dec,a1fedb8f5f2e08543339a5f167bee6b7,SO65913,25,TI-M267,1,25,e2f0a420a4c1a9e8e292761f835e0489
18044,3a2f313512bb520c43971e54ba834dec,a1fedb8f5f2e08543339a5f167bee6b7,SO65913,5,TT-M928,1,5,e2f0a420a4c1a9e8e292761f835e0489
18045,962bae2fb03296a3b9cacabfa929322c,0da2bc000f1fe4ea8746f9aea0bb5879,SO69101,1701,BK-R79Y-42,1,1701,c4369eefdf9bb8a3f9115e96b40aaf17
18045,962bae2fb03296a3b9cacabfa929322c,0da2bc000f1fe4ea8746f9aea0bb5879,SO69101,150,LJ-0192-X,3,150,c4369eefdf9bb8a3f9115e96b40aaf17
18045,962bae2fb03296a3b9cacabfa929322c,0da2bc000f1fe4ea8746f9aea0bb5879,SO69101,9,SO-R809-M,1,9,c4369eefdf9bb8a3f9115e96b40aaf17
18045,c045063ec789c07ddd7ad868b7789049,1022f3e1145b30057972239301ce3382,SO50883,4364,BK-R89B-48,2,4364,c164277d605c0bcbcd6b5749ac477b26
18046,90b02462c4aa07aa9f640001bc1770d2,9bf4969b0d30a237d93ba8c97a302ad0,SO45748,1398,BK-R50B-58,2,1398,b75498e8e390851f18bb4c3cc467c09b
18046,c7390752782466cfc9a3ed7d3a79e046,0001ffe4d82d0d8f9fec5ab0b4faa2db,SO67963,1701,BK-R79Y-44,1,1701,16e364d19895243407b256ec272d5394
18046,c7390752782466cfc9a3ed7d3a79e046,0001ffe4d82d0d8f9fec5ab0b4faa2db,SO67963,105,HL-U509-B,3,105,16e364d19895243407b256ec272d5394
18047,511572e8a25e86c2f48ae9e6d73a1e6a,8e8847c1bdf012037ee13bb62da8a5c1,SO68150,1701,BK-R79Y-40,1,1701,691ad1b0dca3643b923973defd014d47
18047,511572e8a25e86c2f48ae9e6d73a1e6a,8e8847c1bdf012037ee13bb62da8a5c1,SO68150,105,HL-U509-R,3,105,691ad1b0dca3643b923973defd014d47
18047,ebce0865da088132946764a3527b5a4e,c79548466fdad0728a9aa092fbad03a7,SO46676,2000,BK-R64Y-42,2,2000,03e9c154083778a02a19e7d2c3dcd97d
18048,2797a91b25bc2aa85124c99bc574dc83,86bfb8ffc7a79e52d833cedce4d275bf,SO71047,105,HL-U509-R,3,105,a9adf65abbb865184bf924d14a93d0c4
18048,2797a91b25bc2aa85124c99bc574dc83,86bfb8ffc7a79e52d833cedce4d275bf,SO71047,25,TI-M267,1,25,a9adf65abbb865184bf924d14a93d0c4
18048,2797a91b25bc2aa85124c99bc574dc83,86bfb8ffc7a79e52d833cedce4d275bf,SO71047,5,TT-M928,1,5,a9adf65abbb865184bf924d14a93d0c4
18049,3dc63b2d6dcc8f0b6720b06b5439a0b1,8d1d4829b2e801ba4e41ba48f5a549d4,SO66315,1701,BK-R79Y-42,1,1701,6ef7b4bb93d4e54234cf965ed2334682
18049,3dc63b2d6dcc8f0b6720b06b5439a0b1,8d1d4829b2e801ba4e41ba48f5a549d4,SO66315,105,HL-U509,3,105,6ef7b4bb93d4e54234cf965ed2334682
18049,3dc63b2d6dcc8f0b6720b06b5439a0b1,8d1d4829b2e801ba4e41ba48f5a549d4,SO66315,150,LJ-0192-X,3,150,6ef7b4bb93d4e54234cf965ed2334682
18050,e82ca4c6beebe812f10fa1041b97a160,9d934f91c460e9947414d00048f2fa36,SO66071,1701,BK-R79Y-42,1,1701,6d1d8a1c7851eb5a946d45009cea6d9f
18050,e82ca4c6beebe812f10fa1041b97a160,9d934f91c460e9947414d00048f2fa36,SO66071,150,LJ-0192-L,3,150,6d1d8a1c7851eb5a946d45009cea6d9f
18051,95a2a9aefc393f8630e934768cacf4cd,8f472ffe3ff3109f420ae91355ff8f3f,SO72178,1701,BK-R79Y-40,1,1701,38c9e5d1e366b4c5c36aae682bc960c4
18051,95a2a9aefc393f8630e934768cacf4cd,8f472ffe3ff3109f420ae91355ff8f3f,SO72178,105,HL-U509-R,3,105,38c9e5d1e366b4c5c36aae682bc960c4
18052,2296af5563b2061aa1d88124a37eecb7,6866da5d40f1aad2d82129d5ffa25bda,SO66561,1701,BK-R79Y-44,1,1701,05e7920e8caf0303dc01b77666952b75
18052,2296af5563b2061aa1d88124a37eecb7,6866da5d40f1aad2d82129d5ffa25bda,SO66561,105,HL-U509,3,105,05e7920e8caf0303dc01b77666952b75
18053,d6ec5bff1a0809822c740ce35792fa7a,db2b287636ac5ebda430de4f3f643b24,SO52591,2,PK-7098,1,2,6be9692276a308e4b872323af1ad8fe2
18053,d6ec5bff1a0809822c740ce35792fa7a,db2b287636ac5ebda430de4f3f643b24,SO52591,5,WB-H098,1,5,6be9692276a308e4b872323af1ad8fe2
18054,511572e8a25e86c2f48ae9e6d73a1e6a,8e8847c1bdf012037ee13bb62da8a5c1,SO68113,105,HL-U509,3,105,691ad1b0dca3643b923973defd014d47
18054,511572e8a25e86c2f48ae9e6d73a1e6a,8e8847c1bdf012037ee13bb62da8a5c1,SO68113,30,TI-M602,1,30,691ad1b0dca3643b923973defd014d47
18054,511572e8a25e86c2f48ae9e6d73a1e6a,8e8847c1bdf012037ee13bb62da8a5c1,SO68113,5,TT-M928,1,5,691ad1b0dca3643b923973defd014d47
18054,d9f7611cf8d29b48a1d3d8fddb8c5b2e,55f9f4cb5784581a517e59904e0d5e2f,SO56664,10,BC-M005,1,10,fda052162862bb845297063fd71a580c
18054,d9f7611cf8d29b48a1d3d8fddb8c5b2e,55f9f4cb5784581a517e59904e0d5e2f,SO56664,22,FE-6654,1,22,fda052162862bb845297063fd71a580c
18054,d9f7611cf8d29b48a1d3d8fddb8c5b2e,55f9f4cb5784581a517e59904e0d5e2f,SO56664,5,WB-H098,1,5,fda052162862bb845297063fd71a580c
18055,072bf847aeeee970f66483e596496cd9,cfceb7490eff6e660974507be7c579c6,SO52638,10,BC-M005,1,10,dca79d69a6b38e95c4b03bfab997796c
18055,072bf847aeeee970f66483e596496cd9,cfceb7490eff6e660974507be7c579c6,SO52638,22,FE-6654,1,22,dca79d69a6b38e95c4b03bfab997796c
18055,072bf847aeeee970f66483e596496cd9,cfceb7490eff6e660974507be7c579c6,SO52638,5,WB-H098,1,5,dca79d69a6b38e95c4b03bfab997796c
18055,f75e5f8c15ca91ec5c869dc3881f574f,3a23b248b732af434a45fce0302aa11f,SO63901,22,FE-6654,1,22,03bf7d2a8718ee9aca4bd2f37e962fc4
18055,f75e5f8c15ca91ec5c869dc3881f574f,3a23b248b732af434a45fce0302aa11f,SO63901,150,LJ-0192-M,3,150,03bf7d2a8718ee9aca4bd2f37e962fc4
18055,f75e5f8c15ca91ec5c869dc3881f574f,3a23b248b732af434a45fce0302aa11f,SO63901,30,TI-M602,1,30,03bf7d2a8718ee9aca4bd2f37e962fc4
18055,f75e5f8c15ca91ec5c869dc3881f574f,3a23b248b732af434a45fce0302aa11f,SO63901,5,TT-M928,1,5,03bf7d2a8718ee9aca4bd2f37e962fc4
18056,64cadfde6f66bc25043d0d69f5ae5471,18f358e551b5b85912bc952ab9894c0d,SO65871,1701,BK-R79Y-40,1,1701,8d1d4829b2e801ba4e41ba48f5a549d4
18056,64cadfde6f66bc25043d0d69f5ae5471,18f358e551b5b85912bc952ab9894c0d,SO65871,25,TI-R628,1,25,8d1d4829b2e801ba4e41ba48f5a549d4
18057,e2f0a420a4c1a9e8e292761f835e0489,4eec6eda382b9c44e240ad4b4b5e9cc0,SO65622,1701,BK-R79Y-48,1,1701,9d934f91c460e9947414d00048f2fa36
18058,93ddc10d6cf61153011df052aa76671f,7299e51cfc0d5174743a6701a8a96488,SO65654,105,HL-U509-B,3,105,02b96ab6e0935145589be4e1408a1675
18058,93ddc10d6cf61153011df052aa76671f,7299e51cfc0d5174743a6701a8a96488,SO65654,5,TT-M928,1,5,02b96ab6e0935145589be4e1408a1675
18059,3a2f313512bb520c43971e54ba834dec,a1fedb8f5f2e08543339a5f167bee6b7,SO65946,9,BC-R205,1,9,e2f0a420a4c1a9e8e292761f835e0489
18059,3a2f313512bb520c43971e54ba834dec,a1fedb8f5f2e08543339a5f167bee6b7,SO65946,1701,BK-R79Y-44,1,1701,e2f0a420a4c1a9e8e292761f835e0489
18059,3a2f313512bb520c43971e54ba834dec,a1fedb8f5f2e08543339a5f167bee6b7,SO65946,5,WB-H098,1,5,e2f0a420a4c1a9e8e292761f835e0489
18060,8d1d4829b2e801ba4e41ba48f5a549d4,a6d37e298c3042e300813f55a17e0875,SO65556,1701,BK-R79Y-44,1,1701,ccf89c691dabb1412404274596922d90
18061,305c66634c155cab2b5cc3ce00351eb1,2becb9647677a1a316b388bbad689580,SO62113,5,WB-H098,1,5,922d04aa1f67bbe0270bfad98508f43e
18062,b322422d9a721bbdefa133133dd407c1,07b7d2aed13a63a16377587dcc0abbe8,SO66849,27,CA-1098,3,27,2296af5563b2061aa1d88124a37eecb7
18062,b322422d9a721bbdefa133133dd407c1,07b7d2aed13a63a16377587dcc0abbe8,SO66849,150,LJ-0192-M,3,150,2296af5563b2061aa1d88124a37eecb7
18062,b322422d9a721bbdefa133133dd407c1,07b7d2aed13a63a16377587dcc0abbe8,SO66849,5,WB-H098,1,5,2296af5563b2061aa1d88124a37eecb7
18063,d34ba8f5d7fd7d5959a34c283fbec422,9c56075241a26f6fa77eb86b15411c6e,SO55056,150,LJ-0192-X,3,150,ac15b60491fe99190c0248790e690757
18063,d34ba8f5d7fd7d5959a34c283fbec422,9c56075241a26f6fa77eb86b15411c6e,SO55056,5,WB-H098,1,5,ac15b60491fe99190c0248790e690757
18064,6e5c4b769f8f70f9fd01b24ba5be9695,40e7dd73b09eac540e790daf6fac41af,SO54842,54,SJ-0194-L,1,54,106dfbaf552c07a1b08d065f2c343982
18064,6e5c4b769f8f70f9fd01b24ba5be9695,40e7dd73b09eac540e790daf6fac41af,SO54842,5,WB-H098,1,5,106dfbaf552c07a1b08d065f2c343982
18065,6d1d8a1c7851eb5a946d45009cea6d9f,3f0c8308e4e2e5c4ddc1b7e19304f613,SO65720,22,FE-6654,1,22,6582aa26281b9a92ad60e6a03e274c00
18065,6d1d8a1c7851eb5a946d45009cea6d9f,3f0c8308e4e2e5c4ddc1b7e19304f613,SO65720,64,VE-C304-M,1,64,6582aa26281b9a92ad60e6a03e274c00
18065,ca38f30e56a72f4d0c8d2264322c5862,de5009f9bf3e9725d2381f4a5e913111,SO68178,70,SH-W890-S,1,70,7e15f50bd26e439e6a22f5205a8064db
18066,17520f5649fab40fb66771362888cb90,1faee5670542865e021595151379fe5c,SO70639,10,BC-M005,1,10,3f72b837978dcd042b73e7270f11a4ca
18066,17520f5649fab40fb66771362888cb90,1faee5670542865e021595151379fe5c,SO70639,4590,BK-M68B-38,2,4590,3f72b837978dcd042b73e7270f11a4ca
18066,17520f5649fab40fb66771362888cb90,1faee5670542865e021595151379fe5c,SO70639,105,HL-U509-B,3,105,3f72b837978dcd042b73e7270f11a4ca
18066,17520f5649fab40fb66771362888cb90,1faee5670542865e021595151379fe5c,SO70639,5,WB-H098,1,5,3f72b837978dcd042b73e7270f11a4ca
18067,fd5ba6fdeb81e07b2caf0b103489bd8d,e871b36e68b0b3d0af9c742d81fef27a,SO70986,4590,BK-M68B-46,2,4590,17520f5649fab40fb66771362888cb90
18067,fd5ba6fdeb81e07b2caf0b103489bd8d,e871b36e68b0b3d0af9c742d81fef27a,SO70986,22,FE-6654,1,22,17520f5649fab40fb66771362888cb90
18067,fd5ba6fdeb81e07b2caf0b103489bd8d,e871b36e68b0b3d0af9c742d81fef27a,SO70986,64,VE-C304-M,1,64,17520f5649fab40fb66771362888cb90
18068,1faee5670542865e021595151379fe5c,e5114f65ece65e14e7b721dab1e674e0,SO69761,4640,BK-M68S-38,2,4640,83d1ed00595e79ee5ea3797e97970fe8
18068,1faee5670542865e021595151379fe5c,e5114f65ece65e14e7b721dab1e674e0,SO69761,120,RA-H123,1,120,83d1ed00595e79ee5ea3797e97970fe8
18069,0149f124a48640c62d90840ac5760331,4555f65c4664801d78b9f5477f89d8fd,SO63384,5,WB-H098,1,5,870bd4f3713260418e4f342f31dc7e33
18070,08ff55594d8ca57b756a1953f77ebc89,54d3ba66c5e71d3112695b882ca2030e,SO74955,5,WB-H098,1,5,12092303778fcfa88ed7d284b74c6a6a
18071,40ff348468b73116a7077c246985e0bf,a2c49941411089cb2a9cbf78cb803c26,SO56774,64,VE-C304-S,1,64,830e779850b1d58733a7ad711bf6b83f
18071,40ff348468b73116a7077c246985e0bf,a2c49941411089cb2a9cbf78cb803c26,SO56774,5,WB-H098,1,5,830e779850b1d58733a7ad711bf6b83f
18072,3a2f313512bb520c43971e54ba834dec,a1fedb8f5f2e08543339a5f167bee6b7,SO65907,5,WB-H098,1,5,e2f0a420a4c1a9e8e292761f835e0489
18073,5728955fc583cbfd901d0ba25cb20f92,db10519e66d9a7b809b91935ad1a696d,SO74865,27,CA-1098,3,27,01e8942a5792053a553c4612bd6c06a6
18073,5728955fc583cbfd901d0ba25cb20f92,db10519e66d9a7b809b91935ad1a696d,SO74865,5,WB-H098,1,5,01e8942a5792053a553c4612bd6c06a6
18074,95103530881768b5cfc7e33970db9cd7,2ed3972e38245b633ec6b146c2970148,SO62422,54,SJ-0194-L,1,54,305c66634c155cab2b5cc3ce00351eb1
18074,95103530881768b5cfc7e33970db9cd7,2ed3972e38245b633ec6b146c2970148,SO62422,5,WB-H098,1,5,305c66634c155cab2b5cc3ce00351eb1
18075,e871b36e68b0b3d0af9c742d81fef27a,3fe686907939d07097f6c87f08025422,SO70134,4640,BK-M68S-38,2,4640,1faee5670542865e021595151379fe5c
18075,e871b36e68b0b3d0af9c742d81fef27a,3fe686907939d07097f6c87f08025422,SO70134,105,HL-U509-R,3,105,1faee5670542865e021595151379fe5c
18075,e871b36e68b0b3d0af9c742d81fef27a,3fe686907939d07097f6c87f08025422,SO70134,35,TI-M823,1,35,1faee5670542865e021595151379fe5c
18075,e871b36e68b0b3d0af9c742d81fef27a,3fe686907939d07097f6c87f08025422,SO70134,5,TT-M928,1,5,1faee5670542865e021595151379fe5c
18076,8728a5e296f39e49d2fa74c31820e99f,66e56e10b0f528b66a45e307ecdf4774,SO69601,8,CL-9009,1,8,3fe686907939d07097f6c87f08025422
18076,8728a5e296f39e49d2fa74c31820e99f,66e56e10b0f528b66a45e307ecdf4774,SO69601,55,HY-1023-70,1,55,3fe686907939d07097f6c87f08025422
18076,8728a5e296f39e49d2fa74c31820e99f,66e56e10b0f528b66a45e307ecdf4774,SO69601,5,WB-H098,1,5,3fe686907939d07097f6c87f08025422
18077,13b7c2277967bc61802018c764b5b2a0,9c55d6518880c1abf100a24da2546368,SO74521,70,SH-W890-S,1,70,0e000451f430d2e5b745a08b4ee7836c
18077,13b7c2277967bc61802018c764b5b2a0,9c55d6518880c1abf100a24da2546368,SO74521,9,SO-R809-L,1,9,0e000451f430d2e5b745a08b4ee7836c
18077,e7df1b3ee078bdcfc260a877f321287d,4dbf892d41ae205f6e36838031cff786,SO59111,22,FE-6654,1,22,478ecc8cdaa127c33884d9f6c72c2cd5
18077,e7df1b3ee078bdcfc260a877f321287d,4dbf892d41ae205f6e36838031cff786,SO59111,48,GL-H102-S,2,48,478ecc8cdaa127c33884d9f6c72c2cd5
18077,e7df1b3ee078bdcfc260a877f321287d,4dbf892d41ae205f6e36838031cff786,SO59111,105,HL-U509,3,105,478ecc8cdaa127c33884d9f6c72c2cd5
18078,41fc4cb27e0ee552c4c9247e1a476cc5,6d338b8c41c717c4336ad0084a80dca4,SO55127,22,FE-6654,1,22,6e5c4b769f8f70f9fd01b24ba5be9695
18078,41fc4cb27e0ee552c4c9247e1a476cc5,6d338b8c41c717c4336ad0084a80dca4,SO55127,150,LJ-0192-X,3,150,6e5c4b769f8f70f9fd01b24ba5be9695
18078,b322422d9a721bbdefa133133dd407c1,07b7d2aed13a63a16377587dcc0abbe8,SO66847,27,CA-1098,3,27,2296af5563b2061aa1d88124a37eecb7
18078,b322422d9a721bbdefa133133dd407c1,07b7d2aed13a63a16377587dcc0abbe8,SO66847,150,LJ-0192-X,3,150,2296af5563b2061aa1d88124a37eecb7
18078,b322422d9a721bbdefa133133dd407c1,07b7d2aed13a63a16377587dcc0abbe8,SO66847,70,SH-W890-M,1,70,2296af5563b2061aa1d88124a37eecb7
18079,c507827aa5f4f6bbedf64058461c621b,6d1d8a1c7851eb5a946d45009cea6d9f,SO66495,1701,BK-R79Y-44,1,1701,dfcee565bb2da80a7b76451a5cd314a1
18080,6d1d8a1c7851eb5a946d45009cea6d9f,3f0c8308e4e2e5c4ddc1b7e19304f613,SO65739,1701,BK-R79Y-40,1,1701,6582aa26281b9a92ad60e6a03e274c00
18080,6d1d8a1c7851eb5a946d45009cea6d9f,3f0c8308e4e2e5c4ddc1b7e19304f613,SO65739,8,CL-9009,1,8,6582aa26281b9a92ad60e6a03e274c00
18080,6d1d8a1c7851eb5a946d45009cea6d9f,3f0c8308e4e2e5c4ddc1b7e19304f613,SO65739,25,TI-R628,1,25,6582aa26281b9a92ad60e6a03e274c00
